in s,C1 in V,C2 in V
-1.1999434E+00,1.07422E-01,8.78906E-02
-1.1999249E+00,1.66016E-01,9.76562E-03
-1.1999064E+00,1.26953E-01,6.83594E-02
-1.1998879E+00,1.46484E-01,4.88281E-02
-1.1998694E+00,1.85547E-01,2.92969E-02
-1.1998510E+00,1.46484E-01,4.88281E-02
-1.1998325E+00,1.07422E-01,8.78906E-02
-1.1998140E+00,2.05078E-01,6.83594E-02
-1.1997955E+00,1.26953E-01,2.92969E-02
-1.1997770E+00,1.66016E-01,2.92969E-02
-1.1997586E+00,1.26953E-01,2.92969E-02
-1.1997401E+00,1.85547E-01,-9.76562E-03
-1.1997216E+00,1.07422E-01,6.83594E-02
-1.1997031E+00,1.46484E-01,-4.88281E-02
-1.1996846E+00,4.88281E-02,4.88281E-02
-1.1996662E+00,1.46484E-01,-2.92969E-02
-1.1996477E+00,1.85547E-01,4.88281E-02
-1.1996292E+00,1.46484E-01,9.76562E-03
-1.1996107E+00,2.05078E-01,2.92969E-02
-1.1995922E+00,1.66016E-01,9.76562E-03
-1.1995738E+00,1.46484E-01,2.92969E-02
-1.1995553E+00,1.46484E-01,-4.88281E-02
-1.1995368E+00,1.26953E-01,4.88281E-02
-1.1995183E+00,1.85547E-01,4.88281E-02
-1.1994998E+00,1.66016E-01,9.76562E-03
-1.1994814E+00,1.46484E-01,4.88281E-02
-1.1994629E+00,8.78906E-02,9.76562E-03
-1.1994444E+00,2.63672E-01,9.76562E-03
-1.1994259E+00,2.92969E-02,4.88281E-02
-1.1994074E+00,1.46484E-01,4.88281E-02
-1.1993890E+00,1.66016E-01,4.88281E-02
-1.1993705E+00,1.07422E-01,9.76562E-03
-1.1993520E+00,1.85547E-01,9.76562E-03
-1.1993335E+00,1.66016E-01,4.88281E-02
-1.1993150E+00,1.66016E-01,4.88281E-02
-1.1992966E+00,1.66016E-01,2.92969E-02
-1.1992781E+00,8.78906E-02,9.76562E-03
-1.1992596E+00,2.24609E-01,2.92969E-02
-1.1992411E+00,6.83594E-02,4.88281E-02
-1.1992226E+00,1.66016E-01,2.92969E-02
-1.1992042E+00,1.46484E-01,6.83594E-02
-1.1991857E+00,2.05078E-01,2.92969E-02
-1.1991672E+00,1.26953E-01,4.88281E-02
-1.1991487E+00,1.46484E-01,4.88281E-02
-1.1991302E+00,1.85547E-01,9.76562E-03
-1.1991118E+00,1.26953E-01,4.88281E-02
-1.1990933E+00,1.46484E-01,2.92969E-02
-1.1990748E+00,1.46484E-01,4.88281E-02
-1.1990563E+00,1.26953E-01,4.88281E-02
-1.1990378E+00,1.66016E-01,9.76562E-03
-1.1990194E+00,6.83594E-02,9.76562E-03
-1.1990009E+00,1.66016E-01,2.92969E-02
-1.1989824E+00,1.07422E-01,4.88281E-02
-1.1989639E+00,1.26953E-01,4.88281E-02
-1.1989454E+00,1.26953E-01,4.88281E-02
-1.1989270E+00,2.24609E-01,2.92969E-02
-1.1989085E+00,1.07422E-01,4.88281E-02
-1.1988900E+00,1.85547E-01,-2.92969E-02
-1.1988715E+00,1.26953E-01,2.92969E-02
-1.1988530E+00,1.46484E-01,-2.92969E-02
-1.1988346E+00,1.66016E-01,1.26953E-01
-1.1988161E+00,1.85547E-01,6.83594E-02
-1.1987976E+00,1.46484E-01,1.07422E-01
-1.1987791E+00,2.24609E-01,9.76562E-03
-1.1987606E+00,8.78906E-02,2.92969E-02
-1.1987422E+00,1.66016E-01,9.76562E-03
-1.1987237E+00,1.46484E-01,4.88281E-02
-1.1987052E+00,1.26953E-01,2.92969E-02
-1.1986867E+00,1.26953E-01,4.88281E-02
-1.1986682E+00,2.05078E-01,-6.83594E-02
-1.1986498E+00,1.26953E-01,2.92969E-02
-1.1986313E+00,2.44141E-01,9.76562E-03
-1.1986128E+00,6.83594E-02,6.83594E-02
-1.1985943E+00,1.66016E-01,-9.76562E-03
-1.1985758E+00,8.78906E-02,2.92969E-02
-1.1985574E+00,2.05078E-01,2.92969E-02
-1.1985389E+00,1.07422E-01,4.88281E-02
-1.1985204E+00,1.46484E-01,-2.92969E-02
-1.1985019E+00,6.83594E-02,4.88281E-02
-1.1984834E+00,2.05078E-01,9.76562E-03
-1.1984650E+00,1.85547E-01,2.92969E-02
-1.1984465E+00,1.66016E-01,4.88281E-02
-1.1984280E+00,2.24609E-01,4.88281E-02
-1.1984095E+00,1.85547E-01,-9.76562E-03
-1.1983910E+00,1.26953E-01,9.76562E-03
-1.1983726E+00,1.46484E-01,4.88281E-02
-1.1983541E+00,2.92969E-02,4.88281E-02
-1.1983356E+00,2.05078E-01,2.92969E-02
-1.1983171E+00,1.46484E-01,6.83594E-02
-1.1982986E+00,1.66016E-01,-9.76562E-03
-1.1982802E+00,1.26953E-01,6.83594E-02
-1.1982617E+00,2.05078E-01,4.88281E-02
-1.1982432E+00,1.46484E-01,1.07422E-01
-1.1982247E+00,1.07422E-01,9.76562E-03
-1.1982062E+00,1.66016E-01,6.83594E-02
-1.1981878E+00,1.46484E-01,-2.92969E-02
-1.1981693E+00,1.46484E-01,6.83594E-02
-1.1981508E+00,1.26953E-01,4.88281E-02
-1.1981323E+00,1.07422E-01,9.76562E-03
-1.1981138E+00,1.46484E-01,4.88281E-02
-1.1980954E+00,1.46484E-01,-9.76562E-03
-1.1980769E+00,2.05078E-01,9.76562E-03
-1.1980584E+00,1.07422E-01,4.88281E-02
-1.1980399E+00,8.78906E-02,-2.92969E-02
-1.1980214E+00,1.46484E-01,1.26953E-01
-1.1980030E+00,1.26953E-01,-2.92969E-02
-1.1979845E+00,1.85547E-01,1.46484E-01
-1.1979660E+00,1.85547E-01,-9.76562E-03
-1.1979475E+00,1.26953E-01,2.92969E-02
-1.1979290E+00,1.85547E-01,2.92969E-02
-1.1979106E+00,1.46484E-01,9.76562E-03
-1.1978921E+00,1.46484E-01,9.76562E-03
-1.1978736E+00,1.46484E-01,9.76562E-03
-1.1978551E+00,1.46484E-01,9.76562E-03
-1.1978366E+00,6.83594E-02,2.92969E-02
-1.1978182E+00,1.26953E-01,4.88281E-02
-1.1977997E+00,1.26953E-01,2.92969E-02
-1.1977812E+00,1.46484E-01,9.76562E-03
-1.1977627E+00,1.26953E-01,2.92969E-02
-1.1977442E+00,1.66016E-01,4.88281E-02
-1.1977258E+00,6.83594E-02,9.76562E-03
-1.1977073E+00,2.44141E-01,9.76562E-03
-1.1976888E+00,1.26953E-01,8.78906E-02
-1.1976703E+00,6.83594E-02,-9.76562E-03
-1.1976518E+00,1.46484E-01,9.76562E-03
-1.1976334E+00,1.07422E-01,-9.76562E-03
-1.1976149E+00,1.26953E-01,6.83594E-02
-1.1975964E+00,1.46484E-01,4.88281E-02
-1.1975779E+00,1.26953E-01,6.83594E-02
-1.1975594E+00,1.07422E-01,2.92969E-02
-1.1975410E+00,1.85547E-01,9.76562E-03
-1.1975225E+00,1.46484E-01,-9.76562E-03
-1.1975040E+00,1.26953E-01,2.92969E-02
-1.1974855E+00,1.07422E-01,2.92969E-02
-1.1974670E+00,1.46484E-01,2.92969E-02
-1.1974486E+00,1.46484E-01,9.76562E-03
-1.1974301E+00,1.46484E-01,9.76562E-03
-1.1974116E+00,2.24609E-01,-2.92969E-02
-1.1973931E+00,6.83594E-02,4.88281E-02
-1.1973746E+00,2.44141E-01,9.76562E-03
-1.1973562E+00,1.46484E-01,1.26953E-01
-1.1973377E+00,2.05078E-01,9.76562E-03
-1.1973192E+00,8.78906E-02,9.76562E-03
-1.1973007E+00,2.05078E-01,2.92969E-02
-1.1972822E+00,1.26953E-01,4.88281E-02
-1.1972638E+00,2.05078E-01,4.88281E-02
-1.1972453E+00,6.83594E-02,4.88281E-02
-1.1972268E+00,1.26953E-01,4.88281E-02
-1.1972083E+00,1.07422E-01,2.92969E-02
-1.1971898E+00,1.46484E-01,-2.92969E-02
-1.1971714E+00,8.78906E-02,-2.92969E-02
-1.1971529E+00,8.78906E-02,9.76562E-03
-1.1971344E+00,1.46484E-01,2.92969E-02
-1.1971159E+00,1.26953E-01,4.88281E-02
-1.1970974E+00,1.46484E-01,1.26953E-01
-1.1970790E+00,1.66016E-01,6.83594E-02
-1.1970605E+00,1.46484E-01,1.26953E-01
-1.1970420E+00,1.46484E-01,9.76562E-03
-1.1970235E+00,1.26953E-01,9.76562E-03
-1.1970050E+00,1.46484E-01,2.92969E-02
-1.1969866E+00,1.07422E-01,4.88281E-02
-1.1969681E+00,1.85547E-01,-2.92969E-02
-1.1969496E+00,1.46484E-01,4.88281E-02
-1.1969311E+00,2.05078E-01,-2.92969E-02
-1.1969126E+00,1.46484E-01,4.88281E-02
-1.1968942E+00,1.07422E-01,2.92969E-02
-1.1968757E+00,1.26953E-01,6.83594E-02
-1.1968572E+00,1.46484E-01,-4.88281E-02
-1.1968387E+00,1.46484E-01,4.88281E-02
-1.1968202E+00,1.46484E-01,2.92969E-02
-1.1968018E+00,1.07422E-01,4.88281E-02
-1.1967833E+00,1.46484E-01,9.76562E-03
-1.1967648E+00,8.78906E-02,2.92969E-02
-1.1967463E+00,1.85547E-01,2.92969E-02
-1.1967278E+00,1.46484E-01,6.83594E-02
-1.1967094E+00,2.44141E-01,9.76562E-03
-1.1966909E+00,1.07422E-01,9.76562E-03
-1.1966724E+00,2.05078E-01,9.76562E-03
-1.1966539E+00,1.07422E-01,9.76562E-03
-1.1966354E+00,1.07422E-01,2.92969E-02
-1.1966170E+00,1.46484E-01,6.83594E-02
-1.1965985E+00,1.46484E-01,9.76562E-03
-1.1965800E+00,6.83594E-02,6.83594E-02
-1.1965615E+00,1.46484E-01,2.92969E-02
-1.1965430E+00,2.92969E-02,4.88281E-02
-1.1965246E+00,1.46484E-01,2.92969E-02
-1.1965061E+00,1.26953E-01,4.88281E-02
-1.1964876E+00,1.46484E-01,6.83594E-02
-1.1964691E+00,1.66016E-01,4.88281E-02
-1.1964506E+00,2.05078E-01,9.76562E-03
-1.1964322E+00,1.66016E-01,6.83594E-02
-1.1964137E+00,2.05078E-01,4.88281E-02
-1.1963952E+00,8.78906E-02,4.88281E-02
-1.1963767E+00,8.78906E-02,9.76562E-03
-1.1963582E+00,1.46484E-01,-9.76562E-03
-1.1963398E+00,1.85547E-01,2.92969E-02
-1.1963213E+00,2.24609E-01,4.88281E-02
-1.1963028E+00,1.46484E-01,4.88281E-02
-1.1962843E+00,1.46484E-01,8.78906E-02
-1.1962658E+00,1.07422E-01,9.76562E-03
-1.1962474E+00,2.92969E-02,4.88281E-02
-1.1962289E+00,1.46484E-01,9.76562E-03
-1.1962104E+00,1.26953E-01,6.83594E-02
-1.1961919E+00,1.85547E-01,6.83594E-02
-1.1961734E+00,1.07422E-01,9.76562E-03
-1.1961550E+00,2.05078E-01,-2.92969E-02
-1.1961365E+00,8.78906E-02,9.76562E-03
-1.1961180E+00,1.85547E-01,2.92969E-02
-1.1960995E+00,1.26953E-01,1.07422E-01
-1.1960810E+00,1.46484E-01,9.76562E-03
-1.1960626E+00,1.26953E-01,9.76562E-03
-1.1960441E+00,1.46484E-01,9.76562E-03
-1.1960256E+00,1.46484E-01,-9.76562E-03
-1.1960071E+00,1.46484E-01,9.76562E-03
-1.1959886E+00,1.46484E-01,6.83594E-02
-1.1959702E+00,1.66016E-01,9.76562E-03
-1.1959517E+00,1.46484E-01,2.92969E-02
-1.1959332E+00,2.05078E-01,2.92969E-02
-1.1959147E+00,2.24609E-01,6.83594E-02
-1.1958962E+00,1.46484E-01,9.76562E-03
-1.1958778E+00,6.83594E-02,9.76562E-03
-1.1958593E+00,1.46484E-01,-9.76562E-03
-1.1958408E+00,2.05078E-01,-2.92969E-02
-1.1958223E+00,2.05078E-01,9.76562E-03
-1.1958038E+00,1.46484E-01,6.83594E-02
-1.1957854E+00,1.66016E-01,9.76562E-03
-1.1957669E+00,1.07422E-01,6.83594E-02
-1.1957484E+00,1.66016E-01,9.76562E-03
-1.1957299E+00,1.85547E-01,9.76562E-03
-1.1957114E+00,1.46484E-01,9.76562E-03
-1.1956930E+00,1.26953E-01,4.88281E-02
-1.1956745E+00,1.66016E-01,9.76562E-03
-1.1956560E+00,1.85547E-01,9.76562E-03
-1.1956375E+00,1.66016E-01,9.76562E-03
-1.1956190E+00,8.78906E-02,2.92969E-02
-1.1956006E+00,2.05078E-01,4.88281E-02
-1.1955821E+00,1.26953E-01,2.92969E-02
-1.1955636E+00,2.05078E-01,6.83594E-02
-1.1955451E+00,1.85547E-01,2.92969E-02
-1.1955266E+00,1.85547E-01,-9.76562E-03
-1.1955082E+00,1.66016E-01,1.07422E-01
-1.1954897E+00,2.05078E-01,-2.92969E-02
-1.1954712E+00,1.07422E-01,2.92969E-02
-1.1954527E+00,2.24609E-01,9.76562E-03
-1.1954342E+00,1.85547E-01,6.83594E-02
-1.1954158E+00,2.05078E-01,-9.76562E-03
-1.1953973E+00,6.83594E-02,9.76562E-03
-1.1953788E+00,1.26953E-01,4.88281E-02
-1.1953603E+00,1.26953E-01,4.88281E-02
-1.1953418E+00,1.46484E-01,9.76562E-03
-1.1953234E+00,1.46484E-01,8.78906E-02
-1.1953049E+00,1.66016E-01,4.88281E-02
-1.1952864E+00,1.07422E-01,4.88281E-02
-1.1952679E+00,8.78906E-02,4.88281E-02
-1.1952494E+00,1.07422E-01,2.92969E-02
-1.1952310E+00,2.24609E-01,-2.92969E-02
-1.1952125E+00,1.26953E-01,4.88281E-02
-1.1951940E+00,1.46484E-01,4.88281E-02
-1.1951755E+00,1.26953E-01,6.83594E-02
-1.1951570E+00,1.07422E-01,4.88281E-02
-1.1951386E+00,1.85547E-01,4.88281E-02
-1.1951201E+00,1.46484E-01,2.92969E-02
-1.1951016E+00,1.26953E-01,9.76562E-03
-1.1950831E+00,1.85547E-01,-2.92969E-02
-1.1950646E+00,1.26953E-01,2.92969E-02
-1.1950462E+00,1.85547E-01,2.92969E-02
-1.1950277E+00,1.07422E-01,2.92969E-02
-1.1950092E+00,1.07422E-01,2.92969E-02
-1.1949907E+00,1.85547E-01,-9.76562E-03
-1.1949722E+00,1.85547E-01,9.76562E-03
-1.1949538E+00,4.88281E-02,4.88281E-02
-1.1949353E+00,1.46484E-01,9.76562E-03
-1.1949168E+00,1.85547E-01,2.92969E-02
-1.1948983E+00,1.66016E-01,9.76562E-03
-1.1948798E+00,1.07422E-01,4.88281E-02
-1.1948614E+00,2.05078E-01,8.78906E-02
-1.1948429E+00,4.88281E-02,6.83594E-02
-1.1948244E+00,1.66016E-01,-9.76562E-03
-1.1948059E+00,1.85547E-01,6.83594E-02
-1.1947874E+00,1.85547E-01,-9.76562E-03
-1.1947690E+00,1.26953E-01,2.92969E-02
-1.1947505E+00,1.66016E-01,9.76562E-03
-1.1947320E+00,1.46484E-01,4.88281E-02
-1.1947135E+00,1.46484E-01,-9.76562E-03
-1.1946950E+00,1.85547E-01,4.88281E-02
-1.1946766E+00,2.63672E-01,2.92969E-02
-1.1946581E+00,8.78906E-02,4.88281E-02
-1.1946396E+00,1.85547E-01,4.88281E-02
-1.1946211E+00,6.83594E-02,6.83594E-02
-1.1946026E+00,2.05078E-01,4.88281E-02
-1.1945842E+00,1.26953E-01,2.92969E-02
-1.1945657E+00,2.44141E-01,-2.92969E-02
-1.1945472E+00,1.85547E-01,6.83594E-02
-1.1945287E+00,2.05078E-01,9.76562E-03
-1.1945102E+00,1.46484E-01,6.83594E-02
-1.1944918E+00,1.26953E-01,-9.76562E-03
-1.1944733E+00,1.66016E-01,2.92969E-02
-1.1944548E+00,1.46484E-01,-9.76562E-03
-1.1944363E+00,1.85547E-01,8.78906E-02
-1.1944178E+00,2.05078E-01,4.88281E-02
-1.1943994E+00,1.66016E-01,6.83594E-02
-1.1943809E+00,2.05078E-01,4.88281E-02
-1.1943624E+00,1.85547E-01,2.92969E-02
-1.1943439E+00,1.26953E-01,9.76562E-03
-1.1943254E+00,1.26953E-01,6.83594E-02
-1.1943070E+00,1.46484E-01,9.76562E-03
-1.1942885E+00,1.66016E-01,2.92969E-02
-1.1942700E+00,2.05078E-01,9.76562E-03
-1.1942515E+00,1.46484E-01,4.88281E-02
-1.1942330E+00,2.24609E-01,-2.92969E-02
-1.1942146E+00,1.26953E-01,2.92969E-02
-1.1941961E+00,1.85547E-01,9.76562E-03
-1.1941776E+00,1.26953E-01,6.83594E-02
-1.1941591E+00,1.46484E-01,-2.92969E-02
-1.1941406E+00,1.07422E-01,9.76562E-03
-1.1941222E+00,1.66016E-01,2.92969E-02
-1.1941037E+00,1.66016E-01,4.88281E-02
-1.1940852E+00,2.24609E-01,-9.76562E-03
-1.1940667E+00,1.26953E-01,6.83594E-02
-1.1940482E+00,1.66016E-01,9.76562E-03
-1.1940298E+00,1.85547E-01,4.88281E-02
-1.1940113E+00,2.05078E-01,-9.76562E-03
-1.1939928E+00,1.07422E-01,8.78906E-02
-1.1939743E+00,2.05078E-01,9.76562E-03
-1.1939558E+00,1.07422E-01,-2.92969E-02
-1.1939374E+00,2.24609E-01,9.76562E-03
-1.1939189E+00,1.66016E-01,-4.88281E-02
-1.1939004E+00,2.05078E-01,4.88281E-02
-1.1938819E+00,8.78906E-02,9.76562E-03
-1.1938634E+00,1.66016E-01,2.92969E-02
-1.1938450E+00,1.85547E-01,8.78906E-02
-1.1938265E+00,1.85547E-01,4.88281E-02
-1.1938080E+00,1.26953E-01,6.83594E-02
-1.1937895E+00,2.05078E-01,-9.76562E-03
-1.1937710E+00,1.07422E-01,9.76562E-03
-1.1937526E+00,1.46484E-01,-9.76562E-03
-1.1937341E+00,1.46484E-01,4.88281E-02
-1.1937156E+00,2.05078E-01,4.88281E-02
-1.1936971E+00,1.46484E-01,2.92969E-02
-1.1936786E+00,2.05078E-01,4.88281E-02
-1.1936602E+00,1.66016E-01,6.83594E-02
-1.1936417E+00,1.85547E-01,2.92969E-02
-1.1936232E+00,1.66016E-01,2.92969E-02
-1.1936047E+00,1.66016E-01,9.76562E-03
-1.1935862E+00,1.85547E-01,1.07422E-01
-1.1935678E+00,1.66016E-01,4.88281E-02
-1.1935493E+00,2.24609E-01,9.76562E-03
-1.1935308E+00,1.46484E-01,9.76562E-03
-1.1935123E+00,2.05078E-01,2.92969E-02
-1.1934938E+00,1.85547E-01,4.88281E-02
-1.1934754E+00,1.66016E-01,-2.92969E-02
-1.1934569E+00,1.66016E-01,4.88281E-02
-1.1934384E+00,6.83594E-02,2.92969E-02
-1.1934199E+00,2.05078E-01,4.88281E-02
-1.1934014E+00,1.07422E-01,4.88281E-02
-1.1933830E+00,1.66016E-01,9.76562E-03
-1.1933645E+00,1.66016E-01,-2.92969E-02
-1.1933460E+00,1.46484E-01,-9.76562E-03
-1.1933275E+00,1.26953E-01,2.92969E-02
-1.1933090E+00,2.05078E-01,9.76562E-03
-1.1932906E+00,1.26953E-01,4.88281E-02
-1.1932721E+00,2.05078E-01,9.76562E-03
-1.1932536E+00,1.26953E-01,2.92969E-02
-1.1932351E+00,2.24609E-01,9.76562E-03
-1.1932166E+00,1.26953E-01,4.88281E-02
-1.1931982E+00,1.46484E-01,9.76562E-03
-1.1931797E+00,1.66016E-01,6.83594E-02
-1.1931612E+00,1.66016E-01,9.76562E-03
-1.1931427E+00,6.83594E-02,6.83594E-02
-1.1931242E+00,2.44141E-01,-2.92969E-02
-1.1931058E+00,1.66016E-01,4.88281E-02
-1.1930873E+00,2.05078E-01,9.76562E-03
-1.1930688E+00,1.46484E-01,6.83594E-02
-1.1930503E+00,1.85547E-01,9.76562E-03
-1.1930318E+00,1.26953E-01,6.83594E-02
-1.1930134E+00,1.85547E-01,9.76562E-03
-1.1929949E+00,1.46484E-01,6.83594E-02
-1.1929764E+00,1.46484E-01,4.88281E-02
-1.1929579E+00,1.26953E-01,2.92969E-02
-1.1929394E+00,2.05078E-01,-9.76562E-03
-1.1929210E+00,1.66016E-01,4.88281E-02
-1.1929025E+00,1.66016E-01,4.88281E-02
-1.1928840E+00,1.26953E-01,6.83594E-02
-1.1928655E+00,1.66016E-01,2.92969E-02
-1.1928470E+00,1.46484E-01,1.26953E-01
-1.1928286E+00,2.05078E-01,-2.92969E-02
-1.1928101E+00,1.07422E-01,6.83594E-02
-1.1927916E+00,1.46484E-01,6.83594E-02
-1.1927731E+00,1.66016E-01,4.88281E-02
-1.1927546E+00,1.26953E-01,2.92969E-02
-1.1927362E+00,1.46484E-01,4.88281E-02
-1.1927177E+00,2.24609E-01,-9.76562E-03
-1.1926992E+00,1.07422E-01,6.83594E-02
-1.1926807E+00,1.66016E-01,-9.76562E-03
-1.1926622E+00,1.26953E-01,9.76562E-03
-1.1926438E+00,2.24609E-01,4.88281E-02
-1.1926253E+00,1.85547E-01,9.76562E-03
-1.1926068E+00,1.46484E-01,2.92969E-02
-1.1925883E+00,1.26953E-01,6.83594E-02
-1.1925698E+00,1.46484E-01,4.88281E-02
-1.1925514E+00,1.85547E-01,4.88281E-02
-1.1925329E+00,1.07422E-01,6.83594E-02
-1.1925144E+00,1.85547E-01,4.88281E-02
-1.1924959E+00,2.44141E-01,4.88281E-02
-1.1924774E+00,1.46484E-01,4.88281E-02
-1.1924590E+00,1.66016E-01,2.92969E-02
-1.1924405E+00,1.85547E-01,2.92969E-02
-1.1924220E+00,1.85547E-01,9.76562E-03
-1.1924035E+00,1.26953E-01,4.88281E-02
-1.1923850E+00,1.85547E-01,6.83594E-02
-1.1923666E+00,1.26953E-01,-9.76562E-03
-1.1923481E+00,2.05078E-01,9.76562E-03
-1.1923296E+00,1.46484E-01,9.76562E-03
-1.1923111E+00,2.05078E-01,2.92969E-02
-1.1922926E+00,1.26953E-01,4.88281E-02
-1.1922742E+00,1.46484E-01,9.76562E-03
-1.1922557E+00,2.24609E-01,1.26953E-01
-1.1922372E+00,1.46484E-01,9.76562E-03
-1.1922187E+00,1.46484E-01,4.88281E-02
-1.1922002E+00,2.05078E-01,-9.76562E-03
-1.1921818E+00,1.85547E-01,2.92969E-02
-1.1921633E+00,1.85547E-01,9.76562E-03
-1.1921448E+00,1.26953E-01,4.88281E-02
-1.1921263E+00,2.63672E-01,6.83594E-02
-1.1921078E+00,1.85547E-01,2.92969E-02
-1.1920894E+00,1.85547E-01,-2.92969E-02
-1.1920709E+00,2.05078E-01,9.76562E-03
-1.1920524E+00,1.66016E-01,9.76562E-03
-1.1920339E+00,2.24609E-01,4.88281E-02
-1.1920154E+00,1.66016E-01,9.76562E-03
-1.1919970E+00,2.05078E-01,9.76562E-03
-1.1919785E+00,2.05078E-01,2.92969E-02
-1.1919600E+00,2.05078E-01,6.83594E-02
-1.1919415E+00,2.05078E-01,4.88281E-02
-1.1919230E+00,1.66016E-01,4.88281E-02
-1.1919046E+00,2.24609E-01,9.76562E-03
-1.1918861E+00,2.05078E-01,4.88281E-02
-1.1918676E+00,2.44141E-01,9.76562E-03
-1.1918491E+00,1.26953E-01,4.88281E-02
-1.1918306E+00,1.46484E-01,4.88281E-02
-1.1918122E+00,2.05078E-01,4.88281E-02
-1.1917937E+00,1.46484E-01,-9.76562E-03
-1.1917752E+00,1.66016E-01,-4.88281E-02
-1.1917567E+00,1.07422E-01,2.92969E-02
-1.1917382E+00,1.85547E-01,6.83594E-02
-1.1917198E+00,1.46484E-01,4.88281E-02
-1.1917013E+00,1.46484E-01,2.92969E-02
-1.1916828E+00,1.46484E-01,4.88281E-02
-1.1916643E+00,1.46484E-01,4.88281E-02
-1.1916458E+00,2.44141E-01,4.88281E-02
-1.1916274E+00,2.05078E-01,1.26953E-01
-1.1916089E+00,1.46484E-01,2.92969E-02
-1.1915904E+00,1.46484E-01,6.83594E-02
-1.1915719E+00,2.05078E-01,4.88281E-02
-1.1915534E+00,1.46484E-01,6.83594E-02
-1.1915350E+00,2.24609E-01,9.76562E-03
-1.1915165E+00,1.85547E-01,2.92969E-02
-1.1914980E+00,1.66016E-01,2.92969E-02
-1.1914795E+00,1.46484E-01,4.88281E-02
-1.1914610E+00,2.05078E-01,2.92969E-02
-1.1914426E+00,2.24609E-01,6.83594E-02
-1.1914241E+00,2.24609E-01,4.88281E-02
-1.1914056E+00,1.46484E-01,9.76562E-03
-1.1913871E+00,1.85547E-01,4.88281E-02
-1.1913686E+00,1.85547E-01,9.76562E-03
-1.1913502E+00,2.24609E-01,6.83594E-02
-1.1913317E+00,2.05078E-01,9.76562E-03
-1.1913132E+00,1.66016E-01,2.92969E-02
-1.1912947E+00,1.26953E-01,4.88281E-02
-1.1912762E+00,1.26953E-01,9.76562E-03
-1.1912578E+00,1.66016E-01,8.78906E-02
-1.1912393E+00,1.46484E-01,-2.92969E-02
-1.1912208E+00,1.46484E-01,4.88281E-02
-1.1912023E+00,1.85547E-01,-9.76562E-03
-1.1911838E+00,1.26953E-01,9.76562E-03
-1.1911654E+00,1.46484E-01,2.92969E-02
-1.1911469E+00,1.26953E-01,6.83594E-02
-1.1911284E+00,2.44141E-01,9.76562E-03
-1.1911099E+00,1.26953E-01,2.92969E-02
-1.1910914E+00,2.44141E-01,2.92969E-02
-1.1910730E+00,2.24609E-01,2.92969E-02
-1.1910545E+00,2.05078E-01,4.88281E-02
-1.1910360E+00,1.66016E-01,9.76562E-03
-1.1910175E+00,1.85547E-01,2.92969E-02
-1.1909990E+00,1.26953E-01,4.88281E-02
-1.1909806E+00,1.46484E-01,2.92969E-02
-1.1909621E+00,1.46484E-01,2.92969E-02
-1.1909436E+00,2.44141E-01,4.88281E-02
-1.1909251E+00,1.46484E-01,4.88281E-02
-1.1909066E+00,1.66016E-01,9.76562E-03
-1.1908882E+00,1.46484E-01,2.92969E-02
-1.1908697E+00,1.26953E-01,9.76562E-03
-1.1908512E+00,1.85547E-01,9.76562E-03
-1.1908327E+00,2.63672E-01,2.92969E-02
-1.1908142E+00,1.26953E-01,9.76562E-03
-1.1907958E+00,2.44141E-01,4.88281E-02
-1.1907773E+00,1.66016E-01,6.83594E-02
-1.1907588E+00,2.05078E-01,6.83594E-02
-1.1907403E+00,1.85547E-01,-9.76562E-03
-1.1907218E+00,1.46484E-01,4.88281E-02
-1.1907034E+00,1.07422E-01,9.76562E-03
-1.1906849E+00,2.05078E-01,-9.76562E-03
-1.1906664E+00,1.66016E-01,4.88281E-02
-1.1906479E+00,2.05078E-01,9.76562E-03
-1.1906294E+00,1.07422E-01,4.88281E-02
-1.1906110E+00,1.85547E-01,8.78906E-02
-1.1905925E+00,1.46484E-01,9.76562E-03
-1.1905740E+00,2.05078E-01,4.88281E-02
-1.1905555E+00,1.66016E-01,9.76562E-03
-1.1905370E+00,1.46484E-01,-9.76562E-03
-1.1905186E+00,1.07422E-01,6.83594E-02
-1.1905001E+00,2.05078E-01,-9.76562E-03
-1.1904816E+00,1.66016E-01,2.92969E-02
-1.1904631E+00,2.05078E-01,9.76562E-03
-1.1904446E+00,2.05078E-01,4.88281E-02
-1.1904262E+00,2.05078E-01,9.76562E-03
-1.1904077E+00,1.26953E-01,6.83594E-02
-1.1903892E+00,1.85547E-01,-2.92969E-02
-1.1903707E+00,1.07422E-01,6.83594E-02
-1.1903522E+00,1.66016E-01,2.92969E-02
-1.1903338E+00,1.66016E-01,2.92969E-02
-1.1903153E+00,3.02734E-01,6.83594E-02
-1.1902968E+00,1.85547E-01,2.92969E-02
-1.1902783E+00,1.46484E-01,-9.76562E-03
-1.1902598E+00,1.85547E-01,2.92969E-02
-1.1902414E+00,2.05078E-01,-9.76562E-03
-1.1902229E+00,1.85547E-01,6.83594E-02
-1.1902044E+00,1.85547E-01,-9.76562E-03
-1.1901859E+00,1.07422E-01,2.92969E-02
-1.1901674E+00,1.46484E-01,6.83594E-02
-1.1901490E+00,2.05078E-01,4.88281E-02
-1.1901305E+00,1.66016E-01,9.76562E-03
-1.1901120E+00,2.05078E-01,9.76562E-03
-1.1900935E+00,2.44141E-01,2.92969E-02
-1.1900750E+00,1.46484E-01,6.83594E-02
-1.1900566E+00,2.05078E-01,2.92969E-02
-1.1900381E+00,1.85547E-01,4.88281E-02
-1.1900196E+00,2.05078E-01,4.88281E-02
-1.1900011E+00,1.66016E-01,4.88281E-02
-1.1899826E+00,2.24609E-01,2.92969E-02
-1.1899642E+00,8.78906E-02,9.76562E-03
-1.1899457E+00,2.44141E-01,6.83594E-02
-1.1899272E+00,2.44141E-01,4.88281E-02
-1.1899087E+00,1.46484E-01,-4.88281E-02
-1.1898902E+00,1.26953E-01,2.92969E-02
-1.1898718E+00,1.46484E-01,4.88281E-02
-1.1898533E+00,1.85547E-01,6.83594E-02
-1.1898348E+00,2.24609E-01,4.88281E-02
-1.1898163E+00,1.26953E-01,2.92969E-02
-1.1897978E+00,2.05078E-01,6.83594E-02
-1.1897794E+00,1.07422E-01,-4.88281E-02
-1.1897609E+00,1.46484E-01,2.92969E-02
-1.1897424E+00,1.26953E-01,9.76562E-03
-1.1897239E+00,2.05078E-01,9.76562E-03
-1.1897054E+00,1.66016E-01,6.83594E-02
-1.1896870E+00,2.05078E-01,6.83594E-02
-1.1896685E+00,1.26953E-01,6.83594E-02
-1.1896500E+00,2.05078E-01,8.78906E-02
-1.1896315E+00,1.85547E-01,2.92969E-02
-1.1896130E+00,1.85547E-01,6.83594E-02
-1.1895946E+00,2.24609E-01,4.88281E-02
-1.1895761E+00,2.24609E-01,4.88281E-02
-1.1895576E+00,2.24609E-01,4.88281E-02
-1.1895391E+00,1.66016E-01,4.88281E-02
-1.1895206E+00,1.46484E-01,4.88281E-02
-1.1895022E+00,2.24609E-01,2.92969E-02
-1.1894837E+00,1.66016E-01,2.92969E-02
-1.1894652E+00,1.85547E-01,-2.92969E-02
-1.1894467E+00,8.78906E-02,4.88281E-02
-1.1894282E+00,2.05078E-01,9.76562E-03
-1.1894098E+00,1.85547E-01,6.83594E-02
-1.1893913E+00,2.24609E-01,2.92969E-02
-1.1893728E+00,1.66016E-01,9.76562E-03
-1.1893543E+00,1.46484E-01,-2.92969E-02
-1.1893358E+00,1.85547E-01,2.92969E-02
-1.1893174E+00,1.26953E-01,6.83594E-02
-1.1892989E+00,1.46484E-01,9.76562E-03
-1.1892804E+00,2.05078E-01,-9.76562E-03
-1.1892619E+00,1.07422E-01,9.76562E-03
-1.1892434E+00,2.63672E-01,9.76562E-03
-1.1892250E+00,2.05078E-01,2.92969E-02
-1.1892065E+00,2.24609E-01,-9.76562E-03
-1.1891880E+00,1.66016E-01,4.88281E-02
-1.1891695E+00,1.85547E-01,2.92969E-02
-1.1891510E+00,6.83594E-02,-2.92969E-02
-1.1891326E+00,2.44141E-01,-2.92969E-02
-1.1891141E+00,1.66016E-01,6.83594E-02
-1.1890956E+00,2.05078E-01,-9.76562E-03
-1.1890771E+00,1.46484E-01,2.92969E-02
-1.1890586E+00,1.46484E-01,-9.76562E-03
-1.1890402E+00,1.85547E-01,4.88281E-02
-1.1890217E+00,1.85547E-01,4.88281E-02
-1.1890032E+00,1.66016E-01,2.92969E-02
-1.1889847E+00,2.05078E-01,2.92969E-02
-1.1889662E+00,1.46484E-01,4.88281E-02
-1.1889478E+00,2.05078E-01,9.76562E-03
-1.1889293E+00,1.66016E-01,4.88281E-02
-1.1889108E+00,2.05078E-01,6.83594E-02
-1.1888923E+00,1.07422E-01,1.07422E-01
-1.1888738E+00,2.24609E-01,4.88281E-02
-1.1888554E+00,1.66016E-01,6.83594E-02
-1.1888369E+00,1.46484E-01,-9.76562E-03
-1.1888184E+00,2.24609E-01,2.92969E-02
-1.1887999E+00,2.05078E-01,4.88281E-02
-1.1887814E+00,1.46484E-01,4.88281E-02
-1.1887630E+00,2.44141E-01,9.76562E-03
-1.1887445E+00,1.26953E-01,6.83594E-02
-1.1887260E+00,2.05078E-01,2.92969E-02
-1.1887075E+00,1.46484E-01,2.92969E-02
-1.1886890E+00,2.05078E-01,9.76562E-03
-1.1886706E+00,2.44141E-01,9.76562E-03
-1.1886521E+00,1.85547E-01,4.88281E-02
-1.1886336E+00,1.85547E-01,9.76562E-03
-1.1886151E+00,2.24609E-01,2.92969E-02
-1.1885966E+00,1.46484E-01,9.76562E-03
-1.1885782E+00,1.85547E-01,9.76562E-03
-1.1885597E+00,1.46484E-01,4.88281E-02
-1.1885412E+00,2.24609E-01,9.76562E-03
-1.1885227E+00,2.44141E-01,9.76562E-03
-1.1885042E+00,2.24609E-01,9.76562E-03
-1.1884858E+00,1.85547E-01,9.76562E-03
-1.1884673E+00,2.24609E-01,9.76562E-03
-1.1884488E+00,2.05078E-01,6.83594E-02
-1.1884303E+00,2.05078E-01,6.83594E-02
-1.1884118E+00,2.24609E-01,4.88281E-02
-1.1883934E+00,1.46484E-01,9.76562E-03
-1.1883749E+00,1.46484E-01,-9.76562E-03
-1.1883564E+00,1.66016E-01,9.76562E-03
-1.1883379E+00,1.85547E-01,6.83594E-02
-1.1883194E+00,2.24609E-01,-9.76562E-03
-1.1883010E+00,1.85547E-01,8.78906E-02
-1.1882825E+00,1.46484E-01,2.92969E-02
-1.1882640E+00,1.26953E-01,8.78906E-02
-1.1882455E+00,2.44141E-01,9.76562E-03
-1.1882270E+00,1.66016E-01,2.92969E-02
-1.1882086E+00,2.05078E-01,2.92969E-02
-1.1881901E+00,2.05078E-01,6.83594E-02
-1.1881716E+00,2.63672E-01,2.92969E-02
-1.1881531E+00,1.26953E-01,2.92969E-02
-1.1881346E+00,2.05078E-01,9.76562E-03
-1.1881162E+00,1.85547E-01,6.83594E-02
-1.1880977E+00,1.66016E-01,-2.92969E-02
-1.1880792E+00,1.46484E-01,4.88281E-02
-1.1880607E+00,2.24609E-01,-4.88281E-02
-1.1880422E+00,2.24609E-01,-2.92969E-02
-1.1880238E+00,2.44141E-01,2.92969E-02
-1.1880053E+00,2.24609E-01,6.83594E-02
-1.1879868E+00,2.05078E-01,4.88281E-02
-1.1879683E+00,2.24609E-01,4.88281E-02
-1.1879498E+00,1.46484E-01,6.83594E-02
-1.1879314E+00,2.05078E-01,6.83594E-02
-1.1879129E+00,2.05078E-01,9.76562E-03
-1.1878944E+00,1.46484E-01,6.83594E-02
-1.1878759E+00,1.66016E-01,2.92969E-02
-1.1878574E+00,2.05078E-01,4.88281E-02
-1.1878390E+00,2.24609E-01,2.92969E-02
-1.1878205E+00,1.85547E-01,4.88281E-02
-1.1878020E+00,2.63672E-01,6.83594E-02
-1.1877835E+00,1.66016E-01,4.88281E-02
-1.1877650E+00,2.05078E-01,-9.76562E-03
-1.1877466E+00,1.85547E-01,2.92969E-02
-1.1877281E+00,1.85547E-01,9.76562E-03
-1.1877096E+00,1.66016E-01,2.92969E-02
-1.1876911E+00,1.85547E-01,4.88281E-02
-1.1876726E+00,1.46484E-01,4.88281E-02
-1.1876542E+00,1.66016E-01,9.76562E-03
-1.1876357E+00,1.07422E-01,6.83594E-02
-1.1876172E+00,2.05078E-01,2.92969E-02
-1.1875987E+00,1.46484E-01,-6.83594E-02
-1.1875802E+00,1.46484E-01,9.76562E-03
-1.1875618E+00,1.66016E-01,9.76562E-03
-1.1875433E+00,2.63672E-01,-2.92969E-02
-1.1875248E+00,1.26953E-01,2.92969E-02
-1.1875063E+00,2.63672E-01,2.92969E-02
-1.1874878E+00,1.66016E-01,4.88281E-02
-1.1874694E+00,2.44141E-01,4.88281E-02
-1.1874509E+00,1.66016E-01,8.78906E-02
-1.1874324E+00,1.46484E-01,2.92969E-02
-1.1874139E+00,1.46484E-01,6.83594E-02
-1.1873954E+00,2.05078E-01,-9.76562E-03
-1.1873770E+00,1.85547E-01,4.88281E-02
-1.1873585E+00,2.05078E-01,9.76562E-03
-1.1873400E+00,1.85547E-01,4.88281E-02
-1.1873215E+00,1.66016E-01,9.76562E-03
-1.1873030E+00,1.85547E-01,2.92969E-02
-1.1872846E+00,1.85547E-01,4.88281E-02
-1.1872661E+00,1.66016E-01,6.83594E-02
-1.1872476E+00,1.85547E-01,9.76562E-03
-1.1872291E+00,1.85547E-01,4.88281E-02
-1.1872106E+00,3.02734E-01,2.92969E-02
-1.1871922E+00,1.26953E-01,4.88281E-02
-1.1871737E+00,2.63672E-01,-9.76562E-03
-1.1871552E+00,1.66016E-01,6.83594E-02
-1.1871367E+00,1.46484E-01,6.83594E-02
-1.1871182E+00,2.24609E-01,9.76562E-03
-1.1870998E+00,2.05078E-01,9.76562E-03
-1.1870813E+00,1.46484E-01,6.83594E-02
-1.1870628E+00,2.05078E-01,9.76562E-03
-1.1870443E+00,1.66016E-01,4.88281E-02
-1.1870258E+00,2.05078E-01,9.76562E-03
-1.1870074E+00,1.85547E-01,4.88281E-02
-1.1869889E+00,2.05078E-01,-9.76562E-03
-1.1869704E+00,1.46484E-01,6.83594E-02
-1.1869519E+00,2.05078E-01,2.92969E-02
-1.1869334E+00,1.85547E-01,2.92969E-02
-1.1869150E+00,1.85547E-01,4.88281E-02
-1.1868965E+00,2.44141E-01,4.88281E-02
-1.1868780E+00,2.63672E-01,9.76562E-03
-1.1868595E+00,2.24609E-01,6.83594E-02
-1.1868410E+00,2.05078E-01,-2.92969E-02
-1.1868226E+00,2.05078E-01,4.88281E-02
-1.1868041E+00,2.05078E-01,8.78906E-02
-1.1867856E+00,1.66016E-01,2.92969E-02
-1.1867671E+00,1.07422E-01,4.88281E-02
-1.1867486E+00,2.44141E-01,4.88281E-02
-1.1867302E+00,1.66016E-01,4.88281E-02
-1.1867117E+00,2.05078E-01,6.83594E-02
-1.1866932E+00,1.85547E-01,6.83594E-02
-1.1866747E+00,2.24609E-01,6.83594E-02
-1.1866562E+00,1.46484E-01,4.88281E-02
-1.1866378E+00,1.66016E-01,6.83594E-02
-1.1866193E+00,2.24609E-01,9.76562E-03
-1.1866008E+00,1.85547E-01,6.83594E-02
-1.1865823E+00,1.85547E-01,9.76562E-03
-1.1865638E+00,2.24609E-01,4.88281E-02
-1.1865454E+00,2.24609E-01,2.92969E-02
-1.1865269E+00,2.44141E-01,4.88281E-02
-1.1865084E+00,2.05078E-01,2.92969E-02
-1.1864899E+00,2.83203E-01,4.88281E-02
-1.1864714E+00,1.85547E-01,-9.76562E-03
-1.1864530E+00,1.85547E-01,4.88281E-02
-1.1864345E+00,2.24609E-01,2.92969E-02
-1.1864160E+00,1.46484E-01,4.88281E-02
-1.1863975E+00,1.85547E-01,9.76562E-03
-1.1863790E+00,1.85547E-01,4.88281E-02
-1.1863606E+00,2.05078E-01,4.88281E-02
-1.1863421E+00,1.66016E-01,2.92969E-02
-1.1863236E+00,2.05078E-01,4.88281E-02
-1.1863051E+00,1.46484E-01,4.88281E-02
-1.1862866E+00,1.85547E-01,-9.76562E-03
-1.1862682E+00,2.24609E-01,9.76562E-03
-1.1862497E+00,2.24609E-01,4.88281E-02
-1.1862312E+00,2.05078E-01,6.83594E-02
-1.1862127E+00,2.24609E-01,4.88281E-02
-1.1861942E+00,2.24609E-01,4.88281E-02
-1.1861758E+00,1.46484E-01,2.92969E-02
-1.1861573E+00,1.85547E-01,4.88281E-02
-1.1861388E+00,2.44141E-01,2.92969E-02
-1.1861203E+00,1.66016E-01,4.88281E-02
-1.1861018E+00,2.05078E-01,4.88281E-02
-1.1860834E+00,2.44141E-01,2.92969E-02
-1.1860649E+00,2.05078E-01,-9.76562E-03
-1.1860464E+00,1.66016E-01,-6.83594E-02
-1.1860279E+00,2.63672E-01,6.83594E-02
-1.1860094E+00,2.44141E-01,4.88281E-02
-1.1859910E+00,1.46484E-01,4.88281E-02
-1.1859725E+00,2.44141E-01,2.92969E-02
-1.1859540E+00,1.46484E-01,8.78906E-02
-1.1859355E+00,2.05078E-01,2.92969E-02
-1.1859170E+00,1.66016E-01,4.88281E-02
-1.1858986E+00,1.26953E-01,2.92969E-02
-1.1858801E+00,2.05078E-01,9.76562E-03
-1.1858616E+00,2.05078E-01,6.83594E-02
-1.1858431E+00,2.44141E-01,-6.83594E-02
-1.1858246E+00,1.46484E-01,4.88281E-02
-1.1858062E+00,1.85547E-01,9.76562E-03
-1.1857877E+00,1.66016E-01,4.88281E-02
-1.1857692E+00,1.46484E-01,-9.76562E-03
-1.1857507E+00,1.46484E-01,2.92969E-02
-1.1857322E+00,2.44141E-01,-9.76562E-03
-1.1857138E+00,2.24609E-01,4.88281E-02
-1.1856953E+00,2.05078E-01,2.92969E-02
-1.1856768E+00,1.66016E-01,-9.76562E-03
-1.1856583E+00,2.24609E-01,-9.76562E-03
-1.1856398E+00,1.85547E-01,6.83594E-02
-1.1856214E+00,2.63672E-01,2.92969E-02
-1.1856029E+00,2.44141E-01,4.88281E-02
-1.1855844E+00,2.05078E-01,2.92969E-02
-1.1855659E+00,1.85547E-01,6.83594E-02
-1.1855474E+00,2.63672E-01,6.83594E-02
-1.1855290E+00,1.46484E-01,2.92969E-02
-1.1855105E+00,2.44141E-01,2.92969E-02
-1.1854920E+00,1.07422E-01,9.76562E-03
-1.1854735E+00,2.24609E-01,2.92969E-02
-1.1854550E+00,1.66016E-01,1.07422E-01
-1.1854366E+00,2.83203E-01,2.92969E-02
-1.1854181E+00,1.85547E-01,2.92969E-02
-1.1853996E+00,2.44141E-01,6.83594E-02
-1.1853811E+00,1.66016E-01,6.83594E-02
-1.1853626E+00,2.05078E-01,-9.76562E-03
-1.1853442E+00,2.83203E-01,2.92969E-02
-1.1853257E+00,2.24609E-01,-9.76562E-03
-1.1853072E+00,1.66016E-01,2.92969E-02
-1.1852887E+00,2.05078E-01,9.76562E-03
-1.1852702E+00,1.26953E-01,9.76562E-03
-1.1852518E+00,2.05078E-01,4.88281E-02
-1.1852333E+00,1.85547E-01,4.88281E-02
-1.1852148E+00,2.44141E-01,6.83594E-02
-1.1851963E+00,2.05078E-01,8.78906E-02
-1.1851778E+00,2.05078E-01,9.76562E-03
-1.1851594E+00,1.46484E-01,4.88281E-02
-1.1851409E+00,2.24609E-01,2.92969E-02
-1.1851224E+00,1.66016E-01,4.88281E-02
-1.1851039E+00,2.05078E-01,9.76562E-03
-1.1850854E+00,1.46484E-01,4.88281E-02
-1.1850670E+00,2.24609E-01,9.76562E-03
-1.1850485E+00,2.24609E-01,9.76562E-03
-1.1850300E+00,2.05078E-01,4.88281E-02
-1.1850115E+00,1.66016E-01,4.88281E-02
-1.1849930E+00,1.66016E-01,4.88281E-02
-1.1849746E+00,2.63672E-01,6.83594E-02
-1.1849561E+00,1.85547E-01,-9.76562E-03
-1.1849376E+00,2.05078E-01,6.83594E-02
-1.1849191E+00,2.24609E-01,9.76562E-03
-1.1849006E+00,1.26953E-01,4.88281E-02
-1.1848822E+00,2.63672E-01,-9.76562E-03
-1.1848637E+00,1.26953E-01,2.92969E-02
-1.1848452E+00,2.83203E-01,-9.76562E-03
-1.1848267E+00,1.46484E-01,8.78906E-02
-1.1848082E+00,2.44141E-01,-2.92969E-02
-1.1847898E+00,2.24609E-01,-2.92969E-02
-1.1847713E+00,1.46484E-01,9.76562E-03
-1.1847528E+00,1.26953E-01,9.76562E-03
-1.1847343E+00,2.05078E-01,-9.76562E-03
-1.1847158E+00,2.24609E-01,8.78906E-02
-1.1846974E+00,1.46484E-01,4.88281E-02
-1.1846789E+00,2.24609E-01,1.07422E-01
-1.1846604E+00,1.46484E-01,4.88281E-02
-1.1846419E+00,1.66016E-01,2.92969E-02
-1.1846234E+00,2.83203E-01,9.76562E-03
-1.1846050E+00,1.85547E-01,2.92969E-02
-1.1845865E+00,2.44141E-01,9.76562E-03
-1.1845680E+00,1.66016E-01,2.92969E-02
-1.1845495E+00,2.05078E-01,9.76562E-03
-1.1845310E+00,1.26953E-01,4.88281E-02
-1.1845126E+00,2.44141E-01,9.76562E-03
-1.1844941E+00,1.85547E-01,4.88281E-02
-1.1844756E+00,2.63672E-01,9.76562E-03
-1.1844571E+00,1.85547E-01,1.07422E-01
-1.1844386E+00,1.85547E-01,-9.76562E-03
-1.1844202E+00,1.85547E-01,6.83594E-02
-1.1844017E+00,2.24609E-01,2.92969E-02
-1.1843832E+00,2.24609E-01,4.88281E-02
-1.1843647E+00,2.05078E-01,9.76562E-03
-1.1843462E+00,1.85547E-01,4.88281E-02
-1.1843278E+00,2.44141E-01,-9.76562E-03
-1.1843093E+00,2.24609E-01,6.83594E-02
-1.1842908E+00,2.44141E-01,4.88281E-02
-1.1842723E+00,1.46484E-01,6.83594E-02
-1.1842538E+00,2.24609E-01,4.88281E-02
-1.1842354E+00,2.63672E-01,9.76562E-03
-1.1842169E+00,1.46484E-01,4.88281E-02
-1.1841984E+00,2.24609E-01,8.78906E-02
-1.1841799E+00,2.05078E-01,9.76562E-03
-1.1841614E+00,1.85547E-01,9.76562E-03
-1.1841430E+00,1.66016E-01,2.92969E-02
-1.1841245E+00,1.85547E-01,4.88281E-02
-1.1841060E+00,2.24609E-01,2.92969E-02
-1.1840875E+00,1.66016E-01,6.83594E-02
-1.1840690E+00,2.24609E-01,9.76562E-03
-1.1840506E+00,2.05078E-01,2.92969E-02
-1.1840321E+00,2.83203E-01,2.92969E-02
-1.1840136E+00,2.05078E-01,8.78906E-02
-1.1839951E+00,2.24609E-01,4.88281E-02
-1.1839766E+00,1.46484E-01,4.88281E-02
-1.1839582E+00,2.24609E-01,-9.76562E-03
-1.1839397E+00,2.05078E-01,9.76562E-03
-1.1839212E+00,2.24609E-01,8.78906E-02
-1.1839027E+00,2.44141E-01,8.78906E-02
-1.1838842E+00,2.05078E-01,9.76562E-03
-1.1838658E+00,1.85547E-01,4.88281E-02
-1.1838473E+00,1.46484E-01,4.88281E-02
-1.1838288E+00,1.46484E-01,6.83594E-02
-1.1838103E+00,2.05078E-01,4.88281E-02
-1.1837918E+00,2.44141E-01,2.92969E-02
-1.1837734E+00,1.66016E-01,1.07422E-01
-1.1837549E+00,1.66016E-01,4.88281E-02
-1.1837364E+00,2.63672E-01,9.76562E-03
-1.1837179E+00,1.85547E-01,6.83594E-02
-1.1836994E+00,2.44141E-01,4.88281E-02
-1.1836810E+00,2.63672E-01,4.88281E-02
-1.1836625E+00,2.44141E-01,2.92969E-02
-1.1836440E+00,1.46484E-01,9.76562E-03
-1.1836255E+00,2.05078E-01,-9.76562E-03
-1.1836070E+00,1.85547E-01,8.78906E-02
-1.1835886E+00,2.05078E-01,-9.76562E-03
-1.1835701E+00,2.05078E-01,2.92969E-02
-1.1835516E+00,2.05078E-01,4.88281E-02
-1.1835331E+00,1.07422E-01,4.88281E-02
-1.1835146E+00,2.44141E-01,4.88281E-02
-1.1834962E+00,2.24609E-01,6.83594E-02
-1.1834777E+00,2.24609E-01,4.88281E-02
-1.1834592E+00,1.66016E-01,2.92969E-02
-1.1834407E+00,2.05078E-01,9.76562E-03
-1.1834222E+00,2.05078E-01,4.88281E-02
-1.1834038E+00,2.63672E-01,9.76562E-03
-1.1833853E+00,1.85547E-01,-9.76562E-03
-1.1833668E+00,2.44141E-01,2.92969E-02
-1.1833483E+00,1.66016E-01,1.07422E-01
-1.1833298E+00,2.24609E-01,9.76562E-03
-1.1833114E+00,2.63672E-01,6.83594E-02
-1.1832929E+00,3.22266E-01,9.76562E-03
-1.1832744E+00,1.46484E-01,4.88281E-02
-1.1832559E+00,2.63672E-01,-9.76562E-03
-1.1832374E+00,1.66016E-01,2.92969E-02
-1.1832190E+00,1.66016E-01,6.83594E-02
-1.1832005E+00,1.85547E-01,2.92969E-02
-1.1831820E+00,1.85547E-01,9.76562E-03
-1.1831635E+00,2.05078E-01,6.83594E-02
-1.1831450E+00,2.05078E-01,-4.88281E-02
-1.1831266E+00,2.05078E-01,4.88281E-02
-1.1831081E+00,2.05078E-01,9.76562E-03
-1.1830896E+00,2.24609E-01,4.88281E-02
-1.1830711E+00,2.05078E-01,-9.76562E-03
-1.1830526E+00,2.44141E-01,9.76562E-03
-1.1830342E+00,2.24609E-01,9.76562E-03
-1.1830157E+00,1.46484E-01,6.83594E-02
-1.1829972E+00,2.83203E-01,2.92969E-02
-1.1829787E+00,2.24609E-01,6.83594E-02
-1.1829602E+00,2.44141E-01,9.76562E-03
-1.1829418E+00,1.66016E-01,9.76562E-03
-1.1829233E+00,2.44141E-01,-9.76562E-03
-1.1829048E+00,1.85547E-01,4.88281E-02
-1.1828863E+00,2.05078E-01,2.92969E-02
-1.1828678E+00,1.85547E-01,4.88281E-02
-1.1828494E+00,2.05078E-01,8.78906E-02
-1.1828309E+00,2.44141E-01,8.78906E-02
-1.1828124E+00,2.83203E-01,-6.83594E-02
-1.1827939E+00,2.24609E-01,8.78906E-02
-1.1827754E+00,2.44141E-01,9.76562E-03
-1.1827570E+00,2.24609E-01,4.88281E-02
-1.1827385E+00,2.24609E-01,9.76562E-03
-1.1827200E+00,2.05078E-01,2.92969E-02
-1.1827015E+00,2.24609E-01,9.76562E-03
-1.1826830E+00,2.05078E-01,4.88281E-02
-1.1826646E+00,2.24609E-01,4.88281E-02
-1.1826461E+00,2.24609E-01,-9.76562E-03
-1.1826276E+00,2.63672E-01,4.88281E-02
-1.1826091E+00,1.66016E-01,9.76562E-03
-1.1825906E+00,1.85547E-01,9.76562E-03
-1.1825722E+00,2.44141E-01,6.83594E-02
-1.1825537E+00,2.24609E-01,9.76562E-03
-1.1825352E+00,2.24609E-01,-9.76562E-03
-1.1825167E+00,2.24609E-01,2.92969E-02
-1.1824982E+00,1.85547E-01,6.83594E-02
-1.1824798E+00,2.44141E-01,2.92969E-02
-1.1824613E+00,2.44141E-01,8.78906E-02
-1.1824428E+00,2.24609E-01,2.92969E-02
-1.1824243E+00,2.05078E-01,2.92969E-02
-1.1824058E+00,1.66016E-01,-4.88281E-02
-1.1823874E+00,1.26953E-01,9.76562E-03
-1.1823689E+00,2.05078E-01,4.88281E-02
-1.1823504E+00,2.24609E-01,8.78906E-02
-1.1823319E+00,2.05078E-01,2.92969E-02
-1.1823134E+00,2.05078E-01,6.83594E-02
-1.1822950E+00,2.05078E-01,2.92969E-02
-1.1822765E+00,1.85547E-01,4.88281E-02
-1.1822580E+00,2.83203E-01,9.76562E-03
-1.1822395E+00,2.24609E-01,6.83594E-02
-1.1822210E+00,2.24609E-01,9.76562E-03
-1.1822026E+00,2.05078E-01,6.83594E-02
-1.1821841E+00,1.46484E-01,-9.76562E-03
-1.1821656E+00,1.46484E-01,4.88281E-02
-1.1821471E+00,1.46484E-01,6.83594E-02
-1.1821286E+00,2.05078E-01,1.26953E-01
-1.1821102E+00,2.44141E-01,6.83594E-02
-1.1820917E+00,2.24609E-01,1.07422E-01
-1.1820732E+00,1.85547E-01,-2.92969E-02
-1.1820547E+00,2.63672E-01,9.76562E-03
-1.1820362E+00,2.05078E-01,9.76562E-03
-1.1820178E+00,1.66016E-01,4.88281E-02
-1.1819993E+00,1.66016E-01,2.92969E-02
-1.1819808E+00,1.85547E-01,4.88281E-02
-1.1819623E+00,2.63672E-01,9.76562E-03
-1.1819438E+00,1.85547E-01,6.83594E-02
-1.1819254E+00,2.63672E-01,9.76562E-03
-1.1819069E+00,2.24609E-01,-2.92969E-02
-1.1818884E+00,2.44141E-01,4.88281E-02
-1.1818699E+00,2.05078E-01,9.76562E-03
-1.1818514E+00,1.66016E-01,4.88281E-02
-1.1818330E+00,2.05078E-01,2.92969E-02
-1.1818145E+00,2.83203E-01,9.76562E-03
-1.1817960E+00,2.63672E-01,4.88281E-02
-1.1817775E+00,2.24609E-01,4.88281E-02
-1.1817590E+00,1.85547E-01,6.83594E-02
-1.1817406E+00,2.83203E-01,9.76562E-03
-1.1817221E+00,2.05078E-01,-9.76562E-03
-1.1817036E+00,2.63672E-01,2.92969E-02
-1.1816851E+00,2.44141E-01,2.92969E-02
-1.1816666E+00,1.46484E-01,2.92969E-02
-1.1816482E+00,1.66016E-01,9.76562E-03
-1.1816297E+00,2.44141E-01,9.76562E-03
-1.1816112E+00,2.05078E-01,6.83594E-02
-1.1815927E+00,2.63672E-01,9.76562E-03
-1.1815742E+00,1.66016E-01,2.92969E-02
-1.1815558E+00,2.05078E-01,4.88281E-02
-1.1815373E+00,1.26953E-01,6.83594E-02
-1.1815188E+00,2.44141E-01,4.88281E-02
-1.1815003E+00,1.26953E-01,4.88281E-02
-1.1814818E+00,1.85547E-01,-2.92969E-02
-1.1814634E+00,2.24609E-01,6.83594E-02
-1.1814449E+00,2.83203E-01,2.92969E-02
-1.1814264E+00,2.05078E-01,8.78906E-02
-1.1814079E+00,2.24609E-01,2.92969E-02
-1.1813894E+00,2.83203E-01,2.92969E-02
-1.1813710E+00,2.24609E-01,4.88281E-02
-1.1813525E+00,2.24609E-01,2.92969E-02
-1.1813340E+00,1.85547E-01,-9.76562E-03
-1.1813155E+00,2.24609E-01,6.83594E-02
-1.1812970E+00,2.44141E-01,2.92969E-02
-1.1812786E+00,2.05078E-01,9.76562E-03
-1.1812601E+00,1.66016E-01,-9.76562E-03
-1.1812416E+00,2.44141E-01,9.76562E-03
-1.1812231E+00,2.83203E-01,9.76562E-03
-1.1812046E+00,1.46484E-01,2.92969E-02
-1.1811862E+00,2.05078E-01,9.76562E-03
-1.1811677E+00,2.24609E-01,6.83594E-02
-1.1811492E+00,1.66016E-01,9.76562E-03
-1.1811307E+00,1.66016E-01,9.76562E-03
-1.1811122E+00,2.05078E-01,4.88281E-02
-1.1810938E+00,2.44141E-01,2.92969E-02
-1.1810753E+00,2.63672E-01,4.88281E-02
-1.1810568E+00,2.44141E-01,2.92969E-02
-1.1810383E+00,2.24609E-01,4.88281E-02
-1.1810198E+00,2.24609E-01,9.76562E-03
-1.1810014E+00,2.05078E-01,-9.76562E-03
-1.1809829E+00,2.83203E-01,2.92969E-02
-1.1809644E+00,2.83203E-01,9.76562E-03
-1.1809459E+00,1.85547E-01,2.92969E-02
-1.1809274E+00,2.24609E-01,4.88281E-02
-1.1809090E+00,2.05078E-01,6.83594E-02
-1.1808905E+00,2.44141E-01,4.88281E-02
-1.1808720E+00,2.83203E-01,6.83594E-02
-1.1808535E+00,2.05078E-01,9.76562E-03
-1.1808350E+00,2.05078E-01,2.92969E-02
-1.1808166E+00,2.63672E-01,6.83594E-02
-1.1807981E+00,2.83203E-01,9.76562E-03
-1.1807796E+00,1.46484E-01,4.88281E-02
-1.1807611E+00,2.05078E-01,2.92969E-02
-1.1807426E+00,2.63672E-01,9.76562E-03
-1.1807242E+00,2.05078E-01,6.83594E-02
-1.1807057E+00,2.83203E-01,9.76562E-03
-1.1806872E+00,1.85547E-01,2.92969E-02
-1.1806687E+00,2.63672E-01,2.92969E-02
-1.1806502E+00,2.05078E-01,6.83594E-02
-1.1806318E+00,2.44141E-01,6.83594E-02
-1.1806133E+00,2.24609E-01,2.92969E-02
-1.1805948E+00,2.24609E-01,9.76562E-03
-1.1805763E+00,1.85547E-01,9.76562E-03
-1.1805578E+00,2.63672E-01,2.92969E-02
-1.1805394E+00,2.05078E-01,4.88281E-02
-1.1805209E+00,2.05078E-01,9.76562E-03
-1.1805024E+00,2.44141E-01,4.88281E-02
-1.1804839E+00,2.63672E-01,4.88281E-02
-1.1804654E+00,1.66016E-01,4.88281E-02
-1.1804470E+00,2.63672E-01,6.83594E-02
-1.1804285E+00,1.46484E-01,2.92969E-02
-1.1804100E+00,2.44141E-01,6.83594E-02
-1.1803915E+00,2.05078E-01,4.88281E-02
-1.1803730E+00,2.05078E-01,9.76562E-03
-1.1803546E+00,2.05078E-01,2.92969E-02
-1.1803361E+00,1.46484E-01,-9.76562E-03
-1.1803176E+00,2.63672E-01,4.88281E-02
-1.1802991E+00,2.05078E-01,-9.76562E-03
-1.1802806E+00,1.07422E-01,9.76562E-03
-1.1802622E+00,2.05078E-01,-9.76562E-03
-1.1802437E+00,1.85547E-01,4.88281E-02
-1.1802252E+00,2.83203E-01,2.92969E-02
-1.1802067E+00,1.66016E-01,2.92969E-02
-1.1801882E+00,2.44141E-01,4.88281E-02
-1.1801698E+00,2.24609E-01,4.88281E-02
-1.1801513E+00,2.24609E-01,-9.76562E-03
-1.1801328E+00,1.66016E-01,1.26953E-01
-1.1801143E+00,2.05078E-01,4.88281E-02
-1.1800958E+00,2.24609E-01,9.76562E-03
-1.1800774E+00,2.44141E-01,9.76562E-03
-1.1800589E+00,1.66016E-01,9.76562E-03
-1.1800404E+00,2.24609E-01,-9.76562E-03
-1.1800219E+00,2.24609E-01,2.92969E-02
-1.1800034E+00,3.22266E-01,4.88281E-02
-1.1799850E+00,2.24609E-01,2.92969E-02
-1.1799665E+00,1.85547E-01,6.83594E-02
-1.1799480E+00,2.63672E-01,2.92969E-02
-1.1799295E+00,2.44141E-01,4.88281E-02
-1.1799110E+00,2.05078E-01,2.92969E-02
-1.1798926E+00,2.05078E-01,4.88281E-02
-1.1798741E+00,1.85547E-01,2.92969E-02
-1.1798556E+00,2.83203E-01,-9.76562E-03
-1.1798371E+00,2.83203E-01,4.88281E-02
-1.1798186E+00,2.44141E-01,4.88281E-02
-1.1798002E+00,1.66016E-01,4.88281E-02
-1.1797817E+00,2.63672E-01,9.76562E-03
-1.1797632E+00,2.24609E-01,4.88281E-02
-1.1797447E+00,2.63672E-01,4.88281E-02
-1.1797262E+00,2.05078E-01,6.83594E-02
-1.1797078E+00,2.63672E-01,2.92969E-02
-1.1796893E+00,1.66016E-01,6.83594E-02
-1.1796708E+00,2.63672E-01,4.88281E-02
-1.1796523E+00,1.66016E-01,6.83594E-02
-1.1796338E+00,2.24609E-01,-9.76562E-03
-1.1796154E+00,2.24609E-01,9.76562E-03
-1.1795969E+00,2.05078E-01,4.88281E-02
-1.1795784E+00,2.05078E-01,8.78906E-02
-1.1795599E+00,2.83203E-01,9.76562E-03
-1.1795414E+00,2.05078E-01,-9.76562E-03
-1.1795230E+00,2.44141E-01,-2.92969E-02
-1.1795045E+00,2.24609E-01,6.83594E-02
-1.1794860E+00,2.44141E-01,9.76562E-03
-1.1794675E+00,1.85547E-01,8.78906E-02
-1.1794490E+00,1.85547E-01,2.92969E-02
-1.1794306E+00,2.83203E-01,2.92969E-02
-1.1794121E+00,2.44141E-01,2.92969E-02
-1.1793936E+00,1.66016E-01,6.83594E-02
-1.1793751E+00,2.05078E-01,2.92969E-02
-1.1793566E+00,2.63672E-01,2.92969E-02
-1.1793382E+00,2.05078E-01,2.92969E-02
-1.1793197E+00,2.44141E-01,1.26953E-01
-1.1793012E+00,2.05078E-01,2.92969E-02
-1.1792827E+00,1.66016E-01,6.83594E-02
-1.1792642E+00,2.83203E-01,-4.88281E-02
-1.1792458E+00,2.44141E-01,6.83594E-02
-1.1792273E+00,2.24609E-01,2.92969E-02
-1.1792088E+00,1.66016E-01,6.83594E-02
-1.1791903E+00,2.44141E-01,9.76562E-03
-1.1791718E+00,2.44141E-01,8.78906E-02
-1.1791534E+00,2.24609E-01,-9.76562E-03
-1.1791349E+00,2.83203E-01,8.78906E-02
-1.1791164E+00,2.63672E-01,-2.92969E-02
-1.1790979E+00,2.05078E-01,1.26953E-01
-1.1790794E+00,1.66016E-01,6.83594E-02
-1.1790610E+00,2.63672E-01,6.83594E-02
-1.1790425E+00,1.66016E-01,9.76562E-03
-1.1790240E+00,2.83203E-01,1.07422E-01
-1.1790055E+00,2.24609E-01,2.92969E-02
-1.1789870E+00,2.83203E-01,1.26953E-01
-1.1789686E+00,1.85547E-01,4.88281E-02
-1.1789501E+00,1.46484E-01,4.88281E-02
-1.1789316E+00,2.24609E-01,9.76562E-03
-1.1789131E+00,2.83203E-01,9.76562E-03
-1.1788946E+00,2.44141E-01,4.88281E-02
-1.1788762E+00,2.24609E-01,6.83594E-02
-1.1788577E+00,2.05078E-01,-9.76562E-03
-1.1788392E+00,2.24609E-01,4.88281E-02
-1.1788207E+00,2.24609E-01,2.92969E-02
-1.1788022E+00,1.46484E-01,9.76562E-03
-1.1787838E+00,2.44141E-01,4.88281E-02
-1.1787653E+00,1.85547E-01,-9.76562E-03
-1.1787468E+00,2.24609E-01,9.76562E-03
-1.1787283E+00,2.24609E-01,6.83594E-02
-1.1787098E+00,2.83203E-01,4.88281E-02
-1.1786914E+00,2.05078E-01,6.83594E-02
-1.1786729E+00,2.44141E-01,9.76562E-03
-1.1786544E+00,1.85547E-01,4.88281E-02
-1.1786359E+00,1.85547E-01,9.76562E-03
-1.1786174E+00,2.63672E-01,9.76562E-03
-1.1785990E+00,2.05078E-01,-2.92969E-02
-1.1785805E+00,2.05078E-01,9.76562E-03
-1.1785620E+00,2.83203E-01,4.88281E-02
-1.1785435E+00,2.24609E-01,4.88281E-02
-1.1785250E+00,2.63672E-01,6.83594E-02
-1.1785066E+00,2.05078E-01,9.76562E-03
-1.1784881E+00,2.83203E-01,6.83594E-02
-1.1784696E+00,2.44141E-01,6.83594E-02
-1.1784511E+00,2.05078E-01,9.76562E-03
-1.1784326E+00,2.83203E-01,2.92969E-02
-1.1784142E+00,2.83203E-01,4.88281E-02
-1.1783957E+00,2.44141E-01,4.88281E-02
-1.1783772E+00,2.44141E-01,2.92969E-02
-1.1783587E+00,1.85547E-01,6.83594E-02
-1.1783402E+00,2.44141E-01,-9.76562E-03
-1.1783218E+00,2.44141E-01,9.76562E-03
-1.1783033E+00,2.83203E-01,4.88281E-02
-1.1782848E+00,2.24609E-01,2.92969E-02
-1.1782663E+00,2.63672E-01,4.88281E-02
-1.1782478E+00,2.44141E-01,4.88281E-02
-1.1782294E+00,2.24609E-01,-2.92969E-02
-1.1782109E+00,2.24609E-01,2.92969E-02
-1.1781924E+00,2.24609E-01,-9.76562E-03
-1.1781739E+00,2.05078E-01,4.88281E-02
-1.1781554E+00,2.24609E-01,4.88281E-02
-1.1781370E+00,1.66016E-01,4.88281E-02
-1.1781185E+00,2.24609E-01,9.76562E-03
-1.1781000E+00,2.24609E-01,4.88281E-02
-1.1780815E+00,2.24609E-01,9.76562E-03
-1.1780630E+00,2.05078E-01,2.92969E-02
-1.1780446E+00,2.83203E-01,9.76562E-03
-1.1780261E+00,1.26953E-01,2.92969E-02
-1.1780076E+00,2.63672E-01,6.83594E-02
-1.1779891E+00,2.05078E-01,4.88281E-02
-1.1779706E+00,2.44141E-01,9.76562E-03
-1.1779522E+00,1.66016E-01,4.88281E-02
-1.1779337E+00,1.85547E-01,8.78906E-02
-1.1779152E+00,2.24609E-01,6.83594E-02
-1.1778967E+00,2.24609E-01,2.92969E-02
-1.1778782E+00,2.44141E-01,4.88281E-02
-1.1778598E+00,2.63672E-01,4.88281E-02
-1.1778413E+00,2.24609E-01,4.88281E-02
-1.1778228E+00,1.85547E-01,4.88281E-02
-1.1778043E+00,2.24609E-01,-6.83594E-02
-1.1777858E+00,2.05078E-01,-9.76562E-03
-1.1777674E+00,1.46484E-01,4.88281E-02
-1.1777489E+00,2.44141E-01,-2.92969E-02
-1.1777304E+00,2.83203E-01,4.88281E-02
-1.1777119E+00,2.24609E-01,-9.76562E-03
-1.1776934E+00,2.05078E-01,4.88281E-02
-1.1776750E+00,2.24609E-01,4.88281E-02
-1.1776565E+00,2.63672E-01,2.92969E-02
-1.1776380E+00,2.63672E-01,9.76562E-03
-1.1776195E+00,2.63672E-01,2.92969E-02
-1.1776010E+00,2.44141E-01,6.83594E-02
-1.1775826E+00,1.66016E-01,8.78906E-02
-1.1775641E+00,2.63672E-01,6.83594E-02
-1.1775456E+00,2.44141E-01,4.88281E-02
-1.1775271E+00,2.44141E-01,9.76562E-03
-1.1775086E+00,1.85547E-01,2.92969E-02
-1.1774902E+00,2.63672E-01,9.76562E-03
-1.1774717E+00,2.83203E-01,4.88281E-02
-1.1774532E+00,3.02734E-01,6.83594E-02
-1.1774347E+00,2.24609E-01,2.92969E-02
-1.1774162E+00,1.66016E-01,-6.83594E-02
-1.1773978E+00,1.85547E-01,6.83594E-02
-1.1773793E+00,2.63672E-01,2.92969E-02
-1.1773608E+00,2.83203E-01,9.76562E-03
-1.1773423E+00,2.05078E-01,2.92969E-02
-1.1773238E+00,2.05078E-01,4.88281E-02
-1.1773054E+00,2.44141E-01,9.76562E-03
-1.1772869E+00,2.83203E-01,1.07422E-01
-1.1772684E+00,2.63672E-01,2.92969E-02
-1.1772499E+00,1.85547E-01,2.92969E-02
-1.1772314E+00,2.83203E-01,1.07422E-01
-1.1772130E+00,1.85547E-01,4.88281E-02
-1.1771945E+00,2.24609E-01,2.92969E-02
-1.1771760E+00,1.66016E-01,6.83594E-02
-1.1771575E+00,2.24609E-01,2.92969E-02
-1.1771390E+00,2.05078E-01,4.88281E-02
-1.1771206E+00,1.66016E-01,2.92969E-02
-1.1771021E+00,2.24609E-01,4.88281E-02
-1.1770836E+00,2.83203E-01,9.76562E-03
-1.1770651E+00,1.46484E-01,4.88281E-02
-1.1770466E+00,2.83203E-01,9.76562E-03
-1.1770282E+00,2.24609E-01,4.88281E-02
-1.1770097E+00,2.05078E-01,9.76562E-03
-1.1769912E+00,1.85547E-01,9.76562E-03
-1.1769727E+00,2.83203E-01,6.83594E-02
-1.1769542E+00,2.83203E-01,2.92969E-02
-1.1769358E+00,2.05078E-01,2.92969E-02
-1.1769173E+00,1.85547E-01,6.83594E-02
-1.1768988E+00,2.83203E-01,4.88281E-02
-1.1768803E+00,1.85547E-01,4.88281E-02
-1.1768618E+00,2.24609E-01,9.76562E-03
-1.1768434E+00,2.83203E-01,6.83594E-02
-1.1768249E+00,1.85547E-01,9.76562E-03
-1.1768064E+00,2.24609E-01,4.88281E-02
-1.1767879E+00,2.24609E-01,2.92969E-02
-1.1767694E+00,1.85547E-01,6.83594E-02
-1.1767510E+00,3.02734E-01,-9.76562E-03
-1.1767325E+00,2.24609E-01,6.83594E-02
-1.1767140E+00,2.83203E-01,9.76562E-03
-1.1766955E+00,1.85547E-01,2.92969E-02
-1.1766770E+00,2.44141E-01,9.76562E-03
-1.1766586E+00,2.24609E-01,9.76562E-03
-1.1766401E+00,2.05078E-01,9.76562E-03
-1.1766216E+00,2.05078E-01,4.88281E-02
-1.1766031E+00,2.24609E-01,4.88281E-02
-1.1765846E+00,1.66016E-01,4.88281E-02
-1.1765662E+00,1.66016E-01,2.92969E-02
-1.1765477E+00,1.66016E-01,4.88281E-02
-1.1765292E+00,2.44141E-01,-9.76562E-03
-1.1765107E+00,2.44141E-01,4.88281E-02
-1.1764922E+00,2.05078E-01,9.76562E-03
-1.1764738E+00,2.24609E-01,4.88281E-02
-1.1764553E+00,2.63672E-01,9.76562E-03
-1.1764368E+00,2.63672E-01,4.88281E-02
-1.1764183E+00,3.41797E-01,-6.83594E-02
-1.1763998E+00,1.66016E-01,2.92969E-02
-1.1763814E+00,2.05078E-01,2.92969E-02
-1.1763629E+00,2.24609E-01,4.88281E-02
-1.1763444E+00,2.24609E-01,9.76562E-03
-1.1763259E+00,2.05078E-01,6.83594E-02
-1.1763074E+00,2.24609E-01,4.88281E-02
-1.1762890E+00,2.63672E-01,2.92969E-02
-1.1762705E+00,2.63672E-01,8.78906E-02
-1.1762520E+00,1.85547E-01,2.92969E-02
-1.1762335E+00,2.24609E-01,4.88281E-02
-1.1762150E+00,1.26953E-01,2.92969E-02
-1.1761966E+00,2.44141E-01,-9.76562E-03
-1.1761781E+00,2.63672E-01,9.76562E-03
-1.1761596E+00,2.05078E-01,6.83594E-02
-1.1761411E+00,2.24609E-01,6.83594E-02
-1.1761226E+00,2.63672E-01,9.76562E-03
-1.1761042E+00,1.66016E-01,4.88281E-02
-1.1760857E+00,2.83203E-01,9.76562E-03
-1.1760672E+00,2.24609E-01,9.76562E-03
-1.1760487E+00,2.63672E-01,4.88281E-02
-1.1760302E+00,2.44141E-01,9.76562E-03
-1.1760118E+00,2.63672E-01,9.76562E-03
-1.1759933E+00,1.85547E-01,4.88281E-02
-1.1759748E+00,2.83203E-01,-2.92969E-02
-1.1759563E+00,2.05078E-01,9.76562E-03
-1.1759378E+00,2.83203E-01,-9.76562E-03
-1.1759194E+00,2.63672E-01,4.88281E-02
-1.1759009E+00,2.63672E-01,-2.92969E-02
-1.1758824E+00,2.05078E-01,6.83594E-02
-1.1758639E+00,2.44141E-01,9.76562E-03
-1.1758454E+00,2.24609E-01,2.92969E-02
-1.1758270E+00,2.44141E-01,-6.83594E-02
-1.1758085E+00,2.44141E-01,1.07422E-01
-1.1757900E+00,2.24609E-01,2.92969E-02
-1.1757715E+00,1.66016E-01,2.92969E-02
-1.1757530E+00,2.83203E-01,4.88281E-02
-1.1757346E+00,1.66016E-01,6.83594E-02
-1.1757161E+00,2.63672E-01,-9.76562E-03
-1.1756976E+00,2.24609E-01,2.92969E-02
-1.1756791E+00,1.66016E-01,2.92969E-02
-1.1756606E+00,2.24609E-01,8.78906E-02
-1.1756422E+00,2.63672E-01,9.76562E-03
-1.1756237E+00,2.05078E-01,4.88281E-02
-1.1756052E+00,1.85547E-01,9.76562E-03
-1.1755867E+00,2.05078E-01,4.88281E-02
-1.1755682E+00,2.05078E-01,-9.76562E-03
-1.1755498E+00,1.85547E-01,6.83594E-02
-1.1755313E+00,2.63672E-01,9.76562E-03
-1.1755128E+00,2.24609E-01,9.76562E-03
-1.1754943E+00,2.24609E-01,4.88281E-02
-1.1754758E+00,2.83203E-01,4.88281E-02
-1.1754574E+00,2.24609E-01,9.76562E-03
-1.1754389E+00,1.66016E-01,6.83594E-02
-1.1754204E+00,3.22266E-01,9.76562E-03
-1.1754019E+00,2.05078E-01,2.92969E-02
-1.1753834E+00,3.02734E-01,9.76562E-03
-1.1753650E+00,2.83203E-01,6.83594E-02
-1.1753465E+00,2.63672E-01,-9.76562E-03
-1.1753280E+00,1.85547E-01,6.83594E-02
-1.1753095E+00,2.83203E-01,4.88281E-02
-1.1752910E+00,2.44141E-01,8.78906E-02
-1.1752726E+00,2.63672E-01,4.88281E-02
-1.1752541E+00,2.05078E-01,2.92969E-02
-1.1752356E+00,2.44141E-01,6.83594E-02
-1.1752171E+00,2.05078E-01,4.88281E-02
-1.1751986E+00,3.02734E-01,-9.76562E-03
-1.1751802E+00,2.24609E-01,4.88281E-02
-1.1751617E+00,2.44141E-01,9.76562E-03
-1.1751432E+00,2.24609E-01,9.76562E-03
-1.1751247E+00,2.83203E-01,6.83594E-02
-1.1751062E+00,1.46484E-01,9.76562E-03
-1.1750878E+00,3.22266E-01,9.76562E-03
-1.1750693E+00,2.24609E-01,6.83594E-02
-1.1750508E+00,2.63672E-01,9.76562E-03
-1.1750323E+00,2.44141E-01,9.76562E-03
-1.1750138E+00,2.83203E-01,-9.76562E-03
-1.1749954E+00,2.24609E-01,4.88281E-02
-1.1749769E+00,2.44141E-01,9.76562E-03
-1.1749584E+00,2.05078E-01,6.83594E-02
-1.1749399E+00,2.63672E-01,2.92969E-02
-1.1749214E+00,2.24609E-01,2.92969E-02
-1.1749030E+00,3.22266E-01,4.88281E-02
-1.1748845E+00,2.83203E-01,9.76562E-03
-1.1748660E+00,2.44141E-01,2.92969E-02
-1.1748475E+00,2.24609E-01,6.83594E-02
-1.1748290E+00,2.24609E-01,6.83594E-02
-1.1748106E+00,2.24609E-01,2.92969E-02
-1.1747921E+00,2.24609E-01,-9.76562E-03
-1.1747736E+00,1.85547E-01,2.92969E-02
-1.1747551E+00,2.83203E-01,2.92969E-02
-1.1747366E+00,2.24609E-01,6.83594E-02
-1.1747182E+00,2.63672E-01,9.76562E-03
-1.1746997E+00,2.05078E-01,6.83594E-02
-1.1746812E+00,2.24609E-01,9.76562E-03
-1.1746627E+00,1.66016E-01,4.88281E-02
-1.1746442E+00,2.44141E-01,9.76562E-03
-1.1746258E+00,1.85547E-01,6.83594E-02
-1.1746073E+00,2.24609E-01,9.76562E-03
-1.1745888E+00,2.24609E-01,4.88281E-02
-1.1745703E+00,3.02734E-01,9.76562E-03
-1.1745518E+00,1.85547E-01,6.83594E-02
-1.1745334E+00,2.44141E-01,2.92969E-02
-1.1745149E+00,2.44141E-01,6.83594E-02
-1.1744964E+00,3.02734E-01,9.76562E-03
-1.1744779E+00,2.44141E-01,6.83594E-02
-1.1744594E+00,2.24609E-01,4.88281E-02
-1.1744410E+00,2.63672E-01,4.88281E-02
-1.1744225E+00,2.83203E-01,4.88281E-02
-1.1744040E+00,2.24609E-01,6.83594E-02
-1.1743855E+00,2.44141E-01,2.92969E-02
-1.1743670E+00,2.83203E-01,-9.76562E-03
-1.1743486E+00,2.63672E-01,6.83594E-02
-1.1743301E+00,2.24609E-01,9.76562E-03
-1.1743116E+00,2.05078E-01,2.92969E-02
-1.1742931E+00,2.44141E-01,6.83594E-02
-1.1742746E+00,2.05078E-01,9.76562E-03
-1.1742562E+00,3.22266E-01,6.83594E-02
-1.1742377E+00,2.63672E-01,-2.92969E-02
-1.1742192E+00,2.44141E-01,9.76562E-03
-1.1742007E+00,2.83203E-01,4.88281E-02
-1.1741822E+00,2.05078E-01,4.88281E-02
-1.1741638E+00,2.44141E-01,2.92969E-02
-1.1741453E+00,1.85547E-01,-4.88281E-02
-1.1741268E+00,2.83203E-01,-9.76562E-03
-1.1741083E+00,2.44141E-01,8.78906E-02
-1.1740898E+00,3.22266E-01,9.76562E-03
-1.1740714E+00,2.05078E-01,4.88281E-02
-1.1740529E+00,2.24609E-01,9.76562E-03
-1.1740344E+00,2.24609E-01,8.78906E-02
-1.1740159E+00,2.83203E-01,4.88281E-02
-1.1739974E+00,2.24609E-01,6.83594E-02
-1.1739790E+00,1.46484E-01,4.88281E-02
-1.1739605E+00,2.44141E-01,6.83594E-02
-1.1739420E+00,2.05078E-01,9.76562E-03
-1.1739235E+00,2.05078E-01,4.88281E-02
-1.1739050E+00,2.63672E-01,2.92969E-02
-1.1738866E+00,1.85547E-01,6.83594E-02
-1.1738681E+00,2.63672E-01,-9.76562E-03
-1.1738496E+00,2.44141E-01,6.83594E-02
-1.1738311E+00,2.44141E-01,2.92969E-02
-1.1738126E+00,1.46484E-01,4.88281E-02
-1.1737942E+00,2.83203E-01,9.76562E-03
-1.1737757E+00,2.83203E-01,4.88281E-02
-1.1737572E+00,2.44141E-01,6.83594E-02
-1.1737387E+00,3.22266E-01,2.92969E-02
-1.1737202E+00,2.63672E-01,4.88281E-02
-1.1737018E+00,2.24609E-01,4.88281E-02
-1.1736833E+00,2.83203E-01,9.76562E-03
-1.1736648E+00,2.83203E-01,6.83594E-02
-1.1736463E+00,2.44141E-01,-9.76562E-03
-1.1736278E+00,2.83203E-01,4.88281E-02
-1.1736094E+00,2.44141E-01,1.26953E-01
-1.1735909E+00,2.44141E-01,2.92969E-02
-1.1735724E+00,2.63672E-01,9.76562E-03
-1.1735539E+00,2.24609E-01,-2.92969E-02
-1.1735354E+00,3.22266E-01,-9.76562E-03
-1.1735170E+00,1.85547E-01,-6.83594E-02
-1.1734985E+00,2.24609E-01,9.76562E-03
-1.1734800E+00,2.24609E-01,6.83594E-02
-1.1734615E+00,2.83203E-01,2.92969E-02
-1.1734430E+00,2.24609E-01,6.83594E-02
-1.1734246E+00,3.02734E-01,9.76562E-03
-1.1734061E+00,1.85547E-01,9.76562E-03
-1.1733876E+00,2.83203E-01,2.92969E-02
-1.1733691E+00,2.63672E-01,9.76562E-03
-1.1733506E+00,3.22266E-01,9.76562E-03
-1.1733322E+00,2.83203E-01,4.88281E-02
-1.1733137E+00,2.83203E-01,9.76562E-03
-1.1732952E+00,1.85547E-01,4.88281E-02
-1.1732767E+00,2.05078E-01,9.76562E-03
-1.1732582E+00,2.24609E-01,2.92969E-02
-1.1732398E+00,2.24609E-01,2.92969E-02
-1.1732213E+00,2.05078E-01,6.83594E-02
-1.1732028E+00,2.63672E-01,-9.76562E-03
-1.1731843E+00,2.83203E-01,4.88281E-02
-1.1731658E+00,3.02734E-01,2.92969E-02
-1.1731474E+00,2.44141E-01,4.88281E-02
-1.1731289E+00,2.83203E-01,4.88281E-02
-1.1731104E+00,1.85547E-01,1.07422E-01
-1.1730919E+00,2.44141E-01,-2.92969E-02
-1.1730734E+00,2.83203E-01,4.88281E-02
-1.1730550E+00,2.44141E-01,9.76562E-03
-1.1730365E+00,1.85547E-01,2.92969E-02
-1.1730180E+00,2.83203E-01,9.76562E-03
-1.1729995E+00,1.66016E-01,4.88281E-02
-1.1729810E+00,2.83203E-01,4.88281E-02
-1.1729626E+00,2.83203E-01,9.76562E-03
-1.1729441E+00,2.83203E-01,8.78906E-02
-1.1729256E+00,2.83203E-01,4.88281E-02
-1.1729071E+00,1.85547E-01,6.83594E-02
-1.1728886E+00,1.46484E-01,-9.76562E-03
-1.1728702E+00,2.83203E-01,4.88281E-02
-1.1728517E+00,3.02734E-01,4.88281E-02
-1.1728332E+00,2.05078E-01,-2.92969E-02
-1.1728147E+00,2.44141E-01,9.76562E-03
-1.1727962E+00,2.63672E-01,2.92969E-02
-1.1727778E+00,2.24609E-01,1.26953E-01
-1.1727593E+00,2.83203E-01,2.92969E-02
-1.1727408E+00,2.44141E-01,2.92969E-02
-1.1727223E+00,2.63672E-01,6.83594E-02
-1.1727038E+00,1.85547E-01,4.88281E-02
-1.1726854E+00,2.63672E-01,-9.76562E-03
-1.1726669E+00,1.66016E-01,4.88281E-02
-1.1726484E+00,3.02734E-01,2.92969E-02
-1.1726299E+00,2.24609E-01,4.88281E-02
-1.1726114E+00,2.83203E-01,4.88281E-02
-1.1725930E+00,2.63672E-01,8.78906E-02
-1.1725745E+00,3.02734E-01,9.76562E-03
-1.1725560E+00,2.24609E-01,4.88281E-02
-1.1725375E+00,3.41797E-01,4.88281E-02
-1.1725190E+00,2.24609E-01,2.92969E-02
-1.1725006E+00,2.63672E-01,-9.76562E-03
-1.1724821E+00,2.83203E-01,2.92969E-02
-1.1724636E+00,2.63672E-01,9.76562E-03
-1.1724451E+00,2.44141E-01,4.88281E-02
-1.1724266E+00,2.24609E-01,2.92969E-02
-1.1724082E+00,2.05078E-01,-9.76562E-03
-1.1723897E+00,2.44141E-01,2.92969E-02
-1.1723712E+00,1.46484E-01,6.83594E-02
-1.1723527E+00,2.44141E-01,2.92969E-02
-1.1723342E+00,2.83203E-01,6.83594E-02
-1.1723158E+00,2.24609E-01,9.76562E-03
-1.1722973E+00,2.24609E-01,9.76562E-03
-1.1722788E+00,2.83203E-01,4.88281E-02
-1.1722603E+00,2.24609E-01,2.92969E-02
-1.1722418E+00,2.63672E-01,6.83594E-02
-1.1722234E+00,1.85547E-01,6.83594E-02
-1.1722049E+00,2.05078E-01,-2.92969E-02
-1.1721864E+00,2.24609E-01,4.88281E-02
-1.1721679E+00,2.44141E-01,-9.76562E-03
-1.1721494E+00,2.44141E-01,-4.88281E-02
-1.1721310E+00,2.63672E-01,-9.76562E-03
-1.1721125E+00,2.24609E-01,9.76562E-03
-1.1720940E+00,2.24609E-01,4.88281E-02
-1.1720755E+00,2.83203E-01,2.92969E-02
-1.1720570E+00,2.63672E-01,-9.76562E-03
-1.1720386E+00,1.66016E-01,9.76562E-03
-1.1720201E+00,2.63672E-01,4.88281E-02
-1.1720016E+00,3.02734E-01,4.88281E-02
-1.1719831E+00,3.02734E-01,9.76562E-03
-1.1719646E+00,2.63672E-01,2.92969E-02
-1.1719462E+00,2.44141E-01,2.92969E-02
-1.1719277E+00,2.24609E-01,4.88281E-02
-1.1719092E+00,2.24609E-01,-9.76562E-03
-1.1718907E+00,2.83203E-01,6.83594E-02
-1.1718722E+00,2.24609E-01,6.83594E-02
-1.1718538E+00,2.63672E-01,4.88281E-02
-1.1718353E+00,2.83203E-01,2.92969E-02
-1.1718168E+00,2.24609E-01,2.92969E-02
-1.1717983E+00,2.83203E-01,-2.92969E-02
-1.1717798E+00,2.24609E-01,6.83594E-02
-1.1717614E+00,3.02734E-01,-9.76562E-03
-1.1717429E+00,2.24609E-01,6.83594E-02
-1.1717244E+00,3.41797E-01,4.88281E-02
-1.1717059E+00,2.44141E-01,6.83594E-02
-1.1716874E+00,2.83203E-01,4.88281E-02
-1.1716690E+00,2.44141E-01,9.76562E-03
-1.1716505E+00,2.83203E-01,4.88281E-02
-1.1716320E+00,2.63672E-01,4.88281E-02
-1.1716135E+00,2.63672E-01,2.92969E-02
-1.1715950E+00,2.83203E-01,2.92969E-02
-1.1715766E+00,3.02734E-01,9.76562E-03
-1.1715581E+00,2.83203E-01,2.92969E-02
-1.1715396E+00,2.63672E-01,2.92969E-02
-1.1715211E+00,2.24609E-01,4.88281E-02
-1.1715026E+00,2.44141E-01,2.92969E-02
-1.1714842E+00,2.63672E-01,6.83594E-02
-1.1714657E+00,3.22266E-01,9.76562E-03
-1.1714472E+00,1.85547E-01,4.88281E-02
-1.1714287E+00,2.24609E-01,2.92969E-02
-1.1714102E+00,3.02734E-01,6.83594E-02
-1.1713918E+00,2.44141E-01,4.88281E-02
-1.1713733E+00,2.63672E-01,6.83594E-02
-1.1713548E+00,2.83203E-01,4.88281E-02
-1.1713363E+00,3.22266E-01,6.83594E-02
-1.1713178E+00,1.85547E-01,4.88281E-02
-1.1712994E+00,2.44141E-01,4.88281E-02
-1.1712809E+00,2.83203E-01,-9.76562E-03
-1.1712624E+00,1.46484E-01,6.83594E-02
-1.1712439E+00,3.02734E-01,2.92969E-02
-1.1712254E+00,2.63672E-01,9.76562E-03
-1.1712070E+00,2.83203E-01,2.92969E-02
-1.1711885E+00,2.63672E-01,4.88281E-02
-1.1711700E+00,1.85547E-01,4.88281E-02
-1.1711515E+00,2.05078E-01,6.83594E-02
-1.1711330E+00,2.44141E-01,2.92969E-02
-1.1711146E+00,3.22266E-01,4.88281E-02
-1.1710961E+00,2.24609E-01,4.88281E-02
-1.1710776E+00,2.83203E-01,-2.92969E-02
-1.1710591E+00,2.24609E-01,-9.76562E-03
-1.1710406E+00,2.83203E-01,4.88281E-02
-1.1710222E+00,3.22266E-01,-4.88281E-02
-1.1710037E+00,1.66016E-01,6.83594E-02
-1.1709852E+00,2.83203E-01,4.88281E-02
-1.1709667E+00,1.85547E-01,2.92969E-02
-1.1709482E+00,2.63672E-01,9.76562E-03
-1.1709298E+00,2.83203E-01,1.26953E-01
-1.1709113E+00,2.83203E-01,2.92969E-02
-1.1708928E+00,2.24609E-01,2.92969E-02
-1.1708743E+00,3.41797E-01,4.88281E-02
-1.1708558E+00,2.63672E-01,2.92969E-02
-1.1708374E+00,3.41797E-01,6.83594E-02
-1.1708189E+00,2.24609E-01,4.88281E-02
-1.1708004E+00,2.44141E-01,9.76562E-03
-1.1707819E+00,2.24609E-01,2.92969E-02
-1.1707634E+00,2.83203E-01,6.83594E-02
-1.1707450E+00,1.66016E-01,4.88281E-02
-1.1707265E+00,2.83203E-01,2.92969E-02
-1.1707080E+00,2.44141E-01,4.88281E-02
-1.1706895E+00,2.63672E-01,8.78906E-02
-1.1706710E+00,2.83203E-01,4.88281E-02
-1.1706526E+00,2.24609E-01,2.92969E-02
-1.1706341E+00,2.05078E-01,-9.76562E-03
-1.1706156E+00,2.63672E-01,-9.76562E-03
-1.1705971E+00,2.44141E-01,2.92969E-02
-1.1705786E+00,2.24609E-01,9.76562E-03
-1.1705602E+00,2.63672E-01,-2.92969E-02
-1.1705417E+00,3.41797E-01,2.92969E-02
-1.1705232E+00,2.05078E-01,4.88281E-02
-1.1705047E+00,3.02734E-01,-9.76562E-03
-1.1704862E+00,2.24609E-01,2.92969E-02
-1.1704678E+00,3.02734E-01,4.88281E-02
-1.1704493E+00,2.83203E-01,6.83594E-02
-1.1704308E+00,2.83203E-01,2.92969E-02
-1.1704123E+00,2.44141E-01,4.88281E-02
-1.1703938E+00,2.83203E-01,2.92969E-02
-1.1703754E+00,2.24609E-01,6.83594E-02
-1.1703569E+00,2.83203E-01,4.88281E-02
-1.1703384E+00,2.63672E-01,2.92969E-02
-1.1703199E+00,2.63672E-01,4.88281E-02
-1.1703014E+00,2.44141E-01,2.92969E-02
-1.1702830E+00,2.83203E-01,9.76562E-03
-1.1702645E+00,2.83203E-01,4.88281E-02
-1.1702460E+00,2.24609E-01,2.92969E-02
-1.1702275E+00,2.83203E-01,-9.76562E-03
-1.1702090E+00,3.22266E-01,9.76562E-03
-1.1701906E+00,2.05078E-01,2.92969E-02
-1.1701721E+00,2.63672E-01,9.76562E-03
-1.1701536E+00,2.63672E-01,2.92969E-02
-1.1701351E+00,2.83203E-01,2.92969E-02
-1.1701166E+00,1.85547E-01,4.88281E-02
-1.1700982E+00,2.83203E-01,4.88281E-02
-1.1700797E+00,2.05078E-01,4.88281E-02
-1.1700612E+00,2.83203E-01,6.83594E-02
-1.1700427E+00,2.05078E-01,4.88281E-02
-1.1700242E+00,3.41797E-01,2.92969E-02
-1.1700058E+00,2.24609E-01,9.76562E-03
-1.1699873E+00,3.22266E-01,9.76562E-03
-1.1699688E+00,2.24609E-01,2.92969E-02
-1.1699503E+00,2.63672E-01,6.83594E-02
-1.1699318E+00,2.05078E-01,9.76562E-03
-1.1699134E+00,2.63672E-01,4.88281E-02
-1.1698949E+00,2.63672E-01,6.83594E-02
-1.1698764E+00,2.63672E-01,2.92969E-02
-1.1698579E+00,1.85547E-01,9.76562E-03
-1.1698394E+00,3.41797E-01,6.83594E-02
-1.1698210E+00,2.63672E-01,4.88281E-02
-1.1698025E+00,2.83203E-01,2.92969E-02
-1.1697840E+00,2.24609E-01,4.88281E-02
-1.1697655E+00,2.83203E-01,9.76562E-03
-1.1697470E+00,1.07422E-01,6.83594E-02
-1.1697286E+00,2.63672E-01,4.88281E-02
-1.1697101E+00,2.63672E-01,1.26953E-01
-1.1696916E+00,2.44141E-01,-4.88281E-02
-1.1696731E+00,2.05078E-01,2.92969E-02
-1.1696546E+00,2.05078E-01,4.88281E-02
-1.1696362E+00,1.66016E-01,9.76562E-03
-1.1696177E+00,2.44141E-01,2.92969E-02
-1.1695992E+00,2.44141E-01,9.76562E-03
-1.1695807E+00,2.83203E-01,2.92969E-02
-1.1695622E+00,1.66016E-01,9.76562E-03
-1.1695438E+00,2.83203E-01,-9.76562E-03
-1.1695253E+00,2.44141E-01,6.83594E-02
-1.1695068E+00,3.61328E-01,4.88281E-02
-1.1694883E+00,2.24609E-01,2.92969E-02
-1.1694698E+00,2.63672E-01,2.92969E-02
-1.1694514E+00,2.24609E-01,2.92969E-02
-1.1694329E+00,2.44141E-01,9.76562E-03
-1.1694144E+00,3.02734E-01,9.76562E-03
-1.1693959E+00,3.22266E-01,4.88281E-02
-1.1693774E+00,2.83203E-01,2.92969E-02
-1.1693590E+00,2.63672E-01,-4.88281E-02
-1.1693405E+00,2.24609E-01,2.92969E-02
-1.1693220E+00,2.44141E-01,9.76562E-03
-1.1693035E+00,2.05078E-01,9.76562E-03
-1.1692850E+00,2.63672E-01,4.88281E-02
-1.1692666E+00,2.44141E-01,6.83594E-02
-1.1692481E+00,2.83203E-01,4.88281E-02
-1.1692296E+00,1.85547E-01,6.83594E-02
-1.1692111E+00,3.02734E-01,2.92969E-02
-1.1691926E+00,2.83203E-01,8.78906E-02
-1.1691742E+00,2.63672E-01,9.76562E-03
-1.1691557E+00,2.63672E-01,9.76562E-03
-1.1691372E+00,2.63672E-01,2.92969E-02
-1.1691187E+00,2.05078E-01,4.88281E-02
-1.1691002E+00,2.63672E-01,4.88281E-02
-1.1690818E+00,2.24609E-01,4.88281E-02
-1.1690633E+00,2.63672E-01,2.92969E-02
-1.1690448E+00,2.63672E-01,6.83594E-02
-1.1690263E+00,2.83203E-01,4.88281E-02
-1.1690078E+00,2.63672E-01,2.92969E-02
-1.1689894E+00,1.85547E-01,4.88281E-02
-1.1689709E+00,3.22266E-01,6.83594E-02
-1.1689524E+00,2.83203E-01,2.92969E-02
-1.1689339E+00,2.83203E-01,4.88281E-02
-1.1689154E+00,3.02734E-01,4.88281E-02
-1.1688970E+00,2.24609E-01,4.88281E-02
-1.1688785E+00,2.24609E-01,2.92969E-02
-1.1688600E+00,2.83203E-01,2.92969E-02
-1.1688415E+00,2.83203E-01,6.83594E-02
-1.1688230E+00,3.41797E-01,2.92969E-02
-1.1688046E+00,2.24609E-01,-9.76562E-03
-1.1687861E+00,2.24609E-01,4.88281E-02
-1.1687676E+00,2.05078E-01,9.76562E-03
-1.1687491E+00,2.63672E-01,2.92969E-02
-1.1687306E+00,2.83203E-01,-9.76562E-03
-1.1687122E+00,2.24609E-01,9.76562E-03
-1.1686937E+00,2.83203E-01,9.76562E-03
-1.1686752E+00,2.83203E-01,2.92969E-02
-1.1686567E+00,2.05078E-01,2.92969E-02
-1.1686382E+00,2.83203E-01,2.92969E-02
-1.1686198E+00,2.44141E-01,9.76562E-03
-1.1686013E+00,1.66016E-01,1.26953E-01
-1.1685828E+00,2.44141E-01,2.92969E-02
-1.1685643E+00,2.05078E-01,6.83594E-02
-1.1685458E+00,3.02734E-01,9.76562E-03
-1.1685274E+00,2.83203E-01,-2.92969E-02
-1.1685089E+00,3.02734E-01,2.92969E-02
-1.1684904E+00,1.85547E-01,4.88281E-02
-1.1684719E+00,2.83203E-01,9.76562E-03
-1.1684534E+00,2.83203E-01,1.85547E-01
-1.1684350E+00,3.61328E-01,4.88281E-02
-1.1684165E+00,2.83203E-01,4.88281E-02
-1.1683980E+00,2.63672E-01,9.76562E-03
-1.1683795E+00,2.63672E-01,8.78906E-02
-1.1683610E+00,3.02734E-01,9.76562E-03
-1.1683426E+00,2.83203E-01,9.76562E-03
-1.1683241E+00,2.63672E-01,9.76562E-03
-1.1683056E+00,2.83203E-01,9.76562E-03
-1.1682871E+00,2.83203E-01,2.92969E-02
-1.1682686E+00,2.24609E-01,9.76562E-03
-1.1682502E+00,2.63672E-01,4.88281E-02
-1.1682317E+00,2.44141E-01,4.88281E-02
-1.1682132E+00,2.63672E-01,6.83594E-02
-1.1681947E+00,2.63672E-01,4.88281E-02
-1.1681762E+00,2.83203E-01,4.88281E-02
-1.1681578E+00,2.05078E-01,2.92969E-02
-1.1681393E+00,3.02734E-01,9.76562E-03
-1.1681208E+00,1.85547E-01,6.83594E-02
-1.1681023E+00,3.02734E-01,-2.92969E-02
-1.1680838E+00,2.83203E-01,6.83594E-02
-1.1680654E+00,2.44141E-01,2.92969E-02
-1.1680469E+00,1.46484E-01,1.46484E-01
-1.1680284E+00,2.24609E-01,4.88281E-02
-1.1680099E+00,2.44141E-01,2.92969E-02
-1.1679914E+00,2.44141E-01,9.76562E-03
-1.1679730E+00,1.46484E-01,9.76562E-03
-1.1679545E+00,2.63672E-01,9.76562E-03
-1.1679360E+00,2.83203E-01,4.88281E-02
-1.1679175E+00,3.41797E-01,9.76562E-03
-1.1678990E+00,2.63672E-01,6.83594E-02
-1.1678806E+00,2.63672E-01,4.88281E-02
-1.1678621E+00,2.44141E-01,9.76562E-03
-1.1678436E+00,2.83203E-01,9.76562E-03
-1.1678251E+00,2.24609E-01,6.83594E-02
-1.1678066E+00,2.83203E-01,-9.76562E-03
-1.1677882E+00,2.05078E-01,4.88281E-02
-1.1677697E+00,2.63672E-01,4.88281E-02
-1.1677512E+00,1.66016E-01,4.88281E-02
-1.1677327E+00,3.22266E-01,2.92969E-02
-1.1677142E+00,2.24609E-01,4.88281E-02
-1.1676958E+00,2.44141E-01,9.76562E-03
-1.1676773E+00,1.66016E-01,9.76562E-03
-1.1676588E+00,2.83203E-01,4.88281E-02
-1.1676403E+00,2.63672E-01,6.83594E-02
-1.1676218E+00,2.63672E-01,6.83594E-02
-1.1676034E+00,2.24609E-01,6.83594E-02
-1.1675849E+00,2.24609E-01,9.76562E-03
-1.1675664E+00,2.83203E-01,4.88281E-02
-1.1675479E+00,2.44141E-01,9.76562E-03
-1.1675294E+00,2.83203E-01,4.88281E-02
-1.1675110E+00,3.02734E-01,1.07422E-01
-1.1674925E+00,2.83203E-01,1.07422E-01
-1.1674740E+00,2.05078E-01,9.76562E-03
-1.1674555E+00,2.44141E-01,2.92969E-02
-1.1674370E+00,3.02734E-01,2.92969E-02
-1.1674186E+00,2.83203E-01,6.83594E-02
-1.1674001E+00,2.63672E-01,4.88281E-02
-1.1673816E+00,2.83203E-01,4.88281E-02
-1.1673631E+00,3.22266E-01,-2.92969E-02
-1.1673446E+00,3.02734E-01,4.88281E-02
-1.1673262E+00,3.22266E-01,9.76562E-03
-1.1673077E+00,2.05078E-01,6.83594E-02
-1.1672892E+00,3.41797E-01,9.76562E-03
-1.1672707E+00,2.83203E-01,2.92969E-02
-1.1672522E+00,2.24609E-01,2.92969E-02
-1.1672338E+00,2.83203E-01,6.83594E-02
-1.1672153E+00,3.22266E-01,2.92969E-02
-1.1671968E+00,2.44141E-01,1.07422E-01
-1.1671783E+00,2.83203E-01,-9.76562E-03
-1.1671598E+00,3.02734E-01,4.88281E-02
-1.1671414E+00,2.63672E-01,4.88281E-02
-1.1671229E+00,2.24609E-01,2.92969E-02
-1.1671044E+00,2.63672E-01,4.88281E-02
-1.1670859E+00,3.22266E-01,2.92969E-02
-1.1670674E+00,3.22266E-01,2.92969E-02
-1.1670490E+00,2.24609E-01,4.88281E-02
-1.1670305E+00,2.63672E-01,6.83594E-02
-1.1670120E+00,2.05078E-01,2.92969E-02
-1.1669935E+00,3.61328E-01,9.76562E-03
-1.1669750E+00,2.44141E-01,4.88281E-02
-1.1669566E+00,2.83203E-01,4.88281E-02
-1.1669381E+00,2.44141E-01,2.92969E-02
-1.1669196E+00,2.44141E-01,-9.76562E-03
-1.1669011E+00,2.83203E-01,2.92969E-02
-1.1668826E+00,2.44141E-01,4.88281E-02
-1.1668642E+00,2.83203E-01,9.76562E-03
-1.1668457E+00,2.83203E-01,9.76562E-03
-1.1668272E+00,2.83203E-01,8.78906E-02
-1.1668087E+00,2.83203E-01,9.76562E-03
-1.1667902E+00,2.83203E-01,2.92969E-02
-1.1667718E+00,2.24609E-01,4.88281E-02
-1.1667533E+00,2.83203E-01,8.78906E-02
-1.1667348E+00,2.83203E-01,6.83594E-02
-1.1667163E+00,2.24609E-01,6.83594E-02
-1.1666978E+00,2.63672E-01,9.76562E-03
-1.1666794E+00,2.83203E-01,4.88281E-02
-1.1666609E+00,2.83203E-01,2.92969E-02
-1.1666424E+00,2.83203E-01,4.88281E-02
-1.1666239E+00,2.83203E-01,9.76562E-03
-1.1666054E+00,3.02734E-01,9.76562E-03
-1.1665870E+00,2.83203E-01,2.92969E-02
-1.1665685E+00,2.63672E-01,9.76562E-03
-1.1665500E+00,2.83203E-01,2.92969E-02
-1.1665315E+00,2.05078E-01,2.92969E-02
-1.1665130E+00,2.63672E-01,4.88281E-02
-1.1664946E+00,2.24609E-01,2.92969E-02
-1.1664761E+00,2.83203E-01,4.88281E-02
-1.1664576E+00,2.83203E-01,2.92969E-02
-1.1664391E+00,2.83203E-01,2.92969E-02
-1.1664206E+00,2.05078E-01,2.92969E-02
-1.1664022E+00,2.63672E-01,2.92969E-02
-1.1663837E+00,2.83203E-01,4.88281E-02
-1.1663652E+00,3.02734E-01,9.76562E-03
-1.1663467E+00,2.83203E-01,-9.76562E-03
-1.1663282E+00,2.24609E-01,9.76562E-03
-1.1663098E+00,2.24609E-01,6.83594E-02
-1.1662913E+00,2.63672E-01,2.92969E-02
-1.1662728E+00,2.63672E-01,4.88281E-02
-1.1662543E+00,2.63672E-01,4.88281E-02
-1.1662358E+00,1.66016E-01,9.76562E-03
-1.1662174E+00,2.24609E-01,9.76562E-03
-1.1661989E+00,2.83203E-01,1.26953E-01
-1.1661804E+00,2.83203E-01,4.88281E-02
-1.1661619E+00,2.83203E-01,2.92969E-02
-1.1661434E+00,2.83203E-01,9.76562E-03
-1.1661250E+00,2.63672E-01,2.92969E-02
-1.1661065E+00,2.63672E-01,4.88281E-02
-1.1660880E+00,2.24609E-01,9.76562E-03
-1.1660695E+00,3.22266E-01,9.76562E-03
-1.1660510E+00,2.24609E-01,6.83594E-02
-1.1660326E+00,2.63672E-01,9.76562E-03
-1.1660141E+00,2.83203E-01,4.88281E-02
-1.1659956E+00,3.02734E-01,2.92969E-02
-1.1659771E+00,2.44141E-01,6.83594E-02
-1.1659586E+00,2.83203E-01,-6.83594E-02
-1.1659402E+00,2.83203E-01,2.92969E-02
-1.1659217E+00,3.22266E-01,9.76562E-03
-1.1659032E+00,3.22266E-01,4.88281E-02
-1.1658847E+00,3.02734E-01,4.88281E-02
-1.1658662E+00,2.44141E-01,9.76562E-03
-1.1658478E+00,2.44141E-01,9.76562E-03
-1.1658293E+00,2.44141E-01,8.78906E-02
-1.1658108E+00,3.41797E-01,4.88281E-02
-1.1657923E+00,2.83203E-01,6.83594E-02
-1.1657738E+00,2.24609E-01,2.92969E-02
-1.1657554E+00,2.63672E-01,4.88281E-02
-1.1657369E+00,2.63672E-01,9.76562E-03
-1.1657184E+00,2.83203E-01,8.78906E-02
-1.1656999E+00,2.24609E-01,2.92969E-02
-1.1656814E+00,2.83203E-01,9.76562E-03
-1.1656630E+00,2.44141E-01,6.83594E-02
-1.1656445E+00,2.44141E-01,2.92969E-02
-1.1656260E+00,2.63672E-01,1.07422E-01
-1.1656075E+00,2.24609E-01,2.92969E-02
-1.1655890E+00,2.63672E-01,9.76562E-03
-1.1655706E+00,2.63672E-01,9.76562E-03
-1.1655521E+00,2.24609E-01,2.92969E-02
-1.1655336E+00,2.05078E-01,6.83594E-02
-1.1655151E+00,3.22266E-01,2.92969E-02
-1.1654966E+00,2.63672E-01,4.88281E-02
-1.1654782E+00,2.83203E-01,-9.76562E-03
-1.1654597E+00,2.63672E-01,6.83594E-02
-1.1654412E+00,2.63672E-01,4.88281E-02
-1.1654227E+00,2.83203E-01,4.88281E-02
-1.1654042E+00,2.83203E-01,6.83594E-02
-1.1653858E+00,2.83203E-01,4.88281E-02
-1.1653673E+00,3.02734E-01,-9.76562E-03
-1.1653488E+00,2.24609E-01,4.88281E-02
-1.1653303E+00,2.24609E-01,2.92969E-02
-1.1653118E+00,2.83203E-01,-4.88281E-02
-1.1652934E+00,2.83203E-01,4.88281E-02
-1.1652749E+00,1.85547E-01,2.92969E-02
-1.1652564E+00,2.83203E-01,4.88281E-02
-1.1652379E+00,2.24609E-01,2.92969E-02
-1.1652194E+00,2.63672E-01,4.88281E-02
-1.1652010E+00,2.63672E-01,4.88281E-02
-1.1651825E+00,2.24609E-01,4.88281E-02
-1.1651640E+00,3.22266E-01,8.78906E-02
-1.1651455E+00,3.22266E-01,6.83594E-02
-1.1651270E+00,2.83203E-01,6.83594E-02
-1.1651086E+00,2.83203E-01,9.76562E-03
-1.1650901E+00,2.83203E-01,6.83594E-02
-1.1650716E+00,3.41797E-01,-9.76562E-03
-1.1650531E+00,2.83203E-01,2.92969E-02
-1.1650346E+00,2.83203E-01,-9.76562E-03
-1.1650162E+00,2.44141E-01,4.88281E-02
-1.1649977E+00,2.44141E-01,2.92969E-02
-1.1649792E+00,2.83203E-01,6.83594E-02
-1.1649607E+00,2.44141E-01,4.88281E-02
-1.1649422E+00,2.83203E-01,-9.76562E-03
-1.1649238E+00,2.24609E-01,9.76562E-03
-1.1649053E+00,2.63672E-01,6.83594E-02
-1.1648868E+00,2.83203E-01,-9.76562E-03
-1.1648683E+00,3.02734E-01,2.92969E-02
-1.1648498E+00,3.02734E-01,9.76562E-03
-1.1648314E+00,2.44141E-01,2.92969E-02
-1.1648129E+00,2.83203E-01,2.92969E-02
-1.1647944E+00,3.22266E-01,2.92969E-02
-1.1647759E+00,2.83203E-01,2.92969E-02
-1.1647574E+00,2.24609E-01,-9.76562E-03
-1.1647390E+00,3.02734E-01,2.92969E-02
-1.1647205E+00,2.83203E-01,9.76562E-03
-1.1647020E+00,3.02734E-01,4.88281E-02
-1.1646835E+00,2.63672E-01,8.78906E-02
-1.1646650E+00,3.02734E-01,9.76562E-03
-1.1646466E+00,3.22266E-01,4.88281E-02
-1.1646281E+00,2.44141E-01,1.26953E-01
-1.1646096E+00,2.63672E-01,2.92969E-02
-1.1645911E+00,2.63672E-01,9.76562E-03
-1.1645726E+00,2.83203E-01,4.88281E-02
-1.1645542E+00,3.02734E-01,-9.76562E-03
-1.1645357E+00,2.63672E-01,6.83594E-02
-1.1645172E+00,2.63672E-01,2.92969E-02
-1.1644987E+00,2.24609E-01,6.83594E-02
-1.1644802E+00,3.02734E-01,6.83594E-02
-1.1644618E+00,2.63672E-01,2.92969E-02
-1.1644433E+00,3.22266E-01,4.88281E-02
-1.1644248E+00,2.44141E-01,4.88281E-02
-1.1644063E+00,2.05078E-01,2.92969E-02
-1.1643878E+00,2.24609E-01,2.92969E-02
-1.1643694E+00,3.61328E-01,2.92969E-02
-1.1643509E+00,2.05078E-01,8.78906E-02
-1.1643324E+00,3.02734E-01,9.76562E-03
-1.1643139E+00,2.83203E-01,6.83594E-02
-1.1642954E+00,3.22266E-01,2.92969E-02
-1.1642770E+00,2.44141E-01,6.83594E-02
-1.1642585E+00,2.83203E-01,6.83594E-02
-1.1642400E+00,2.83203E-01,-9.76562E-03
-1.1642215E+00,3.02734E-01,-8.78906E-02
-1.1642030E+00,2.24609E-01,9.76562E-03
-1.1641846E+00,2.63672E-01,6.83594E-02
-1.1641661E+00,2.83203E-01,6.83594E-02
-1.1641476E+00,3.02734E-01,2.92969E-02
-1.1641291E+00,2.83203E-01,-9.76562E-03
-1.1641106E+00,2.83203E-01,2.92969E-02
-1.1640922E+00,2.05078E-01,8.78906E-02
-1.1640737E+00,3.02734E-01,-9.76562E-03
-1.1640552E+00,2.63672E-01,2.92969E-02
-1.1640367E+00,2.83203E-01,4.88281E-02
-1.1640182E+00,2.63672E-01,1.07422E-01
-1.1639998E+00,2.24609E-01,2.92969E-02
-1.1639813E+00,2.83203E-01,6.83594E-02
-1.1639628E+00,2.63672E-01,-9.76562E-03
-1.1639443E+00,2.24609E-01,8.78906E-02
-1.1639258E+00,2.83203E-01,-2.92969E-02
-1.1639074E+00,3.61328E-01,4.88281E-02
-1.1638889E+00,2.05078E-01,4.88281E-02
-1.1638704E+00,2.83203E-01,-4.88281E-02
-1.1638519E+00,2.83203E-01,9.76562E-03
-1.1638334E+00,3.02734E-01,9.76562E-03
-1.1638150E+00,2.83203E-01,-9.76562E-03
-1.1637965E+00,2.83203E-01,8.78906E-02
-1.1637780E+00,3.41797E-01,9.76562E-03
-1.1637595E+00,3.02734E-01,-9.76562E-03
-1.1637410E+00,3.02734E-01,2.92969E-02
-1.1637226E+00,3.22266E-01,1.26953E-01
-1.1637041E+00,2.05078E-01,-9.76562E-03
-1.1636856E+00,3.61328E-01,9.76562E-03
-1.1636671E+00,3.22266E-01,-2.92969E-02
-1.1636486E+00,2.83203E-01,9.76562E-03
-1.1636302E+00,3.41797E-01,4.88281E-02
-1.1636117E+00,2.24609E-01,4.88281E-02
-1.1635932E+00,2.24609E-01,4.88281E-02
-1.1635747E+00,2.83203E-01,9.76562E-03
-1.1635562E+00,3.02734E-01,4.88281E-02
-1.1635378E+00,2.83203E-01,6.83594E-02
-1.1635193E+00,3.02734E-01,2.92969E-02
-1.1635008E+00,2.63672E-01,9.76562E-03
-1.1634823E+00,2.83203E-01,-9.76562E-03
-1.1634638E+00,2.24609E-01,6.83594E-02
-1.1634454E+00,3.02734E-01,-9.76562E-03
-1.1634269E+00,2.44141E-01,6.83594E-02
-1.1634084E+00,2.63672E-01,1.07422E-01
-1.1633899E+00,2.83203E-01,9.76562E-03
-1.1633714E+00,2.83203E-01,6.83594E-02
-1.1633530E+00,3.02734E-01,4.88281E-02
-1.1633345E+00,3.22266E-01,9.76562E-03
-1.1633160E+00,3.02734E-01,8.78906E-02
-1.1632975E+00,2.63672E-01,6.83594E-02
-1.1632790E+00,1.85547E-01,4.88281E-02
-1.1632606E+00,2.63672E-01,9.76562E-03
-1.1632421E+00,3.02734E-01,2.92969E-02
-1.1632236E+00,3.02734E-01,9.76562E-03
-1.1632051E+00,3.02734E-01,2.92969E-02
-1.1631866E+00,3.02734E-01,-9.76562E-03
-1.1631682E+00,2.83203E-01,6.83594E-02
-1.1631497E+00,3.02734E-01,-4.88281E-02
-1.1631312E+00,2.83203E-01,6.83594E-02
-1.1631127E+00,2.44141E-01,9.76562E-03
-1.1630942E+00,2.83203E-01,-2.92969E-02
-1.1630758E+00,3.02734E-01,2.92969E-02
-1.1630573E+00,2.63672E-01,2.92969E-02
-1.1630388E+00,2.24609E-01,2.92969E-02
-1.1630203E+00,2.83203E-01,2.92969E-02
-1.1630018E+00,3.61328E-01,9.76562E-03
-1.1629834E+00,2.83203E-01,6.83594E-02
-1.1629649E+00,2.83203E-01,9.76562E-03
-1.1629464E+00,2.83203E-01,9.76562E-03
-1.1629279E+00,3.02734E-01,-9.76562E-03
-1.1629094E+00,2.83203E-01,2.92969E-02
-1.1628910E+00,2.83203E-01,4.88281E-02
-1.1628725E+00,3.41797E-01,6.83594E-02
-1.1628540E+00,2.63672E-01,9.76562E-03
-1.1628355E+00,3.02734E-01,4.88281E-02
-1.1628170E+00,2.44141E-01,9.76562E-03
-1.1627986E+00,2.44141E-01,6.83594E-02
-1.1627801E+00,3.22266E-01,2.92969E-02
-1.1627616E+00,2.83203E-01,2.92969E-02
-1.1627431E+00,3.22266E-01,9.76562E-03
-1.1627246E+00,3.02734E-01,2.92969E-02
-1.1627062E+00,3.02734E-01,9.76562E-03
-1.1626877E+00,1.85547E-01,1.07422E-01
-1.1626692E+00,2.63672E-01,2.92969E-02
-1.1626507E+00,2.83203E-01,4.88281E-02
-1.1626322E+00,3.22266E-01,2.92969E-02
-1.1626138E+00,2.63672E-01,2.92969E-02
-1.1625953E+00,3.22266E-01,-2.92969E-02
-1.1625768E+00,2.24609E-01,2.92969E-02
-1.1625583E+00,3.02734E-01,9.76562E-03
-1.1625398E+00,2.24609E-01,4.88281E-02
-1.1625214E+00,2.05078E-01,2.92969E-02
-1.1625029E+00,2.24609E-01,4.88281E-02
-1.1624844E+00,2.83203E-01,6.83594E-02
-1.1624659E+00,2.83203E-01,2.92969E-02
-1.1624474E+00,2.83203E-01,-9.76562E-03
-1.1624290E+00,2.24609E-01,-6.83594E-02
-1.1624105E+00,2.63672E-01,9.76562E-03
-1.1623920E+00,1.85547E-01,4.88281E-02
-1.1623735E+00,2.83203E-01,4.88281E-02
-1.1623550E+00,2.63672E-01,6.83594E-02
-1.1623366E+00,2.83203E-01,4.88281E-02
-1.1623181E+00,3.41797E-01,2.92969E-02
-1.1622996E+00,3.41797E-01,-4.88281E-02
-1.1622811E+00,2.63672E-01,-9.76562E-03
-1.1622626E+00,3.41797E-01,9.76562E-03
-1.1622442E+00,3.02734E-01,6.83594E-02
-1.1622257E+00,2.83203E-01,9.76562E-03
-1.1622072E+00,3.02734E-01,6.83594E-02
-1.1621887E+00,2.83203E-01,4.88281E-02
-1.1621702E+00,2.83203E-01,4.88281E-02
-1.1621518E+00,2.83203E-01,2.92969E-02
-1.1621333E+00,2.24609E-01,6.83594E-02
-1.1621148E+00,2.83203E-01,2.92969E-02
-1.1620963E+00,2.83203E-01,2.92969E-02
-1.1620778E+00,3.02734E-01,9.76562E-03
-1.1620594E+00,2.63672E-01,9.76562E-03
-1.1620409E+00,3.22266E-01,4.88281E-02
-1.1620224E+00,2.63672E-01,4.88281E-02
-1.1620039E+00,2.83203E-01,9.76562E-03
-1.1619854E+00,2.44141E-01,4.88281E-02
-1.1619670E+00,2.83203E-01,-9.76562E-03
-1.1619485E+00,2.44141E-01,-9.76562E-03
-1.1619300E+00,2.83203E-01,2.92969E-02
-1.1619115E+00,2.24609E-01,4.88281E-02
-1.1618930E+00,2.83203E-01,2.92969E-02
-1.1618746E+00,2.63672E-01,9.76562E-03
-1.1618561E+00,3.22266E-01,2.92969E-02
-1.1618376E+00,2.83203E-01,4.88281E-02
-1.1618191E+00,3.41797E-01,-9.76562E-03
-1.1618006E+00,2.24609E-01,4.88281E-02
-1.1617822E+00,2.83203E-01,-4.88281E-02
-1.1617637E+00,2.24609E-01,9.76562E-03
-1.1617452E+00,2.83203E-01,1.07422E-01
-1.1617267E+00,2.24609E-01,4.88281E-02
-1.1617082E+00,3.61328E-01,9.76562E-03
-1.1616898E+00,2.83203E-01,8.78906E-02
-1.1616713E+00,3.61328E-01,9.76562E-03
-1.1616528E+00,2.83203E-01,-9.76562E-03
-1.1616343E+00,2.44141E-01,9.76562E-03
-1.1616158E+00,2.83203E-01,9.76562E-03
-1.1615974E+00,2.05078E-01,9.76562E-03
-1.1615789E+00,3.22266E-01,4.88281E-02
-1.1615604E+00,3.22266E-01,6.83594E-02
-1.1615419E+00,2.05078E-01,1.07422E-01
-1.1615234E+00,3.22266E-01,9.76562E-03
-1.1615050E+00,3.22266E-01,-9.76562E-03
-1.1614865E+00,3.02734E-01,9.76562E-03
-1.1614680E+00,2.05078E-01,9.76562E-03
-1.1614495E+00,4.00391E-01,9.76562E-03
-1.1614310E+00,2.83203E-01,4.88281E-02
-1.1614126E+00,3.02734E-01,8.78906E-02
-1.1613941E+00,2.44141E-01,4.88281E-02
-1.1613756E+00,3.02734E-01,9.76562E-03
-1.1613571E+00,2.44141E-01,6.83594E-02
-1.1613386E+00,3.61328E-01,2.92969E-02
-1.1613202E+00,2.24609E-01,4.88281E-02
-1.1613017E+00,3.22266E-01,4.88281E-02
-1.1612832E+00,2.83203E-01,2.92969E-02
-1.1612647E+00,2.63672E-01,-9.76562E-03
-1.1612462E+00,2.83203E-01,8.78906E-02
-1.1612278E+00,3.41797E-01,9.76562E-03
-1.1612093E+00,2.24609E-01,2.92969E-02
-1.1611908E+00,2.63672E-01,4.88281E-02
-1.1611723E+00,2.83203E-01,2.92969E-02
-1.1611538E+00,2.83203E-01,9.76562E-03
-1.1611354E+00,3.02734E-01,2.92969E-02
-1.1611169E+00,3.22266E-01,4.88281E-02
-1.1610984E+00,2.24609E-01,1.07422E-01
-1.1610799E+00,3.22266E-01,-6.83594E-02
-1.1610614E+00,2.63672E-01,4.88281E-02
-1.1610430E+00,3.02734E-01,9.76562E-03
-1.1610245E+00,2.44141E-01,2.92969E-02
-1.1610060E+00,3.02734E-01,-9.76562E-03
-1.1609875E+00,2.83203E-01,2.92969E-02
-1.1609690E+00,2.83203E-01,9.76562E-03
-1.1609506E+00,2.44141E-01,4.88281E-02
-1.1609321E+00,2.83203E-01,4.88281E-02
-1.1609136E+00,2.83203E-01,4.88281E-02
-1.1608951E+00,3.41797E-01,4.88281E-02
-1.1608766E+00,2.83203E-01,2.92969E-02
-1.1608582E+00,3.02734E-01,-9.76562E-03
-1.1608397E+00,2.63672E-01,2.92969E-02
-1.1608212E+00,2.83203E-01,2.92969E-02
-1.1608027E+00,2.24609E-01,9.76562E-03
-1.1607842E+00,3.02734E-01,9.76562E-03
-1.1607658E+00,2.83203E-01,9.76562E-03
-1.1607473E+00,3.41797E-01,8.78906E-02
-1.1607288E+00,3.41797E-01,6.83594E-02
-1.1607103E+00,3.61328E-01,-9.76562E-03
-1.1606918E+00,3.02734E-01,9.76562E-03
-1.1606734E+00,3.02734E-01,9.76562E-03
-1.1606549E+00,3.02734E-01,9.76562E-03
-1.1606364E+00,3.80859E-01,9.76562E-03
-1.1606179E+00,2.24609E-01,2.92969E-02
-1.1605994E+00,3.22266E-01,2.92969E-02
-1.1605810E+00,2.83203E-01,6.83594E-02
-1.1605625E+00,3.22266E-01,4.88281E-02
-1.1605440E+00,2.83203E-01,2.92969E-02
-1.1605255E+00,3.41797E-01,2.92969E-02
-1.1605070E+00,2.24609E-01,1.07422E-01
-1.1604886E+00,3.02734E-01,4.88281E-02
-1.1604701E+00,2.83203E-01,4.88281E-02
-1.1604516E+00,2.83203E-01,-2.92969E-02
-1.1604331E+00,3.02734E-01,2.92969E-02
-1.1604146E+00,3.41797E-01,2.92969E-02
-1.1603962E+00,2.83203E-01,4.88281E-02
-1.1603777E+00,2.83203E-01,9.76562E-03
-1.1603592E+00,2.83203E-01,6.83594E-02
-1.1603407E+00,2.44141E-01,9.76562E-03
-1.1603222E+00,2.63672E-01,6.83594E-02
-1.1603038E+00,2.83203E-01,9.76562E-03
-1.1602853E+00,2.83203E-01,4.88281E-02
-1.1602668E+00,2.63672E-01,4.88281E-02
-1.1602483E+00,2.24609E-01,6.83594E-02
-1.1602298E+00,3.02734E-01,2.92969E-02
-1.1602114E+00,2.83203E-01,-4.88281E-02
-1.1601929E+00,3.41797E-01,9.76562E-03
-1.1601744E+00,2.83203E-01,4.88281E-02
-1.1601559E+00,2.83203E-01,9.76562E-03
-1.1601374E+00,2.83203E-01,6.83594E-02
-1.1601190E+00,3.22266E-01,-9.76562E-03
-1.1601005E+00,2.24609E-01,6.83594E-02
-1.1600820E+00,3.22266E-01,4.88281E-02
-1.1600635E+00,2.24609E-01,4.88281E-02
-1.1600450E+00,3.02734E-01,-2.92969E-02
-1.1600266E+00,2.83203E-01,4.88281E-02
-1.1600081E+00,3.02734E-01,4.88281E-02
-1.1599896E+00,3.02734E-01,2.92969E-02
-1.1599711E+00,3.22266E-01,9.76562E-03
-1.1599526E+00,3.22266E-01,2.92969E-02
-1.1599342E+00,3.02734E-01,6.83594E-02
-1.1599157E+00,2.83203E-01,2.92969E-02
-1.1598972E+00,3.22266E-01,4.88281E-02
-1.1598787E+00,2.83203E-01,9.76562E-03
-1.1598602E+00,3.02734E-01,6.83594E-02
-1.1598418E+00,2.83203E-01,2.92969E-02
-1.1598233E+00,2.83203E-01,9.76562E-03
-1.1598048E+00,2.24609E-01,4.88281E-02
-1.1597863E+00,3.41797E-01,9.76562E-03
-1.1597678E+00,3.02734E-01,4.88281E-02
-1.1597494E+00,2.83203E-01,9.76562E-03
-1.1597309E+00,2.44141E-01,9.76562E-03
-1.1597124E+00,3.22266E-01,2.92969E-02
-1.1596939E+00,2.83203E-01,2.92969E-02
-1.1596754E+00,3.02734E-01,2.92969E-02
-1.1596570E+00,2.24609E-01,-9.76562E-03
-1.1596385E+00,2.83203E-01,-2.92969E-02
-1.1596200E+00,2.83203E-01,6.83594E-02
-1.1596015E+00,2.24609E-01,2.92969E-02
-1.1595830E+00,3.02734E-01,2.92969E-02
-1.1595646E+00,2.83203E-01,2.92969E-02
-1.1595461E+00,2.83203E-01,2.92969E-02
-1.1595276E+00,2.83203E-01,2.92969E-02
-1.1595091E+00,2.83203E-01,9.76562E-03
-1.1594906E+00,2.44141E-01,2.92969E-02
-1.1594722E+00,2.83203E-01,9.76562E-03
-1.1594537E+00,3.02734E-01,2.92969E-02
-1.1594352E+00,2.63672E-01,2.92969E-02
-1.1594167E+00,3.22266E-01,9.76562E-03
-1.1593982E+00,2.83203E-01,6.83594E-02
-1.1593798E+00,3.41797E-01,6.83594E-02
-1.1593613E+00,2.83203E-01,2.92969E-02
-1.1593428E+00,3.61328E-01,2.92969E-02
-1.1593243E+00,3.22266E-01,2.92969E-02
-1.1593058E+00,3.41797E-01,9.76562E-03
-1.1592874E+00,2.83203E-01,8.78906E-02
-1.1592689E+00,3.41797E-01,9.76562E-03
-1.1592504E+00,2.63672E-01,8.78906E-02
-1.1592319E+00,2.63672E-01,2.92969E-02
-1.1592134E+00,3.02734E-01,2.92969E-02
-1.1591950E+00,3.22266E-01,2.92969E-02
-1.1591765E+00,2.83203E-01,4.88281E-02
-1.1591580E+00,3.41797E-01,9.76562E-03
-1.1591395E+00,2.83203E-01,1.26953E-01
-1.1591210E+00,3.41797E-01,-9.76562E-03
-1.1591026E+00,3.02734E-01,2.92969E-02
-1.1590841E+00,2.44141E-01,9.76562E-03
-1.1590656E+00,3.02734E-01,4.88281E-02
-1.1590471E+00,3.02734E-01,2.92969E-02
-1.1590286E+00,2.83203E-01,6.83594E-02
-1.1590102E+00,3.22266E-01,-4.88281E-02
-1.1589917E+00,3.02734E-01,1.46484E-01
-1.1589732E+00,3.22266E-01,6.83594E-02
-1.1589547E+00,3.02734E-01,2.92969E-02
-1.1589362E+00,2.83203E-01,4.88281E-02
-1.1589178E+00,2.83203E-01,2.92969E-02
-1.1588993E+00,2.83203E-01,1.07422E-01
-1.1588808E+00,3.02734E-01,4.88281E-02
-1.1588623E+00,3.22266E-01,8.78906E-02
-1.1588438E+00,2.44141E-01,9.76562E-03
-1.1588254E+00,3.02734E-01,2.92969E-02
-1.1588069E+00,2.63672E-01,8.78906E-02
-1.1587884E+00,3.22266E-01,2.92969E-02
-1.1587699E+00,2.44141E-01,6.83594E-02
-1.1587514E+00,3.61328E-01,4.88281E-02
-1.1587330E+00,2.83203E-01,2.92969E-02
-1.1587145E+00,3.02734E-01,2.92969E-02
-1.1586960E+00,3.22266E-01,2.92969E-02
-1.1586775E+00,2.83203E-01,2.92969E-02
-1.1586590E+00,2.83203E-01,1.07422E-01
-1.1586406E+00,2.83203E-01,9.76562E-03
-1.1586221E+00,2.83203E-01,2.92969E-02
-1.1586036E+00,3.02734E-01,-9.76562E-03
-1.1585851E+00,2.24609E-01,9.76562E-03
-1.1585666E+00,3.22266E-01,9.76562E-03
-1.1585482E+00,1.85547E-01,6.83594E-02
-1.1585297E+00,3.22266E-01,6.83594E-02
-1.1585112E+00,2.63672E-01,9.76562E-03
-1.1584927E+00,3.22266E-01,2.92969E-02
-1.1584742E+00,3.61328E-01,2.92969E-02
-1.1584558E+00,2.83203E-01,-9.76562E-03
-1.1584373E+00,2.83203E-01,9.76562E-03
-1.1584188E+00,3.41797E-01,4.88281E-02
-1.1584003E+00,3.02734E-01,2.92969E-02
-1.1583818E+00,3.80859E-01,2.92969E-02
-1.1583634E+00,2.44141E-01,4.88281E-02
-1.1583449E+00,2.83203E-01,4.88281E-02
-1.1583264E+00,2.83203E-01,4.88281E-02
-1.1583079E+00,3.61328E-01,4.88281E-02
-1.1582894E+00,2.83203E-01,2.92969E-02
-1.1582710E+00,3.41797E-01,2.92969E-02
-1.1582525E+00,2.24609E-01,9.76562E-03
-1.1582340E+00,3.22266E-01,9.76562E-03
-1.1582155E+00,3.22266E-01,8.78906E-02
-1.1581970E+00,3.22266E-01,4.88281E-02
-1.1581786E+00,2.24609E-01,2.92969E-02
-1.1581601E+00,2.83203E-01,9.76562E-03
-1.1581416E+00,2.83203E-01,6.83594E-02
-1.1581231E+00,3.41797E-01,-9.76562E-03
-1.1581046E+00,3.02734E-01,6.83594E-02
-1.1580862E+00,2.83203E-01,9.76562E-03
-1.1580677E+00,3.41797E-01,2.92969E-02
-1.1580492E+00,2.44141E-01,8.78906E-02
-1.1580307E+00,3.22266E-01,4.88281E-02
-1.1580122E+00,3.61328E-01,6.83594E-02
-1.1579938E+00,2.44141E-01,1.07422E-01
-1.1579753E+00,2.44141E-01,9.76562E-03
-1.1579568E+00,3.80859E-01,4.88281E-02
-1.1579383E+00,3.02734E-01,2.92969E-02
-1.1579198E+00,2.83203E-01,4.88281E-02
-1.1579014E+00,2.63672E-01,9.76562E-03
-1.1578829E+00,2.83203E-01,4.88281E-02
-1.1578644E+00,4.00391E-01,2.92969E-02
-1.1578459E+00,2.05078E-01,2.92969E-02
-1.1578274E+00,3.22266E-01,9.76562E-03
-1.1578090E+00,3.41797E-01,9.76562E-03
-1.1577905E+00,3.41797E-01,2.92969E-02
-1.1577720E+00,2.24609E-01,9.76562E-03
-1.1577535E+00,3.22266E-01,2.92969E-02
-1.1577350E+00,3.22266E-01,2.92969E-02
-1.1577166E+00,2.63672E-01,4.88281E-02
-1.1576981E+00,2.83203E-01,6.83594E-02
-1.1576796E+00,3.61328E-01,2.92969E-02
-1.1576611E+00,2.83203E-01,4.88281E-02
-1.1576426E+00,3.41797E-01,9.76562E-03
-1.1576242E+00,3.02734E-01,6.83594E-02
-1.1576057E+00,2.83203E-01,-9.76562E-03
-1.1575872E+00,2.83203E-01,1.07422E-01
-1.1575687E+00,3.41797E-01,9.76562E-03
-1.1575502E+00,3.02734E-01,6.83594E-02
-1.1575318E+00,3.22266E-01,9.76562E-03
-1.1575133E+00,2.24609E-01,4.88281E-02
-1.1574948E+00,3.02734E-01,2.92969E-02
-1.1574763E+00,3.02734E-01,4.88281E-02
-1.1574578E+00,3.41797E-01,9.76562E-03
-1.1574394E+00,3.41797E-01,4.88281E-02
-1.1574209E+00,2.83203E-01,2.92969E-02
-1.1574024E+00,2.83203E-01,6.83594E-02
-1.1573839E+00,3.61328E-01,9.76562E-03
-1.1573654E+00,2.63672E-01,4.88281E-02
-1.1573470E+00,2.83203E-01,4.88281E-02
-1.1573285E+00,3.22266E-01,-9.76562E-03
-1.1573100E+00,3.02734E-01,2.92969E-02
-1.1572915E+00,3.41797E-01,-4.88281E-02
-1.1572730E+00,3.02734E-01,9.76562E-03
-1.1572546E+00,2.83203E-01,6.83594E-02
-1.1572361E+00,3.61328E-01,9.76562E-03
-1.1572176E+00,2.24609E-01,4.88281E-02
-1.1571991E+00,3.41797E-01,-9.76562E-03
-1.1571806E+00,3.22266E-01,9.76562E-03
-1.1571622E+00,2.83203E-01,-2.92969E-02
-1.1571437E+00,2.83203E-01,2.92969E-02
-1.1571252E+00,3.61328E-01,4.88281E-02
-1.1571067E+00,3.22266E-01,4.88281E-02
-1.1570882E+00,3.02734E-01,9.76562E-03
-1.1570698E+00,3.02734E-01,2.92969E-02
-1.1570513E+00,3.61328E-01,2.92969E-02
-1.1570328E+00,3.41797E-01,9.76562E-03
-1.1570143E+00,3.41797E-01,-9.76562E-03
-1.1569958E+00,3.02734E-01,2.92969E-02
-1.1569774E+00,3.41797E-01,-9.76562E-03
-1.1569589E+00,3.22266E-01,4.88281E-02
-1.1569404E+00,2.83203E-01,4.88281E-02
-1.1569219E+00,3.02734E-01,6.83594E-02
-1.1569034E+00,3.41797E-01,-4.88281E-02
-1.1568850E+00,3.61328E-01,1.26953E-01
-1.1568665E+00,3.41797E-01,-9.76562E-03
-1.1568480E+00,3.02734E-01,4.88281E-02
-1.1568295E+00,3.61328E-01,9.76562E-03
-1.1568110E+00,2.44141E-01,6.83594E-02
-1.1567926E+00,2.83203E-01,8.78906E-02
-1.1567741E+00,2.24609E-01,4.88281E-02
-1.1567556E+00,3.61328E-01,9.76562E-03
-1.1567371E+00,2.83203E-01,6.83594E-02
-1.1567186E+00,3.61328E-01,9.76562E-03
-1.1567002E+00,3.61328E-01,6.83594E-02
-1.1566817E+00,3.41797E-01,9.76562E-03
-1.1566632E+00,2.63672E-01,6.83594E-02
-1.1566447E+00,2.83203E-01,9.76562E-03
-1.1566262E+00,2.83203E-01,2.92969E-02
-1.1566078E+00,3.22266E-01,6.83594E-02
-1.1565893E+00,3.02734E-01,-9.76562E-03
-1.1565708E+00,3.02734E-01,9.76562E-03
-1.1565523E+00,2.83203E-01,2.92969E-02
-1.1565338E+00,2.83203E-01,9.76562E-03
-1.1565154E+00,2.83203E-01,2.92969E-02
-1.1564969E+00,4.00391E-01,4.88281E-02
-1.1564784E+00,2.83203E-01,6.83594E-02
-1.1564599E+00,4.00391E-01,2.92969E-02
-1.1564414E+00,3.02734E-01,2.92969E-02
-1.1564230E+00,3.02734E-01,4.88281E-02
-1.1564045E+00,2.24609E-01,6.83594E-02
-1.1563860E+00,3.02734E-01,4.88281E-02
-1.1563675E+00,2.83203E-01,4.88281E-02
-1.1563490E+00,2.83203E-01,9.76562E-03
-1.1563306E+00,2.83203E-01,6.83594E-02
-1.1563121E+00,3.41797E-01,6.83594E-02
-1.1562936E+00,2.83203E-01,8.78906E-02
-1.1562751E+00,3.22266E-01,2.92969E-02
-1.1562566E+00,3.02734E-01,1.07422E-01
-1.1562382E+00,3.22266E-01,9.76562E-03
-1.1562197E+00,2.83203E-01,9.76562E-03
-1.1562012E+00,3.80859E-01,-9.76562E-03
-1.1561827E+00,3.41797E-01,2.92969E-02
-1.1561642E+00,3.41797E-01,6.83594E-02
-1.1561458E+00,2.83203E-01,4.88281E-02
-1.1561273E+00,3.61328E-01,9.76562E-03
-1.1561088E+00,3.41797E-01,4.88281E-02
-1.1560903E+00,2.44141E-01,-9.76562E-03
-1.1560718E+00,3.02734E-01,4.88281E-02
-1.1560534E+00,2.83203E-01,9.76562E-03
-1.1560349E+00,2.83203E-01,2.92969E-02
-1.1560164E+00,2.83203E-01,9.76562E-03
-1.1559979E+00,3.02734E-01,6.83594E-02
-1.1559794E+00,3.80859E-01,9.76562E-03
-1.1559610E+00,2.83203E-01,6.83594E-02
-1.1559425E+00,3.22266E-01,2.92969E-02
-1.1559240E+00,3.02734E-01,2.92969E-02
-1.1559055E+00,4.00391E-01,9.76562E-03
-1.1558870E+00,3.22266E-01,4.88281E-02
-1.1558686E+00,3.22266E-01,9.76562E-03
-1.1558501E+00,2.83203E-01,2.92969E-02
-1.1558316E+00,2.83203E-01,2.92969E-02
-1.1558131E+00,2.83203E-01,4.88281E-02
-1.1557946E+00,3.22266E-01,9.76562E-03
-1.1557762E+00,2.83203E-01,6.83594E-02
-1.1557577E+00,3.22266E-01,6.83594E-02
-1.1557392E+00,3.22266E-01,9.76562E-03
-1.1557207E+00,3.61328E-01,2.92969E-02
-1.1557022E+00,2.83203E-01,6.83594E-02
-1.1556838E+00,2.83203E-01,2.92969E-02
-1.1556653E+00,2.83203E-01,6.83594E-02
-1.1556468E+00,2.83203E-01,-4.88281E-02
-1.1556283E+00,3.22266E-01,6.83594E-02
-1.1556098E+00,3.22266E-01,4.88281E-02
-1.1555914E+00,2.24609E-01,-4.88281E-02
-1.1555729E+00,3.22266E-01,4.88281E-02
-1.1555544E+00,3.02734E-01,6.83594E-02
-1.1555359E+00,3.22266E-01,2.92969E-02
-1.1555174E+00,2.63672E-01,1.07422E-01
-1.1554990E+00,3.41797E-01,4.88281E-02
-1.1554805E+00,3.22266E-01,2.92969E-02
-1.1554620E+00,3.41797E-01,4.88281E-02
-1.1554435E+00,2.83203E-01,9.76562E-03
-1.1554250E+00,3.02734E-01,4.88281E-02
-1.1554066E+00,2.83203E-01,9.76562E-03
-1.1553881E+00,3.22266E-01,2.92969E-02
-1.1553696E+00,3.22266E-01,6.83594E-02
-1.1553511E+00,3.41797E-01,6.83594E-02
-1.1553326E+00,2.83203E-01,6.83594E-02
-1.1553142E+00,3.02734E-01,2.92969E-02
-1.1552957E+00,3.61328E-01,9.76562E-03
-1.1552772E+00,2.83203E-01,4.88281E-02
-1.1552587E+00,2.83203E-01,1.26953E-01
-1.1552402E+00,3.22266E-01,2.92969E-02
-1.1552218E+00,3.02734E-01,4.88281E-02
-1.1552033E+00,3.02734E-01,9.76562E-03
-1.1551848E+00,2.83203E-01,2.92969E-02
-1.1551663E+00,2.83203E-01,9.76562E-03
-1.1551478E+00,3.02734E-01,6.83594E-02
-1.1551294E+00,3.02734E-01,4.88281E-02
-1.1551109E+00,2.63672E-01,6.83594E-02
-1.1550924E+00,2.44141E-01,-2.92969E-02
-1.1550739E+00,2.83203E-01,2.92969E-02
-1.1550554E+00,4.00391E-01,9.76562E-03
-1.1550370E+00,3.61328E-01,2.92969E-02
-1.1550185E+00,3.22266E-01,9.76562E-03
-1.1550000E+00,2.83203E-01,8.78906E-02
-1.1549815E+00,3.61328E-01,4.88281E-02
-1.1549630E+00,2.83203E-01,6.83594E-02
-1.1549446E+00,2.63672E-01,-9.76562E-03
-1.1549261E+00,2.63672E-01,6.83594E-02
-1.1549076E+00,3.02734E-01,2.92969E-02
-1.1548891E+00,2.83203E-01,9.76562E-03
-1.1548706E+00,2.83203E-01,2.92969E-02
-1.1548522E+00,2.83203E-01,2.92969E-02
-1.1548337E+00,3.02734E-01,4.88281E-02
-1.1548152E+00,2.63672E-01,6.83594E-02
-1.1547967E+00,3.41797E-01,6.83594E-02
-1.1547782E+00,2.83203E-01,4.88281E-02
-1.1547598E+00,3.02734E-01,9.76562E-03
-1.1547413E+00,3.02734E-01,9.76562E-03
-1.1547228E+00,3.41797E-01,6.83594E-02
-1.1547043E+00,3.22266E-01,2.92969E-02
-1.1546858E+00,3.41797E-01,2.92969E-02
-1.1546674E+00,2.83203E-01,4.88281E-02
-1.1546489E+00,2.83203E-01,9.76562E-03
-1.1546304E+00,2.83203E-01,2.92969E-02
-1.1546119E+00,3.02734E-01,-9.76562E-03
-1.1545934E+00,2.83203E-01,2.92969E-02
-1.1545750E+00,3.41797E-01,2.92969E-02
-1.1545565E+00,3.61328E-01,6.83594E-02
-1.1545380E+00,3.41797E-01,2.92969E-02
-1.1545195E+00,2.24609E-01,8.78906E-02
-1.1545010E+00,3.22266E-01,2.92969E-02
-1.1544826E+00,3.41797E-01,6.83594E-02
-1.1544641E+00,3.41797E-01,2.92969E-02
-1.1544456E+00,3.22266E-01,4.88281E-02
-1.1544271E+00,3.02734E-01,2.92969E-02
-1.1544086E+00,3.61328E-01,9.76562E-03
-1.1543902E+00,3.22266E-01,2.92969E-02
-1.1543717E+00,3.61328E-01,4.88281E-02
-1.1543532E+00,2.83203E-01,2.92969E-02
-1.1543347E+00,3.22266E-01,2.92969E-02
-1.1543162E+00,3.80859E-01,4.88281E-02
-1.1542978E+00,2.83203E-01,9.76562E-03
-1.1542793E+00,3.61328E-01,2.92969E-02
-1.1542608E+00,3.02734E-01,4.88281E-02
-1.1542423E+00,3.22266E-01,4.88281E-02
-1.1542238E+00,3.02734E-01,8.78906E-02
-1.1542054E+00,3.80859E-01,9.76562E-03
-1.1541869E+00,2.83203E-01,2.92969E-02
-1.1541684E+00,3.80859E-01,4.88281E-02
-1.1541499E+00,2.83203E-01,4.88281E-02
-1.1541314E+00,3.22266E-01,2.92969E-02
-1.1541130E+00,3.61328E-01,8.78906E-02
-1.1540945E+00,3.02734E-01,9.76562E-03
-1.1540760E+00,3.41797E-01,-2.92969E-02
-1.1540575E+00,3.80859E-01,-9.76562E-03
-1.1540390E+00,3.41797E-01,-9.76562E-03
-1.1540206E+00,2.83203E-01,9.76562E-03
-1.1540021E+00,3.41797E-01,4.88281E-02
-1.1539836E+00,3.80859E-01,-9.76562E-03
-1.1539651E+00,3.61328E-01,6.83594E-02
-1.1539466E+00,3.02734E-01,-9.76562E-03
-1.1539282E+00,3.02734E-01,2.92969E-02
-1.1539097E+00,4.00391E-01,9.76562E-03
-1.1538912E+00,2.63672E-01,2.92969E-02
-1.1538727E+00,3.22266E-01,-2.92969E-02
-1.1538542E+00,2.83203E-01,4.88281E-02
-1.1538358E+00,3.02734E-01,4.88281E-02
-1.1538173E+00,2.83203E-01,6.83594E-02
-1.1537988E+00,4.19922E-01,9.76562E-03
-1.1537803E+00,3.02734E-01,2.92969E-02
-1.1537618E+00,3.02734E-01,4.88281E-02
-1.1537434E+00,3.61328E-01,6.83594E-02
-1.1537249E+00,3.22266E-01,2.92969E-02
-1.1537064E+00,3.02734E-01,1.26953E-01
-1.1536879E+00,3.61328E-01,-9.76562E-03
-1.1536694E+00,3.02734E-01,6.83594E-02
-1.1536510E+00,3.61328E-01,4.88281E-02
-1.1536325E+00,2.83203E-01,4.88281E-02
-1.1536140E+00,3.41797E-01,9.76562E-03
-1.1535955E+00,3.61328E-01,2.92969E-02
-1.1535770E+00,3.61328E-01,9.76562E-03
-1.1535586E+00,2.83203E-01,6.83594E-02
-1.1535401E+00,3.41797E-01,4.88281E-02
-1.1535216E+00,3.61328E-01,2.92969E-02
-1.1535031E+00,3.22266E-01,-2.92969E-02
-1.1534846E+00,2.63672E-01,8.78906E-02
-1.1534662E+00,2.83203E-01,6.83594E-02
-1.1534477E+00,3.61328E-01,1.07422E-01
-1.1534292E+00,2.83203E-01,9.76562E-03
-1.1534107E+00,3.02734E-01,6.83594E-02
-1.1533922E+00,3.41797E-01,6.83594E-02
-1.1533738E+00,3.61328E-01,4.88281E-02
-1.1533553E+00,3.61328E-01,9.76562E-03
-1.1533368E+00,3.02734E-01,6.83594E-02
-1.1533183E+00,3.22266E-01,9.76562E-03
-1.1532998E+00,2.83203E-01,9.76562E-03
-1.1532814E+00,3.61328E-01,9.76562E-03
-1.1532629E+00,3.02734E-01,4.88281E-02
-1.1532444E+00,3.80859E-01,4.88281E-02
-1.1532259E+00,3.02734E-01,2.92969E-02
-1.1532074E+00,3.22266E-01,9.76562E-03
-1.1531890E+00,2.83203E-01,6.83594E-02
-1.1531705E+00,3.22266E-01,4.88281E-02
-1.1531520E+00,3.02734E-01,6.83594E-02
-1.1531335E+00,2.63672E-01,2.92969E-02
-1.1531150E+00,2.63672E-01,9.76562E-03
-1.1530966E+00,3.61328E-01,9.76562E-03
-1.1530781E+00,3.41797E-01,8.78906E-02
-1.1530596E+00,3.61328E-01,-9.76562E-03
-1.1530411E+00,3.22266E-01,4.88281E-02
-1.1530226E+00,3.61328E-01,9.76562E-03
-1.1530042E+00,2.83203E-01,6.83594E-02
-1.1529857E+00,3.02734E-01,9.76562E-03
-1.1529672E+00,3.61328E-01,6.83594E-02
-1.1529487E+00,3.80859E-01,2.92969E-02
-1.1529302E+00,3.80859E-01,9.76562E-03
-1.1529118E+00,2.63672E-01,8.78906E-02
-1.1528933E+00,2.83203E-01,1.26953E-01
-1.1528748E+00,3.61328E-01,6.83594E-02
-1.1528563E+00,2.83203E-01,2.92969E-02
-1.1528378E+00,3.61328E-01,4.88281E-02
-1.1528194E+00,3.02734E-01,4.88281E-02
-1.1528009E+00,3.41797E-01,4.88281E-02
-1.1527824E+00,3.02734E-01,6.83594E-02
-1.1527639E+00,3.61328E-01,4.88281E-02
-1.1527454E+00,3.22266E-01,2.92969E-02
-1.1527270E+00,3.61328E-01,2.92969E-02
-1.1527085E+00,3.02734E-01,4.88281E-02
-1.1526900E+00,3.61328E-01,2.92969E-02
-1.1526715E+00,2.83203E-01,2.92969E-02
-1.1526530E+00,3.02734E-01,9.76562E-03
-1.1526346E+00,2.83203E-01,4.88281E-02
-1.1526161E+00,3.02734E-01,4.88281E-02
-1.1525976E+00,3.22266E-01,6.83594E-02
-1.1525791E+00,3.02734E-01,2.92969E-02
-1.1525606E+00,3.41797E-01,9.76562E-03
-1.1525422E+00,3.41797E-01,-9.76562E-03
-1.1525237E+00,2.83203E-01,4.88281E-02
-1.1525052E+00,3.02734E-01,4.88281E-02
-1.1524867E+00,2.24609E-01,-2.92969E-02
-1.1524682E+00,3.22266E-01,9.76562E-03
-1.1524498E+00,2.83203E-01,9.76562E-03
-1.1524313E+00,3.41797E-01,2.92969E-02
-1.1524128E+00,3.80859E-01,4.88281E-02
-1.1523943E+00,2.83203E-01,-9.76562E-03
-1.1523758E+00,3.61328E-01,4.88281E-02
-1.1523574E+00,3.61328E-01,-9.76562E-03
-1.1523389E+00,3.22266E-01,2.92969E-02
-1.1523204E+00,3.41797E-01,4.88281E-02
-1.1523019E+00,3.41797E-01,2.92969E-02
-1.1522834E+00,3.22266E-01,9.76562E-03
-1.1522650E+00,3.80859E-01,9.76562E-03
-1.1522465E+00,3.41797E-01,9.76562E-03
-1.1522280E+00,2.83203E-01,6.83594E-02
-1.1522095E+00,3.22266E-01,2.92969E-02
-1.1521910E+00,2.83203E-01,2.92969E-02
-1.1521726E+00,3.41797E-01,4.88281E-02
-1.1521541E+00,3.22266E-01,6.83594E-02
-1.1521356E+00,3.41797E-01,6.83594E-02
-1.1521171E+00,2.83203E-01,9.76562E-03
-1.1520986E+00,3.22266E-01,-2.92969E-02
-1.1520802E+00,3.41797E-01,9.76562E-03
-1.1520617E+00,3.61328E-01,9.76562E-03
-1.1520432E+00,2.83203E-01,4.88281E-02
-1.1520247E+00,3.61328E-01,4.88281E-02
-1.1520062E+00,3.41797E-01,2.92969E-02
-1.1519878E+00,3.41797E-01,6.83594E-02
-1.1519693E+00,3.41797E-01,4.88281E-02
-1.1519508E+00,4.19922E-01,2.92969E-02
-1.1519323E+00,2.83203E-01,9.76562E-03
-1.1519138E+00,3.02734E-01,9.76562E-03
-1.1518954E+00,3.22266E-01,2.92969E-02
-1.1518769E+00,3.41797E-01,-2.92969E-02
-1.1518584E+00,3.61328E-01,1.26953E-01
-1.1518399E+00,4.00391E-01,6.83594E-02
-1.1518214E+00,3.61328E-01,4.88281E-02
-1.1518030E+00,3.61328E-01,4.88281E-02
-1.1517845E+00,2.44141E-01,2.92969E-02
-1.1517660E+00,2.83203E-01,4.88281E-02
-1.1517475E+00,3.02734E-01,2.92969E-02
-1.1517290E+00,3.41797E-01,8.78906E-02
-1.1517106E+00,3.22266E-01,4.88281E-02
-1.1516921E+00,3.41797E-01,2.92969E-02
-1.1516736E+00,3.22266E-01,9.76562E-03
-1.1516551E+00,3.61328E-01,9.76562E-03
-1.1516366E+00,2.83203E-01,6.83594E-02
-1.1516182E+00,2.83203E-01,8.78906E-02
-1.1515997E+00,3.02734E-01,1.07422E-01
-1.1515812E+00,3.22266E-01,1.07422E-01
-1.1515627E+00,2.83203E-01,6.83594E-02
-1.1515442E+00,3.41797E-01,1.07422E-01
-1.1515258E+00,2.44141E-01,2.92969E-02
-1.1515073E+00,3.22266E-01,9.76562E-03
-1.1514888E+00,2.44141E-01,2.92969E-02
-1.1514703E+00,4.00391E-01,2.92969E-02
-1.1514518E+00,2.83203E-01,4.88281E-02
-1.1514334E+00,2.83203E-01,6.83594E-02
-1.1514149E+00,2.83203E-01,2.92969E-02
-1.1513964E+00,3.80859E-01,4.88281E-02
-1.1513779E+00,3.61328E-01,2.92969E-02
-1.1513594E+00,3.02734E-01,2.92969E-02
-1.1513410E+00,3.41797E-01,4.88281E-02
-1.1513225E+00,2.83203E-01,4.88281E-02
-1.1513040E+00,3.41797E-01,2.92969E-02
-1.1512855E+00,3.22266E-01,-9.76562E-03
-1.1512670E+00,2.63672E-01,2.92969E-02
-1.1512486E+00,4.00391E-01,-9.76562E-03
-1.1512301E+00,3.80859E-01,9.76562E-03
-1.1512116E+00,3.61328E-01,-2.92969E-02
-1.1511931E+00,3.61328E-01,6.83594E-02
-1.1511746E+00,3.41797E-01,4.88281E-02
-1.1511562E+00,3.02734E-01,4.88281E-02
-1.1511377E+00,3.41797E-01,-9.76562E-03
-1.1511192E+00,2.83203E-01,4.88281E-02
-1.1511007E+00,3.61328E-01,-2.92969E-02
-1.1510822E+00,3.61328E-01,6.83594E-02
-1.1510638E+00,3.02734E-01,9.76562E-03
-1.1510453E+00,3.22266E-01,9.76562E-03
-1.1510268E+00,4.00391E-01,4.88281E-02
-1.1510083E+00,3.22266E-01,6.83594E-02
-1.1509898E+00,3.61328E-01,9.76562E-03
-1.1509714E+00,3.61328E-01,2.92969E-02
-1.1509529E+00,3.61328E-01,9.76562E-03
-1.1509344E+00,3.61328E-01,-9.76562E-03
-1.1509159E+00,3.61328E-01,9.76562E-03
-1.1508974E+00,3.02734E-01,9.76562E-03
-1.1508790E+00,4.00391E-01,-9.76562E-03
-1.1508605E+00,2.83203E-01,1.07422E-01
-1.1508420E+00,3.80859E-01,9.76562E-03
-1.1508235E+00,2.83203E-01,2.92969E-02
-1.1508050E+00,3.22266E-01,4.88281E-02
-1.1507866E+00,2.83203E-01,4.88281E-02
-1.1507681E+00,3.61328E-01,2.92969E-02
-1.1507496E+00,3.41797E-01,4.88281E-02
-1.1507311E+00,3.22266E-01,4.88281E-02
-1.1507126E+00,3.22266E-01,8.78906E-02
-1.1506942E+00,3.22266E-01,4.88281E-02
-1.1506757E+00,3.22266E-01,6.83594E-02
-1.1506572E+00,3.41797E-01,9.76562E-03
-1.1506387E+00,3.22266E-01,4.88281E-02
-1.1506202E+00,4.19922E-01,9.76562E-03
-1.1506018E+00,3.41797E-01,8.78906E-02
-1.1505833E+00,3.41797E-01,4.88281E-02
-1.1505648E+00,2.44141E-01,2.92969E-02
-1.1505463E+00,3.02734E-01,2.92969E-02
-1.1505278E+00,3.41797E-01,2.92969E-02
-1.1505094E+00,3.22266E-01,2.92969E-02
-1.1504909E+00,2.83203E-01,1.26953E-01
-1.1504724E+00,3.61328E-01,2.92969E-02
-1.1504539E+00,3.61328E-01,4.88281E-02
-1.1504354E+00,3.22266E-01,9.76562E-03
-1.1504170E+00,3.22266E-01,4.88281E-02
-1.1503985E+00,3.41797E-01,4.88281E-02
-1.1503800E+00,3.41797E-01,4.88281E-02
-1.1503615E+00,3.22266E-01,2.92969E-02
-1.1503430E+00,2.83203E-01,2.92969E-02
-1.1503246E+00,3.61328E-01,9.76562E-03
-1.1503061E+00,2.63672E-01,6.83594E-02
-1.1502876E+00,3.61328E-01,9.76562E-03
-1.1502691E+00,3.41797E-01,2.92969E-02
-1.1502506E+00,3.22266E-01,9.76562E-03
-1.1502322E+00,3.22266E-01,4.88281E-02
-1.1502137E+00,3.41797E-01,4.88281E-02
-1.1501952E+00,2.83203E-01,-2.92969E-02
-1.1501767E+00,3.61328E-01,-9.76562E-03
-1.1501582E+00,3.02734E-01,-9.76562E-03
-1.1501398E+00,4.00391E-01,2.92969E-02
-1.1501213E+00,3.22266E-01,6.83594E-02
-1.1501028E+00,3.61328E-01,9.76562E-03
-1.1500843E+00,3.22266E-01,2.92969E-02
-1.1500658E+00,3.61328E-01,4.88281E-02
-1.1500474E+00,2.63672E-01,9.76562E-03
-1.1500289E+00,3.61328E-01,4.88281E-02
-1.1500104E+00,3.41797E-01,8.78906E-02
-1.1499919E+00,3.61328E-01,-2.92969E-02
-1.1499734E+00,3.41797E-01,2.92969E-02
-1.1499550E+00,3.02734E-01,4.88281E-02
-1.1499365E+00,2.83203E-01,6.83594E-02
-1.1499180E+00,3.02734E-01,2.92969E-02
-1.1498995E+00,3.02734E-01,4.88281E-02
-1.1498810E+00,4.00391E-01,2.92969E-02
-1.1498626E+00,3.02734E-01,4.88281E-02
-1.1498441E+00,3.80859E-01,2.92969E-02
-1.1498256E+00,3.80859E-01,2.92969E-02
-1.1498071E+00,3.80859E-01,4.88281E-02
-1.1497886E+00,3.80859E-01,9.76562E-03
-1.1497702E+00,4.00391E-01,2.92969E-02
-1.1497517E+00,3.02734E-01,2.92969E-02
-1.1497332E+00,3.22266E-01,9.76562E-03
-1.1497147E+00,3.02734E-01,4.88281E-02
-1.1496962E+00,3.80859E-01,8.78906E-02
-1.1496778E+00,3.41797E-01,4.88281E-02
-1.1496593E+00,3.02734E-01,2.92969E-02
-1.1496408E+00,2.83203E-01,2.92969E-02
-1.1496223E+00,3.80859E-01,4.88281E-02
-1.1496038E+00,3.80859E-01,6.83594E-02
-1.1495854E+00,3.02734E-01,4.88281E-02
-1.1495669E+00,3.22266E-01,6.83594E-02
-1.1495484E+00,2.83203E-01,-9.76562E-03
-1.1495299E+00,2.83203E-01,8.78906E-02
-1.1495114E+00,3.22266E-01,2.92969E-02
-1.1494930E+00,3.41797E-01,9.76562E-03
-1.1494745E+00,3.02734E-01,4.88281E-02
-1.1494560E+00,3.41797E-01,2.92969E-02
-1.1494375E+00,3.61328E-01,2.92969E-02
-1.1494190E+00,3.22266E-01,4.88281E-02
-1.1494006E+00,3.22266E-01,6.83594E-02
-1.1493821E+00,3.61328E-01,1.26953E-01
-1.1493636E+00,3.80859E-01,2.92969E-02
-1.1493451E+00,3.22266E-01,6.83594E-02
-1.1493266E+00,3.22266E-01,2.92969E-02
-1.1493082E+00,3.41797E-01,-9.76562E-03
-1.1492897E+00,3.02734E-01,-4.88281E-02
-1.1492712E+00,3.22266E-01,6.83594E-02
-1.1492527E+00,4.00391E-01,2.92969E-02
-1.1492342E+00,2.83203E-01,4.88281E-02
-1.1492158E+00,3.02734E-01,8.78906E-02
-1.1491973E+00,3.02734E-01,9.76562E-03
-1.1491788E+00,3.41797E-01,4.88281E-02
-1.1491603E+00,3.02734E-01,4.88281E-02
-1.1491418E+00,3.41797E-01,-2.92969E-02
-1.1491234E+00,2.83203E-01,4.88281E-02
-1.1491049E+00,3.80859E-01,1.07422E-01
-1.1490864E+00,3.80859E-01,2.92969E-02
-1.1490679E+00,3.80859E-01,4.88281E-02
-1.1490494E+00,3.41797E-01,9.76562E-03
-1.1490310E+00,3.02734E-01,6.83594E-02
-1.1490125E+00,3.41797E-01,2.92969E-02
-1.1489940E+00,4.19922E-01,4.88281E-02
-1.1489755E+00,3.41797E-01,6.83594E-02
-1.1489570E+00,3.61328E-01,9.76562E-03
-1.1489386E+00,3.61328E-01,9.76562E-03
-1.1489201E+00,3.02734E-01,9.76562E-03
-1.1489016E+00,3.61328E-01,4.88281E-02
-1.1488831E+00,2.63672E-01,4.88281E-02
-1.1488646E+00,3.41797E-01,4.88281E-02
-1.1488462E+00,2.44141E-01,9.76562E-03
-1.1488277E+00,3.41797E-01,8.78906E-02
-1.1488092E+00,3.02734E-01,9.76562E-03
-1.1487907E+00,3.22266E-01,2.92969E-02
-1.1487722E+00,3.22266E-01,9.76562E-03
-1.1487538E+00,3.41797E-01,6.83594E-02
-1.1487353E+00,3.80859E-01,4.88281E-02
-1.1487168E+00,3.02734E-01,6.83594E-02
-1.1486983E+00,4.19922E-01,2.92969E-02
-1.1486798E+00,3.41797E-01,1.07422E-01
-1.1486614E+00,3.41797E-01,4.88281E-02
-1.1486429E+00,2.83203E-01,2.92969E-02
-1.1486244E+00,3.41797E-01,4.88281E-02
-1.1486059E+00,3.41797E-01,4.88281E-02
-1.1485874E+00,3.61328E-01,4.88281E-02
-1.1485690E+00,3.22266E-01,9.76562E-03
-1.1485505E+00,3.41797E-01,9.76562E-03
-1.1485320E+00,2.44141E-01,2.92969E-02
-1.1485135E+00,3.41797E-01,6.83594E-02
-1.1484950E+00,3.22266E-01,4.88281E-02
-1.1484766E+00,3.61328E-01,4.88281E-02
-1.1484581E+00,2.44141E-01,9.76562E-03
-1.1484396E+00,3.80859E-01,9.76562E-03
-1.1484211E+00,3.41797E-01,6.83594E-02
-1.1484026E+00,2.44141E-01,-9.76562E-03
-1.1483842E+00,2.83203E-01,1.07422E-01
-1.1483657E+00,3.41797E-01,9.76562E-03
-1.1483472E+00,3.41797E-01,2.92969E-02
-1.1483287E+00,3.22266E-01,-2.92969E-02
-1.1483102E+00,3.02734E-01,9.76562E-03
-1.1482918E+00,3.61328E-01,-9.76562E-03
-1.1482733E+00,2.83203E-01,2.92969E-02
-1.1482548E+00,2.83203E-01,6.83594E-02
-1.1482363E+00,2.83203E-01,9.76562E-03
-1.1482178E+00,3.61328E-01,9.76562E-03
-1.1481994E+00,3.61328E-01,2.92969E-02
-1.1481809E+00,3.61328E-01,2.92969E-02
-1.1481624E+00,3.22266E-01,2.92969E-02
-1.1481439E+00,3.02734E-01,-9.76562E-03
-1.1481254E+00,3.22266E-01,6.83594E-02
-1.1481070E+00,3.61328E-01,8.78906E-02
-1.1480885E+00,2.63672E-01,6.83594E-02
-1.1480700E+00,2.83203E-01,4.88281E-02
-1.1480515E+00,3.41797E-01,4.88281E-02
-1.1480330E+00,3.22266E-01,9.76562E-03
-1.1480146E+00,3.61328E-01,8.78906E-02
-1.1479961E+00,2.83203E-01,4.88281E-02
-1.1479776E+00,3.61328E-01,9.76562E-03
-1.1479591E+00,3.80859E-01,6.83594E-02
-1.1479406E+00,3.02734E-01,-4.88281E-02
-1.1479222E+00,3.61328E-01,9.76562E-03
-1.1479037E+00,2.83203E-01,4.88281E-02
-1.1478852E+00,3.61328E-01,9.76562E-03
-1.1478667E+00,3.61328E-01,2.92969E-02
-1.1478482E+00,3.41797E-01,4.88281E-02
-1.1478298E+00,3.02734E-01,4.88281E-02
-1.1478113E+00,4.19922E-01,4.88281E-02
-1.1477928E+00,3.41797E-01,8.78906E-02
-1.1477743E+00,3.22266E-01,2.92969E-02
-1.1477558E+00,4.00391E-01,9.76562E-03
-1.1477374E+00,3.41797E-01,2.92969E-02
-1.1477189E+00,2.83203E-01,-2.92969E-02
-1.1477004E+00,3.80859E-01,9.76562E-03
-1.1476819E+00,2.63672E-01,4.88281E-02
-1.1476634E+00,3.41797E-01,6.83594E-02
-1.1476450E+00,3.61328E-01,6.83594E-02
-1.1476265E+00,3.61328E-01,4.88281E-02
-1.1476080E+00,3.61328E-01,1.07422E-01
-1.1475895E+00,3.41797E-01,4.88281E-02
-1.1475710E+00,3.02734E-01,4.88281E-02
-1.1475526E+00,3.41797E-01,4.88281E-02
-1.1475341E+00,3.02734E-01,6.83594E-02
-1.1475156E+00,2.83203E-01,-9.76562E-03
-1.1474971E+00,2.83203E-01,2.92969E-02
-1.1474786E+00,3.61328E-01,4.88281E-02
-1.1474602E+00,2.83203E-01,1.26953E-01
-1.1474417E+00,3.22266E-01,4.88281E-02
-1.1474232E+00,4.00391E-01,4.88281E-02
-1.1474047E+00,3.22266E-01,-1.07422E-01
-1.1473862E+00,3.41797E-01,4.88281E-02
-1.1473678E+00,3.22266E-01,2.92969E-02
-1.1473493E+00,3.41797E-01,6.83594E-02
-1.1473308E+00,3.80859E-01,-9.76562E-03
-1.1473123E+00,2.83203E-01,2.92969E-02
-1.1472938E+00,3.41797E-01,9.76562E-03
-1.1472754E+00,3.22266E-01,4.88281E-02
-1.1472569E+00,3.80859E-01,-9.76562E-03
-1.1472384E+00,3.61328E-01,4.88281E-02
-1.1472199E+00,3.61328E-01,4.88281E-02
-1.1472014E+00,3.61328E-01,6.83594E-02
-1.1471830E+00,3.22266E-01,4.88281E-02
-1.1471645E+00,3.02734E-01,4.88281E-02
-1.1471460E+00,3.22266E-01,-9.76562E-03
-1.1471275E+00,3.02734E-01,9.76562E-03
-1.1471090E+00,3.41797E-01,4.88281E-02
-1.1470906E+00,3.61328E-01,2.92969E-02
-1.1470721E+00,3.80859E-01,4.88281E-02
-1.1470536E+00,3.41797E-01,-9.76562E-03
-1.1470351E+00,2.83203E-01,9.76562E-03
-1.1470166E+00,3.41797E-01,4.88281E-02
-1.1469982E+00,3.02734E-01,4.88281E-02
-1.1469797E+00,3.61328E-01,6.83594E-02
-1.1469612E+00,3.22266E-01,2.92969E-02
-1.1469427E+00,3.22266E-01,6.83594E-02
-1.1469242E+00,3.41797E-01,2.92969E-02
-1.1469058E+00,3.22266E-01,4.88281E-02
-1.1468873E+00,4.00391E-01,4.88281E-02
-1.1468688E+00,3.61328E-01,4.88281E-02
-1.1468503E+00,3.22266E-01,9.76562E-03
-1.1468318E+00,4.00391E-01,4.88281E-02
-1.1468134E+00,3.41797E-01,9.76562E-03
-1.1467949E+00,3.22266E-01,6.83594E-02
-1.1467764E+00,3.41797E-01,4.88281E-02
-1.1467579E+00,3.41797E-01,9.76562E-03
-1.1467394E+00,3.80859E-01,2.92969E-02
-1.1467210E+00,3.22266E-01,9.76562E-03
-1.1467025E+00,4.00391E-01,4.88281E-02
-1.1466840E+00,3.41797E-01,8.78906E-02
-1.1466655E+00,4.00391E-01,-9.76562E-03
-1.1466470E+00,2.44141E-01,4.88281E-02
-1.1466286E+00,3.41797E-01,6.83594E-02
-1.1466101E+00,3.41797E-01,4.88281E-02
-1.1465916E+00,4.00391E-01,9.76562E-03
-1.1465731E+00,3.22266E-01,6.83594E-02
-1.1465546E+00,4.19922E-01,4.88281E-02
-1.1465362E+00,2.83203E-01,4.88281E-02
-1.1465177E+00,3.41797E-01,1.26953E-01
-1.1464992E+00,3.61328E-01,9.76562E-03
-1.1464807E+00,3.61328E-01,2.92969E-02
-1.1464622E+00,3.61328E-01,4.88281E-02
-1.1464438E+00,3.61328E-01,4.88281E-02
-1.1464253E+00,3.02734E-01,2.92969E-02
-1.1464068E+00,3.41797E-01,2.92969E-02
-1.1463883E+00,3.61328E-01,2.92969E-02
-1.1463698E+00,3.22266E-01,9.76562E-03
-1.1463514E+00,3.22266E-01,2.92969E-02
-1.1463329E+00,2.44141E-01,2.92969E-02
-1.1463144E+00,3.41797E-01,2.92969E-02
-1.1462959E+00,2.83203E-01,6.83594E-02
-1.1462774E+00,2.63672E-01,4.88281E-02
-1.1462590E+00,3.22266E-01,4.88281E-02
-1.1462405E+00,3.02734E-01,4.88281E-02
-1.1462220E+00,3.80859E-01,4.88281E-02
-1.1462035E+00,3.02734E-01,2.92969E-02
-1.1461850E+00,3.02734E-01,9.76562E-03
-1.1461666E+00,3.22266E-01,8.78906E-02
-1.1461481E+00,4.00391E-01,9.76562E-03
-1.1461296E+00,3.22266E-01,1.26953E-01
-1.1461111E+00,3.61328E-01,-9.76562E-03
-1.1460926E+00,3.02734E-01,6.83594E-02
-1.1460742E+00,3.80859E-01,4.88281E-02
-1.1460557E+00,3.41797E-01,4.88281E-02
-1.1460372E+00,3.61328E-01,-9.76562E-03
-1.1460187E+00,3.22266E-01,9.76562E-03
-1.1460002E+00,3.41797E-01,2.92969E-02
-1.1459818E+00,3.41797E-01,2.92969E-02
-1.1459633E+00,3.80859E-01,2.92969E-02
-1.1459448E+00,3.61328E-01,4.88281E-02
-1.1459263E+00,3.41797E-01,9.76562E-03
-1.1459078E+00,3.02734E-01,9.76562E-03
-1.1458894E+00,4.00391E-01,4.88281E-02
-1.1458709E+00,3.41797E-01,6.83594E-02
-1.1458524E+00,3.61328E-01,9.76562E-03
-1.1458339E+00,3.41797E-01,-4.88281E-02
-1.1458154E+00,3.02734E-01,-9.76562E-03
-1.1457970E+00,3.02734E-01,6.83594E-02
-1.1457785E+00,3.80859E-01,-9.76562E-03
-1.1457600E+00,3.80859E-01,9.76562E-03
-1.1457415E+00,3.80859E-01,9.76562E-03
-1.1457230E+00,3.61328E-01,9.76562E-03
-1.1457046E+00,4.19922E-01,6.83594E-02
-1.1456861E+00,4.19922E-01,4.88281E-02
-1.1456676E+00,4.00391E-01,6.83594E-02
-1.1456491E+00,3.22266E-01,2.92969E-02
-1.1456306E+00,3.61328E-01,2.92969E-02
-1.1456122E+00,3.22266E-01,4.88281E-02
-1.1455937E+00,2.63672E-01,9.76562E-03
-1.1455752E+00,3.61328E-01,4.88281E-02
-1.1455567E+00,3.41797E-01,-4.88281E-02
-1.1455382E+00,4.39453E-01,2.92969E-02
-1.1455198E+00,3.22266E-01,2.92969E-02
-1.1455013E+00,3.22266E-01,-4.88281E-02
-1.1454828E+00,3.41797E-01,-4.88281E-02
-1.1454643E+00,3.02734E-01,9.76562E-03
-1.1454458E+00,3.80859E-01,2.92969E-02
-1.1454274E+00,2.44141E-01,2.92969E-02
-1.1454089E+00,3.22266E-01,-9.76562E-03
-1.1453904E+00,2.83203E-01,1.07422E-01
-1.1453719E+00,3.80859E-01,9.76562E-03
-1.1453534E+00,3.41797E-01,4.88281E-02
-1.1453350E+00,2.83203E-01,6.83594E-02
-1.1453165E+00,2.83203E-01,1.07422E-01
-1.1452980E+00,3.80859E-01,9.76562E-03
-1.1452795E+00,3.22266E-01,9.76562E-03
-1.1452610E+00,3.22266E-01,2.92969E-02
-1.1452426E+00,3.41797E-01,1.07422E-01
-1.1452241E+00,3.02734E-01,9.76562E-03
-1.1452056E+00,2.83203E-01,2.92969E-02
-1.1451871E+00,3.61328E-01,-9.76562E-03
-1.1451686E+00,2.83203E-01,4.88281E-02
-1.1451502E+00,2.83203E-01,1.07422E-01
-1.1451317E+00,3.41797E-01,6.83594E-02
-1.1451132E+00,3.80859E-01,9.76562E-03
-1.1450947E+00,3.41797E-01,4.88281E-02
-1.1450762E+00,4.00391E-01,2.92969E-02
-1.1450578E+00,3.02734E-01,6.83594E-02
-1.1450393E+00,3.41797E-01,9.76562E-03
-1.1450208E+00,3.41797E-01,8.78906E-02
-1.1450023E+00,3.41797E-01,2.92969E-02
-1.1449838E+00,3.22266E-01,6.83594E-02
-1.1449654E+00,3.02734E-01,2.92969E-02
-1.1449469E+00,3.61328E-01,4.88281E-02
-1.1449284E+00,3.22266E-01,4.88281E-02
-1.1449099E+00,3.80859E-01,4.88281E-02
-1.1448914E+00,3.41797E-01,2.92969E-02
-1.1448730E+00,3.22266E-01,4.88281E-02
-1.1448545E+00,4.19922E-01,9.76562E-03
-1.1448360E+00,2.83203E-01,4.88281E-02
-1.1448175E+00,4.19922E-01,9.76562E-03
-1.1447990E+00,3.22266E-01,4.88281E-02
-1.1447806E+00,3.61328E-01,-2.92969E-02
-1.1447621E+00,3.41797E-01,6.83594E-02
-1.1447436E+00,3.80859E-01,4.88281E-02
-1.1447251E+00,3.80859E-01,9.76562E-03
-1.1447066E+00,4.00391E-01,-6.83594E-02
-1.1446882E+00,3.22266E-01,2.92969E-02
-1.1446697E+00,4.00391E-01,2.92969E-02
-1.1446512E+00,3.02734E-01,2.92969E-02
-1.1446327E+00,3.61328E-01,4.88281E-02
-1.1446142E+00,3.22266E-01,-9.76562E-03
-1.1445958E+00,3.02734E-01,4.88281E-02
-1.1445773E+00,3.41797E-01,2.92969E-02
-1.1445588E+00,3.61328E-01,-2.92969E-02
-1.1445403E+00,3.61328E-01,4.88281E-02
-1.1445218E+00,3.41797E-01,4.88281E-02
-1.1445034E+00,2.83203E-01,6.83594E-02
-1.1444849E+00,3.61328E-01,4.88281E-02
-1.1444664E+00,3.61328E-01,-9.76562E-03
-1.1444479E+00,3.61328E-01,9.76562E-03
-1.1444294E+00,3.80859E-01,2.92969E-02
-1.1444110E+00,4.19922E-01,6.83594E-02
-1.1443925E+00,3.41797E-01,8.78906E-02
-1.1443740E+00,3.80859E-01,-2.92969E-02
-1.1443555E+00,3.61328E-01,4.88281E-02
-1.1443370E+00,3.80859E-01,9.76562E-03
-1.1443186E+00,3.02734E-01,6.83594E-02
-1.1443001E+00,3.02734E-01,-4.88281E-02
-1.1442816E+00,4.39453E-01,4.88281E-02
-1.1442631E+00,3.41797E-01,9.76562E-03
-1.1442446E+00,2.83203E-01,6.83594E-02
-1.1442262E+00,3.61328E-01,2.92969E-02
-1.1442077E+00,4.00391E-01,6.83594E-02
-1.1441892E+00,3.61328E-01,4.88281E-02
-1.1441707E+00,3.22266E-01,2.92969E-02
-1.1441522E+00,3.61328E-01,6.83594E-02
-1.1441338E+00,3.41797E-01,2.92969E-02
-1.1441153E+00,3.41797E-01,4.88281E-02
-1.1440968E+00,2.83203E-01,9.76562E-03
-1.1440783E+00,4.00391E-01,9.76562E-03
-1.1440598E+00,3.41797E-01,2.92969E-02
-1.1440414E+00,4.19922E-01,-2.92969E-02
-1.1440229E+00,3.41797E-01,6.83594E-02
-1.1440044E+00,4.19922E-01,4.88281E-02
-1.1439859E+00,3.41797E-01,9.76562E-03
-1.1439674E+00,4.19922E-01,9.76562E-03
-1.1439490E+00,3.41797E-01,6.83594E-02
-1.1439305E+00,4.00391E-01,9.76562E-03
-1.1439120E+00,3.02734E-01,6.83594E-02
-1.1438935E+00,3.61328E-01,4.88281E-02
-1.1438750E+00,3.22266E-01,2.92969E-02
-1.1438566E+00,4.00391E-01,4.88281E-02
-1.1438381E+00,3.80859E-01,6.83594E-02
-1.1438196E+00,4.00391E-01,9.76562E-03
-1.1438011E+00,3.41797E-01,2.92969E-02
-1.1437826E+00,3.61328E-01,9.76562E-03
-1.1437642E+00,3.41797E-01,4.88281E-02
-1.1437457E+00,3.61328E-01,9.76562E-03
-1.1437272E+00,3.41797E-01,9.76562E-03
-1.1437087E+00,4.19922E-01,2.92969E-02
-1.1436902E+00,2.83203E-01,2.92969E-02
-1.1436718E+00,3.41797E-01,9.76562E-03
-1.1436533E+00,3.02734E-01,2.92969E-02
-1.1436348E+00,3.22266E-01,2.92969E-02
-1.1436163E+00,3.22266E-01,2.92969E-02
-1.1435978E+00,4.00391E-01,-9.76562E-03
-1.1435794E+00,3.41797E-01,2.92969E-02
-1.1435609E+00,4.00391E-01,1.07422E-01
-1.1435424E+00,3.61328E-01,6.83594E-02
-1.1435239E+00,4.00391E-01,2.92969E-02
-1.1435054E+00,3.41797E-01,-4.88281E-02
-1.1434870E+00,3.61328E-01,4.88281E-02
-1.1434685E+00,3.61328E-01,6.83594E-02
-1.1434500E+00,4.00391E-01,-9.76562E-03
-1.1434315E+00,2.83203E-01,2.92969E-02
-1.1434130E+00,4.00391E-01,4.88281E-02
-1.1433946E+00,2.83203E-01,9.76562E-03
-1.1433761E+00,4.39453E-01,2.92969E-02
-1.1433576E+00,3.41797E-01,4.88281E-02
-1.1433391E+00,3.61328E-01,2.92969E-02
-1.1433206E+00,3.61328E-01,2.92969E-02
-1.1433022E+00,4.19922E-01,9.76562E-03
-1.1432837E+00,3.61328E-01,4.88281E-02
-1.1432652E+00,3.80859E-01,4.88281E-02
-1.1432467E+00,3.22266E-01,4.88281E-02
-1.1432282E+00,3.41797E-01,9.76562E-03
-1.1432098E+00,3.02734E-01,2.92969E-02
-1.1431913E+00,3.61328E-01,9.76562E-03
-1.1431728E+00,2.63672E-01,6.83594E-02
-1.1431543E+00,3.41797E-01,-6.83594E-02
-1.1431358E+00,2.83203E-01,6.83594E-02
-1.1431174E+00,3.80859E-01,8.78906E-02
-1.1430989E+00,2.83203E-01,4.88281E-02
-1.1430804E+00,3.41797E-01,4.88281E-02
-1.1430619E+00,3.22266E-01,8.78906E-02
-1.1430434E+00,3.80859E-01,2.92969E-02
-1.1430250E+00,3.61328E-01,9.76562E-03
-1.1430065E+00,3.61328E-01,2.92969E-02
-1.1429880E+00,3.61328E-01,2.92969E-02
-1.1429695E+00,3.22266E-01,9.76562E-03
-1.1429510E+00,3.22266E-01,4.88281E-02
-1.1429326E+00,4.39453E-01,6.83594E-02
-1.1429141E+00,3.80859E-01,-2.92969E-02
-1.1428956E+00,3.22266E-01,9.76562E-03
-1.1428771E+00,3.61328E-01,4.88281E-02
-1.1428586E+00,3.80859E-01,-9.76562E-03
-1.1428402E+00,2.44141E-01,-9.76562E-03
-1.1428217E+00,3.22266E-01,-2.92969E-02
-1.1428032E+00,3.41797E-01,2.92969E-02
-1.1427847E+00,3.61328E-01,8.78906E-02
-1.1427662E+00,3.22266E-01,9.76562E-03
-1.1427478E+00,3.41797E-01,2.92969E-02
-1.1427293E+00,2.83203E-01,6.83594E-02
-1.1427108E+00,4.00391E-01,9.76562E-03
-1.1426923E+00,2.83203E-01,2.92969E-02
-1.1426738E+00,3.61328E-01,8.78906E-02
-1.1426554E+00,3.61328E-01,2.92969E-02
-1.1426369E+00,3.80859E-01,-9.76562E-03
-1.1426184E+00,3.22266E-01,4.88281E-02
-1.1425999E+00,3.41797E-01,2.92969E-02
-1.1425814E+00,3.02734E-01,2.92969E-02
-1.1425630E+00,3.22266E-01,2.92969E-02
-1.1425445E+00,3.80859E-01,-9.76562E-03
-1.1425260E+00,3.22266E-01,9.76562E-03
-1.1425075E+00,2.83203E-01,6.83594E-02
-1.1424890E+00,3.80859E-01,4.88281E-02
-1.1424706E+00,3.61328E-01,4.88281E-02
-1.1424521E+00,4.19922E-01,9.76562E-03
-1.1424336E+00,3.80859E-01,6.83594E-02
-1.1424151E+00,4.00391E-01,4.88281E-02
-1.1423966E+00,2.83203E-01,9.76562E-03
-1.1423782E+00,3.61328E-01,2.92969E-02
-1.1423597E+00,3.41797E-01,2.92969E-02
-1.1423412E+00,3.41797E-01,8.78906E-02
-1.1423227E+00,3.61328E-01,4.88281E-02
-1.1423042E+00,3.22266E-01,9.76562E-03
-1.1422858E+00,3.22266E-01,2.92969E-02
-1.1422673E+00,3.61328E-01,4.88281E-02
-1.1422488E+00,3.41797E-01,4.88281E-02
-1.1422303E+00,3.41797E-01,2.92969E-02
-1.1422118E+00,3.80859E-01,4.88281E-02
-1.1421934E+00,3.41797E-01,9.76562E-03
-1.1421749E+00,3.02734E-01,9.76562E-03
-1.1421564E+00,4.19922E-01,4.88281E-02
-1.1421379E+00,2.83203E-01,4.88281E-02
-1.1421194E+00,3.41797E-01,-9.76562E-03
-1.1421010E+00,3.41797E-01,1.26953E-01
-1.1420825E+00,2.83203E-01,-9.76562E-03
-1.1420640E+00,3.41797E-01,-6.83594E-02
-1.1420455E+00,3.61328E-01,4.88281E-02
-1.1420270E+00,3.22266E-01,4.88281E-02
-1.1420086E+00,3.61328E-01,-9.76562E-03
-1.1419901E+00,3.41797E-01,2.92969E-02
-1.1419716E+00,3.61328E-01,-9.76562E-03
-1.1419531E+00,3.22266E-01,4.88281E-02
-1.1419346E+00,3.41797E-01,-9.76562E-03
-1.1419162E+00,3.22266E-01,8.78906E-02
-1.1418977E+00,3.02734E-01,-9.76562E-03
-1.1418792E+00,4.00391E-01,-4.88281E-02
-1.1418607E+00,3.80859E-01,-2.92969E-02
-1.1418422E+00,3.61328E-01,6.83594E-02
-1.1418238E+00,4.00391E-01,9.76562E-03
-1.1418053E+00,2.83203E-01,2.92969E-02
-1.1417868E+00,4.19922E-01,9.76562E-03
-1.1417683E+00,3.61328E-01,2.92969E-02
-1.1417498E+00,3.61328E-01,4.88281E-02
-1.1417314E+00,3.41797E-01,6.83594E-02
-1.1417129E+00,3.61328E-01,9.76562E-03
-1.1416944E+00,3.41797E-01,-9.76562E-03
-1.1416759E+00,3.80859E-01,9.76562E-03
-1.1416574E+00,3.61328E-01,1.07422E-01
-1.1416390E+00,3.41797E-01,6.83594E-02
-1.1416205E+00,3.80859E-01,9.76562E-03
-1.1416020E+00,3.02734E-01,9.76562E-03
-1.1415835E+00,3.41797E-01,2.92969E-02
-1.1415650E+00,4.00391E-01,9.76562E-03
-1.1415466E+00,3.61328E-01,2.92969E-02
-1.1415281E+00,4.19922E-01,9.76562E-03
-1.1415096E+00,3.80859E-01,4.88281E-02
-1.1414911E+00,3.02734E-01,-6.83594E-02
-1.1414726E+00,3.61328E-01,1.07422E-01
-1.1414542E+00,3.41797E-01,-9.76562E-03
-1.1414357E+00,3.61328E-01,4.88281E-02
-1.1414172E+00,4.00391E-01,9.76562E-03
-1.1413987E+00,3.61328E-01,4.88281E-02
-1.1413802E+00,4.19922E-01,9.76562E-03
-1.1413618E+00,3.80859E-01,4.88281E-02
-1.1413433E+00,3.80859E-01,4.88281E-02
-1.1413248E+00,3.41797E-01,4.88281E-02
-1.1413063E+00,3.61328E-01,-9.76562E-03
-1.1412878E+00,4.19922E-01,6.83594E-02
-1.1412694E+00,4.58984E-01,4.88281E-02
-1.1412509E+00,3.22266E-01,6.83594E-02
-1.1412324E+00,4.00391E-01,4.88281E-02
-1.1412139E+00,3.61328E-01,6.83594E-02
-1.1411954E+00,3.61328E-01,4.88281E-02
-1.1411770E+00,3.41797E-01,6.83594E-02
-1.1411585E+00,3.61328E-01,9.76562E-03
-1.1411400E+00,3.41797E-01,4.88281E-02
-1.1411215E+00,4.00391E-01,4.88281E-02
-1.1411030E+00,3.80859E-01,1.07422E-01
-1.1410846E+00,3.41797E-01,9.76562E-03
-1.1410661E+00,3.61328E-01,2.92969E-02
-1.1410476E+00,4.58984E-01,6.83594E-02
-1.1410291E+00,3.61328E-01,9.76562E-03
-1.1410106E+00,3.02734E-01,9.76562E-03
-1.1409922E+00,3.41797E-01,9.76562E-03
-1.1409737E+00,3.61328E-01,9.76562E-03
-1.1409552E+00,3.61328E-01,2.92969E-02
-1.1409367E+00,4.19922E-01,9.76562E-03
-1.1409182E+00,3.61328E-01,1.07422E-01
-1.1408998E+00,3.80859E-01,4.88281E-02
-1.1408813E+00,4.19922E-01,2.92969E-02
-1.1408628E+00,4.00391E-01,2.92969E-02
-1.1408443E+00,3.80859E-01,-9.76562E-03
-1.1408258E+00,4.00391E-01,2.92969E-02
-1.1408074E+00,3.22266E-01,2.92969E-02
-1.1407889E+00,3.80859E-01,2.92969E-02
-1.1407704E+00,3.41797E-01,4.88281E-02
-1.1407519E+00,3.41797E-01,6.83594E-02
-1.1407334E+00,3.61328E-01,6.83594E-02
-1.1407150E+00,4.39453E-01,6.83594E-02
-1.1406965E+00,3.61328E-01,4.88281E-02
-1.1406780E+00,3.61328E-01,4.88281E-02
-1.1406595E+00,3.02734E-01,4.88281E-02
-1.1406410E+00,2.83203E-01,-9.76562E-03
-1.1406226E+00,3.61328E-01,4.88281E-02
-1.1406041E+00,3.22266E-01,4.88281E-02
-1.1405856E+00,3.41797E-01,4.88281E-02
-1.1405671E+00,3.80859E-01,-6.83594E-02
-1.1405486E+00,3.61328E-01,6.83594E-02
-1.1405302E+00,4.00391E-01,9.76562E-03
-1.1405117E+00,3.61328E-01,4.88281E-02
-1.1404932E+00,3.61328E-01,9.76562E-03
-1.1404747E+00,4.00391E-01,4.88281E-02
-1.1404562E+00,3.22266E-01,2.92969E-02
-1.1404378E+00,3.41797E-01,4.88281E-02
-1.1404193E+00,4.00391E-01,4.88281E-02
-1.1404008E+00,3.02734E-01,1.26953E-01
-1.1403823E+00,3.61328E-01,2.92969E-02
-1.1403638E+00,3.41797E-01,4.88281E-02
-1.1403454E+00,4.39453E-01,-9.76562E-03
-1.1403269E+00,2.83203E-01,1.26953E-01
-1.1403084E+00,3.80859E-01,-6.83594E-02
-1.1402899E+00,3.80859E-01,4.88281E-02
-1.1402714E+00,3.61328E-01,8.78906E-02
-1.1402530E+00,3.02734E-01,4.88281E-02
-1.1402345E+00,4.00391E-01,9.76562E-03
-1.1402160E+00,3.41797E-01,4.88281E-02
-1.1401975E+00,4.19922E-01,6.83594E-02
-1.1401790E+00,3.02734E-01,-2.92969E-02
-1.1401606E+00,3.61328E-01,4.88281E-02
-1.1401421E+00,3.61328E-01,4.88281E-02
-1.1401236E+00,4.00391E-01,-2.92969E-02
-1.1401051E+00,3.41797E-01,4.88281E-02
-1.1400866E+00,4.19922E-01,2.92969E-02
-1.1400682E+00,3.61328E-01,4.88281E-02
-1.1400497E+00,4.00391E-01,4.88281E-02
-1.1400312E+00,3.22266E-01,2.92969E-02
-1.1400127E+00,5.17578E-01,2.92969E-02
-1.1399942E+00,3.61328E-01,4.88281E-02
-1.1399758E+00,4.00391E-01,9.76562E-03
-1.1399573E+00,3.22266E-01,6.83594E-02
-1.1399388E+00,3.41797E-01,4.88281E-02
-1.1399203E+00,3.41797E-01,4.88281E-02
-1.1399018E+00,4.00391E-01,4.88281E-02
-1.1398834E+00,4.00391E-01,2.92969E-02
-1.1398649E+00,4.00391E-01,-9.76562E-03
-1.1398464E+00,3.22266E-01,2.92969E-02
-1.1398279E+00,3.80859E-01,2.92969E-02
-1.1398094E+00,3.80859E-01,2.92969E-02
-1.1397910E+00,3.22266E-01,9.76562E-03
-1.1397725E+00,3.80859E-01,2.92969E-02
-1.1397540E+00,3.02734E-01,6.83594E-02
-1.1397355E+00,3.80859E-01,4.88281E-02
-1.1397170E+00,4.19922E-01,2.92969E-02
-1.1396986E+00,3.22266E-01,6.83594E-02
-1.1396801E+00,4.19922E-01,-9.76562E-03
-1.1396616E+00,4.19922E-01,6.83594E-02
-1.1396431E+00,3.80859E-01,-6.83594E-02
-1.1396246E+00,3.61328E-01,2.92969E-02
-1.1396062E+00,3.61328E-01,-9.76562E-03
-1.1395877E+00,3.61328E-01,2.92969E-02
-1.1395692E+00,3.41797E-01,4.88281E-02
-1.1395507E+00,3.41797E-01,4.88281E-02
-1.1395322E+00,3.02734E-01,9.76562E-03
-1.1395138E+00,3.41797E-01,6.83594E-02
-1.1394953E+00,4.19922E-01,2.92969E-02
-1.1394768E+00,3.02734E-01,4.88281E-02
-1.1394583E+00,3.61328E-01,9.76562E-03
-1.1394398E+00,3.61328E-01,9.76562E-03
-1.1394214E+00,4.39453E-01,6.83594E-02
-1.1394029E+00,3.61328E-01,2.92969E-02
-1.1393844E+00,4.00391E-01,2.92969E-02
-1.1393659E+00,3.41797E-01,4.88281E-02
-1.1393474E+00,3.80859E-01,2.92969E-02
-1.1393290E+00,3.61328E-01,4.88281E-02
-1.1393105E+00,4.19922E-01,4.88281E-02
-1.1392920E+00,3.61328E-01,2.92969E-02
-1.1392735E+00,4.00391E-01,2.92969E-02
-1.1392550E+00,3.41797E-01,9.76562E-03
-1.1392366E+00,4.19922E-01,2.92969E-02
-1.1392181E+00,3.61328E-01,9.76562E-03
-1.1391996E+00,3.41797E-01,-2.92969E-02
-1.1391811E+00,3.61328E-01,6.83594E-02
-1.1391626E+00,3.02734E-01,9.76562E-03
-1.1391442E+00,3.61328E-01,1.46484E-01
-1.1391257E+00,4.00391E-01,9.76562E-03
-1.1391072E+00,4.00391E-01,4.88281E-02
-1.1390887E+00,3.61328E-01,2.92969E-02
-1.1390702E+00,3.22266E-01,1.07422E-01
-1.1390518E+00,4.19922E-01,2.92969E-02
-1.1390333E+00,3.61328E-01,-2.92969E-02
-1.1390148E+00,4.78516E-01,-9.76562E-03
-1.1389963E+00,4.00391E-01,9.76562E-03
-1.1389778E+00,4.00391E-01,2.92969E-02
-1.1389594E+00,3.61328E-01,9.76562E-03
-1.1389409E+00,4.39453E-01,2.92969E-02
-1.1389224E+00,3.61328E-01,4.88281E-02
-1.1389039E+00,4.19922E-01,-9.76562E-03
-1.1388854E+00,4.19922E-01,6.83594E-02
-1.1388670E+00,4.00391E-01,2.92969E-02
-1.1388485E+00,3.61328E-01,6.83594E-02
-1.1388300E+00,3.80859E-01,2.92969E-02
-1.1388115E+00,4.00391E-01,2.92969E-02
-1.1387930E+00,3.61328E-01,9.76562E-03
-1.1387746E+00,3.61328E-01,1.26953E-01
-1.1387561E+00,3.41797E-01,-9.76562E-03
-1.1387376E+00,3.61328E-01,2.92969E-02
-1.1387191E+00,3.80859E-01,-4.88281E-02
-1.1387006E+00,4.00391E-01,6.83594E-02
-1.1386822E+00,4.00391E-01,2.92969E-02
-1.1386637E+00,3.61328E-01,-9.76562E-03
-1.1386452E+00,3.61328E-01,4.88281E-02
-1.1386267E+00,3.61328E-01,2.92969E-02
-1.1386082E+00,3.61328E-01,9.76562E-03
-1.1385898E+00,2.83203E-01,9.76562E-03
-1.1385713E+00,3.61328E-01,-9.76562E-03
-1.1385528E+00,4.19922E-01,9.76562E-03
-1.1385343E+00,4.39453E-01,4.88281E-02
-1.1385158E+00,3.02734E-01,4.88281E-02
-1.1384974E+00,3.80859E-01,4.88281E-02
-1.1384789E+00,3.61328E-01,4.88281E-02
-1.1384604E+00,4.19922E-01,9.76562E-03
-1.1384419E+00,3.80859E-01,2.92969E-02
-1.1384234E+00,4.19922E-01,2.92969E-02
-1.1384050E+00,3.22266E-01,2.92969E-02
-1.1383865E+00,3.41797E-01,6.83594E-02
-1.1383680E+00,3.22266E-01,2.92969E-02
-1.1383495E+00,3.61328E-01,9.76562E-03
-1.1383310E+00,3.41797E-01,4.88281E-02
-1.1383126E+00,3.61328E-01,9.76562E-03
-1.1382941E+00,3.61328E-01,6.83594E-02
-1.1382756E+00,4.39453E-01,4.88281E-02
-1.1382571E+00,3.61328E-01,2.92969E-02
-1.1382386E+00,3.61328E-01,-9.76562E-03
-1.1382202E+00,3.02734E-01,6.83594E-02
-1.1382017E+00,4.00391E-01,2.92969E-02
-1.1381832E+00,3.80859E-01,4.88281E-02
-1.1381647E+00,3.61328E-01,2.92969E-02
-1.1381462E+00,3.61328E-01,4.88281E-02
-1.1381278E+00,3.61328E-01,9.76562E-03
-1.1381093E+00,3.61328E-01,4.88281E-02
-1.1380908E+00,3.61328E-01,4.88281E-02
-1.1380723E+00,3.41797E-01,9.76562E-03
-1.1380538E+00,3.80859E-01,4.88281E-02
-1.1380354E+00,3.61328E-01,4.88281E-02
-1.1380169E+00,3.41797E-01,2.92969E-02
-1.1379984E+00,3.61328E-01,2.92969E-02
-1.1379799E+00,3.41797E-01,4.88281E-02
-1.1379614E+00,3.61328E-01,6.83594E-02
-1.1379430E+00,3.80859E-01,2.92969E-02
-1.1379245E+00,4.19922E-01,4.88281E-02
-1.1379060E+00,4.19922E-01,2.92969E-02
-1.1378875E+00,3.41797E-01,4.88281E-02
-1.1378690E+00,3.61328E-01,-9.76562E-03
-1.1378506E+00,3.61328E-01,1.26953E-01
-1.1378321E+00,4.00391E-01,9.76562E-03
-1.1378136E+00,3.61328E-01,1.26953E-01
-1.1377951E+00,4.00391E-01,4.88281E-02
-1.1377766E+00,3.41797E-01,9.76562E-03
-1.1377582E+00,4.19922E-01,6.83594E-02
-1.1377397E+00,3.80859E-01,4.88281E-02
-1.1377212E+00,4.00391E-01,6.83594E-02
-1.1377027E+00,4.00391E-01,-2.92969E-02
-1.1376842E+00,4.00391E-01,9.76562E-03
-1.1376658E+00,3.61328E-01,4.88281E-02
-1.1376473E+00,3.80859E-01,2.92969E-02
-1.1376288E+00,3.61328E-01,2.92969E-02
-1.1376103E+00,4.00391E-01,6.83594E-02
-1.1375918E+00,3.41797E-01,4.88281E-02
-1.1375734E+00,4.19922E-01,2.92969E-02
-1.1375549E+00,3.61328E-01,6.83594E-02
-1.1375364E+00,4.00391E-01,-9.76562E-03
-1.1375179E+00,3.41797E-01,8.78906E-02
-1.1374994E+00,3.80859E-01,2.92969E-02
-1.1374810E+00,2.83203E-01,-9.76562E-03
-1.1374625E+00,3.80859E-01,6.83594E-02
-1.1374440E+00,3.61328E-01,-4.88281E-02
-1.1374255E+00,3.22266E-01,4.88281E-02
-1.1374070E+00,3.61328E-01,6.83594E-02
-1.1373886E+00,4.00391E-01,2.92969E-02
-1.1373701E+00,3.41797E-01,4.88281E-02
-1.1373516E+00,3.80859E-01,6.83594E-02
-1.1373331E+00,3.02734E-01,4.88281E-02
-1.1373146E+00,4.00391E-01,2.92969E-02
-1.1372962E+00,3.61328E-01,6.83594E-02
-1.1372777E+00,4.00391E-01,-9.76562E-03
-1.1372592E+00,3.61328E-01,4.88281E-02
-1.1372407E+00,3.80859E-01,8.78906E-02
-1.1372222E+00,3.02734E-01,4.88281E-02
-1.1372038E+00,3.80859E-01,-9.76562E-03
-1.1371853E+00,3.41797E-01,9.76562E-03
-1.1371668E+00,4.00391E-01,-9.76562E-03
-1.1371483E+00,4.00391E-01,4.88281E-02
-1.1371298E+00,3.41797E-01,9.76562E-03
-1.1371114E+00,3.41797E-01,9.76562E-03
-1.1370929E+00,3.02734E-01,1.07422E-01
-1.1370744E+00,3.02734E-01,2.92969E-02
-1.1370559E+00,4.39453E-01,-9.76562E-03
-1.1370374E+00,3.41797E-01,9.76562E-03
-1.1370190E+00,2.83203E-01,-2.92969E-02
-1.1370005E+00,3.61328E-01,6.83594E-02
-1.1369820E+00,3.80859E-01,4.88281E-02
-1.1369635E+00,3.02734E-01,4.88281E-02
-1.1369450E+00,3.80859E-01,9.76562E-03
-1.1369266E+00,2.83203E-01,4.88281E-02
-1.1369081E+00,4.00391E-01,2.92969E-02
-1.1368896E+00,3.80859E-01,6.83594E-02
-1.1368711E+00,4.58984E-01,6.83594E-02
-1.1368526E+00,3.41797E-01,2.92969E-02
-1.1368342E+00,4.00391E-01,9.76562E-03
-1.1368157E+00,3.61328E-01,6.83594E-02
-1.1367972E+00,4.19922E-01,-9.76562E-03
-1.1367787E+00,4.19922E-01,2.92969E-02
-1.1367602E+00,4.19922E-01,8.78906E-02
-1.1367418E+00,3.41797E-01,4.88281E-02
-1.1367233E+00,3.61328E-01,9.76562E-03
-1.1367048E+00,4.39453E-01,9.76562E-03
-1.1366863E+00,3.61328E-01,-9.76562E-03
-1.1366678E+00,4.00391E-01,-9.76562E-03
-1.1366494E+00,4.00391E-01,2.92969E-02
-1.1366309E+00,2.83203E-01,6.83594E-02
-1.1366124E+00,3.41797E-01,6.83594E-02
-1.1365939E+00,3.80859E-01,2.92969E-02
-1.1365754E+00,3.41797E-01,2.92969E-02
-1.1365570E+00,4.00391E-01,1.07422E-01
-1.1365385E+00,4.00391E-01,2.92969E-02
-1.1365200E+00,4.19922E-01,1.07422E-01
-1.1365015E+00,4.19922E-01,-2.92969E-02
-1.1364830E+00,3.22266E-01,4.88281E-02
-1.1364646E+00,3.61328E-01,9.76562E-03
-1.1364461E+00,4.39453E-01,9.76562E-03
-1.1364276E+00,4.00391E-01,9.76562E-03
-1.1364091E+00,4.19922E-01,4.88281E-02
-1.1363906E+00,3.80859E-01,2.92969E-02
-1.1363722E+00,3.61328E-01,4.88281E-02
-1.1363537E+00,3.61328E-01,2.92969E-02
-1.1363352E+00,4.00391E-01,6.83594E-02
-1.1363167E+00,4.78516E-01,2.92969E-02
-1.1362982E+00,3.41797E-01,6.83594E-02
-1.1362798E+00,4.00391E-01,2.92969E-02
-1.1362613E+00,3.02734E-01,1.26953E-01
-1.1362428E+00,4.19922E-01,1.07422E-01
-1.1362243E+00,3.80859E-01,6.83594E-02
-1.1362058E+00,4.19922E-01,-9.76562E-03
-1.1361874E+00,3.61328E-01,8.78906E-02
-1.1361689E+00,3.41797E-01,6.83594E-02
-1.1361504E+00,3.80859E-01,2.92969E-02
-1.1361319E+00,4.19922E-01,9.76562E-03
-1.1361134E+00,3.61328E-01,2.92969E-02
-1.1360950E+00,3.61328E-01,6.83594E-02
-1.1360765E+00,3.61328E-01,6.83594E-02
-1.1360580E+00,3.22266E-01,4.88281E-02
-1.1360395E+00,3.80859E-01,2.92969E-02
-1.1360210E+00,4.00391E-01,-9.76562E-03
-1.1360026E+00,3.80859E-01,2.92969E-02
-1.1359841E+00,4.58984E-01,8.78906E-02
-1.1359656E+00,3.80859E-01,4.88281E-02
-1.1359471E+00,3.80859E-01,9.76562E-03
-1.1359286E+00,3.80859E-01,9.76562E-03
-1.1359102E+00,3.41797E-01,-2.92969E-02
-1.1358917E+00,3.22266E-01,6.83594E-02
-1.1358732E+00,4.00391E-01,9.76562E-03
-1.1358547E+00,3.22266E-01,6.83594E-02
-1.1358362E+00,3.61328E-01,-2.92969E-02
-1.1358178E+00,3.61328E-01,9.76562E-03
-1.1357993E+00,4.00391E-01,2.92969E-02
-1.1357808E+00,3.61328E-01,4.88281E-02
-1.1357623E+00,3.22266E-01,2.92969E-02
-1.1357438E+00,3.80859E-01,6.83594E-02
-1.1357254E+00,4.19922E-01,9.76562E-03
-1.1357069E+00,3.61328E-01,4.88281E-02
-1.1356884E+00,4.19922E-01,4.88281E-02
-1.1356699E+00,3.80859E-01,2.92969E-02
-1.1356514E+00,4.00391E-01,9.76562E-03
-1.1356330E+00,3.80859E-01,4.88281E-02
-1.1356145E+00,4.00391E-01,9.76562E-03
-1.1355960E+00,4.00391E-01,-2.92969E-02
-1.1355775E+00,4.19922E-01,2.92969E-02
-1.1355590E+00,4.00391E-01,2.92969E-02
-1.1355406E+00,3.80859E-01,-9.76562E-03
-1.1355221E+00,3.61328E-01,-4.88281E-02
-1.1355036E+00,3.80859E-01,2.92969E-02
-1.1354851E+00,3.02734E-01,2.92969E-02
-1.1354666E+00,3.80859E-01,4.88281E-02
-1.1354482E+00,3.80859E-01,2.92969E-02
-1.1354297E+00,4.39453E-01,9.76562E-03
-1.1354112E+00,3.02734E-01,4.88281E-02
-1.1353927E+00,3.80859E-01,2.92969E-02
-1.1353742E+00,3.80859E-01,4.88281E-02
-1.1353558E+00,3.61328E-01,9.76562E-03
-1.1353373E+00,3.22266E-01,-9.76562E-03
-1.1353188E+00,4.00391E-01,2.92969E-02
-1.1353003E+00,4.00391E-01,4.88281E-02
-1.1352818E+00,4.39453E-01,4.88281E-02
-1.1352634E+00,3.41797E-01,6.83594E-02
-1.1352449E+00,3.80859E-01,6.83594E-02
-1.1352264E+00,3.61328E-01,6.83594E-02
-1.1352079E+00,4.39453E-01,2.92969E-02
-1.1351894E+00,3.61328E-01,4.88281E-02
-1.1351710E+00,4.39453E-01,9.76562E-03
-1.1351525E+00,3.41797E-01,9.76562E-03
-1.1351340E+00,3.80859E-01,9.76562E-03
-1.1351155E+00,3.61328E-01,2.92969E-02
-1.1350970E+00,3.61328E-01,4.88281E-02
-1.1350786E+00,3.02734E-01,2.92969E-02
-1.1350601E+00,3.80859E-01,-9.76562E-03
-1.1350416E+00,4.00391E-01,9.76562E-03
-1.1350231E+00,4.19922E-01,4.88281E-02
-1.1350046E+00,3.41797E-01,9.76562E-03
-1.1349862E+00,4.00391E-01,9.76562E-03
-1.1349677E+00,3.22266E-01,2.92969E-02
-1.1349492E+00,4.39453E-01,9.76562E-03
-1.1349307E+00,3.80859E-01,4.88281E-02
-1.1349122E+00,3.22266E-01,9.76562E-03
-1.1348938E+00,3.61328E-01,8.78906E-02
-1.1348753E+00,3.80859E-01,-9.76562E-03
-1.1348568E+00,3.80859E-01,6.83594E-02
-1.1348383E+00,3.80859E-01,4.88281E-02
-1.1348198E+00,4.19922E-01,6.83594E-02
-1.1348014E+00,4.19922E-01,-2.92969E-02
-1.1347829E+00,3.41797E-01,6.83594E-02
-1.1347644E+00,4.19922E-01,-9.76562E-03
-1.1347459E+00,4.00391E-01,4.88281E-02
-1.1347274E+00,3.80859E-01,2.92969E-02
-1.1347090E+00,3.61328E-01,2.92969E-02
-1.1346905E+00,3.41797E-01,2.92969E-02
-1.1346720E+00,3.41797E-01,-4.88281E-02
-1.1346535E+00,3.80859E-01,9.76562E-03
-1.1346350E+00,3.22266E-01,2.92969E-02
-1.1346166E+00,3.41797E-01,-2.92969E-02
-1.1345981E+00,3.61328E-01,4.88281E-02
-1.1345796E+00,3.41797E-01,9.76562E-03
-1.1345611E+00,3.22266E-01,4.88281E-02
-1.1345426E+00,3.80859E-01,9.76562E-03
-1.1345242E+00,3.61328E-01,2.92969E-02
-1.1345057E+00,4.19922E-01,2.92969E-02
-1.1344872E+00,4.00391E-01,4.88281E-02
-1.1344687E+00,4.19922E-01,-4.88281E-02
-1.1344502E+00,3.61328E-01,4.88281E-02
-1.1344318E+00,3.80859E-01,6.83594E-02
-1.1344133E+00,3.61328E-01,6.83594E-02
-1.1343948E+00,4.19922E-01,9.76562E-03
-1.1343763E+00,3.61328E-01,1.46484E-01
-1.1343578E+00,4.98047E-01,-9.76562E-03
-1.1343394E+00,4.19922E-01,6.83594E-02
-1.1343209E+00,4.00391E-01,4.88281E-02
-1.1343024E+00,4.19922E-01,6.83594E-02
-1.1342839E+00,4.39453E-01,6.83594E-02
-1.1342654E+00,3.80859E-01,9.76562E-03
-1.1342470E+00,4.19922E-01,4.88281E-02
-1.1342285E+00,3.41797E-01,2.92969E-02
-1.1342100E+00,3.80859E-01,4.88281E-02
-1.1341915E+00,3.41797E-01,4.88281E-02
-1.1341730E+00,4.19922E-01,9.76562E-03
-1.1341546E+00,3.61328E-01,9.76562E-03
-1.1341361E+00,4.39453E-01,9.76562E-03
-1.1341176E+00,4.00391E-01,9.76562E-03
-1.1340991E+00,4.00391E-01,4.88281E-02
-1.1340806E+00,3.41797E-01,4.88281E-02
-1.1340622E+00,3.41797E-01,2.92969E-02
-1.1340437E+00,4.39453E-01,2.92969E-02
-1.1340252E+00,4.19922E-01,6.83594E-02
-1.1340067E+00,3.41797E-01,4.88281E-02
-1.1339882E+00,4.00391E-01,2.92969E-02
-1.1339698E+00,3.80859E-01,6.83594E-02
-1.1339513E+00,4.39453E-01,9.76562E-03
-1.1339328E+00,3.61328E-01,2.92969E-02
-1.1339143E+00,4.19922E-01,2.92969E-02
-1.1338958E+00,3.61328E-01,4.88281E-02
-1.1338774E+00,4.19922E-01,2.92969E-02
-1.1338589E+00,3.41797E-01,4.88281E-02
-1.1338404E+00,3.80859E-01,-9.76562E-03
-1.1338219E+00,3.22266E-01,9.76562E-03
-1.1338034E+00,4.19922E-01,1.07422E-01
-1.1337850E+00,3.80859E-01,6.83594E-02
-1.1337665E+00,3.61328E-01,9.76562E-03
-1.1337480E+00,3.61328E-01,6.83594E-02
-1.1337295E+00,3.61328E-01,9.76562E-03
-1.1337110E+00,3.61328E-01,4.88281E-02
-1.1336926E+00,4.19922E-01,9.76562E-03
-1.1336741E+00,3.41797E-01,2.92969E-02
-1.1336556E+00,4.39453E-01,2.92969E-02
-1.1336371E+00,4.00391E-01,9.76562E-03
-1.1336186E+00,4.19922E-01,2.92969E-02
-1.1336002E+00,3.80859E-01,4.88281E-02
-1.1335817E+00,4.39453E-01,2.92969E-02
-1.1335632E+00,3.22266E-01,2.92969E-02
-1.1335447E+00,3.61328E-01,-9.76562E-03
-1.1335262E+00,3.61328E-01,6.83594E-02
-1.1335078E+00,4.78516E-01,2.92969E-02
-1.1334893E+00,3.61328E-01,6.83594E-02
-1.1334708E+00,4.19922E-01,9.76562E-03
-1.1334523E+00,3.41797E-01,2.92969E-02
-1.1334338E+00,4.00391E-01,4.88281E-02
-1.1334154E+00,4.00391E-01,9.76562E-03
-1.1333969E+00,4.00391E-01,9.76562E-03
-1.1333784E+00,3.41797E-01,2.92969E-02
-1.1333599E+00,4.19922E-01,-2.92969E-02
-1.1333414E+00,3.61328E-01,-9.76562E-03
-1.1333230E+00,4.19922E-01,9.76562E-03
-1.1333045E+00,3.80859E-01,2.92969E-02
-1.1332860E+00,4.19922E-01,9.76562E-03
-1.1332675E+00,4.19922E-01,9.76562E-03
-1.1332490E+00,4.00391E-01,2.92969E-02
-1.1332306E+00,4.19922E-01,2.92969E-02
-1.1332121E+00,4.19922E-01,-9.76562E-03
-1.1331936E+00,3.80859E-01,4.88281E-02
-1.1331751E+00,4.78516E-01,4.88281E-02
-1.1331566E+00,3.61328E-01,9.76562E-03
-1.1331382E+00,4.00391E-01,2.92969E-02
-1.1331197E+00,4.00391E-01,4.88281E-02
-1.1331012E+00,4.19922E-01,9.76562E-03
-1.1330827E+00,3.61328E-01,2.92969E-02
-1.1330642E+00,4.78516E-01,6.83594E-02
-1.1330458E+00,4.58984E-01,4.88281E-02
-1.1330273E+00,4.00391E-01,4.88281E-02
-1.1330088E+00,4.39453E-01,6.83594E-02
-1.1329903E+00,4.98047E-01,2.92969E-02
-1.1329718E+00,3.61328E-01,1.26953E-01
-1.1329534E+00,4.58984E-01,9.76562E-03
-1.1329349E+00,3.41797E-01,4.88281E-02
-1.1329164E+00,4.78516E-01,4.88281E-02
-1.1328979E+00,3.61328E-01,6.83594E-02
-1.1328794E+00,4.19922E-01,4.88281E-02
-1.1328610E+00,3.22266E-01,1.07422E-01
-1.1328425E+00,4.00391E-01,-9.76562E-03
-1.1328240E+00,3.61328E-01,4.88281E-02
-1.1328055E+00,4.19922E-01,4.88281E-02
-1.1327870E+00,4.19922E-01,4.88281E-02
-1.1327686E+00,3.80859E-01,9.76562E-03
-1.1327501E+00,4.19922E-01,6.83594E-02
-1.1327316E+00,4.00391E-01,2.92969E-02
-1.1327131E+00,3.02734E-01,9.76562E-03
-1.1326946E+00,4.39453E-01,9.76562E-03
-1.1326762E+00,3.61328E-01,2.92969E-02
-1.1326577E+00,3.80859E-01,-9.76562E-03
-1.1326392E+00,3.80859E-01,6.83594E-02
-1.1326207E+00,4.78516E-01,-9.76562E-03
-1.1326022E+00,4.19922E-01,9.76562E-03
-1.1325838E+00,3.80859E-01,2.92969E-02
-1.1325653E+00,3.61328E-01,4.88281E-02
-1.1325468E+00,4.19922E-01,2.92969E-02
-1.1325283E+00,3.80859E-01,4.88281E-02
-1.1325098E+00,4.39453E-01,4.88281E-02
-1.1324914E+00,3.80859E-01,2.92969E-02
-1.1324729E+00,4.39453E-01,2.92969E-02
-1.1324544E+00,4.00391E-01,4.88281E-02
-1.1324359E+00,4.58984E-01,-9.76562E-03
-1.1324174E+00,3.61328E-01,6.83594E-02
-1.1323990E+00,4.19922E-01,4.88281E-02
-1.1323805E+00,3.41797E-01,6.83594E-02
-1.1323620E+00,4.39453E-01,9.76562E-03
-1.1323435E+00,3.61328E-01,-9.76562E-03
-1.1323250E+00,4.00391E-01,9.76562E-03
-1.1323066E+00,4.39453E-01,4.88281E-02
-1.1322881E+00,4.19922E-01,9.76562E-03
-1.1322696E+00,3.61328E-01,2.92969E-02
-1.1322511E+00,4.19922E-01,6.83594E-02
-1.1322326E+00,3.80859E-01,6.83594E-02
-1.1322142E+00,4.19922E-01,-9.76562E-03
-1.1321957E+00,3.41797E-01,4.88281E-02
-1.1321772E+00,4.19922E-01,6.83594E-02
-1.1321587E+00,4.39453E-01,8.78906E-02
-1.1321402E+00,4.19922E-01,2.92969E-02
-1.1321218E+00,4.00391E-01,9.76562E-03
-1.1321033E+00,4.00391E-01,9.76562E-03
-1.1320848E+00,3.61328E-01,8.78906E-02
-1.1320663E+00,4.19922E-01,-9.76562E-03
-1.1320478E+00,4.00391E-01,4.88281E-02
-1.1320294E+00,4.00391E-01,-6.83594E-02
-1.1320109E+00,4.19922E-01,8.78906E-02
-1.1319924E+00,4.39453E-01,6.83594E-02
-1.1319739E+00,4.00391E-01,2.92969E-02
-1.1319554E+00,4.39453E-01,-9.76562E-03
-1.1319370E+00,4.19922E-01,9.76562E-03
-1.1319185E+00,4.39453E-01,6.83594E-02
-1.1319000E+00,3.41797E-01,6.83594E-02
-1.1318815E+00,4.00391E-01,9.76562E-03
-1.1318630E+00,3.61328E-01,9.76562E-03
-1.1318446E+00,4.58984E-01,-9.76562E-03
-1.1318261E+00,3.61328E-01,6.83594E-02
-1.1318076E+00,4.78516E-01,9.76562E-03
-1.1317891E+00,4.19922E-01,9.76562E-03
-1.1317706E+00,4.00391E-01,6.83594E-02
-1.1317522E+00,3.61328E-01,2.92969E-02
-1.1317337E+00,4.98047E-01,-2.92969E-02
-1.1317152E+00,3.61328E-01,9.76562E-03
-1.1316967E+00,4.39453E-01,4.88281E-02
-1.1316782E+00,3.41797E-01,4.88281E-02
-1.1316598E+00,4.39453E-01,6.83594E-02
-1.1316413E+00,4.19922E-01,2.92969E-02
-1.1316228E+00,3.80859E-01,4.88281E-02
-1.1316043E+00,4.98047E-01,9.76562E-03
-1.1315858E+00,4.39453E-01,9.76562E-03
-1.1315674E+00,4.00391E-01,2.92969E-02
-1.1315489E+00,3.80859E-01,2.92969E-02
-1.1315304E+00,3.80859E-01,2.92969E-02
-1.1315119E+00,4.39453E-01,2.92969E-02
-1.1314934E+00,3.80859E-01,9.76562E-03
-1.1314750E+00,3.61328E-01,9.76562E-03
-1.1314565E+00,4.00391E-01,9.76562E-03
-1.1314380E+00,4.78516E-01,4.88281E-02
-1.1314195E+00,3.80859E-01,1.26953E-01
-1.1314010E+00,4.19922E-01,4.88281E-02
-1.1313826E+00,3.61328E-01,6.83594E-02
-1.1313641E+00,3.80859E-01,-9.76562E-03
-1.1313456E+00,2.83203E-01,4.88281E-02
-1.1313271E+00,4.19922E-01,2.92969E-02
-1.1313086E+00,3.80859E-01,4.88281E-02
-1.1312902E+00,4.58984E-01,9.76562E-03
-1.1312717E+00,3.80859E-01,6.83594E-02
-1.1312532E+00,4.00391E-01,2.92969E-02
-1.1312347E+00,3.22266E-01,2.92969E-02
-1.1312162E+00,3.80859E-01,9.76562E-03
-1.1311978E+00,3.61328E-01,2.92969E-02
-1.1311793E+00,4.00391E-01,9.76562E-03
-1.1311608E+00,3.80859E-01,6.83594E-02
-1.1311423E+00,4.58984E-01,6.83594E-02
-1.1311238E+00,3.22266E-01,4.88281E-02
-1.1311054E+00,3.80859E-01,8.78906E-02
-1.1310869E+00,3.80859E-01,1.07422E-01
-1.1310684E+00,4.19922E-01,-9.76562E-03
-1.1310499E+00,3.02734E-01,4.88281E-02
-1.1310314E+00,4.19922E-01,2.92969E-02
-1.1310130E+00,3.80859E-01,9.76562E-03
-1.1309945E+00,4.78516E-01,-2.92969E-02
-1.1309760E+00,4.00391E-01,9.76562E-03
-1.1309575E+00,4.19922E-01,9.76562E-03
-1.1309390E+00,4.00391E-01,1.26953E-01
-1.1309206E+00,4.58984E-01,4.88281E-02
-1.1309021E+00,3.61328E-01,9.76562E-03
-1.1308836E+00,4.19922E-01,9.76562E-03
-1.1308651E+00,3.80859E-01,-4.88281E-02
-1.1308466E+00,4.19922E-01,6.83594E-02
-1.1308282E+00,4.00391E-01,4.88281E-02
-1.1308097E+00,4.19922E-01,9.76562E-03
-1.1307912E+00,3.61328E-01,9.76562E-03
-1.1307727E+00,5.17578E-01,9.76562E-03
-1.1307542E+00,3.41797E-01,2.92969E-02
-1.1307358E+00,4.19922E-01,9.76562E-03
-1.1307173E+00,3.61328E-01,6.83594E-02
-1.1306988E+00,4.78516E-01,-9.76562E-03
-1.1306803E+00,4.39453E-01,9.76562E-03
-1.1306618E+00,4.00391E-01,4.88281E-02
-1.1306434E+00,4.39453E-01,4.88281E-02
-1.1306249E+00,4.19922E-01,2.92969E-02
-1.1306064E+00,4.39453E-01,9.76562E-03
-1.1305879E+00,4.39453E-01,8.78906E-02
-1.1305694E+00,4.19922E-01,6.83594E-02
-1.1305510E+00,3.61328E-01,-2.92969E-02
-1.1305325E+00,4.19922E-01,-9.76562E-03
-1.1305140E+00,4.39453E-01,2.92969E-02
-1.1304955E+00,3.61328E-01,4.88281E-02
-1.1304770E+00,4.19922E-01,2.92969E-02
-1.1304586E+00,4.00391E-01,4.88281E-02
-1.1304401E+00,4.39453E-01,9.76562E-03
-1.1304216E+00,4.00391E-01,9.76562E-03
-1.1304031E+00,4.00391E-01,4.88281E-02
-1.1303846E+00,4.00391E-01,-4.88281E-02
-1.1303662E+00,3.80859E-01,2.92969E-02
-1.1303477E+00,3.22266E-01,-9.76562E-03
-1.1303292E+00,4.19922E-01,8.78906E-02
-1.1303107E+00,3.61328E-01,1.26953E-01
-1.1302922E+00,4.00391E-01,4.88281E-02
-1.1302738E+00,3.61328E-01,9.76562E-03
-1.1302553E+00,4.19922E-01,-9.76562E-03
-1.1302368E+00,3.61328E-01,6.83594E-02
-1.1302183E+00,4.19922E-01,2.92969E-02
-1.1301998E+00,3.80859E-01,2.92969E-02
-1.1301814E+00,4.19922E-01,6.83594E-02
-1.1301629E+00,4.39453E-01,4.88281E-02
-1.1301444E+00,4.00391E-01,2.92969E-02
-1.1301259E+00,3.80859E-01,2.92969E-02
-1.1301074E+00,4.58984E-01,4.88281E-02
-1.1300890E+00,3.80859E-01,-4.88281E-02
-1.1300705E+00,4.39453E-01,9.76562E-03
-1.1300520E+00,4.78516E-01,4.88281E-02
-1.1300335E+00,4.58984E-01,2.92969E-02
-1.1300150E+00,3.80859E-01,4.88281E-02
-1.1299966E+00,4.58984E-01,9.76562E-03
-1.1299781E+00,4.19922E-01,2.92969E-02
-1.1299596E+00,4.00391E-01,9.76562E-03
-1.1299411E+00,3.61328E-01,2.92969E-02
-1.1299226E+00,4.19922E-01,9.76562E-03
-1.1299042E+00,3.61328E-01,4.88281E-02
-1.1298857E+00,4.58984E-01,9.76562E-03
-1.1298672E+00,4.00391E-01,4.88281E-02
-1.1298487E+00,4.78516E-01,4.88281E-02
-1.1298302E+00,3.80859E-01,2.92969E-02
-1.1298118E+00,4.00391E-01,4.88281E-02
-1.1297933E+00,4.39453E-01,6.83594E-02
-1.1297748E+00,4.00391E-01,9.76562E-03
-1.1297563E+00,4.19922E-01,8.78906E-02
-1.1297378E+00,4.58984E-01,-9.76562E-03
-1.1297194E+00,4.19922E-01,6.83594E-02
-1.1297009E+00,4.58984E-01,-9.76562E-03
-1.1296824E+00,4.19922E-01,4.88281E-02
-1.1296639E+00,4.19922E-01,4.88281E-02
-1.1296454E+00,4.00391E-01,2.92969E-02
-1.1296270E+00,3.61328E-01,-9.76562E-03
-1.1296085E+00,4.39453E-01,-2.92969E-02
-1.1295900E+00,4.39453E-01,-9.76562E-03
-1.1295715E+00,3.61328E-01,4.88281E-02
-1.1295530E+00,4.19922E-01,8.78906E-02
-1.1295346E+00,4.39453E-01,4.88281E-02
-1.1295161E+00,3.80859E-01,-9.76562E-03
-1.1294976E+00,3.22266E-01,6.83594E-02
-1.1294791E+00,4.39453E-01,9.76562E-03
-1.1294606E+00,4.39453E-01,2.92969E-02
-1.1294422E+00,4.19922E-01,4.88281E-02
-1.1294237E+00,4.00391E-01,2.92969E-02
-1.1294052E+00,3.61328E-01,-4.88281E-02
-1.1293867E+00,3.80859E-01,2.92969E-02
-1.1293682E+00,3.80859E-01,4.88281E-02
-1.1293498E+00,4.00391E-01,2.92969E-02
-1.1293313E+00,3.80859E-01,9.76562E-03
-1.1293128E+00,4.00391E-01,4.88281E-02
-1.1292943E+00,4.00391E-01,4.88281E-02
-1.1292758E+00,3.80859E-01,2.92969E-02
-1.1292574E+00,4.19922E-01,2.92969E-02
-1.1292389E+00,3.80859E-01,4.88281E-02
-1.1292204E+00,4.00391E-01,4.88281E-02
-1.1292019E+00,4.39453E-01,-9.76562E-03
-1.1291834E+00,4.19922E-01,9.76562E-03
-1.1291650E+00,4.00391E-01,9.76562E-03
-1.1291465E+00,3.41797E-01,4.88281E-02
-1.1291280E+00,4.98047E-01,2.92969E-02
-1.1291095E+00,4.39453E-01,9.76562E-03
-1.1290910E+00,4.00391E-01,4.88281E-02
-1.1290726E+00,4.19922E-01,2.92969E-02
-1.1290541E+00,3.80859E-01,4.88281E-02
-1.1290356E+00,4.00391E-01,9.76562E-03
-1.1290171E+00,4.00391E-01,2.92969E-02
-1.1289986E+00,4.58984E-01,4.88281E-02
-1.1289802E+00,3.80859E-01,1.07422E-01
-1.1289617E+00,4.19922E-01,9.76562E-03
-1.1289432E+00,4.00391E-01,9.76562E-03
-1.1289247E+00,4.19922E-01,2.92969E-02
-1.1289062E+00,3.80859E-01,2.92969E-02
-1.1288878E+00,4.39453E-01,4.88281E-02
-1.1288693E+00,3.02734E-01,1.07422E-01
-1.1288508E+00,5.17578E-01,-9.76562E-03
-1.1288323E+00,4.39453E-01,2.92969E-02
-1.1288138E+00,4.00391E-01,9.76562E-03
-1.1287954E+00,4.00391E-01,4.88281E-02
-1.1287769E+00,4.39453E-01,-9.76562E-03
-1.1287584E+00,4.19922E-01,4.88281E-02
-1.1287399E+00,4.39453E-01,2.92969E-02
-1.1287214E+00,4.78516E-01,4.88281E-02
-1.1287030E+00,4.39453E-01,-9.76562E-03
-1.1286845E+00,3.61328E-01,4.88281E-02
-1.1286660E+00,4.39453E-01,4.88281E-02
-1.1286475E+00,3.41797E-01,4.88281E-02
-1.1286290E+00,3.80859E-01,9.76562E-03
-1.1286106E+00,4.00391E-01,9.76562E-03
-1.1285921E+00,4.19922E-01,-9.76562E-03
-1.1285736E+00,3.22266E-01,8.78906E-02
-1.1285551E+00,3.80859E-01,2.92969E-02
-1.1285366E+00,4.19922E-01,6.83594E-02
-1.1285182E+00,4.39453E-01,4.88281E-02
-1.1284997E+00,3.80859E-01,2.92969E-02
-1.1284812E+00,3.80859E-01,9.76562E-03
-1.1284627E+00,4.00391E-01,9.76562E-03
-1.1284442E+00,4.00391E-01,4.88281E-02
-1.1284258E+00,4.19922E-01,4.88281E-02
-1.1284073E+00,4.00391E-01,9.76562E-03
-1.1283888E+00,4.39453E-01,6.83594E-02
-1.1283703E+00,4.39453E-01,-4.88281E-02
-1.1283518E+00,3.61328E-01,2.92969E-02
-1.1283334E+00,4.78516E-01,4.88281E-02
-1.1283149E+00,3.80859E-01,9.76562E-03
-1.1282964E+00,4.19922E-01,4.88281E-02
-1.1282779E+00,4.19922E-01,1.07422E-01
-1.1282594E+00,4.98047E-01,9.76562E-03
-1.1282410E+00,3.80859E-01,-4.88281E-02
-1.1282225E+00,4.39453E-01,2.92969E-02
-1.1282040E+00,4.78516E-01,4.88281E-02
-1.1281855E+00,4.58984E-01,9.76562E-03
-1.1281670E+00,4.00391E-01,-9.76562E-03
-1.1281486E+00,3.80859E-01,2.92969E-02
-1.1281301E+00,4.98047E-01,2.92969E-02
-1.1281116E+00,4.39453E-01,9.76562E-03
-1.1280931E+00,3.61328E-01,6.83594E-02
-1.1280746E+00,4.19922E-01,-9.76562E-03
-1.1280562E+00,4.39453E-01,4.88281E-02
-1.1280377E+00,4.78516E-01,2.92969E-02
-1.1280192E+00,4.00391E-01,6.83594E-02
-1.1280007E+00,4.19922E-01,4.88281E-02
-1.1279822E+00,3.41797E-01,9.76562E-03
-1.1279638E+00,4.78516E-01,9.76562E-03
-1.1279453E+00,4.19922E-01,-4.88281E-02
-1.1279268E+00,4.58984E-01,6.83594E-02
-1.1279083E+00,3.61328E-01,2.92969E-02
-1.1278898E+00,3.80859E-01,2.92969E-02
-1.1278714E+00,3.80859E-01,2.92969E-02
-1.1278529E+00,4.39453E-01,2.92969E-02
-1.1278344E+00,2.83203E-01,6.83594E-02
-1.1278159E+00,4.98047E-01,-9.76562E-03
-1.1277974E+00,4.19922E-01,9.76562E-03
-1.1277790E+00,3.80859E-01,2.92969E-02
-1.1277605E+00,4.39453E-01,4.88281E-02
-1.1277420E+00,4.19922E-01,9.76562E-03
-1.1277235E+00,3.80859E-01,4.88281E-02
-1.1277050E+00,4.19922E-01,9.76562E-03
-1.1276866E+00,3.80859E-01,2.92969E-02
-1.1276681E+00,4.19922E-01,9.76562E-03
-1.1276496E+00,4.58984E-01,6.83594E-02
-1.1276311E+00,4.39453E-01,2.92969E-02
-1.1276126E+00,3.61328E-01,-9.76562E-03
-1.1275942E+00,5.17578E-01,4.88281E-02
-1.1275757E+00,3.61328E-01,9.76562E-03
-1.1275572E+00,4.58984E-01,6.83594E-02
-1.1275387E+00,3.61328E-01,9.76562E-03
-1.1275202E+00,4.78516E-01,-9.76562E-03
-1.1275018E+00,4.00391E-01,4.88281E-02
-1.1274833E+00,3.80859E-01,-9.76562E-03
-1.1274648E+00,4.00391E-01,4.88281E-02
-1.1274463E+00,3.80859E-01,6.83594E-02
-1.1274278E+00,4.00391E-01,9.76562E-03
-1.1274094E+00,4.58984E-01,-4.88281E-02
-1.1273909E+00,3.80859E-01,6.83594E-02
-1.1273724E+00,4.58984E-01,2.92969E-02
-1.1273539E+00,4.19922E-01,2.92969E-02
-1.1273354E+00,4.00391E-01,2.92969E-02
-1.1273170E+00,4.78516E-01,9.76562E-03
-1.1272985E+00,4.58984E-01,-9.76562E-03
-1.1272800E+00,3.61328E-01,4.88281E-02
-1.1272615E+00,4.19922E-01,9.76562E-03
-1.1272430E+00,4.19922E-01,4.88281E-02
-1.1272246E+00,4.00391E-01,6.83594E-02
-1.1272061E+00,3.80859E-01,6.83594E-02
-1.1271876E+00,4.19922E-01,6.83594E-02
-1.1271691E+00,4.39453E-01,4.88281E-02
-1.1271506E+00,3.61328E-01,2.92969E-02
-1.1271322E+00,4.00391E-01,2.92969E-02
-1.1271137E+00,4.00391E-01,2.92969E-02
-1.1270952E+00,4.39453E-01,4.88281E-02
-1.1270767E+00,4.39453E-01,9.76562E-03
-1.1270582E+00,4.19922E-01,2.92969E-02
-1.1270398E+00,4.58984E-01,-2.92969E-02
-1.1270213E+00,4.39453E-01,2.92969E-02
-1.1270028E+00,4.58984E-01,9.76562E-03
-1.1269843E+00,3.80859E-01,2.92969E-02
-1.1269658E+00,3.80859E-01,2.92969E-02
-1.1269474E+00,4.39453E-01,2.92969E-02
-1.1269289E+00,4.39453E-01,4.88281E-02
-1.1269104E+00,4.39453E-01,2.92969E-02
-1.1268919E+00,4.78516E-01,9.76562E-03
-1.1268734E+00,4.19922E-01,2.92969E-02
-1.1268550E+00,4.78516E-01,-9.76562E-03
-1.1268365E+00,3.80859E-01,2.92969E-02
-1.1268180E+00,4.39453E-01,2.92969E-02
-1.1267995E+00,4.00391E-01,2.92969E-02
-1.1267810E+00,4.00391E-01,2.92969E-02
-1.1267626E+00,4.39453E-01,1.26953E-01
-1.1267441E+00,4.19922E-01,9.76562E-03
-1.1267256E+00,3.80859E-01,4.88281E-02
-1.1267071E+00,4.39453E-01,2.92969E-02
-1.1266886E+00,4.19922E-01,6.83594E-02
-1.1266702E+00,4.00391E-01,1.07422E-01
-1.1266517E+00,3.61328E-01,6.83594E-02
-1.1266332E+00,4.19922E-01,9.76562E-03
-1.1266147E+00,3.80859E-01,6.83594E-02
-1.1265962E+00,4.19922E-01,4.88281E-02
-1.1265778E+00,4.39453E-01,6.83594E-02
-1.1265593E+00,4.58984E-01,4.88281E-02
-1.1265408E+00,4.39453E-01,4.88281E-02
-1.1265223E+00,4.39453E-01,2.92969E-02
-1.1265038E+00,3.80859E-01,-9.76562E-03
-1.1264854E+00,4.39453E-01,-2.92969E-02
-1.1264669E+00,4.58984E-01,1.26953E-01
-1.1264484E+00,3.22266E-01,4.88281E-02
-1.1264299E+00,3.61328E-01,4.88281E-02
-1.1264114E+00,4.19922E-01,9.76562E-03
-1.1263930E+00,4.58984E-01,2.92969E-02
-1.1263745E+00,4.58984E-01,-2.92969E-02
-1.1263560E+00,3.80859E-01,4.88281E-02
-1.1263375E+00,4.19922E-01,9.76562E-03
-1.1263190E+00,3.80859E-01,9.76562E-03
-1.1263006E+00,4.19922E-01,-9.76562E-03
-1.1262821E+00,4.00391E-01,-2.92969E-02
-1.1262636E+00,4.78516E-01,6.83594E-02
-1.1262451E+00,3.61328E-01,9.76562E-03
-1.1262266E+00,4.19922E-01,-2.92969E-02
-1.1262082E+00,4.19922E-01,6.83594E-02
-1.1261897E+00,4.39453E-01,9.76562E-03
-1.1261712E+00,3.80859E-01,9.76562E-03
-1.1261527E+00,4.98047E-01,9.76562E-03
-1.1261342E+00,4.98047E-01,4.88281E-02
-1.1261158E+00,4.58984E-01,9.76562E-03
-1.1260973E+00,4.00391E-01,1.07422E-01
-1.1260788E+00,4.78516E-01,9.76562E-03
-1.1260603E+00,4.00391E-01,8.78906E-02
-1.1260418E+00,4.19922E-01,9.76562E-03
-1.1260234E+00,4.19922E-01,6.83594E-02
-1.1260049E+00,4.19922E-01,4.88281E-02
-1.1259864E+00,4.39453E-01,6.83594E-02
-1.1259679E+00,3.80859E-01,9.76562E-03
-1.1259494E+00,4.19922E-01,1.26953E-01
-1.1259310E+00,4.78516E-01,-9.76562E-03
-1.1259125E+00,4.58984E-01,9.76562E-03
-1.1258940E+00,4.78516E-01,6.83594E-02
-1.1258755E+00,4.39453E-01,9.76562E-03
-1.1258570E+00,4.00391E-01,6.83594E-02
-1.1258386E+00,3.61328E-01,2.92969E-02
-1.1258201E+00,4.78516E-01,6.83594E-02
-1.1258016E+00,4.00391E-01,4.88281E-02
-1.1257831E+00,4.19922E-01,9.76562E-03
-1.1257646E+00,4.00391E-01,2.92969E-02
-1.1257462E+00,4.78516E-01,1.07422E-01
-1.1257277E+00,3.80859E-01,8.78906E-02
-1.1257092E+00,4.78516E-01,8.78906E-02
-1.1256907E+00,4.19922E-01,6.83594E-02
-1.1256722E+00,4.19922E-01,9.76562E-03
-1.1256538E+00,3.80859E-01,9.76562E-03
-1.1256353E+00,3.61328E-01,-9.76562E-03
-1.1256168E+00,4.19922E-01,4.88281E-02
-1.1255983E+00,4.19922E-01,2.92969E-02
-1.1255798E+00,3.61328E-01,9.76562E-03
-1.1255614E+00,4.19922E-01,9.76562E-03
-1.1255429E+00,3.80859E-01,6.83594E-02
-1.1255244E+00,4.00391E-01,2.92969E-02
-1.1255059E+00,3.61328E-01,4.88281E-02
-1.1254874E+00,4.78516E-01,6.83594E-02
-1.1254690E+00,3.80859E-01,4.88281E-02
-1.1254505E+00,3.80859E-01,4.88281E-02
-1.1254320E+00,3.61328E-01,4.88281E-02
-1.1254135E+00,4.39453E-01,4.88281E-02
-1.1253950E+00,4.39453E-01,2.92969E-02
-1.1253766E+00,4.00391E-01,2.92969E-02
-1.1253581E+00,4.19922E-01,2.92969E-02
-1.1253396E+00,4.39453E-01,-9.76562E-03
-1.1253211E+00,4.78516E-01,1.07422E-01
-1.1253026E+00,4.39453E-01,9.76562E-03
-1.1252842E+00,4.58984E-01,2.92969E-02
-1.1252657E+00,4.78516E-01,2.92969E-02
-1.1252472E+00,4.19922E-01,6.83594E-02
-1.1252287E+00,4.39453E-01,2.92969E-02
-1.1252102E+00,4.00391E-01,4.88281E-02
-1.1251918E+00,4.39453E-01,4.88281E-02
-1.1251733E+00,4.58984E-01,-2.92969E-02
-1.1251548E+00,4.58984E-01,9.76562E-03
-1.1251363E+00,4.39453E-01,9.76562E-03
-1.1251178E+00,4.00391E-01,4.88281E-02
-1.1250994E+00,3.80859E-01,9.76562E-03
-1.1250809E+00,3.80859E-01,9.76562E-03
-1.1250624E+00,4.39453E-01,4.88281E-02
-1.1250439E+00,4.39453E-01,2.92969E-02
-1.1250254E+00,4.00391E-01,4.88281E-02
-1.1250070E+00,4.58984E-01,2.92969E-02
-1.1249885E+00,4.19922E-01,2.92969E-02
-1.1249700E+00,4.78516E-01,9.76562E-03
-1.1249515E+00,3.61328E-01,4.88281E-02
-1.1249330E+00,4.19922E-01,2.92969E-02
-1.1249146E+00,3.80859E-01,-4.88281E-02
-1.1248961E+00,4.58984E-01,9.76562E-03
-1.1248776E+00,4.19922E-01,8.78906E-02
-1.1248591E+00,4.00391E-01,9.76562E-03
-1.1248406E+00,3.80859E-01,4.88281E-02
-1.1248222E+00,4.58984E-01,4.88281E-02
-1.1248037E+00,4.39453E-01,8.78906E-02
-1.1247852E+00,4.39453E-01,4.88281E-02
-1.1247667E+00,4.78516E-01,1.26953E-01
-1.1247482E+00,4.39453E-01,4.88281E-02
-1.1247298E+00,3.61328E-01,8.78906E-02
-1.1247113E+00,4.78516E-01,9.76562E-03
-1.1246928E+00,4.58984E-01,9.76562E-03
-1.1246743E+00,4.58984E-01,-9.76562E-03
-1.1246558E+00,4.19922E-01,2.92969E-02
-1.1246374E+00,4.39453E-01,6.83594E-02
-1.1246189E+00,3.80859E-01,1.26953E-01
-1.1246004E+00,4.00391E-01,9.76562E-03
-1.1245819E+00,4.39453E-01,6.83594E-02
-1.1245634E+00,4.19922E-01,9.76562E-03
-1.1245450E+00,4.78516E-01,2.92969E-02
-1.1245265E+00,4.19922E-01,9.76562E-03
-1.1245080E+00,4.19922E-01,1.07422E-01
-1.1244895E+00,4.39453E-01,2.92969E-02
-1.1244710E+00,4.19922E-01,2.92969E-02
-1.1244526E+00,4.98047E-01,9.76562E-03
-1.1244341E+00,4.19922E-01,4.88281E-02
-1.1244156E+00,4.39453E-01,-9.76562E-03
-1.1243971E+00,4.78516E-01,9.76562E-03
-1.1243786E+00,4.19922E-01,-9.76562E-03
-1.1243602E+00,4.19922E-01,2.92969E-02
-1.1243417E+00,4.58984E-01,2.92969E-02
-1.1243232E+00,4.00391E-01,2.92969E-02
-1.1243047E+00,4.58984E-01,1.26953E-01
-1.1242862E+00,3.80859E-01,9.76562E-03
-1.1242678E+00,4.78516E-01,9.76562E-03
-1.1242493E+00,4.19922E-01,2.92969E-02
-1.1242308E+00,4.39453E-01,9.76562E-03
-1.1242123E+00,3.41797E-01,2.92969E-02
-1.1241938E+00,4.39453E-01,-2.92969E-02
-1.1241754E+00,3.80859E-01,2.92969E-02
-1.1241569E+00,4.58984E-01,9.76562E-03
-1.1241384E+00,3.80859E-01,8.78906E-02
-1.1241199E+00,4.58984E-01,-2.92969E-02
-1.1241014E+00,4.39453E-01,9.76562E-03
-1.1240830E+00,4.39453E-01,6.83594E-02
-1.1240645E+00,3.80859E-01,2.92969E-02
-1.1240460E+00,4.98047E-01,4.88281E-02
-1.1240275E+00,4.58984E-01,9.76562E-03
-1.1240090E+00,4.19922E-01,4.88281E-02
-1.1239906E+00,4.00391E-01,2.92969E-02
-1.1239721E+00,4.58984E-01,-9.76562E-03
-1.1239536E+00,3.80859E-01,6.83594E-02
-1.1239351E+00,4.98047E-01,-2.92969E-02
-1.1239166E+00,4.00391E-01,2.92969E-02
-1.1238982E+00,4.39453E-01,4.88281E-02
-1.1238797E+00,4.00391E-01,9.76562E-03
-1.1238612E+00,3.80859E-01,4.88281E-02
-1.1238427E+00,4.39453E-01,1.07422E-01
-1.1238242E+00,3.80859E-01,2.92969E-02
-1.1238058E+00,3.80859E-01,9.76562E-03
-1.1237873E+00,4.58984E-01,2.92969E-02
-1.1237688E+00,3.80859E-01,4.88281E-02
-1.1237503E+00,4.39453E-01,-2.92969E-02
-1.1237318E+00,4.19922E-01,4.88281E-02
-1.1237134E+00,4.19922E-01,9.76562E-03
-1.1236949E+00,4.00391E-01,4.88281E-02
-1.1236764E+00,4.39453E-01,6.83594E-02
-1.1236579E+00,4.19922E-01,9.76562E-03
-1.1236394E+00,4.58984E-01,9.76562E-03
-1.1236210E+00,4.19922E-01,6.83594E-02
-1.1236025E+00,4.00391E-01,2.92969E-02
-1.1235840E+00,4.19922E-01,-9.76562E-03
-1.1235655E+00,4.58984E-01,4.88281E-02
-1.1235470E+00,4.00391E-01,4.88281E-02
-1.1235286E+00,4.78516E-01,4.88281E-02
-1.1235101E+00,3.80859E-01,6.83594E-02
-1.1234916E+00,3.80859E-01,-9.76562E-03
-1.1234731E+00,3.41797E-01,6.83594E-02
-1.1234546E+00,4.39453E-01,2.92969E-02
-1.1234362E+00,3.80859E-01,2.92969E-02
-1.1234177E+00,4.58984E-01,8.78906E-02
-1.1233992E+00,3.80859E-01,2.92969E-02
-1.1233807E+00,3.80859E-01,2.92969E-02
-1.1233622E+00,3.41797E-01,8.78906E-02
-1.1233438E+00,4.39453E-01,-4.88281E-02
-1.1233253E+00,4.00391E-01,2.92969E-02
-1.1233068E+00,4.00391E-01,-9.76562E-03
-1.1232883E+00,4.19922E-01,4.88281E-02
-1.1232698E+00,4.19922E-01,2.92969E-02
-1.1232514E+00,4.58984E-01,2.92969E-02
-1.1232329E+00,4.58984E-01,2.92969E-02
-1.1232144E+00,4.98047E-01,4.88281E-02
-1.1231959E+00,4.19922E-01,9.76562E-03
-1.1231774E+00,4.58984E-01,9.76562E-03
-1.1231590E+00,4.39453E-01,4.88281E-02
-1.1231405E+00,4.78516E-01,1.26953E-01
-1.1231220E+00,4.78516E-01,4.88281E-02
-1.1231035E+00,4.58984E-01,9.76562E-03
-1.1230850E+00,4.58984E-01,9.76562E-03
-1.1230666E+00,4.78516E-01,4.88281E-02
-1.1230481E+00,4.98047E-01,4.88281E-02
-1.1230296E+00,4.39453E-01,2.92969E-02
-1.1230111E+00,4.58984E-01,9.76562E-03
-1.1229926E+00,4.19922E-01,4.88281E-02
-1.1229742E+00,4.39453E-01,4.88281E-02
-1.1229557E+00,4.78516E-01,2.92969E-02
-1.1229372E+00,4.78516E-01,9.76562E-03
-1.1229187E+00,4.39453E-01,2.92969E-02
-1.1229002E+00,4.39453E-01,4.88281E-02
-1.1228818E+00,4.58984E-01,4.88281E-02
-1.1228633E+00,4.39453E-01,4.88281E-02
-1.1228448E+00,4.78516E-01,6.83594E-02
-1.1228263E+00,4.39453E-01,2.92969E-02
-1.1228078E+00,4.19922E-01,9.76562E-03
-1.1227894E+00,4.98047E-01,8.78906E-02
-1.1227709E+00,4.39453E-01,1.07422E-01
-1.1227524E+00,4.19922E-01,6.83594E-02
-1.1227339E+00,4.39453E-01,6.83594E-02
-1.1227154E+00,4.19922E-01,9.76562E-03
-1.1226970E+00,4.19922E-01,9.76562E-03
-1.1226785E+00,4.98047E-01,6.83594E-02
-1.1226600E+00,4.19922E-01,9.76562E-03
-1.1226415E+00,4.98047E-01,4.88281E-02
-1.1226230E+00,4.39453E-01,6.83594E-02
-1.1226046E+00,4.78516E-01,4.88281E-02
-1.1225861E+00,4.58984E-01,4.88281E-02
-1.1225676E+00,4.58984E-01,-9.76562E-03
-1.1225491E+00,3.80859E-01,9.76562E-03
-1.1225306E+00,4.58984E-01,9.76562E-03
-1.1225122E+00,4.39453E-01,6.83594E-02
-1.1224937E+00,3.80859E-01,2.92969E-02
-1.1224752E+00,4.39453E-01,-9.76562E-03
-1.1224567E+00,4.78516E-01,9.76562E-03
-1.1224382E+00,4.19922E-01,8.78906E-02
-1.1224198E+00,4.98047E-01,2.92969E-02
-1.1224013E+00,4.19922E-01,6.83594E-02
-1.1223828E+00,4.39453E-01,9.76562E-03
-1.1223643E+00,4.19922E-01,4.88281E-02
-1.1223458E+00,4.78516E-01,9.76562E-03
-1.1223274E+00,4.58984E-01,-9.76562E-03
-1.1223089E+00,4.39453E-01,4.88281E-02
-1.1222904E+00,4.00391E-01,2.92969E-02
-1.1222719E+00,4.39453E-01,-2.92969E-02
-1.1222534E+00,4.19922E-01,8.78906E-02
-1.1222350E+00,4.39453E-01,-9.76562E-03
-1.1222165E+00,4.98047E-01,2.92969E-02
-1.1221980E+00,4.58984E-01,9.76562E-03
-1.1221795E+00,4.00391E-01,6.83594E-02
-1.1221610E+00,4.58984E-01,6.83594E-02
-1.1221426E+00,4.19922E-01,6.83594E-02
-1.1221241E+00,4.19922E-01,6.83594E-02
-1.1221056E+00,4.19922E-01,2.92969E-02
-1.1220871E+00,4.58984E-01,-4.88281E-02
-1.1220686E+00,4.58984E-01,9.76562E-03
-1.1220502E+00,4.78516E-01,4.88281E-02
-1.1220317E+00,4.00391E-01,1.26953E-01
-1.1220132E+00,4.78516E-01,2.92969E-02
-1.1219947E+00,3.61328E-01,6.83594E-02
-1.1219762E+00,4.19922E-01,-2.92969E-02
-1.1219578E+00,3.80859E-01,4.88281E-02
-1.1219393E+00,4.58984E-01,-9.76562E-03
-1.1219208E+00,3.80859E-01,2.92969E-02
-1.1219023E+00,4.39453E-01,-9.76562E-03
-1.1218838E+00,3.80859E-01,9.76562E-03
-1.1218654E+00,4.19922E-01,6.83594E-02
-1.1218469E+00,4.39453E-01,4.88281E-02
-1.1218284E+00,4.78516E-01,2.92969E-02
-1.1218099E+00,4.19922E-01,4.88281E-02
-1.1217914E+00,4.58984E-01,9.76562E-03
-1.1217730E+00,4.19922E-01,6.83594E-02
-1.1217545E+00,4.98047E-01,9.76562E-03
-1.1217360E+00,4.98047E-01,4.88281E-02
-1.1217175E+00,4.78516E-01,6.83594E-02
-1.1216990E+00,4.00391E-01,4.88281E-02
-1.1216806E+00,4.19922E-01,2.92969E-02
-1.1216621E+00,4.19922E-01,4.88281E-02
-1.1216436E+00,4.58984E-01,9.76562E-03
-1.1216251E+00,4.39453E-01,4.88281E-02
-1.1216066E+00,4.39453E-01,4.88281E-02
-1.1215882E+00,4.39453E-01,2.92969E-02
-1.1215697E+00,4.78516E-01,4.88281E-02
-1.1215512E+00,4.98047E-01,9.76562E-03
-1.1215327E+00,4.58984E-01,4.88281E-02
-1.1215142E+00,4.78516E-01,6.83594E-02
-1.1214958E+00,5.37109E-01,-9.76562E-03
-1.1214773E+00,4.19922E-01,1.07422E-01
-1.1214588E+00,4.58984E-01,-2.92969E-02
-1.1214403E+00,4.78516E-01,4.88281E-02
-1.1214218E+00,4.98047E-01,2.92969E-02
-1.1214034E+00,4.39453E-01,6.83594E-02
-1.1213849E+00,4.39453E-01,6.83594E-02
-1.1213664E+00,4.19922E-01,4.88281E-02
-1.1213479E+00,4.19922E-01,4.88281E-02
-1.1213294E+00,4.78516E-01,4.88281E-02
-1.1213110E+00,4.58984E-01,9.76562E-03
-1.1212925E+00,3.61328E-01,8.78906E-02
-1.1212740E+00,4.39453E-01,-9.76562E-03
-1.1212555E+00,4.39453E-01,4.88281E-02
-1.1212370E+00,4.19922E-01,-9.76562E-03
-1.1212186E+00,4.00391E-01,1.07422E-01
-1.1212001E+00,4.19922E-01,-9.76562E-03
-1.1211816E+00,4.00391E-01,8.78906E-02
-1.1211631E+00,4.19922E-01,2.92969E-02
-1.1211446E+00,4.39453E-01,6.83594E-02
-1.1211262E+00,4.78516E-01,9.76562E-03
-1.1211077E+00,4.00391E-01,9.76562E-03
-1.1210892E+00,4.39453E-01,-4.88281E-02
-1.1210707E+00,3.61328E-01,1.07422E-01
-1.1210522E+00,4.58984E-01,4.88281E-02
-1.1210338E+00,4.19922E-01,6.83594E-02
-1.1210153E+00,4.39453E-01,9.76562E-03
-1.1209968E+00,3.61328E-01,4.88281E-02
-1.1209783E+00,4.78516E-01,4.88281E-02
-1.1209598E+00,4.58984E-01,4.88281E-02
-1.1209414E+00,4.78516E-01,2.92969E-02
-1.1209229E+00,4.39453E-01,4.88281E-02
-1.1209044E+00,4.39453E-01,6.83594E-02
-1.1208859E+00,3.80859E-01,6.83594E-02
-1.1208674E+00,4.39453E-01,4.88281E-02
-1.1208490E+00,4.19922E-01,4.88281E-02
-1.1208305E+00,4.78516E-01,9.76562E-03
-1.1208120E+00,3.61328E-01,6.83594E-02
-1.1207935E+00,4.98047E-01,-2.92969E-02
-1.1207750E+00,4.98047E-01,9.76562E-03
-1.1207566E+00,4.19922E-01,4.88281E-02
-1.1207381E+00,4.19922E-01,1.26953E-01
-1.1207196E+00,5.37109E-01,2.92969E-02
-1.1207011E+00,4.39453E-01,4.88281E-02
-1.1206826E+00,4.78516E-01,-9.76562E-03
-1.1206642E+00,4.19922E-01,-4.88281E-02
-1.1206457E+00,4.58984E-01,4.88281E-02
-1.1206272E+00,5.37109E-01,4.88281E-02
-1.1206087E+00,4.78516E-01,2.92969E-02
-1.1205902E+00,4.39453E-01,2.92969E-02
-1.1205718E+00,4.78516E-01,9.76562E-03
-1.1205533E+00,3.80859E-01,9.76562E-03
-1.1205348E+00,4.00391E-01,-9.76562E-03
-1.1205163E+00,4.58984E-01,2.92969E-02
-1.1204978E+00,4.78516E-01,4.88281E-02
-1.1204794E+00,4.39453E-01,2.92969E-02
-1.1204609E+00,4.39453E-01,4.88281E-02
-1.1204424E+00,4.58984E-01,4.88281E-02
-1.1204239E+00,4.19922E-01,-9.76562E-03
-1.1204054E+00,3.80859E-01,4.88281E-02
-1.1203870E+00,5.17578E-01,-9.76562E-03
-1.1203685E+00,4.58984E-01,9.76562E-03
-1.1203500E+00,4.58984E-01,-9.76562E-03
-1.1203315E+00,4.00391E-01,9.76562E-03
-1.1203130E+00,4.19922E-01,4.88281E-02
-1.1202946E+00,4.78516E-01,8.78906E-02
-1.1202761E+00,4.58984E-01,2.92969E-02
-1.1202576E+00,5.17578E-01,6.83594E-02
-1.1202391E+00,4.78516E-01,9.76562E-03
-1.1202206E+00,4.19922E-01,9.76562E-03
-1.1202022E+00,4.39453E-01,9.76562E-03
-1.1201837E+00,4.19922E-01,9.76562E-03
-1.1201652E+00,4.19922E-01,4.88281E-02
-1.1201467E+00,4.19922E-01,2.92969E-02
-1.1201282E+00,4.58984E-01,-2.92969E-02
-1.1201098E+00,4.78516E-01,4.88281E-02
-1.1200913E+00,4.78516E-01,2.92969E-02
-1.1200728E+00,4.39453E-01,6.83594E-02
-1.1200543E+00,4.39453E-01,2.92969E-02
-1.1200358E+00,4.39453E-01,2.92969E-02
-1.1200174E+00,4.19922E-01,2.92969E-02
-1.1199989E+00,4.39453E-01,6.83594E-02
-1.1199804E+00,4.19922E-01,9.76562E-03
-1.1199619E+00,4.19922E-01,4.88281E-02
-1.1199434E+00,4.98047E-01,9.76562E-03
-1.1199250E+00,3.80859E-01,2.92969E-02
-1.1199065E+00,4.78516E-01,4.88281E-02
-1.1198880E+00,3.61328E-01,4.88281E-02
-1.1198695E+00,4.58984E-01,9.76562E-03
-1.1198510E+00,4.39453E-01,2.92969E-02
-1.1198326E+00,4.78516E-01,2.92969E-02
-1.1198141E+00,4.19922E-01,2.92969E-02
-1.1197956E+00,4.39453E-01,2.92969E-02
-1.1197771E+00,4.58984E-01,1.26953E-01
-1.1197586E+00,4.98047E-01,-2.92969E-02
-1.1197402E+00,4.00391E-01,4.88281E-02
-1.1197217E+00,4.98047E-01,6.83594E-02
-1.1197032E+00,4.39453E-01,4.88281E-02
-1.1196847E+00,5.37109E-01,9.76562E-03
-1.1196662E+00,4.39453E-01,6.83594E-02
-1.1196478E+00,5.37109E-01,-4.88281E-02
-1.1196293E+00,4.78516E-01,2.92969E-02
-1.1196108E+00,4.78516E-01,4.88281E-02
-1.1195923E+00,4.98047E-01,4.88281E-02
-1.1195738E+00,4.78516E-01,4.88281E-02
-1.1195554E+00,4.19922E-01,2.92969E-02
-1.1195369E+00,4.58984E-01,2.92969E-02
-1.1195184E+00,4.39453E-01,4.88281E-02
-1.1194999E+00,4.19922E-01,2.92969E-02
-1.1194814E+00,4.98047E-01,8.78906E-02
-1.1194630E+00,4.39453E-01,2.92969E-02
-1.1194445E+00,4.78516E-01,4.88281E-02
-1.1194260E+00,4.98047E-01,9.76562E-03
-1.1194075E+00,3.80859E-01,6.83594E-02
-1.1193890E+00,4.58984E-01,9.76562E-03
-1.1193706E+00,4.98047E-01,2.92969E-02
-1.1193521E+00,4.58984E-01,4.88281E-02
-1.1193336E+00,4.00391E-01,9.76562E-03
-1.1193151E+00,4.19922E-01,9.76562E-03
-1.1192966E+00,4.39453E-01,4.88281E-02
-1.1192782E+00,4.78516E-01,4.88281E-02
-1.1192597E+00,4.00391E-01,4.88281E-02
-1.1192412E+00,5.37109E-01,9.76562E-03
-1.1192227E+00,4.39453E-01,6.83594E-02
-1.1192042E+00,4.39453E-01,9.76562E-03
-1.1191858E+00,4.19922E-01,2.92969E-02
-1.1191673E+00,4.19922E-01,-2.92969E-02
-1.1191488E+00,4.00391E-01,4.88281E-02
-1.1191303E+00,4.39453E-01,2.92969E-02
-1.1191118E+00,4.19922E-01,8.78906E-02
-1.1190934E+00,4.78516E-01,9.76562E-03
-1.1190749E+00,4.39453E-01,1.07422E-01
-1.1190564E+00,4.78516E-01,9.76562E-03
-1.1190379E+00,4.39453E-01,6.83594E-02
-1.1190194E+00,4.78516E-01,4.88281E-02
-1.1190010E+00,4.39453E-01,2.92969E-02
-1.1189825E+00,4.98047E-01,-9.76562E-03
-1.1189640E+00,4.98047E-01,-9.76562E-03
-1.1189455E+00,4.39453E-01,4.88281E-02
-1.1189270E+00,4.78516E-01,6.83594E-02
-1.1189086E+00,4.39453E-01,-9.76562E-03
-1.1188901E+00,4.19922E-01,-9.76562E-03
-1.1188716E+00,4.78516E-01,4.88281E-02
-1.1188531E+00,4.98047E-01,4.88281E-02
-1.1188346E+00,4.58984E-01,-2.92969E-02
-1.1188162E+00,4.58984E-01,2.92969E-02
-1.1187977E+00,4.98047E-01,9.76562E-03
-1.1187792E+00,4.19922E-01,4.88281E-02
-1.1187607E+00,4.58984E-01,4.88281E-02
-1.1187422E+00,4.78516E-01,4.88281E-02
-1.1187238E+00,4.58984E-01,2.92969E-02
-1.1187053E+00,4.39453E-01,1.07422E-01
-1.1186868E+00,4.58984E-01,9.76562E-03
-1.1186683E+00,4.39453E-01,9.76562E-03
-1.1186498E+00,5.37109E-01,9.76562E-03
-1.1186314E+00,4.19922E-01,6.83594E-02
-1.1186129E+00,4.39453E-01,4.88281E-02
-1.1185944E+00,4.58984E-01,2.92969E-02
-1.1185759E+00,4.39453E-01,8.78906E-02
-1.1185574E+00,4.98047E-01,4.88281E-02
-1.1185390E+00,4.78516E-01,2.92969E-02
-1.1185205E+00,4.39453E-01,4.88281E-02
-1.1185020E+00,4.58984E-01,2.92969E-02
-1.1184835E+00,4.98047E-01,-6.83594E-02
-1.1184650E+00,4.98047E-01,2.92969E-02
-1.1184466E+00,4.00391E-01,6.83594E-02
-1.1184281E+00,4.58984E-01,4.88281E-02
-1.1184096E+00,4.39453E-01,2.92969E-02
-1.1183911E+00,4.78516E-01,9.76562E-03
-1.1183726E+00,3.80859E-01,4.88281E-02
-1.1183542E+00,4.39453E-01,-9.76562E-03
-1.1183357E+00,3.80859E-01,4.88281E-02
-1.1183172E+00,4.19922E-01,-9.76562E-03
-1.1182987E+00,4.58984E-01,9.76562E-03
-1.1182802E+00,4.58984E-01,4.88281E-02
-1.1182618E+00,4.58984E-01,2.92969E-02
-1.1182433E+00,4.39453E-01,4.88281E-02
-1.1182248E+00,4.78516E-01,6.83594E-02
-1.1182063E+00,4.98047E-01,2.92969E-02
-1.1181878E+00,4.58984E-01,9.76562E-03
-1.1181694E+00,4.19922E-01,6.83594E-02
-1.1181509E+00,3.80859E-01,4.88281E-02
-1.1181324E+00,4.39453E-01,-9.76562E-03
-1.1181139E+00,4.39453E-01,6.83594E-02
-1.1180954E+00,4.78516E-01,4.88281E-02
-1.1180770E+00,4.00391E-01,2.92969E-02
-1.1180585E+00,4.39453E-01,9.76562E-03
-1.1180400E+00,4.39453E-01,4.88281E-02
-1.1180215E+00,4.39453E-01,6.83594E-02
-1.1180030E+00,4.98047E-01,6.83594E-02
-1.1179846E+00,4.39453E-01,6.83594E-02
-1.1179661E+00,4.39453E-01,2.92969E-02
-1.1179476E+00,5.17578E-01,9.76562E-03
-1.1179291E+00,4.58984E-01,4.88281E-02
-1.1179106E+00,4.98047E-01,4.88281E-02
-1.1178922E+00,4.00391E-01,8.78906E-02
-1.1178737E+00,4.39453E-01,4.88281E-02
-1.1178552E+00,4.39453E-01,-9.76562E-03
-1.1178367E+00,4.98047E-01,9.76562E-03
-1.1178182E+00,4.19922E-01,4.88281E-02
-1.1177998E+00,4.19922E-01,4.88281E-02
-1.1177813E+00,4.00391E-01,9.76562E-03
-1.1177628E+00,4.19922E-01,2.92969E-02
-1.1177443E+00,4.78516E-01,-2.92969E-02
-1.1177258E+00,4.00391E-01,-9.76562E-03
-1.1177074E+00,4.58984E-01,4.88281E-02
-1.1176889E+00,4.98047E-01,8.78906E-02
-1.1176704E+00,4.58984E-01,2.92969E-02
-1.1176519E+00,4.19922E-01,-9.76562E-03
-1.1176334E+00,4.39453E-01,4.88281E-02
-1.1176150E+00,4.98047E-01,6.83594E-02
-1.1175965E+00,4.19922E-01,6.83594E-02
-1.1175780E+00,4.78516E-01,9.76562E-03
-1.1175595E+00,3.80859E-01,8.78906E-02
-1.1175410E+00,4.00391E-01,9.76562E-03
-1.1175226E+00,4.58984E-01,6.83594E-02
-1.1175041E+00,5.17578E-01,4.88281E-02
-1.1174856E+00,4.78516E-01,2.92969E-02
-1.1174671E+00,4.58984E-01,4.88281E-02
-1.1174486E+00,4.19922E-01,2.92969E-02
-1.1174302E+00,4.39453E-01,2.92969E-02
-1.1174117E+00,4.39453E-01,6.83594E-02
-1.1173932E+00,4.78516E-01,-9.76562E-03
-1.1173747E+00,3.80859E-01,1.07422E-01
-1.1173562E+00,4.78516E-01,-9.76562E-03
-1.1173378E+00,4.39453E-01,8.78906E-02
-1.1173193E+00,4.98047E-01,4.88281E-02
-1.1173008E+00,4.98047E-01,4.88281E-02
-1.1172823E+00,4.58984E-01,9.76562E-03
-1.1172638E+00,4.39453E-01,6.83594E-02
-1.1172454E+00,4.39453E-01,4.88281E-02
-1.1172269E+00,4.98047E-01,9.76562E-03
-1.1172084E+00,4.19922E-01,6.83594E-02
-1.1171899E+00,4.39453E-01,9.76562E-03
-1.1171714E+00,5.17578E-01,9.76562E-03
-1.1171530E+00,4.98047E-01,2.92969E-02
-1.1171345E+00,5.37109E-01,4.88281E-02
-1.1171160E+00,4.98047E-01,4.88281E-02
-1.1170975E+00,4.98047E-01,9.76562E-03
-1.1170790E+00,4.78516E-01,9.76562E-03
-1.1170606E+00,4.78516E-01,9.76562E-03
-1.1170421E+00,4.19922E-01,9.76562E-03
-1.1170236E+00,4.98047E-01,2.92969E-02
-1.1170051E+00,5.17578E-01,9.76562E-03
-1.1169866E+00,4.98047E-01,2.92969E-02
-1.1169682E+00,4.58984E-01,2.92969E-02
-1.1169497E+00,4.98047E-01,9.76562E-03
-1.1169312E+00,4.58984E-01,8.78906E-02
-1.1169127E+00,5.17578E-01,2.92969E-02
-1.1168942E+00,4.19922E-01,6.83594E-02
-1.1168758E+00,4.78516E-01,2.92969E-02
-1.1168573E+00,4.00391E-01,2.92969E-02
-1.1168388E+00,4.78516E-01,9.76562E-03
-1.1168203E+00,4.98047E-01,1.46484E-01
-1.1168018E+00,4.00391E-01,4.88281E-02
-1.1167834E+00,4.19922E-01,4.88281E-02
-1.1167649E+00,4.78516E-01,9.76562E-03
-1.1167464E+00,4.00391E-01,6.83594E-02
-1.1167279E+00,4.98047E-01,2.92969E-02
-1.1167094E+00,4.98047E-01,4.88281E-02
-1.1166910E+00,4.78516E-01,4.88281E-02
-1.1166725E+00,4.78516E-01,6.83594E-02
-1.1166540E+00,4.98047E-01,4.88281E-02
-1.1166355E+00,4.39453E-01,6.83594E-02
-1.1166170E+00,4.58984E-01,4.88281E-02
-1.1165986E+00,4.58984E-01,4.88281E-02
-1.1165801E+00,4.39453E-01,9.76562E-03
-1.1165616E+00,4.00391E-01,6.83594E-02
-1.1165431E+00,4.58984E-01,2.92969E-02
-1.1165246E+00,4.98047E-01,6.83594E-02
-1.1165062E+00,4.78516E-01,6.83594E-02
-1.1164877E+00,4.78516E-01,4.88281E-02
-1.1164692E+00,4.98047E-01,2.92969E-02
-1.1164507E+00,4.58984E-01,8.78906E-02
-1.1164322E+00,4.98047E-01,-9.76562E-03
-1.1164138E+00,4.19922E-01,9.76562E-03
-1.1163953E+00,4.78516E-01,4.88281E-02
-1.1163768E+00,4.98047E-01,8.78906E-02
-1.1163583E+00,4.39453E-01,4.88281E-02
-1.1163398E+00,4.19922E-01,2.92969E-02
-1.1163214E+00,4.58984E-01,-9.76562E-03
-1.1163029E+00,4.39453E-01,2.92969E-02
-1.1162844E+00,4.78516E-01,-4.88281E-02
-1.1162659E+00,4.98047E-01,4.88281E-02
-1.1162474E+00,4.39453E-01,2.92969E-02
-1.1162290E+00,4.98047E-01,2.92969E-02
-1.1162105E+00,4.98047E-01,4.88281E-02
-1.1161920E+00,3.61328E-01,6.83594E-02
-1.1161735E+00,4.98047E-01,9.76562E-03
-1.1161550E+00,3.61328E-01,6.83594E-02
-1.1161366E+00,4.98047E-01,2.92969E-02
-1.1161181E+00,4.98047E-01,4.88281E-02
-1.1160996E+00,4.58984E-01,-2.92969E-02
-1.1160811E+00,4.78516E-01,2.92969E-02
-1.1160626E+00,4.78516E-01,6.83594E-02
-1.1160442E+00,4.19922E-01,6.83594E-02
-1.1160257E+00,4.39453E-01,-9.76562E-03
-1.1160072E+00,4.78516E-01,2.92969E-02
-1.1159887E+00,4.00391E-01,9.76562E-03
-1.1159702E+00,3.80859E-01,2.92969E-02
-1.1159518E+00,4.00391E-01,4.88281E-02
-1.1159333E+00,4.98047E-01,6.83594E-02
-1.1159148E+00,4.39453E-01,2.92969E-02
-1.1158963E+00,4.98047E-01,4.88281E-02
-1.1158778E+00,4.78516E-01,4.88281E-02
-1.1158594E+00,4.58984E-01,4.88281E-02
-1.1158409E+00,4.98047E-01,9.76562E-03
-1.1158224E+00,4.98047E-01,4.88281E-02
-1.1158039E+00,5.56641E-01,9.76562E-03
-1.1157854E+00,4.98047E-01,2.92969E-02
-1.1157670E+00,4.98047E-01,2.92969E-02
-1.1157485E+00,4.78516E-01,4.88281E-02
-1.1157300E+00,4.98047E-01,2.92969E-02
-1.1157115E+00,4.19922E-01,6.83594E-02
-1.1156930E+00,4.19922E-01,9.76562E-03
-1.1156746E+00,4.39453E-01,6.83594E-02
-1.1156561E+00,4.39453E-01,4.88281E-02
-1.1156376E+00,4.39453E-01,4.88281E-02
-1.1156191E+00,4.98047E-01,9.76562E-03
-1.1156006E+00,4.39453E-01,2.92969E-02
-1.1155822E+00,5.17578E-01,2.92969E-02
-1.1155637E+00,4.19922E-01,4.88281E-02
-1.1155452E+00,3.80859E-01,9.76562E-03
-1.1155267E+00,4.98047E-01,6.83594E-02
-1.1155082E+00,4.78516E-01,2.92969E-02
-1.1154898E+00,4.58984E-01,2.92969E-02
-1.1154713E+00,4.78516E-01,2.92969E-02
-1.1154528E+00,4.39453E-01,9.76562E-03
-1.1154343E+00,4.78516E-01,1.07422E-01
-1.1154158E+00,4.39453E-01,6.83594E-02
-1.1153974E+00,4.39453E-01,4.88281E-02
-1.1153789E+00,4.78516E-01,6.83594E-02
-1.1153604E+00,5.56641E-01,2.92969E-02
-1.1153419E+00,4.98047E-01,4.88281E-02
-1.1153234E+00,4.78516E-01,9.76562E-03
-1.1153050E+00,5.17578E-01,2.92969E-02
-1.1152865E+00,4.78516E-01,6.83594E-02
-1.1152680E+00,4.19922E-01,1.26953E-01
-1.1152495E+00,4.58984E-01,4.88281E-02
-1.1152310E+00,3.80859E-01,9.76562E-03
-1.1152126E+00,5.17578E-01,2.92969E-02
-1.1151941E+00,4.78516E-01,1.26953E-01
-1.1151756E+00,4.19922E-01,9.76562E-03
-1.1151571E+00,4.39453E-01,4.88281E-02
-1.1151386E+00,4.78516E-01,9.76562E-03
-1.1151202E+00,4.58984E-01,2.92969E-02
-1.1151017E+00,4.98047E-01,-9.76562E-03
-1.1150832E+00,4.98047E-01,4.88281E-02
-1.1150647E+00,4.58984E-01,4.88281E-02
-1.1150462E+00,4.58984E-01,1.07422E-01
-1.1150278E+00,4.39453E-01,4.88281E-02
-1.1150093E+00,4.19922E-01,2.92969E-02
-1.1149908E+00,4.00391E-01,4.88281E-02
-1.1149723E+00,4.39453E-01,9.76562E-03
-1.1149538E+00,5.37109E-01,9.76562E-03
-1.1149354E+00,4.39453E-01,6.83594E-02
-1.1149169E+00,4.78516E-01,-9.76562E-03
-1.1148984E+00,4.78516E-01,2.92969E-02
-1.1148799E+00,4.19922E-01,9.76562E-03
-1.1148614E+00,4.39453E-01,4.88281E-02
-1.1148430E+00,4.98047E-01,-9.76562E-03
-1.1148245E+00,4.98047E-01,4.88281E-02
-1.1148060E+00,5.56641E-01,9.76562E-03
-1.1147875E+00,4.98047E-01,2.92969E-02
-1.1147690E+00,4.78516E-01,9.76562E-03
-1.1147506E+00,4.78516E-01,6.83594E-02
-1.1147321E+00,4.58984E-01,4.88281E-02
-1.1147136E+00,4.39453E-01,6.83594E-02
-1.1146951E+00,4.58984E-01,9.76562E-03
-1.1146766E+00,4.78516E-01,4.88281E-02
-1.1146582E+00,4.78516E-01,-2.92969E-02
-1.1146397E+00,4.58984E-01,-9.76562E-03
-1.1146212E+00,4.98047E-01,-9.76562E-03
-1.1146027E+00,4.78516E-01,6.83594E-02
-1.1145842E+00,4.98047E-01,6.83594E-02
-1.1145658E+00,4.39453E-01,6.83594E-02
-1.1145473E+00,4.98047E-01,2.92969E-02
-1.1145288E+00,4.58984E-01,4.88281E-02
-1.1145103E+00,4.78516E-01,4.88281E-02
-1.1144918E+00,4.19922E-01,4.88281E-02
-1.1144734E+00,4.98047E-01,4.88281E-02
-1.1144549E+00,4.78516E-01,9.76562E-03
-1.1144364E+00,4.98047E-01,-9.76562E-03
-1.1144179E+00,4.58984E-01,9.76562E-03
-1.1143994E+00,4.98047E-01,4.88281E-02
-1.1143810E+00,4.98047E-01,2.92969E-02
-1.1143625E+00,4.78516E-01,9.76562E-03
-1.1143440E+00,4.98047E-01,2.92969E-02
-1.1143255E+00,4.39453E-01,-9.76562E-03
-1.1143070E+00,4.58984E-01,6.83594E-02
-1.1142886E+00,4.98047E-01,9.76562E-03
-1.1142701E+00,3.80859E-01,4.88281E-02
-1.1142516E+00,4.78516E-01,4.88281E-02
-1.1142331E+00,4.98047E-01,-2.92969E-02
-1.1142146E+00,5.17578E-01,2.92969E-02
-1.1141962E+00,4.00391E-01,4.88281E-02
-1.1141777E+00,4.39453E-01,-4.88281E-02
-1.1141592E+00,4.58984E-01,-4.88281E-02
-1.1141407E+00,4.39453E-01,-9.76562E-03
-1.1141222E+00,4.58984E-01,2.92969E-02
-1.1141038E+00,4.98047E-01,2.92969E-02
-1.1140853E+00,5.37109E-01,6.83594E-02
-1.1140668E+00,4.98047E-01,4.88281E-02
-1.1140483E+00,4.58984E-01,9.76562E-03
-1.1140298E+00,4.98047E-01,4.88281E-02
-1.1140114E+00,4.39453E-01,-9.76562E-03
-1.1139929E+00,4.98047E-01,4.88281E-02
-1.1139744E+00,4.98047E-01,4.88281E-02
-1.1139559E+00,4.98047E-01,9.76562E-03
-1.1139374E+00,4.58984E-01,4.88281E-02
-1.1139190E+00,4.98047E-01,4.88281E-02
-1.1139005E+00,4.19922E-01,4.88281E-02
-1.1138820E+00,4.78516E-01,2.92969E-02
-1.1138635E+00,3.80859E-01,9.76562E-03
-1.1138450E+00,5.56641E-01,4.88281E-02
-1.1138266E+00,4.78516E-01,2.92969E-02
-1.1138081E+00,4.39453E-01,9.76562E-03
-1.1137896E+00,4.19922E-01,4.88281E-02
-1.1137711E+00,5.56641E-01,6.83594E-02
-1.1137526E+00,4.78516E-01,-2.92969E-02
-1.1137342E+00,4.00391E-01,9.76562E-03
-1.1137157E+00,4.58984E-01,2.92969E-02
-1.1136972E+00,5.17578E-01,9.76562E-03
-1.1136787E+00,4.98047E-01,2.92969E-02
-1.1136602E+00,4.98047E-01,4.88281E-02
-1.1136418E+00,5.56641E-01,1.26953E-01
-1.1136233E+00,4.58984E-01,9.76562E-03
-1.1136048E+00,4.19922E-01,6.83594E-02
-1.1135863E+00,4.78516E-01,9.76562E-03
-1.1135678E+00,3.80859E-01,-2.92969E-02
-1.1135494E+00,4.98047E-01,9.76562E-03
-1.1135309E+00,4.58984E-01,9.76562E-03
-1.1135124E+00,4.39453E-01,9.76562E-03
-1.1134939E+00,4.58984E-01,4.88281E-02
-1.1134754E+00,4.39453E-01,9.76562E-03
-1.1134570E+00,4.98047E-01,2.92969E-02
-1.1134385E+00,5.76172E-01,4.88281E-02
-1.1134200E+00,4.78516E-01,6.83594E-02
-1.1134015E+00,4.39453E-01,2.92969E-02
-1.1133830E+00,4.58984E-01,2.92969E-02
-1.1133646E+00,4.19922E-01,9.76562E-03
-1.1133461E+00,5.17578E-01,4.88281E-02
-1.1133276E+00,4.98047E-01,9.76562E-03
-1.1133091E+00,4.19922E-01,4.88281E-02
-1.1132906E+00,4.78516E-01,4.88281E-02
-1.1132722E+00,4.39453E-01,6.83594E-02
-1.1132537E+00,4.19922E-01,2.92969E-02
-1.1132352E+00,4.98047E-01,4.88281E-02
-1.1132167E+00,4.58984E-01,4.88281E-02
-1.1131982E+00,4.58984E-01,6.83594E-02
-1.1131798E+00,5.56641E-01,9.76562E-03
-1.1131613E+00,4.98047E-01,4.88281E-02
-1.1131428E+00,4.39453E-01,9.76562E-03
-1.1131243E+00,4.98047E-01,2.92969E-02
-1.1131058E+00,5.17578E-01,-9.76562E-03
-1.1130874E+00,4.98047E-01,4.88281E-02
-1.1130689E+00,5.76172E-01,9.76562E-03
-1.1130504E+00,4.78516E-01,-9.76562E-03
-1.1130319E+00,5.56641E-01,6.83594E-02
-1.1130134E+00,4.58984E-01,2.92969E-02
-1.1129950E+00,5.17578E-01,-2.92969E-02
-1.1129765E+00,4.58984E-01,9.76562E-03
-1.1129580E+00,4.78516E-01,-9.76562E-03
-1.1129395E+00,4.98047E-01,4.88281E-02
-1.1129210E+00,4.78516E-01,4.88281E-02
-1.1129026E+00,4.78516E-01,6.83594E-02
-1.1128841E+00,5.17578E-01,-9.76562E-03
-1.1128656E+00,4.98047E-01,4.88281E-02
-1.1128471E+00,4.98047E-01,9.76562E-03
-1.1128286E+00,4.19922E-01,4.88281E-02
-1.1128102E+00,5.56641E-01,-4.88281E-02
-1.1127917E+00,3.80859E-01,9.76562E-03
-1.1127732E+00,5.56641E-01,-4.88281E-02
-1.1127547E+00,4.78516E-01,2.92969E-02
-1.1127362E+00,4.19922E-01,9.76562E-03
-1.1127178E+00,4.58984E-01,2.92969E-02
-1.1126993E+00,4.78516E-01,9.76562E-03
-1.1126808E+00,4.58984E-01,4.88281E-02
-1.1126623E+00,4.39453E-01,9.76562E-03
-1.1126438E+00,4.39453E-01,8.78906E-02
-1.1126254E+00,4.78516E-01,9.76562E-03
-1.1126069E+00,4.39453E-01,6.83594E-02
-1.1125884E+00,4.19922E-01,4.88281E-02
-1.1125699E+00,4.98047E-01,4.88281E-02
-1.1125514E+00,4.98047E-01,9.76562E-03
-1.1125330E+00,4.78516E-01,4.88281E-02
-1.1125145E+00,4.78516E-01,2.92969E-02
-1.1124960E+00,5.37109E-01,4.88281E-02
-1.1124775E+00,4.78516E-01,4.88281E-02
-1.1124590E+00,5.56641E-01,2.92969E-02
-1.1124406E+00,4.98047E-01,2.92969E-02
-1.1124221E+00,4.78516E-01,6.83594E-02
-1.1124036E+00,4.78516E-01,2.92969E-02
-1.1123851E+00,4.98047E-01,2.92969E-02
-1.1123666E+00,4.78516E-01,9.76562E-03
-1.1123482E+00,4.39453E-01,2.92969E-02
-1.1123297E+00,4.78516E-01,4.88281E-02
-1.1123112E+00,4.98047E-01,8.78906E-02
-1.1122927E+00,4.19922E-01,4.88281E-02
-1.1122742E+00,4.98047E-01,2.92969E-02
-1.1122558E+00,4.98047E-01,9.76562E-03
-1.1122373E+00,4.39453E-01,4.88281E-02
-1.1122188E+00,4.58984E-01,4.88281E-02
-1.1122003E+00,4.19922E-01,9.76562E-03
-1.1121818E+00,5.37109E-01,2.92969E-02
-1.1121634E+00,4.78516E-01,4.88281E-02
-1.1121449E+00,4.78516E-01,9.76562E-03
-1.1121264E+00,5.37109E-01,6.83594E-02
-1.1121079E+00,5.17578E-01,4.88281E-02
-1.1120894E+00,4.98047E-01,8.78906E-02
-1.1120710E+00,4.39453E-01,9.76562E-03
-1.1120525E+00,4.98047E-01,8.78906E-02
-1.1120340E+00,4.78516E-01,9.76562E-03
-1.1120155E+00,5.17578E-01,9.76562E-03
-1.1119970E+00,4.78516E-01,9.76562E-03
-1.1119786E+00,4.98047E-01,4.88281E-02
-1.1119601E+00,4.98047E-01,9.76562E-03
-1.1119416E+00,4.98047E-01,4.88281E-02
-1.1119231E+00,4.78516E-01,4.88281E-02
-1.1119046E+00,4.98047E-01,2.92969E-02
-1.1118862E+00,4.78516E-01,9.76562E-03
-1.1118677E+00,4.39453E-01,4.88281E-02
-1.1118492E+00,5.37109E-01,2.92969E-02
-1.1118307E+00,4.98047E-01,4.88281E-02
-1.1118122E+00,4.98047E-01,-9.76562E-03
-1.1117938E+00,4.98047E-01,6.83594E-02
-1.1117753E+00,5.37109E-01,6.83594E-02
-1.1117568E+00,4.39453E-01,8.78906E-02
-1.1117383E+00,4.58984E-01,9.76562E-03
-1.1117198E+00,4.78516E-01,2.92969E-02
-1.1117014E+00,5.37109E-01,-9.76562E-03
-1.1116829E+00,4.98047E-01,-9.76562E-03
-1.1116644E+00,4.98047E-01,4.88281E-02
-1.1116459E+00,4.39453E-01,4.88281E-02
-1.1116274E+00,4.39453E-01,4.88281E-02
-1.1116090E+00,4.58984E-01,9.76562E-03
-1.1115905E+00,3.80859E-01,4.88281E-02
-1.1115720E+00,4.00391E-01,-4.88281E-02
-1.1115535E+00,4.58984E-01,6.83594E-02
-1.1115350E+00,4.00391E-01,2.92969E-02
-1.1115166E+00,4.58984E-01,9.76562E-03
-1.1114981E+00,4.78516E-01,6.83594E-02
-1.1114796E+00,4.98047E-01,2.92969E-02
-1.1114611E+00,4.98047E-01,2.92969E-02
-1.1114426E+00,4.98047E-01,9.76562E-03
-1.1114242E+00,4.58984E-01,4.88281E-02
-1.1114057E+00,4.78516E-01,2.92969E-02
-1.1113872E+00,4.39453E-01,4.88281E-02
-1.1113687E+00,4.98047E-01,9.76562E-03
-1.1113502E+00,4.58984E-01,6.83594E-02
-1.1113318E+00,4.78516E-01,9.76562E-03
-1.1113133E+00,4.98047E-01,4.88281E-02
-1.1112948E+00,4.98047E-01,4.88281E-02
-1.1112763E+00,4.58984E-01,6.83594E-02
-1.1112578E+00,5.17578E-01,2.92969E-02
-1.1112394E+00,4.58984E-01,2.92969E-02
-1.1112209E+00,4.39453E-01,4.88281E-02
-1.1112024E+00,4.98047E-01,2.92969E-02
-1.1111839E+00,5.17578E-01,2.92969E-02
-1.1111654E+00,4.98047E-01,2.92969E-02
-1.1111470E+00,4.58984E-01,9.76562E-03
-1.1111285E+00,4.98047E-01,4.88281E-02
-1.1111100E+00,4.58984E-01,4.88281E-02
-1.1110915E+00,4.58984E-01,6.83594E-02
-1.1110730E+00,4.58984E-01,6.83594E-02
-1.1110546E+00,4.98047E-01,4.88281E-02
-1.1110361E+00,4.98047E-01,-9.76562E-03
-1.1110176E+00,4.39453E-01,6.83594E-02
-1.1109991E+00,4.98047E-01,-9.76562E-03
-1.1109806E+00,4.78516E-01,4.88281E-02
-1.1109622E+00,4.58984E-01,4.88281E-02
-1.1109437E+00,4.98047E-01,6.83594E-02
-1.1109252E+00,4.78516E-01,2.92969E-02
-1.1109067E+00,4.58984E-01,6.83594E-02
-1.1108882E+00,4.98047E-01,6.83594E-02
-1.1108698E+00,4.78516E-01,2.92969E-02
-1.1108513E+00,4.78516E-01,-2.92969E-02
-1.1108328E+00,4.98047E-01,9.76562E-03
-1.1108143E+00,4.39453E-01,2.92969E-02
-1.1107958E+00,4.39453E-01,4.88281E-02
-1.1107774E+00,4.98047E-01,-4.88281E-02
-1.1107589E+00,4.98047E-01,2.92969E-02
-1.1107404E+00,5.56641E-01,2.92969E-02
-1.1107219E+00,4.98047E-01,2.92969E-02
-1.1107034E+00,4.78516E-01,9.76562E-03
-1.1106850E+00,4.19922E-01,2.92969E-02
-1.1106665E+00,4.98047E-01,2.92969E-02
-1.1106480E+00,4.98047E-01,2.92969E-02
-1.1106295E+00,4.39453E-01,9.76562E-03
-1.1106110E+00,4.78516E-01,9.76562E-03
-1.1105926E+00,5.17578E-01,9.76562E-03
-1.1105741E+00,4.39453E-01,4.88281E-02
-1.1105556E+00,4.58984E-01,6.83594E-02
-1.1105371E+00,4.39453E-01,4.88281E-02
-1.1105186E+00,5.37109E-01,2.92969E-02
-1.1105002E+00,4.78516E-01,4.88281E-02
-1.1104817E+00,4.98047E-01,4.88281E-02
-1.1104632E+00,4.78516E-01,2.92969E-02
-1.1104447E+00,5.56641E-01,9.76562E-03
-1.1104262E+00,4.98047E-01,9.76562E-03
-1.1104078E+00,4.98047E-01,9.76562E-03
-1.1103893E+00,4.39453E-01,9.76562E-03
-1.1103708E+00,5.56641E-01,9.76562E-03
-1.1103523E+00,4.39453E-01,2.92969E-02
-1.1103338E+00,4.78516E-01,9.76562E-03
-1.1103154E+00,3.80859E-01,6.83594E-02
-1.1102969E+00,4.78516E-01,4.88281E-02
-1.1102784E+00,4.98047E-01,6.83594E-02
-1.1102599E+00,4.39453E-01,8.78906E-02
-1.1102414E+00,4.78516E-01,4.88281E-02
-1.1102230E+00,4.98047E-01,9.76562E-03
-1.1102045E+00,4.78516E-01,2.92969E-02
-1.1101860E+00,4.98047E-01,2.92969E-02
-1.1101675E+00,4.98047E-01,4.88281E-02
-1.1101490E+00,4.58984E-01,2.92969E-02
-1.1101306E+00,4.78516E-01,6.83594E-02
-1.1101121E+00,4.98047E-01,2.92969E-02
-1.1100936E+00,4.39453E-01,1.07422E-01
-1.1100751E+00,4.98047E-01,2.92969E-02
-1.1100566E+00,4.98047E-01,9.76562E-03
-1.1100382E+00,5.37109E-01,-2.92969E-02
-1.1100197E+00,4.78516E-01,9.76562E-03
-1.1100012E+00,4.39453E-01,6.83594E-02
-1.1099827E+00,4.98047E-01,2.92969E-02
-1.1099642E+00,4.58984E-01,-4.88281E-02
-1.1099458E+00,4.39453E-01,9.76562E-03
-1.1099273E+00,4.19922E-01,4.88281E-02
-1.1099088E+00,4.39453E-01,4.88281E-02
-1.1098903E+00,5.37109E-01,2.92969E-02
-1.1098718E+00,4.58984E-01,6.83594E-02
-1.1098534E+00,4.98047E-01,-9.76562E-03
-1.1098349E+00,4.98047E-01,4.88281E-02
-1.1098164E+00,5.37109E-01,9.76562E-03
-1.1097979E+00,4.58984E-01,4.88281E-02
-1.1097794E+00,4.39453E-01,4.88281E-02
-1.1097610E+00,4.78516E-01,4.88281E-02
-1.1097425E+00,4.98047E-01,-6.83594E-02
-1.1097240E+00,3.80859E-01,9.76562E-03
-1.1097055E+00,4.98047E-01,9.76562E-03
-1.1096870E+00,3.80859E-01,8.78906E-02
-1.1096686E+00,4.39453E-01,-2.92969E-02
-1.1096501E+00,5.17578E-01,9.76562E-03
-1.1096316E+00,4.58984E-01,4.88281E-02
-1.1096131E+00,4.98047E-01,9.76562E-03
-1.1095946E+00,5.37109E-01,9.76562E-03
-1.1095762E+00,4.98047E-01,9.76562E-03
-1.1095577E+00,5.17578E-01,2.92969E-02
-1.1095392E+00,4.98047E-01,6.83594E-02
-1.1095207E+00,5.17578E-01,9.76562E-03
-1.1095022E+00,4.19922E-01,9.76562E-03
-1.1094838E+00,4.98047E-01,9.76562E-03
-1.1094653E+00,4.58984E-01,4.88281E-02
-1.1094468E+00,5.37109E-01,9.76562E-03
-1.1094283E+00,4.58984E-01,6.83594E-02
-1.1094098E+00,5.56641E-01,4.88281E-02
-1.1093914E+00,4.00391E-01,9.76562E-03
-1.1093729E+00,5.17578E-01,2.92969E-02
-1.1093544E+00,4.78516E-01,6.83594E-02
-1.1093359E+00,4.98047E-01,9.76562E-03
-1.1093174E+00,4.98047E-01,9.76562E-03
-1.1092990E+00,4.98047E-01,4.88281E-02
-1.1092805E+00,4.98047E-01,9.76562E-03
-1.1092620E+00,4.78516E-01,2.92969E-02
-1.1092435E+00,4.78516E-01,6.83594E-02
-1.1092250E+00,4.98047E-01,4.88281E-02
-1.1092066E+00,4.98047E-01,4.88281E-02
-1.1091881E+00,5.37109E-01,-2.92969E-02
-1.1091696E+00,4.98047E-01,9.76562E-03
-1.1091511E+00,4.98047E-01,4.88281E-02
-1.1091326E+00,4.39453E-01,2.92969E-02
-1.1091142E+00,5.37109E-01,4.88281E-02
-1.1090957E+00,4.78516E-01,4.88281E-02
-1.1090772E+00,5.37109E-01,-2.92969E-02
-1.1090587E+00,4.98047E-01,2.92969E-02
-1.1090402E+00,5.56641E-01,-9.76562E-03
-1.1090218E+00,4.98047E-01,6.83594E-02
-1.1090033E+00,4.98047E-01,9.76562E-03
-1.1089848E+00,5.37109E-01,6.83594E-02
-1.1089663E+00,4.58984E-01,-2.92969E-02
-1.1089478E+00,4.98047E-01,2.92969E-02
-1.1089294E+00,4.98047E-01,9.76562E-03
-1.1089109E+00,4.39453E-01,4.88281E-02
-1.1088924E+00,4.98047E-01,4.88281E-02
-1.1088739E+00,4.19922E-01,9.76562E-03
-1.1088554E+00,4.78516E-01,2.92969E-02
-1.1088370E+00,4.98047E-01,4.88281E-02
-1.1088185E+00,4.39453E-01,2.92969E-02
-1.1088000E+00,4.98047E-01,2.92969E-02
-1.1087815E+00,4.58984E-01,4.88281E-02
-1.1087630E+00,4.78516E-01,8.78906E-02
-1.1087446E+00,5.37109E-01,4.88281E-02
-1.1087261E+00,4.98047E-01,4.88281E-02
-1.1087076E+00,4.39453E-01,2.92969E-02
-1.1086891E+00,4.98047E-01,6.83594E-02
-1.1086706E+00,4.98047E-01,2.92969E-02
-1.1086522E+00,4.98047E-01,4.88281E-02
-1.1086337E+00,5.17578E-01,-9.76562E-03
-1.1086152E+00,4.78516E-01,2.92969E-02
-1.1085967E+00,4.98047E-01,9.76562E-03
-1.1085782E+00,5.37109E-01,9.76562E-03
-1.1085598E+00,5.17578E-01,4.88281E-02
-1.1085413E+00,4.98047E-01,6.83594E-02
-1.1085228E+00,5.17578E-01,4.88281E-02
-1.1085043E+00,4.98047E-01,2.92969E-02
-1.1084858E+00,4.98047E-01,4.88281E-02
-1.1084674E+00,5.17578E-01,2.92969E-02
-1.1084489E+00,4.39453E-01,4.88281E-02
-1.1084304E+00,4.19922E-01,6.83594E-02
-1.1084119E+00,5.17578E-01,4.88281E-02
-1.1083934E+00,4.78516E-01,1.07422E-01
-1.1083750E+00,4.39453E-01,9.76562E-03
-1.1083565E+00,4.98047E-01,9.76562E-03
-1.1083380E+00,4.98047E-01,2.92969E-02
-1.1083195E+00,5.37109E-01,8.78906E-02
-1.1083010E+00,4.98047E-01,9.76562E-03
-1.1082826E+00,4.98047E-01,9.76562E-03
-1.1082641E+00,4.58984E-01,4.88281E-02
-1.1082456E+00,4.58984E-01,2.92969E-02
-1.1082271E+00,4.58984E-01,4.88281E-02
-1.1082086E+00,4.58984E-01,9.76562E-03
-1.1081902E+00,4.78516E-01,6.83594E-02
-1.1081717E+00,4.58984E-01,9.76562E-03
-1.1081532E+00,4.98047E-01,4.88281E-02
-1.1081347E+00,5.37109E-01,2.92969E-02
-1.1081162E+00,4.98047E-01,9.76562E-03
-1.1080978E+00,4.78516E-01,9.76562E-03
-1.1080793E+00,5.56641E-01,9.76562E-03
-1.1080608E+00,5.37109E-01,6.83594E-02
-1.1080423E+00,4.98047E-01,9.76562E-03
-1.1080238E+00,5.17578E-01,2.92969E-02
-1.1080054E+00,4.98047E-01,-9.76562E-03
-1.1079869E+00,4.98047E-01,2.92969E-02
-1.1079684E+00,4.78516E-01,2.92969E-02
-1.1079499E+00,4.98047E-01,6.83594E-02
-1.1079314E+00,4.78516E-01,-9.76562E-03
-1.1079130E+00,4.98047E-01,4.88281E-02
-1.1078945E+00,4.98047E-01,9.76562E-03
-1.1078760E+00,4.58984E-01,9.76562E-03
-1.1078575E+00,4.58984E-01,-9.76562E-03
-1.1078390E+00,4.58984E-01,2.92969E-02
-1.1078206E+00,5.17578E-01,9.76562E-03
-1.1078021E+00,4.98047E-01,2.92969E-02
-1.1077836E+00,4.39453E-01,2.92969E-02
-1.1077651E+00,5.56641E-01,2.92969E-02
-1.1077466E+00,4.98047E-01,8.78906E-02
-1.1077282E+00,4.39453E-01,9.76562E-03
-1.1077097E+00,5.17578E-01,2.92969E-02
-1.1076912E+00,4.00391E-01,8.78906E-02
-1.1076727E+00,5.76172E-01,9.76562E-03
-1.1076542E+00,4.98047E-01,6.83594E-02
-1.1076358E+00,5.56641E-01,9.76562E-03
-1.1076173E+00,5.17578E-01,2.92969E-02
-1.1075988E+00,4.98047E-01,4.88281E-02
-1.1075803E+00,5.17578E-01,-4.88281E-02
-1.1075618E+00,4.58984E-01,2.92969E-02
-1.1075434E+00,5.56641E-01,9.76562E-03
-1.1075249E+00,5.17578E-01,9.76562E-03
-1.1075064E+00,4.98047E-01,4.88281E-02
-1.1074879E+00,4.78516E-01,4.88281E-02
-1.1074694E+00,4.98047E-01,2.92969E-02
-1.1074510E+00,5.37109E-01,4.88281E-02
-1.1074325E+00,4.78516E-01,2.92969E-02
-1.1074140E+00,5.37109E-01,2.92969E-02
-1.1073955E+00,4.58984E-01,4.88281E-02
-1.1073770E+00,5.37109E-01,2.92969E-02
-1.1073586E+00,5.56641E-01,2.92969E-02
-1.1073401E+00,5.17578E-01,4.88281E-02
-1.1073216E+00,4.00391E-01,2.92969E-02
-1.1073031E+00,5.17578E-01,-9.76562E-03
-1.1072846E+00,4.58984E-01,2.92969E-02
-1.1072662E+00,5.56641E-01,-9.76562E-03
-1.1072477E+00,4.39453E-01,4.88281E-02
-1.1072292E+00,5.37109E-01,9.76562E-03
-1.1072107E+00,4.98047E-01,2.92969E-02
-1.1071922E+00,4.98047E-01,6.83594E-02
-1.1071738E+00,5.37109E-01,9.76562E-03
-1.1071553E+00,4.78516E-01,-9.76562E-03
-1.1071368E+00,4.39453E-01,2.92969E-02
-1.1071183E+00,4.98047E-01,9.76562E-03
-1.1070998E+00,4.98047E-01,9.76562E-03
-1.1070814E+00,5.37109E-01,4.88281E-02
-1.1070629E+00,4.98047E-01,4.88281E-02
-1.1070444E+00,4.98047E-01,4.88281E-02
-1.1070259E+00,5.76172E-01,4.88281E-02
-1.1070074E+00,5.56641E-01,2.92969E-02
-1.1069890E+00,5.76172E-01,4.88281E-02
-1.1069705E+00,4.98047E-01,2.92969E-02
-1.1069520E+00,4.78516E-01,2.92969E-02
-1.1069335E+00,5.17578E-01,9.76562E-03
-1.1069150E+00,4.98047E-01,9.76562E-03
-1.1068966E+00,5.95703E-01,9.76562E-03
-1.1068781E+00,4.98047E-01,6.83594E-02
-1.1068596E+00,5.17578E-01,9.76562E-03
-1.1068411E+00,4.98047E-01,2.92969E-02
-1.1068226E+00,4.78516E-01,2.92969E-02
-1.1068042E+00,4.98047E-01,8.78906E-02
-1.1067857E+00,4.98047E-01,2.92969E-02
-1.1067672E+00,4.00391E-01,4.88281E-02
-1.1067487E+00,5.37109E-01,4.88281E-02
-1.1067302E+00,4.98047E-01,6.83594E-02
-1.1067118E+00,4.98047E-01,9.76562E-03
-1.1066933E+00,5.95703E-01,8.78906E-02
-1.1066748E+00,4.98047E-01,6.83594E-02
-1.1066563E+00,4.58984E-01,4.88281E-02
-1.1066378E+00,5.17578E-01,9.76562E-03
-1.1066194E+00,4.98047E-01,6.83594E-02
-1.1066009E+00,5.37109E-01,1.26953E-01
-1.1065824E+00,4.98047E-01,2.92969E-02
-1.1065639E+00,5.56641E-01,4.88281E-02
-1.1065454E+00,4.39453E-01,4.88281E-02
-1.1065270E+00,5.37109E-01,4.88281E-02
-1.1065085E+00,5.17578E-01,9.76562E-03
-1.1064900E+00,4.19922E-01,6.83594E-02
-1.1064715E+00,4.98047E-01,2.92969E-02
-1.1064530E+00,5.56641E-01,9.76562E-03
-1.1064346E+00,4.98047E-01,2.92969E-02
-1.1064161E+00,4.39453E-01,2.92969E-02
-1.1063976E+00,5.76172E-01,9.76562E-03
-1.1063791E+00,5.56641E-01,6.83594E-02
-1.1063606E+00,4.58984E-01,4.88281E-02
-1.1063422E+00,5.17578E-01,-9.76562E-03
-1.1063237E+00,4.58984E-01,1.26953E-01
-1.1063052E+00,4.98047E-01,9.76562E-03
-1.1062867E+00,4.98047E-01,2.92969E-02
-1.1062682E+00,5.37109E-01,4.88281E-02
-1.1062498E+00,4.98047E-01,9.76562E-03
-1.1062313E+00,4.78516E-01,4.88281E-02
-1.1062128E+00,4.98047E-01,6.83594E-02
-1.1061943E+00,5.17578E-01,2.92969E-02
-1.1061758E+00,4.19922E-01,6.83594E-02
-1.1061574E+00,4.78516E-01,-9.76562E-03
-1.1061389E+00,4.39453E-01,1.07422E-01
-1.1061204E+00,5.17578E-01,9.76562E-03
-1.1061019E+00,4.58984E-01,6.83594E-02
-1.1060834E+00,4.78516E-01,4.88281E-02
-1.1060650E+00,5.37109E-01,1.46484E-01
-1.1060465E+00,4.98047E-01,4.88281E-02
-1.1060280E+00,4.98047E-01,2.92969E-02
-1.1060095E+00,4.98047E-01,9.76562E-03
-1.1059910E+00,4.98047E-01,6.83594E-02
-1.1059726E+00,5.17578E-01,6.83594E-02
-1.1059541E+00,4.98047E-01,6.83594E-02
-1.1059356E+00,5.17578E-01,9.76562E-03
-1.1059171E+00,5.17578E-01,4.88281E-02
-1.1058986E+00,5.56641E-01,2.92969E-02
-1.1058802E+00,4.39453E-01,9.76562E-03
-1.1058617E+00,4.39453E-01,-2.92969E-02
-1.1058432E+00,4.98047E-01,4.88281E-02
-1.1058247E+00,4.98047E-01,2.92969E-02
-1.1058062E+00,4.78516E-01,1.07422E-01
-1.1057878E+00,5.56641E-01,4.88281E-02
-1.1057693E+00,5.17578E-01,1.26953E-01
-1.1057508E+00,4.98047E-01,-2.92969E-02
-1.1057323E+00,4.98047E-01,-9.76562E-03
-1.1057138E+00,4.98047E-01,4.88281E-02
-1.1056954E+00,4.98047E-01,6.83594E-02
-1.1056769E+00,5.17578E-01,9.76562E-03
-1.1056584E+00,4.39453E-01,2.92969E-02
-1.1056399E+00,5.76172E-01,4.88281E-02
-1.1056214E+00,5.37109E-01,2.92969E-02
-1.1056030E+00,5.95703E-01,2.92969E-02
-1.1055845E+00,4.78516E-01,8.78906E-02
-1.1055660E+00,5.17578E-01,2.92969E-02
-1.1055475E+00,5.17578E-01,9.76562E-03
-1.1055290E+00,5.17578E-01,9.76562E-03
-1.1055106E+00,5.37109E-01,2.92969E-02
-1.1054921E+00,5.56641E-01,-9.76562E-03
-1.1054736E+00,4.98047E-01,2.92969E-02
-1.1054551E+00,5.37109E-01,-9.76562E-03
-1.1054366E+00,5.37109E-01,4.88281E-02
-1.1054182E+00,5.37109E-01,4.88281E-02
-1.1053997E+00,4.98047E-01,6.83594E-02
-1.1053812E+00,4.78516E-01,2.92969E-02
-1.1053627E+00,4.78516E-01,9.76562E-03
-1.1053442E+00,5.37109E-01,-9.76562E-03
-1.1053258E+00,5.17578E-01,6.83594E-02
-1.1053073E+00,5.56641E-01,2.92969E-02
-1.1052888E+00,5.17578E-01,8.78906E-02
-1.1052703E+00,5.17578E-01,4.88281E-02
-1.1052518E+00,5.37109E-01,2.92969E-02
-1.1052334E+00,5.17578E-01,-9.76562E-03
-1.1052149E+00,4.98047E-01,4.88281E-02
-1.1051964E+00,5.17578E-01,4.88281E-02
-1.1051779E+00,4.39453E-01,2.92969E-02
-1.1051594E+00,5.37109E-01,-9.76562E-03
-1.1051410E+00,4.78516E-01,2.92969E-02
-1.1051225E+00,4.78516E-01,4.88281E-02
-1.1051040E+00,4.39453E-01,2.92969E-02
-1.1050855E+00,4.58984E-01,9.76562E-03
-1.1050670E+00,4.78516E-01,6.83594E-02
-1.1050486E+00,5.37109E-01,9.76562E-03
-1.1050301E+00,4.78516E-01,6.83594E-02
-1.1050116E+00,4.78516E-01,-2.92969E-02
-1.1049931E+00,5.76172E-01,2.92969E-02
-1.1049746E+00,5.17578E-01,8.78906E-02
-1.1049562E+00,4.98047E-01,4.88281E-02
-1.1049377E+00,4.98047E-01,-9.76562E-03
-1.1049192E+00,4.19922E-01,4.88281E-02
-1.1049007E+00,4.98047E-01,9.76562E-03
-1.1048822E+00,5.37109E-01,6.83594E-02
-1.1048638E+00,5.56641E-01,8.78906E-02
-1.1048453E+00,5.56641E-01,9.76562E-03
-1.1048268E+00,4.58984E-01,-2.92969E-02
-1.1048083E+00,4.58984E-01,2.92969E-02
-1.1047898E+00,5.56641E-01,6.83594E-02
-1.1047714E+00,5.76172E-01,8.78906E-02
-1.1047529E+00,5.56641E-01,9.76562E-03
-1.1047344E+00,4.39453E-01,6.83594E-02
-1.1047159E+00,4.58984E-01,2.92969E-02
-1.1046974E+00,4.58984E-01,9.76562E-03
-1.1046790E+00,4.58984E-01,9.76562E-03
-1.1046605E+00,5.17578E-01,4.88281E-02
-1.1046420E+00,5.56641E-01,9.76562E-03
-1.1046235E+00,4.98047E-01,9.76562E-03
-1.1046050E+00,4.98047E-01,8.78906E-02
-1.1045866E+00,5.37109E-01,9.76562E-03
-1.1045681E+00,4.98047E-01,9.76562E-03
-1.1045496E+00,4.78516E-01,4.88281E-02
-1.1045311E+00,5.76172E-01,4.88281E-02
-1.1045126E+00,4.39453E-01,4.88281E-02
-1.1044942E+00,5.37109E-01,4.88281E-02
-1.1044757E+00,5.37109E-01,2.92969E-02
-1.1044572E+00,5.56641E-01,4.88281E-02
-1.1044387E+00,5.37109E-01,9.76562E-03
-1.1044202E+00,4.98047E-01,2.92969E-02
-1.1044018E+00,4.00391E-01,6.83594E-02
-1.1043833E+00,5.56641E-01,-9.76562E-03
-1.1043648E+00,5.76172E-01,4.88281E-02
-1.1043463E+00,4.98047E-01,2.92969E-02
-1.1043278E+00,4.98047E-01,4.88281E-02
-1.1043094E+00,4.39453E-01,9.76562E-03
-1.1042909E+00,5.56641E-01,1.26953E-01
-1.1042724E+00,5.17578E-01,9.76562E-03
-1.1042539E+00,4.98047E-01,6.83594E-02
-1.1042354E+00,4.98047E-01,9.76562E-03
-1.1042170E+00,4.58984E-01,6.83594E-02
-1.1041985E+00,5.37109E-01,9.76562E-03
-1.1041800E+00,4.58984E-01,4.88281E-02
-1.1041615E+00,5.56641E-01,2.92969E-02
-1.1041430E+00,4.78516E-01,6.83594E-02
-1.1041246E+00,4.39453E-01,4.88281E-02
-1.1041061E+00,4.98047E-01,4.88281E-02
-1.1040876E+00,4.78516E-01,-4.88281E-02
-1.1040691E+00,4.58984E-01,6.83594E-02
-1.1040506E+00,5.56641E-01,-9.76562E-03
-1.1040322E+00,4.98047E-01,4.88281E-02
-1.1040137E+00,5.37109E-01,2.92969E-02
-1.1039952E+00,4.98047E-01,4.88281E-02
-1.1039767E+00,5.56641E-01,4.88281E-02
-1.1039582E+00,4.39453E-01,4.88281E-02
-1.1039398E+00,4.98047E-01,2.92969E-02
-1.1039213E+00,5.37109E-01,2.92969E-02
-1.1039028E+00,4.98047E-01,9.76562E-03
-1.1038843E+00,5.37109E-01,9.76562E-03
-1.1038658E+00,5.95703E-01,2.92969E-02
-1.1038474E+00,4.98047E-01,9.76562E-03
-1.1038289E+00,4.78516E-01,2.92969E-02
-1.1038104E+00,5.37109E-01,-4.88281E-02
-1.1037919E+00,5.76172E-01,1.07422E-01
-1.1037734E+00,4.98047E-01,6.83594E-02
-1.1037550E+00,4.78516E-01,2.92969E-02
-1.1037365E+00,5.17578E-01,6.83594E-02
-1.1037180E+00,4.98047E-01,2.92969E-02
-1.1036995E+00,4.39453E-01,4.88281E-02
-1.1036810E+00,4.98047E-01,-9.76562E-03
-1.1036626E+00,5.56641E-01,6.83594E-02
-1.1036441E+00,4.98047E-01,9.76562E-03
-1.1036256E+00,4.98047E-01,4.88281E-02
-1.1036071E+00,5.17578E-01,4.88281E-02
-1.1035886E+00,5.56641E-01,6.83594E-02
-1.1035702E+00,4.58984E-01,9.76562E-03
-1.1035517E+00,4.98047E-01,2.92969E-02
-1.1035332E+00,4.98047E-01,-9.76562E-03
-1.1035147E+00,4.39453E-01,6.83594E-02
-1.1034962E+00,4.98047E-01,9.76562E-03
-1.1034778E+00,4.98047E-01,2.92969E-02
-1.1034593E+00,5.37109E-01,-2.92969E-02
-1.1034408E+00,5.56641E-01,6.83594E-02
-1.1034223E+00,5.17578E-01,2.92969E-02
-1.1034038E+00,4.00391E-01,8.78906E-02
-1.1033854E+00,5.37109E-01,2.92969E-02
-1.1033669E+00,4.98047E-01,-2.92969E-02
-1.1033484E+00,5.17578E-01,2.92969E-02
-1.1033299E+00,4.98047E-01,8.78906E-02
-1.1033114E+00,5.37109E-01,9.76562E-03
-1.1032930E+00,5.56641E-01,2.92969E-02
-1.1032745E+00,4.78516E-01,-4.88281E-02
-1.1032560E+00,4.98047E-01,4.88281E-02
-1.1032375E+00,4.19922E-01,4.88281E-02
-1.1032190E+00,5.56641E-01,8.78906E-02
-1.1032006E+00,5.37109E-01,6.83594E-02
-1.1031821E+00,5.37109E-01,2.92969E-02
-1.1031636E+00,5.37109E-01,9.76562E-03
-1.1031451E+00,4.98047E-01,4.88281E-02
-1.1031266E+00,5.56641E-01,-9.76562E-03
-1.1031082E+00,5.56641E-01,8.78906E-02
-1.1030897E+00,4.98047E-01,2.92969E-02
-1.1030712E+00,4.98047E-01,4.88281E-02
-1.1030527E+00,5.17578E-01,4.88281E-02
-1.1030342E+00,5.56641E-01,2.92969E-02
-1.1030158E+00,5.37109E-01,9.76562E-03
-1.1029973E+00,5.76172E-01,6.83594E-02
-1.1029788E+00,4.98047E-01,4.88281E-02
-1.1029603E+00,5.17578E-01,2.92969E-02
-1.1029418E+00,5.17578E-01,2.92969E-02
-1.1029234E+00,4.39453E-01,4.88281E-02
-1.1029049E+00,5.56641E-01,4.88281E-02
-1.1028864E+00,5.17578E-01,4.88281E-02
-1.1028679E+00,5.76172E-01,9.76562E-03
-1.1028494E+00,5.76172E-01,2.92969E-02
-1.1028310E+00,5.17578E-01,6.83594E-02
-1.1028125E+00,4.58984E-01,6.83594E-02
-1.1027940E+00,5.37109E-01,9.76562E-03
-1.1027755E+00,5.76172E-01,2.92969E-02
-1.1027570E+00,5.17578E-01,2.92969E-02
-1.1027386E+00,4.98047E-01,-4.88281E-02
-1.1027201E+00,5.17578E-01,-9.76562E-03
-1.1027016E+00,4.78516E-01,6.83594E-02
-1.1026831E+00,4.58984E-01,-9.76562E-03
-1.1026646E+00,4.98047E-01,6.83594E-02
-1.1026462E+00,4.58984E-01,-9.76562E-03
-1.1026277E+00,4.98047E-01,2.92969E-02
-1.1026092E+00,5.17578E-01,2.92969E-02
-1.1025907E+00,4.78516E-01,2.92969E-02
-1.1025722E+00,5.17578E-01,9.76562E-03
-1.1025538E+00,4.98047E-01,9.76562E-03
-1.1025353E+00,5.17578E-01,9.76562E-03
-1.1025168E+00,4.78516E-01,4.88281E-02
-1.1024983E+00,5.17578E-01,9.76562E-03
-1.1024798E+00,5.56641E-01,6.83594E-02
-1.1024614E+00,5.56641E-01,2.92969E-02
-1.1024429E+00,4.98047E-01,4.88281E-02
-1.1024244E+00,5.37109E-01,6.83594E-02
-1.1024059E+00,5.76172E-01,8.78906E-02
-1.1023874E+00,5.17578E-01,4.88281E-02
-1.1023690E+00,5.37109E-01,6.83594E-02
-1.1023505E+00,5.17578E-01,-2.92969E-02
-1.1023320E+00,5.37109E-01,9.76562E-03
-1.1023135E+00,4.98047E-01,2.92969E-02
-1.1022950E+00,4.98047E-01,1.07422E-01
-1.1022766E+00,5.17578E-01,9.76562E-03
-1.1022581E+00,5.37109E-01,2.92969E-02
-1.1022396E+00,5.76172E-01,9.76562E-03
-1.1022211E+00,4.19922E-01,9.76562E-03
-1.1022026E+00,4.39453E-01,4.88281E-02
-1.1021842E+00,5.37109E-01,2.92969E-02
-1.1021657E+00,5.17578E-01,9.76562E-03
-1.1021472E+00,4.98047E-01,4.88281E-02
-1.1021287E+00,4.78516E-01,4.88281E-02
-1.1021102E+00,5.37109E-01,6.83594E-02
-1.1020918E+00,4.58984E-01,9.76562E-03
-1.1020733E+00,4.98047E-01,6.83594E-02
-1.1020548E+00,5.56641E-01,4.88281E-02
-1.1020363E+00,4.78516E-01,8.78906E-02
-1.1020178E+00,5.17578E-01,4.88281E-02
-1.1019994E+00,4.39453E-01,9.76562E-03
-1.1019809E+00,5.17578E-01,2.92969E-02
-1.1019624E+00,4.98047E-01,6.83594E-02
-1.1019439E+00,5.76172E-01,-2.92969E-02
-1.1019254E+00,4.98047E-01,6.83594E-02
-1.1019070E+00,4.98047E-01,4.88281E-02
-1.1018885E+00,4.58984E-01,9.76562E-03
-1.1018700E+00,4.58984E-01,9.76562E-03
-1.1018515E+00,5.17578E-01,4.88281E-02
-1.1018330E+00,4.98047E-01,2.92969E-02
-1.1018146E+00,5.37109E-01,4.88281E-02
-1.1017961E+00,5.37109E-01,4.88281E-02
-1.1017776E+00,4.98047E-01,1.26953E-01
-1.1017591E+00,5.56641E-01,6.83594E-02
-1.1017406E+00,4.78516E-01,6.83594E-02
-1.1017222E+00,5.17578E-01,4.88281E-02
-1.1017037E+00,4.98047E-01,9.76562E-03
-1.1016852E+00,4.58984E-01,6.83594E-02
-1.1016667E+00,4.98047E-01,2.92969E-02
-1.1016482E+00,5.37109E-01,-9.76562E-03
-1.1016298E+00,4.39453E-01,6.83594E-02
-1.1016113E+00,5.56641E-01,9.76562E-03
-1.1015928E+00,6.15234E-01,9.76562E-03
-1.1015743E+00,5.56641E-01,-2.92969E-02
-1.1015558E+00,4.78516E-01,2.92969E-02
-1.1015374E+00,5.17578E-01,9.76562E-03
-1.1015189E+00,4.98047E-01,2.92969E-02
-1.1015004E+00,5.37109E-01,-9.76562E-03
-1.1014819E+00,4.58984E-01,2.92969E-02
-1.1014634E+00,5.56641E-01,9.76562E-03
-1.1014450E+00,4.98047E-01,8.78906E-02
-1.1014265E+00,5.37109E-01,1.07422E-01
-1.1014080E+00,5.17578E-01,4.88281E-02
-1.1013895E+00,5.37109E-01,-9.76562E-03
-1.1013710E+00,4.98047E-01,6.83594E-02
-1.1013526E+00,5.17578E-01,-9.76562E-03
-1.1013341E+00,4.58984E-01,4.88281E-02
-1.1013156E+00,5.17578E-01,4.88281E-02
-1.1012971E+00,4.98047E-01,4.88281E-02
-1.1012786E+00,5.37109E-01,6.83594E-02
-1.1012602E+00,4.98047E-01,6.83594E-02
-1.1012417E+00,4.98047E-01,6.83594E-02
-1.1012232E+00,4.98047E-01,6.83594E-02
-1.1012047E+00,4.98047E-01,4.88281E-02
-1.1011862E+00,4.78516E-01,4.88281E-02
-1.1011678E+00,5.17578E-01,8.78906E-02
-1.1011493E+00,4.98047E-01,8.78906E-02
-1.1011308E+00,5.17578E-01,9.76562E-03
-1.1011123E+00,5.17578E-01,2.92969E-02
-1.1010938E+00,5.56641E-01,2.92969E-02
-1.1010754E+00,5.76172E-01,9.76562E-03
-1.1010569E+00,5.37109E-01,2.92969E-02
-1.1010384E+00,4.98047E-01,4.88281E-02
-1.1010199E+00,5.37109E-01,9.76562E-03
-1.1010014E+00,4.98047E-01,8.78906E-02
-1.1009830E+00,5.56641E-01,2.92969E-02
-1.1009645E+00,4.98047E-01,6.83594E-02
-1.1009460E+00,5.37109E-01,9.76562E-03
-1.1009275E+00,4.58984E-01,6.83594E-02
-1.1009090E+00,5.37109E-01,-9.76562E-03
-1.1008906E+00,4.98047E-01,6.83594E-02
-1.1008721E+00,5.17578E-01,6.83594E-02
-1.1008536E+00,4.98047E-01,2.92969E-02
-1.1008351E+00,5.56641E-01,2.92969E-02
-1.1008166E+00,5.56641E-01,4.88281E-02
-1.1007982E+00,4.98047E-01,4.88281E-02
-1.1007797E+00,5.37109E-01,6.83594E-02
-1.1007612E+00,5.37109E-01,-2.92969E-02
-1.1007427E+00,5.37109E-01,2.92969E-02
-1.1007242E+00,5.56641E-01,9.76562E-03
-1.1007058E+00,4.98047E-01,9.76562E-03
-1.1006873E+00,4.78516E-01,4.88281E-02
-1.1006688E+00,5.37109E-01,4.88281E-02
-1.1006503E+00,4.78516E-01,4.88281E-02
-1.1006318E+00,5.76172E-01,4.88281E-02
-1.1006134E+00,4.98047E-01,2.92969E-02
-1.1005949E+00,5.56641E-01,9.76562E-03
-1.1005764E+00,5.17578E-01,9.76562E-03
-1.1005579E+00,4.58984E-01,4.88281E-02
-1.1005394E+00,4.98047E-01,4.88281E-02
-1.1005210E+00,4.58984E-01,4.88281E-02
-1.1005025E+00,4.78516E-01,6.83594E-02
-1.1004840E+00,4.98047E-01,4.88281E-02
-1.1004655E+00,5.17578E-01,2.92969E-02
-1.1004470E+00,5.17578E-01,9.76562E-03
-1.1004286E+00,5.17578E-01,-2.92969E-02
-1.1004101E+00,5.17578E-01,4.88281E-02
-1.1003916E+00,5.17578E-01,2.92969E-02
-1.1003731E+00,5.76172E-01,6.83594E-02
-1.1003546E+00,4.58984E-01,-9.76562E-03
-1.1003362E+00,5.17578E-01,2.92969E-02
-1.1003177E+00,5.37109E-01,2.92969E-02
-1.1002992E+00,4.98047E-01,8.78906E-02
-1.1002807E+00,5.17578E-01,4.88281E-02
-1.1002622E+00,4.98047E-01,4.88281E-02
-1.1002438E+00,5.76172E-01,2.92969E-02
-1.1002253E+00,5.56641E-01,9.76562E-03
-1.1002068E+00,5.17578E-01,4.88281E-02
-1.1001883E+00,5.76172E-01,8.78906E-02
-1.1001698E+00,4.58984E-01,9.76562E-03
-1.1001514E+00,5.76172E-01,9.76562E-03
-1.1001329E+00,4.98047E-01,9.76562E-03
-1.1001144E+00,5.76172E-01,4.88281E-02
-1.1000959E+00,5.37109E-01,9.76562E-03
-1.1000774E+00,4.98047E-01,4.88281E-02
-1.1000590E+00,4.78516E-01,8.78906E-02
-1.1000405E+00,4.98047E-01,6.83594E-02
-1.1000220E+00,5.56641E-01,-2.92969E-02
-1.1000035E+00,5.37109E-01,6.83594E-02
-1.0999850E+00,4.98047E-01,-2.92969E-02
-1.0999666E+00,4.98047E-01,6.83594E-02
-1.0999481E+00,5.56641E-01,-9.76562E-03
-1.0999296E+00,5.37109E-01,9.76562E-03
-1.0999111E+00,5.76172E-01,9.76562E-03
-1.0998926E+00,4.98047E-01,2.92969E-02
-1.0998742E+00,5.76172E-01,4.88281E-02
-1.0998557E+00,4.98047E-01,9.76562E-03
-1.0998372E+00,5.56641E-01,4.88281E-02
-1.0998187E+00,4.78516E-01,4.88281E-02
-1.0998002E+00,4.98047E-01,9.76562E-03
-1.0997818E+00,5.56641E-01,4.88281E-02
-1.0997633E+00,5.37109E-01,2.92969E-02
-1.0997448E+00,4.98047E-01,6.83594E-02
-1.0997263E+00,5.56641E-01,9.76562E-03
-1.0997078E+00,4.98047E-01,4.88281E-02
-1.0996894E+00,5.37109E-01,4.88281E-02
-1.0996709E+00,5.37109E-01,9.76562E-03
-1.0996524E+00,4.98047E-01,9.76562E-03
-1.0996339E+00,5.37109E-01,2.92969E-02
-1.0996154E+00,5.56641E-01,4.88281E-02
-1.0995970E+00,5.76172E-01,4.88281E-02
-1.0995785E+00,4.78516E-01,4.88281E-02
-1.0995600E+00,4.98047E-01,2.92969E-02
-1.0995415E+00,5.56641E-01,2.92969E-02
-1.0995230E+00,5.95703E-01,2.92969E-02
-1.0995046E+00,4.98047E-01,4.88281E-02
-1.0994861E+00,5.37109E-01,4.88281E-02
-1.0994676E+00,5.37109E-01,4.88281E-02
-1.0994491E+00,4.98047E-01,2.92969E-02
-1.0994306E+00,5.56641E-01,9.76562E-03
-1.0994122E+00,4.98047E-01,8.78906E-02
-1.0993937E+00,5.56641E-01,6.83594E-02
-1.0993752E+00,5.56641E-01,6.83594E-02
-1.0993567E+00,5.37109E-01,9.76562E-03
-1.0993382E+00,4.98047E-01,2.92969E-02
-1.0993198E+00,5.17578E-01,-9.76562E-03
-1.0993013E+00,5.56641E-01,2.92969E-02
-1.0992828E+00,5.56641E-01,2.92969E-02
-1.0992643E+00,5.56641E-01,-9.76562E-03
-1.0992458E+00,5.56641E-01,4.88281E-02
-1.0992274E+00,5.56641E-01,9.76562E-03
-1.0992089E+00,5.95703E-01,4.88281E-02
-1.0991904E+00,4.98047E-01,4.88281E-02
-1.0991719E+00,4.98047E-01,6.83594E-02
-1.0991534E+00,5.95703E-01,1.07422E-01
-1.0991350E+00,4.98047E-01,6.83594E-02
-1.0991165E+00,5.56641E-01,4.88281E-02
-1.0990980E+00,5.17578E-01,-9.76562E-03
-1.0990795E+00,4.78516E-01,8.78906E-02
-1.0990610E+00,5.37109E-01,9.76562E-03
-1.0990426E+00,4.58984E-01,4.88281E-02
-1.0990241E+00,4.98047E-01,2.92969E-02
-1.0990056E+00,4.78516E-01,2.92969E-02
-1.0989871E+00,5.56641E-01,-2.92969E-02
-1.0989686E+00,4.58984E-01,1.26953E-01
-1.0989502E+00,5.17578E-01,2.92969E-02
-1.0989317E+00,4.98047E-01,6.83594E-02
-1.0989132E+00,5.95703E-01,9.76562E-03
-1.0988947E+00,4.98047E-01,6.83594E-02
-1.0988762E+00,5.76172E-01,9.76562E-03
-1.0988578E+00,5.37109E-01,6.83594E-02
-1.0988393E+00,5.56641E-01,9.76562E-03
-1.0988208E+00,5.17578E-01,9.76562E-03
-1.0988023E+00,4.98047E-01,4.88281E-02
-1.0987838E+00,5.95703E-01,1.07422E-01
-1.0987654E+00,5.17578E-01,9.76562E-03
-1.0987469E+00,5.37109E-01,2.92969E-02
-1.0987284E+00,4.39453E-01,4.88281E-02
-1.0987099E+00,4.98047E-01,9.76562E-03
-1.0986914E+00,5.76172E-01,-9.76562E-03
-1.0986730E+00,5.37109E-01,6.83594E-02
-1.0986545E+00,5.37109E-01,-9.76562E-03
-1.0986360E+00,5.56641E-01,4.88281E-02
-1.0986175E+00,5.37109E-01,9.76562E-03
-1.0985990E+00,4.98047E-01,4.88281E-02
-1.0985806E+00,4.58984E-01,4.88281E-02
-1.0985621E+00,5.17578E-01,2.92969E-02
-1.0985436E+00,5.37109E-01,9.76562E-03
-1.0985251E+00,5.56641E-01,9.76562E-03
-1.0985066E+00,5.17578E-01,4.88281E-02
-1.0984882E+00,5.37109E-01,2.92969E-02
-1.0984697E+00,4.58984E-01,2.92969E-02
-1.0984512E+00,4.58984E-01,2.92969E-02
-1.0984327E+00,5.37109E-01,4.88281E-02
-1.0984142E+00,5.56641E-01,9.76562E-03
-1.0983958E+00,5.76172E-01,9.76562E-03
-1.0983773E+00,5.17578E-01,2.92969E-02
-1.0983588E+00,5.56641E-01,9.76562E-03
-1.0983403E+00,5.76172E-01,4.88281E-02
-1.0983218E+00,4.98047E-01,-2.92969E-02
-1.0983034E+00,5.56641E-01,8.78906E-02
-1.0982849E+00,5.76172E-01,9.76562E-03
-1.0982664E+00,5.95703E-01,8.78906E-02
-1.0982479E+00,5.76172E-01,4.88281E-02
-1.0982294E+00,4.98047E-01,9.76562E-03
-1.0982110E+00,4.98047E-01,9.76562E-03
-1.0981925E+00,5.56641E-01,4.88281E-02
-1.0981740E+00,5.95703E-01,-2.92969E-02
-1.0981555E+00,4.98047E-01,4.88281E-02
-1.0981370E+00,5.17578E-01,2.92969E-02
-1.0981186E+00,4.98047E-01,4.88281E-02
-1.0981001E+00,6.15234E-01,9.76562E-03
-1.0980816E+00,5.56641E-01,4.88281E-02
-1.0980631E+00,5.37109E-01,9.76562E-03
-1.0980446E+00,5.76172E-01,8.78906E-02
-1.0980262E+00,5.56641E-01,9.76562E-03
-1.0980077E+00,5.56641E-01,6.83594E-02
-1.0979892E+00,4.78516E-01,4.88281E-02
-1.0979707E+00,5.17578E-01,9.76562E-03
-1.0979522E+00,5.56641E-01,4.88281E-02
-1.0979338E+00,4.78516E-01,8.78906E-02
-1.0979153E+00,5.17578E-01,4.88281E-02
-1.0978968E+00,5.76172E-01,1.26953E-01
-1.0978783E+00,5.17578E-01,-9.76562E-03
-1.0978598E+00,5.76172E-01,6.83594E-02
-1.0978414E+00,5.17578E-01,-9.76562E-03
-1.0978229E+00,5.37109E-01,2.92969E-02
-1.0978044E+00,5.56641E-01,-9.76562E-03
-1.0977859E+00,6.15234E-01,1.07422E-01
-1.0977674E+00,5.37109E-01,9.76562E-03
-1.0977490E+00,5.37109E-01,4.88281E-02
-1.0977305E+00,5.56641E-01,2.92969E-02
-1.0977120E+00,5.17578E-01,4.88281E-02
-1.0976935E+00,4.98047E-01,4.88281E-02
-1.0976750E+00,4.98047E-01,6.83594E-02
-1.0976566E+00,5.56641E-01,6.83594E-02
-1.0976381E+00,6.15234E-01,4.88281E-02
-1.0976196E+00,6.34766E-01,-4.88281E-02
-1.0976011E+00,4.98047E-01,6.83594E-02
-1.0975826E+00,5.56641E-01,9.76562E-03
-1.0975642E+00,5.17578E-01,2.92969E-02
-1.0975457E+00,5.17578E-01,2.92969E-02
-1.0975272E+00,5.95703E-01,2.92969E-02
-1.0975087E+00,5.56641E-01,2.92969E-02
-1.0974902E+00,5.37109E-01,2.92969E-02
-1.0974718E+00,5.17578E-01,4.88281E-02
-1.0974533E+00,5.37109E-01,2.92969E-02
-1.0974348E+00,5.56641E-01,2.92969E-02
-1.0974163E+00,5.76172E-01,2.92969E-02
-1.0973978E+00,5.37109E-01,-9.76562E-03
-1.0973794E+00,5.76172E-01,6.83594E-02
-1.0973609E+00,5.37109E-01,-9.76562E-03
-1.0973424E+00,5.76172E-01,4.88281E-02
-1.0973239E+00,5.76172E-01,-2.92969E-02
-1.0973054E+00,4.98047E-01,2.92969E-02
-1.0972870E+00,5.76172E-01,9.76562E-03
-1.0972685E+00,5.56641E-01,8.78906E-02
-1.0972500E+00,5.76172E-01,4.88281E-02
-1.0972315E+00,5.17578E-01,2.92969E-02
-1.0972130E+00,4.98047E-01,9.76562E-03
-1.0971946E+00,5.56641E-01,2.92969E-02
-1.0971761E+00,5.17578E-01,4.88281E-02
-1.0971576E+00,5.56641E-01,4.88281E-02
-1.0971391E+00,5.56641E-01,9.76562E-03
-1.0971206E+00,5.56641E-01,1.46484E-01
-1.0971022E+00,5.56641E-01,4.88281E-02
-1.0970837E+00,4.98047E-01,1.26953E-01
-1.0970652E+00,5.56641E-01,-9.76562E-03
-1.0970467E+00,5.76172E-01,9.76562E-03
-1.0970282E+00,5.37109E-01,-9.76562E-03
-1.0970098E+00,5.17578E-01,8.78906E-02
-1.0969913E+00,5.56641E-01,9.76562E-03
-1.0969728E+00,6.34766E-01,2.92969E-02
-1.0969543E+00,4.98047E-01,9.76562E-03
-1.0969358E+00,5.37109E-01,6.83594E-02
-1.0969174E+00,4.98047E-01,4.88281E-02
-1.0968989E+00,5.17578E-01,6.83594E-02
-1.0968804E+00,5.37109E-01,4.88281E-02
-1.0968619E+00,5.17578E-01,6.83594E-02
-1.0968434E+00,5.17578E-01,2.92969E-02
-1.0968250E+00,4.98047E-01,1.07422E-01
-1.0968065E+00,5.17578E-01,4.88281E-02
-1.0967880E+00,5.76172E-01,6.83594E-02
-1.0967695E+00,5.37109E-01,2.92969E-02
-1.0967510E+00,5.17578E-01,9.76562E-03
-1.0967326E+00,4.98047E-01,9.76562E-03
-1.0967141E+00,5.76172E-01,6.83594E-02
-1.0966956E+00,6.15234E-01,2.92969E-02
-1.0966771E+00,4.58984E-01,4.88281E-02
-1.0966586E+00,5.56641E-01,2.92969E-02
-1.0966402E+00,4.78516E-01,6.83594E-02
-1.0966217E+00,5.76172E-01,2.92969E-02
-1.0966032E+00,5.37109E-01,8.78906E-02
-1.0965847E+00,5.56641E-01,9.76562E-03
-1.0965662E+00,5.76172E-01,2.92969E-02
-1.0965478E+00,4.78516E-01,2.92969E-02
-1.0965293E+00,5.76172E-01,4.88281E-02
-1.0965108E+00,5.95703E-01,4.88281E-02
-1.0964923E+00,5.17578E-01,6.83594E-02
-1.0964738E+00,5.37109E-01,9.76562E-03
-1.0964554E+00,6.15234E-01,4.88281E-02
-1.0964369E+00,5.56641E-01,-9.76562E-03
-1.0964184E+00,5.95703E-01,2.92969E-02
-1.0963999E+00,5.56641E-01,4.88281E-02
-1.0963814E+00,6.15234E-01,1.07422E-01
-1.0963630E+00,5.56641E-01,4.88281E-02
-1.0963445E+00,5.56641E-01,4.88281E-02
-1.0963260E+00,5.76172E-01,4.88281E-02
-1.0963075E+00,5.56641E-01,2.92969E-02
-1.0962890E+00,5.17578E-01,9.76562E-03
-1.0962706E+00,4.98047E-01,1.07422E-01
-1.0962521E+00,5.56641E-01,2.92969E-02
-1.0962336E+00,5.76172E-01,4.88281E-02
-1.0962151E+00,6.15234E-01,9.76562E-03
-1.0961966E+00,4.98047E-01,6.83594E-02
-1.0961782E+00,5.17578E-01,2.92969E-02
-1.0961597E+00,5.56641E-01,4.88281E-02
-1.0961412E+00,5.95703E-01,9.76562E-03
-1.0961227E+00,5.37109E-01,1.26953E-01
-1.0961042E+00,4.98047E-01,4.88281E-02
-1.0960858E+00,5.17578E-01,4.88281E-02
-1.0960673E+00,4.58984E-01,6.83594E-02
-1.0960488E+00,6.15234E-01,6.83594E-02
-1.0960303E+00,5.17578E-01,6.83594E-02
-1.0960118E+00,5.17578E-01,6.83594E-02
-1.0959934E+00,5.56641E-01,2.92969E-02
-1.0959749E+00,5.37109E-01,2.92969E-02
-1.0959564E+00,5.17578E-01,9.76562E-03
-1.0959379E+00,5.56641E-01,2.92969E-02
-1.0959194E+00,4.98047E-01,9.76562E-03
-1.0959010E+00,5.95703E-01,6.83594E-02
-1.0958825E+00,5.76172E-01,2.92969E-02
-1.0958640E+00,5.17578E-01,-9.76562E-03
-1.0958455E+00,5.17578E-01,2.92969E-02
-1.0958270E+00,5.76172E-01,2.92969E-02
-1.0958086E+00,5.56641E-01,-9.76562E-03
-1.0957901E+00,5.37109E-01,2.92969E-02
-1.0957716E+00,5.56641E-01,2.92969E-02
-1.0957531E+00,4.58984E-01,4.88281E-02
-1.0957346E+00,5.56641E-01,2.92969E-02
-1.0957162E+00,5.76172E-01,6.83594E-02
-1.0956977E+00,6.15234E-01,4.88281E-02
-1.0956792E+00,5.76172E-01,8.78906E-02
-1.0956607E+00,5.17578E-01,-2.92969E-02
-1.0956422E+00,5.17578E-01,8.78906E-02
-1.0956238E+00,5.17578E-01,9.76562E-03
-1.0956053E+00,5.56641E-01,2.92969E-02
-1.0955868E+00,5.76172E-01,-9.76562E-03
-1.0955683E+00,5.56641E-01,9.76562E-03
-1.0955498E+00,5.17578E-01,9.76562E-03
-1.0955314E+00,5.76172E-01,-4.88281E-02
-1.0955129E+00,4.78516E-01,9.76562E-03
-1.0954944E+00,6.15234E-01,6.83594E-02
-1.0954759E+00,5.95703E-01,9.76562E-03
-1.0954574E+00,5.56641E-01,4.88281E-02
-1.0954390E+00,5.56641E-01,2.92969E-02
-1.0954205E+00,5.56641E-01,6.83594E-02
-1.0954020E+00,5.95703E-01,6.83594E-02
-1.0953835E+00,5.76172E-01,2.92969E-02
-1.0953650E+00,4.98047E-01,4.88281E-02
-1.0953466E+00,5.95703E-01,6.83594E-02
-1.0953281E+00,5.17578E-01,4.88281E-02
-1.0953096E+00,5.56641E-01,6.83594E-02
-1.0952911E+00,5.56641E-01,2.92969E-02
-1.0952726E+00,5.95703E-01,2.92969E-02
-1.0952542E+00,5.17578E-01,-9.76562E-03
-1.0952357E+00,5.17578E-01,8.78906E-02
-1.0952172E+00,5.56641E-01,2.92969E-02
-1.0951987E+00,5.56641E-01,9.76562E-03
-1.0951802E+00,5.37109E-01,9.76562E-03
-1.0951618E+00,5.17578E-01,6.83594E-02
-1.0951433E+00,6.15234E-01,2.92969E-02
-1.0951248E+00,5.76172E-01,2.92969E-02
-1.0951063E+00,5.37109E-01,9.76562E-03
-1.0950878E+00,4.98047E-01,2.92969E-02
-1.0950694E+00,5.17578E-01,-9.76562E-03
-1.0950509E+00,4.98047E-01,9.76562E-03
-1.0950324E+00,5.56641E-01,4.88281E-02
-1.0950139E+00,5.56641E-01,9.76562E-03
-1.0949954E+00,5.56641E-01,9.76562E-03
-1.0949770E+00,5.76172E-01,2.92969E-02
-1.0949585E+00,6.15234E-01,9.76562E-03
-1.0949400E+00,5.95703E-01,9.76562E-03
-1.0949215E+00,5.56641E-01,-2.92969E-02
-1.0949030E+00,6.15234E-01,6.83594E-02
-1.0948846E+00,4.98047E-01,9.76562E-03
-1.0948661E+00,5.17578E-01,2.92969E-02
-1.0948476E+00,5.37109E-01,9.76562E-03
-1.0948291E+00,5.17578E-01,2.92969E-02
-1.0948106E+00,5.56641E-01,4.88281E-02
-1.0947922E+00,5.56641E-01,6.83594E-02
-1.0947737E+00,5.95703E-01,6.83594E-02
-1.0947552E+00,5.56641E-01,6.83594E-02
-1.0947367E+00,5.76172E-01,2.92969E-02
-1.0947182E+00,4.98047E-01,6.83594E-02
-1.0946998E+00,5.56641E-01,9.76562E-03
-1.0946813E+00,4.98047E-01,4.88281E-02
-1.0946628E+00,4.98047E-01,9.76562E-03
-1.0946443E+00,5.95703E-01,6.83594E-02
-1.0946258E+00,4.78516E-01,-2.92969E-02
-1.0946074E+00,5.95703E-01,6.83594E-02
-1.0945889E+00,5.17578E-01,6.83594E-02
-1.0945704E+00,5.56641E-01,2.92969E-02
-1.0945519E+00,4.98047E-01,-9.76562E-03
-1.0945334E+00,5.56641E-01,4.88281E-02
-1.0945150E+00,5.17578E-01,4.88281E-02
-1.0944965E+00,5.95703E-01,1.26953E-01
-1.0944780E+00,5.37109E-01,4.88281E-02
-1.0944595E+00,5.56641E-01,2.92969E-02
-1.0944410E+00,4.98047E-01,9.76562E-03
-1.0944226E+00,5.17578E-01,4.88281E-02
-1.0944041E+00,5.56641E-01,4.88281E-02
-1.0943856E+00,5.76172E-01,6.83594E-02
-1.0943671E+00,5.56641E-01,4.88281E-02
-1.0943486E+00,6.15234E-01,2.92969E-02
-1.0943302E+00,4.98047E-01,4.88281E-02
-1.0943117E+00,5.95703E-01,8.78906E-02
-1.0942932E+00,5.56641E-01,9.76562E-03
-1.0942747E+00,5.37109E-01,2.92969E-02
-1.0942562E+00,5.17578E-01,2.92969E-02
-1.0942378E+00,5.17578E-01,4.88281E-02
-1.0942193E+00,5.56641E-01,-9.76562E-03
-1.0942008E+00,5.37109E-01,2.92969E-02
-1.0941823E+00,5.37109E-01,9.76562E-03
-1.0941638E+00,4.98047E-01,2.92969E-02
-1.0941454E+00,5.56641E-01,9.76562E-03
-1.0941269E+00,5.95703E-01,4.88281E-02
-1.0941084E+00,5.76172E-01,-9.76562E-03
-1.0940899E+00,5.56641E-01,6.83594E-02
-1.0940714E+00,5.56641E-01,-2.92969E-02
-1.0940530E+00,5.56641E-01,8.78906E-02
-1.0940345E+00,5.56641E-01,2.92969E-02
-1.0940160E+00,5.76172E-01,2.92969E-02
-1.0939975E+00,4.98047E-01,-2.92969E-02
-1.0939790E+00,4.98047E-01,9.76562E-03
-1.0939606E+00,5.37109E-01,2.92969E-02
-1.0939421E+00,4.98047E-01,6.83594E-02
-1.0939236E+00,5.76172E-01,4.88281E-02
-1.0939051E+00,5.76172E-01,2.92969E-02
-1.0938866E+00,5.17578E-01,6.83594E-02
-1.0938682E+00,5.76172E-01,9.76562E-03
-1.0938497E+00,6.15234E-01,6.83594E-02
-1.0938312E+00,5.17578E-01,-2.92969E-02
-1.0938127E+00,5.17578E-01,2.92969E-02
-1.0937942E+00,5.37109E-01,4.88281E-02
-1.0937758E+00,5.95703E-01,9.76562E-03
-1.0937573E+00,5.17578E-01,2.92969E-02
-1.0937388E+00,5.17578E-01,9.76562E-03
-1.0937203E+00,5.37109E-01,2.92969E-02
-1.0937018E+00,5.56641E-01,2.92969E-02
-1.0936834E+00,5.37109E-01,2.92969E-02
-1.0936649E+00,5.56641E-01,4.88281E-02
-1.0936464E+00,5.76172E-01,2.92969E-02
-1.0936279E+00,5.95703E-01,2.92969E-02
-1.0936094E+00,5.76172E-01,2.92969E-02
-1.0935910E+00,5.56641E-01,9.76562E-03
-1.0935725E+00,5.17578E-01,2.92969E-02
-1.0935540E+00,5.37109E-01,-9.76562E-03
-1.0935355E+00,5.37109E-01,6.83594E-02
-1.0935170E+00,5.56641E-01,2.92969E-02
-1.0934986E+00,5.37109E-01,4.88281E-02
-1.0934801E+00,5.95703E-01,6.83594E-02
-1.0934616E+00,5.76172E-01,8.78906E-02
-1.0934431E+00,5.76172E-01,2.92969E-02
-1.0934246E+00,5.17578E-01,4.88281E-02
-1.0934062E+00,5.95703E-01,-2.92969E-02
-1.0933877E+00,4.58984E-01,6.83594E-02
-1.0933692E+00,5.56641E-01,4.88281E-02
-1.0933507E+00,5.95703E-01,6.83594E-02
-1.0933322E+00,5.37109E-01,4.88281E-02
-1.0933138E+00,5.37109E-01,-2.92969E-02
-1.0932953E+00,5.37109E-01,1.07422E-01
-1.0932768E+00,5.95703E-01,2.92969E-02
-1.0932583E+00,5.95703E-01,4.88281E-02
-1.0932398E+00,5.76172E-01,4.88281E-02
-1.0932214E+00,5.56641E-01,2.92969E-02
-1.0932029E+00,5.37109E-01,4.88281E-02
-1.0931844E+00,5.76172E-01,2.92969E-02
-1.0931659E+00,4.98047E-01,6.83594E-02
-1.0931474E+00,5.95703E-01,4.88281E-02
-1.0931290E+00,5.76172E-01,2.92969E-02
-1.0931105E+00,5.17578E-01,6.83594E-02
-1.0930920E+00,5.76172E-01,6.83594E-02
-1.0930735E+00,5.76172E-01,9.76562E-03
-1.0930550E+00,4.98047E-01,9.76562E-03
-1.0930366E+00,5.17578E-01,6.83594E-02
-1.0930181E+00,5.17578E-01,-9.76562E-03
-1.0929996E+00,5.37109E-01,9.76562E-03
-1.0929811E+00,4.58984E-01,6.83594E-02
-1.0929626E+00,5.56641E-01,9.76562E-03
-1.0929442E+00,5.95703E-01,4.88281E-02
-1.0929257E+00,5.56641E-01,4.88281E-02
-1.0929072E+00,5.76172E-01,8.78906E-02
-1.0928887E+00,5.17578E-01,2.92969E-02
-1.0928702E+00,4.98047E-01,4.88281E-02
-1.0928518E+00,5.17578E-01,9.76562E-03
-1.0928333E+00,4.98047E-01,4.88281E-02
-1.0928148E+00,5.76172E-01,4.88281E-02
-1.0927963E+00,5.17578E-01,4.88281E-02
-1.0927778E+00,5.17578E-01,-9.76562E-03
-1.0927594E+00,5.56641E-01,2.92969E-02
-1.0927409E+00,5.95703E-01,4.88281E-02
-1.0927224E+00,5.37109E-01,8.78906E-02
-1.0927039E+00,5.56641E-01,4.88281E-02
-1.0926854E+00,5.17578E-01,4.88281E-02
-1.0926670E+00,5.17578E-01,-2.92969E-02
-1.0926485E+00,5.95703E-01,2.92969E-02
-1.0926300E+00,5.76172E-01,9.76562E-03
-1.0926115E+00,5.37109E-01,1.26953E-01
-1.0925930E+00,5.37109E-01,6.83594E-02
-1.0925746E+00,5.56641E-01,2.92969E-02
-1.0925561E+00,5.56641E-01,-2.92969E-02
-1.0925376E+00,5.56641E-01,6.83594E-02
-1.0925191E+00,5.37109E-01,9.76562E-03
-1.0925006E+00,5.37109E-01,6.83594E-02
-1.0924822E+00,6.15234E-01,4.88281E-02
-1.0924637E+00,5.76172E-01,6.83594E-02
-1.0924452E+00,5.56641E-01,-9.76562E-03
-1.0924267E+00,5.37109E-01,4.88281E-02
-1.0924082E+00,5.37109E-01,9.76562E-03
-1.0923898E+00,5.95703E-01,4.88281E-02
-1.0923713E+00,5.56641E-01,-9.76562E-03
-1.0923528E+00,5.37109E-01,6.83594E-02
-1.0923343E+00,5.56641E-01,-2.92969E-02
-1.0923158E+00,5.37109E-01,4.88281E-02
-1.0922974E+00,5.37109E-01,-9.76562E-03
-1.0922789E+00,5.56641E-01,9.76562E-03
-1.0922604E+00,5.17578E-01,9.76562E-03
-1.0922419E+00,5.56641E-01,6.83594E-02
-1.0922234E+00,5.37109E-01,6.83594E-02
-1.0922050E+00,4.98047E-01,4.88281E-02
-1.0921865E+00,5.37109E-01,6.83594E-02
-1.0921680E+00,6.15234E-01,9.76562E-03
-1.0921495E+00,5.76172E-01,2.92969E-02
-1.0921310E+00,5.56641E-01,6.83594E-02
-1.0921126E+00,5.56641E-01,6.83594E-02
-1.0920941E+00,5.56641E-01,4.88281E-02
-1.0920756E+00,5.95703E-01,2.92969E-02
-1.0920571E+00,5.17578E-01,4.88281E-02
-1.0920386E+00,5.56641E-01,-9.76562E-03
-1.0920202E+00,5.56641E-01,2.92969E-02
-1.0920017E+00,5.76172E-01,-9.76562E-03
-1.0919832E+00,5.17578E-01,6.83594E-02
-1.0919647E+00,5.56641E-01,9.76562E-03
-1.0919462E+00,6.15234E-01,2.92969E-02
-1.0919278E+00,5.37109E-01,2.92969E-02
-1.0919093E+00,5.56641E-01,4.88281E-02
-1.0918908E+00,5.76172E-01,2.92969E-02
-1.0918723E+00,5.37109E-01,2.92969E-02
-1.0918538E+00,5.17578E-01,2.92969E-02
-1.0918354E+00,5.76172E-01,4.88281E-02
-1.0918169E+00,5.76172E-01,9.76562E-03
-1.0917984E+00,4.98047E-01,4.88281E-02
-1.0917799E+00,5.56641E-01,9.76562E-03
-1.0917614E+00,5.37109E-01,6.83594E-02
-1.0917430E+00,5.17578E-01,4.88281E-02
-1.0917245E+00,5.56641E-01,2.92969E-02
-1.0917060E+00,5.56641E-01,9.76562E-03
-1.0916875E+00,5.37109E-01,6.83594E-02
-1.0916690E+00,5.76172E-01,4.88281E-02
-1.0916506E+00,5.76172E-01,6.83594E-02
-1.0916321E+00,5.95703E-01,4.88281E-02
-1.0916136E+00,5.95703E-01,9.76562E-03
-1.0915951E+00,6.15234E-01,9.76562E-03
-1.0915766E+00,5.76172E-01,6.83594E-02
-1.0915582E+00,5.76172E-01,4.88281E-02
-1.0915397E+00,5.56641E-01,6.83594E-02
-1.0915212E+00,5.76172E-01,-2.92969E-02
-1.0915027E+00,5.95703E-01,-2.92969E-02
-1.0914842E+00,5.56641E-01,-9.76562E-03
-1.0914658E+00,6.34766E-01,9.76562E-03
-1.0914473E+00,5.76172E-01,6.83594E-02
-1.0914288E+00,5.76172E-01,8.78906E-02
-1.0914103E+00,6.15234E-01,4.88281E-02
-1.0913918E+00,5.56641E-01,4.88281E-02
-1.0913734E+00,5.56641E-01,9.76562E-03
-1.0913549E+00,5.56641E-01,6.83594E-02
-1.0913364E+00,5.37109E-01,9.76562E-03
-1.0913179E+00,5.95703E-01,2.92969E-02
-1.0912994E+00,5.56641E-01,9.76562E-03
-1.0912810E+00,5.56641E-01,6.83594E-02
-1.0912625E+00,5.17578E-01,9.76562E-03
-1.0912440E+00,5.37109E-01,1.26953E-01
-1.0912255E+00,6.15234E-01,-9.76562E-03
-1.0912070E+00,5.76172E-01,4.88281E-02
-1.0911886E+00,5.76172E-01,6.83594E-02
-1.0911701E+00,6.93359E-01,2.92969E-02
-1.0911516E+00,5.37109E-01,2.92969E-02
-1.0911331E+00,6.15234E-01,-4.88281E-02
-1.0911146E+00,5.17578E-01,2.92969E-02
-1.0910962E+00,4.58984E-01,2.92969E-02
-1.0910777E+00,4.98047E-01,2.92969E-02
-1.0910592E+00,5.56641E-01,9.76562E-03
-1.0910407E+00,5.56641E-01,4.88281E-02
-1.0910222E+00,5.56641E-01,-4.88281E-02
-1.0910038E+00,5.76172E-01,4.88281E-02
-1.0909853E+00,5.56641E-01,4.88281E-02
-1.0909668E+00,4.78516E-01,4.88281E-02
-1.0909483E+00,5.95703E-01,2.92969E-02
-1.0909298E+00,5.56641E-01,2.92969E-02
-1.0909114E+00,5.76172E-01,2.92969E-02
-1.0908929E+00,5.76172E-01,4.88281E-02
-1.0908744E+00,5.37109E-01,4.88281E-02
-1.0908559E+00,6.15234E-01,2.92969E-02
-1.0908374E+00,5.76172E-01,9.76562E-03
-1.0908190E+00,5.76172E-01,4.88281E-02
-1.0908005E+00,5.95703E-01,4.88281E-02
-1.0907820E+00,4.98047E-01,6.83594E-02
-1.0907635E+00,5.76172E-01,9.76562E-03
-1.0907450E+00,6.15234E-01,2.92969E-02
-1.0907266E+00,6.15234E-01,9.76562E-03
-1.0907081E+00,5.56641E-01,-9.76562E-03
-1.0906896E+00,5.56641E-01,9.76562E-03
-1.0906711E+00,5.95703E-01,2.92969E-02
-1.0906526E+00,5.95703E-01,4.88281E-02
-1.0906342E+00,5.76172E-01,9.76562E-03
-1.0906157E+00,6.15234E-01,6.83594E-02
-1.0905972E+00,5.56641E-01,2.92969E-02
-1.0905787E+00,5.17578E-01,6.83594E-02
-1.0905602E+00,6.15234E-01,9.76562E-03
-1.0905418E+00,5.37109E-01,9.76562E-03
-1.0905233E+00,5.95703E-01,-4.88281E-02
-1.0905048E+00,5.56641E-01,6.83594E-02
-1.0904863E+00,5.76172E-01,9.76562E-03
-1.0904678E+00,6.34766E-01,4.88281E-02
-1.0904494E+00,5.37109E-01,-2.92969E-02
-1.0904309E+00,5.95703E-01,4.88281E-02
-1.0904124E+00,6.15234E-01,2.92969E-02
-1.0903939E+00,6.34766E-01,1.07422E-01
-1.0903754E+00,5.37109E-01,9.76562E-03
-1.0903570E+00,6.34766E-01,2.92969E-02
-1.0903385E+00,5.37109E-01,-9.76562E-03
-1.0903200E+00,6.15234E-01,4.88281E-02
-1.0903015E+00,5.37109E-01,9.76562E-03
-1.0902830E+00,5.56641E-01,4.88281E-02
-1.0902646E+00,5.56641E-01,4.88281E-02
-1.0902461E+00,6.15234E-01,4.88281E-02
-1.0902276E+00,5.17578E-01,2.92969E-02
-1.0902091E+00,5.76172E-01,1.07422E-01
-1.0901906E+00,5.95703E-01,2.92969E-02
-1.0901722E+00,5.56641E-01,6.83594E-02
-1.0901537E+00,5.37109E-01,2.92969E-02
-1.0901352E+00,5.37109E-01,2.92969E-02
-1.0901167E+00,5.76172E-01,9.76562E-03
-1.0900982E+00,5.76172E-01,4.88281E-02
-1.0900798E+00,5.95703E-01,9.76562E-03
-1.0900613E+00,6.54297E-01,4.88281E-02
-1.0900428E+00,5.56641E-01,9.76562E-03
-1.0900243E+00,6.15234E-01,6.83594E-02
-1.0900058E+00,5.56641E-01,4.88281E-02
-1.0899874E+00,5.37109E-01,4.88281E-02
-1.0899689E+00,5.76172E-01,2.92969E-02
-1.0899504E+00,5.95703E-01,6.83594E-02
-1.0899319E+00,5.37109E-01,2.92969E-02
-1.0899134E+00,5.37109E-01,4.88281E-02
-1.0898950E+00,5.56641E-01,9.76562E-03
-1.0898765E+00,5.95703E-01,9.76562E-03
-1.0898580E+00,6.54297E-01,2.92969E-02
-1.0898395E+00,5.76172E-01,9.76562E-03
-1.0898210E+00,5.76172E-01,9.76562E-03
-1.0898026E+00,5.56641E-01,4.88281E-02
-1.0897841E+00,5.76172E-01,-2.92969E-02
-1.0897656E+00,6.15234E-01,6.83594E-02
-1.0897471E+00,5.76172E-01,8.78906E-02
-1.0897286E+00,5.56641E-01,2.92969E-02
-1.0897102E+00,5.76172E-01,9.76562E-03
-1.0896917E+00,5.76172E-01,-6.83594E-02
-1.0896732E+00,6.34766E-01,-9.76562E-03
-1.0896547E+00,5.17578E-01,8.78906E-02
-1.0896362E+00,5.76172E-01,-2.92969E-02
-1.0896178E+00,5.56641E-01,4.88281E-02
-1.0895993E+00,5.76172E-01,4.88281E-02
-1.0895808E+00,5.76172E-01,-9.76562E-03
-1.0895623E+00,5.95703E-01,9.76562E-03
-1.0895438E+00,5.56641E-01,1.07422E-01
-1.0895254E+00,5.76172E-01,8.78906E-02
-1.0895069E+00,5.37109E-01,1.07422E-01
-1.0894884E+00,5.56641E-01,4.88281E-02
-1.0894699E+00,5.17578E-01,2.92969E-02
-1.0894514E+00,5.56641E-01,4.88281E-02
-1.0894330E+00,5.37109E-01,2.92969E-02
-1.0894145E+00,5.56641E-01,9.76562E-03
-1.0893960E+00,4.98047E-01,8.78906E-02
-1.0893775E+00,5.17578E-01,2.92969E-02
-1.0893590E+00,4.58984E-01,4.88281E-02
-1.0893406E+00,6.73828E-01,6.83594E-02
-1.0893221E+00,6.34766E-01,9.76562E-03
-1.0893036E+00,5.76172E-01,2.92969E-02
-1.0892851E+00,5.17578E-01,4.88281E-02
-1.0892666E+00,5.37109E-01,9.76562E-03
-1.0892482E+00,5.56641E-01,8.78906E-02
-1.0892297E+00,6.54297E-01,-6.83594E-02
-1.0892112E+00,5.76172E-01,2.92969E-02
-1.0891927E+00,5.95703E-01,2.92969E-02
-1.0891742E+00,5.76172E-01,8.78906E-02
-1.0891558E+00,5.56641E-01,-9.76562E-03
-1.0891373E+00,4.78516E-01,6.83594E-02
-1.0891188E+00,5.76172E-01,9.76562E-03
-1.0891003E+00,6.15234E-01,4.88281E-02
-1.0890818E+00,5.37109E-01,1.07422E-01
-1.0890634E+00,5.95703E-01,9.76562E-03
-1.0890449E+00,5.95703E-01,-9.76562E-03
-1.0890264E+00,5.76172E-01,9.76562E-03
-1.0890079E+00,5.56641E-01,9.76562E-03
-1.0889894E+00,5.95703E-01,2.92969E-02
-1.0889710E+00,5.95703E-01,6.83594E-02
-1.0889525E+00,5.76172E-01,4.88281E-02
-1.0889340E+00,5.56641E-01,9.76562E-03
-1.0889155E+00,4.98047E-01,4.88281E-02
-1.0888970E+00,5.37109E-01,9.76562E-03
-1.0888786E+00,5.95703E-01,4.88281E-02
-1.0888601E+00,5.95703E-01,6.83594E-02
-1.0888416E+00,6.34766E-01,6.83594E-02
-1.0888231E+00,5.76172E-01,9.76562E-03
-1.0888046E+00,5.76172E-01,2.92969E-02
-1.0887862E+00,5.76172E-01,2.92969E-02
-1.0887677E+00,5.56641E-01,9.76562E-03
-1.0887492E+00,5.37109E-01,-2.92969E-02
-1.0887307E+00,5.76172E-01,6.83594E-02
-1.0887122E+00,4.78516E-01,4.88281E-02
-1.0886938E+00,5.37109E-01,4.88281E-02
-1.0886753E+00,5.56641E-01,-9.76562E-03
-1.0886568E+00,5.76172E-01,2.92969E-02
-1.0886383E+00,5.37109E-01,6.83594E-02
-1.0886198E+00,5.95703E-01,8.78906E-02
-1.0886014E+00,5.56641E-01,9.76562E-03
-1.0885829E+00,4.78516E-01,6.83594E-02
-1.0885644E+00,5.76172E-01,9.76562E-03
-1.0885459E+00,5.95703E-01,9.76562E-03
-1.0885274E+00,5.56641E-01,4.88281E-02
-1.0885090E+00,5.76172E-01,8.78906E-02
-1.0884905E+00,5.56641E-01,2.92969E-02
-1.0884720E+00,5.95703E-01,6.83594E-02
-1.0884535E+00,5.95703E-01,6.83594E-02
-1.0884350E+00,4.98047E-01,4.88281E-02
-1.0884166E+00,5.76172E-01,4.88281E-02
-1.0883981E+00,4.98047E-01,2.92969E-02
-1.0883796E+00,5.56641E-01,-9.76562E-03
-1.0883611E+00,5.56641E-01,2.92969E-02
-1.0883426E+00,5.95703E-01,2.92969E-02
-1.0883242E+00,5.76172E-01,6.83594E-02
-1.0883057E+00,5.76172E-01,2.92969E-02
-1.0882872E+00,5.76172E-01,4.88281E-02
-1.0882687E+00,5.95703E-01,-9.76562E-03
-1.0882502E+00,5.76172E-01,6.83594E-02
-1.0882318E+00,5.37109E-01,9.76562E-03
-1.0882133E+00,5.76172E-01,-2.92969E-02
-1.0881948E+00,5.76172E-01,4.88281E-02
-1.0881763E+00,5.17578E-01,-9.76562E-03
-1.0881578E+00,5.95703E-01,9.76562E-03
-1.0881394E+00,6.15234E-01,4.88281E-02
-1.0881209E+00,5.95703E-01,4.88281E-02
-1.0881024E+00,5.76172E-01,4.88281E-02
-1.0880839E+00,5.37109E-01,2.92969E-02
-1.0880654E+00,5.37109E-01,4.88281E-02
-1.0880470E+00,5.56641E-01,2.92969E-02
-1.0880285E+00,5.56641E-01,8.78906E-02
-1.0880100E+00,6.73828E-01,4.88281E-02
-1.0879915E+00,5.56641E-01,4.88281E-02
-1.0879730E+00,5.95703E-01,2.92969E-02
-1.0879546E+00,5.37109E-01,4.88281E-02
-1.0879361E+00,5.95703E-01,4.88281E-02
-1.0879176E+00,5.95703E-01,2.92969E-02
-1.0878991E+00,5.56641E-01,9.76562E-03
-1.0878806E+00,5.76172E-01,8.78906E-02
-1.0878622E+00,5.76172E-01,9.76562E-03
-1.0878437E+00,5.76172E-01,4.88281E-02
-1.0878252E+00,5.76172E-01,9.76562E-03
-1.0878067E+00,5.37109E-01,4.88281E-02
-1.0877882E+00,5.76172E-01,9.76562E-03
-1.0877698E+00,5.76172E-01,1.07422E-01
-1.0877513E+00,5.76172E-01,2.92969E-02
-1.0877328E+00,4.98047E-01,2.92969E-02
-1.0877143E+00,5.56641E-01,6.83594E-02
-1.0876958E+00,5.56641E-01,2.92969E-02
-1.0876774E+00,5.76172E-01,9.76562E-03
-1.0876589E+00,5.17578E-01,2.92969E-02
-1.0876404E+00,6.34766E-01,2.92969E-02
-1.0876219E+00,5.56641E-01,6.83594E-02
-1.0876034E+00,5.37109E-01,-2.92969E-02
-1.0875850E+00,6.34766E-01,9.76562E-03
-1.0875665E+00,5.76172E-01,2.92969E-02
-1.0875480E+00,6.34766E-01,6.83594E-02
-1.0875295E+00,5.76172E-01,9.76562E-03
-1.0875110E+00,5.76172E-01,2.92969E-02
-1.0874926E+00,5.56641E-01,4.88281E-02
-1.0874741E+00,6.34766E-01,6.83594E-02
-1.0874556E+00,5.56641E-01,4.88281E-02
-1.0874371E+00,6.34766E-01,2.92969E-02
-1.0874186E+00,4.78516E-01,-9.76562E-03
-1.0874002E+00,5.37109E-01,6.83594E-02
-1.0873817E+00,5.37109E-01,9.76562E-03
-1.0873632E+00,5.95703E-01,6.83594E-02
-1.0873447E+00,6.15234E-01,-9.76562E-03
-1.0873262E+00,5.56641E-01,2.92969E-02
-1.0873078E+00,5.95703E-01,-9.76562E-03
-1.0872893E+00,5.76172E-01,6.83594E-02
-1.0872708E+00,5.76172E-01,2.92969E-02
-1.0872523E+00,5.76172E-01,-9.76562E-03
-1.0872338E+00,5.76172E-01,6.83594E-02
-1.0872154E+00,5.56641E-01,4.88281E-02
-1.0871969E+00,5.95703E-01,-9.76562E-03
-1.0871784E+00,5.37109E-01,4.88281E-02
-1.0871599E+00,5.37109E-01,2.92969E-02
-1.0871414E+00,5.56641E-01,4.88281E-02
-1.0871230E+00,4.98047E-01,2.92969E-02
-1.0871045E+00,5.56641E-01,-9.76562E-03
-1.0870860E+00,4.98047E-01,9.76562E-03
-1.0870675E+00,5.76172E-01,6.83594E-02
-1.0870490E+00,5.56641E-01,9.76562E-03
-1.0870306E+00,5.56641E-01,9.76562E-03
-1.0870121E+00,6.34766E-01,-9.76562E-03
-1.0869936E+00,5.76172E-01,2.92969E-02
-1.0869751E+00,5.56641E-01,-9.76562E-03
-1.0869566E+00,6.15234E-01,2.92969E-02
-1.0869382E+00,5.76172E-01,9.76562E-03
-1.0869197E+00,4.98047E-01,6.83594E-02
-1.0869012E+00,5.95703E-01,2.92969E-02
-1.0868827E+00,5.17578E-01,2.92969E-02
-1.0868642E+00,5.76172E-01,-9.76562E-03
-1.0868458E+00,5.56641E-01,-2.92969E-02
-1.0868273E+00,5.95703E-01,6.83594E-02
-1.0868088E+00,5.56641E-01,4.88281E-02
-1.0867903E+00,6.15234E-01,9.76562E-03
-1.0867718E+00,5.95703E-01,2.92969E-02
-1.0867534E+00,6.34766E-01,-9.76562E-03
-1.0867349E+00,5.56641E-01,9.76562E-03
-1.0867164E+00,6.34766E-01,4.88281E-02
-1.0866979E+00,4.98047E-01,4.88281E-02
-1.0866794E+00,5.76172E-01,9.76562E-03
-1.0866610E+00,5.95703E-01,-4.88281E-02
-1.0866425E+00,6.15234E-01,2.92969E-02
-1.0866240E+00,5.95703E-01,6.83594E-02
-1.0866055E+00,5.37109E-01,9.76562E-03
-1.0865870E+00,6.34766E-01,6.83594E-02
-1.0865686E+00,6.54297E-01,2.92969E-02
-1.0865501E+00,6.34766E-01,4.88281E-02
-1.0865316E+00,5.56641E-01,-9.76562E-03
-1.0865131E+00,5.76172E-01,4.88281E-02
-1.0864946E+00,5.76172E-01,2.92969E-02
-1.0864762E+00,5.76172E-01,8.78906E-02
-1.0864577E+00,5.56641E-01,9.76562E-03
-1.0864392E+00,5.95703E-01,4.88281E-02
-1.0864207E+00,5.95703E-01,8.78906E-02
-1.0864022E+00,5.56641E-01,9.76562E-03
-1.0863838E+00,6.54297E-01,4.88281E-02
-1.0863653E+00,5.76172E-01,2.92969E-02
-1.0863468E+00,6.34766E-01,4.88281E-02
-1.0863283E+00,5.56641E-01,4.88281E-02
-1.0863098E+00,5.95703E-01,-9.76562E-03
-1.0862914E+00,5.37109E-01,4.88281E-02
-1.0862729E+00,5.17578E-01,-9.76562E-03
-1.0862544E+00,5.37109E-01,8.78906E-02
-1.0862359E+00,6.34766E-01,9.76562E-03
-1.0862174E+00,6.15234E-01,9.76562E-03
-1.0861990E+00,5.76172E-01,2.92969E-02
-1.0861805E+00,5.76172E-01,6.83594E-02
-1.0861620E+00,5.56641E-01,2.92969E-02
-1.0861435E+00,6.15234E-01,1.07422E-01
-1.0861250E+00,5.56641E-01,2.92969E-02
-1.0861066E+00,5.76172E-01,2.92969E-02
-1.0860881E+00,5.56641E-01,9.76562E-03
-1.0860696E+00,5.76172E-01,4.88281E-02
-1.0860511E+00,5.76172E-01,2.92969E-02
-1.0860326E+00,5.37109E-01,6.83594E-02
-1.0860142E+00,6.34766E-01,2.92969E-02
-1.0859957E+00,6.15234E-01,2.92969E-02
-1.0859772E+00,5.76172E-01,9.76562E-03
-1.0859587E+00,5.56641E-01,6.83594E-02
-1.0859402E+00,6.34766E-01,6.83594E-02
-1.0859218E+00,5.37109E-01,2.92969E-02
-1.0859033E+00,5.76172E-01,9.76562E-03
-1.0858848E+00,6.15234E-01,8.78906E-02
-1.0858663E+00,6.34766E-01,2.92969E-02
-1.0858478E+00,5.17578E-01,6.83594E-02
-1.0858294E+00,6.34766E-01,-2.92969E-02
-1.0858109E+00,5.76172E-01,6.83594E-02
-1.0857924E+00,5.76172E-01,-2.92969E-02
-1.0857739E+00,5.17578E-01,2.92969E-02
-1.0857554E+00,5.37109E-01,4.88281E-02
-1.0857370E+00,5.37109E-01,9.76562E-03
-1.0857185E+00,5.95703E-01,2.92969E-02
-1.0857000E+00,5.76172E-01,4.88281E-02
-1.0856815E+00,5.17578E-01,2.92969E-02
-1.0856630E+00,5.56641E-01,4.88281E-02
-1.0856446E+00,6.15234E-01,4.88281E-02
-1.0856261E+00,6.34766E-01,8.78906E-02
-1.0856076E+00,5.76172E-01,4.88281E-02
-1.0855891E+00,5.56641E-01,6.83594E-02
-1.0855706E+00,6.34766E-01,4.88281E-02
-1.0855522E+00,5.76172E-01,6.83594E-02
-1.0855337E+00,5.76172E-01,4.88281E-02
-1.0855152E+00,5.76172E-01,4.88281E-02
-1.0854967E+00,5.95703E-01,4.88281E-02
-1.0854782E+00,5.17578E-01,2.92969E-02
-1.0854598E+00,6.15234E-01,6.83594E-02
-1.0854413E+00,5.76172E-01,-2.92969E-02
-1.0854228E+00,5.37109E-01,9.76562E-03
-1.0854043E+00,5.95703E-01,-4.88281E-02
-1.0853858E+00,5.56641E-01,2.92969E-02
-1.0853674E+00,4.98047E-01,6.83594E-02
-1.0853489E+00,5.95703E-01,9.76562E-03
-1.0853304E+00,5.76172E-01,4.88281E-02
-1.0853119E+00,6.15234E-01,9.76562E-03
-1.0852934E+00,6.34766E-01,9.76562E-03
-1.0852750E+00,5.56641E-01,8.78906E-02
-1.0852565E+00,5.76172E-01,6.83594E-02
-1.0852380E+00,5.17578E-01,9.76562E-03
-1.0852195E+00,5.56641E-01,8.78906E-02
-1.0852010E+00,5.76172E-01,4.88281E-02
-1.0851826E+00,6.15234E-01,4.88281E-02
-1.0851641E+00,6.34766E-01,2.92969E-02
-1.0851456E+00,5.56641E-01,4.88281E-02
-1.0851271E+00,5.37109E-01,-6.83594E-02
-1.0851086E+00,5.17578E-01,2.92969E-02
-1.0850902E+00,5.37109E-01,4.88281E-02
-1.0850717E+00,5.37109E-01,-9.76562E-03
-1.0850532E+00,5.56641E-01,-2.92969E-02
-1.0850347E+00,5.17578E-01,6.83594E-02
-1.0850162E+00,5.76172E-01,4.88281E-02
-1.0849978E+00,5.76172E-01,-4.88281E-02
-1.0849793E+00,5.76172E-01,2.92969E-02
-1.0849608E+00,5.76172E-01,4.88281E-02
-1.0849423E+00,5.56641E-01,9.76562E-03
-1.0849238E+00,5.37109E-01,9.76562E-03
-1.0849054E+00,6.15234E-01,9.76562E-03
-1.0848869E+00,6.15234E-01,2.92969E-02
-1.0848684E+00,6.15234E-01,4.88281E-02
-1.0848499E+00,6.34766E-01,4.88281E-02
-1.0848314E+00,5.76172E-01,-4.88281E-02
-1.0848130E+00,4.98047E-01,4.88281E-02
-1.0847945E+00,5.37109E-01,6.83594E-02
-1.0847760E+00,5.37109E-01,2.92969E-02
-1.0847575E+00,5.95703E-01,9.76562E-03
-1.0847390E+00,5.17578E-01,-9.76562E-03
-1.0847206E+00,6.15234E-01,2.92969E-02
-1.0847021E+00,5.37109E-01,2.92969E-02
-1.0846836E+00,5.37109E-01,4.88281E-02
-1.0846651E+00,5.95703E-01,9.76562E-03
-1.0846466E+00,5.37109E-01,9.76562E-03
-1.0846282E+00,5.76172E-01,6.83594E-02
-1.0846097E+00,6.15234E-01,-9.76562E-03
-1.0845912E+00,5.76172E-01,4.88281E-02
-1.0845727E+00,5.95703E-01,2.92969E-02
-1.0845542E+00,5.76172E-01,9.76562E-03
-1.0845358E+00,5.56641E-01,4.88281E-02
-1.0845173E+00,6.15234E-01,1.07422E-01
-1.0844988E+00,6.34766E-01,-2.92969E-02
-1.0844803E+00,5.37109E-01,4.88281E-02
-1.0844618E+00,5.76172E-01,-4.88281E-02
-1.0844434E+00,5.56641E-01,6.83594E-02
-1.0844249E+00,5.76172E-01,2.92969E-02
-1.0844064E+00,6.34766E-01,8.78906E-02
-1.0843879E+00,6.54297E-01,4.88281E-02
-1.0843694E+00,6.15234E-01,4.88281E-02
-1.0843510E+00,5.56641E-01,-9.76562E-03
-1.0843325E+00,5.76172E-01,4.88281E-02
-1.0843140E+00,5.76172E-01,9.76562E-03
-1.0842955E+00,5.56641E-01,2.92969E-02
-1.0842770E+00,5.95703E-01,9.76562E-03
-1.0842586E+00,5.95703E-01,4.88281E-02
-1.0842401E+00,6.15234E-01,6.83594E-02
-1.0842216E+00,5.76172E-01,2.92969E-02
-1.0842031E+00,5.76172E-01,2.92969E-02
-1.0841846E+00,5.56641E-01,-9.76562E-03
-1.0841662E+00,5.95703E-01,-9.76562E-03
-1.0841477E+00,6.34766E-01,8.78906E-02
-1.0841292E+00,5.95703E-01,6.83594E-02
-1.0841107E+00,5.76172E-01,4.88281E-02
-1.0840922E+00,5.76172E-01,9.76562E-03
-1.0840738E+00,5.56641E-01,2.92969E-02
-1.0840553E+00,5.76172E-01,4.88281E-02
-1.0840368E+00,5.56641E-01,2.92969E-02
-1.0840183E+00,5.56641E-01,6.83594E-02
-1.0839998E+00,5.76172E-01,1.85547E-01
-1.0839814E+00,5.95703E-01,9.76562E-03
-1.0839629E+00,6.15234E-01,1.07422E-01
-1.0839444E+00,5.76172E-01,-9.76562E-03
-1.0839259E+00,5.76172E-01,1.26953E-01
-1.0839074E+00,5.76172E-01,4.88281E-02
-1.0838890E+00,5.95703E-01,2.92969E-02
-1.0838705E+00,6.54297E-01,4.88281E-02
-1.0838520E+00,5.56641E-01,2.92969E-02
-1.0838335E+00,6.15234E-01,2.92969E-02
-1.0838150E+00,6.15234E-01,9.76562E-03
-1.0837966E+00,6.15234E-01,4.88281E-02
-1.0837781E+00,5.76172E-01,2.92969E-02
-1.0837596E+00,6.15234E-01,9.76562E-03
-1.0837411E+00,5.76172E-01,2.92969E-02
-1.0837226E+00,6.34766E-01,2.92969E-02
-1.0837042E+00,6.34766E-01,4.88281E-02
-1.0836857E+00,6.15234E-01,4.88281E-02
-1.0836672E+00,5.17578E-01,6.83594E-02
-1.0836487E+00,5.95703E-01,9.76562E-03
-1.0836302E+00,5.76172E-01,1.07422E-01
-1.0836118E+00,5.56641E-01,9.76562E-03
-1.0835933E+00,6.34766E-01,9.76562E-03
-1.0835748E+00,6.15234E-01,9.76562E-03
-1.0835563E+00,5.56641E-01,4.88281E-02
-1.0835378E+00,5.56641E-01,6.83594E-02
-1.0835194E+00,5.56641E-01,4.88281E-02
-1.0835009E+00,5.56641E-01,2.92969E-02
-1.0834824E+00,6.15234E-01,1.07422E-01
-1.0834639E+00,6.15234E-01,9.76562E-03
-1.0834454E+00,5.76172E-01,1.07422E-01
-1.0834270E+00,5.37109E-01,4.88281E-02
-1.0834085E+00,5.76172E-01,2.92969E-02
-1.0833900E+00,5.37109E-01,8.78906E-02
-1.0833715E+00,5.56641E-01,2.92969E-02
-1.0833530E+00,5.37109E-01,4.88281E-02
-1.0833346E+00,5.56641E-01,9.76562E-03
-1.0833161E+00,6.34766E-01,4.88281E-02
-1.0832976E+00,6.15234E-01,9.76562E-03
-1.0832791E+00,5.76172E-01,-9.76562E-03
-1.0832606E+00,5.95703E-01,4.88281E-02
-1.0832422E+00,5.95703E-01,2.92969E-02
-1.0832237E+00,6.15234E-01,6.83594E-02
-1.0832052E+00,5.76172E-01,9.76562E-03
-1.0831867E+00,5.95703E-01,9.76562E-03
-1.0831682E+00,6.34766E-01,9.76562E-03
-1.0831498E+00,5.76172E-01,4.88281E-02
-1.0831313E+00,5.95703E-01,9.76562E-03
-1.0831128E+00,5.17578E-01,6.83594E-02
-1.0830943E+00,5.76172E-01,2.92969E-02
-1.0830758E+00,6.73828E-01,4.88281E-02
-1.0830574E+00,5.56641E-01,2.92969E-02
-1.0830389E+00,5.95703E-01,4.88281E-02
-1.0830204E+00,5.95703E-01,-6.83594E-02
-1.0830019E+00,6.34766E-01,9.76562E-03
-1.0829834E+00,5.76172E-01,2.92969E-02
-1.0829650E+00,6.34766E-01,4.88281E-02
-1.0829465E+00,5.76172E-01,-9.76562E-03
-1.0829280E+00,5.17578E-01,-2.92969E-02
-1.0829095E+00,5.95703E-01,2.92969E-02
-1.0828910E+00,6.15234E-01,8.78906E-02
-1.0828726E+00,5.37109E-01,-9.76562E-03
-1.0828541E+00,5.95703E-01,4.88281E-02
-1.0828356E+00,5.76172E-01,-9.76562E-03
-1.0828171E+00,5.56641E-01,9.76562E-03
-1.0827986E+00,6.34766E-01,9.76562E-03
-1.0827802E+00,5.76172E-01,6.83594E-02
-1.0827617E+00,5.76172E-01,9.76562E-03
-1.0827432E+00,5.76172E-01,4.88281E-02
-1.0827247E+00,5.17578E-01,9.76562E-03
-1.0827062E+00,5.76172E-01,6.83594E-02
-1.0826878E+00,6.54297E-01,4.88281E-02
-1.0826693E+00,5.76172E-01,4.88281E-02
-1.0826508E+00,6.73828E-01,6.83594E-02
-1.0826323E+00,5.37109E-01,1.07422E-01
-1.0826138E+00,5.56641E-01,2.92969E-02
-1.0825954E+00,5.95703E-01,4.88281E-02
-1.0825769E+00,6.15234E-01,9.76562E-03
-1.0825584E+00,5.95703E-01,1.07422E-01
-1.0825399E+00,5.37109E-01,-4.88281E-02
-1.0825214E+00,5.95703E-01,9.76562E-03
-1.0825030E+00,6.15234E-01,2.92969E-02
-1.0824845E+00,5.37109E-01,2.92969E-02
-1.0824660E+00,5.37109E-01,2.92969E-02
-1.0824475E+00,6.34766E-01,6.83594E-02
-1.0824290E+00,5.95703E-01,4.88281E-02
-1.0824106E+00,5.76172E-01,9.76562E-03
-1.0823921E+00,5.76172E-01,9.76562E-03
-1.0823736E+00,6.15234E-01,2.92969E-02
-1.0823551E+00,5.95703E-01,4.88281E-02
-1.0823366E+00,5.76172E-01,4.88281E-02
-1.0823182E+00,6.15234E-01,-9.76562E-03
-1.0822997E+00,5.76172E-01,2.92969E-02
-1.0822812E+00,5.56641E-01,9.76562E-03
-1.0822627E+00,5.76172E-01,2.92969E-02
-1.0822442E+00,6.34766E-01,2.92969E-02
-1.0822258E+00,6.34766E-01,9.76562E-03
-1.0822073E+00,5.95703E-01,-2.92969E-02
-1.0821888E+00,5.95703E-01,9.76562E-03
-1.0821703E+00,6.15234E-01,9.76562E-03
-1.0821518E+00,5.95703E-01,9.76562E-03
-1.0821334E+00,5.76172E-01,-9.76562E-03
-1.0821149E+00,5.95703E-01,9.76562E-03
-1.0820964E+00,6.34766E-01,2.92969E-02
-1.0820779E+00,6.34766E-01,4.88281E-02
-1.0820594E+00,6.34766E-01,2.92969E-02
-1.0820410E+00,6.34766E-01,9.76562E-03
-1.0820225E+00,6.34766E-01,2.92969E-02
-1.0820040E+00,6.34766E-01,4.88281E-02
-1.0819855E+00,5.37109E-01,2.92969E-02
-1.0819670E+00,5.56641E-01,2.92969E-02
-1.0819486E+00,5.56641E-01,9.76562E-03
-1.0819301E+00,6.15234E-01,4.88281E-02
-1.0819116E+00,5.76172E-01,9.76562E-03
-1.0818931E+00,6.34766E-01,2.92969E-02
-1.0818746E+00,6.34766E-01,-9.76562E-03
-1.0818562E+00,5.37109E-01,4.88281E-02
-1.0818377E+00,6.93359E-01,-9.76562E-03
-1.0818192E+00,6.34766E-01,9.76562E-03
-1.0818007E+00,5.95703E-01,1.26953E-01
-1.0817822E+00,5.76172E-01,2.92969E-02
-1.0817638E+00,6.34766E-01,2.92969E-02
-1.0817453E+00,5.76172E-01,6.83594E-02
-1.0817268E+00,5.95703E-01,9.76562E-03
-1.0817083E+00,5.37109E-01,6.83594E-02
-1.0816898E+00,6.15234E-01,9.76562E-03
-1.0816714E+00,5.95703E-01,9.76562E-03
-1.0816529E+00,5.95703E-01,4.88281E-02
-1.0816344E+00,6.15234E-01,4.88281E-02
-1.0816159E+00,6.15234E-01,6.83594E-02
-1.0815974E+00,5.95703E-01,9.76562E-03
-1.0815790E+00,5.76172E-01,2.92969E-02
-1.0815605E+00,5.37109E-01,-9.76562E-03
-1.0815420E+00,6.34766E-01,2.92969E-02
-1.0815235E+00,5.95703E-01,9.76562E-03
-1.0815050E+00,5.76172E-01,4.88281E-02
-1.0814866E+00,5.95703E-01,2.92969E-02
-1.0814681E+00,6.15234E-01,9.76562E-03
-1.0814496E+00,6.34766E-01,9.76562E-03
-1.0814311E+00,5.56641E-01,9.76562E-03
-1.0814126E+00,5.56641E-01,4.88281E-02
-1.0813942E+00,6.34766E-01,-2.92969E-02
-1.0813757E+00,6.15234E-01,9.76562E-03
-1.0813572E+00,6.34766E-01,9.76562E-03
-1.0813387E+00,5.95703E-01,6.83594E-02
-1.0813202E+00,5.76172E-01,4.88281E-02
-1.0813018E+00,6.15234E-01,2.92969E-02
-1.0812833E+00,6.34766E-01,-4.88281E-02
-1.0812648E+00,5.76172E-01,6.83594E-02
-1.0812463E+00,6.73828E-01,4.88281E-02
-1.0812278E+00,6.34766E-01,4.88281E-02
-1.0812094E+00,5.95703E-01,9.76562E-03
-1.0811909E+00,5.95703E-01,4.88281E-02
-1.0811724E+00,5.95703E-01,-9.76562E-03
-1.0811539E+00,5.56641E-01,9.76562E-03
-1.0811354E+00,6.15234E-01,4.88281E-02
-1.0811170E+00,5.95703E-01,9.76562E-03
-1.0810985E+00,6.73828E-01,6.83594E-02
-1.0810800E+00,5.76172E-01,4.88281E-02
-1.0810615E+00,6.34766E-01,-9.76562E-03
-1.0810430E+00,5.17578E-01,2.92969E-02
-1.0810246E+00,5.17578E-01,4.88281E-02
-1.0810061E+00,5.95703E-01,4.88281E-02
-1.0809876E+00,5.95703E-01,9.76562E-03
-1.0809691E+00,5.95703E-01,4.88281E-02
-1.0809506E+00,5.95703E-01,9.76562E-03
-1.0809322E+00,6.15234E-01,9.76562E-03
-1.0809137E+00,5.95703E-01,4.88281E-02
-1.0808952E+00,6.93359E-01,9.76562E-03
-1.0808767E+00,6.34766E-01,2.92969E-02
-1.0808582E+00,5.95703E-01,1.26953E-01
-1.0808398E+00,6.15234E-01,-9.76562E-03
-1.0808213E+00,5.76172E-01,4.88281E-02
-1.0808028E+00,5.37109E-01,2.92969E-02
-1.0807843E+00,5.37109E-01,9.76562E-03
-1.0807658E+00,6.34766E-01,2.92969E-02
-1.0807474E+00,5.76172E-01,1.07422E-01
-1.0807289E+00,5.76172E-01,-4.88281E-02
-1.0807104E+00,5.95703E-01,9.76562E-03
-1.0806919E+00,6.34766E-01,9.76562E-03
-1.0806734E+00,4.98047E-01,9.76562E-03
-1.0806550E+00,6.15234E-01,4.88281E-02
-1.0806365E+00,5.95703E-01,4.88281E-02
-1.0806180E+00,5.95703E-01,8.78906E-02
-1.0805995E+00,6.15234E-01,6.83594E-02
-1.0805810E+00,5.76172E-01,6.83594E-02
-1.0805626E+00,5.56641E-01,6.83594E-02
-1.0805441E+00,6.34766E-01,4.88281E-02
-1.0805256E+00,5.95703E-01,-9.76562E-03
-1.0805071E+00,6.15234E-01,-9.76562E-03
-1.0804886E+00,6.34766E-01,6.83594E-02
-1.0804702E+00,6.54297E-01,2.92969E-02
-1.0804517E+00,5.95703E-01,6.83594E-02
-1.0804332E+00,6.34766E-01,1.07422E-01
-1.0804147E+00,6.15234E-01,6.83594E-02
-1.0803962E+00,5.95703E-01,9.76562E-03
-1.0803778E+00,6.34766E-01,4.88281E-02
-1.0803593E+00,5.76172E-01,9.76562E-03
-1.0803408E+00,6.93359E-01,9.76562E-03
-1.0803223E+00,5.95703E-01,4.88281E-02
-1.0803038E+00,6.34766E-01,2.92969E-02
-1.0802854E+00,6.15234E-01,9.76562E-03
-1.0802669E+00,5.95703E-01,4.88281E-02
-1.0802484E+00,5.76172E-01,2.92969E-02
-1.0802299E+00,6.34766E-01,6.83594E-02
-1.0802114E+00,5.76172E-01,-9.76562E-03
-1.0801930E+00,6.15234E-01,9.76562E-03
-1.0801745E+00,5.76172E-01,9.76562E-03
-1.0801560E+00,5.95703E-01,4.88281E-02
-1.0801375E+00,6.15234E-01,2.92969E-02
-1.0801190E+00,5.95703E-01,2.92969E-02
-1.0801006E+00,5.56641E-01,1.07422E-01
-1.0800821E+00,6.54297E-01,9.76562E-03
-1.0800636E+00,5.95703E-01,6.83594E-02
-1.0800451E+00,6.34766E-01,9.76562E-03
-1.0800266E+00,5.76172E-01,9.76562E-03
-1.0800082E+00,6.34766E-01,2.92969E-02
-1.0799897E+00,6.54297E-01,9.76562E-03
-1.0799712E+00,5.76172E-01,6.83594E-02
-1.0799527E+00,5.95703E-01,9.76562E-03
-1.0799342E+00,5.95703E-01,4.88281E-02
-1.0799158E+00,6.15234E-01,4.88281E-02
-1.0798973E+00,5.56641E-01,9.76562E-03
-1.0798788E+00,6.34766E-01,2.92969E-02
-1.0798603E+00,5.95703E-01,9.76562E-03
-1.0798418E+00,6.34766E-01,9.76562E-03
-1.0798234E+00,6.93359E-01,6.83594E-02
-1.0798049E+00,6.34766E-01,4.88281E-02
-1.0797864E+00,6.34766E-01,4.88281E-02
-1.0797679E+00,6.93359E-01,4.88281E-02
-1.0797494E+00,6.15234E-01,4.88281E-02
-1.0797310E+00,5.95703E-01,6.83594E-02
-1.0797125E+00,5.76172E-01,8.78906E-02
-1.0796940E+00,6.54297E-01,8.78906E-02
-1.0796755E+00,5.56641E-01,4.88281E-02
-1.0796570E+00,6.73828E-01,9.76562E-03
-1.0796386E+00,6.34766E-01,9.76562E-03
-1.0796201E+00,6.15234E-01,9.76562E-03
-1.0796016E+00,5.95703E-01,4.88281E-02
-1.0795831E+00,5.37109E-01,-4.88281E-02
-1.0795646E+00,5.76172E-01,4.88281E-02
-1.0795462E+00,6.15234E-01,-9.76562E-03
-1.0795277E+00,6.15234E-01,1.07422E-01
-1.0795092E+00,5.95703E-01,-9.76562E-03
-1.0794907E+00,5.37109E-01,2.92969E-02
-1.0794722E+00,5.95703E-01,6.83594E-02
-1.0794538E+00,6.34766E-01,9.76562E-03
-1.0794353E+00,6.54297E-01,4.88281E-02
-1.0794168E+00,5.95703E-01,9.76562E-03
-1.0793983E+00,5.95703E-01,2.92969E-02
-1.0793798E+00,6.34766E-01,2.92969E-02
-1.0793614E+00,5.56641E-01,2.92969E-02
-1.0793429E+00,6.34766E-01,2.92969E-02
-1.0793244E+00,5.95703E-01,2.92969E-02
-1.0793059E+00,5.95703E-01,-4.88281E-02
-1.0792874E+00,5.95703E-01,6.83594E-02
-1.0792690E+00,6.34766E-01,6.83594E-02
-1.0792505E+00,6.34766E-01,2.92969E-02
-1.0792320E+00,6.15234E-01,6.83594E-02
-1.0792135E+00,6.34766E-01,2.92969E-02
-1.0791950E+00,5.76172E-01,6.83594E-02
-1.0791766E+00,5.76172E-01,9.76562E-03
-1.0791581E+00,6.54297E-01,6.83594E-02
-1.0791396E+00,5.76172E-01,4.88281E-02
-1.0791211E+00,5.76172E-01,2.92969E-02
-1.0791026E+00,6.15234E-01,9.76562E-03
-1.0790842E+00,4.98047E-01,1.07422E-01
-1.0790657E+00,6.15234E-01,2.92969E-02
-1.0790472E+00,6.34766E-01,4.88281E-02
-1.0790287E+00,6.34766E-01,4.88281E-02
-1.0790102E+00,6.34766E-01,9.76562E-03
-1.0789918E+00,5.76172E-01,2.92969E-02
-1.0789733E+00,6.15234E-01,4.88281E-02
-1.0789548E+00,5.17578E-01,2.92969E-02
-1.0789363E+00,6.15234E-01,4.88281E-02
-1.0789178E+00,6.15234E-01,6.83594E-02
-1.0788994E+00,6.73828E-01,1.07422E-01
-1.0788809E+00,6.34766E-01,-9.76562E-03
-1.0788624E+00,5.95703E-01,6.83594E-02
-1.0788439E+00,5.37109E-01,2.92969E-02
-1.0788254E+00,5.76172E-01,9.76562E-03
-1.0788070E+00,6.15234E-01,9.76562E-03
-1.0787885E+00,6.34766E-01,6.83594E-02
-1.0787700E+00,6.54297E-01,9.76562E-03
-1.0787515E+00,5.37109E-01,2.92969E-02
-1.0787330E+00,5.76172E-01,4.88281E-02
-1.0787146E+00,6.34766E-01,2.92969E-02
-1.0786961E+00,5.95703E-01,4.88281E-02
-1.0786776E+00,4.98047E-01,9.76562E-03
-1.0786591E+00,5.76172E-01,4.88281E-02
-1.0786406E+00,5.76172E-01,9.76562E-03
-1.0786222E+00,5.56641E-01,2.92969E-02
-1.0786037E+00,6.15234E-01,1.26953E-01
-1.0785852E+00,5.95703E-01,4.88281E-02
-1.0785667E+00,5.76172E-01,4.88281E-02
-1.0785482E+00,5.37109E-01,2.92969E-02
-1.0785298E+00,5.76172E-01,6.83594E-02
-1.0785113E+00,5.95703E-01,-9.76562E-03
-1.0784928E+00,6.15234E-01,2.92969E-02
-1.0784743E+00,5.76172E-01,1.07422E-01
-1.0784558E+00,5.56641E-01,2.92969E-02
-1.0784374E+00,6.15234E-01,2.92969E-02
-1.0784189E+00,6.34766E-01,6.83594E-02
-1.0784004E+00,6.34766E-01,8.78906E-02
-1.0783819E+00,5.76172E-01,-4.88281E-02
-1.0783634E+00,6.15234E-01,-9.76562E-03
-1.0783450E+00,5.95703E-01,2.92969E-02
-1.0783265E+00,5.95703E-01,4.88281E-02
-1.0783080E+00,5.76172E-01,4.88281E-02
-1.0782895E+00,6.34766E-01,6.83594E-02
-1.0782710E+00,6.15234E-01,-4.88281E-02
-1.0782526E+00,5.95703E-01,-9.76562E-03
-1.0782341E+00,6.15234E-01,6.83594E-02
-1.0782156E+00,6.34766E-01,9.76562E-03
-1.0781971E+00,6.15234E-01,2.92969E-02
-1.0781786E+00,6.15234E-01,2.92969E-02
-1.0781602E+00,6.15234E-01,6.83594E-02
-1.0781417E+00,6.54297E-01,2.92969E-02
-1.0781232E+00,5.76172E-01,2.92969E-02
-1.0781047E+00,6.34766E-01,9.76562E-03
-1.0780862E+00,6.15234E-01,2.92969E-02
-1.0780678E+00,6.15234E-01,-9.76562E-03
-1.0780493E+00,6.15234E-01,9.76562E-03
-1.0780308E+00,6.73828E-01,-4.88281E-02
-1.0780123E+00,6.34766E-01,9.76562E-03
-1.0779938E+00,6.15234E-01,-4.88281E-02
-1.0779754E+00,7.12891E-01,9.76562E-03
-1.0779569E+00,6.15234E-01,-9.76562E-03
-1.0779384E+00,5.37109E-01,6.83594E-02
-1.0779199E+00,6.54297E-01,9.76562E-03
-1.0779014E+00,6.34766E-01,8.78906E-02
-1.0778830E+00,5.76172E-01,9.76562E-03
-1.0778645E+00,5.95703E-01,9.76562E-03
-1.0778460E+00,5.56641E-01,6.83594E-02
-1.0778275E+00,6.34766E-01,-9.76562E-03
-1.0778090E+00,6.34766E-01,4.88281E-02
-1.0777906E+00,5.95703E-01,6.83594E-02
-1.0777721E+00,6.34766E-01,4.88281E-02
-1.0777536E+00,5.95703E-01,4.88281E-02
-1.0777351E+00,6.54297E-01,-9.76562E-03
-1.0777166E+00,5.95703E-01,9.76562E-03
-1.0776982E+00,6.54297E-01,9.76562E-03
-1.0776797E+00,6.15234E-01,9.76562E-03
-1.0776612E+00,6.34766E-01,-9.76562E-03
-1.0776427E+00,6.15234E-01,6.83594E-02
-1.0776242E+00,5.17578E-01,4.88281E-02
-1.0776058E+00,6.54297E-01,9.76562E-03
-1.0775873E+00,5.95703E-01,9.76562E-03
-1.0775688E+00,5.76172E-01,9.76562E-03
-1.0775503E+00,5.95703E-01,9.76562E-03
-1.0775318E+00,6.15234E-01,1.26953E-01
-1.0775134E+00,5.95703E-01,9.76562E-03
-1.0774949E+00,6.54297E-01,6.83594E-02
-1.0774764E+00,5.95703E-01,6.83594E-02
-1.0774579E+00,6.34766E-01,6.83594E-02
-1.0774394E+00,6.54297E-01,-9.76562E-03
-1.0774210E+00,6.54297E-01,2.92969E-02
-1.0774025E+00,6.34766E-01,9.76562E-03
-1.0773840E+00,6.34766E-01,6.83594E-02
-1.0773655E+00,6.34766E-01,2.92969E-02
-1.0773470E+00,6.54297E-01,4.88281E-02
-1.0773286E+00,6.73828E-01,2.92969E-02
-1.0773101E+00,6.15234E-01,6.83594E-02
-1.0772916E+00,5.95703E-01,4.88281E-02
-1.0772731E+00,6.15234E-01,2.92969E-02
-1.0772546E+00,5.76172E-01,9.76562E-03
-1.0772362E+00,6.34766E-01,6.83594E-02
-1.0772177E+00,6.34766E-01,9.76562E-03
-1.0771992E+00,6.34766E-01,9.76562E-03
-1.0771807E+00,6.15234E-01,9.76562E-03
-1.0771622E+00,6.54297E-01,2.92969E-02
-1.0771438E+00,5.95703E-01,4.88281E-02
-1.0771253E+00,6.54297E-01,9.76562E-03
-1.0771068E+00,6.34766E-01,9.76562E-03
-1.0770883E+00,5.76172E-01,4.88281E-02
-1.0770698E+00,5.95703E-01,9.76562E-03
-1.0770514E+00,5.76172E-01,-2.92969E-02
-1.0770329E+00,5.37109E-01,2.92969E-02
-1.0770144E+00,6.15234E-01,-2.92969E-02
-1.0769959E+00,6.54297E-01,4.88281E-02
-1.0769774E+00,5.95703E-01,4.88281E-02
-1.0769590E+00,6.34766E-01,9.76562E-03
-1.0769405E+00,5.95703E-01,2.92969E-02
-1.0769220E+00,6.15234E-01,4.88281E-02
-1.0769035E+00,5.56641E-01,6.83594E-02
-1.0768850E+00,6.73828E-01,9.76562E-03
-1.0768666E+00,5.76172E-01,6.83594E-02
-1.0768481E+00,5.76172E-01,9.76562E-03
-1.0768296E+00,6.15234E-01,4.88281E-02
-1.0768111E+00,6.34766E-01,-9.76562E-03
-1.0767926E+00,5.95703E-01,8.78906E-02
-1.0767742E+00,6.34766E-01,2.92969E-02
-1.0767557E+00,5.76172E-01,6.83594E-02
-1.0767372E+00,6.34766E-01,8.78906E-02
-1.0767187E+00,6.15234E-01,4.88281E-02
-1.0767002E+00,5.76172E-01,4.88281E-02
-1.0766818E+00,5.76172E-01,9.76562E-03
-1.0766633E+00,6.93359E-01,-2.92969E-02
-1.0766448E+00,6.15234E-01,6.83594E-02
-1.0766263E+00,6.15234E-01,4.88281E-02
-1.0766078E+00,6.15234E-01,9.76562E-03
-1.0765894E+00,6.34766E-01,9.76562E-03
-1.0765709E+00,5.76172E-01,4.88281E-02
-1.0765524E+00,6.73828E-01,-2.92969E-02
-1.0765339E+00,6.15234E-01,8.78906E-02
-1.0765154E+00,6.54297E-01,-6.83594E-02
-1.0764970E+00,6.15234E-01,6.83594E-02
-1.0764785E+00,6.15234E-01,9.76562E-03
-1.0764600E+00,6.15234E-01,6.83594E-02
-1.0764415E+00,5.37109E-01,9.76562E-03
-1.0764230E+00,6.34766E-01,8.78906E-02
-1.0764046E+00,6.15234E-01,6.83594E-02
-1.0763861E+00,5.76172E-01,6.83594E-02
-1.0763676E+00,6.34766E-01,2.92969E-02
-1.0763491E+00,6.34766E-01,6.83594E-02
-1.0763306E+00,6.34766E-01,2.92969E-02
-1.0763122E+00,5.76172E-01,9.76562E-03
-1.0762937E+00,7.12891E-01,4.88281E-02
-1.0762752E+00,5.76172E-01,9.76562E-03
-1.0762567E+00,5.95703E-01,4.88281E-02
-1.0762382E+00,6.34766E-01,4.88281E-02
-1.0762198E+00,5.37109E-01,4.88281E-02
-1.0762013E+00,6.34766E-01,2.92969E-02
-1.0761828E+00,6.54297E-01,9.76562E-03
-1.0761643E+00,6.34766E-01,4.88281E-02
-1.0761458E+00,5.76172E-01,2.92969E-02
-1.0761274E+00,6.93359E-01,6.83594E-02
-1.0761089E+00,6.34766E-01,2.92969E-02
-1.0760904E+00,6.15234E-01,6.83594E-02
-1.0760719E+00,5.76172E-01,4.88281E-02
-1.0760534E+00,6.54297E-01,6.83594E-02
-1.0760350E+00,5.76172E-01,4.88281E-02
-1.0760165E+00,6.93359E-01,2.92969E-02
-1.0759980E+00,5.37109E-01,4.88281E-02
-1.0759795E+00,6.54297E-01,4.88281E-02
-1.0759610E+00,6.93359E-01,-4.88281E-02
-1.0759426E+00,5.76172E-01,2.92969E-02
-1.0759241E+00,5.95703E-01,4.88281E-02
-1.0759056E+00,6.54297E-01,4.88281E-02
-1.0758871E+00,5.95703E-01,-2.92969E-02
-1.0758686E+00,5.76172E-01,6.83594E-02
-1.0758502E+00,6.93359E-01,9.76562E-03
-1.0758317E+00,6.15234E-01,1.26953E-01
-1.0758132E+00,6.34766E-01,4.88281E-02
-1.0757947E+00,6.15234E-01,2.92969E-02
-1.0757762E+00,7.12891E-01,-9.76562E-03
-1.0757578E+00,6.15234E-01,4.88281E-02
-1.0757393E+00,6.34766E-01,4.88281E-02
-1.0757208E+00,6.15234E-01,4.88281E-02
-1.0757023E+00,5.95703E-01,9.76562E-03
-1.0756838E+00,6.73828E-01,2.92969E-02
-1.0756654E+00,5.76172E-01,6.83594E-02
-1.0756469E+00,6.73828E-01,6.83594E-02
-1.0756284E+00,5.95703E-01,4.88281E-02
-1.0756099E+00,6.34766E-01,8.78906E-02
-1.0755914E+00,5.95703E-01,9.76562E-03
-1.0755730E+00,6.34766E-01,-4.88281E-02
-1.0755545E+00,5.76172E-01,9.76562E-03
-1.0755360E+00,6.93359E-01,4.88281E-02
-1.0755175E+00,6.73828E-01,-9.76562E-03
-1.0754990E+00,5.76172E-01,9.76562E-03
-1.0754806E+00,7.12891E-01,9.76562E-03
-1.0754621E+00,5.76172E-01,2.92969E-02
-1.0754436E+00,6.54297E-01,9.76562E-03
-1.0754251E+00,6.93359E-01,4.88281E-02
-1.0754066E+00,6.54297E-01,9.76562E-03
-1.0753882E+00,6.73828E-01,9.76562E-03
-1.0753697E+00,6.34766E-01,-9.76562E-03
-1.0753512E+00,5.95703E-01,9.76562E-03
-1.0753327E+00,6.15234E-01,-9.76562E-03
-1.0753142E+00,6.93359E-01,2.92969E-02
-1.0752958E+00,5.37109E-01,6.83594E-02
-1.0752773E+00,6.34766E-01,2.92969E-02
-1.0752588E+00,5.76172E-01,6.83594E-02
-1.0752403E+00,5.95703E-01,1.07422E-01
-1.0752218E+00,5.95703E-01,6.83594E-02
-1.0752034E+00,5.56641E-01,4.88281E-02
-1.0751849E+00,6.34766E-01,9.76562E-03
-1.0751664E+00,6.54297E-01,6.83594E-02
-1.0751479E+00,6.34766E-01,2.92969E-02
-1.0751294E+00,6.34766E-01,2.92969E-02
-1.0751110E+00,5.76172E-01,2.92969E-02
-1.0750925E+00,6.34766E-01,2.92969E-02
-1.0750740E+00,6.73828E-01,4.88281E-02
-1.0750555E+00,6.15234E-01,6.83594E-02
-1.0750370E+00,5.95703E-01,4.88281E-02
-1.0750186E+00,6.15234E-01,6.83594E-02
-1.0750001E+00,6.73828E-01,9.76562E-03
-1.0749816E+00,6.34766E-01,6.83594E-02
-1.0749631E+00,6.73828E-01,2.92969E-02
-1.0749446E+00,5.95703E-01,2.92969E-02
-1.0749262E+00,5.76172E-01,9.76562E-03
-1.0749077E+00,6.34766E-01,2.92969E-02
-1.0748892E+00,6.34766E-01,2.92969E-02
-1.0748707E+00,6.15234E-01,6.83594E-02
-1.0748522E+00,6.34766E-01,9.76562E-03
-1.0748338E+00,5.95703E-01,9.76562E-03
-1.0748153E+00,6.34766E-01,4.88281E-02
-1.0747968E+00,6.93359E-01,6.83594E-02
-1.0747783E+00,6.73828E-01,9.76562E-03
-1.0747598E+00,6.73828E-01,9.76562E-03
-1.0747414E+00,6.73828E-01,9.76562E-03
-1.0747229E+00,5.95703E-01,4.88281E-02
-1.0747044E+00,5.95703E-01,2.92969E-02
-1.0746859E+00,6.15234E-01,2.92969E-02
-1.0746674E+00,6.73828E-01,2.92969E-02
-1.0746490E+00,6.54297E-01,-9.76562E-03
-1.0746305E+00,5.95703E-01,2.92969E-02
-1.0746120E+00,6.34766E-01,6.83594E-02
-1.0745935E+00,5.95703E-01,9.76562E-03
-1.0745750E+00,6.54297E-01,6.83594E-02
-1.0745566E+00,5.95703E-01,4.88281E-02
-1.0745381E+00,6.34766E-01,2.92969E-02
-1.0745196E+00,6.34766E-01,2.92969E-02
-1.0745011E+00,6.15234E-01,2.92969E-02
-1.0744826E+00,6.34766E-01,4.88281E-02
-1.0744642E+00,6.34766E-01,1.26953E-01
-1.0744457E+00,6.73828E-01,6.83594E-02
-1.0744272E+00,6.34766E-01,2.92969E-02
-1.0744087E+00,6.34766E-01,9.76562E-03
-1.0743902E+00,6.34766E-01,2.92969E-02
-1.0743718E+00,6.73828E-01,6.83594E-02
-1.0743533E+00,6.34766E-01,6.83594E-02
-1.0743348E+00,6.15234E-01,-6.83594E-02
-1.0743163E+00,6.34766E-01,4.88281E-02
-1.0742978E+00,6.34766E-01,9.76562E-03
-1.0742794E+00,6.73828E-01,1.26953E-01
-1.0742609E+00,6.34766E-01,9.76562E-03
-1.0742424E+00,5.95703E-01,-2.92969E-02
-1.0742239E+00,6.93359E-01,8.78906E-02
-1.0742054E+00,5.56641E-01,2.92969E-02
-1.0741870E+00,5.76172E-01,-9.76562E-03
-1.0741685E+00,6.54297E-01,2.92969E-02
-1.0741500E+00,6.34766E-01,9.76562E-03
-1.0741315E+00,5.76172E-01,6.83594E-02
-1.0741130E+00,6.54297E-01,9.76562E-03
-1.0740946E+00,6.34766E-01,-4.88281E-02
-1.0740761E+00,5.37109E-01,-2.92969E-02
-1.0740576E+00,6.34766E-01,2.92969E-02
-1.0740391E+00,5.76172E-01,9.76562E-03
-1.0740206E+00,6.15234E-01,4.88281E-02
-1.0740022E+00,6.15234E-01,9.76562E-03
-1.0739837E+00,6.15234E-01,6.83594E-02
-1.0739652E+00,6.54297E-01,4.88281E-02
-1.0739467E+00,5.95703E-01,2.92969E-02
-1.0739282E+00,6.73828E-01,2.92969E-02
-1.0739098E+00,5.76172E-01,4.88281E-02
-1.0738913E+00,5.95703E-01,9.76562E-03
-1.0738728E+00,6.15234E-01,4.88281E-02
-1.0738543E+00,5.95703E-01,4.88281E-02
-1.0738358E+00,6.15234E-01,4.88281E-02
-1.0738174E+00,5.95703E-01,-2.92969E-02
-1.0737989E+00,5.37109E-01,9.76562E-03
-1.0737804E+00,6.54297E-01,2.92969E-02
-1.0737619E+00,5.76172E-01,2.92969E-02
-1.0737434E+00,6.34766E-01,9.76562E-03
-1.0737250E+00,6.54297E-01,2.92969E-02
-1.0737065E+00,5.95703E-01,-4.88281E-02
-1.0736880E+00,6.93359E-01,2.92969E-02
-1.0736695E+00,6.54297E-01,9.76562E-03
-1.0736510E+00,5.76172E-01,2.92969E-02
-1.0736326E+00,6.15234E-01,9.76562E-03
-1.0736141E+00,6.15234E-01,4.88281E-02
-1.0735956E+00,5.95703E-01,2.92969E-02
-1.0735771E+00,6.34766E-01,4.88281E-02
-1.0735586E+00,6.15234E-01,9.76562E-03
-1.0735402E+00,6.34766E-01,2.92969E-02
-1.0735217E+00,6.93359E-01,9.76562E-03
-1.0735032E+00,6.73828E-01,6.83594E-02
-1.0734847E+00,6.54297E-01,6.83594E-02
-1.0734662E+00,6.15234E-01,2.92969E-02
-1.0734478E+00,5.37109E-01,2.92969E-02
-1.0734293E+00,6.73828E-01,6.83594E-02
-1.0734108E+00,6.93359E-01,2.92969E-02
-1.0733923E+00,6.34766E-01,2.92969E-02
-1.0733738E+00,5.95703E-01,4.88281E-02
-1.0733554E+00,6.54297E-01,2.92969E-02
-1.0733369E+00,6.93359E-01,9.76562E-03
-1.0733184E+00,6.34766E-01,4.88281E-02
-1.0732999E+00,6.34766E-01,2.92969E-02
-1.0732814E+00,6.54297E-01,6.83594E-02
-1.0732630E+00,5.95703E-01,2.92969E-02
-1.0732445E+00,6.73828E-01,4.88281E-02
-1.0732260E+00,6.93359E-01,9.76562E-03
-1.0732075E+00,6.34766E-01,2.92969E-02
-1.0731890E+00,5.95703E-01,2.92969E-02
-1.0731706E+00,6.15234E-01,6.83594E-02
-1.0731521E+00,6.73828E-01,-9.76562E-03
-1.0731336E+00,6.54297E-01,4.88281E-02
-1.0731151E+00,5.95703E-01,6.83594E-02
-1.0730966E+00,6.34766E-01,2.92969E-02
-1.0730782E+00,6.15234E-01,-9.76562E-03
-1.0730597E+00,5.76172E-01,4.88281E-02
-1.0730412E+00,6.15234E-01,9.76562E-03
-1.0730227E+00,6.34766E-01,4.88281E-02
-1.0730042E+00,6.15234E-01,-2.92969E-02
-1.0729858E+00,6.15234E-01,1.07422E-01
-1.0729673E+00,6.34766E-01,4.88281E-02
-1.0729488E+00,6.34766E-01,4.88281E-02
-1.0729303E+00,6.73828E-01,9.76562E-03
-1.0729118E+00,6.15234E-01,-4.88281E-02
-1.0728934E+00,5.76172E-01,-9.76562E-03
-1.0728749E+00,6.34766E-01,2.92969E-02
-1.0728564E+00,6.15234E-01,6.83594E-02
-1.0728379E+00,5.76172E-01,2.92969E-02
-1.0728194E+00,5.95703E-01,2.92969E-02
-1.0728010E+00,5.76172E-01,1.07422E-01
-1.0727825E+00,6.54297E-01,6.83594E-02
-1.0727640E+00,6.34766E-01,4.88281E-02
-1.0727455E+00,6.15234E-01,9.76562E-03
-1.0727270E+00,6.93359E-01,2.92969E-02
-1.0727086E+00,5.76172E-01,-2.92969E-02
-1.0726901E+00,5.56641E-01,6.83594E-02
-1.0726716E+00,6.54297E-01,9.76562E-03
-1.0726531E+00,5.76172E-01,2.92969E-02
-1.0726346E+00,5.95703E-01,4.88281E-02
-1.0726162E+00,6.34766E-01,1.07422E-01
-1.0725977E+00,6.54297E-01,-2.92969E-02
-1.0725792E+00,6.15234E-01,4.88281E-02
-1.0725607E+00,6.73828E-01,2.92969E-02
-1.0725422E+00,6.15234E-01,2.92969E-02
-1.0725238E+00,6.34766E-01,-9.76562E-03
-1.0725053E+00,6.15234E-01,9.76562E-03
-1.0724868E+00,6.54297E-01,-9.76562E-03
-1.0724683E+00,6.34766E-01,1.07422E-01
-1.0724498E+00,6.34766E-01,6.83594E-02
-1.0724314E+00,6.54297E-01,4.88281E-02
-1.0724129E+00,6.34766E-01,2.92969E-02
-1.0723944E+00,6.93359E-01,6.83594E-02
-1.0723759E+00,7.12891E-01,9.76562E-03
-1.0723574E+00,7.12891E-01,6.83594E-02
-1.0723390E+00,5.76172E-01,6.83594E-02
-1.0723205E+00,6.93359E-01,2.92969E-02
-1.0723020E+00,6.93359E-01,9.76562E-03
-1.0722835E+00,6.73828E-01,2.92969E-02
-1.0722650E+00,6.15234E-01,-9.76562E-03
-1.0722466E+00,6.73828E-01,4.88281E-02
-1.0722281E+00,6.15234E-01,9.76562E-03
-1.0722096E+00,5.56641E-01,9.76562E-03
-1.0721911E+00,6.54297E-01,9.76562E-03
-1.0721726E+00,6.34766E-01,9.76562E-03
-1.0721542E+00,6.54297E-01,4.88281E-02
-1.0721357E+00,7.12891E-01,9.76562E-03
-1.0721172E+00,6.15234E-01,-4.88281E-02
-1.0720987E+00,6.93359E-01,2.92969E-02
-1.0720802E+00,6.93359E-01,9.76562E-03
-1.0720618E+00,6.15234E-01,6.83594E-02
-1.0720433E+00,7.32422E-01,4.88281E-02
-1.0720248E+00,6.54297E-01,6.83594E-02
-1.0720063E+00,5.95703E-01,9.76562E-03
-1.0719878E+00,7.12891E-01,9.76562E-03
-1.0719694E+00,5.95703E-01,4.88281E-02
-1.0719509E+00,6.73828E-01,4.88281E-02
-1.0719324E+00,6.34766E-01,2.92969E-02
-1.0719139E+00,6.73828E-01,6.83594E-02
-1.0718954E+00,6.15234E-01,9.76562E-03
-1.0718770E+00,6.34766E-01,4.88281E-02
-1.0718585E+00,6.93359E-01,4.88281E-02
-1.0718400E+00,5.76172E-01,4.88281E-02
-1.0718215E+00,6.73828E-01,9.76562E-03
-1.0718030E+00,5.95703E-01,9.76562E-03
-1.0717846E+00,7.12891E-01,4.88281E-02
-1.0717661E+00,5.17578E-01,8.78906E-02
-1.0717476E+00,6.54297E-01,9.76562E-03
-1.0717291E+00,7.51953E-01,9.76562E-03
-1.0717106E+00,6.73828E-01,9.76562E-03
-1.0716922E+00,6.54297E-01,6.83594E-02
-1.0716737E+00,6.34766E-01,4.88281E-02
-1.0716552E+00,5.95703E-01,4.88281E-02
-1.0716367E+00,6.54297E-01,9.76562E-03
-1.0716182E+00,6.54297E-01,2.92969E-02
-1.0715998E+00,5.95703E-01,9.76562E-03
-1.0715813E+00,6.15234E-01,6.83594E-02
-1.0715628E+00,6.73828E-01,9.76562E-03
-1.0715443E+00,6.34766E-01,-9.76562E-03
-1.0715258E+00,6.54297E-01,4.88281E-02
-1.0715074E+00,6.73828E-01,9.76562E-03
-1.0714889E+00,6.15234E-01,2.92969E-02
-1.0714704E+00,6.54297E-01,2.92969E-02
-1.0714519E+00,6.54297E-01,4.88281E-02
-1.0714334E+00,6.34766E-01,4.88281E-02
-1.0714150E+00,6.93359E-01,9.76562E-03
-1.0713965E+00,6.34766E-01,2.92969E-02
-1.0713780E+00,6.54297E-01,-9.76562E-03
-1.0713595E+00,5.37109E-01,4.88281E-02
-1.0713410E+00,6.15234E-01,-4.88281E-02
-1.0713226E+00,5.95703E-01,4.88281E-02
-1.0713041E+00,6.54297E-01,-9.76562E-03
-1.0712856E+00,6.54297E-01,-6.83594E-02
-1.0712671E+00,6.73828E-01,9.76562E-03
-1.0712486E+00,6.34766E-01,4.88281E-02
-1.0712302E+00,6.54297E-01,-9.76562E-03
-1.0712117E+00,6.54297E-01,2.92969E-02
-1.0711932E+00,6.93359E-01,2.92969E-02
-1.0711747E+00,6.34766E-01,2.92969E-02
-1.0711562E+00,6.34766E-01,4.88281E-02
-1.0711378E+00,6.54297E-01,6.83594E-02
-1.0711193E+00,6.73828E-01,9.76562E-03
-1.0711008E+00,5.37109E-01,2.92969E-02
-1.0710823E+00,6.34766E-01,-9.76562E-03
-1.0710638E+00,5.95703E-01,9.76562E-03
-1.0710454E+00,6.54297E-01,2.92969E-02
-1.0710269E+00,6.34766E-01,4.88281E-02
-1.0710084E+00,6.54297E-01,-9.76562E-03
-1.0709899E+00,6.34766E-01,9.76562E-03
-1.0709714E+00,6.34766E-01,9.76562E-03
-1.0709530E+00,5.95703E-01,6.83594E-02
-1.0709345E+00,6.73828E-01,-2.92969E-02
-1.0709160E+00,6.73828E-01,6.83594E-02
-1.0708975E+00,6.54297E-01,-9.76562E-03
-1.0708790E+00,6.34766E-01,2.92969E-02
-1.0708606E+00,6.54297E-01,9.76562E-03
-1.0708421E+00,6.34766E-01,2.92969E-02
-1.0708236E+00,5.95703E-01,9.76562E-03
-1.0708051E+00,6.54297E-01,8.78906E-02
-1.0707866E+00,6.54297E-01,9.76562E-03
-1.0707682E+00,6.15234E-01,6.83594E-02
-1.0707497E+00,7.32422E-01,-4.88281E-02
-1.0707312E+00,6.54297E-01,4.88281E-02
-1.0707127E+00,6.93359E-01,9.76562E-03
-1.0706942E+00,6.73828E-01,4.88281E-02
-1.0706758E+00,6.54297E-01,6.83594E-02
-1.0706573E+00,5.95703E-01,9.76562E-03
-1.0706388E+00,6.93359E-01,4.88281E-02
-1.0706203E+00,5.95703E-01,9.76562E-03
-1.0706018E+00,6.34766E-01,2.92969E-02
-1.0705834E+00,6.54297E-01,4.88281E-02
-1.0705649E+00,6.34766E-01,9.76562E-03
-1.0705464E+00,6.15234E-01,6.83594E-02
-1.0705279E+00,6.54297E-01,-2.92969E-02
-1.0705094E+00,6.54297E-01,6.83594E-02
-1.0704910E+00,7.12891E-01,4.88281E-02
-1.0704725E+00,6.34766E-01,6.83594E-02
-1.0704540E+00,6.93359E-01,-9.76562E-03
-1.0704355E+00,6.15234E-01,6.83594E-02
-1.0704170E+00,6.54297E-01,9.76562E-03
-1.0703986E+00,6.15234E-01,9.76562E-03
-1.0703801E+00,5.95703E-01,2.92969E-02
-1.0703616E+00,5.76172E-01,6.83594E-02
-1.0703431E+00,5.95703E-01,6.83594E-02
-1.0703246E+00,6.54297E-01,4.88281E-02
-1.0703062E+00,6.15234E-01,9.76562E-03
-1.0702877E+00,5.95703E-01,2.92969E-02
-1.0702692E+00,7.12891E-01,-9.76562E-03
-1.0702507E+00,6.54297E-01,1.07422E-01
-1.0702322E+00,6.93359E-01,2.92969E-02
-1.0702138E+00,6.73828E-01,6.83594E-02
-1.0701953E+00,6.73828E-01,4.88281E-02
-1.0701768E+00,5.95703E-01,1.07422E-01
-1.0701583E+00,6.54297E-01,9.76562E-03
-1.0701398E+00,6.15234E-01,6.83594E-02
-1.0701214E+00,5.76172E-01,4.88281E-02
-1.0701029E+00,6.73828E-01,2.92969E-02
-1.0700844E+00,6.54297E-01,9.76562E-03
-1.0700659E+00,5.56641E-01,2.92969E-02
-1.0700474E+00,5.95703E-01,9.76562E-03
-1.0700290E+00,6.34766E-01,9.76562E-03
-1.0700105E+00,6.73828E-01,4.88281E-02
-1.0699920E+00,6.54297E-01,9.76562E-03
-1.0699735E+00,6.54297E-01,-2.92969E-02
-1.0699550E+00,6.54297E-01,2.92969E-02
-1.0699366E+00,6.34766E-01,2.92969E-02
-1.0699181E+00,5.76172E-01,4.88281E-02
-1.0698996E+00,6.93359E-01,9.76562E-03
-1.0698811E+00,5.95703E-01,4.88281E-02
-1.0698626E+00,6.54297E-01,-2.92969E-02
-1.0698442E+00,6.15234E-01,4.88281E-02
-1.0698257E+00,6.73828E-01,6.83594E-02
-1.0698072E+00,6.34766E-01,4.88281E-02
-1.0697887E+00,6.34766E-01,4.88281E-02
-1.0697702E+00,6.93359E-01,6.83594E-02
-1.0697518E+00,5.95703E-01,2.92969E-02
-1.0697333E+00,6.54297E-01,2.92969E-02
-1.0697148E+00,6.54297E-01,9.76562E-03
-1.0696963E+00,5.95703E-01,4.88281E-02
-1.0696778E+00,7.51953E-01,-9.76562E-03
-1.0696594E+00,6.34766E-01,6.83594E-02
-1.0696409E+00,6.34766E-01,-2.92969E-02
-1.0696224E+00,6.34766E-01,9.76562E-03
-1.0696039E+00,6.73828E-01,2.92969E-02
-1.0695854E+00,6.34766E-01,8.78906E-02
-1.0695670E+00,6.34766E-01,6.83594E-02
-1.0695485E+00,7.12891E-01,4.88281E-02
-1.0695300E+00,6.34766E-01,9.76562E-03
-1.0695115E+00,5.95703E-01,4.88281E-02
-1.0694930E+00,6.54297E-01,-9.76562E-03
-1.0694746E+00,6.54297E-01,4.88281E-02
-1.0694561E+00,6.15234E-01,4.88281E-02
-1.0694376E+00,6.34766E-01,-2.92969E-02
-1.0694191E+00,6.34766E-01,9.76562E-03
-1.0694006E+00,6.93359E-01,2.92969E-02
-1.0693822E+00,6.93359E-01,9.76562E-03
-1.0693637E+00,6.93359E-01,2.92969E-02
-1.0693452E+00,6.34766E-01,4.88281E-02
-1.0693267E+00,5.95703E-01,4.88281E-02
-1.0693082E+00,6.54297E-01,4.88281E-02
-1.0692898E+00,6.73828E-01,1.26953E-01
-1.0692713E+00,6.34766E-01,9.76562E-03
-1.0692528E+00,6.34766E-01,9.76562E-03
-1.0692343E+00,6.15234E-01,-2.92969E-02
-1.0692158E+00,6.54297E-01,2.92969E-02
-1.0691974E+00,6.54297E-01,4.88281E-02
-1.0691789E+00,7.12891E-01,2.92969E-02
-1.0691604E+00,6.54297E-01,9.76562E-03
-1.0691419E+00,6.34766E-01,4.88281E-02
-1.0691234E+00,6.93359E-01,9.76562E-03
-1.0691050E+00,6.15234E-01,6.83594E-02
-1.0690865E+00,6.54297E-01,9.76562E-03
-1.0690680E+00,6.73828E-01,4.88281E-02
-1.0690495E+00,6.73828E-01,6.83594E-02
-1.0690310E+00,6.15234E-01,2.92969E-02
-1.0690126E+00,6.93359E-01,-9.76562E-03
-1.0689941E+00,6.73828E-01,2.92969E-02
-1.0689756E+00,7.12891E-01,2.92969E-02
-1.0689571E+00,6.93359E-01,6.83594E-02
-1.0689386E+00,5.95703E-01,-2.92969E-02
-1.0689202E+00,6.54297E-01,-9.76562E-03
-1.0689017E+00,6.93359E-01,9.76562E-03
-1.0688832E+00,6.34766E-01,2.92969E-02
-1.0688647E+00,6.54297E-01,9.76562E-03
-1.0688462E+00,6.15234E-01,-4.88281E-02
-1.0688278E+00,7.12891E-01,4.88281E-02
-1.0688093E+00,6.73828E-01,4.88281E-02
-1.0687908E+00,6.54297E-01,2.92969E-02
-1.0687723E+00,6.15234E-01,4.88281E-02
-1.0687538E+00,6.54297E-01,9.76562E-03
-1.0687354E+00,6.34766E-01,9.76562E-03
-1.0687169E+00,6.54297E-01,-2.92969E-02
-1.0686984E+00,6.73828E-01,9.76562E-03
-1.0686799E+00,6.34766E-01,4.88281E-02
-1.0686614E+00,5.95703E-01,4.88281E-02
-1.0686430E+00,6.54297E-01,6.83594E-02
-1.0686245E+00,6.34766E-01,4.88281E-02
-1.0686060E+00,6.93359E-01,4.88281E-02
-1.0685875E+00,6.34766E-01,2.92969E-02
-1.0685690E+00,6.15234E-01,9.76562E-03
-1.0685506E+00,6.34766E-01,6.83594E-02
-1.0685321E+00,5.95703E-01,9.76562E-03
-1.0685136E+00,5.95703E-01,4.88281E-02
-1.0684951E+00,6.34766E-01,4.88281E-02
-1.0684766E+00,6.34766E-01,2.92969E-02
-1.0684582E+00,5.76172E-01,4.88281E-02
-1.0684397E+00,6.34766E-01,-2.92969E-02
-1.0684212E+00,6.54297E-01,9.76562E-03
-1.0684027E+00,6.34766E-01,4.88281E-02
-1.0683842E+00,6.93359E-01,9.76562E-03
-1.0683658E+00,5.76172E-01,6.83594E-02
-1.0683473E+00,6.73828E-01,-2.92969E-02
-1.0683288E+00,6.73828E-01,9.76562E-03
-1.0683103E+00,5.95703E-01,9.76562E-03
-1.0682918E+00,6.54297E-01,2.92969E-02
-1.0682734E+00,6.54297E-01,2.92969E-02
-1.0682549E+00,6.73828E-01,6.83594E-02
-1.0682364E+00,5.95703E-01,9.76562E-03
-1.0682179E+00,6.34766E-01,6.83594E-02
-1.0681994E+00,6.73828E-01,4.88281E-02
-1.0681810E+00,6.34766E-01,4.88281E-02
-1.0681625E+00,6.73828E-01,-6.83594E-02
-1.0681440E+00,6.54297E-01,2.92969E-02
-1.0681255E+00,5.76172E-01,9.76562E-03
-1.0681070E+00,6.73828E-01,9.76562E-03
-1.0680886E+00,6.93359E-01,9.76562E-03
-1.0680701E+00,6.15234E-01,4.88281E-02
-1.0680516E+00,5.95703E-01,9.76562E-03
-1.0680331E+00,6.54297E-01,2.92969E-02
-1.0680146E+00,5.95703E-01,2.92969E-02
-1.0679962E+00,6.15234E-01,2.92969E-02
-1.0679777E+00,6.15234E-01,6.83594E-02
-1.0679592E+00,6.73828E-01,2.92969E-02
-1.0679407E+00,6.34766E-01,-4.88281E-02
-1.0679222E+00,6.54297E-01,9.76562E-03
-1.0679038E+00,6.34766E-01,4.88281E-02
-1.0678853E+00,6.15234E-01,8.78906E-02
-1.0678668E+00,6.34766E-01,-2.92969E-02
-1.0678483E+00,6.34766E-01,9.76562E-03
-1.0678298E+00,6.34766E-01,4.88281E-02
-1.0678114E+00,6.54297E-01,4.88281E-02
-1.0677929E+00,5.95703E-01,4.88281E-02
-1.0677744E+00,5.95703E-01,2.92969E-02
-1.0677559E+00,6.73828E-01,-6.83594E-02
-1.0677374E+00,6.34766E-01,2.92969E-02
-1.0677190E+00,6.73828E-01,-9.76562E-03
-1.0677005E+00,5.95703E-01,6.83594E-02
-1.0676820E+00,6.93359E-01,4.88281E-02
-1.0676635E+00,6.54297E-01,4.88281E-02
-1.0676450E+00,5.95703E-01,-2.92969E-02
-1.0676266E+00,6.34766E-01,6.83594E-02
-1.0676081E+00,6.73828E-01,9.76562E-03
-1.0675896E+00,6.54297E-01,9.76562E-03
-1.0675711E+00,6.73828E-01,9.76562E-03
-1.0675526E+00,5.95703E-01,4.88281E-02
-1.0675342E+00,6.54297E-01,9.76562E-03
-1.0675157E+00,6.73828E-01,4.88281E-02
-1.0674972E+00,5.95703E-01,-9.76562E-03
-1.0674787E+00,7.12891E-01,1.07422E-01
-1.0674602E+00,7.71484E-01,6.83594E-02
-1.0674418E+00,6.34766E-01,9.76562E-03
-1.0674233E+00,6.73828E-01,6.83594E-02
-1.0674048E+00,6.54297E-01,4.88281E-02
-1.0673863E+00,5.95703E-01,9.76562E-03
-1.0673678E+00,6.34766E-01,9.76562E-03
-1.0673494E+00,6.54297E-01,2.92969E-02
-1.0673309E+00,7.12891E-01,2.92969E-02
-1.0673124E+00,6.34766E-01,4.88281E-02
-1.0672939E+00,6.93359E-01,1.07422E-01
-1.0672754E+00,6.54297E-01,4.88281E-02
-1.0672570E+00,5.76172E-01,2.92969E-02
-1.0672385E+00,6.93359E-01,2.92969E-02
-1.0672200E+00,6.73828E-01,6.83594E-02
-1.0672015E+00,6.73828E-01,4.88281E-02
-1.0671830E+00,6.15234E-01,6.83594E-02
-1.0671646E+00,7.12891E-01,2.92969E-02
-1.0671461E+00,6.73828E-01,4.88281E-02
-1.0671276E+00,6.73828E-01,9.76562E-03
-1.0671091E+00,5.95703E-01,2.92969E-02
-1.0670906E+00,7.12891E-01,4.88281E-02
-1.0670722E+00,6.34766E-01,6.83594E-02
-1.0670537E+00,6.54297E-01,2.92969E-02
-1.0670352E+00,7.32422E-01,6.83594E-02
-1.0670167E+00,6.54297E-01,2.92969E-02
-1.0669982E+00,6.34766E-01,1.26953E-01
-1.0669798E+00,6.93359E-01,4.88281E-02
-1.0669613E+00,6.93359E-01,-2.92969E-02
-1.0669428E+00,6.54297E-01,2.92969E-02
-1.0669243E+00,6.34766E-01,4.88281E-02
-1.0669058E+00,6.34766E-01,4.88281E-02
-1.0668874E+00,6.93359E-01,4.88281E-02
-1.0668689E+00,6.34766E-01,4.88281E-02
-1.0668504E+00,6.93359E-01,2.92969E-02
-1.0668319E+00,6.73828E-01,2.92969E-02
-1.0668134E+00,5.95703E-01,4.88281E-02
-1.0667950E+00,6.93359E-01,9.76562E-03
-1.0667765E+00,6.34766E-01,4.88281E-02
-1.0667580E+00,6.54297E-01,9.76562E-03
-1.0667395E+00,6.73828E-01,9.76562E-03
-1.0667210E+00,6.93359E-01,9.76562E-03
-1.0667026E+00,6.34766E-01,6.83594E-02
-1.0666841E+00,6.93359E-01,-9.76562E-03
-1.0666656E+00,6.73828E-01,2.92969E-02
-1.0666471E+00,6.73828E-01,4.88281E-02
-1.0666286E+00,6.93359E-01,4.88281E-02
-1.0666102E+00,6.34766E-01,-9.76562E-03
-1.0665917E+00,6.93359E-01,1.07422E-01
-1.0665732E+00,6.15234E-01,4.88281E-02
-1.0665547E+00,5.76172E-01,6.83594E-02
-1.0665362E+00,6.93359E-01,9.76562E-03
-1.0665178E+00,6.34766E-01,4.88281E-02
-1.0664993E+00,6.54297E-01,4.88281E-02
-1.0664808E+00,6.34766E-01,2.92969E-02
-1.0664623E+00,6.15234E-01,-9.76562E-03
-1.0664438E+00,5.95703E-01,2.92969E-02
-1.0664254E+00,6.54297E-01,9.76562E-03
-1.0664069E+00,6.34766E-01,8.78906E-02
-1.0663884E+00,6.54297E-01,6.83594E-02
-1.0663699E+00,6.34766E-01,6.83594E-02
-1.0663514E+00,6.34766E-01,9.76562E-03
-1.0663330E+00,6.93359E-01,-9.76562E-03
-1.0663145E+00,6.54297E-01,4.88281E-02
-1.0662960E+00,6.15234E-01,2.92969E-02
-1.0662775E+00,6.93359E-01,-9.76562E-03
-1.0662590E+00,6.34766E-01,1.07422E-01
-1.0662406E+00,6.73828E-01,9.76562E-03
-1.0662221E+00,6.15234E-01,4.88281E-02
-1.0662036E+00,6.73828E-01,2.92969E-02
-1.0661851E+00,5.95703E-01,6.83594E-02
-1.0661666E+00,6.54297E-01,2.92969E-02
-1.0661482E+00,6.73828E-01,6.83594E-02
-1.0661297E+00,6.34766E-01,2.92969E-02
-1.0661112E+00,6.15234E-01,6.83594E-02
-1.0660927E+00,6.54297E-01,4.88281E-02
-1.0660742E+00,6.54297E-01,2.92969E-02
-1.0660558E+00,6.54297E-01,-9.76562E-03
-1.0660373E+00,6.34766E-01,2.92969E-02
-1.0660188E+00,6.54297E-01,6.83594E-02
-1.0660003E+00,6.73828E-01,6.83594E-02
-1.0659818E+00,6.54297E-01,-2.92969E-02
-1.0659634E+00,6.73828E-01,2.92969E-02
-1.0659449E+00,6.54297E-01,-4.88281E-02
-1.0659264E+00,6.73828E-01,8.78906E-02
-1.0659079E+00,6.54297E-01,2.92969E-02
-1.0658894E+00,6.93359E-01,9.76562E-03
-1.0658710E+00,6.34766E-01,9.76562E-03
-1.0658525E+00,6.54297E-01,-4.88281E-02
-1.0658340E+00,6.93359E-01,2.92969E-02
-1.0658155E+00,6.15234E-01,6.83594E-02
-1.0657970E+00,6.54297E-01,2.92969E-02
-1.0657786E+00,6.93359E-01,2.92969E-02
-1.0657601E+00,7.12891E-01,-9.76562E-03
-1.0657416E+00,6.15234E-01,1.07422E-01
-1.0657231E+00,6.73828E-01,4.88281E-02
-1.0657046E+00,6.54297E-01,6.83594E-02
-1.0656862E+00,6.73828E-01,2.92969E-02
-1.0656677E+00,6.93359E-01,8.78906E-02
-1.0656492E+00,6.54297E-01,-4.88281E-02
-1.0656307E+00,6.93359E-01,2.92969E-02
-1.0656122E+00,6.73828E-01,2.92969E-02
-1.0655938E+00,6.54297E-01,4.88281E-02
-1.0655753E+00,6.73828E-01,2.92969E-02
-1.0655568E+00,5.95703E-01,2.92969E-02
-1.0655383E+00,6.34766E-01,6.83594E-02
-1.0655198E+00,6.54297E-01,1.07422E-01
-1.0655014E+00,6.34766E-01,4.88281E-02
-1.0654829E+00,6.34766E-01,6.83594E-02
-1.0654644E+00,6.34766E-01,9.76562E-03
-1.0654459E+00,6.34766E-01,4.88281E-02
-1.0654274E+00,6.93359E-01,2.92969E-02
-1.0654090E+00,7.51953E-01,9.76562E-03
-1.0653905E+00,6.73828E-01,9.76562E-03
-1.0653720E+00,5.95703E-01,4.88281E-02
-1.0653535E+00,6.73828E-01,-9.76562E-03
-1.0653350E+00,7.12891E-01,6.83594E-02
-1.0653166E+00,6.34766E-01,2.92969E-02
-1.0652981E+00,7.51953E-01,4.88281E-02
-1.0652796E+00,6.73828E-01,9.76562E-03
-1.0652611E+00,5.95703E-01,6.83594E-02
-1.0652426E+00,7.12891E-01,2.92969E-02
-1.0652242E+00,6.34766E-01,6.83594E-02
-1.0652057E+00,6.93359E-01,9.76562E-03
-1.0651872E+00,6.15234E-01,4.88281E-02
-1.0651687E+00,6.15234E-01,9.76562E-03
-1.0651502E+00,6.34766E-01,6.83594E-02
-1.0651318E+00,6.54297E-01,9.76562E-03
-1.0651133E+00,5.76172E-01,6.83594E-02
-1.0650948E+00,7.51953E-01,-9.76562E-03
-1.0650763E+00,6.73828E-01,8.78906E-02
-1.0650578E+00,7.12891E-01,4.88281E-02
-1.0650394E+00,6.54297E-01,2.92969E-02
-1.0650209E+00,6.54297E-01,4.88281E-02
-1.0650024E+00,6.93359E-01,1.26953E-01
-1.0649839E+00,6.54297E-01,2.92969E-02
-1.0649654E+00,6.15234E-01,2.92969E-02
-1.0649470E+00,7.12891E-01,4.88281E-02
-1.0649285E+00,6.93359E-01,4.88281E-02
-1.0649100E+00,6.54297E-01,2.92969E-02
-1.0648915E+00,6.34766E-01,6.83594E-02
-1.0648730E+00,6.93359E-01,-9.76562E-03
-1.0648546E+00,7.12891E-01,4.88281E-02
-1.0648361E+00,5.95703E-01,9.76562E-03
-1.0648176E+00,6.15234E-01,4.88281E-02
-1.0647991E+00,6.34766E-01,2.92969E-02
-1.0647806E+00,6.93359E-01,1.07422E-01
-1.0647622E+00,6.15234E-01,-2.92969E-02
-1.0647437E+00,6.73828E-01,4.88281E-02
-1.0647252E+00,6.93359E-01,4.88281E-02
-1.0647067E+00,6.73828E-01,8.78906E-02
-1.0646882E+00,6.93359E-01,4.88281E-02
-1.0646698E+00,6.93359E-01,4.88281E-02
-1.0646513E+00,6.54297E-01,2.92969E-02
-1.0646328E+00,6.54297E-01,8.78906E-02
-1.0646143E+00,7.12891E-01,2.92969E-02
-1.0645958E+00,7.12891E-01,2.92969E-02
-1.0645774E+00,6.73828E-01,6.83594E-02
-1.0645589E+00,6.73828E-01,6.83594E-02
-1.0645404E+00,6.73828E-01,-9.76562E-03
-1.0645219E+00,6.34766E-01,6.83594E-02
-1.0645034E+00,6.54297E-01,2.92969E-02
-1.0644850E+00,6.93359E-01,4.88281E-02
-1.0644665E+00,7.51953E-01,9.76562E-03
-1.0644480E+00,6.34766E-01,6.83594E-02
-1.0644295E+00,6.93359E-01,9.76562E-03
-1.0644110E+00,6.93359E-01,-9.76562E-03
-1.0643926E+00,7.12891E-01,-9.76562E-03
-1.0643741E+00,6.34766E-01,2.92969E-02
-1.0643556E+00,6.34766E-01,9.76562E-03
-1.0643371E+00,6.93359E-01,6.83594E-02
-1.0643186E+00,5.95703E-01,-9.76562E-03
-1.0643002E+00,6.93359E-01,8.78906E-02
-1.0642817E+00,5.95703E-01,4.88281E-02
-1.0642632E+00,6.93359E-01,-2.92969E-02
-1.0642447E+00,6.93359E-01,2.92969E-02
-1.0642262E+00,7.12891E-01,9.76562E-03
-1.0642078E+00,6.73828E-01,9.76562E-03
-1.0641893E+00,5.95703E-01,4.88281E-02
-1.0641708E+00,6.73828E-01,9.76562E-03
-1.0641523E+00,6.34766E-01,4.88281E-02
-1.0641338E+00,6.93359E-01,2.92969E-02
-1.0641154E+00,7.12891E-01,6.83594E-02
-1.0640969E+00,6.93359E-01,9.76562E-03
-1.0640784E+00,6.93359E-01,6.83594E-02
-1.0640599E+00,7.32422E-01,9.76562E-03
-1.0640414E+00,6.54297E-01,2.92969E-02
-1.0640230E+00,6.54297E-01,4.88281E-02
-1.0640045E+00,6.54297E-01,4.88281E-02
-1.0639860E+00,6.73828E-01,9.76562E-03
-1.0639675E+00,6.34766E-01,9.76562E-03
-1.0639490E+00,6.93359E-01,2.92969E-02
-1.0639306E+00,6.15234E-01,4.88281E-02
-1.0639121E+00,6.54297E-01,4.88281E-02
-1.0638936E+00,6.54297E-01,4.88281E-02
-1.0638751E+00,7.12891E-01,4.88281E-02
-1.0638566E+00,6.34766E-01,9.76562E-03
-1.0638382E+00,6.73828E-01,4.88281E-02
-1.0638197E+00,5.95703E-01,4.88281E-02
-1.0638012E+00,7.12891E-01,-9.76562E-03
-1.0637827E+00,6.54297E-01,9.76562E-03
-1.0637642E+00,6.73828E-01,9.76562E-03
-1.0637458E+00,6.34766E-01,4.88281E-02
-1.0637273E+00,6.54297E-01,4.88281E-02
-1.0637088E+00,6.93359E-01,2.92969E-02
-1.0636903E+00,5.95703E-01,9.76562E-03
-1.0636718E+00,6.54297E-01,2.92969E-02
-1.0636534E+00,6.73828E-01,2.92969E-02
-1.0636349E+00,6.93359E-01,2.92969E-02
-1.0636164E+00,6.73828E-01,2.92969E-02
-1.0635979E+00,6.73828E-01,6.83594E-02
-1.0635794E+00,6.54297E-01,2.92969E-02
-1.0635610E+00,6.54297E-01,9.76562E-03
-1.0635425E+00,6.93359E-01,9.76562E-03
-1.0635240E+00,5.56641E-01,2.92969E-02
-1.0635055E+00,6.93359E-01,9.76562E-03
-1.0634870E+00,6.54297E-01,4.88281E-02
-1.0634686E+00,6.54297E-01,-9.76562E-03
-1.0634501E+00,6.34766E-01,1.26953E-01
-1.0634316E+00,6.73828E-01,6.83594E-02
-1.0634131E+00,6.54297E-01,4.88281E-02
-1.0633946E+00,6.54297E-01,2.92969E-02
-1.0633762E+00,6.34766E-01,-9.76562E-03
-1.0633577E+00,6.54297E-01,2.92969E-02
-1.0633392E+00,6.93359E-01,-9.76562E-03
-1.0633207E+00,6.54297E-01,9.76562E-03
-1.0633022E+00,6.15234E-01,6.83594E-02
-1.0632838E+00,6.93359E-01,8.78906E-02
-1.0632653E+00,6.54297E-01,8.78906E-02
-1.0632468E+00,7.12891E-01,9.76562E-03
-1.0632283E+00,6.34766E-01,2.92969E-02
-1.0632098E+00,6.54297E-01,2.92969E-02
-1.0631914E+00,6.34766E-01,1.07422E-01
-1.0631729E+00,6.15234E-01,2.92969E-02
-1.0631544E+00,6.54297E-01,2.92969E-02
-1.0631359E+00,6.15234E-01,-9.76562E-03
-1.0631174E+00,6.54297E-01,2.92969E-02
-1.0630990E+00,6.54297E-01,2.92969E-02
-1.0630805E+00,7.12891E-01,6.83594E-02
-1.0630620E+00,6.93359E-01,9.76562E-03
-1.0630435E+00,6.93359E-01,1.26953E-01
-1.0630250E+00,6.93359E-01,9.76562E-03
-1.0630066E+00,6.93359E-01,6.83594E-02
-1.0629881E+00,6.73828E-01,6.83594E-02
-1.0629696E+00,6.93359E-01,4.88281E-02
-1.0629511E+00,6.34766E-01,9.76562E-03
-1.0629326E+00,6.93359E-01,2.92969E-02
-1.0629142E+00,7.12891E-01,9.76562E-03
-1.0628957E+00,6.34766E-01,4.88281E-02
-1.0628772E+00,7.12891E-01,2.92969E-02
-1.0628587E+00,6.54297E-01,4.88281E-02
-1.0628402E+00,6.15234E-01,9.76562E-03
-1.0628218E+00,6.73828E-01,4.88281E-02
-1.0628033E+00,6.54297E-01,-6.83594E-02
-1.0627848E+00,7.12891E-01,4.88281E-02
-1.0627663E+00,6.93359E-01,2.92969E-02
-1.0627478E+00,6.34766E-01,2.92969E-02
-1.0627294E+00,6.93359E-01,4.88281E-02
-1.0627109E+00,6.54297E-01,4.88281E-02
-1.0626924E+00,6.54297E-01,2.92969E-02
-1.0626739E+00,6.93359E-01,6.83594E-02
-1.0626554E+00,6.34766E-01,9.76562E-03
-1.0626370E+00,6.54297E-01,8.78906E-02
-1.0626185E+00,6.93359E-01,4.88281E-02
-1.0626000E+00,5.56641E-01,9.76562E-03
-1.0625815E+00,6.15234E-01,4.88281E-02
-1.0625630E+00,6.54297E-01,2.92969E-02
-1.0625446E+00,6.54297E-01,1.26953E-01
-1.0625261E+00,6.73828E-01,-9.76562E-03
-1.0625076E+00,6.73828E-01,9.76562E-03
-1.0624891E+00,6.34766E-01,6.83594E-02
-1.0624706E+00,6.73828E-01,9.76562E-03
-1.0624522E+00,7.51953E-01,2.92969E-02
-1.0624337E+00,6.73828E-01,9.76562E-03
-1.0624152E+00,6.93359E-01,2.92969E-02
-1.0623967E+00,7.12891E-01,2.92969E-02
-1.0623782E+00,6.34766E-01,9.76562E-03
-1.0623598E+00,6.93359E-01,4.88281E-02
-1.0623413E+00,6.93359E-01,4.88281E-02
-1.0623228E+00,6.93359E-01,9.76562E-03
-1.0623043E+00,6.15234E-01,4.88281E-02
-1.0622858E+00,6.34766E-01,2.92969E-02
-1.0622674E+00,6.34766E-01,1.07422E-01
-1.0622489E+00,7.91016E-01,2.92969E-02
-1.0622304E+00,6.34766E-01,9.76562E-03
-1.0622119E+00,6.93359E-01,4.88281E-02
-1.0621934E+00,6.34766E-01,9.76562E-03
-1.0621750E+00,6.54297E-01,-9.76562E-03
-1.0621565E+00,6.34766E-01,6.83594E-02
-1.0621380E+00,6.93359E-01,2.92969E-02
-1.0621195E+00,6.34766E-01,8.78906E-02
-1.0621010E+00,7.51953E-01,-9.76562E-03
-1.0620826E+00,6.93359E-01,2.92969E-02
-1.0620641E+00,6.93359E-01,2.92969E-02
-1.0620456E+00,6.54297E-01,4.88281E-02
-1.0620271E+00,7.12891E-01,-9.76562E-03
-1.0620086E+00,6.73828E-01,4.88281E-02
-1.0619902E+00,6.73828E-01,9.76562E-03
-1.0619717E+00,6.15234E-01,6.83594E-02
-1.0619532E+00,6.34766E-01,4.88281E-02
-1.0619347E+00,5.76172E-01,8.78906E-02
-1.0619162E+00,6.73828E-01,4.88281E-02
-1.0618978E+00,6.93359E-01,9.76562E-03
-1.0618793E+00,6.54297E-01,9.76562E-03
-1.0618608E+00,6.54297E-01,4.88281E-02
-1.0618423E+00,6.73828E-01,2.92969E-02
-1.0618238E+00,6.15234E-01,6.83594E-02
-1.0618054E+00,7.12891E-01,-9.76562E-03
-1.0617869E+00,6.34766E-01,9.76562E-03
-1.0617684E+00,6.54297E-01,-9.76562E-03
-1.0617499E+00,7.12891E-01,2.92969E-02
-1.0617314E+00,5.95703E-01,9.76562E-03
-1.0617130E+00,6.93359E-01,4.88281E-02
-1.0616945E+00,6.54297E-01,2.92969E-02
-1.0616760E+00,7.12891E-01,4.88281E-02
-1.0616575E+00,7.12891E-01,2.92969E-02
-1.0616390E+00,6.34766E-01,-4.88281E-02
-1.0616206E+00,7.12891E-01,9.76562E-03
-1.0616021E+00,6.73828E-01,6.83594E-02
-1.0615836E+00,7.12891E-01,2.92969E-02
-1.0615651E+00,6.73828E-01,4.88281E-02
-1.0615466E+00,6.73828E-01,4.88281E-02
-1.0615282E+00,6.93359E-01,9.76562E-03
-1.0615097E+00,6.34766E-01,9.76562E-03
-1.0614912E+00,6.15234E-01,-6.83594E-02
-1.0614727E+00,5.95703E-01,9.76562E-03
-1.0614542E+00,7.32422E-01,4.88281E-02
-1.0614358E+00,6.73828E-01,4.88281E-02
-1.0614173E+00,6.34766E-01,4.88281E-02
-1.0613988E+00,7.32422E-01,9.76562E-03
-1.0613803E+00,6.73828E-01,4.88281E-02
-1.0613618E+00,6.54297E-01,4.88281E-02
-1.0613434E+00,6.34766E-01,4.88281E-02
-1.0613249E+00,6.54297E-01,-9.76562E-03
-1.0613064E+00,6.93359E-01,1.46484E-01
-1.0612879E+00,6.93359E-01,-9.76562E-03
-1.0612694E+00,6.54297E-01,-2.92969E-02
-1.0612510E+00,6.73828E-01,4.88281E-02
-1.0612325E+00,6.34766E-01,9.76562E-03
-1.0612140E+00,6.15234E-01,9.76562E-03
-1.0611955E+00,7.12891E-01,8.78906E-02
-1.0611770E+00,6.54297E-01,9.76562E-03
-1.0611586E+00,6.93359E-01,2.92969E-02
-1.0611401E+00,7.32422E-01,6.83594E-02
-1.0611216E+00,6.15234E-01,8.78906E-02
-1.0611031E+00,6.34766E-01,9.76562E-03
-1.0610846E+00,7.32422E-01,2.92969E-02
-1.0610662E+00,7.51953E-01,9.76562E-03
-1.0610477E+00,6.93359E-01,9.76562E-03
-1.0610292E+00,7.12891E-01,-4.88281E-02
-1.0610107E+00,6.54297E-01,6.83594E-02
-1.0609922E+00,6.93359E-01,4.88281E-02
-1.0609738E+00,6.73828E-01,4.88281E-02
-1.0609553E+00,7.32422E-01,9.76562E-03
-1.0609368E+00,6.54297E-01,2.92969E-02
-1.0609183E+00,7.12891E-01,4.88281E-02
-1.0608998E+00,6.73828E-01,9.76562E-03
-1.0608814E+00,6.73828E-01,-9.76562E-03
-1.0608629E+00,6.54297E-01,6.83594E-02
-1.0608444E+00,6.93359E-01,6.83594E-02
-1.0608259E+00,6.34766E-01,6.83594E-02
-1.0608074E+00,6.93359E-01,9.76562E-03
-1.0607890E+00,7.12891E-01,2.92969E-02
-1.0607705E+00,6.93359E-01,9.76562E-03
-1.0607520E+00,6.34766E-01,2.92969E-02
-1.0607335E+00,7.12891E-01,2.92969E-02
-1.0607150E+00,7.32422E-01,6.83594E-02
-1.0606966E+00,7.12891E-01,-9.76562E-03
-1.0606781E+00,6.54297E-01,6.83594E-02
-1.0606596E+00,6.54297E-01,4.88281E-02
-1.0606411E+00,7.51953E-01,6.83594E-02
-1.0606226E+00,6.93359E-01,9.76562E-03
-1.0606042E+00,7.12891E-01,4.88281E-02
-1.0605857E+00,7.32422E-01,4.88281E-02
-1.0605672E+00,6.34766E-01,2.92969E-02
-1.0605487E+00,7.12891E-01,6.83594E-02
-1.0605302E+00,7.51953E-01,2.92969E-02
-1.0605118E+00,6.54297E-01,-9.76562E-03
-1.0604933E+00,6.93359E-01,2.92969E-02
-1.0604748E+00,6.73828E-01,9.76562E-03
-1.0604563E+00,6.73828E-01,9.76562E-03
-1.0604378E+00,6.34766E-01,2.92969E-02
-1.0604194E+00,6.34766E-01,9.76562E-03
-1.0604009E+00,6.93359E-01,2.92969E-02
-1.0603824E+00,6.93359E-01,2.92969E-02
-1.0603639E+00,6.54297E-01,-9.76562E-03
-1.0603454E+00,6.54297E-01,4.88281E-02
-1.0603270E+00,7.12891E-01,-9.76562E-03
-1.0603085E+00,6.73828E-01,4.88281E-02
-1.0602900E+00,6.73828E-01,4.88281E-02
-1.0602715E+00,6.15234E-01,2.92969E-02
-1.0602530E+00,6.93359E-01,9.76562E-03
-1.0602346E+00,6.73828E-01,6.83594E-02
-1.0602161E+00,6.93359E-01,4.88281E-02
-1.0601976E+00,6.93359E-01,4.88281E-02
-1.0601791E+00,6.15234E-01,6.83594E-02
-1.0601606E+00,6.34766E-01,4.88281E-02
-1.0601422E+00,7.51953E-01,2.92969E-02
-1.0601237E+00,6.93359E-01,4.88281E-02
-1.0601052E+00,6.34766E-01,9.76562E-03
-1.0600867E+00,5.95703E-01,2.92969E-02
-1.0600682E+00,6.54297E-01,-2.92969E-02
-1.0600498E+00,6.34766E-01,6.83594E-02
-1.0600313E+00,6.54297E-01,6.83594E-02
-1.0600128E+00,6.54297E-01,6.83594E-02
-1.0599943E+00,7.12891E-01,9.76562E-03
-1.0599758E+00,6.34766E-01,8.78906E-02
-1.0599574E+00,6.73828E-01,2.92969E-02
-1.0599389E+00,6.93359E-01,1.07422E-01
-1.0599204E+00,6.54297E-01,6.83594E-02
-1.0599019E+00,6.73828E-01,4.88281E-02
-1.0598834E+00,6.93359E-01,2.92969E-02
-1.0598650E+00,6.73828E-01,2.92969E-02
-1.0598465E+00,7.32422E-01,4.88281E-02
-1.0598280E+00,7.32422E-01,9.76562E-03
-1.0598095E+00,7.51953E-01,4.88281E-02
-1.0597910E+00,6.93359E-01,-9.76562E-03
-1.0597726E+00,6.54297E-01,4.88281E-02
-1.0597541E+00,6.54297E-01,9.76562E-03
-1.0597356E+00,7.12891E-01,4.88281E-02
-1.0597171E+00,6.34766E-01,6.83594E-02
-1.0596986E+00,6.73828E-01,2.92969E-02
-1.0596802E+00,6.73828E-01,6.83594E-02
-1.0596617E+00,6.34766E-01,2.92969E-02
-1.0596432E+00,6.73828E-01,9.76562E-03
-1.0596247E+00,7.71484E-01,9.76562E-03
-1.0596062E+00,6.93359E-01,4.88281E-02
-1.0595878E+00,7.12891E-01,9.76562E-03
-1.0595693E+00,6.54297E-01,9.76562E-03
-1.0595508E+00,7.32422E-01,6.83594E-02
-1.0595323E+00,6.93359E-01,6.83594E-02
-1.0595138E+00,7.12891E-01,9.76562E-03
-1.0594954E+00,6.15234E-01,4.88281E-02
-1.0594769E+00,6.54297E-01,9.76562E-03
-1.0594584E+00,6.73828E-01,2.92969E-02
-1.0594399E+00,6.93359E-01,-9.76562E-03
-1.0594214E+00,6.73828E-01,4.88281E-02
-1.0594030E+00,6.73828E-01,-9.76562E-03
-1.0593845E+00,7.32422E-01,2.92969E-02
-1.0593660E+00,6.93359E-01,-2.92969E-02
-1.0593475E+00,7.12891E-01,8.78906E-02
-1.0593290E+00,6.93359E-01,4.88281E-02
-1.0593106E+00,5.95703E-01,2.92969E-02
-1.0592921E+00,6.93359E-01,9.76562E-03
-1.0592736E+00,6.73828E-01,4.88281E-02
-1.0592551E+00,7.51953E-01,-2.92969E-02
-1.0592366E+00,6.34766E-01,8.78906E-02
-1.0592182E+00,6.54297E-01,9.76562E-03
-1.0591997E+00,6.54297E-01,9.76562E-03
-1.0591812E+00,7.12891E-01,4.88281E-02
-1.0591627E+00,6.93359E-01,4.88281E-02
-1.0591442E+00,6.15234E-01,-2.92969E-02
-1.0591258E+00,7.32422E-01,6.83594E-02
-1.0591073E+00,7.12891E-01,4.88281E-02
-1.0590888E+00,6.93359E-01,4.88281E-02
-1.0590703E+00,6.34766E-01,4.88281E-02
-1.0590518E+00,6.73828E-01,8.78906E-02
-1.0590334E+00,6.54297E-01,2.92969E-02
-1.0590149E+00,6.34766E-01,4.88281E-02
-1.0589964E+00,6.73828E-01,2.92969E-02
-1.0589779E+00,6.73828E-01,9.76562E-03
-1.0589594E+00,7.12891E-01,2.92969E-02
-1.0589410E+00,7.12891E-01,6.83594E-02
-1.0589225E+00,7.12891E-01,2.92969E-02
-1.0589040E+00,7.12891E-01,-4.88281E-02
-1.0588855E+00,7.12891E-01,-9.76562E-03
-1.0588670E+00,7.51953E-01,-4.88281E-02
-1.0588486E+00,7.32422E-01,9.76562E-03
-1.0588301E+00,7.12891E-01,6.83594E-02
-1.0588116E+00,7.32422E-01,2.92969E-02
-1.0587931E+00,7.12891E-01,9.76562E-03
-1.0587746E+00,6.73828E-01,6.83594E-02
-1.0587562E+00,6.93359E-01,4.88281E-02
-1.0587377E+00,6.73828E-01,-9.76562E-03
-1.0587192E+00,7.51953E-01,9.76562E-03
-1.0587007E+00,7.51953E-01,2.92969E-02
-1.0586822E+00,6.73828E-01,2.92969E-02
-1.0586638E+00,7.12891E-01,9.76562E-03
-1.0586453E+00,7.32422E-01,2.92969E-02
-1.0586268E+00,6.73828E-01,-9.76562E-03
-1.0586083E+00,7.32422E-01,4.88281E-02
-1.0585898E+00,7.32422E-01,-6.83594E-02
-1.0585714E+00,6.73828E-01,6.83594E-02
-1.0585529E+00,6.73828E-01,-9.76562E-03
-1.0585344E+00,6.93359E-01,2.92969E-02
-1.0585159E+00,7.12891E-01,2.92969E-02
-1.0584974E+00,6.54297E-01,6.83594E-02
-1.0584790E+00,7.32422E-01,4.88281E-02
-1.0584605E+00,6.34766E-01,6.83594E-02
-1.0584420E+00,6.54297E-01,6.83594E-02
-1.0584235E+00,6.54297E-01,-4.88281E-02
-1.0584050E+00,6.93359E-01,4.88281E-02
-1.0583866E+00,6.93359E-01,6.83594E-02
-1.0583681E+00,6.73828E-01,4.88281E-02
-1.0583496E+00,7.12891E-01,6.83594E-02
-1.0583311E+00,6.15234E-01,-9.76562E-03
-1.0583126E+00,7.32422E-01,-4.88281E-02
-1.0582942E+00,6.93359E-01,9.76562E-03
-1.0582757E+00,6.73828E-01,6.83594E-02
-1.0582572E+00,7.32422E-01,6.83594E-02
-1.0582387E+00,7.12891E-01,4.88281E-02
-1.0582202E+00,7.12891E-01,9.76562E-03
-1.0582018E+00,7.51953E-01,4.88281E-02
-1.0581833E+00,7.32422E-01,6.83594E-02
-1.0581648E+00,7.12891E-01,8.78906E-02
-1.0581463E+00,7.12891E-01,-9.76562E-03
-1.0581278E+00,6.34766E-01,8.78906E-02
-1.0581094E+00,7.12891E-01,9.76562E-03
-1.0580909E+00,6.54297E-01,4.88281E-02
-1.0580724E+00,6.73828E-01,9.76562E-03
-1.0580539E+00,6.15234E-01,4.88281E-02
-1.0580354E+00,7.12891E-01,2.92969E-02
-1.0580170E+00,6.54297E-01,2.92969E-02
-1.0579985E+00,7.12891E-01,4.88281E-02
-1.0579800E+00,6.93359E-01,-9.76562E-03
-1.0579615E+00,6.73828E-01,-9.76562E-03
-1.0579430E+00,6.73828E-01,8.78906E-02
-1.0579246E+00,7.51953E-01,4.88281E-02
-1.0579061E+00,7.12891E-01,2.92969E-02
-1.0578876E+00,6.73828E-01,2.92969E-02
-1.0578691E+00,6.73828E-01,2.92969E-02
-1.0578506E+00,6.93359E-01,4.88281E-02
-1.0578322E+00,6.73828E-01,9.76562E-03
-1.0578137E+00,6.54297E-01,4.88281E-02
-1.0577952E+00,7.12891E-01,4.88281E-02
-1.0577767E+00,6.54297E-01,2.92969E-02
-1.0577582E+00,7.12891E-01,4.88281E-02
-1.0577398E+00,7.12891E-01,9.76562E-03
-1.0577213E+00,7.12891E-01,4.88281E-02
-1.0577028E+00,7.12891E-01,9.76562E-03
-1.0576843E+00,6.15234E-01,6.83594E-02
-1.0576658E+00,6.34766E-01,2.92969E-02
-1.0576474E+00,6.34766E-01,6.83594E-02
-1.0576289E+00,7.12891E-01,2.92969E-02
-1.0576104E+00,7.12891E-01,9.76562E-03
-1.0575919E+00,7.32422E-01,-9.76562E-03
-1.0575734E+00,6.54297E-01,4.88281E-02
-1.0575550E+00,6.54297E-01,4.88281E-02
-1.0575365E+00,6.54297E-01,9.76562E-03
-1.0575180E+00,6.54297E-01,9.76562E-03
-1.0574995E+00,6.93359E-01,8.78906E-02
-1.0574810E+00,6.93359E-01,9.76562E-03
-1.0574626E+00,6.34766E-01,4.88281E-02
-1.0574441E+00,6.93359E-01,6.83594E-02
-1.0574256E+00,6.73828E-01,2.92969E-02
-1.0574071E+00,6.93359E-01,2.92969E-02
-1.0573886E+00,6.73828E-01,2.92969E-02
-1.0573702E+00,6.54297E-01,-9.76562E-03
-1.0573517E+00,7.71484E-01,8.78906E-02
-1.0573332E+00,6.73828E-01,2.92969E-02
-1.0573147E+00,6.54297E-01,2.92969E-02
-1.0572962E+00,6.73828E-01,9.76562E-03
-1.0572778E+00,6.73828E-01,8.78906E-02
-1.0572593E+00,6.93359E-01,4.88281E-02
-1.0572408E+00,7.32422E-01,4.88281E-02
-1.0572223E+00,6.73828E-01,9.76562E-03
-1.0572038E+00,6.34766E-01,9.76562E-03
-1.0571854E+00,6.73828E-01,4.88281E-02
-1.0571669E+00,5.95703E-01,6.83594E-02
-1.0571484E+00,7.12891E-01,2.92969E-02
-1.0571299E+00,6.93359E-01,6.83594E-02
-1.0571114E+00,7.71484E-01,-9.76562E-03
-1.0570930E+00,6.93359E-01,1.07422E-01
-1.0570745E+00,7.12891E-01,2.92969E-02
-1.0570560E+00,7.12891E-01,8.78906E-02
-1.0570375E+00,6.54297E-01,6.83594E-02
-1.0570190E+00,6.54297E-01,9.76562E-03
-1.0570006E+00,6.54297E-01,2.92969E-02
-1.0569821E+00,6.93359E-01,4.88281E-02
-1.0569636E+00,7.32422E-01,9.76562E-03
-1.0569451E+00,7.51953E-01,4.88281E-02
-1.0569266E+00,7.71484E-01,-4.88281E-02
-1.0569082E+00,6.93359E-01,6.83594E-02
-1.0568897E+00,7.32422E-01,2.92969E-02
-1.0568712E+00,7.12891E-01,2.92969E-02
-1.0568527E+00,7.12891E-01,9.76562E-03
-1.0568342E+00,7.12891E-01,9.76562E-03
-1.0568158E+00,6.93359E-01,4.88281E-02
-1.0567973E+00,7.12891E-01,-4.88281E-02
-1.0567788E+00,7.12891E-01,-9.76562E-03
-1.0567603E+00,6.73828E-01,2.92969E-02
-1.0567418E+00,7.12891E-01,4.88281E-02
-1.0567234E+00,6.93359E-01,4.88281E-02
-1.0567049E+00,6.73828E-01,4.88281E-02
-1.0566864E+00,6.54297E-01,4.88281E-02
-1.0566679E+00,7.51953E-01,9.76562E-03
-1.0566494E+00,6.54297E-01,4.88281E-02
-1.0566310E+00,7.12891E-01,2.92969E-02
-1.0566125E+00,6.54297E-01,6.83594E-02
-1.0565940E+00,7.12891E-01,9.76562E-03
-1.0565755E+00,6.54297E-01,4.88281E-02
-1.0565570E+00,6.93359E-01,2.92969E-02
-1.0565386E+00,6.54297E-01,4.88281E-02
-1.0565201E+00,7.12891E-01,9.76562E-03
-1.0565016E+00,7.51953E-01,9.76562E-03
-1.0564831E+00,6.93359E-01,2.92969E-02
-1.0564646E+00,7.12891E-01,6.83594E-02
-1.0564462E+00,6.73828E-01,-9.76562E-03
-1.0564277E+00,6.73828E-01,9.76562E-03
-1.0564092E+00,6.93359E-01,9.76562E-03
-1.0563907E+00,7.12891E-01,2.92969E-02
-1.0563722E+00,6.93359E-01,4.88281E-02
-1.0563538E+00,6.93359E-01,2.92969E-02
-1.0563353E+00,6.73828E-01,2.92969E-02
-1.0563168E+00,6.93359E-01,4.88281E-02
-1.0562983E+00,6.93359E-01,-9.76562E-03
-1.0562798E+00,7.12891E-01,2.92969E-02
-1.0562614E+00,7.12891E-01,4.88281E-02
-1.0562429E+00,6.73828E-01,9.76562E-03
-1.0562244E+00,7.12891E-01,4.88281E-02
-1.0562059E+00,7.12891E-01,2.92969E-02
-1.0561874E+00,6.93359E-01,9.76562E-03
-1.0561690E+00,6.93359E-01,2.92969E-02
-1.0561505E+00,6.93359E-01,-9.76562E-03
-1.0561320E+00,6.93359E-01,6.83594E-02
-1.0561135E+00,6.54297E-01,-9.76562E-03
-1.0560950E+00,7.12891E-01,4.88281E-02
-1.0560766E+00,7.51953E-01,9.76562E-03
-1.0560581E+00,6.15234E-01,-9.76562E-03
-1.0560396E+00,7.71484E-01,9.76562E-03
-1.0560211E+00,7.12891E-01,6.83594E-02
-1.0560026E+00,6.54297E-01,-2.92969E-02
-1.0559842E+00,6.73828E-01,4.88281E-02
-1.0559657E+00,7.91016E-01,4.88281E-02
-1.0559472E+00,6.93359E-01,6.83594E-02
-1.0559287E+00,6.93359E-01,2.92969E-02
-1.0559102E+00,6.93359E-01,2.92969E-02
-1.0558918E+00,6.93359E-01,6.83594E-02
-1.0558733E+00,7.71484E-01,8.78906E-02
-1.0558548E+00,6.73828E-01,4.88281E-02
-1.0558363E+00,6.15234E-01,9.76562E-03
-1.0558178E+00,7.12891E-01,2.92969E-02
-1.0557994E+00,7.12891E-01,2.92969E-02
-1.0557809E+00,6.54297E-01,4.88281E-02
-1.0557624E+00,6.93359E-01,6.83594E-02
-1.0557439E+00,7.71484E-01,-9.76562E-03
-1.0557254E+00,6.93359E-01,1.26953E-01
-1.0557070E+00,7.12891E-01,-9.76562E-03
-1.0556885E+00,6.15234E-01,2.92969E-02
-1.0556700E+00,7.12891E-01,-2.92969E-02
-1.0556515E+00,7.12891E-01,1.07422E-01
-1.0556330E+00,6.93359E-01,9.76562E-03
-1.0556146E+00,6.34766E-01,1.26953E-01
-1.0555961E+00,7.71484E-01,4.88281E-02
-1.0555776E+00,6.73828E-01,4.88281E-02
-1.0555591E+00,6.73828E-01,2.92969E-02
-1.0555406E+00,7.12891E-01,2.92969E-02
-1.0555222E+00,6.93359E-01,4.88281E-02
-1.0555037E+00,7.12891E-01,6.83594E-02
-1.0554852E+00,6.93359E-01,2.92969E-02
-1.0554667E+00,6.93359E-01,6.83594E-02
-1.0554482E+00,6.73828E-01,-4.88281E-02
-1.0554298E+00,7.12891E-01,-9.76562E-03
-1.0554113E+00,7.12891E-01,6.83594E-02
-1.0553928E+00,6.93359E-01,8.78906E-02
-1.0553743E+00,7.32422E-01,-2.92969E-02
-1.0553558E+00,7.71484E-01,6.83594E-02
-1.0553374E+00,6.93359E-01,9.76562E-03
-1.0553189E+00,6.73828E-01,9.76562E-03
-1.0553004E+00,6.54297E-01,4.88281E-02
-1.0552819E+00,6.93359E-01,9.76562E-03
-1.0552634E+00,7.32422E-01,-9.76562E-03
-1.0552450E+00,6.93359E-01,2.92969E-02
-1.0552265E+00,6.73828E-01,4.88281E-02
-1.0552080E+00,7.12891E-01,4.88281E-02
-1.0551895E+00,6.73828E-01,-9.76562E-03
-1.0551710E+00,6.93359E-01,2.92969E-02
-1.0551526E+00,6.54297E-01,9.76562E-03
-1.0551341E+00,7.51953E-01,4.88281E-02
-1.0551156E+00,6.93359E-01,2.92969E-02
-1.0550971E+00,7.32422E-01,9.76562E-03
-1.0550786E+00,7.12891E-01,1.07422E-01
-1.0550602E+00,7.51953E-01,9.76562E-03
-1.0550417E+00,6.73828E-01,9.76562E-03
-1.0550232E+00,6.54297E-01,6.83594E-02
-1.0550047E+00,7.32422E-01,6.83594E-02
-1.0549862E+00,6.93359E-01,2.92969E-02
-1.0549678E+00,7.12891E-01,4.88281E-02
-1.0549493E+00,7.12891E-01,2.92969E-02
-1.0549308E+00,7.32422E-01,2.92969E-02
-1.0549123E+00,6.93359E-01,2.92969E-02
-1.0548938E+00,6.93359E-01,4.88281E-02
-1.0548754E+00,6.93359E-01,-2.92969E-02
-1.0548569E+00,7.12891E-01,4.88281E-02
-1.0548384E+00,6.73828E-01,2.92969E-02
-1.0548199E+00,7.51953E-01,-2.92969E-02
-1.0548014E+00,7.12891E-01,-9.76562E-03
-1.0547830E+00,7.12891E-01,4.88281E-02
-1.0547645E+00,6.73828E-01,4.88281E-02
-1.0547460E+00,6.73828E-01,-4.88281E-02
-1.0547275E+00,7.12891E-01,4.88281E-02
-1.0547090E+00,6.34766E-01,-9.76562E-03
-1.0546906E+00,6.54297E-01,2.92969E-02
-1.0546721E+00,6.73828E-01,4.88281E-02
-1.0546536E+00,7.51953E-01,1.07422E-01
-1.0546351E+00,6.73828E-01,-9.76562E-03
-1.0546166E+00,6.73828E-01,2.92969E-02
-1.0545982E+00,7.51953E-01,9.76562E-03
-1.0545797E+00,6.73828E-01,4.88281E-02
-1.0545612E+00,7.91016E-01,4.88281E-02
-1.0545427E+00,6.73828E-01,9.76562E-03
-1.0545242E+00,7.12891E-01,6.83594E-02
-1.0545058E+00,6.93359E-01,4.88281E-02
-1.0544873E+00,6.93359E-01,9.76562E-03
-1.0544688E+00,6.54297E-01,8.78906E-02
-1.0544503E+00,7.12891E-01,6.83594E-02
-1.0544318E+00,7.12891E-01,9.76562E-03
-1.0544134E+00,8.30078E-01,9.76562E-03
-1.0543949E+00,7.51953E-01,4.88281E-02
-1.0543764E+00,7.12891E-01,2.92969E-02
-1.0543579E+00,6.73828E-01,4.88281E-02
-1.0543394E+00,6.54297E-01,4.88281E-02
-1.0543210E+00,6.93359E-01,4.88281E-02
-1.0543025E+00,6.93359E-01,9.76562E-03
-1.0542840E+00,7.12891E-01,9.76562E-03
-1.0542655E+00,7.32422E-01,2.92969E-02
-1.0542470E+00,7.32422E-01,6.83594E-02
-1.0542286E+00,7.71484E-01,4.88281E-02
-1.0542101E+00,7.12891E-01,4.88281E-02
-1.0541916E+00,7.12891E-01,2.92969E-02
-1.0541731E+00,7.12891E-01,6.83594E-02
-1.0541546E+00,7.32422E-01,9.76562E-03
-1.0541362E+00,6.93359E-01,2.92969E-02
-1.0541177E+00,6.15234E-01,4.88281E-02
-1.0540992E+00,6.93359E-01,2.92969E-02
-1.0540807E+00,7.91016E-01,2.92969E-02
-1.0540622E+00,7.32422E-01,9.76562E-03
-1.0540438E+00,7.51953E-01,9.76562E-03
-1.0540253E+00,7.12891E-01,6.83594E-02
-1.0540068E+00,7.12891E-01,4.88281E-02
-1.0539883E+00,7.32422E-01,4.88281E-02
-1.0539698E+00,7.32422E-01,4.88281E-02
-1.0539514E+00,6.54297E-01,6.83594E-02
-1.0539329E+00,7.12891E-01,4.88281E-02
-1.0539144E+00,6.93359E-01,6.83594E-02
-1.0538959E+00,7.51953E-01,2.92969E-02
-1.0538774E+00,6.93359E-01,2.92969E-02
-1.0538590E+00,7.51953E-01,-2.92969E-02
-1.0538405E+00,6.93359E-01,2.92969E-02
-1.0538220E+00,6.73828E-01,9.76562E-03
-1.0538035E+00,6.54297E-01,6.83594E-02
-1.0537850E+00,7.32422E-01,2.92969E-02
-1.0537666E+00,6.54297E-01,9.76562E-03
-1.0537481E+00,7.51953E-01,6.83594E-02
-1.0537296E+00,7.12891E-01,4.88281E-02
-1.0537111E+00,7.51953E-01,-2.92969E-02
-1.0536926E+00,7.12891E-01,4.88281E-02
-1.0536742E+00,6.54297E-01,4.88281E-02
-1.0536557E+00,7.12891E-01,1.07422E-01
-1.0536372E+00,7.12891E-01,-9.76562E-03
-1.0536187E+00,6.34766E-01,9.76562E-03
-1.0536002E+00,7.12891E-01,9.76562E-03
-1.0535818E+00,7.12891E-01,6.83594E-02
-1.0535633E+00,7.12891E-01,2.92969E-02
-1.0535448E+00,6.54297E-01,9.76562E-03
-1.0535263E+00,6.93359E-01,4.88281E-02
-1.0535078E+00,7.32422E-01,6.83594E-02
-1.0534894E+00,7.12891E-01,6.83594E-02
-1.0534709E+00,6.34766E-01,6.83594E-02
-1.0534524E+00,6.93359E-01,-4.88281E-02
-1.0534339E+00,6.93359E-01,9.76562E-03
-1.0534154E+00,7.71484E-01,9.76562E-03
-1.0533970E+00,6.73828E-01,2.92969E-02
-1.0533785E+00,7.12891E-01,2.92969E-02
-1.0533600E+00,6.73828E-01,9.76562E-03
-1.0533415E+00,6.93359E-01,4.88281E-02
-1.0533230E+00,6.54297E-01,9.76562E-03
-1.0533046E+00,6.54297E-01,9.76562E-03
-1.0532861E+00,7.32422E-01,6.83594E-02
-1.0532676E+00,7.32422E-01,9.76562E-03
-1.0532491E+00,6.73828E-01,6.83594E-02
-1.0532306E+00,6.93359E-01,9.76562E-03
-1.0532122E+00,7.32422E-01,9.76562E-03
-1.0531937E+00,7.71484E-01,9.76562E-03
-1.0531752E+00,6.73828E-01,2.92969E-02
-1.0531567E+00,7.12891E-01,2.92969E-02
-1.0531382E+00,7.12891E-01,9.76562E-03
-1.0531198E+00,6.54297E-01,-2.92969E-02
-1.0531013E+00,6.73828E-01,8.78906E-02
-1.0530828E+00,7.51953E-01,9.76562E-03
-1.0530643E+00,7.12891E-01,2.92969E-02
-1.0530458E+00,7.71484E-01,2.92969E-02
-1.0530274E+00,7.51953E-01,4.88281E-02
-1.0530089E+00,6.93359E-01,9.76562E-03
-1.0529904E+00,7.51953E-01,2.92969E-02
-1.0529719E+00,7.32422E-01,9.76562E-03
-1.0529534E+00,7.32422E-01,9.76562E-03
-1.0529350E+00,6.54297E-01,9.76562E-03
-1.0529165E+00,7.12891E-01,6.83594E-02
-1.0528980E+00,7.12891E-01,9.76562E-03
-1.0528795E+00,6.54297E-01,4.88281E-02
-1.0528610E+00,6.73828E-01,4.88281E-02
-1.0528426E+00,6.93359E-01,2.92969E-02
-1.0528241E+00,7.12891E-01,2.92969E-02
-1.0528056E+00,7.12891E-01,9.76562E-03
-1.0527871E+00,6.73828E-01,2.92969E-02
-1.0527686E+00,7.32422E-01,8.78906E-02
-1.0527502E+00,7.12891E-01,9.76562E-03
-1.0527317E+00,7.12891E-01,4.88281E-02
-1.0527132E+00,7.51953E-01,4.88281E-02
-1.0526947E+00,7.12891E-01,2.92969E-02
-1.0526762E+00,6.54297E-01,-2.92969E-02
-1.0526578E+00,7.12891E-01,9.76562E-03
-1.0526393E+00,7.32422E-01,4.88281E-02
-1.0526208E+00,6.73828E-01,9.76562E-03
-1.0526023E+00,6.73828E-01,2.92969E-02
-1.0525838E+00,6.54297E-01,4.88281E-02
-1.0525654E+00,7.51953E-01,9.76562E-03
-1.0525469E+00,7.12891E-01,9.76562E-03
-1.0525284E+00,7.12891E-01,4.88281E-02
-1.0525099E+00,6.93359E-01,4.88281E-02
-1.0524914E+00,7.51953E-01,9.76562E-03
-1.0524730E+00,6.73828E-01,9.76562E-03
-1.0524545E+00,7.32422E-01,2.92969E-02
-1.0524360E+00,7.12891E-01,4.88281E-02
-1.0524175E+00,6.93359E-01,4.88281E-02
-1.0523990E+00,6.93359E-01,6.83594E-02
-1.0523806E+00,7.12891E-01,9.76562E-03
-1.0523621E+00,6.93359E-01,6.83594E-02
-1.0523436E+00,6.93359E-01,2.92969E-02
-1.0523251E+00,6.73828E-01,2.92969E-02
-1.0523066E+00,7.12891E-01,-4.88281E-02
-1.0522882E+00,7.71484E-01,4.88281E-02
-1.0522697E+00,6.54297E-01,2.92969E-02
-1.0522512E+00,7.12891E-01,8.78906E-02
-1.0522327E+00,7.12891E-01,9.76562E-03
-1.0522142E+00,7.71484E-01,9.76562E-03
-1.0521958E+00,7.12891E-01,4.88281E-02
-1.0521773E+00,7.32422E-01,2.92969E-02
-1.0521588E+00,7.32422E-01,-9.76562E-03
-1.0521403E+00,6.54297E-01,4.88281E-02
-1.0521218E+00,7.32422E-01,-9.76562E-03
-1.0521034E+00,7.12891E-01,4.88281E-02
-1.0520849E+00,7.51953E-01,-9.76562E-03
-1.0520664E+00,7.12891E-01,6.83594E-02
-1.0520479E+00,6.73828E-01,6.83594E-02
-1.0520294E+00,7.32422E-01,2.92969E-02
-1.0520110E+00,6.93359E-01,-9.76562E-03
-1.0519925E+00,6.93359E-01,2.92969E-02
-1.0519740E+00,7.91016E-01,9.76562E-03
-1.0519555E+00,7.12891E-01,6.83594E-02
-1.0519370E+00,6.93359E-01,-9.76562E-03
-1.0519186E+00,7.32422E-01,6.83594E-02
-1.0519001E+00,6.73828E-01,2.92969E-02
-1.0518816E+00,7.32422E-01,4.88281E-02
-1.0518631E+00,6.93359E-01,4.88281E-02
-1.0518446E+00,7.51953E-01,6.83594E-02
-1.0518262E+00,6.34766E-01,9.76562E-03
-1.0518077E+00,7.32422E-01,4.88281E-02
-1.0517892E+00,7.12891E-01,2.92969E-02
-1.0517707E+00,6.73828E-01,6.83594E-02
-1.0517522E+00,7.32422E-01,9.76562E-03
-1.0517338E+00,7.32422E-01,6.83594E-02
-1.0517153E+00,7.71484E-01,2.92969E-02
-1.0516968E+00,6.93359E-01,6.83594E-02
-1.0516783E+00,7.12891E-01,4.88281E-02
-1.0516598E+00,7.32422E-01,6.83594E-02
-1.0516414E+00,7.71484E-01,4.88281E-02
-1.0516229E+00,7.32422E-01,2.92969E-02
-1.0516044E+00,6.93359E-01,9.76562E-03
-1.0515859E+00,7.32422E-01,6.83594E-02
-1.0515674E+00,7.12891E-01,9.76562E-03
-1.0515490E+00,7.32422E-01,2.92969E-02
-1.0515305E+00,7.32422E-01,9.76562E-03
-1.0515120E+00,7.12891E-01,1.07422E-01
-1.0514935E+00,6.54297E-01,-2.92969E-02
-1.0514750E+00,7.12891E-01,4.88281E-02
-1.0514566E+00,6.93359E-01,2.92969E-02
-1.0514381E+00,7.91016E-01,4.88281E-02
-1.0514196E+00,7.32422E-01,-9.76562E-03
-1.0514011E+00,7.32422E-01,4.88281E-02
-1.0513826E+00,7.51953E-01,9.76562E-03
-1.0513642E+00,6.93359E-01,1.26953E-01
-1.0513457E+00,7.12891E-01,2.92969E-02
-1.0513272E+00,7.32422E-01,9.76562E-03
-1.0513087E+00,8.10547E-01,9.76562E-03
-1.0512902E+00,7.12891E-01,4.88281E-02
-1.0512718E+00,7.32422E-01,6.83594E-02
-1.0512533E+00,6.73828E-01,4.88281E-02
-1.0512348E+00,7.51953E-01,9.76562E-03
-1.0512163E+00,7.12891E-01,2.92969E-02
-1.0511978E+00,6.93359E-01,-9.76562E-03
-1.0511794E+00,7.12891E-01,6.83594E-02
-1.0511609E+00,7.12891E-01,6.83594E-02
-1.0511424E+00,7.12891E-01,2.92969E-02
-1.0511239E+00,7.12891E-01,9.76562E-03
-1.0511054E+00,7.12891E-01,4.88281E-02
-1.0510870E+00,6.73828E-01,2.92969E-02
-1.0510685E+00,7.12891E-01,4.88281E-02
-1.0510500E+00,7.32422E-01,9.76562E-03
-1.0510315E+00,6.54297E-01,9.76562E-03
-1.0510130E+00,7.51953E-01,6.83594E-02
-1.0509946E+00,6.54297E-01,1.07422E-01
-1.0509761E+00,7.12891E-01,9.76562E-03
-1.0509576E+00,7.12891E-01,6.83594E-02
-1.0509391E+00,6.93359E-01,6.83594E-02
-1.0509206E+00,6.54297E-01,9.76562E-03
-1.0509022E+00,7.71484E-01,4.88281E-02
-1.0508837E+00,7.51953E-01,9.76562E-03
-1.0508652E+00,7.12891E-01,4.88281E-02
-1.0508467E+00,7.71484E-01,6.83594E-02
-1.0508282E+00,7.12891E-01,2.92969E-02
-1.0508098E+00,6.93359E-01,9.76562E-03
-1.0507913E+00,7.32422E-01,-9.76562E-03
-1.0507728E+00,7.51953E-01,4.88281E-02
-1.0507543E+00,6.93359E-01,-2.92969E-02
-1.0507358E+00,6.54297E-01,8.78906E-02
-1.0507174E+00,7.71484E-01,-9.76562E-03
-1.0506989E+00,7.91016E-01,4.88281E-02
-1.0506804E+00,7.71484E-01,-9.76562E-03
-1.0506619E+00,7.71484E-01,2.92969E-02
-1.0506434E+00,6.73828E-01,9.76562E-03
-1.0506250E+00,6.93359E-01,9.76562E-03
-1.0506065E+00,6.73828E-01,2.92969E-02
-1.0505880E+00,7.71484E-01,4.88281E-02
-1.0505695E+00,7.51953E-01,-2.92969E-02
-1.0505510E+00,6.54297E-01,9.76562E-03
-1.0505326E+00,7.32422E-01,-9.76562E-03
-1.0505141E+00,6.54297E-01,1.26953E-01
-1.0504956E+00,7.32422E-01,9.76562E-03
-1.0504771E+00,7.51953E-01,4.88281E-02
-1.0504586E+00,7.32422E-01,9.76562E-03
-1.0504402E+00,7.12891E-01,6.83594E-02
-1.0504217E+00,7.71484E-01,9.76562E-03
-1.0504032E+00,7.71484E-01,9.76562E-03
-1.0503847E+00,6.34766E-01,-9.76562E-03
-1.0503662E+00,6.34766E-01,2.92969E-02
-1.0503478E+00,7.32422E-01,-9.76562E-03
-1.0503293E+00,7.12891E-01,4.88281E-02
-1.0503108E+00,7.12891E-01,9.76562E-03
-1.0502923E+00,7.91016E-01,2.92969E-02
-1.0502738E+00,6.93359E-01,9.76562E-03
-1.0502554E+00,7.12891E-01,6.83594E-02
-1.0502369E+00,7.71484E-01,6.83594E-02
-1.0502184E+00,7.71484E-01,4.88281E-02
-1.0501999E+00,7.32422E-01,2.92969E-02
-1.0501814E+00,7.12891E-01,9.76562E-03
-1.0501630E+00,7.12891E-01,-9.76562E-03
-1.0501445E+00,6.93359E-01,9.76562E-03
-1.0501260E+00,7.12891E-01,2.92969E-02
-1.0501075E+00,7.71484E-01,9.76562E-03
-1.0500890E+00,7.71484E-01,2.92969E-02
-1.0500706E+00,6.54297E-01,8.78906E-02
-1.0500521E+00,7.12891E-01,-9.76562E-03
-1.0500336E+00,6.73828E-01,9.76562E-03
-1.0500151E+00,7.12891E-01,2.92969E-02
-1.0499966E+00,6.54297E-01,4.88281E-02
-1.0499782E+00,7.51953E-01,8.78906E-02
-1.0499597E+00,7.12891E-01,2.92969E-02
-1.0499412E+00,6.73828E-01,9.76562E-03
-1.0499227E+00,7.51953E-01,4.88281E-02
-1.0499042E+00,6.34766E-01,2.92969E-02
-1.0498858E+00,6.34766E-01,4.88281E-02
-1.0498673E+00,7.71484E-01,2.92969E-02
-1.0498488E+00,7.12891E-01,4.88281E-02
-1.0498303E+00,7.71484E-01,4.88281E-02
-1.0498118E+00,6.93359E-01,4.88281E-02
-1.0497934E+00,7.12891E-01,4.88281E-02
-1.0497749E+00,7.12891E-01,2.92969E-02
-1.0497564E+00,8.30078E-01,-9.76562E-03
-1.0497379E+00,7.12891E-01,9.76562E-03
-1.0497194E+00,7.71484E-01,9.76562E-03
-1.0497010E+00,7.12891E-01,2.92969E-02
-1.0496825E+00,7.51953E-01,4.88281E-02
-1.0496640E+00,7.71484E-01,4.88281E-02
-1.0496455E+00,7.91016E-01,4.88281E-02
-1.0496270E+00,7.12891E-01,2.92969E-02
-1.0496086E+00,6.93359E-01,6.83594E-02
-1.0495901E+00,7.12891E-01,4.88281E-02
-1.0495716E+00,7.32422E-01,-9.76562E-03
-1.0495531E+00,6.54297E-01,4.88281E-02
-1.0495346E+00,7.91016E-01,4.88281E-02
-1.0495162E+00,6.93359E-01,4.88281E-02
-1.0494977E+00,7.51953E-01,9.76562E-03
-1.0494792E+00,6.93359E-01,-9.76562E-03
-1.0494607E+00,8.10547E-01,9.76562E-03
-1.0494422E+00,7.71484E-01,1.26953E-01
-1.0494238E+00,7.51953E-01,2.92969E-02
-1.0494053E+00,7.51953E-01,2.92969E-02
-1.0493868E+00,7.12891E-01,4.88281E-02
-1.0493683E+00,7.32422E-01,2.92969E-02
-1.0493498E+00,7.71484E-01,9.76562E-03
-1.0493314E+00,7.12891E-01,6.83594E-02
-1.0493129E+00,6.54297E-01,9.76562E-03
-1.0492944E+00,7.71484E-01,1.26953E-01
-1.0492759E+00,6.93359E-01,9.76562E-03
-1.0492574E+00,7.12891E-01,-4.88281E-02
-1.0492390E+00,7.91016E-01,9.76562E-03
-1.0492205E+00,7.12891E-01,9.76562E-03
-1.0492020E+00,7.51953E-01,2.92969E-02
-1.0491835E+00,6.93359E-01,6.83594E-02
-1.0491650E+00,7.71484E-01,9.76562E-03
-1.0491466E+00,6.93359E-01,4.88281E-02
-1.0491281E+00,7.32422E-01,6.83594E-02
-1.0491096E+00,7.12891E-01,9.76562E-03
-1.0490911E+00,6.73828E-01,2.92969E-02
-1.0490726E+00,7.71484E-01,9.76562E-03
-1.0490542E+00,7.12891E-01,9.76562E-03
-1.0490357E+00,7.32422E-01,2.92969E-02
-1.0490172E+00,7.12891E-01,-2.92969E-02
-1.0489987E+00,7.51953E-01,6.83594E-02
-1.0489802E+00,7.51953E-01,4.88281E-02
-1.0489618E+00,7.12891E-01,2.92969E-02
-1.0489433E+00,7.71484E-01,4.88281E-02
-1.0489248E+00,6.93359E-01,1.07422E-01
-1.0489063E+00,7.32422E-01,-9.76562E-03
-1.0488878E+00,7.51953E-01,2.92969E-02
-1.0488694E+00,7.71484E-01,2.92969E-02
-1.0488509E+00,7.32422E-01,9.76562E-03
-1.0488324E+00,7.12891E-01,2.92969E-02
-1.0488139E+00,7.12891E-01,6.83594E-02
-1.0487954E+00,6.93359E-01,9.76562E-03
-1.0487770E+00,6.54297E-01,4.88281E-02
-1.0487585E+00,6.93359E-01,9.76562E-03
-1.0487400E+00,7.51953E-01,2.92969E-02
-1.0487215E+00,6.93359E-01,9.76562E-03
-1.0487030E+00,7.51953E-01,-9.76562E-03
-1.0486846E+00,7.51953E-01,-9.76562E-03
-1.0486661E+00,6.93359E-01,2.92969E-02
-1.0486476E+00,7.71484E-01,-9.76562E-03
-1.0486291E+00,7.12891E-01,4.88281E-02
-1.0486106E+00,7.32422E-01,1.26953E-01
-1.0485922E+00,7.51953E-01,8.78906E-02
-1.0485737E+00,7.32422E-01,9.76562E-03
-1.0485552E+00,6.73828E-01,2.92969E-02
-1.0485367E+00,7.12891E-01,2.92969E-02
-1.0485182E+00,7.32422E-01,6.83594E-02
-1.0484998E+00,7.32422E-01,2.92969E-02
-1.0484813E+00,7.32422E-01,6.83594E-02
-1.0484628E+00,6.93359E-01,1.07422E-01
-1.0484443E+00,7.71484E-01,4.88281E-02
-1.0484258E+00,6.73828E-01,9.76562E-03
-1.0484074E+00,7.12891E-01,4.88281E-02
-1.0483889E+00,6.73828E-01,9.76562E-03
-1.0483704E+00,6.73828E-01,2.92969E-02
-1.0483519E+00,7.71484E-01,9.76562E-03
-1.0483334E+00,7.12891E-01,6.83594E-02
-1.0483150E+00,7.32422E-01,9.76562E-03
-1.0482965E+00,6.93359E-01,9.76562E-03
-1.0482780E+00,6.93359E-01,2.92969E-02
-1.0482595E+00,6.73828E-01,6.83594E-02
-1.0482410E+00,7.71484E-01,2.92969E-02
-1.0482226E+00,6.54297E-01,6.83594E-02
-1.0482041E+00,6.93359E-01,-2.92969E-02
-1.0481856E+00,7.51953E-01,1.07422E-01
-1.0481671E+00,7.51953E-01,6.83594E-02
-1.0481486E+00,7.71484E-01,4.88281E-02
-1.0481302E+00,7.12891E-01,9.76562E-03
-1.0481117E+00,6.54297E-01,9.76562E-03
-1.0480932E+00,7.12891E-01,2.92969E-02
-1.0480747E+00,7.32422E-01,2.92969E-02
-1.0480562E+00,7.12891E-01,4.88281E-02
-1.0480378E+00,7.12891E-01,4.88281E-02
-1.0480193E+00,7.32422E-01,4.88281E-02
-1.0480008E+00,6.54297E-01,6.83594E-02
-1.0479823E+00,7.51953E-01,-9.76562E-03
-1.0479638E+00,7.71484E-01,2.92969E-02
-1.0479454E+00,7.12891E-01,6.83594E-02
-1.0479269E+00,7.12891E-01,2.92969E-02
-1.0479084E+00,7.12891E-01,-9.76562E-03
-1.0478899E+00,6.54297E-01,4.88281E-02
-1.0478714E+00,7.32422E-01,2.92969E-02
-1.0478530E+00,7.91016E-01,6.83594E-02
-1.0478345E+00,6.93359E-01,2.92969E-02
-1.0478160E+00,7.12891E-01,9.76562E-03
-1.0477975E+00,7.51953E-01,9.76562E-03
-1.0477790E+00,7.12891E-01,1.07422E-01
-1.0477606E+00,7.91016E-01,9.76562E-03
-1.0477421E+00,7.32422E-01,6.83594E-02
-1.0477236E+00,8.49609E-01,6.83594E-02
-1.0477051E+00,6.93359E-01,4.88281E-02
-1.0476866E+00,7.91016E-01,4.88281E-02
-1.0476682E+00,7.12891E-01,4.88281E-02
-1.0476497E+00,6.73828E-01,-9.76562E-03
-1.0476312E+00,7.32422E-01,9.76562E-03
-1.0476127E+00,6.93359E-01,4.88281E-02
-1.0475942E+00,6.34766E-01,6.83594E-02
-1.0475758E+00,7.51953E-01,9.76562E-03
-1.0475573E+00,7.51953E-01,9.76562E-03
-1.0475388E+00,7.51953E-01,-9.76562E-03
-1.0475203E+00,7.71484E-01,9.76562E-03
-1.0475018E+00,7.12891E-01,2.92969E-02
-1.0474834E+00,6.93359E-01,4.88281E-02
-1.0474649E+00,7.12891E-01,4.88281E-02
-1.0474464E+00,7.12891E-01,8.78906E-02
-1.0474279E+00,6.93359E-01,9.76562E-03
-1.0474094E+00,7.51953E-01,2.92969E-02
-1.0473910E+00,7.12891E-01,6.83594E-02
-1.0473725E+00,6.93359E-01,2.92969E-02
-1.0473540E+00,6.54297E-01,6.83594E-02
-1.0473355E+00,7.12891E-01,2.92969E-02
-1.0473170E+00,7.51953E-01,-2.92969E-02
-1.0472986E+00,7.32422E-01,8.78906E-02
-1.0472801E+00,7.71484E-01,2.92969E-02
-1.0472616E+00,7.32422E-01,6.83594E-02
-1.0472431E+00,7.51953E-01,9.76562E-03
-1.0472246E+00,6.54297E-01,2.92969E-02
-1.0472062E+00,7.71484E-01,9.76562E-03
-1.0471877E+00,6.93359E-01,4.88281E-02
-1.0471692E+00,7.51953E-01,2.92969E-02
-1.0471507E+00,6.34766E-01,2.92969E-02
-1.0471322E+00,7.71484E-01,9.76562E-03
-1.0471138E+00,7.91016E-01,2.92969E-02
-1.0470953E+00,6.93359E-01,4.88281E-02
-1.0470768E+00,7.32422E-01,4.88281E-02
-1.0470583E+00,7.51953E-01,2.92969E-02
-1.0470398E+00,7.32422E-01,2.92969E-02
-1.0470214E+00,7.32422E-01,9.76562E-03
-1.0470029E+00,7.32422E-01,4.88281E-02
-1.0469844E+00,7.12891E-01,2.92969E-02
-1.0469659E+00,7.51953E-01,-4.88281E-02
-1.0469474E+00,7.51953E-01,4.88281E-02
-1.0469290E+00,7.51953E-01,6.83594E-02
-1.0469105E+00,7.12891E-01,2.92969E-02
-1.0468920E+00,7.51953E-01,4.88281E-02
-1.0468735E+00,7.91016E-01,-9.76562E-03
-1.0468550E+00,6.93359E-01,6.83594E-02
-1.0468366E+00,7.12891E-01,-2.92969E-02
-1.0468181E+00,7.12891E-01,4.88281E-02
-1.0467996E+00,7.71484E-01,6.83594E-02
-1.0467811E+00,7.51953E-01,-4.88281E-02
-1.0467626E+00,7.71484E-01,4.88281E-02
-1.0467442E+00,6.93359E-01,6.83594E-02
-1.0467257E+00,6.73828E-01,9.76562E-03
-1.0467072E+00,6.54297E-01,4.88281E-02
-1.0466887E+00,8.49609E-01,9.76562E-03
-1.0466702E+00,7.51953E-01,2.92969E-02
-1.0466518E+00,8.30078E-01,9.76562E-03
-1.0466333E+00,7.32422E-01,9.76562E-03
-1.0466148E+00,7.12891E-01,-9.76562E-03
-1.0465963E+00,8.49609E-01,6.83594E-02
-1.0465778E+00,7.71484E-01,4.88281E-02
-1.0465594E+00,7.32422E-01,6.83594E-02
-1.0465409E+00,7.12891E-01,-4.88281E-02
-1.0465224E+00,7.32422E-01,6.83594E-02
-1.0465039E+00,7.91016E-01,2.92969E-02
-1.0464854E+00,7.12891E-01,2.92969E-02
-1.0464670E+00,7.32422E-01,4.88281E-02
-1.0464485E+00,6.34766E-01,1.07422E-01
-1.0464300E+00,8.69141E-01,9.76562E-03
-1.0464115E+00,7.12891E-01,9.76562E-03
-1.0463930E+00,7.51953E-01,2.92969E-02
-1.0463746E+00,6.93359E-01,6.83594E-02
-1.0463561E+00,7.71484E-01,9.76562E-03
-1.0463376E+00,7.51953E-01,6.83594E-02
-1.0463191E+00,8.10547E-01,4.88281E-02
-1.0463006E+00,7.12891E-01,9.76562E-03
-1.0462822E+00,6.34766E-01,-2.92969E-02
-1.0462637E+00,7.12891E-01,4.88281E-02
-1.0462452E+00,7.51953E-01,4.88281E-02
-1.0462267E+00,7.71484E-01,4.88281E-02
-1.0462082E+00,7.12891E-01,-9.76562E-03
-1.0461898E+00,7.32422E-01,2.92969E-02
-1.0461713E+00,7.32422E-01,-9.76562E-03
-1.0461528E+00,6.34766E-01,4.88281E-02
-1.0461343E+00,7.51953E-01,4.88281E-02
-1.0461158E+00,7.51953E-01,2.92969E-02
-1.0460974E+00,7.71484E-01,6.83594E-02
-1.0460789E+00,7.51953E-01,2.92969E-02
-1.0460604E+00,7.51953E-01,2.92969E-02
-1.0460419E+00,7.91016E-01,9.76562E-03
-1.0460234E+00,6.73828E-01,2.92969E-02
-1.0460050E+00,7.51953E-01,4.88281E-02
-1.0459865E+00,7.51953E-01,9.76562E-03
-1.0459680E+00,7.32422E-01,6.83594E-02
-1.0459495E+00,7.51953E-01,-2.92969E-02
-1.0459310E+00,7.12891E-01,4.88281E-02
-1.0459126E+00,7.71484E-01,-9.76562E-03
-1.0458941E+00,7.71484E-01,9.76562E-03
-1.0458756E+00,7.51953E-01,2.92969E-02
-1.0458571E+00,7.71484E-01,2.92969E-02
-1.0458386E+00,6.93359E-01,4.88281E-02
-1.0458202E+00,7.71484E-01,4.88281E-02
-1.0458017E+00,7.32422E-01,4.88281E-02
-1.0457832E+00,7.32422E-01,-4.88281E-02
-1.0457647E+00,7.51953E-01,4.88281E-02
-1.0457462E+00,6.73828E-01,2.92969E-02
-1.0457278E+00,8.30078E-01,6.83594E-02
-1.0457093E+00,7.51953E-01,4.88281E-02
-1.0456908E+00,7.12891E-01,6.83594E-02
-1.0456723E+00,7.51953E-01,4.88281E-02
-1.0456538E+00,7.71484E-01,4.88281E-02
-1.0456354E+00,7.71484E-01,2.92969E-02
-1.0456169E+00,7.91016E-01,9.76562E-03
-1.0455984E+00,7.51953E-01,6.83594E-02
-1.0455799E+00,7.91016E-01,8.78906E-02
-1.0455614E+00,7.32422E-01,1.07422E-01
-1.0455430E+00,7.32422E-01,9.76562E-03
-1.0455245E+00,7.32422E-01,-4.88281E-02
-1.0455060E+00,7.32422E-01,2.92969E-02
-1.0454875E+00,7.12891E-01,4.88281E-02
-1.0454690E+00,7.32422E-01,9.76562E-03
-1.0454506E+00,7.51953E-01,4.88281E-02
-1.0454321E+00,7.71484E-01,4.88281E-02
-1.0454136E+00,6.54297E-01,2.92969E-02
-1.0453951E+00,7.12891E-01,2.92969E-02
-1.0453766E+00,7.91016E-01,4.88281E-02
-1.0453582E+00,7.91016E-01,4.88281E-02
-1.0453397E+00,7.71484E-01,2.92969E-02
-1.0453212E+00,7.32422E-01,9.76562E-03
-1.0453027E+00,7.51953E-01,2.92969E-02
-1.0452842E+00,7.32422E-01,2.92969E-02
-1.0452658E+00,7.51953E-01,4.88281E-02
-1.0452473E+00,6.73828E-01,6.83594E-02
-1.0452288E+00,7.71484E-01,4.88281E-02
-1.0452103E+00,7.32422E-01,2.92969E-02
-1.0451918E+00,7.71484E-01,9.76562E-03
-1.0451734E+00,7.12891E-01,2.92969E-02
-1.0451549E+00,7.12891E-01,6.83594E-02
-1.0451364E+00,7.51953E-01,6.83594E-02
-1.0451179E+00,6.34766E-01,2.92969E-02
-1.0450994E+00,7.32422E-01,-4.88281E-02
-1.0450810E+00,7.32422E-01,9.76562E-03
-1.0450625E+00,7.12891E-01,4.88281E-02
-1.0450440E+00,7.12891E-01,-9.76562E-03
-1.0450255E+00,7.91016E-01,2.92969E-02
-1.0450070E+00,7.51953E-01,6.83594E-02
-1.0449886E+00,7.12891E-01,2.92969E-02
-1.0449701E+00,7.32422E-01,2.92969E-02
-1.0449516E+00,7.12891E-01,4.88281E-02
-1.0449331E+00,7.91016E-01,6.83594E-02
-1.0449146E+00,7.91016E-01,2.92969E-02
-1.0448962E+00,7.32422E-01,9.76562E-03
-1.0448777E+00,7.12891E-01,-9.76562E-03
-1.0448592E+00,7.91016E-01,4.88281E-02
-1.0448407E+00,7.32422E-01,2.92969E-02
-1.0448222E+00,6.93359E-01,4.88281E-02
-1.0448038E+00,7.32422E-01,4.88281E-02
-1.0447853E+00,8.10547E-01,9.76562E-03
-1.0447668E+00,7.32422E-01,-4.88281E-02
-1.0447483E+00,7.32422E-01,2.92969E-02
-1.0447298E+00,7.12891E-01,9.76562E-03
-1.0447114E+00,6.54297E-01,8.78906E-02
-1.0446929E+00,7.51953E-01,6.83594E-02
-1.0446744E+00,7.12891E-01,6.83594E-02
-1.0446559E+00,7.51953E-01,4.88281E-02
-1.0446374E+00,7.32422E-01,8.78906E-02
-1.0446190E+00,7.71484E-01,9.76562E-03
-1.0446005E+00,7.71484E-01,4.88281E-02
-1.0445820E+00,7.32422E-01,9.76562E-03
-1.0445635E+00,7.12891E-01,-2.92969E-02
-1.0445450E+00,7.32422E-01,-9.76562E-03
-1.0445266E+00,7.32422E-01,2.92969E-02
-1.0445081E+00,7.32422E-01,2.92969E-02
-1.0444896E+00,7.51953E-01,-9.76562E-03
-1.0444711E+00,7.12891E-01,6.83594E-02
-1.0444526E+00,7.71484E-01,2.92969E-02
-1.0444342E+00,7.91016E-01,9.76562E-03
-1.0444157E+00,6.93359E-01,6.83594E-02
-1.0443972E+00,7.91016E-01,2.92969E-02
-1.0443787E+00,7.32422E-01,9.76562E-03
-1.0443602E+00,6.73828E-01,-9.76562E-03
-1.0443418E+00,6.93359E-01,1.07422E-01
-1.0443233E+00,7.32422E-01,4.88281E-02
-1.0443048E+00,7.32422E-01,2.92969E-02
-1.0442863E+00,7.91016E-01,-9.76562E-03
-1.0442678E+00,7.51953E-01,2.92969E-02
-1.0442494E+00,7.32422E-01,6.83594E-02
-1.0442309E+00,7.71484E-01,9.76562E-03
-1.0442124E+00,7.12891E-01,9.76562E-03
-1.0441939E+00,7.71484E-01,2.92969E-02
-1.0441754E+00,7.12891E-01,-9.76562E-03
-1.0441570E+00,7.91016E-01,2.92969E-02
-1.0441385E+00,7.12891E-01,2.92969E-02
-1.0441200E+00,7.71484E-01,-4.88281E-02
-1.0441015E+00,7.91016E-01,2.92969E-02
-1.0440830E+00,7.32422E-01,4.88281E-02
-1.0440646E+00,7.91016E-01,-9.76562E-03
-1.0440461E+00,7.51953E-01,9.76562E-03
-1.0440276E+00,7.71484E-01,9.76562E-03
-1.0440091E+00,7.51953E-01,2.92969E-02
-1.0439906E+00,7.71484E-01,2.92969E-02
-1.0439722E+00,7.71484E-01,1.26953E-01
-1.0439537E+00,7.71484E-01,2.92969E-02
-1.0439352E+00,7.51953E-01,6.83594E-02
-1.0439167E+00,7.91016E-01,4.88281E-02
-1.0438982E+00,7.71484E-01,9.76562E-03
-1.0438798E+00,7.91016E-01,4.88281E-02
-1.0438613E+00,7.12891E-01,6.83594E-02
-1.0438428E+00,7.12891E-01,2.92969E-02
-1.0438243E+00,7.32422E-01,4.88281E-02
-1.0438058E+00,6.93359E-01,2.92969E-02
-1.0437874E+00,6.93359E-01,-9.76562E-03
-1.0437689E+00,7.71484E-01,-9.76562E-03
-1.0437504E+00,7.71484E-01,4.88281E-02
-1.0437319E+00,7.91016E-01,-2.92969E-02
-1.0437134E+00,7.51953E-01,2.92969E-02
-1.0436950E+00,7.32422E-01,9.76562E-03
-1.0436765E+00,7.12891E-01,9.76562E-03
-1.0436580E+00,7.32422E-01,6.83594E-02
-1.0436395E+00,6.93359E-01,1.07422E-01
-1.0436210E+00,7.71484E-01,4.88281E-02
-1.0436026E+00,7.12891E-01,4.88281E-02
-1.0435841E+00,7.32422E-01,4.88281E-02
-1.0435656E+00,7.91016E-01,4.88281E-02
-1.0435471E+00,8.10547E-01,-9.76562E-03
-1.0435286E+00,7.51953E-01,9.76562E-03
-1.0435102E+00,7.91016E-01,9.76562E-03
-1.0434917E+00,7.91016E-01,4.88281E-02
-1.0434732E+00,7.71484E-01,4.88281E-02
-1.0434547E+00,7.12891E-01,4.88281E-02
-1.0434362E+00,8.10547E-01,9.76562E-03
-1.0434178E+00,7.71484E-01,4.88281E-02
-1.0433993E+00,8.10547E-01,-9.76562E-03
-1.0433808E+00,7.91016E-01,4.88281E-02
-1.0433623E+00,7.12891E-01,-9.76562E-03
-1.0433438E+00,7.71484E-01,4.88281E-02
-1.0433254E+00,7.12891E-01,9.76562E-03
-1.0433069E+00,7.32422E-01,6.83594E-02
-1.0432884E+00,8.49609E-01,4.88281E-02
-1.0432699E+00,6.93359E-01,8.78906E-02
-1.0432514E+00,7.32422E-01,6.83594E-02
-1.0432330E+00,7.32422E-01,-6.83594E-02
-1.0432145E+00,7.32422E-01,9.76562E-03
-1.0431960E+00,7.91016E-01,6.83594E-02
-1.0431775E+00,6.93359E-01,2.92969E-02
-1.0431590E+00,7.32422E-01,6.83594E-02
-1.0431406E+00,7.32422E-01,-9.76562E-03
-1.0431221E+00,7.32422E-01,4.88281E-02
-1.0431036E+00,7.12891E-01,2.92969E-02
-1.0430851E+00,7.32422E-01,4.88281E-02
-1.0430666E+00,7.12891E-01,-9.76562E-03
-1.0430482E+00,7.32422E-01,6.83594E-02
-1.0430297E+00,7.12891E-01,4.88281E-02
-1.0430112E+00,7.51953E-01,2.92969E-02
-1.0429927E+00,7.51953E-01,4.88281E-02
-1.0429742E+00,7.12891E-01,4.88281E-02
-1.0429558E+00,7.91016E-01,4.88281E-02
-1.0429373E+00,7.71484E-01,8.78906E-02
-1.0429188E+00,7.71484E-01,9.76562E-03
-1.0429003E+00,6.93359E-01,-9.76562E-03
-1.0428818E+00,7.12891E-01,-9.76562E-03
-1.0428634E+00,7.51953E-01,2.92969E-02
-1.0428449E+00,7.71484E-01,2.92969E-02
-1.0428264E+00,7.71484E-01,6.83594E-02
-1.0428079E+00,7.71484E-01,9.76562E-03
-1.0427894E+00,7.91016E-01,2.92969E-02
-1.0427710E+00,6.93359E-01,4.88281E-02
-1.0427525E+00,7.51953E-01,2.92969E-02
-1.0427340E+00,7.51953E-01,9.76562E-03
-1.0427155E+00,8.49609E-01,6.83594E-02
-1.0426970E+00,7.71484E-01,4.88281E-02
-1.0426786E+00,7.32422E-01,-4.88281E-02
-1.0426601E+00,7.32422E-01,2.92969E-02
-1.0426416E+00,7.12891E-01,6.83594E-02
-1.0426231E+00,7.51953E-01,-9.76562E-03
-1.0426046E+00,7.32422E-01,9.76562E-03
-1.0425862E+00,7.51953E-01,-9.76562E-03
-1.0425677E+00,7.71484E-01,6.83594E-02
-1.0425492E+00,6.93359E-01,9.76562E-03
-1.0425307E+00,7.32422E-01,6.83594E-02
-1.0425122E+00,7.71484E-01,9.76562E-03
-1.0424938E+00,7.12891E-01,6.83594E-02
-1.0424753E+00,8.10547E-01,-9.76562E-03
-1.0424568E+00,7.71484E-01,9.76562E-03
-1.0424383E+00,8.49609E-01,-9.76562E-03
-1.0424198E+00,7.51953E-01,6.83594E-02
-1.0424014E+00,7.71484E-01,4.88281E-02
-1.0423829E+00,7.32422E-01,9.76562E-03
-1.0423644E+00,8.10547E-01,9.76562E-03
-1.0423459E+00,7.91016E-01,-4.88281E-02
-1.0423274E+00,7.51953E-01,6.83594E-02
-1.0423090E+00,8.10547E-01,4.88281E-02
-1.0422905E+00,8.30078E-01,4.88281E-02
-1.0422720E+00,7.32422E-01,6.83594E-02
-1.0422535E+00,7.91016E-01,4.88281E-02
-1.0422350E+00,7.32422E-01,2.92969E-02
-1.0422166E+00,7.51953E-01,9.76562E-03
-1.0421981E+00,7.71484E-01,2.92969E-02
-1.0421796E+00,7.71484E-01,-9.76562E-03
-1.0421611E+00,7.32422E-01,9.76562E-03
-1.0421426E+00,7.12891E-01,4.88281E-02
-1.0421242E+00,7.32422E-01,2.92969E-02
-1.0421057E+00,7.71484E-01,4.88281E-02
-1.0420872E+00,7.12891E-01,6.83594E-02
-1.0420687E+00,7.12891E-01,-9.76562E-03
-1.0420502E+00,7.71484E-01,4.88281E-02
-1.0420318E+00,7.71484E-01,4.88281E-02
-1.0420133E+00,7.32422E-01,8.78906E-02
-1.0419948E+00,7.32422E-01,-9.76562E-03
-1.0419763E+00,7.91016E-01,4.88281E-02
-1.0419578E+00,7.32422E-01,9.76562E-03
-1.0419394E+00,7.32422E-01,2.92969E-02
-1.0419209E+00,8.30078E-01,9.76562E-03
-1.0419024E+00,7.12891E-01,2.92969E-02
-1.0418839E+00,7.71484E-01,-9.76562E-03
-1.0418654E+00,7.91016E-01,1.07422E-01
-1.0418470E+00,8.10547E-01,-2.92969E-02
-1.0418285E+00,7.32422E-01,9.76562E-03
-1.0418100E+00,8.10547E-01,4.88281E-02
-1.0417915E+00,6.73828E-01,9.76562E-03
-1.0417730E+00,7.71484E-01,4.88281E-02
-1.0417546E+00,6.73828E-01,4.88281E-02
-1.0417361E+00,7.91016E-01,9.76562E-03
-1.0417176E+00,6.93359E-01,6.83594E-02
-1.0416991E+00,7.91016E-01,9.76562E-03
-1.0416806E+00,7.51953E-01,4.88281E-02
-1.0416622E+00,7.71484E-01,4.88281E-02
-1.0416437E+00,8.10547E-01,2.92969E-02
-1.0416252E+00,7.91016E-01,9.76562E-03
-1.0416067E+00,7.32422E-01,4.88281E-02
-1.0415882E+00,7.51953E-01,4.88281E-02
-1.0415698E+00,7.91016E-01,1.07422E-01
-1.0415513E+00,7.91016E-01,4.88281E-02
-1.0415328E+00,8.30078E-01,-9.76562E-03
-1.0415143E+00,7.91016E-01,6.83594E-02
-1.0414958E+00,7.12891E-01,4.88281E-02
-1.0414774E+00,8.10547E-01,-6.83594E-02
-1.0414589E+00,7.12891E-01,-4.88281E-02
-1.0414404E+00,8.69141E-01,4.88281E-02
-1.0414219E+00,7.71484E-01,8.78906E-02
-1.0414034E+00,7.91016E-01,4.88281E-02
-1.0413850E+00,7.32422E-01,6.83594E-02
-1.0413665E+00,7.51953E-01,9.76562E-03
-1.0413480E+00,7.32422E-01,2.92969E-02
-1.0413295E+00,8.10547E-01,2.92969E-02
-1.0413110E+00,7.51953E-01,6.83594E-02
-1.0412926E+00,7.91016E-01,6.83594E-02
-1.0412741E+00,7.12891E-01,2.92969E-02
-1.0412556E+00,7.71484E-01,2.92969E-02
-1.0412371E+00,7.71484E-01,-4.88281E-02
-1.0412186E+00,7.12891E-01,-9.76562E-03
-1.0412002E+00,7.32422E-01,4.88281E-02
-1.0411817E+00,7.12891E-01,9.76562E-03
-1.0411632E+00,7.12891E-01,2.92969E-02
-1.0411447E+00,7.71484E-01,9.76562E-03
-1.0411262E+00,7.91016E-01,9.76562E-03
-1.0411078E+00,7.71484E-01,-9.76562E-03
-1.0410893E+00,6.54297E-01,4.88281E-02
-1.0410708E+00,7.71484E-01,4.88281E-02
-1.0410523E+00,7.32422E-01,2.92969E-02
-1.0410338E+00,7.51953E-01,4.88281E-02
-1.0410154E+00,6.73828E-01,4.88281E-02
-1.0409969E+00,7.12891E-01,2.92969E-02
-1.0409784E+00,7.32422E-01,2.92969E-02
-1.0409599E+00,7.51953E-01,6.83594E-02
-1.0409414E+00,7.71484E-01,8.78906E-02
-1.0409230E+00,6.73828E-01,4.88281E-02
-1.0409045E+00,7.32422E-01,8.78906E-02
-1.0408860E+00,8.49609E-01,-4.88281E-02
-1.0408675E+00,7.71484E-01,2.92969E-02
-1.0408490E+00,7.51953E-01,-4.88281E-02
-1.0408306E+00,7.12891E-01,8.78906E-02
-1.0408121E+00,7.71484E-01,-2.92969E-02
-1.0407936E+00,7.71484E-01,6.83594E-02
-1.0407751E+00,7.51953E-01,2.92969E-02
-1.0407566E+00,7.51953E-01,2.92969E-02
-1.0407382E+00,7.91016E-01,9.76562E-03
-1.0407197E+00,7.51953E-01,8.78906E-02
-1.0407012E+00,7.51953E-01,9.76562E-03
-1.0406827E+00,7.91016E-01,9.76562E-03
-1.0406642E+00,8.10547E-01,4.88281E-02
-1.0406458E+00,7.51953E-01,4.88281E-02
-1.0406273E+00,7.51953E-01,2.92969E-02
-1.0406088E+00,7.71484E-01,2.92969E-02
-1.0405903E+00,7.32422E-01,2.92969E-02
-1.0405718E+00,7.91016E-01,4.88281E-02
-1.0405534E+00,7.51953E-01,4.88281E-02
-1.0405349E+00,7.71484E-01,1.07422E-01
-1.0405164E+00,7.32422E-01,9.76562E-03
-1.0404979E+00,7.71484E-01,9.76562E-03
-1.0404794E+00,7.51953E-01,-2.92969E-02
-1.0404610E+00,7.12891E-01,9.76562E-03
-1.0404425E+00,7.71484E-01,2.92969E-02
-1.0404240E+00,7.71484E-01,2.92969E-02
-1.0404055E+00,7.51953E-01,-9.76562E-03
-1.0403870E+00,7.91016E-01,4.88281E-02
-1.0403686E+00,8.30078E-01,2.92969E-02
-1.0403501E+00,7.71484E-01,4.88281E-02
-1.0403316E+00,6.93359E-01,4.88281E-02
-1.0403131E+00,7.12891E-01,2.92969E-02
-1.0402946E+00,7.71484E-01,9.76562E-03
-1.0402762E+00,7.32422E-01,9.76562E-03
-1.0402577E+00,7.91016E-01,6.83594E-02
-1.0402392E+00,7.32422E-01,2.92969E-02
-1.0402207E+00,7.91016E-01,2.92969E-02
-1.0402022E+00,7.71484E-01,8.78906E-02
-1.0401838E+00,7.51953E-01,9.76562E-03
-1.0401653E+00,7.51953E-01,-2.92969E-02
-1.0401468E+00,6.93359E-01,4.88281E-02
-1.0401283E+00,8.30078E-01,9.76562E-03
-1.0401098E+00,8.49609E-01,2.92969E-02
-1.0400914E+00,7.51953E-01,6.83594E-02
-1.0400729E+00,7.71484E-01,6.83594E-02
-1.0400544E+00,6.93359E-01,2.92969E-02
-1.0400359E+00,7.71484E-01,9.76562E-03
-1.0400174E+00,7.91016E-01,9.76562E-03
-1.0399990E+00,7.12891E-01,4.88281E-02
-1.0399805E+00,7.32422E-01,2.92969E-02
-1.0399620E+00,7.32422E-01,9.76562E-03
-1.0399435E+00,7.91016E-01,2.92969E-02
-1.0399250E+00,7.51953E-01,2.92969E-02
-1.0399066E+00,7.71484E-01,6.83594E-02
-1.0398881E+00,7.71484E-01,4.88281E-02
-1.0398696E+00,7.71484E-01,2.92969E-02
-1.0398511E+00,7.12891E-01,2.92969E-02
-1.0398326E+00,7.51953E-01,6.83594E-02
-1.0398142E+00,7.91016E-01,4.88281E-02
-1.0397957E+00,7.12891E-01,4.88281E-02
-1.0397772E+00,7.91016E-01,9.76562E-03
-1.0397587E+00,7.91016E-01,4.88281E-02
-1.0397402E+00,7.32422E-01,4.88281E-02
-1.0397218E+00,7.91016E-01,6.83594E-02
-1.0397033E+00,8.10547E-01,9.76562E-03
-1.0396848E+00,7.71484E-01,4.88281E-02
-1.0396663E+00,7.71484E-01,9.76562E-03
-1.0396478E+00,7.32422E-01,2.92969E-02
-1.0396294E+00,7.12891E-01,9.76562E-03
-1.0396109E+00,7.51953E-01,9.76562E-03
-1.0395924E+00,7.32422E-01,-9.76562E-03
-1.0395739E+00,7.51953E-01,9.76562E-03
-1.0395554E+00,7.91016E-01,2.92969E-02
-1.0395370E+00,7.32422E-01,-2.92969E-02
-1.0395185E+00,7.12891E-01,4.88281E-02
-1.0395000E+00,8.10547E-01,9.76562E-03
-1.0394815E+00,7.71484E-01,2.92969E-02
-1.0394630E+00,7.51953E-01,6.83594E-02
-1.0394446E+00,7.71484E-01,4.88281E-02
-1.0394261E+00,7.71484E-01,1.07422E-01
-1.0394076E+00,7.51953E-01,1.26953E-01
-1.0393891E+00,7.12891E-01,-2.92969E-02
-1.0393706E+00,8.49609E-01,9.76562E-03
-1.0393522E+00,7.51953E-01,6.83594E-02
-1.0393337E+00,7.32422E-01,4.88281E-02
-1.0393152E+00,7.51953E-01,4.88281E-02
-1.0392967E+00,7.32422E-01,-9.76562E-03
-1.0392782E+00,7.51953E-01,6.83594E-02
-1.0392598E+00,7.32422E-01,2.92969E-02
-1.0392413E+00,7.32422E-01,4.88281E-02
-1.0392228E+00,7.91016E-01,-2.92969E-02
-1.0392043E+00,7.91016E-01,2.92969E-02
-1.0391858E+00,7.71484E-01,-9.76562E-03
-1.0391674E+00,7.32422E-01,1.26953E-01
-1.0391489E+00,8.10547E-01,-4.88281E-02
-1.0391304E+00,7.32422E-01,4.88281E-02
-1.0391119E+00,7.32422E-01,2.92969E-02
-1.0390934E+00,7.51953E-01,6.83594E-02
-1.0390750E+00,8.49609E-01,6.83594E-02
-1.0390565E+00,7.71484E-01,2.92969E-02
-1.0390380E+00,7.71484E-01,4.88281E-02
-1.0390195E+00,7.32422E-01,4.88281E-02
-1.0390010E+00,7.71484E-01,9.76562E-03
-1.0389826E+00,7.91016E-01,9.76562E-03
-1.0389641E+00,7.32422E-01,-9.76562E-03
-1.0389456E+00,7.71484E-01,9.76562E-03
-1.0389271E+00,6.54297E-01,9.76562E-03
-1.0389086E+00,7.51953E-01,-4.88281E-02
-1.0388902E+00,8.30078E-01,-9.76562E-03
-1.0388717E+00,8.69141E-01,-4.88281E-02
-1.0388532E+00,7.51953E-01,-6.83594E-02
-1.0388347E+00,7.32422E-01,4.88281E-02
-1.0388162E+00,7.71484E-01,2.92969E-02
-1.0387978E+00,7.32422E-01,9.76562E-03
-1.0387793E+00,8.30078E-01,-9.76562E-03
-1.0387608E+00,7.32422E-01,9.76562E-03
-1.0387423E+00,8.10547E-01,2.92969E-02
-1.0387238E+00,7.12891E-01,2.92969E-02
-1.0387054E+00,7.91016E-01,6.83594E-02
-1.0386869E+00,7.91016E-01,6.83594E-02
-1.0386684E+00,7.91016E-01,4.88281E-02
-1.0386499E+00,7.71484E-01,2.92969E-02
-1.0386314E+00,7.71484E-01,9.76562E-03
-1.0386130E+00,7.32422E-01,-2.92969E-02
-1.0385945E+00,7.71484E-01,9.76562E-03
-1.0385760E+00,7.71484E-01,9.76562E-03
-1.0385575E+00,7.51953E-01,6.83594E-02
-1.0385390E+00,7.12891E-01,9.76562E-03
-1.0385206E+00,7.51953E-01,2.92969E-02
-1.0385021E+00,7.91016E-01,1.26953E-01
-1.0384836E+00,8.49609E-01,4.88281E-02
-1.0384651E+00,7.51953E-01,4.88281E-02
-1.0384466E+00,7.71484E-01,4.88281E-02
-1.0384282E+00,7.71484E-01,4.88281E-02
-1.0384097E+00,7.51953E-01,4.88281E-02
-1.0383912E+00,7.51953E-01,6.83594E-02
-1.0383727E+00,7.91016E-01,9.76562E-03
-1.0383542E+00,7.71484E-01,4.88281E-02
-1.0383358E+00,7.32422E-01,2.92969E-02
-1.0383173E+00,7.51953E-01,9.76562E-03
-1.0382988E+00,8.10547E-01,9.76562E-03
-1.0382803E+00,7.32422E-01,-4.88281E-02
-1.0382618E+00,7.32422E-01,9.76562E-03
-1.0382434E+00,7.71484E-01,2.92969E-02
-1.0382249E+00,8.30078E-01,4.88281E-02
-1.0382064E+00,7.91016E-01,9.76562E-03
-1.0381879E+00,7.32422E-01,9.76562E-03
-1.0381694E+00,6.54297E-01,6.83594E-02
-1.0381510E+00,7.12891E-01,-2.92969E-02
-1.0381325E+00,7.71484E-01,4.88281E-02
-1.0381140E+00,7.91016E-01,2.92969E-02
-1.0380955E+00,7.71484E-01,6.83594E-02
-1.0380770E+00,7.32422E-01,9.76562E-03
-1.0380586E+00,7.51953E-01,4.88281E-02
-1.0380401E+00,7.91016E-01,2.92969E-02
-1.0380216E+00,7.51953E-01,4.88281E-02
-1.0380031E+00,7.32422E-01,9.76562E-03
-1.0379846E+00,7.91016E-01,4.88281E-02
-1.0379662E+00,8.10547E-01,2.92969E-02
-1.0379477E+00,7.91016E-01,4.88281E-02
-1.0379292E+00,7.32422E-01,4.88281E-02
-1.0379107E+00,7.71484E-01,4.88281E-02
-1.0378922E+00,7.71484E-01,2.92969E-02
-1.0378738E+00,7.51953E-01,6.83594E-02
-1.0378553E+00,7.51953E-01,9.76562E-03
-1.0378368E+00,7.71484E-01,6.83594E-02
-1.0378183E+00,7.32422E-01,-9.76562E-03
-1.0377998E+00,7.32422E-01,9.76562E-03
-1.0377814E+00,8.49609E-01,4.88281E-02
-1.0377629E+00,7.51953E-01,6.83594E-02
-1.0377444E+00,7.91016E-01,9.76562E-03
-1.0377259E+00,7.91016E-01,9.76562E-03
-1.0377074E+00,7.51953E-01,6.83594E-02
-1.0376890E+00,7.32422E-01,6.83594E-02
-1.0376705E+00,7.32422E-01,9.76562E-03
-1.0376520E+00,7.12891E-01,6.83594E-02
-1.0376335E+00,7.71484E-01,4.88281E-02
-1.0376150E+00,7.91016E-01,1.26953E-01
-1.0375966E+00,9.08203E-01,-9.76562E-03
-1.0375781E+00,7.91016E-01,9.76562E-03
-1.0375596E+00,7.51953E-01,4.88281E-02
-1.0375411E+00,7.12891E-01,2.92969E-02
-1.0375226E+00,7.91016E-01,9.76562E-03
-1.0375042E+00,7.51953E-01,2.92969E-02
-1.0374857E+00,8.10547E-01,2.92969E-02
-1.0374672E+00,7.91016E-01,2.92969E-02
-1.0374487E+00,7.51953E-01,9.76562E-03
-1.0374302E+00,7.51953E-01,6.83594E-02
-1.0374118E+00,7.91016E-01,6.83594E-02
-1.0373933E+00,7.12891E-01,2.92969E-02
-1.0373748E+00,7.71484E-01,4.88281E-02
-1.0373563E+00,7.71484E-01,9.76562E-03
-1.0373378E+00,7.71484E-01,4.88281E-02
-1.0373194E+00,7.51953E-01,9.76562E-03
-1.0373009E+00,7.51953E-01,9.76562E-03
-1.0372824E+00,8.10547E-01,2.92969E-02
-1.0372639E+00,7.12891E-01,-9.76562E-03
-1.0372454E+00,7.71484E-01,2.92969E-02
-1.0372270E+00,8.10547E-01,9.76562E-03
-1.0372085E+00,8.10547E-01,6.83594E-02
-1.0371900E+00,8.10547E-01,-4.88281E-02
-1.0371715E+00,7.12891E-01,2.92969E-02
-1.0371530E+00,7.91016E-01,2.92969E-02
-1.0371346E+00,7.91016E-01,2.92969E-02
-1.0371161E+00,7.71484E-01,-9.76562E-03
-1.0370976E+00,7.91016E-01,9.76562E-03
-1.0370791E+00,8.30078E-01,2.92969E-02
-1.0370606E+00,8.49609E-01,6.83594E-02
-1.0370422E+00,8.30078E-01,2.92969E-02
-1.0370237E+00,7.91016E-01,4.88281E-02
-1.0370052E+00,7.91016E-01,8.78906E-02
-1.0369867E+00,7.32422E-01,8.78906E-02
-1.0369682E+00,8.10547E-01,2.92969E-02
-1.0369498E+00,7.91016E-01,8.78906E-02
-1.0369313E+00,7.51953E-01,9.76562E-03
-1.0369128E+00,7.91016E-01,4.88281E-02
-1.0368943E+00,6.73828E-01,2.92969E-02
-1.0368758E+00,7.91016E-01,6.83594E-02
-1.0368574E+00,7.71484E-01,2.92969E-02
-1.0368389E+00,7.51953E-01,2.92969E-02
-1.0368204E+00,8.49609E-01,4.88281E-02
-1.0368019E+00,7.51953E-01,9.76562E-03
-1.0367834E+00,7.91016E-01,9.76562E-03
-1.0367650E+00,7.32422E-01,6.83594E-02
-1.0367465E+00,8.10547E-01,2.92969E-02
-1.0367280E+00,7.71484E-01,6.83594E-02
-1.0367095E+00,7.51953E-01,-6.83594E-02
-1.0366910E+00,7.91016E-01,6.83594E-02
-1.0366726E+00,7.91016E-01,9.76562E-03
-1.0366541E+00,8.49609E-01,9.76562E-03
-1.0366356E+00,8.49609E-01,9.76562E-03
-1.0366171E+00,7.91016E-01,1.07422E-01
-1.0365986E+00,7.71484E-01,-2.92969E-02
-1.0365802E+00,7.71484E-01,4.88281E-02
-1.0365617E+00,7.71484E-01,4.88281E-02
-1.0365432E+00,7.51953E-01,2.92969E-02
-1.0365247E+00,7.91016E-01,-9.76562E-03
-1.0365062E+00,7.71484E-01,4.88281E-02
-1.0364878E+00,7.91016E-01,9.76562E-03
-1.0364693E+00,7.91016E-01,8.78906E-02
-1.0364508E+00,7.91016E-01,9.76562E-03
-1.0364323E+00,8.10547E-01,8.78906E-02
-1.0364138E+00,8.88672E-01,4.88281E-02
-1.0363954E+00,8.10547E-01,4.88281E-02
-1.0363769E+00,7.71484E-01,4.88281E-02
-1.0363584E+00,7.91016E-01,9.76562E-03
-1.0363399E+00,7.71484E-01,4.88281E-02
-1.0363214E+00,7.71484E-01,6.83594E-02
-1.0363030E+00,7.91016E-01,-4.88281E-02
-1.0362845E+00,7.51953E-01,4.88281E-02
-1.0362660E+00,7.71484E-01,2.92969E-02
-1.0362475E+00,7.71484E-01,4.88281E-02
-1.0362290E+00,7.71484E-01,2.92969E-02
-1.0362106E+00,7.51953E-01,9.76562E-03
-1.0361921E+00,7.71484E-01,9.76562E-03
-1.0361736E+00,7.51953E-01,-2.92969E-02
-1.0361551E+00,8.10547E-01,6.83594E-02
-1.0361366E+00,7.51953E-01,4.88281E-02
-1.0361182E+00,7.32422E-01,9.76562E-03
-1.0360997E+00,7.71484E-01,4.88281E-02
-1.0360812E+00,7.91016E-01,2.92969E-02
-1.0360627E+00,7.71484E-01,4.88281E-02
-1.0360442E+00,8.10547E-01,2.92969E-02
-1.0360258E+00,7.51953E-01,2.92969E-02
-1.0360073E+00,7.71484E-01,4.88281E-02
-1.0359888E+00,7.51953E-01,6.83594E-02
-1.0359703E+00,7.32422E-01,-9.76562E-03
-1.0359518E+00,7.71484E-01,4.88281E-02
-1.0359334E+00,7.91016E-01,2.92969E-02
-1.0359149E+00,8.10547E-01,6.83594E-02
-1.0358964E+00,7.51953E-01,2.92969E-02
-1.0358779E+00,7.32422E-01,-9.76562E-03
-1.0358594E+00,7.91016E-01,2.92969E-02
-1.0358410E+00,7.71484E-01,4.88281E-02
-1.0358225E+00,6.73828E-01,2.92969E-02
-1.0358040E+00,7.32422E-01,-4.88281E-02
-1.0357855E+00,7.32422E-01,2.92969E-02
-1.0357670E+00,7.32422E-01,4.88281E-02
-1.0357486E+00,7.51953E-01,2.92969E-02
-1.0357301E+00,7.32422E-01,4.88281E-02
-1.0357116E+00,8.69141E-01,9.76562E-03
-1.0356931E+00,7.32422E-01,6.83594E-02
-1.0356746E+00,7.91016E-01,2.92969E-02
-1.0356562E+00,7.71484E-01,4.88281E-02
-1.0356377E+00,6.93359E-01,9.76562E-03
-1.0356192E+00,7.71484E-01,6.83594E-02
-1.0356007E+00,7.91016E-01,6.83594E-02
-1.0355822E+00,7.12891E-01,6.83594E-02
-1.0355638E+00,7.32422E-01,-2.92969E-02
-1.0355453E+00,7.91016E-01,9.76562E-03
-1.0355268E+00,7.71484E-01,9.76562E-03
-1.0355083E+00,7.51953E-01,2.92969E-02
-1.0354898E+00,7.51953E-01,2.92969E-02
-1.0354714E+00,7.71484E-01,9.76562E-03
-1.0354529E+00,7.12891E-01,2.92969E-02
-1.0354344E+00,8.30078E-01,2.92969E-02
-1.0354159E+00,7.12891E-01,4.88281E-02
-1.0353974E+00,7.51953E-01,4.88281E-02
-1.0353790E+00,7.91016E-01,-9.76562E-03
-1.0353605E+00,7.91016E-01,1.26953E-01
-1.0353420E+00,8.10547E-01,4.88281E-02
-1.0353235E+00,7.71484E-01,1.07422E-01
-1.0353050E+00,7.91016E-01,2.92969E-02
-1.0352866E+00,7.12891E-01,2.92969E-02
-1.0352681E+00,7.32422E-01,4.88281E-02
-1.0352496E+00,7.51953E-01,6.83594E-02
-1.0352311E+00,7.71484E-01,9.76562E-03
-1.0352126E+00,8.10547E-01,2.92969E-02
-1.0351942E+00,8.30078E-01,-4.88281E-02
-1.0351757E+00,7.32422E-01,4.88281E-02
-1.0351572E+00,7.91016E-01,9.76562E-03
-1.0351387E+00,7.51953E-01,6.83594E-02
-1.0351202E+00,7.71484E-01,4.88281E-02
-1.0351018E+00,7.71484E-01,4.88281E-02
-1.0350833E+00,8.10547E-01,4.88281E-02
-1.0350648E+00,7.71484E-01,9.76562E-03
-1.0350463E+00,8.30078E-01,2.92969E-02
-1.0350278E+00,8.10547E-01,2.92969E-02
-1.0350094E+00,8.30078E-01,2.92969E-02
-1.0349909E+00,7.51953E-01,9.76562E-03
-1.0349724E+00,7.51953E-01,-9.76562E-03
-1.0349539E+00,8.49609E-01,9.76562E-03
-1.0349354E+00,7.91016E-01,-9.76562E-03
-1.0349170E+00,7.71484E-01,4.88281E-02
-1.0348985E+00,6.93359E-01,-9.76562E-03
-1.0348800E+00,7.71484E-01,4.88281E-02
-1.0348615E+00,8.10547E-01,2.92969E-02
-1.0348430E+00,8.10547E-01,2.92969E-02
-1.0348246E+00,7.71484E-01,9.76562E-03
-1.0348061E+00,8.10547E-01,6.83594E-02
-1.0347876E+00,7.71484E-01,9.76562E-03
-1.0347691E+00,8.69141E-01,2.92969E-02
-1.0347506E+00,7.71484E-01,4.88281E-02
-1.0347322E+00,8.88672E-01,9.76562E-03
-1.0347137E+00,8.10547E-01,9.76562E-03
-1.0346952E+00,8.10547E-01,4.88281E-02
-1.0346767E+00,8.30078E-01,4.88281E-02
-1.0346582E+00,7.91016E-01,9.76562E-03
-1.0346398E+00,7.91016E-01,1.07422E-01
-1.0346213E+00,7.71484E-01,4.88281E-02
-1.0346028E+00,8.30078E-01,6.83594E-02
-1.0345843E+00,8.10547E-01,2.92969E-02
-1.0345658E+00,8.88672E-01,4.88281E-02
-1.0345474E+00,6.73828E-01,9.76562E-03
-1.0345289E+00,7.91016E-01,9.76562E-03
-1.0345104E+00,7.32422E-01,-9.76562E-03
-1.0344919E+00,7.32422E-01,-9.76562E-03
-1.0344734E+00,7.32422E-01,1.07422E-01
-1.0344550E+00,7.32422E-01,6.83594E-02
-1.0344365E+00,7.12891E-01,8.78906E-02
-1.0344180E+00,7.91016E-01,9.76562E-03
-1.0343995E+00,7.12891E-01,6.83594E-02
-1.0343810E+00,7.71484E-01,2.92969E-02
-1.0343626E+00,7.32422E-01,6.83594E-02
-1.0343441E+00,7.71484E-01,6.83594E-02
-1.0343256E+00,7.51953E-01,6.83594E-02
-1.0343071E+00,8.69141E-01,2.92969E-02
-1.0342886E+00,8.10547E-01,2.92969E-02
-1.0342702E+00,7.71484E-01,6.83594E-02
-1.0342517E+00,8.30078E-01,6.83594E-02
-1.0342332E+00,8.49609E-01,-6.83594E-02
-1.0342147E+00,7.32422E-01,8.78906E-02
-1.0341962E+00,7.32422E-01,9.76562E-03
-1.0341778E+00,8.10547E-01,6.83594E-02
-1.0341593E+00,7.51953E-01,9.76562E-03
-1.0341408E+00,7.51953E-01,4.88281E-02
-1.0341223E+00,7.91016E-01,9.76562E-03
-1.0341038E+00,7.91016E-01,6.83594E-02
-1.0340854E+00,7.91016E-01,9.76562E-03
-1.0340669E+00,7.71484E-01,9.76562E-03
-1.0340484E+00,7.91016E-01,9.76562E-03
-1.0340299E+00,8.10547E-01,2.92969E-02
-1.0340114E+00,8.30078E-01,9.76562E-03
-1.0339930E+00,7.71484E-01,4.88281E-02
-1.0339745E+00,8.10547E-01,9.76562E-03
-1.0339560E+00,7.91016E-01,4.88281E-02
-1.0339375E+00,7.32422E-01,-9.76562E-03
-1.0339190E+00,7.91016E-01,4.88281E-02
-1.0339006E+00,7.71484E-01,-9.76562E-03
-1.0338821E+00,7.71484E-01,6.83594E-02
-1.0338636E+00,8.10547E-01,2.92969E-02
-1.0338451E+00,7.91016E-01,4.88281E-02
-1.0338266E+00,8.49609E-01,4.88281E-02
-1.0338082E+00,8.69141E-01,9.76562E-03
-1.0337897E+00,7.91016E-01,6.83594E-02
-1.0337712E+00,8.10547E-01,8.78906E-02
-1.0337527E+00,8.10547E-01,-9.76562E-03
-1.0337342E+00,7.51953E-01,1.07422E-01
-1.0337158E+00,7.91016E-01,2.92969E-02
-1.0336973E+00,7.32422E-01,2.92969E-02
-1.0336788E+00,6.93359E-01,-9.76562E-03
-1.0336603E+00,7.32422E-01,2.92969E-02
-1.0336418E+00,7.71484E-01,2.92969E-02
-1.0336234E+00,7.71484E-01,2.92969E-02
-1.0336049E+00,7.71484E-01,4.88281E-02
-1.0335864E+00,7.71484E-01,9.76562E-03
-1.0335679E+00,7.91016E-01,9.76562E-03
-1.0335494E+00,8.69141E-01,6.83594E-02
-1.0335310E+00,8.69141E-01,4.88281E-02
-1.0335125E+00,7.71484E-01,2.92969E-02
-1.0334940E+00,7.91016E-01,9.76562E-03
-1.0334755E+00,7.51953E-01,2.92969E-02
-1.0334570E+00,7.91016E-01,9.76562E-03
-1.0334386E+00,8.30078E-01,9.76562E-03
-1.0334201E+00,8.49609E-01,4.88281E-02
-1.0334016E+00,7.71484E-01,4.88281E-02
-1.0333831E+00,7.71484E-01,2.92969E-02
-1.0333646E+00,7.71484E-01,1.07422E-01
-1.0333462E+00,8.30078E-01,6.83594E-02
-1.0333277E+00,7.32422E-01,6.83594E-02
-1.0333092E+00,7.32422E-01,-9.76562E-03
-1.0332907E+00,7.32422E-01,8.78906E-02
-1.0332722E+00,7.91016E-01,2.92969E-02
-1.0332538E+00,7.12891E-01,9.76562E-03
-1.0332353E+00,7.91016E-01,-9.76562E-03
-1.0332168E+00,7.91016E-01,2.92969E-02
-1.0331983E+00,7.91016E-01,4.88281E-02
-1.0331798E+00,7.71484E-01,4.88281E-02
-1.0331614E+00,8.30078E-01,4.88281E-02
-1.0331429E+00,8.49609E-01,2.92969E-02
-1.0331244E+00,8.10547E-01,9.76562E-03
-1.0331059E+00,8.10547E-01,2.92969E-02
-1.0330874E+00,7.71484E-01,2.92969E-02
-1.0330690E+00,7.71484E-01,4.88281E-02
-1.0330505E+00,7.71484E-01,9.76562E-03
-1.0330320E+00,8.69141E-01,4.88281E-02
-1.0330135E+00,7.51953E-01,-9.76562E-03
-1.0329950E+00,8.30078E-01,9.76562E-03
-1.0329766E+00,7.71484E-01,9.76562E-03
-1.0329581E+00,8.10547E-01,9.76562E-03
-1.0329396E+00,8.10547E-01,4.88281E-02
-1.0329211E+00,7.71484E-01,4.88281E-02
-1.0329026E+00,8.49609E-01,4.88281E-02
-1.0328842E+00,7.71484E-01,4.88281E-02
-1.0328657E+00,8.10547E-01,4.88281E-02
-1.0328472E+00,8.10547E-01,4.88281E-02
-1.0328287E+00,8.30078E-01,2.92969E-02
-1.0328102E+00,8.30078E-01,6.83594E-02
-1.0327918E+00,7.12891E-01,2.92969E-02
-1.0327733E+00,7.91016E-01,6.83594E-02
-1.0327548E+00,8.30078E-01,2.92969E-02
-1.0327363E+00,7.32422E-01,6.83594E-02
-1.0327178E+00,7.71484E-01,9.76562E-03
-1.0326994E+00,8.10547E-01,4.88281E-02
-1.0326809E+00,8.69141E-01,6.83594E-02
-1.0326624E+00,7.71484E-01,4.88281E-02
-1.0326439E+00,7.71484E-01,4.88281E-02
-1.0326254E+00,7.91016E-01,4.88281E-02
-1.0326070E+00,8.10547E-01,-9.76562E-03
-1.0325885E+00,7.51953E-01,9.76562E-03
-1.0325700E+00,7.91016E-01,2.92969E-02
-1.0325515E+00,8.30078E-01,2.92969E-02
-1.0325330E+00,7.91016E-01,2.92969E-02
-1.0325146E+00,8.30078E-01,9.76562E-03
-1.0324961E+00,8.10547E-01,2.92969E-02
-1.0324776E+00,7.71484E-01,4.88281E-02
-1.0324591E+00,8.69141E-01,2.92969E-02
-1.0324406E+00,7.71484E-01,4.88281E-02
-1.0324222E+00,8.10547E-01,9.76562E-03
-1.0324037E+00,7.91016E-01,4.88281E-02
-1.0323852E+00,8.30078E-01,9.76562E-03
-1.0323667E+00,7.91016E-01,9.76562E-03
-1.0323482E+00,8.49609E-01,9.76562E-03
-1.0323298E+00,8.10547E-01,2.92969E-02
-1.0323113E+00,7.91016E-01,6.83594E-02
-1.0322928E+00,7.91016E-01,-2.92969E-02
-1.0322743E+00,7.91016E-01,2.92969E-02
-1.0322558E+00,7.51953E-01,1.26953E-01
-1.0322374E+00,7.32422E-01,4.88281E-02
-1.0322189E+00,7.91016E-01,9.76562E-03
-1.0322004E+00,8.69141E-01,4.88281E-02
-1.0321819E+00,8.10547E-01,4.88281E-02
-1.0321634E+00,7.71484E-01,2.92969E-02
-1.0321450E+00,8.30078E-01,9.76562E-03
-1.0321265E+00,7.51953E-01,9.76562E-03
-1.0321080E+00,7.51953E-01,9.76562E-03
-1.0320895E+00,7.91016E-01,9.76562E-03
-1.0320710E+00,7.91016E-01,2.92969E-02
-1.0320526E+00,8.30078E-01,9.76562E-03
-1.0320341E+00,7.32422E-01,4.88281E-02
-1.0320156E+00,8.49609E-01,4.88281E-02
-1.0319971E+00,8.49609E-01,6.83594E-02
-1.0319786E+00,8.30078E-01,6.83594E-02
-1.0319602E+00,7.91016E-01,4.88281E-02
-1.0319417E+00,8.30078E-01,2.92969E-02
-1.0319232E+00,7.91016E-01,8.78906E-02
-1.0319047E+00,7.71484E-01,4.88281E-02
-1.0318862E+00,7.71484E-01,4.88281E-02
-1.0318678E+00,8.10547E-01,-9.76562E-03
-1.0318493E+00,7.71484E-01,9.76562E-03
-1.0318308E+00,8.49609E-01,-2.92969E-02
-1.0318123E+00,7.71484E-01,-9.76562E-03
-1.0317938E+00,7.91016E-01,-4.88281E-02
-1.0317754E+00,7.71484E-01,4.88281E-02
-1.0317569E+00,7.91016E-01,9.76562E-03
-1.0317384E+00,8.10547E-01,2.92969E-02
-1.0317199E+00,7.51953E-01,9.76562E-03
-1.0317014E+00,7.51953E-01,9.76562E-03
-1.0316830E+00,8.30078E-01,6.83594E-02
-1.0316645E+00,7.91016E-01,4.88281E-02
-1.0316460E+00,8.69141E-01,2.92969E-02
-1.0316275E+00,7.51953E-01,9.76562E-03
-1.0316090E+00,8.49609E-01,4.88281E-02
-1.0315906E+00,7.51953E-01,6.83594E-02
-1.0315721E+00,8.10547E-01,9.76562E-03
-1.0315536E+00,7.71484E-01,9.76562E-03
-1.0315351E+00,8.69141E-01,6.83594E-02
-1.0315166E+00,8.49609E-01,2.92969E-02
-1.0314982E+00,7.91016E-01,6.83594E-02
-1.0314797E+00,8.10547E-01,2.92969E-02
-1.0314612E+00,7.91016E-01,2.92969E-02
-1.0314427E+00,7.71484E-01,2.92969E-02
-1.0314242E+00,7.71484E-01,2.92969E-02
-1.0314058E+00,8.10547E-01,4.88281E-02
-1.0313873E+00,8.10547E-01,9.76562E-03
-1.0313688E+00,7.91016E-01,6.83594E-02
-1.0313503E+00,8.49609E-01,9.76562E-03
-1.0313318E+00,7.32422E-01,4.88281E-02
-1.0313134E+00,8.49609E-01,-4.88281E-02
-1.0312949E+00,7.32422E-01,4.88281E-02
-1.0312764E+00,7.71484E-01,9.76562E-03
-1.0312579E+00,8.30078E-01,4.88281E-02
-1.0312394E+00,7.91016E-01,4.88281E-02
-1.0312210E+00,7.71484E-01,4.88281E-02
-1.0312025E+00,8.10547E-01,-2.92969E-02
-1.0311840E+00,7.91016E-01,2.92969E-02
-1.0311655E+00,7.51953E-01,4.88281E-02
-1.0311470E+00,7.91016E-01,1.26953E-01
-1.0311286E+00,8.30078E-01,8.78906E-02
-1.0311101E+00,7.51953E-01,6.83594E-02
-1.0310916E+00,8.49609E-01,6.83594E-02
-1.0310731E+00,8.49609E-01,2.92969E-02
-1.0310546E+00,7.51953E-01,4.88281E-02
-1.0310362E+00,7.51953E-01,4.88281E-02
-1.0310177E+00,8.10547E-01,9.76562E-03
-1.0309992E+00,8.10547E-01,-2.92969E-02
-1.0309807E+00,8.69141E-01,-9.76562E-03
-1.0309622E+00,7.32422E-01,6.83594E-02
-1.0309438E+00,7.91016E-01,9.76562E-03
-1.0309253E+00,7.71484E-01,4.88281E-02
-1.0309068E+00,8.69141E-01,-9.76562E-03
-1.0308883E+00,7.32422E-01,4.88281E-02
-1.0308698E+00,8.30078E-01,2.92969E-02
-1.0308514E+00,8.30078E-01,2.92969E-02
-1.0308329E+00,8.69141E-01,4.88281E-02
-1.0308144E+00,7.91016E-01,4.88281E-02
-1.0307959E+00,7.51953E-01,2.92969E-02
-1.0307774E+00,8.10547E-01,6.83594E-02
-1.0307590E+00,7.91016E-01,4.88281E-02
-1.0307405E+00,7.51953E-01,6.83594E-02
-1.0307220E+00,7.91016E-01,9.76562E-03
-1.0307035E+00,7.71484E-01,4.88281E-02
-1.0306850E+00,8.30078E-01,9.76562E-03
-1.0306666E+00,7.51953E-01,6.83594E-02
-1.0306481E+00,8.49609E-01,4.88281E-02
-1.0306296E+00,7.91016E-01,8.78906E-02
-1.0306111E+00,8.30078E-01,2.92969E-02
-1.0305926E+00,7.91016E-01,4.88281E-02
-1.0305742E+00,8.10547E-01,-9.76562E-03
-1.0305557E+00,7.71484E-01,4.88281E-02
-1.0305372E+00,7.51953E-01,9.76562E-03
-1.0305187E+00,7.51953E-01,6.83594E-02
-1.0305002E+00,8.69141E-01,4.88281E-02
-1.0304818E+00,8.30078E-01,9.76562E-03
-1.0304633E+00,7.32422E-01,2.92969E-02
-1.0304448E+00,7.91016E-01,4.88281E-02
-1.0304263E+00,7.91016E-01,2.92969E-02
-1.0304078E+00,7.32422E-01,-9.76562E-03
-1.0303894E+00,8.69141E-01,2.92969E-02
-1.0303709E+00,7.91016E-01,6.83594E-02
-1.0303524E+00,8.69141E-01,-9.76562E-03
-1.0303339E+00,8.30078E-01,6.83594E-02
-1.0303154E+00,8.49609E-01,2.92969E-02
-1.0302970E+00,7.91016E-01,6.83594E-02
-1.0302785E+00,8.30078E-01,1.07422E-01
-1.0302600E+00,7.91016E-01,4.88281E-02
-1.0302415E+00,8.69141E-01,4.88281E-02
-1.0302230E+00,7.12891E-01,4.88281E-02
-1.0302046E+00,7.91016E-01,9.76562E-03
-1.0301861E+00,6.73828E-01,1.07422E-01
-1.0301676E+00,8.10547E-01,6.83594E-02
-1.0301491E+00,7.91016E-01,4.88281E-02
-1.0301306E+00,7.71484E-01,4.88281E-02
-1.0301122E+00,8.69141E-01,9.76562E-03
-1.0300937E+00,8.10547E-01,2.92969E-02
-1.0300752E+00,7.71484E-01,4.88281E-02
-1.0300567E+00,8.10547E-01,4.88281E-02
-1.0300382E+00,8.30078E-01,-2.92969E-02
-1.0300198E+00,8.10547E-01,9.76562E-03
-1.0300013E+00,7.91016E-01,4.88281E-02
-1.0299828E+00,8.10547E-01,-9.76562E-03
-1.0299643E+00,7.91016E-01,6.83594E-02
-1.0299458E+00,7.71484E-01,4.88281E-02
-1.0299274E+00,7.71484E-01,4.88281E-02
-1.0299089E+00,8.30078E-01,4.88281E-02
-1.0298904E+00,8.10547E-01,2.92969E-02
-1.0298719E+00,8.69141E-01,4.88281E-02
-1.0298534E+00,8.10547E-01,-2.92969E-02
-1.0298350E+00,7.91016E-01,4.88281E-02
-1.0298165E+00,7.32422E-01,-9.76562E-03
-1.0297980E+00,7.91016E-01,2.92969E-02
-1.0297795E+00,7.71484E-01,4.88281E-02
-1.0297610E+00,8.30078E-01,-9.76562E-03
-1.0297426E+00,7.71484E-01,8.78906E-02
-1.0297241E+00,7.91016E-01,-9.76562E-03
-1.0297056E+00,7.91016E-01,2.92969E-02
-1.0296871E+00,7.91016E-01,9.76562E-03
-1.0296686E+00,7.32422E-01,6.83594E-02
-1.0296502E+00,8.30078E-01,4.88281E-02
-1.0296317E+00,8.49609E-01,4.88281E-02
-1.0296132E+00,7.91016E-01,9.76562E-03
-1.0295947E+00,8.49609E-01,2.92969E-02
-1.0295762E+00,8.69141E-01,9.76562E-03
-1.0295578E+00,7.71484E-01,9.76562E-03
-1.0295393E+00,8.49609E-01,2.92969E-02
-1.0295208E+00,7.51953E-01,2.92969E-02
-1.0295023E+00,7.51953E-01,4.88281E-02
-1.0294838E+00,7.71484E-01,9.76562E-03
-1.0294654E+00,8.10547E-01,2.92969E-02
-1.0294469E+00,7.91016E-01,9.76562E-03
-1.0294284E+00,8.10547E-01,2.92969E-02
-1.0294099E+00,7.71484E-01,6.83594E-02
-1.0293914E+00,8.30078E-01,4.88281E-02
-1.0293730E+00,7.71484E-01,1.07422E-01
-1.0293545E+00,7.71484E-01,-9.76562E-03
-1.0293360E+00,7.91016E-01,1.07422E-01
-1.0293175E+00,8.10547E-01,4.88281E-02
-1.0292990E+00,7.91016E-01,9.76562E-03
-1.0292806E+00,7.71484E-01,2.92969E-02
-1.0292621E+00,8.10547E-01,1.26953E-01
-1.0292436E+00,8.30078E-01,4.88281E-02
-1.0292251E+00,8.10547E-01,6.83594E-02
-1.0292066E+00,7.91016E-01,2.92969E-02
-1.0291882E+00,8.69141E-01,4.88281E-02
-1.0291697E+00,7.91016E-01,4.88281E-02
-1.0291512E+00,7.71484E-01,4.88281E-02
-1.0291327E+00,8.30078E-01,2.92969E-02
-1.0291142E+00,7.91016E-01,9.76562E-03
-1.0290958E+00,8.10547E-01,4.88281E-02
-1.0290773E+00,8.30078E-01,2.92969E-02
-1.0290588E+00,7.91016E-01,2.92969E-02
-1.0290403E+00,7.51953E-01,-9.76562E-03
-1.0290218E+00,7.71484E-01,9.76562E-03
-1.0290034E+00,8.10547E-01,2.92969E-02
-1.0289849E+00,8.30078E-01,9.76562E-03
-1.0289664E+00,7.51953E-01,-2.92969E-02
-1.0289479E+00,8.10547E-01,4.88281E-02
-1.0289294E+00,8.10547E-01,4.88281E-02
-1.0289110E+00,8.10547E-01,4.88281E-02
-1.0288925E+00,7.32422E-01,6.83594E-02
-1.0288740E+00,7.71484E-01,2.92969E-02
-1.0288555E+00,7.91016E-01,2.92969E-02
-1.0288370E+00,8.49609E-01,9.76562E-03
-1.0288186E+00,8.10547E-01,9.76562E-03
-1.0288001E+00,8.49609E-01,-9.76562E-03
-1.0287816E+00,7.71484E-01,6.83594E-02
-1.0287631E+00,8.49609E-01,2.92969E-02
-1.0287446E+00,8.69141E-01,1.07422E-01
-1.0287262E+00,7.91016E-01,9.76562E-03
-1.0287077E+00,8.30078E-01,8.78906E-02
-1.0286892E+00,8.30078E-01,1.07422E-01
-1.0286707E+00,7.91016E-01,6.83594E-02
-1.0286522E+00,8.10547E-01,-9.76562E-03
-1.0286338E+00,8.10547E-01,4.88281E-02
-1.0286153E+00,8.49609E-01,4.88281E-02
-1.0285968E+00,7.71484E-01,6.83594E-02
-1.0285783E+00,8.49609E-01,9.76562E-03
-1.0285598E+00,8.10547E-01,4.88281E-02
-1.0285414E+00,8.10547E-01,-2.92969E-02
-1.0285229E+00,8.10547E-01,4.88281E-02
-1.0285044E+00,7.32422E-01,2.92969E-02
-1.0284859E+00,7.71484E-01,4.88281E-02
-1.0284674E+00,9.08203E-01,4.88281E-02
-1.0284490E+00,8.49609E-01,4.88281E-02
-1.0284305E+00,8.30078E-01,2.92969E-02
-1.0284120E+00,7.51953E-01,8.78906E-02
-1.0283935E+00,8.10547E-01,9.76562E-03
-1.0283750E+00,7.91016E-01,4.88281E-02
-1.0283566E+00,7.71484E-01,4.88281E-02
-1.0283381E+00,7.71484E-01,4.88281E-02
-1.0283196E+00,7.91016E-01,-9.76562E-03
-1.0283011E+00,7.91016E-01,4.88281E-02
-1.0282826E+00,8.30078E-01,4.88281E-02
-1.0282642E+00,7.91016E-01,9.76562E-03
-1.0282457E+00,8.49609E-01,-2.92969E-02
-1.0282272E+00,7.71484E-01,2.92969E-02
-1.0282087E+00,8.30078E-01,6.83594E-02
-1.0281902E+00,7.71484E-01,2.92969E-02
-1.0281718E+00,7.91016E-01,6.83594E-02
-1.0281533E+00,8.49609E-01,6.83594E-02
-1.0281348E+00,7.91016E-01,2.92969E-02
-1.0281163E+00,7.91016E-01,6.83594E-02
-1.0280978E+00,7.71484E-01,4.88281E-02
-1.0280794E+00,7.91016E-01,4.88281E-02
-1.0280609E+00,8.69141E-01,2.92969E-02
-1.0280424E+00,7.71484E-01,9.76562E-03
-1.0280239E+00,8.69141E-01,2.92969E-02
-1.0280054E+00,7.91016E-01,4.88281E-02
-1.0279870E+00,9.08203E-01,4.88281E-02
-1.0279685E+00,7.51953E-01,6.83594E-02
-1.0279500E+00,8.69141E-01,9.76562E-03
-1.0279315E+00,7.91016E-01,6.83594E-02
-1.0279130E+00,8.10547E-01,6.83594E-02
-1.0278946E+00,7.91016E-01,2.92969E-02
-1.0278761E+00,7.91016E-01,9.76562E-03
-1.0278576E+00,8.30078E-01,6.83594E-02
-1.0278391E+00,7.71484E-01,-9.76562E-03
-1.0278206E+00,7.71484E-01,1.26953E-01
-1.0278022E+00,7.71484E-01,2.92969E-02
-1.0277837E+00,8.10547E-01,6.83594E-02
-1.0277652E+00,9.08203E-01,-9.76562E-03
-1.0277467E+00,8.69141E-01,4.88281E-02
-1.0277282E+00,8.69141E-01,6.83594E-02
-1.0277098E+00,7.71484E-01,6.83594E-02
-1.0276913E+00,7.71484E-01,-9.76562E-03
-1.0276728E+00,8.49609E-01,4.88281E-02
-1.0276543E+00,8.30078E-01,9.76562E-03
-1.0276358E+00,7.51953E-01,2.92969E-02
-1.0276174E+00,7.91016E-01,2.92969E-02
-1.0275989E+00,7.71484E-01,9.76562E-03
-1.0275804E+00,7.91016E-01,-4.88281E-02
-1.0275619E+00,7.91016E-01,2.92969E-02
-1.0275434E+00,8.69141E-01,4.88281E-02
-1.0275250E+00,7.91016E-01,9.76562E-03
-1.0275065E+00,7.51953E-01,-4.88281E-02
-1.0274880E+00,7.71484E-01,4.88281E-02
-1.0274695E+00,7.91016E-01,-6.83594E-02
-1.0274510E+00,7.32422E-01,1.07422E-01
-1.0274326E+00,8.49609E-01,9.76562E-03
-1.0274141E+00,7.91016E-01,9.76562E-03
-1.0273956E+00,7.91016E-01,-9.76562E-03
-1.0273771E+00,7.71484E-01,4.88281E-02
-1.0273586E+00,7.91016E-01,2.92969E-02
-1.0273402E+00,7.91016E-01,2.92969E-02
-1.0273217E+00,8.10547E-01,9.76562E-03
-1.0273032E+00,8.10547E-01,6.83594E-02
-1.0272847E+00,8.49609E-01,9.76562E-03
-1.0272662E+00,7.91016E-01,1.07422E-01
-1.0272478E+00,7.91016E-01,4.88281E-02
-1.0272293E+00,7.71484E-01,2.92969E-02
-1.0272108E+00,8.10547E-01,2.92969E-02
-1.0271923E+00,8.49609E-01,4.88281E-02
-1.0271738E+00,8.69141E-01,6.83594E-02
-1.0271554E+00,7.91016E-01,4.88281E-02
-1.0271369E+00,8.69141E-01,4.88281E-02
-1.0271184E+00,7.91016E-01,4.88281E-02
-1.0270999E+00,7.71484E-01,2.92969E-02
-1.0270814E+00,7.71484E-01,4.88281E-02
-1.0270630E+00,8.30078E-01,4.88281E-02
-1.0270445E+00,8.69141E-01,9.76562E-03
-1.0270260E+00,8.49609E-01,9.76562E-03
-1.0270075E+00,7.51953E-01,9.76562E-03
-1.0269890E+00,8.69141E-01,6.83594E-02
-1.0269706E+00,8.30078E-01,-9.76562E-03
-1.0269521E+00,8.30078E-01,2.92969E-02
-1.0269336E+00,8.30078E-01,2.92969E-02
-1.0269151E+00,8.30078E-01,9.76562E-03
-1.0268966E+00,8.10547E-01,2.92969E-02
-1.0268782E+00,8.88672E-01,2.92969E-02
-1.0268597E+00,7.91016E-01,6.83594E-02
-1.0268412E+00,8.49609E-01,8.78906E-02
-1.0268227E+00,8.30078E-01,4.88281E-02
-1.0268042E+00,8.49609E-01,9.76562E-03
-1.0267858E+00,7.32422E-01,9.76562E-03
-1.0267673E+00,8.10547E-01,4.88281E-02
-1.0267488E+00,7.91016E-01,4.88281E-02
-1.0267303E+00,8.10547E-01,2.92969E-02
-1.0267118E+00,7.91016E-01,9.76562E-03
-1.0266934E+00,8.30078E-01,6.83594E-02
-1.0266749E+00,8.30078E-01,8.78906E-02
-1.0266564E+00,7.91016E-01,6.83594E-02
-1.0266379E+00,7.71484E-01,9.76562E-03
-1.0266194E+00,8.69141E-01,6.83594E-02
-1.0266010E+00,7.12891E-01,9.76562E-03
-1.0265825E+00,8.30078E-01,2.92969E-02
-1.0265640E+00,7.32422E-01,4.88281E-02
-1.0265455E+00,8.30078E-01,9.76562E-03
-1.0265270E+00,8.10547E-01,4.88281E-02
-1.0265086E+00,8.49609E-01,9.76562E-03
-1.0264901E+00,7.51953E-01,6.83594E-02
-1.0264716E+00,8.10547E-01,4.88281E-02
-1.0264531E+00,8.10547E-01,2.92969E-02
-1.0264346E+00,8.10547E-01,2.92969E-02
-1.0264162E+00,7.51953E-01,6.83594E-02
-1.0263977E+00,8.69141E-01,2.92969E-02
-1.0263792E+00,7.91016E-01,9.76562E-03
-1.0263607E+00,8.69141E-01,4.88281E-02
-1.0263422E+00,8.30078E-01,9.76562E-03
-1.0263238E+00,8.49609E-01,6.83594E-02
-1.0263053E+00,7.91016E-01,6.83594E-02
-1.0262868E+00,8.30078E-01,-9.76562E-03
-1.0262683E+00,8.49609E-01,6.83594E-02
-1.0262498E+00,8.49609E-01,2.92969E-02
-1.0262314E+00,8.10547E-01,4.88281E-02
-1.0262129E+00,9.08203E-01,2.92969E-02
-1.0261944E+00,8.69141E-01,4.88281E-02
-1.0261759E+00,8.49609E-01,4.88281E-02
-1.0261574E+00,8.49609E-01,-4.88281E-02
-1.0261390E+00,8.30078E-01,2.92969E-02
-1.0261205E+00,8.49609E-01,2.92969E-02
-1.0261020E+00,7.91016E-01,-9.76562E-03
-1.0260835E+00,7.91016E-01,2.92969E-02
-1.0260650E+00,8.88672E-01,2.92969E-02
-1.0260466E+00,7.91016E-01,4.88281E-02
-1.0260281E+00,8.49609E-01,9.76562E-03
-1.0260096E+00,7.91016E-01,6.83594E-02
-1.0259911E+00,8.10547E-01,-9.76562E-03
-1.0259726E+00,8.30078E-01,8.78906E-02
-1.0259542E+00,8.69141E-01,9.76562E-03
-1.0259357E+00,8.88672E-01,-9.76562E-03
-1.0259172E+00,9.27734E-01,-9.76562E-03
-1.0258987E+00,8.49609E-01,9.76562E-03
-1.0258802E+00,8.49609E-01,-9.76562E-03
-1.0258618E+00,7.91016E-01,4.88281E-02
-1.0258433E+00,7.51953E-01,9.76562E-03
-1.0258248E+00,7.91016E-01,1.26953E-01
-1.0258063E+00,8.30078E-01,9.76562E-03
-1.0257878E+00,8.49609E-01,4.88281E-02
-1.0257694E+00,8.49609E-01,9.76562E-03
-1.0257509E+00,7.91016E-01,6.83594E-02
-1.0257324E+00,7.51953E-01,6.83594E-02
-1.0257139E+00,7.71484E-01,2.92969E-02
-1.0256954E+00,7.71484E-01,2.92969E-02
-1.0256770E+00,7.91016E-01,2.92969E-02
-1.0256585E+00,8.69141E-01,-4.88281E-02
-1.0256400E+00,7.91016E-01,6.83594E-02
-1.0256215E+00,8.49609E-01,4.88281E-02
-1.0256030E+00,8.30078E-01,2.92969E-02
-1.0255846E+00,8.49609E-01,4.88281E-02
-1.0255661E+00,7.91016E-01,2.92969E-02
-1.0255476E+00,8.30078E-01,9.76562E-03
-1.0255291E+00,6.93359E-01,9.76562E-03
-1.0255106E+00,8.69141E-01,6.83594E-02
-1.0254922E+00,7.71484E-01,9.76562E-03
-1.0254737E+00,8.49609E-01,-9.76562E-03
-1.0254552E+00,7.91016E-01,6.83594E-02
-1.0254367E+00,8.69141E-01,9.76562E-03
-1.0254182E+00,8.49609E-01,6.83594E-02
-1.0253998E+00,8.69141E-01,9.76562E-03
-1.0253813E+00,7.51953E-01,6.83594E-02
-1.0253628E+00,8.69141E-01,9.76562E-03
-1.0253443E+00,7.91016E-01,2.92969E-02
-1.0253258E+00,9.08203E-01,4.88281E-02
-1.0253074E+00,7.51953E-01,4.88281E-02
-1.0252889E+00,8.10547E-01,-4.88281E-02
-1.0252704E+00,8.10547E-01,4.88281E-02
-1.0252519E+00,8.49609E-01,9.76562E-03
-1.0252334E+00,8.30078E-01,9.76562E-03
-1.0252150E+00,8.69141E-01,-2.92969E-02
-1.0251965E+00,8.49609E-01,2.92969E-02
-1.0251780E+00,8.30078E-01,2.92969E-02
-1.0251595E+00,9.08203E-01,9.76562E-03
-1.0251410E+00,8.10547E-01,4.88281E-02
-1.0251226E+00,7.51953E-01,9.76562E-03
-1.0251041E+00,8.49609E-01,9.76562E-03
-1.0250856E+00,8.30078E-01,2.92969E-02
-1.0250671E+00,8.10547E-01,-9.76562E-03
-1.0250486E+00,7.91016E-01,4.88281E-02
-1.0250302E+00,8.10547E-01,-2.92969E-02
-1.0250117E+00,7.71484E-01,9.76562E-03
-1.0249932E+00,8.49609E-01,2.92969E-02
-1.0249747E+00,8.49609E-01,8.78906E-02
-1.0249562E+00,7.71484E-01,9.76562E-03
-1.0249378E+00,8.30078E-01,-9.76562E-03
-1.0249193E+00,9.08203E-01,9.76562E-03
-1.0249008E+00,8.10547E-01,9.76562E-03
-1.0248823E+00,8.69141E-01,4.88281E-02
-1.0248638E+00,8.30078E-01,9.76562E-03
-1.0248454E+00,7.51953E-01,2.92969E-02
-1.0248269E+00,8.30078E-01,6.83594E-02
-1.0248084E+00,8.49609E-01,9.76562E-03
-1.0247899E+00,7.91016E-01,6.83594E-02
-1.0247714E+00,8.49609E-01,-9.76562E-03
-1.0247530E+00,8.30078E-01,9.76562E-03
-1.0247345E+00,7.91016E-01,6.83594E-02
-1.0247160E+00,7.91016E-01,6.83594E-02
-1.0246975E+00,8.30078E-01,9.76562E-03
-1.0246790E+00,7.12891E-01,2.92969E-02
-1.0246606E+00,8.10547E-01,9.76562E-03
-1.0246421E+00,8.49609E-01,6.83594E-02
-1.0246236E+00,8.49609E-01,4.88281E-02
-1.0246051E+00,7.91016E-01,9.76562E-03
-1.0245866E+00,9.27734E-01,-9.76562E-03
-1.0245682E+00,8.69141E-01,2.92969E-02
-1.0245497E+00,7.91016E-01,9.76562E-03
-1.0245312E+00,7.51953E-01,2.92969E-02
-1.0245127E+00,8.69141E-01,4.88281E-02
-1.0244942E+00,7.51953E-01,4.88281E-02
-1.0244758E+00,8.30078E-01,9.76562E-03
-1.0244573E+00,7.91016E-01,4.88281E-02
-1.0244388E+00,8.49609E-01,6.83594E-02
-1.0244203E+00,7.91016E-01,4.88281E-02
-1.0244018E+00,8.49609E-01,2.92969E-02
-1.0243834E+00,7.71484E-01,4.88281E-02
-1.0243649E+00,8.10547E-01,-9.76562E-03
-1.0243464E+00,7.32422E-01,6.83594E-02
-1.0243279E+00,8.69141E-01,9.76562E-03
-1.0243094E+00,7.91016E-01,1.46484E-01
-1.0242910E+00,8.10547E-01,-9.76562E-03
-1.0242725E+00,8.49609E-01,6.83594E-02
-1.0242540E+00,8.69141E-01,2.92969E-02
-1.0242355E+00,8.30078E-01,6.83594E-02
-1.0242170E+00,8.49609E-01,9.76562E-03
-1.0241986E+00,7.71484E-01,6.83594E-02
-1.0241801E+00,8.69141E-01,4.88281E-02
-1.0241616E+00,8.30078E-01,6.83594E-02
-1.0241431E+00,7.91016E-01,2.92969E-02
-1.0241246E+00,7.91016E-01,6.83594E-02
-1.0241062E+00,8.88672E-01,2.92969E-02
-1.0240877E+00,8.49609E-01,2.92969E-02
-1.0240692E+00,8.30078E-01,9.76562E-03
-1.0240507E+00,7.91016E-01,2.92969E-02
-1.0240322E+00,8.88672E-01,9.76562E-03
-1.0240138E+00,7.91016E-01,4.88281E-02
-1.0239953E+00,8.30078E-01,9.76562E-03
-1.0239768E+00,7.91016E-01,4.88281E-02
-1.0239583E+00,8.49609E-01,4.88281E-02
-1.0239398E+00,8.10547E-01,4.88281E-02
-1.0239214E+00,7.91016E-01,9.76562E-03
-1.0239029E+00,7.91016E-01,2.92969E-02
-1.0238844E+00,7.91016E-01,9.76562E-03
-1.0238659E+00,8.10547E-01,9.76562E-03
-1.0238474E+00,9.08203E-01,4.88281E-02
-1.0238290E+00,7.91016E-01,8.78906E-02
-1.0238105E+00,8.30078E-01,9.76562E-03
-1.0237920E+00,8.49609E-01,9.76562E-03
-1.0237735E+00,8.49609E-01,2.92969E-02
-1.0237550E+00,8.69141E-01,6.83594E-02
-1.0237366E+00,9.27734E-01,-2.92969E-02
-1.0237181E+00,7.91016E-01,4.88281E-02
-1.0236996E+00,8.10547E-01,-2.92969E-02
-1.0236811E+00,7.71484E-01,4.88281E-02
-1.0236626E+00,8.69141E-01,9.76562E-03
-1.0236442E+00,8.30078E-01,6.83594E-02
-1.0236257E+00,8.49609E-01,9.76562E-03
-1.0236072E+00,8.69141E-01,2.92969E-02
-1.0235887E+00,8.49609E-01,4.88281E-02
-1.0235702E+00,7.71484E-01,6.83594E-02
-1.0235518E+00,9.08203E-01,2.92969E-02
-1.0235333E+00,7.91016E-01,9.76562E-03
-1.0235148E+00,8.10547E-01,9.76562E-03
-1.0234963E+00,7.91016E-01,4.88281E-02
-1.0234778E+00,8.10547E-01,-2.92969E-02
-1.0234594E+00,8.49609E-01,2.92969E-02
-1.0234409E+00,8.30078E-01,9.76562E-03
-1.0234224E+00,8.30078E-01,-9.76562E-03
-1.0234039E+00,8.10547E-01,4.88281E-02
-1.0233854E+00,8.10547E-01,2.92969E-02
-1.0233670E+00,7.32422E-01,2.92969E-02
-1.0233485E+00,7.71484E-01,9.76562E-03
-1.0233300E+00,8.49609E-01,4.88281E-02
-1.0233115E+00,7.91016E-01,6.83594E-02
-1.0232930E+00,7.71484E-01,4.88281E-02
-1.0232746E+00,7.91016E-01,2.92969E-02
-1.0232561E+00,8.10547E-01,9.76562E-03
-1.0232376E+00,7.91016E-01,6.83594E-02
-1.0232191E+00,7.71484E-01,2.92969E-02
-1.0232006E+00,8.30078E-01,4.88281E-02
-1.0231822E+00,8.69141E-01,2.92969E-02
-1.0231637E+00,8.49609E-01,6.83594E-02
-1.0231452E+00,8.69141E-01,9.76562E-03
-1.0231267E+00,9.08203E-01,6.83594E-02
-1.0231082E+00,8.10547E-01,9.76562E-03
-1.0230898E+00,8.88672E-01,-2.92969E-02
-1.0230713E+00,9.27734E-01,-2.92969E-02
-1.0230528E+00,8.10547E-01,2.92969E-02
-1.0230343E+00,8.10547E-01,9.76562E-03
-1.0230158E+00,7.91016E-01,6.83594E-02
-1.0229974E+00,8.49609E-01,2.92969E-02
-1.0229789E+00,8.49609E-01,2.92969E-02
-1.0229604E+00,8.10547E-01,9.76562E-03
-1.0229419E+00,8.10547E-01,2.92969E-02
-1.0229234E+00,7.91016E-01,-9.76562E-03
-1.0229050E+00,8.49609E-01,4.88281E-02
-1.0228865E+00,8.10547E-01,4.88281E-02
-1.0228680E+00,8.10547E-01,6.83594E-02
-1.0228495E+00,8.88672E-01,2.92969E-02
-1.0228310E+00,7.91016E-01,6.83594E-02
-1.0228126E+00,9.27734E-01,2.92969E-02
-1.0227941E+00,8.69141E-01,4.88281E-02
-1.0227756E+00,8.69141E-01,9.76562E-03
-1.0227571E+00,8.49609E-01,2.92969E-02
-1.0227386E+00,8.10547E-01,6.83594E-02
-1.0227202E+00,8.69141E-01,2.92969E-02
-1.0227017E+00,8.30078E-01,2.92969E-02
-1.0226832E+00,7.91016E-01,6.83594E-02
-1.0226647E+00,8.49609E-01,-9.76562E-03
-1.0226462E+00,7.91016E-01,9.76562E-03
-1.0226278E+00,8.69141E-01,2.92969E-02
-1.0226093E+00,8.69141E-01,2.92969E-02
-1.0225908E+00,8.69141E-01,4.88281E-02
-1.0225723E+00,8.10547E-01,2.92969E-02
-1.0225538E+00,8.69141E-01,9.76562E-03
-1.0225354E+00,7.91016E-01,6.83594E-02
-1.0225169E+00,8.49609E-01,-2.92969E-02
-1.0224984E+00,7.91016E-01,2.92969E-02
-1.0224799E+00,8.69141E-01,2.92969E-02
-1.0224614E+00,7.51953E-01,6.83594E-02
-1.0224430E+00,8.10547E-01,9.76562E-03
-1.0224245E+00,7.91016E-01,8.78906E-02
-1.0224060E+00,8.10547E-01,4.88281E-02
-1.0223875E+00,7.71484E-01,4.88281E-02
-1.0223690E+00,8.49609E-01,-9.76562E-03
-1.0223506E+00,8.49609E-01,4.88281E-02
-1.0223321E+00,9.08203E-01,9.76562E-03
-1.0223136E+00,8.69141E-01,2.92969E-02
-1.0222951E+00,8.30078E-01,9.76562E-03
-1.0222766E+00,8.10547E-01,1.26953E-01
-1.0222582E+00,8.49609E-01,4.88281E-02
-1.0222397E+00,7.91016E-01,6.83594E-02
-1.0222212E+00,9.27734E-01,6.83594E-02
-1.0222027E+00,8.49609E-01,4.88281E-02
-1.0221842E+00,8.49609E-01,2.92969E-02
-1.0221658E+00,7.71484E-01,2.92969E-02
-1.0221473E+00,7.51953E-01,4.88281E-02
-1.0221288E+00,7.32422E-01,1.07422E-01
-1.0221103E+00,8.49609E-01,9.76562E-03
-1.0220918E+00,7.51953E-01,1.07422E-01
-1.0220734E+00,8.49609E-01,9.76562E-03
-1.0220549E+00,7.91016E-01,2.92969E-02
-1.0220364E+00,8.30078E-01,2.92969E-02
-1.0220179E+00,7.91016E-01,4.88281E-02
-1.0219994E+00,9.27734E-01,2.92969E-02
-1.0219810E+00,8.69141E-01,2.92969E-02
-1.0219625E+00,8.30078E-01,4.88281E-02
-1.0219440E+00,7.51953E-01,6.83594E-02
-1.0219255E+00,8.49609E-01,8.78906E-02
-1.0219070E+00,8.69141E-01,6.83594E-02
-1.0218886E+00,8.30078E-01,2.92969E-02
-1.0218701E+00,7.91016E-01,8.78906E-02
-1.0218516E+00,8.69141E-01,9.76562E-03
-1.0218331E+00,7.71484E-01,9.76562E-03
-1.0218146E+00,7.91016E-01,2.92969E-02
-1.0217962E+00,7.91016E-01,6.83594E-02
-1.0217777E+00,8.30078E-01,-9.76562E-03
-1.0217592E+00,7.91016E-01,4.88281E-02
-1.0217407E+00,8.49609E-01,2.92969E-02
-1.0217222E+00,8.30078E-01,1.07422E-01
-1.0217038E+00,8.49609E-01,4.88281E-02
-1.0216853E+00,8.10547E-01,2.92969E-02
-1.0216668E+00,8.88672E-01,9.76562E-03
-1.0216483E+00,8.49609E-01,9.76562E-03
-1.0216298E+00,9.27734E-01,6.83594E-02
-1.0216114E+00,8.30078E-01,4.88281E-02
-1.0215929E+00,8.49609E-01,-9.76562E-03
-1.0215744E+00,8.88672E-01,2.92969E-02
-1.0215559E+00,8.30078E-01,6.83594E-02
-1.0215374E+00,8.88672E-01,2.92969E-02
-1.0215190E+00,8.30078E-01,4.88281E-02
-1.0215005E+00,7.91016E-01,6.83594E-02
-1.0214820E+00,8.10547E-01,2.92969E-02
-1.0214635E+00,7.12891E-01,2.92969E-02
-1.0214450E+00,8.30078E-01,4.88281E-02
-1.0214266E+00,7.91016E-01,1.46484E-01
-1.0214081E+00,8.10547E-01,9.76562E-03
-1.0213896E+00,8.49609E-01,4.88281E-02
-1.0213711E+00,7.91016E-01,4.88281E-02
-1.0213526E+00,8.10547E-01,2.92969E-02
-1.0213342E+00,8.69141E-01,2.92969E-02
-1.0213157E+00,7.91016E-01,4.88281E-02
-1.0212972E+00,9.08203E-01,4.88281E-02
-1.0212787E+00,8.30078E-01,2.92969E-02
-1.0212602E+00,8.49609E-01,4.88281E-02
-1.0212418E+00,8.30078E-01,4.88281E-02
-1.0212233E+00,8.30078E-01,9.76562E-03
-1.0212048E+00,8.10547E-01,2.92969E-02
-1.0211863E+00,8.49609E-01,-9.76562E-03
-1.0211678E+00,8.30078E-01,9.76562E-03
-1.0211494E+00,8.49609E-01,6.83594E-02
-1.0211309E+00,8.69141E-01,8.78906E-02
-1.0211124E+00,9.08203E-01,2.92969E-02
-1.0210939E+00,8.69141E-01,6.83594E-02
-1.0210754E+00,8.69141E-01,4.88281E-02
-1.0210570E+00,8.30078E-01,9.76562E-03
-1.0210385E+00,8.30078E-01,9.76562E-03
-1.0210200E+00,7.91016E-01,6.83594E-02
-1.0210015E+00,9.08203E-01,4.88281E-02
-1.0209830E+00,8.49609E-01,9.76562E-03
-1.0209646E+00,8.30078E-01,2.92969E-02
-1.0209461E+00,8.30078E-01,4.88281E-02
-1.0209276E+00,8.88672E-01,-9.76562E-03
-1.0209091E+00,8.10547E-01,9.76562E-03
-1.0208906E+00,9.27734E-01,6.83594E-02
-1.0208722E+00,8.88672E-01,8.78906E-02
-1.0208537E+00,7.91016E-01,2.92969E-02
-1.0208352E+00,7.71484E-01,6.83594E-02
-1.0208167E+00,8.69141E-01,9.76562E-03
-1.0207982E+00,7.71484E-01,4.88281E-02
-1.0207798E+00,8.88672E-01,6.83594E-02
-1.0207613E+00,7.71484E-01,9.76562E-03
-1.0207428E+00,7.91016E-01,-2.92969E-02
-1.0207243E+00,8.49609E-01,6.83594E-02
-1.0207058E+00,8.49609E-01,-9.76562E-03
-1.0206874E+00,8.10547E-01,6.83594E-02
-1.0206689E+00,7.71484E-01,9.76562E-03
-1.0206504E+00,7.91016E-01,9.76562E-03
-1.0206319E+00,9.27734E-01,8.78906E-02
-1.0206134E+00,8.49609E-01,2.92969E-02
-1.0205950E+00,8.30078E-01,9.76562E-03
-1.0205765E+00,7.91016E-01,9.76562E-03
-1.0205580E+00,8.30078E-01,6.83594E-02
-1.0205395E+00,8.88672E-01,-2.92969E-02
-1.0205210E+00,8.69141E-01,6.83594E-02
-1.0205026E+00,8.69141E-01,6.83594E-02
-1.0204841E+00,8.30078E-01,-9.76562E-03
-1.0204656E+00,8.49609E-01,2.92969E-02
-1.0204471E+00,8.49609E-01,9.76562E-03
-1.0204286E+00,7.71484E-01,9.76562E-03
-1.0204102E+00,8.30078E-01,4.88281E-02
-1.0203917E+00,8.30078E-01,9.76562E-03
-1.0203732E+00,8.88672E-01,4.88281E-02
-1.0203547E+00,8.49609E-01,4.88281E-02
-1.0203362E+00,8.49609E-01,4.88281E-02
-1.0203178E+00,7.71484E-01,4.88281E-02
-1.0202993E+00,9.08203E-01,9.76562E-03
-1.0202808E+00,8.30078E-01,6.83594E-02
-1.0202623E+00,8.69141E-01,2.92969E-02
-1.0202438E+00,8.30078E-01,4.88281E-02
-1.0202254E+00,8.88672E-01,2.92969E-02
-1.0202069E+00,8.10547E-01,9.76562E-03
-1.0201884E+00,8.10547E-01,9.76562E-03
-1.0201699E+00,8.49609E-01,4.88281E-02
-1.0201514E+00,7.91016E-01,2.92969E-02
-1.0201330E+00,7.71484E-01,6.83594E-02
-1.0201145E+00,8.30078E-01,9.76562E-03
-1.0200960E+00,8.10547E-01,2.92969E-02
-1.0200775E+00,8.30078E-01,6.83594E-02
-1.0200590E+00,8.10547E-01,1.46484E-01
-1.0200406E+00,7.71484E-01,-9.76562E-03
-1.0200221E+00,7.91016E-01,2.92969E-02
-1.0200036E+00,8.88672E-01,9.76562E-03
-1.0199851E+00,8.49609E-01,9.76562E-03
-1.0199666E+00,8.10547E-01,9.76562E-03
-1.0199482E+00,8.10547E-01,4.88281E-02
-1.0199297E+00,9.08203E-01,2.92969E-02
-1.0199112E+00,8.49609E-01,6.83594E-02
-1.0198927E+00,9.08203E-01,-9.76562E-03
-1.0198742E+00,8.88672E-01,4.88281E-02
-1.0198558E+00,8.69141E-01,9.76562E-03
-1.0198373E+00,8.49609E-01,4.88281E-02
-1.0198188E+00,8.49609E-01,-9.76562E-03
-1.0198003E+00,7.51953E-01,4.88281E-02
-1.0197818E+00,8.10547E-01,-9.76562E-03
-1.0197634E+00,7.71484E-01,4.88281E-02
-1.0197449E+00,8.69141E-01,4.88281E-02
-1.0197264E+00,9.27734E-01,9.76562E-03
-1.0197079E+00,8.30078E-01,-9.76562E-03
-1.0196894E+00,8.69141E-01,4.88281E-02
-1.0196710E+00,8.49609E-01,9.76562E-03
-1.0196525E+00,8.69141E-01,2.92969E-02
-1.0196340E+00,9.47266E-01,-4.88281E-02
-1.0196155E+00,7.91016E-01,2.92969E-02
-1.0195970E+00,8.49609E-01,6.83594E-02
-1.0195786E+00,7.71484E-01,-2.92969E-02
-1.0195601E+00,8.49609E-01,4.88281E-02
-1.0195416E+00,7.51953E-01,6.83594E-02
-1.0195231E+00,8.69141E-01,-9.76562E-03
-1.0195046E+00,7.91016E-01,9.76562E-03
-1.0194862E+00,9.08203E-01,4.88281E-02
-1.0194677E+00,8.49609E-01,6.83594E-02
-1.0194492E+00,9.08203E-01,2.92969E-02
-1.0194307E+00,8.69141E-01,2.92969E-02
-1.0194122E+00,8.30078E-01,4.88281E-02
-1.0193938E+00,8.10547E-01,4.88281E-02
-1.0193753E+00,9.08203E-01,-2.92969E-02
-1.0193568E+00,8.69141E-01,2.92969E-02
-1.0193383E+00,8.69141E-01,2.92969E-02
-1.0193198E+00,8.69141E-01,1.07422E-01
-1.0193014E+00,7.91016E-01,2.92969E-02
-1.0192829E+00,8.10547E-01,6.83594E-02
-1.0192644E+00,8.49609E-01,2.92969E-02
-1.0192459E+00,7.71484E-01,4.88281E-02
-1.0192274E+00,8.49609E-01,2.92969E-02
-1.0192090E+00,8.69141E-01,9.76562E-03
-1.0191905E+00,8.88672E-01,4.88281E-02
-1.0191720E+00,8.69141E-01,2.92969E-02
-1.0191535E+00,8.10547E-01,-9.76562E-03
-1.0191350E+00,7.91016E-01,4.88281E-02
-1.0191166E+00,8.49609E-01,9.76562E-03
-1.0190981E+00,8.69141E-01,4.88281E-02
-1.0190796E+00,7.91016E-01,6.83594E-02
-1.0190611E+00,8.30078E-01,4.88281E-02
-1.0190426E+00,8.49609E-01,4.88281E-02
-1.0190242E+00,8.88672E-01,4.88281E-02
-1.0190057E+00,8.69141E-01,-9.76562E-03
-1.0189872E+00,7.71484E-01,6.83594E-02
-1.0189687E+00,8.30078E-01,9.76562E-03
-1.0189502E+00,8.10547E-01,4.88281E-02
-1.0189318E+00,8.49609E-01,-9.76562E-03
-1.0189133E+00,7.91016E-01,2.92969E-02
-1.0188948E+00,8.10547E-01,2.92969E-02
-1.0188763E+00,8.49609E-01,2.92969E-02
-1.0188578E+00,8.30078E-01,9.76562E-03
-1.0188394E+00,8.30078E-01,2.92969E-02
-1.0188209E+00,8.88672E-01,4.88281E-02
-1.0188024E+00,8.30078E-01,4.88281E-02
-1.0187839E+00,8.10547E-01,-9.76562E-03
-1.0187654E+00,8.30078E-01,4.88281E-02
-1.0187470E+00,8.69141E-01,9.76562E-03
-1.0187285E+00,8.30078E-01,6.83594E-02
-1.0187100E+00,8.49609E-01,4.88281E-02
-1.0186915E+00,7.91016E-01,9.76562E-03
-1.0186730E+00,8.49609E-01,9.76562E-03
-1.0186546E+00,8.30078E-01,4.88281E-02
-1.0186361E+00,8.30078E-01,4.88281E-02
-1.0186176E+00,7.91016E-01,-9.76562E-03
-1.0185991E+00,9.08203E-01,4.88281E-02
-1.0185806E+00,8.30078E-01,4.88281E-02
-1.0185622E+00,8.49609E-01,9.76562E-03
-1.0185437E+00,8.69141E-01,4.88281E-02
-1.0185252E+00,8.10547E-01,6.83594E-02
-1.0185067E+00,9.27734E-01,4.88281E-02
-1.0184882E+00,8.88672E-01,4.88281E-02
-1.0184698E+00,9.27734E-01,2.92969E-02
-1.0184513E+00,8.88672E-01,2.92969E-02
-1.0184328E+00,7.91016E-01,6.83594E-02
-1.0184143E+00,7.91016E-01,4.88281E-02
-1.0183958E+00,8.49609E-01,1.07422E-01
-1.0183774E+00,9.08203E-01,9.76562E-03
-1.0183589E+00,8.49609E-01,9.76562E-03
-1.0183404E+00,8.69141E-01,6.83594E-02
-1.0183219E+00,8.10547E-01,4.88281E-02
-1.0183034E+00,8.69141E-01,9.76562E-03
-1.0182850E+00,8.69141E-01,4.88281E-02
-1.0182665E+00,9.08203E-01,9.76562E-03
-1.0182480E+00,8.10547E-01,2.92969E-02
-1.0182295E+00,8.69141E-01,9.76562E-03
-1.0182110E+00,7.91016E-01,-4.88281E-02
-1.0181926E+00,8.49609E-01,4.88281E-02
-1.0181741E+00,8.30078E-01,6.83594E-02
-1.0181556E+00,8.49609E-01,4.88281E-02
-1.0181371E+00,7.91016E-01,4.88281E-02
-1.0181186E+00,8.49609E-01,2.92969E-02
-1.0181002E+00,7.91016E-01,9.76562E-03
-1.0180817E+00,8.30078E-01,-9.76562E-03
-1.0180632E+00,9.08203E-01,9.76562E-03
-1.0180447E+00,8.10547E-01,4.88281E-02
-1.0180262E+00,7.91016E-01,4.88281E-02
-1.0180078E+00,8.49609E-01,9.76562E-03
-1.0179893E+00,8.10547E-01,4.88281E-02
-1.0179708E+00,8.49609E-01,4.88281E-02
-1.0179523E+00,7.91016E-01,6.83594E-02
-1.0179338E+00,9.27734E-01,2.92969E-02
-1.0179154E+00,8.30078E-01,6.83594E-02
-1.0178969E+00,8.49609E-01,6.83594E-02
-1.0178784E+00,7.71484E-01,2.92969E-02
-1.0178599E+00,8.69141E-01,6.83594E-02
-1.0178414E+00,8.69141E-01,6.83594E-02
-1.0178230E+00,8.69141E-01,2.92969E-02
-1.0178045E+00,8.69141E-01,8.78906E-02
-1.0177860E+00,8.30078E-01,-9.76562E-03
-1.0177675E+00,8.30078E-01,6.83594E-02
-1.0177490E+00,8.69141E-01,8.78906E-02
-1.0177306E+00,7.71484E-01,2.92969E-02
-1.0177121E+00,8.30078E-01,9.76562E-03
-1.0176936E+00,7.91016E-01,9.76562E-03
-1.0176751E+00,8.30078E-01,2.92969E-02
-1.0176566E+00,8.30078E-01,2.92969E-02
-1.0176382E+00,8.69141E-01,4.88281E-02
-1.0176197E+00,7.71484E-01,2.92969E-02
-1.0176012E+00,9.27734E-01,9.76562E-03
-1.0175827E+00,8.49609E-01,9.76562E-03
-1.0175642E+00,8.88672E-01,2.92969E-02
-1.0175458E+00,8.69141E-01,-2.92969E-02
-1.0175273E+00,9.27734E-01,2.92969E-02
-1.0175088E+00,8.88672E-01,4.88281E-02
-1.0174903E+00,9.66797E-01,-9.76562E-03
-1.0174718E+00,7.91016E-01,6.83594E-02
-1.0174534E+00,8.69141E-01,2.92969E-02
-1.0174349E+00,8.88672E-01,4.88281E-02
-1.0174164E+00,9.08203E-01,2.92969E-02
-1.0173979E+00,8.69141E-01,9.76562E-03
-1.0173794E+00,8.49609E-01,-2.92969E-02
-1.0173610E+00,8.88672E-01,6.83594E-02
-1.0173425E+00,8.49609E-01,-9.76562E-03
-1.0173240E+00,8.88672E-01,4.88281E-02
-1.0173055E+00,9.27734E-01,9.76562E-03
-1.0172870E+00,8.69141E-01,2.92969E-02
-1.0172686E+00,8.30078E-01,9.76562E-03
-1.0172501E+00,8.49609E-01,9.76562E-03
-1.0172316E+00,8.69141E-01,-9.76562E-03
-1.0172131E+00,8.49609E-01,4.88281E-02
-1.0171946E+00,8.69141E-01,2.92969E-02
-1.0171762E+00,7.91016E-01,4.88281E-02
-1.0171577E+00,8.69141E-01,-6.83594E-02
-1.0171392E+00,8.49609E-01,9.76562E-03
-1.0171207E+00,8.69141E-01,2.92969E-02
-1.0171022E+00,8.10547E-01,6.83594E-02
-1.0170838E+00,8.49609E-01,2.92969E-02
-1.0170653E+00,7.71484E-01,9.76562E-03
-1.0170468E+00,8.30078E-01,2.92969E-02
-1.0170283E+00,8.49609E-01,6.83594E-02
-1.0170098E+00,8.49609E-01,-2.92969E-02
-1.0169914E+00,8.88672E-01,9.76562E-03
-1.0169729E+00,8.69141E-01,4.88281E-02
-1.0169544E+00,8.88672E-01,9.76562E-03
-1.0169359E+00,9.08203E-01,2.92969E-02
-1.0169174E+00,8.69141E-01,2.92969E-02
-1.0168990E+00,8.30078E-01,9.76562E-03
-1.0168805E+00,8.88672E-01,1.46484E-01
-1.0168620E+00,9.08203E-01,2.92969E-02
-1.0168435E+00,8.49609E-01,6.83594E-02
-1.0168250E+00,8.88672E-01,6.83594E-02
-1.0168066E+00,8.69141E-01,2.92969E-02
-1.0167881E+00,8.49609E-01,4.88281E-02
-1.0167696E+00,8.30078E-01,4.88281E-02
-1.0167511E+00,8.69141E-01,9.76562E-03
-1.0167326E+00,8.88672E-01,6.83594E-02
-1.0167142E+00,8.69141E-01,4.88281E-02
-1.0166957E+00,8.49609E-01,1.26953E-01
-1.0166772E+00,8.10547E-01,2.92969E-02
-1.0166587E+00,8.69141E-01,8.78906E-02
-1.0166402E+00,8.30078E-01,-9.76562E-03
-1.0166218E+00,7.71484E-01,1.07422E-01
-1.0166033E+00,8.88672E-01,9.76562E-03
-1.0165848E+00,7.71484E-01,2.92969E-02
-1.0165663E+00,8.88672E-01,2.92969E-02
-1.0165478E+00,9.27734E-01,2.92969E-02
-1.0165294E+00,9.08203E-01,4.88281E-02
-1.0165109E+00,8.69141E-01,9.76562E-03
-1.0164924E+00,8.69141E-01,-9.76562E-03
-1.0164739E+00,8.49609E-01,2.92969E-02
-1.0164554E+00,8.69141E-01,-9.76562E-03
-1.0164370E+00,8.30078E-01,6.83594E-02
-1.0164185E+00,8.88672E-01,2.92969E-02
-1.0164000E+00,8.88672E-01,6.83594E-02
-1.0163815E+00,8.69141E-01,9.76562E-03
-1.0163630E+00,8.49609E-01,9.76562E-03
-1.0163446E+00,7.91016E-01,-9.76562E-03
-1.0163261E+00,7.91016E-01,4.88281E-02
-1.0163076E+00,8.10547E-01,9.76562E-03
-1.0162891E+00,8.49609E-01,8.78906E-02
-1.0162706E+00,8.88672E-01,9.76562E-03
-1.0162522E+00,8.10547E-01,6.83594E-02
-1.0162337E+00,8.88672E-01,9.76562E-03
-1.0162152E+00,8.10547E-01,9.76562E-03
-1.0161967E+00,8.49609E-01,2.92969E-02
-1.0161782E+00,7.91016E-01,2.92969E-02
-1.0161598E+00,8.69141E-01,6.83594E-02
-1.0161413E+00,8.30078E-01,6.83594E-02
-1.0161228E+00,8.69141E-01,4.88281E-02
-1.0161043E+00,8.88672E-01,4.88281E-02
-1.0160858E+00,8.30078E-01,9.76562E-03
-1.0160674E+00,8.49609E-01,4.88281E-02
-1.0160489E+00,8.88672E-01,2.92969E-02
-1.0160304E+00,7.91016E-01,8.78906E-02
-1.0160119E+00,8.88672E-01,-9.76562E-03
-1.0159934E+00,8.49609E-01,4.88281E-02
-1.0159750E+00,8.69141E-01,4.88281E-02
-1.0159565E+00,7.91016E-01,6.83594E-02
-1.0159380E+00,8.30078E-01,-9.76562E-03
-1.0159195E+00,8.69141E-01,8.78906E-02
-1.0159010E+00,8.88672E-01,9.76562E-03
-1.0158826E+00,8.69141E-01,6.83594E-02
-1.0158641E+00,8.69141E-01,9.76562E-03
-1.0158456E+00,8.69141E-01,4.88281E-02
-1.0158271E+00,8.49609E-01,4.88281E-02
-1.0158086E+00,9.27734E-01,9.76562E-03
-1.0157902E+00,8.69141E-01,9.76562E-03
-1.0157717E+00,8.49609E-01,8.78906E-02
-1.0157532E+00,8.49609E-01,-2.92969E-02
-1.0157347E+00,8.49609E-01,6.83594E-02
-1.0157162E+00,8.69141E-01,-2.92969E-02
-1.0156978E+00,7.91016E-01,4.88281E-02
-1.0156793E+00,8.69141E-01,-2.92969E-02
-1.0156608E+00,7.91016E-01,2.92969E-02
-1.0156423E+00,8.30078E-01,2.92969E-02
-1.0156238E+00,8.88672E-01,9.76562E-03
-1.0156054E+00,8.69141E-01,4.88281E-02
-1.0155869E+00,8.30078E-01,2.92969E-02
-1.0155684E+00,8.88672E-01,2.92969E-02
-1.0155499E+00,9.08203E-01,4.88281E-02
-1.0155314E+00,8.10547E-01,9.76562E-03
-1.0155130E+00,8.69141E-01,4.88281E-02
-1.0154945E+00,8.69141E-01,4.88281E-02
-1.0154760E+00,8.69141E-01,2.92969E-02
-1.0154575E+00,8.88672E-01,-2.92969E-02
-1.0154390E+00,7.91016E-01,2.92969E-02
-1.0154206E+00,8.49609E-01,2.92969E-02
-1.0154021E+00,8.88672E-01,4.88281E-02
-1.0153836E+00,8.69141E-01,6.83594E-02
-1.0153651E+00,8.69141E-01,4.88281E-02
-1.0153466E+00,8.49609E-01,-2.92969E-02
-1.0153282E+00,8.69141E-01,9.76562E-03
-1.0153097E+00,9.08203E-01,-2.92969E-02
-1.0152912E+00,8.49609E-01,6.83594E-02
-1.0152727E+00,9.27734E-01,9.76562E-03
-1.0152542E+00,7.91016E-01,4.88281E-02
-1.0152358E+00,7.91016E-01,9.76562E-03
-1.0152173E+00,8.69141E-01,2.92969E-02
-1.0151988E+00,8.69141E-01,2.92969E-02
-1.0151803E+00,8.10547E-01,9.76562E-03
-1.0151618E+00,8.69141E-01,9.76562E-03
-1.0151434E+00,8.69141E-01,2.92969E-02
-1.0151249E+00,9.66797E-01,9.76562E-03
-1.0151064E+00,8.30078E-01,4.88281E-02
-1.0150879E+00,8.69141E-01,2.92969E-02
-1.0150694E+00,8.10547E-01,2.92969E-02
-1.0150510E+00,8.69141E-01,4.88281E-02
-1.0150325E+00,8.69141E-01,6.83594E-02
-1.0150140E+00,8.69141E-01,4.88281E-02
-1.0149955E+00,7.91016E-01,2.92969E-02
-1.0149770E+00,9.27734E-01,4.88281E-02
-1.0149586E+00,9.08203E-01,2.92969E-02
-1.0149401E+00,8.88672E-01,-9.76562E-03
-1.0149216E+00,8.69141E-01,8.78906E-02
-1.0149031E+00,8.69141E-01,2.92969E-02
-1.0148846E+00,8.88672E-01,-9.76562E-03
-1.0148662E+00,9.27734E-01,2.92969E-02
-1.0148477E+00,8.10547E-01,4.88281E-02
-1.0148292E+00,8.49609E-01,-9.76562E-03
-1.0148107E+00,8.49609E-01,2.92969E-02
-1.0147922E+00,8.69141E-01,2.92969E-02
-1.0147738E+00,9.27734E-01,4.88281E-02
-1.0147553E+00,8.69141E-01,2.92969E-02
-1.0147368E+00,9.08203E-01,6.83594E-02
-1.0147183E+00,9.27734E-01,4.88281E-02
-1.0146998E+00,7.91016E-01,6.83594E-02
-1.0146814E+00,9.27734E-01,2.92969E-02
-1.0146629E+00,7.91016E-01,1.26953E-01
-1.0146444E+00,9.08203E-01,6.83594E-02
-1.0146259E+00,8.69141E-01,2.92969E-02
-1.0146074E+00,8.49609E-01,4.88281E-02
-1.0145890E+00,8.10547E-01,9.76562E-03
-1.0145705E+00,8.49609E-01,-9.76562E-03
-1.0145520E+00,8.10547E-01,4.88281E-02
-1.0145335E+00,9.08203E-01,2.92969E-02
-1.0145150E+00,9.27734E-01,4.88281E-02
-1.0144966E+00,8.49609E-01,2.92969E-02
-1.0144781E+00,9.08203E-01,4.88281E-02
-1.0144596E+00,8.10547E-01,2.92969E-02
-1.0144411E+00,9.08203E-01,8.78906E-02
-1.0144226E+00,8.69141E-01,4.88281E-02
-1.0144042E+00,8.49609E-01,4.88281E-02
-1.0143857E+00,8.69141E-01,9.76562E-03
-1.0143672E+00,8.69141E-01,6.83594E-02
-1.0143487E+00,8.88672E-01,2.92969E-02
-1.0143302E+00,7.91016E-01,4.88281E-02
-1.0143118E+00,9.27734E-01,2.92969E-02
-1.0142933E+00,8.10547E-01,6.83594E-02
-1.0142748E+00,8.69141E-01,9.76562E-03
-1.0142563E+00,8.49609E-01,2.92969E-02
-1.0142378E+00,8.69141E-01,9.76562E-03
-1.0142194E+00,8.88672E-01,4.88281E-02
-1.0142009E+00,8.30078E-01,2.92969E-02
-1.0141824E+00,8.10547E-01,4.88281E-02
-1.0141639E+00,8.88672E-01,9.76562E-03
-1.0141454E+00,9.27734E-01,6.83594E-02
-1.0141270E+00,9.27734E-01,9.76562E-03
-1.0141085E+00,8.10547E-01,6.83594E-02
-1.0140900E+00,8.88672E-01,2.92969E-02
-1.0140715E+00,8.30078E-01,4.88281E-02
-1.0140530E+00,8.30078E-01,4.88281E-02
-1.0140346E+00,9.08203E-01,6.83594E-02
-1.0140161E+00,8.88672E-01,4.88281E-02
-1.0139976E+00,8.69141E-01,-9.76562E-03
-1.0139791E+00,8.69141E-01,9.76562E-03
-1.0139606E+00,8.30078E-01,4.88281E-02
-1.0139422E+00,9.08203E-01,4.88281E-02
-1.0139237E+00,8.49609E-01,8.78906E-02
-1.0139052E+00,8.88672E-01,9.76562E-03
-1.0138867E+00,8.49609E-01,4.88281E-02
-1.0138682E+00,8.49609E-01,4.88281E-02
-1.0138498E+00,8.88672E-01,4.88281E-02
-1.0138313E+00,8.69141E-01,4.88281E-02
-1.0138128E+00,8.69141E-01,4.88281E-02
-1.0137943E+00,9.27734E-01,4.88281E-02
-1.0137758E+00,7.91016E-01,6.83594E-02
-1.0137574E+00,8.69141E-01,-9.76562E-03
-1.0137389E+00,7.91016E-01,2.92969E-02
-1.0137204E+00,8.69141E-01,9.76562E-03
-1.0137019E+00,8.10547E-01,8.78906E-02
-1.0136834E+00,9.27734E-01,2.92969E-02
-1.0136650E+00,7.91016E-01,4.88281E-02
-1.0136465E+00,8.69141E-01,9.76562E-03
-1.0136280E+00,9.08203E-01,4.88281E-02
-1.0136095E+00,8.69141E-01,9.76562E-03
-1.0135910E+00,8.49609E-01,4.88281E-02
-1.0135726E+00,9.08203E-01,2.92969E-02
-1.0135541E+00,8.69141E-01,4.88281E-02
-1.0135356E+00,8.30078E-01,6.83594E-02
-1.0135171E+00,8.30078E-01,4.88281E-02
-1.0134986E+00,9.08203E-01,-2.92969E-02
-1.0134802E+00,8.88672E-01,6.83594E-02
-1.0134617E+00,8.69141E-01,9.76562E-03
-1.0134432E+00,7.91016E-01,2.92969E-02
-1.0134247E+00,9.86328E-01,2.92969E-02
-1.0134062E+00,8.30078E-01,9.76562E-03
-1.0133878E+00,8.69141E-01,9.76562E-03
-1.0133693E+00,8.88672E-01,2.92969E-02
-1.0133508E+00,8.69141E-01,9.76562E-03
-1.0133323E+00,7.91016E-01,4.88281E-02
-1.0133138E+00,9.08203E-01,4.88281E-02
-1.0132954E+00,9.08203E-01,-4.88281E-02
-1.0132769E+00,8.88672E-01,4.88281E-02
-1.0132584E+00,8.69141E-01,2.92969E-02
-1.0132399E+00,9.08203E-01,4.88281E-02
-1.0132214E+00,8.10547E-01,6.83594E-02
-1.0132030E+00,8.88672E-01,4.88281E-02
-1.0131845E+00,8.49609E-01,6.83594E-02
-1.0131660E+00,8.49609E-01,9.76562E-03
-1.0131475E+00,8.69141E-01,9.76562E-03
-1.0131290E+00,8.69141E-01,9.76562E-03
-1.0131106E+00,8.30078E-01,9.76562E-03
-1.0130921E+00,9.47266E-01,2.92969E-02
-1.0130736E+00,8.10547E-01,2.92969E-02
-1.0130551E+00,8.49609E-01,4.88281E-02
-1.0130366E+00,8.88672E-01,2.92969E-02
-1.0130182E+00,8.88672E-01,-9.76562E-03
-1.0129997E+00,8.69141E-01,6.83594E-02
-1.0129812E+00,9.27734E-01,9.76562E-03
-1.0129627E+00,8.10547E-01,4.88281E-02
-1.0129442E+00,8.30078E-01,-9.76562E-03
-1.0129258E+00,7.91016E-01,2.92969E-02
-1.0129073E+00,8.69141E-01,9.76562E-03
-1.0128888E+00,8.30078E-01,9.76562E-03
-1.0128703E+00,9.27734E-01,6.83594E-02
-1.0128518E+00,8.88672E-01,9.76562E-03
-1.0128334E+00,8.88672E-01,2.92969E-02
-1.0128149E+00,7.91016E-01,2.92969E-02
-1.0127964E+00,8.49609E-01,6.83594E-02
-1.0127779E+00,9.08203E-01,9.76562E-03
-1.0127594E+00,9.27734E-01,8.78906E-02
-1.0127410E+00,8.49609E-01,4.88281E-02
-1.0127225E+00,8.88672E-01,4.88281E-02
-1.0127040E+00,8.49609E-01,6.83594E-02
-1.0126855E+00,8.69141E-01,4.88281E-02
-1.0126670E+00,8.69141E-01,9.76562E-03
-1.0126486E+00,8.88672E-01,4.88281E-02
-1.0126301E+00,8.88672E-01,4.88281E-02
-1.0126116E+00,9.47266E-01,9.76562E-03
-1.0125931E+00,9.08203E-01,-9.76562E-03
-1.0125746E+00,9.27734E-01,9.76562E-03
-1.0125562E+00,8.69141E-01,6.83594E-02
-1.0125377E+00,9.08203E-01,-9.76562E-03
-1.0125192E+00,8.88672E-01,4.88281E-02
-1.0125007E+00,8.10547E-01,4.88281E-02
-1.0124822E+00,8.69141E-01,9.76562E-03
-1.0124638E+00,9.86328E-01,2.92969E-02
-1.0124453E+00,8.30078E-01,6.83594E-02
-1.0124268E+00,9.08203E-01,-9.76562E-03
-1.0124083E+00,8.69141E-01,4.88281E-02
-1.0123898E+00,9.86328E-01,4.88281E-02
-1.0123714E+00,8.69141E-01,4.88281E-02
-1.0123529E+00,9.27734E-01,4.88281E-02
-1.0123344E+00,8.49609E-01,4.88281E-02
-1.0123159E+00,8.69141E-01,6.83594E-02
-1.0122974E+00,9.08203E-01,2.92969E-02
-1.0122790E+00,9.66797E-01,-9.76562E-03
-1.0122605E+00,9.08203E-01,4.88281E-02
-1.0122420E+00,8.69141E-01,2.92969E-02
-1.0122235E+00,8.49609E-01,2.92969E-02
-1.0122050E+00,9.08203E-01,4.88281E-02
-1.0121866E+00,8.69141E-01,6.83594E-02
-1.0121681E+00,9.27734E-01,2.92969E-02
-1.0121496E+00,8.88672E-01,2.92969E-02
-1.0121311E+00,8.49609E-01,9.76562E-03
-1.0121126E+00,8.30078E-01,4.88281E-02
-1.0120942E+00,8.69141E-01,9.76562E-03
-1.0120757E+00,8.69141E-01,4.88281E-02
-1.0120572E+00,8.10547E-01,2.92969E-02
-1.0120387E+00,8.69141E-01,2.92969E-02
-1.0120202E+00,9.66797E-01,2.92969E-02
-1.0120018E+00,8.10547E-01,6.83594E-02
-1.0119833E+00,8.10547E-01,9.76562E-03
-1.0119648E+00,7.91016E-01,9.76562E-03
-1.0119463E+00,8.69141E-01,2.92969E-02
-1.0119278E+00,8.49609E-01,9.76562E-03
-1.0119094E+00,9.27734E-01,2.92969E-02
-1.0118909E+00,8.30078E-01,4.88281E-02
-1.0118724E+00,9.27734E-01,4.88281E-02
-1.0118539E+00,8.49609E-01,2.92969E-02
-1.0118354E+00,8.69141E-01,2.92969E-02
-1.0118170E+00,8.49609E-01,6.83594E-02
-1.0117985E+00,8.88672E-01,2.92969E-02
-1.0117800E+00,8.10547E-01,4.88281E-02
-1.0117615E+00,8.49609E-01,6.83594E-02
-1.0117430E+00,8.88672E-01,9.76562E-03
-1.0117246E+00,8.49609E-01,2.92969E-02
-1.0117061E+00,9.08203E-01,6.83594E-02
-1.0116876E+00,9.27734E-01,2.92969E-02
-1.0116691E+00,8.88672E-01,6.83594E-02
-1.0116506E+00,8.88672E-01,6.83594E-02
-1.0116322E+00,8.30078E-01,6.83594E-02
-1.0116137E+00,9.47266E-01,4.88281E-02
-1.0115952E+00,8.69141E-01,4.88281E-02
-1.0115767E+00,9.86328E-01,2.92969E-02
-1.0115582E+00,8.49609E-01,2.92969E-02
-1.0115398E+00,8.69141E-01,6.83594E-02
-1.0115213E+00,8.30078E-01,2.92969E-02
-1.0115028E+00,9.27734E-01,8.78906E-02
-1.0114843E+00,7.71484E-01,4.88281E-02
-1.0114658E+00,9.47266E-01,9.76562E-03
-1.0114474E+00,8.30078E-01,6.83594E-02
-1.0114289E+00,8.88672E-01,9.76562E-03
-1.0114104E+00,8.88672E-01,4.88281E-02
-1.0113919E+00,8.69141E-01,-9.76562E-03
-1.0113734E+00,8.69141E-01,4.88281E-02
-1.0113550E+00,9.27734E-01,-9.76562E-03
-1.0113365E+00,8.30078E-01,4.88281E-02
-1.0113180E+00,8.69141E-01,4.88281E-02
-1.0112995E+00,8.30078E-01,2.92969E-02
-1.0112810E+00,8.88672E-01,2.92969E-02
-1.0112626E+00,8.69141E-01,2.92969E-02
-1.0112441E+00,8.69141E-01,2.92969E-02
-1.0112256E+00,8.88672E-01,9.76562E-03
-1.0112071E+00,8.88672E-01,4.88281E-02
-1.0111886E+00,9.27734E-01,9.76562E-03
-1.0111702E+00,8.88672E-01,8.78906E-02
-1.0111517E+00,8.88672E-01,6.83594E-02
-1.0111332E+00,8.88672E-01,9.76562E-03
-1.0111147E+00,8.49609E-01,4.88281E-02
-1.0110962E+00,8.69141E-01,9.76562E-03
-1.0110778E+00,9.27734E-01,4.88281E-02
-1.0110593E+00,8.88672E-01,9.76562E-03
-1.0110408E+00,9.08203E-01,1.07422E-01
-1.0110223E+00,9.27734E-01,4.88281E-02
-1.0110038E+00,7.91016E-01,6.83594E-02
-1.0109854E+00,8.88672E-01,4.88281E-02
-1.0109669E+00,8.88672E-01,9.76562E-03
-1.0109484E+00,8.69141E-01,4.88281E-02
-1.0109299E+00,8.10547E-01,8.78906E-02
-1.0109114E+00,8.69141E-01,4.88281E-02
-1.0108930E+00,8.30078E-01,2.92969E-02
-1.0108745E+00,8.69141E-01,9.76562E-03
-1.0108560E+00,8.69141E-01,4.88281E-02
-1.0108375E+00,9.47266E-01,9.76562E-03
-1.0108190E+00,8.69141E-01,2.92969E-02
-1.0108006E+00,8.49609E-01,4.88281E-02
-1.0107821E+00,8.10547E-01,9.76562E-03
-1.0107636E+00,9.66797E-01,9.76562E-03
-1.0107451E+00,8.49609E-01,8.78906E-02
-1.0107266E+00,9.86328E-01,9.76562E-03
-1.0107082E+00,9.08203E-01,9.76562E-03
-1.0106897E+00,8.88672E-01,9.76562E-03
-1.0106712E+00,8.30078E-01,2.92969E-02
-1.0106527E+00,9.27734E-01,2.92969E-02
-1.0106342E+00,8.69141E-01,6.83594E-02
-1.0106158E+00,8.69141E-01,9.76562E-03
-1.0105973E+00,9.08203E-01,-9.76562E-03
-1.0105788E+00,9.27734E-01,2.92969E-02
-1.0105603E+00,8.10547E-01,2.92969E-02
-1.0105418E+00,9.86328E-01,4.88281E-02
-1.0105234E+00,9.08203E-01,-4.88281E-02
-1.0105049E+00,8.88672E-01,9.76562E-03
-1.0104864E+00,8.30078E-01,1.07422E-01
-1.0104679E+00,9.47266E-01,4.88281E-02
-1.0104494E+00,8.10547E-01,9.76562E-03
-1.0104310E+00,9.27734E-01,9.76562E-03
-1.0104125E+00,8.10547E-01,-6.83594E-02
-1.0103940E+00,8.88672E-01,-9.76562E-03
-1.0103755E+00,8.69141E-01,6.83594E-02
-1.0103570E+00,8.69141E-01,2.92969E-02
-1.0103386E+00,8.69141E-01,2.92969E-02
-1.0103201E+00,8.49609E-01,2.92969E-02
-1.0103016E+00,8.69141E-01,9.76562E-03
-1.0102831E+00,8.69141E-01,4.88281E-02
-1.0102646E+00,7.91016E-01,6.83594E-02
-1.0102462E+00,8.88672E-01,4.88281E-02
-1.0102277E+00,7.91016E-01,4.88281E-02
-1.0102092E+00,8.69141E-01,4.88281E-02
-1.0101907E+00,8.69141E-01,4.88281E-02
-1.0101722E+00,8.69141E-01,6.83594E-02
-1.0101538E+00,9.08203E-01,2.92969E-02
-1.0101353E+00,9.66797E-01,6.83594E-02
-1.0101168E+00,8.30078E-01,6.83594E-02
-1.0100983E+00,8.49609E-01,6.83594E-02
-1.0100798E+00,8.69141E-01,1.07422E-01
-1.0100614E+00,9.27734E-01,4.88281E-02
-1.0100429E+00,8.49609E-01,2.92969E-02
-1.0100244E+00,8.69141E-01,4.88281E-02
-1.0100059E+00,8.30078E-01,4.88281E-02
-1.0099874E+00,8.88672E-01,9.76562E-03
-1.0099690E+00,9.08203E-01,4.88281E-02
-1.0099505E+00,8.88672E-01,4.88281E-02
-1.0099320E+00,8.69141E-01,6.83594E-02
-1.0099135E+00,9.27734E-01,9.76562E-03
-1.0098950E+00,8.49609E-01,4.88281E-02
-1.0098766E+00,8.69141E-01,9.76562E-03
-1.0098581E+00,8.49609E-01,2.92969E-02
-1.0098396E+00,8.30078E-01,8.78906E-02
-1.0098211E+00,9.27734E-01,2.92969E-02
-1.0098026E+00,8.88672E-01,6.83594E-02
-1.0097842E+00,8.69141E-01,9.76562E-03
-1.0097657E+00,9.27734E-01,4.88281E-02
-1.0097472E+00,8.10547E-01,4.88281E-02
-1.0097287E+00,8.88672E-01,9.76562E-03
-1.0097102E+00,9.27734E-01,2.92969E-02
-1.0096918E+00,9.27734E-01,6.83594E-02
-1.0096733E+00,9.27734E-01,4.88281E-02
-1.0096548E+00,9.47266E-01,9.76562E-03
-1.0096363E+00,8.88672E-01,9.76562E-03
-1.0096178E+00,8.49609E-01,6.83594E-02
-1.0095994E+00,8.69141E-01,1.07422E-01
-1.0095809E+00,8.49609E-01,-9.76562E-03
-1.0095624E+00,9.08203E-01,8.78906E-02
-1.0095439E+00,8.88672E-01,6.83594E-02
-1.0095254E+00,9.08203E-01,2.92969E-02
-1.0095070E+00,8.30078E-01,2.92969E-02
-1.0094885E+00,9.47266E-01,6.83594E-02
-1.0094700E+00,9.86328E-01,6.83594E-02
-1.0094515E+00,8.69141E-01,4.88281E-02
-1.0094330E+00,9.66797E-01,4.88281E-02
-1.0094146E+00,8.49609E-01,2.92969E-02
-1.0093961E+00,8.88672E-01,9.76562E-03
-1.0093776E+00,9.08203E-01,-2.92969E-02
-1.0093591E+00,8.88672E-01,-9.76562E-03
-1.0093406E+00,8.49609E-01,2.92969E-02
-1.0093222E+00,9.08203E-01,-2.92969E-02
-1.0093037E+00,8.69141E-01,6.83594E-02
-1.0092852E+00,9.66797E-01,2.92969E-02
-1.0092667E+00,8.69141E-01,8.78906E-02
-1.0092482E+00,8.69141E-01,4.88281E-02
-1.0092298E+00,7.91016E-01,6.83594E-02
-1.0092113E+00,9.27734E-01,2.92969E-02
-1.0091928E+00,9.27734E-01,2.92969E-02
-1.0091743E+00,8.88672E-01,9.76562E-03
-1.0091558E+00,8.49609E-01,-9.76562E-03
-1.0091374E+00,9.27734E-01,-9.76562E-03
-1.0091189E+00,8.30078E-01,9.76562E-03
-1.0091004E+00,9.66797E-01,2.92969E-02
-1.0090819E+00,8.69141E-01,4.88281E-02
-1.0090634E+00,9.27734E-01,-4.88281E-02
-1.0090450E+00,9.08203E-01,6.83594E-02
-1.0090265E+00,9.08203E-01,4.88281E-02
-1.0090080E+00,9.47266E-01,4.88281E-02
-1.0089895E+00,9.66797E-01,9.76562E-03
-1.0089710E+00,9.27734E-01,6.83594E-02
-1.0089526E+00,8.10547E-01,1.07422E-01
-1.0089341E+00,9.08203E-01,6.83594E-02
-1.0089156E+00,8.30078E-01,4.88281E-02
-1.0088971E+00,8.88672E-01,4.88281E-02
-1.0088786E+00,8.69141E-01,-9.76562E-03
-1.0088602E+00,8.88672E-01,9.76562E-03
-1.0088417E+00,8.69141E-01,6.83594E-02
-1.0088232E+00,8.88672E-01,2.92969E-02
-1.0088047E+00,9.08203E-01,4.88281E-02
-1.0087862E+00,8.69141E-01,4.88281E-02
-1.0087678E+00,8.69141E-01,-9.76562E-03
-1.0087493E+00,8.69141E-01,4.88281E-02
-1.0087308E+00,8.88672E-01,4.88281E-02
-1.0087123E+00,8.69141E-01,-9.76562E-03
-1.0086938E+00,9.27734E-01,9.76562E-03
-1.0086754E+00,8.49609E-01,2.92969E-02
-1.0086569E+00,9.27734E-01,4.88281E-02
-1.0086384E+00,9.08203E-01,4.88281E-02
-1.0086199E+00,8.69141E-01,4.88281E-02
-1.0086014E+00,8.69141E-01,4.88281E-02
-1.0085830E+00,8.88672E-01,2.92969E-02
-1.0085645E+00,8.69141E-01,-4.88281E-02
-1.0085460E+00,8.69141E-01,8.78906E-02
-1.0085275E+00,8.69141E-01,8.78906E-02
-1.0085090E+00,9.27734E-01,4.88281E-02
-1.0084906E+00,8.69141E-01,4.88281E-02
-1.0084721E+00,9.27734E-01,9.76562E-03
-1.0084536E+00,8.69141E-01,2.92969E-02
-1.0084351E+00,8.69141E-01,2.92969E-02
-1.0084166E+00,8.88672E-01,6.83594E-02
-1.0083982E+00,8.69141E-01,2.92969E-02
-1.0083797E+00,8.88672E-01,6.83594E-02
-1.0083612E+00,9.27734E-01,-9.76562E-03
-1.0083427E+00,9.27734E-01,-9.76562E-03
-1.0083242E+00,9.27734E-01,4.88281E-02
-1.0083058E+00,8.69141E-01,2.92969E-02
-1.0082873E+00,8.49609E-01,6.83594E-02
-1.0082688E+00,8.49609E-01,6.83594E-02
-1.0082503E+00,9.27734E-01,9.76562E-03
-1.0082318E+00,8.10547E-01,6.83594E-02
-1.0082134E+00,8.69141E-01,9.76562E-03
-1.0081949E+00,8.69141E-01,6.83594E-02
-1.0081764E+00,9.66797E-01,9.76562E-03
-1.0081579E+00,8.88672E-01,1.26953E-01
-1.0081394E+00,9.66797E-01,-9.76562E-03
-1.0081210E+00,8.69141E-01,1.26953E-01
-1.0081025E+00,8.49609E-01,9.76562E-03
-1.0080840E+00,9.66797E-01,4.88281E-02
-1.0080655E+00,9.08203E-01,9.76562E-03
-1.0080470E+00,8.69141E-01,9.76562E-03
-1.0080286E+00,8.69141E-01,2.92969E-02
-1.0080101E+00,9.27734E-01,1.26953E-01
-1.0079916E+00,8.88672E-01,2.92969E-02
-1.0079731E+00,9.08203E-01,4.88281E-02
-1.0079546E+00,9.47266E-01,2.92969E-02
-1.0079362E+00,8.49609E-01,2.92969E-02
-1.0079177E+00,9.08203E-01,4.88281E-02
-1.0078992E+00,8.88672E-01,2.92969E-02
-1.0078807E+00,9.27734E-01,9.76562E-03
-1.0078622E+00,9.08203E-01,6.83594E-02
-1.0078438E+00,9.08203E-01,2.92969E-02
-1.0078253E+00,8.69141E-01,2.92969E-02
-1.0078068E+00,9.27734E-01,9.76562E-03
-1.0077883E+00,8.30078E-01,2.92969E-02
-1.0077698E+00,9.27734E-01,-4.88281E-02
-1.0077514E+00,8.88672E-01,4.88281E-02
-1.0077329E+00,9.27734E-01,6.83594E-02
-1.0077144E+00,8.49609E-01,8.78906E-02
-1.0076959E+00,9.27734E-01,9.76562E-03
-1.0076774E+00,8.88672E-01,4.88281E-02
-1.0076590E+00,8.49609E-01,-9.76562E-03
-1.0076405E+00,9.08203E-01,6.83594E-02
-1.0076220E+00,9.86328E-01,2.92969E-02
-1.0076035E+00,9.08203E-01,2.92969E-02
-1.0075850E+00,9.47266E-01,8.78906E-02
-1.0075666E+00,9.08203E-01,9.76562E-03
-1.0075481E+00,8.49609E-01,6.83594E-02
-1.0075296E+00,8.69141E-01,4.88281E-02
-1.0075111E+00,8.49609E-01,6.83594E-02
-1.0074926E+00,8.69141E-01,4.88281E-02
-1.0074742E+00,8.69141E-01,2.92969E-02
-1.0074557E+00,8.49609E-01,4.88281E-02
-1.0074372E+00,9.08203E-01,2.92969E-02
-1.0074187E+00,8.88672E-01,2.92969E-02
-1.0074002E+00,9.08203E-01,9.76562E-03
-1.0073818E+00,9.08203E-01,8.78906E-02
-1.0073633E+00,9.27734E-01,4.88281E-02
-1.0073448E+00,9.27734E-01,9.76562E-03
-1.0073263E+00,9.08203E-01,4.88281E-02
-1.0073078E+00,9.27734E-01,6.83594E-02
-1.0072894E+00,9.08203E-01,9.76562E-03
-1.0072709E+00,9.08203E-01,4.88281E-02
-1.0072524E+00,9.08203E-01,-2.92969E-02
-1.0072339E+00,9.08203E-01,4.88281E-02
-1.0072154E+00,9.27734E-01,2.92969E-02
-1.0071970E+00,8.88672E-01,2.92969E-02
-1.0071785E+00,9.08203E-01,9.76562E-03
-1.0071600E+00,8.88672E-01,4.88281E-02
-1.0071415E+00,9.27734E-01,2.92969E-02
-1.0071230E+00,8.49609E-01,2.92969E-02
-1.0071046E+00,9.08203E-01,9.76562E-03
-1.0070861E+00,8.69141E-01,6.83594E-02
-1.0070676E+00,9.27734E-01,2.92969E-02
-1.0070491E+00,8.69141E-01,6.83594E-02
-1.0070306E+00,9.27734E-01,9.76562E-03
-1.0070122E+00,9.08203E-01,-9.76562E-03
-1.0069937E+00,8.88672E-01,2.92969E-02
-1.0069752E+00,8.69141E-01,4.88281E-02
-1.0069567E+00,8.88672E-01,4.88281E-02
-1.0069382E+00,8.69141E-01,4.88281E-02
-1.0069198E+00,8.88672E-01,2.92969E-02
-1.0069013E+00,8.49609E-01,9.76562E-03
-1.0068828E+00,9.27734E-01,2.92969E-02
-1.0068643E+00,9.08203E-01,9.76562E-03
-1.0068458E+00,9.47266E-01,9.76562E-03
-1.0068274E+00,8.69141E-01,4.88281E-02
-1.0068089E+00,8.88672E-01,9.76562E-03
-1.0067904E+00,8.30078E-01,4.88281E-02
-1.0067719E+00,9.66797E-01,9.76562E-03
-1.0067534E+00,8.69141E-01,4.88281E-02
-1.0067350E+00,8.88672E-01,2.92969E-02
-1.0067165E+00,8.69141E-01,2.92969E-02
-1.0066980E+00,8.69141E-01,-9.76562E-03
-1.0066795E+00,9.08203E-01,2.92969E-02
-1.0066610E+00,9.08203E-01,2.92969E-02
-1.0066426E+00,8.69141E-01,2.92969E-02
-1.0066241E+00,8.88672E-01,9.76562E-03
-1.0066056E+00,9.66797E-01,6.83594E-02
-1.0065871E+00,9.66797E-01,9.76562E-03
-1.0065686E+00,8.88672E-01,6.83594E-02
-1.0065502E+00,8.69141E-01,1.26953E-01
-1.0065317E+00,8.88672E-01,6.83594E-02
-1.0065132E+00,8.88672E-01,2.92969E-02
-1.0064947E+00,8.49609E-01,-9.76562E-03
-1.0064762E+00,9.47266E-01,4.88281E-02
-1.0064578E+00,9.08203E-01,-9.76562E-03
-1.0064393E+00,9.27734E-01,4.88281E-02
-1.0064208E+00,9.08203E-01,4.88281E-02
-1.0064023E+00,9.27734E-01,6.83594E-02
-1.0063838E+00,9.27734E-01,2.92969E-02
-1.0063654E+00,9.66797E-01,-9.76562E-03
-1.0063469E+00,9.08203E-01,2.92969E-02
-1.0063284E+00,9.27734E-01,-9.76562E-03
-1.0063099E+00,8.69141E-01,9.76562E-03
-1.0062914E+00,9.47266E-01,2.92969E-02
-1.0062730E+00,9.08203E-01,6.83594E-02
-1.0062545E+00,9.27734E-01,9.76562E-03
-1.0062360E+00,8.69141E-01,4.88281E-02
-1.0062175E+00,8.69141E-01,6.83594E-02
-1.0061990E+00,8.88672E-01,9.76562E-03
-1.0061806E+00,8.69141E-01,9.76562E-03
-1.0061621E+00,9.47266E-01,4.88281E-02
-1.0061436E+00,9.27734E-01,-9.76562E-03
-1.0061251E+00,8.69141E-01,1.07422E-01
-1.0061066E+00,9.08203E-01,2.92969E-02
-1.0060882E+00,9.27734E-01,2.92969E-02
-1.0060697E+00,9.86328E-01,9.76562E-03
-1.0060512E+00,8.10547E-01,2.92969E-02
-1.0060327E+00,9.08203E-01,9.76562E-03
-1.0060142E+00,9.08203E-01,4.88281E-02
-1.0059958E+00,9.66797E-01,2.92969E-02
-1.0059773E+00,8.69141E-01,4.88281E-02
-1.0059588E+00,8.69141E-01,2.92969E-02
-1.0059403E+00,9.08203E-01,2.92969E-02
-1.0059218E+00,8.88672E-01,2.92969E-02
-1.0059034E+00,8.88672E-01,4.88281E-02
-1.0058849E+00,9.08203E-01,-4.88281E-02
-1.0058664E+00,9.08203E-01,2.92969E-02
-1.0058479E+00,8.69141E-01,9.76562E-03
-1.0058294E+00,8.30078E-01,9.76562E-03
-1.0058110E+00,9.66797E-01,4.88281E-02
-1.0057925E+00,9.08203E-01,4.88281E-02
-1.0057740E+00,9.27734E-01,4.88281E-02
-1.0057555E+00,8.30078E-01,6.83594E-02
-1.0057370E+00,8.88672E-01,6.83594E-02
-1.0057186E+00,8.49609E-01,6.83594E-02
-1.0057001E+00,9.47266E-01,6.83594E-02
-1.0056816E+00,8.69141E-01,2.92969E-02
-1.0056631E+00,9.47266E-01,9.76562E-03
-1.0056446E+00,9.08203E-01,9.76562E-03
-1.0056262E+00,9.27734E-01,4.88281E-02
-1.0056077E+00,9.27734E-01,4.88281E-02
-1.0055892E+00,8.88672E-01,9.76562E-03
-1.0055707E+00,8.69141E-01,6.83594E-02
-1.0055522E+00,9.86328E-01,2.92969E-02
-1.0055338E+00,9.27734E-01,8.78906E-02
-1.0055153E+00,8.88672E-01,-2.92969E-02
-1.0054968E+00,8.69141E-01,2.92969E-02
-1.0054783E+00,9.27734E-01,-9.76562E-03
-1.0054598E+00,7.91016E-01,9.76562E-03
-1.0054414E+00,9.47266E-01,2.92969E-02
-1.0054229E+00,8.69141E-01,2.92969E-02
-1.0054044E+00,8.69141E-01,-9.76562E-03
-1.0053859E+00,7.91016E-01,2.92969E-02
-1.0053674E+00,8.88672E-01,9.76562E-03
-1.0053490E+00,8.88672E-01,9.76562E-03
-1.0053305E+00,9.08203E-01,9.76562E-03
-1.0053120E+00,8.88672E-01,2.92969E-02
-1.0052935E+00,8.69141E-01,-9.76562E-03
-1.0052750E+00,8.88672E-01,2.92969E-02
-1.0052566E+00,9.66797E-01,2.92969E-02
-1.0052381E+00,8.69141E-01,9.76562E-03
-1.0052196E+00,9.27734E-01,-9.76562E-03
-1.0052011E+00,8.49609E-01,9.76562E-03
-1.0051826E+00,9.08203E-01,4.88281E-02
-1.0051642E+00,9.08203E-01,1.07422E-01
-1.0051457E+00,9.47266E-01,-4.88281E-02
-1.0051272E+00,8.69141E-01,4.88281E-02
-1.0051087E+00,8.88672E-01,4.88281E-02
-1.0050902E+00,9.27734E-01,4.88281E-02
-1.0050718E+00,9.27734E-01,4.88281E-02
-1.0050533E+00,9.27734E-01,4.88281E-02
-1.0050348E+00,9.27734E-01,2.92969E-02
-1.0050163E+00,9.27734E-01,2.92969E-02
-1.0049978E+00,9.27734E-01,2.92969E-02
-1.0049794E+00,8.69141E-01,6.83594E-02
-1.0049609E+00,9.27734E-01,9.76562E-03
-1.0049424E+00,8.88672E-01,2.92969E-02
-1.0049239E+00,9.27734E-01,4.88281E-02
-1.0049054E+00,9.27734E-01,1.07422E-01
-1.0048870E+00,9.86328E-01,2.92969E-02
-1.0048685E+00,8.69141E-01,8.78906E-02
-1.0048500E+00,9.27734E-01,4.88281E-02
-1.0048315E+00,9.08203E-01,6.83594E-02
-1.0048130E+00,9.86328E-01,9.76562E-03
-1.0047946E+00,9.27734E-01,-9.76562E-03
-1.0047761E+00,8.88672E-01,-4.88281E-02
-1.0047576E+00,9.47266E-01,4.88281E-02
-1.0047391E+00,8.69141E-01,9.76562E-03
-1.0047206E+00,9.08203E-01,9.76562E-03
-1.0047022E+00,9.47266E-01,2.92969E-02
-1.0046837E+00,9.27734E-01,9.76562E-03
-1.0046652E+00,9.47266E-01,4.88281E-02
-1.0046467E+00,8.88672E-01,1.07422E-01
-1.0046282E+00,9.66797E-01,-2.92969E-02
-1.0046098E+00,8.69141E-01,9.76562E-03
-1.0045913E+00,9.27734E-01,2.92969E-02
-1.0045728E+00,9.08203E-01,-4.88281E-02
-1.0045543E+00,8.69141E-01,9.76562E-03
-1.0045358E+00,8.69141E-01,4.88281E-02
-1.0045174E+00,8.69141E-01,2.92969E-02
-1.0044989E+00,8.49609E-01,9.76562E-03
-1.0044804E+00,9.27734E-01,9.76562E-03
-1.0044619E+00,9.08203E-01,6.83594E-02
-1.0044434E+00,9.27734E-01,4.88281E-02
-1.0044250E+00,9.27734E-01,4.88281E-02
-1.0044065E+00,9.27734E-01,6.83594E-02
-1.0043880E+00,8.49609E-01,6.83594E-02
-1.0043695E+00,9.08203E-01,-2.92969E-02
-1.0043510E+00,8.30078E-01,9.76562E-03
-1.0043326E+00,9.47266E-01,-9.76562E-03
-1.0043141E+00,8.49609E-01,4.88281E-02
-1.0042956E+00,8.88672E-01,9.76562E-03
-1.0042771E+00,9.27734E-01,2.92969E-02
-1.0042586E+00,9.47266E-01,-9.76562E-03
-1.0042402E+00,8.88672E-01,6.83594E-02
-1.0042217E+00,9.08203E-01,9.76562E-03
-1.0042032E+00,9.08203E-01,9.76562E-03
-1.0041847E+00,9.27734E-01,9.76562E-03
-1.0041662E+00,8.69141E-01,2.92969E-02
-1.0041478E+00,8.69141E-01,4.88281E-02
-1.0041293E+00,8.30078E-01,6.83594E-02
-1.0041108E+00,9.27734E-01,2.92969E-02
-1.0040923E+00,9.27734E-01,4.88281E-02
-1.0040738E+00,8.88672E-01,-2.92969E-02
-1.0040554E+00,9.27734E-01,9.76562E-03
-1.0040369E+00,8.69141E-01,9.76562E-03
-1.0040184E+00,9.27734E-01,8.78906E-02
-1.0039999E+00,9.27734E-01,2.92969E-02
-1.0039814E+00,8.69141E-01,2.92969E-02
-1.0039630E+00,8.88672E-01,-9.76562E-03
-1.0039445E+00,8.88672E-01,-9.76562E-03
-1.0039260E+00,9.27734E-01,6.83594E-02
-1.0039075E+00,9.27734E-01,9.76562E-03
-1.0038890E+00,9.47266E-01,4.88281E-02
-1.0038706E+00,9.08203E-01,2.92969E-02
-1.0038521E+00,9.27734E-01,2.92969E-02
-1.0038336E+00,8.49609E-01,6.83594E-02
-1.0038151E+00,9.08203E-01,2.92969E-02
-1.0037966E+00,8.69141E-01,9.76562E-03
-1.0037782E+00,9.66797E-01,-9.76562E-03
-1.0037597E+00,9.08203E-01,9.76562E-03
-1.0037412E+00,8.88672E-01,2.92969E-02
-1.0037227E+00,9.27734E-01,4.88281E-02
-1.0037042E+00,9.86328E-01,-4.88281E-02
-1.0036858E+00,9.27734E-01,6.83594E-02
-1.0036673E+00,9.86328E-01,-9.76562E-03
-1.0036488E+00,8.30078E-01,4.88281E-02
-1.0036303E+00,9.27734E-01,2.92969E-02
-1.0036118E+00,9.08203E-01,9.76562E-03
-1.0035934E+00,9.66797E-01,4.88281E-02
-1.0035749E+00,9.47266E-01,6.83594E-02
-1.0035564E+00,9.08203E-01,9.76562E-03
-1.0035379E+00,9.27734E-01,-4.88281E-02
-1.0035194E+00,9.66797E-01,4.88281E-02
-1.0035010E+00,7.91016E-01,2.92969E-02
-1.0034825E+00,8.88672E-01,9.76562E-03
-1.0034640E+00,9.08203E-01,2.92969E-02
-1.0034455E+00,9.08203E-01,-4.88281E-02
-1.0034270E+00,8.88672E-01,8.78906E-02
-1.0034086E+00,9.47266E-01,8.78906E-02
-1.0033901E+00,8.10547E-01,2.92969E-02
-1.0033716E+00,1.00586E+00,4.88281E-02
-1.0033531E+00,9.08203E-01,2.92969E-02
-1.0033346E+00,8.88672E-01,9.76562E-03
-1.0033162E+00,9.08203E-01,-2.92969E-02
-1.0032977E+00,8.49609E-01,9.76562E-03
-1.0032792E+00,9.08203E-01,2.92969E-02
-1.0032607E+00,8.88672E-01,4.88281E-02
-1.0032422E+00,9.86328E-01,2.92969E-02
-1.0032238E+00,9.08203E-01,2.92969E-02
-1.0032053E+00,9.08203E-01,4.88281E-02
-1.0031868E+00,8.69141E-01,9.76562E-03
-1.0031683E+00,8.69141E-01,2.92969E-02
-1.0031498E+00,8.69141E-01,2.92969E-02
-1.0031314E+00,9.08203E-01,8.78906E-02
-1.0031129E+00,9.08203E-01,9.76562E-03
-1.0030944E+00,8.88672E-01,8.78906E-02
-1.0030759E+00,9.08203E-01,-9.76562E-03
-1.0030574E+00,8.49609E-01,4.88281E-02
-1.0030390E+00,8.69141E-01,9.76562E-03
-1.0030205E+00,9.08203E-01,2.92969E-02
-1.0030020E+00,8.88672E-01,6.83594E-02
-1.0029835E+00,9.08203E-01,4.88281E-02
-1.0029650E+00,9.27734E-01,9.76562E-03
-1.0029466E+00,9.08203E-01,8.78906E-02
-1.0029281E+00,9.27734E-01,2.92969E-02
-1.0029096E+00,9.86328E-01,2.92969E-02
-1.0028911E+00,9.47266E-01,9.76562E-03
-1.0028726E+00,8.88672E-01,4.88281E-02
-1.0028542E+00,9.47266E-01,-9.76562E-03
-1.0028357E+00,8.88672E-01,-9.76562E-03
-1.0028172E+00,9.66797E-01,9.76562E-03
-1.0027987E+00,8.88672E-01,2.92969E-02
-1.0027802E+00,9.47266E-01,9.76562E-03
-1.0027618E+00,9.08203E-01,6.83594E-02
-1.0027433E+00,9.66797E-01,4.88281E-02
-1.0027248E+00,9.08203E-01,6.83594E-02
-1.0027063E+00,9.27734E-01,9.76562E-03
-1.0026878E+00,8.88672E-01,6.83594E-02
-1.0026694E+00,8.88672E-01,2.92969E-02
-1.0026509E+00,8.69141E-01,2.92969E-02
-1.0026324E+00,9.66797E-01,6.83594E-02
-1.0026139E+00,8.88672E-01,6.83594E-02
-1.0025954E+00,9.47266E-01,2.92969E-02
-1.0025770E+00,9.27734E-01,4.88281E-02
-1.0025585E+00,8.88672E-01,9.76562E-03
-1.0025400E+00,9.08203E-01,6.83594E-02
-1.0025215E+00,8.88672E-01,6.83594E-02
-1.0025030E+00,9.47266E-01,9.76562E-03
-1.0024846E+00,1.00586E+00,9.76562E-03
-1.0024661E+00,8.69141E-01,4.88281E-02
-1.0024476E+00,9.08203E-01,9.76562E-03
-1.0024291E+00,8.88672E-01,4.88281E-02
-1.0024106E+00,9.86328E-01,9.76562E-03
-1.0023922E+00,9.47266E-01,6.83594E-02
-1.0023737E+00,8.69141E-01,9.76562E-03
-1.0023552E+00,7.91016E-01,9.76562E-03
-1.0023367E+00,9.27734E-01,9.76562E-03
-1.0023182E+00,8.69141E-01,4.88281E-02
-1.0022998E+00,9.47266E-01,2.92969E-02
-1.0022813E+00,9.66797E-01,2.92969E-02
-1.0022628E+00,9.47266E-01,4.88281E-02
-1.0022443E+00,9.08203E-01,2.92969E-02
-1.0022258E+00,9.66797E-01,-2.92969E-02
-1.0022074E+00,9.08203E-01,6.83594E-02
-1.0021889E+00,9.86328E-01,2.92969E-02
-1.0021704E+00,8.88672E-01,4.88281E-02
-1.0021519E+00,1.00586E+00,4.88281E-02
-1.0021334E+00,9.08203E-01,-4.88281E-02
-1.0021150E+00,9.27734E-01,-2.92969E-02
-1.0020965E+00,9.27734E-01,-2.92969E-02
-1.0020780E+00,9.86328E-01,9.76562E-03
-1.0020595E+00,8.88672E-01,4.88281E-02
-1.0020410E+00,8.49609E-01,2.92969E-02
-1.0020226E+00,9.66797E-01,4.88281E-02
-1.0020041E+00,9.86328E-01,2.92969E-02
-1.0019856E+00,8.69141E-01,9.76562E-03
-1.0019671E+00,9.47266E-01,6.83594E-02
-1.0019486E+00,9.08203E-01,9.76562E-03
-1.0019302E+00,9.27734E-01,6.83594E-02
-1.0019117E+00,9.27734E-01,6.83594E-02
-1.0018932E+00,9.27734E-01,8.78906E-02
-1.0018747E+00,8.69141E-01,2.92969E-02
-1.0018562E+00,9.27734E-01,-9.76562E-03
-1.0018378E+00,9.47266E-01,6.83594E-02
-1.0018193E+00,9.27734E-01,9.76562E-03
-1.0018008E+00,9.27734E-01,4.88281E-02
-1.0017823E+00,9.27734E-01,9.76562E-03
-1.0017638E+00,9.47266E-01,2.92969E-02
-1.0017454E+00,8.69141E-01,9.76562E-03
-1.0017269E+00,8.88672E-01,9.76562E-03
-1.0017084E+00,9.86328E-01,9.76562E-03
-1.0016899E+00,9.08203E-01,8.78906E-02
-1.0016714E+00,9.08203E-01,9.76562E-03
-1.0016530E+00,8.69141E-01,1.07422E-01
-1.0016345E+00,9.47266E-01,9.76562E-03
-1.0016160E+00,9.47266E-01,4.88281E-02
-1.0015975E+00,1.00586E+00,9.76562E-03
-1.0015790E+00,9.27734E-01,4.88281E-02
-1.0015606E+00,8.69141E-01,9.76562E-03
-1.0015421E+00,8.69141E-01,6.83594E-02
-1.0015236E+00,9.08203E-01,4.88281E-02
-1.0015051E+00,8.69141E-01,4.88281E-02
-1.0014866E+00,1.04492E+00,9.76562E-03
-1.0014682E+00,8.49609E-01,2.92969E-02
-1.0014497E+00,1.00586E+00,4.88281E-02
-1.0014312E+00,8.88672E-01,4.88281E-02
-1.0014127E+00,8.88672E-01,2.92969E-02
-1.0013942E+00,9.66797E-01,6.83594E-02
-1.0013758E+00,8.88672E-01,2.92969E-02
-1.0013573E+00,9.47266E-01,2.92969E-02
-1.0013388E+00,9.86328E-01,-2.92969E-02
-1.0013203E+00,9.08203E-01,4.88281E-02
-1.0013018E+00,9.66797E-01,-9.76562E-03
-1.0012834E+00,9.27734E-01,9.76562E-03
-1.0012649E+00,9.27734E-01,2.92969E-02
-1.0012464E+00,9.08203E-01,8.78906E-02
-1.0012279E+00,9.08203E-01,9.76562E-03
-1.0012094E+00,9.08203E-01,4.88281E-02
-1.0011910E+00,8.69141E-01,2.92969E-02
-1.0011725E+00,9.27734E-01,6.83594E-02
-1.0011540E+00,9.27734E-01,4.88281E-02
-1.0011355E+00,9.27734E-01,2.92969E-02
-1.0011170E+00,9.66797E-01,9.76562E-03
-1.0010986E+00,8.69141E-01,9.76562E-03
-1.0010801E+00,9.27734E-01,9.76562E-03
-1.0010616E+00,8.69141E-01,4.88281E-02
-1.0010431E+00,9.27734E-01,4.88281E-02
-1.0010246E+00,9.08203E-01,2.92969E-02
-1.0010062E+00,9.47266E-01,2.92969E-02
-1.0009877E+00,9.08203E-01,9.76562E-03
-1.0009692E+00,9.86328E-01,-9.76562E-03
-1.0009507E+00,8.88672E-01,9.76562E-03
-1.0009322E+00,8.69141E-01,9.76562E-03
-1.0009138E+00,8.30078E-01,2.92969E-02
-1.0008953E+00,9.27734E-01,-9.76562E-03
-1.0008768E+00,8.88672E-01,4.88281E-02
-1.0008583E+00,9.86328E-01,-9.76562E-03
-1.0008398E+00,8.69141E-01,1.07422E-01
-1.0008214E+00,9.47266E-01,9.76562E-03
-1.0008029E+00,9.27734E-01,4.88281E-02
-1.0007844E+00,9.47266E-01,6.83594E-02
-1.0007659E+00,8.69141E-01,9.76562E-03
-1.0007474E+00,8.30078E-01,2.92969E-02
-1.0007290E+00,8.88672E-01,2.92969E-02
-1.0007105E+00,9.86328E-01,9.76562E-03
-1.0006920E+00,9.08203E-01,2.92969E-02
-1.0006735E+00,1.00586E+00,9.76562E-03
-1.0006550E+00,9.66797E-01,2.92969E-02
-1.0006366E+00,8.88672E-01,2.92969E-02
-1.0006181E+00,8.88672E-01,4.88281E-02
-1.0005996E+00,8.69141E-01,2.92969E-02
-1.0005811E+00,9.08203E-01,2.92969E-02
-1.0005626E+00,9.86328E-01,-9.76562E-03
-1.0005442E+00,8.88672E-01,9.76562E-03
-1.0005257E+00,9.27734E-01,2.92969E-02
-1.0005072E+00,9.27734E-01,8.78906E-02
-1.0004887E+00,9.08203E-01,9.76562E-03
-1.0004702E+00,9.47266E-01,2.92969E-02
-1.0004518E+00,9.66797E-01,2.92969E-02
-1.0004333E+00,8.69141E-01,8.78906E-02
-1.0004148E+00,1.00586E+00,2.92969E-02
-1.0003963E+00,9.27734E-01,6.83594E-02
-1.0003778E+00,9.47266E-01,4.88281E-02
-1.0003594E+00,9.08203E-01,6.83594E-02
-1.0003409E+00,1.00586E+00,9.76562E-03
-1.0003224E+00,9.08203E-01,6.83594E-02
-1.0003039E+00,9.66797E-01,4.88281E-02
-1.0002854E+00,9.27734E-01,9.76562E-03
-1.0002670E+00,9.27734E-01,9.76562E-03
-1.0002485E+00,9.27734E-01,2.92969E-02
-1.0002300E+00,9.47266E-01,2.92969E-02
-1.0002115E+00,9.08203E-01,6.83594E-02
-1.0001930E+00,8.69141E-01,-2.92969E-02
-1.0001746E+00,8.69141E-01,4.88281E-02
-1.0001561E+00,9.86328E-01,9.76562E-03
-1.0001376E+00,8.88672E-01,9.76562E-03
-1.0001191E+00,9.66797E-01,2.92969E-02
-1.0001006E+00,9.86328E-01,6.83594E-02
-1.0000822E+00,9.86328E-01,9.76562E-03
-1.0000637E+00,8.49609E-01,1.07422E-01
-1.0000452E+00,9.66797E-01,2.92969E-02
-1.0000267E+00,8.88672E-01,9.76562E-03
-1.0000082E+00,9.27734E-01,8.78906E-02
-9.9998976E-01,9.27734E-01,4.88281E-02
-9.9997128E-01,9.86328E-01,9.76562E-03
-9.9995280E-01,9.27734E-01,-2.92969E-02
-9.9993432E-01,1.00586E+00,9.76562E-03
-9.9991584E-01,9.27734E-01,6.83594E-02
-9.9989736E-01,9.27734E-01,9.76562E-03
-9.9987888E-01,8.69141E-01,1.46484E-01
-9.9986040E-01,9.47266E-01,2.92969E-02
-9.9984192E-01,9.27734E-01,6.83594E-02
-9.9982344E-01,9.08203E-01,9.76562E-03
-9.9980496E-01,9.27734E-01,9.76562E-03
-9.9978648E-01,8.69141E-01,4.88281E-02
-9.9976800E-01,9.27734E-01,2.92969E-02
-9.9974952E-01,9.86328E-01,-2.92969E-02
-9.9973104E-01,9.27734E-01,6.83594E-02
-9.9971256E-01,1.00586E+00,9.76562E-03
-9.9969408E-01,9.08203E-01,4.88281E-02
-9.9967560E-01,1.00586E+00,9.76562E-03
-9.9965712E-01,8.88672E-01,4.88281E-02
-9.9963864E-01,1.02539E+00,4.88281E-02
-9.9962016E-01,9.08203E-01,1.07422E-01
-9.9960168E-01,9.86328E-01,9.76562E-03
-9.9958320E-01,9.47266E-01,9.76562E-03
-9.9956472E-01,9.47266E-01,9.76562E-03
-9.9954624E-01,9.86328E-01,9.76562E-03
-9.9952776E-01,8.88672E-01,2.92969E-02
-9.9950928E-01,9.47266E-01,6.83594E-02
-9.9949080E-01,9.27734E-01,4.88281E-02
-9.9947232E-01,9.27734E-01,6.83594E-02
-9.9945384E-01,9.27734E-01,9.76562E-03
-9.9943536E-01,9.27734E-01,9.76562E-03
-9.9941688E-01,9.86328E-01,6.83594E-02
-9.9939840E-01,9.27734E-01,9.76562E-03
-9.9937992E-01,9.27734E-01,2.92969E-02
-9.9936144E-01,8.88672E-01,2.92969E-02
-9.9934296E-01,9.27734E-01,2.92969E-02
-9.9932448E-01,8.88672E-01,2.92969E-02
-9.9930600E-01,9.66797E-01,2.92969E-02
-9.9928752E-01,9.66797E-01,4.88281E-02
-9.9926904E-01,9.86328E-01,-2.92969E-02
-9.9925056E-01,8.69141E-01,9.76562E-03
-9.9923208E-01,1.04492E+00,2.92969E-02
-9.9921360E-01,8.69141E-01,8.78906E-02
-9.9919512E-01,8.88672E-01,9.76562E-03
-9.9917664E-01,8.88672E-01,9.76562E-03
-9.9915816E-01,8.88672E-01,-2.92969E-02
-9.9913968E-01,9.27734E-01,6.83594E-02
-9.9912120E-01,8.88672E-01,9.76562E-03
-9.9910272E-01,8.69141E-01,9.76562E-03
-9.9908424E-01,9.08203E-01,9.76562E-03
-9.9906576E-01,9.86328E-01,-9.76562E-03
-9.9904728E-01,9.08203E-01,2.92969E-02
-9.9902880E-01,9.08203E-01,8.78906E-02
-9.9901032E-01,9.66797E-01,-9.76562E-03
-9.9899184E-01,8.88672E-01,2.92969E-02
-9.9897336E-01,9.47266E-01,-9.76562E-03
-9.9895488E-01,9.27734E-01,4.88281E-02
-9.9893640E-01,9.27734E-01,4.88281E-02
-9.9891792E-01,8.88672E-01,9.76562E-03
-9.9889944E-01,9.66797E-01,-9.76562E-03
-9.9888096E-01,9.27734E-01,9.76562E-03
-9.9886248E-01,9.27734E-01,2.92969E-02
-9.9884400E-01,9.27734E-01,-9.76562E-03
-9.9882552E-01,8.69141E-01,4.88281E-02
-9.9880704E-01,8.30078E-01,6.83594E-02
-9.9878856E-01,9.47266E-01,9.76562E-03
-9.9877008E-01,8.69141E-01,1.07422E-01
-9.9875160E-01,9.08203E-01,4.88281E-02
-9.9873312E-01,9.27734E-01,6.83594E-02
-9.9871464E-01,9.66797E-01,4.88281E-02
-9.9869616E-01,8.69141E-01,4.88281E-02
-9.9867768E-01,9.47266E-01,9.76562E-03
-9.9865920E-01,9.08203E-01,2.92969E-02
-9.9864072E-01,9.08203E-01,2.92969E-02
-9.9862224E-01,9.27734E-01,9.76562E-03
-9.9860376E-01,1.00586E+00,-9.76562E-03
-9.9858528E-01,8.88672E-01,6.83594E-02
-9.9856680E-01,9.66797E-01,9.76562E-03
-9.9854832E-01,9.08203E-01,-2.92969E-02
-9.9852984E-01,9.86328E-01,2.92969E-02
-9.9851136E-01,9.27734E-01,6.83594E-02
-9.9849288E-01,9.86328E-01,-2.92969E-02
-9.9847440E-01,9.27734E-01,6.83594E-02
-9.9845592E-01,9.66797E-01,2.92969E-02
-9.9843744E-01,9.47266E-01,2.92969E-02
-9.9841896E-01,9.66797E-01,4.88281E-02
-9.9840048E-01,9.27734E-01,6.83594E-02
-9.9838200E-01,9.47266E-01,2.92969E-02
-9.9836352E-01,8.69141E-01,2.92969E-02
-9.9834504E-01,9.27734E-01,-9.76562E-03
-9.9832656E-01,8.88672E-01,6.83594E-02
-9.9830808E-01,9.27734E-01,9.76562E-03
-9.9828960E-01,8.88672E-01,9.76562E-03
-9.9827112E-01,9.47266E-01,2.92969E-02
-9.9825264E-01,9.27734E-01,6.83594E-02
-9.9823416E-01,9.27734E-01,4.88281E-02
-9.9821568E-01,9.08203E-01,2.92969E-02
-9.9819720E-01,1.00586E+00,4.88281E-02
-9.9817872E-01,9.08203E-01,1.26953E-01
-9.9816024E-01,9.66797E-01,9.76562E-03
-9.9814176E-01,8.88672E-01,6.83594E-02
-9.9812328E-01,9.86328E-01,-9.76562E-03
-9.9810480E-01,9.86328E-01,4.88281E-02
-9.9808632E-01,9.47266E-01,-9.76562E-03
-9.9806784E-01,9.86328E-01,6.83594E-02
-9.9804936E-01,9.86328E-01,6.83594E-02
-9.9803088E-01,9.27734E-01,6.83594E-02
-9.9801240E-01,8.69141E-01,2.92969E-02
-9.9799392E-01,8.88672E-01,6.83594E-02
-9.9797544E-01,9.47266E-01,9.76562E-03
-9.9795696E-01,9.08203E-01,4.88281E-02
-9.9793848E-01,9.47266E-01,4.88281E-02
-9.9792000E-01,9.08203E-01,6.83594E-02
-9.9790152E-01,9.86328E-01,-2.92969E-02
-9.9788304E-01,9.27734E-01,6.83594E-02
-9.9786456E-01,1.00586E+00,9.76562E-03
-9.9784608E-01,9.47266E-01,2.92969E-02
-9.9782760E-01,9.86328E-01,9.76562E-03
-9.9780912E-01,9.27734E-01,2.92969E-02
-9.9779064E-01,9.27734E-01,2.92969E-02
-9.9777216E-01,9.08203E-01,9.76562E-03
-9.9775368E-01,9.66797E-01,2.92969E-02
-9.9773520E-01,8.30078E-01,8.78906E-02
-9.9771672E-01,8.88672E-01,1.07422E-01
-9.9769824E-01,8.88672E-01,4.88281E-02
-9.9767976E-01,9.47266E-01,4.88281E-02
-9.9766128E-01,8.88672E-01,-4.88281E-02
-9.9764280E-01,9.86328E-01,4.88281E-02
-9.9762432E-01,9.47266E-01,6.83594E-02
-9.9760584E-01,9.86328E-01,4.88281E-02
-9.9758736E-01,9.47266E-01,6.83594E-02
-9.9756888E-01,9.27734E-01,9.76562E-03
-9.9755040E-01,9.08203E-01,6.83594E-02
-9.9753192E-01,9.86328E-01,6.83594E-02
-9.9751344E-01,8.69141E-01,2.92969E-02
-9.9749496E-01,9.47266E-01,9.76562E-03
-9.9747648E-01,9.27734E-01,9.76562E-03
-9.9745800E-01,9.86328E-01,6.83594E-02
-9.9743952E-01,9.47266E-01,4.88281E-02
-9.9742104E-01,9.66797E-01,6.83594E-02
-9.9740256E-01,9.27734E-01,8.78906E-02
-9.9738408E-01,9.27734E-01,-9.76562E-03
-9.9736560E-01,9.66797E-01,-2.92969E-02
-9.9734712E-01,9.66797E-01,4.88281E-02
-9.9732864E-01,9.27734E-01,9.76562E-03
-9.9731016E-01,9.47266E-01,9.76562E-03
-9.9729168E-01,8.69141E-01,4.88281E-02
-9.9727320E-01,9.86328E-01,9.76562E-03
-9.9725472E-01,9.27734E-01,4.88281E-02
-9.9723624E-01,9.66797E-01,6.83594E-02
-9.9721776E-01,9.66797E-01,8.78906E-02
-9.9719928E-01,9.66797E-01,2.92969E-02
-9.9718080E-01,9.08203E-01,-9.76562E-03
-9.9716232E-01,9.27734E-01,9.76562E-03
-9.9714384E-01,9.47266E-01,1.07422E-01
-9.9712536E-01,9.27734E-01,9.76562E-03
-9.9710688E-01,9.66797E-01,4.88281E-02
-9.9708840E-01,9.86328E-01,2.92969E-02
-9.9706992E-01,9.66797E-01,9.76562E-03
-9.9705144E-01,9.08203E-01,2.92969E-02
-9.9703296E-01,8.69141E-01,6.83594E-02
-9.9701448E-01,9.27734E-01,2.92969E-02
-9.9699600E-01,9.66797E-01,8.78906E-02
-9.9697752E-01,9.86328E-01,9.76562E-03
-9.9695904E-01,9.86328E-01,2.92969E-02
-9.9694056E-01,1.00586E+00,4.88281E-02
-9.9692208E-01,9.47266E-01,2.92969E-02
-9.9690360E-01,9.08203E-01,9.76562E-03
-9.9688512E-01,9.47266E-01,6.83594E-02
-9.9686664E-01,9.86328E-01,9.76562E-03
-9.9684816E-01,9.27734E-01,4.88281E-02
-9.9682968E-01,9.47266E-01,-9.76562E-03
-9.9681120E-01,9.27734E-01,2.92969E-02
-9.9679272E-01,9.47266E-01,2.92969E-02
-9.9677424E-01,9.27734E-01,9.76562E-03
-9.9675576E-01,9.27734E-01,-9.76562E-03
-9.9673728E-01,9.08203E-01,9.76562E-03
-9.9671880E-01,8.69141E-01,-9.76562E-03
-9.9670032E-01,9.27734E-01,6.83594E-02
-9.9668184E-01,9.86328E-01,-9.76562E-03
-9.9666336E-01,9.08203E-01,4.88281E-02
-9.9664488E-01,9.27734E-01,2.92969E-02
-9.9662640E-01,8.88672E-01,4.88281E-02
-9.9660792E-01,9.08203E-01,-4.88281E-02
-9.9658944E-01,9.08203E-01,2.92969E-02
-9.9657096E-01,9.47266E-01,-9.76562E-03
-9.9655248E-01,9.27734E-01,2.92969E-02
-9.9653400E-01,9.86328E-01,9.76562E-03
-9.9651552E-01,9.08203E-01,4.88281E-02
-9.9649704E-01,9.47266E-01,9.76562E-03
-9.9647856E-01,9.86328E-01,4.88281E-02
-9.9646008E-01,9.27734E-01,2.92969E-02
-9.9644160E-01,9.47266E-01,2.92969E-02
-9.9642312E-01,9.86328E-01,4.88281E-02
-9.9640464E-01,8.88672E-01,2.92969E-02
-9.9638616E-01,9.27734E-01,9.76562E-03
-9.9636768E-01,9.27734E-01,2.92969E-02
-9.9634920E-01,9.08203E-01,9.76562E-03
-9.9633072E-01,9.27734E-01,9.76562E-03
-9.9631224E-01,1.00586E+00,4.88281E-02
-9.9629376E-01,8.88672E-01,6.83594E-02
-9.9627528E-01,9.86328E-01,9.76562E-03
-9.9625680E-01,9.66797E-01,8.78906E-02
-9.9623832E-01,1.00586E+00,4.88281E-02
-9.9621984E-01,9.27734E-01,6.83594E-02
-9.9620136E-01,9.66797E-01,4.88281E-02
-9.9618288E-01,9.27734E-01,6.83594E-02
-9.9616440E-01,9.66797E-01,9.76562E-03
-9.9614592E-01,9.86328E-01,2.92969E-02
-9.9612744E-01,9.66797E-01,2.92969E-02
-9.9610896E-01,9.66797E-01,6.83594E-02
-9.9609048E-01,8.69141E-01,4.88281E-02
-9.9607200E-01,9.47266E-01,9.76562E-03
-9.9605352E-01,9.27734E-01,4.88281E-02
-9.9603504E-01,8.88672E-01,6.83594E-02
-9.9601656E-01,9.47266E-01,9.76562E-03
-9.9599808E-01,8.88672E-01,6.83594E-02
-9.9597960E-01,9.27734E-01,2.92969E-02
-9.9596112E-01,9.27734E-01,4.88281E-02
-9.9594264E-01,9.27734E-01,4.88281E-02
-9.9592416E-01,9.27734E-01,4.88281E-02
-9.9590568E-01,9.86328E-01,9.76562E-03
-9.9588720E-01,9.27734E-01,9.76562E-03
-9.9586872E-01,9.27734E-01,2.92969E-02
-9.9585024E-01,9.66797E-01,6.83594E-02
-9.9583176E-01,9.47266E-01,9.76562E-03
-9.9581328E-01,9.27734E-01,4.88281E-02
-9.9579480E-01,9.08203E-01,4.88281E-02
-9.9577632E-01,9.47266E-01,2.92969E-02
-9.9575784E-01,9.66797E-01,8.78906E-02
-9.9573936E-01,9.47266E-01,1.26953E-01
-9.9572088E-01,9.47266E-01,6.83594E-02
-9.9570240E-01,9.27734E-01,4.88281E-02
-9.9568392E-01,1.00586E+00,-2.92969E-02
-9.9566544E-01,1.00586E+00,4.88281E-02
-9.9564696E-01,9.47266E-01,4.88281E-02
-9.9562848E-01,9.47266E-01,6.83594E-02
-9.9561000E-01,8.69141E-01,9.76562E-03
-9.9559152E-01,1.00586E+00,4.88281E-02
-9.9557304E-01,9.08203E-01,1.07422E-01
-9.9555456E-01,9.47266E-01,2.92969E-02
-9.9553608E-01,9.86328E-01,9.76562E-03
-9.9551760E-01,8.69141E-01,9.76562E-03
-9.9549912E-01,9.86328E-01,2.92969E-02
-9.9548064E-01,9.08203E-01,-9.76562E-03
-9.9546216E-01,9.86328E-01,-2.92969E-02
-9.9544368E-01,9.47266E-01,6.83594E-02
-9.9542520E-01,1.00586E+00,2.92969E-02
-9.9540672E-01,8.69141E-01,4.88281E-02
-9.9538824E-01,1.04492E+00,9.76562E-03
-9.9536976E-01,9.08203E-01,4.88281E-02
-9.9535128E-01,9.86328E-01,2.92969E-02
-9.9533280E-01,9.27734E-01,-2.92969E-02
-9.9531432E-01,9.47266E-01,6.83594E-02
-9.9529584E-01,9.47266E-01,9.76562E-03
-9.9527736E-01,9.27734E-01,9.76562E-03
-9.9525888E-01,9.08203E-01,2.92969E-02
-9.9524040E-01,9.47266E-01,9.76562E-03
-9.9522192E-01,9.27734E-01,1.46484E-01
-9.9520344E-01,9.86328E-01,2.92969E-02
-9.9518496E-01,9.27734E-01,4.88281E-02
-9.9516648E-01,9.66797E-01,9.76562E-03
-9.9514800E-01,9.47266E-01,4.88281E-02
-9.9512952E-01,9.86328E-01,4.88281E-02
-9.9511104E-01,9.47266E-01,8.78906E-02
-9.9509256E-01,9.47266E-01,9.76562E-03
-9.9507408E-01,1.00586E+00,6.83594E-02
-9.9505560E-01,1.00586E+00,2.92969E-02
-9.9503712E-01,9.47266E-01,8.78906E-02
-9.9501864E-01,9.27734E-01,4.88281E-02
-9.9500016E-01,9.08203E-01,1.07422E-01
-9.9498168E-01,1.00586E+00,2.92969E-02
-9.9496320E-01,9.66797E-01,2.92969E-02
-9.9494472E-01,9.86328E-01,2.92969E-02
-9.9492624E-01,9.47266E-01,6.83594E-02
-9.9490776E-01,8.88672E-01,2.92969E-02
-9.9488928E-01,1.08398E+00,6.83594E-02
-9.9487080E-01,1.00586E+00,9.76562E-03
-9.9485232E-01,9.08203E-01,6.83594E-02
-9.9483384E-01,8.69141E-01,4.88281E-02
-9.9481536E-01,9.47266E-01,2.92969E-02
-9.9479688E-01,9.86328E-01,9.76562E-03
-9.9477840E-01,8.69141E-01,6.83594E-02
-9.9475992E-01,9.86328E-01,9.76562E-03
-9.9474144E-01,8.88672E-01,9.76562E-03
-9.9472296E-01,1.04492E+00,2.92969E-02
-9.9470448E-01,9.47266E-01,2.92969E-02
-9.9468600E-01,9.86328E-01,1.26953E-01
-9.9466752E-01,9.66797E-01,6.83594E-02
-9.9464904E-01,9.66797E-01,4.88281E-02
-9.9463056E-01,9.27734E-01,4.88281E-02
-9.9461208E-01,1.00586E+00,4.88281E-02
-9.9459360E-01,9.27734E-01,4.88281E-02
-9.9457512E-01,9.27734E-01,2.92969E-02
-9.9455664E-01,1.00586E+00,2.92969E-02
-9.9453816E-01,9.47266E-01,4.88281E-02
-9.9451968E-01,9.47266E-01,4.88281E-02
-9.9450120E-01,9.66797E-01,2.92969E-02
-9.9448272E-01,9.86328E-01,4.88281E-02
-9.9446424E-01,9.27734E-01,2.92969E-02
-9.9444576E-01,9.08203E-01,4.88281E-02
-9.9442728E-01,9.47266E-01,4.88281E-02
-9.9440880E-01,9.27734E-01,9.76562E-03
-9.9439032E-01,9.08203E-01,9.76562E-03
-9.9437184E-01,9.27734E-01,9.76562E-03
-9.9435336E-01,9.86328E-01,-9.76562E-03
-9.9433488E-01,8.69141E-01,9.76562E-03
-9.9431640E-01,9.47266E-01,9.76562E-03
-9.9429792E-01,9.47266E-01,2.92969E-02
-9.9427944E-01,1.00586E+00,-9.76562E-03
-9.9426096E-01,9.86328E-01,6.83594E-02
-9.9424248E-01,9.86328E-01,-9.76562E-03
-9.9422400E-01,9.47266E-01,6.83594E-02
-9.9420552E-01,9.86328E-01,6.83594E-02
-9.9418704E-01,9.66797E-01,6.83594E-02
-9.9416856E-01,1.02539E+00,2.92969E-02
-9.9415008E-01,9.27734E-01,6.83594E-02
-9.9413160E-01,9.66797E-01,2.92969E-02
-9.9411312E-01,9.66797E-01,2.92969E-02
-9.9409464E-01,9.66797E-01,2.92969E-02
-9.9407616E-01,9.08203E-01,9.76562E-03
-9.9405768E-01,1.00586E+00,6.83594E-02
-9.9403920E-01,9.66797E-01,2.92969E-02
-9.9402072E-01,9.66797E-01,6.83594E-02
-9.9400224E-01,9.47266E-01,6.83594E-02
-9.9398376E-01,9.47266E-01,9.76562E-03
-9.9396528E-01,9.27734E-01,4.88281E-02
-9.9394680E-01,9.86328E-01,4.88281E-02
-9.9392832E-01,9.86328E-01,4.88281E-02
-9.9390984E-01,9.66797E-01,2.92969E-02
-9.9389136E-01,9.27734E-01,8.78906E-02
-9.9387288E-01,9.27734E-01,-9.76562E-03
-9.9385440E-01,9.27734E-01,6.83594E-02
-9.9383592E-01,9.08203E-01,2.92969E-02
-9.9381744E-01,8.88672E-01,6.83594E-02
-9.9379896E-01,9.27734E-01,6.83594E-02
-9.9378048E-01,1.00586E+00,4.88281E-02
-9.9376200E-01,9.47266E-01,4.88281E-02
-9.9374352E-01,9.08203E-01,4.88281E-02
-9.9372504E-01,1.00586E+00,9.76562E-03
-9.9370656E-01,8.88672E-01,4.88281E-02
-9.9368808E-01,9.86328E-01,9.76562E-03
-9.9366960E-01,9.47266E-01,4.88281E-02
-9.9365112E-01,9.86328E-01,2.92969E-02
-9.9363264E-01,9.66797E-01,9.76562E-03
-9.9361416E-01,9.47266E-01,6.83594E-02
-9.9359568E-01,8.88672E-01,2.92969E-02
-9.9357720E-01,1.02539E+00,9.76562E-03
-9.9355872E-01,9.66797E-01,9.76562E-03
-9.9354024E-01,9.66797E-01,2.92969E-02
-9.9352176E-01,9.27734E-01,6.83594E-02
-9.9350328E-01,1.04492E+00,2.92969E-02
-9.9348480E-01,9.08203E-01,2.92969E-02
-9.9346632E-01,9.27734E-01,-9.76562E-03
-9.9344784E-01,9.27734E-01,1.07422E-01
-9.9342936E-01,9.86328E-01,9.76562E-03
-9.9341088E-01,9.47266E-01,6.83594E-02
-9.9339240E-01,8.88672E-01,-9.76562E-03
-9.9337392E-01,9.08203E-01,6.83594E-02
-9.9335544E-01,9.66797E-01,2.92969E-02
-9.9333696E-01,9.27734E-01,2.92969E-02
-9.9331848E-01,1.02539E+00,9.76562E-03
-9.9330000E-01,8.88672E-01,9.76562E-03
-9.9328152E-01,9.66797E-01,6.83594E-02
-9.9326304E-01,8.69141E-01,6.83594E-02
-9.9324456E-01,9.47266E-01,4.88281E-02
-9.9322608E-01,9.27734E-01,4.88281E-02
-9.9320760E-01,9.66797E-01,9.76562E-03
-9.9318912E-01,9.27734E-01,2.92969E-02
-9.9317064E-01,8.88672E-01,2.92969E-02
-9.9315216E-01,9.27734E-01,4.88281E-02
-9.9313368E-01,9.66797E-01,6.83594E-02
-9.9311520E-01,1.02539E+00,2.92969E-02
-9.9309672E-01,1.00586E+00,2.92969E-02
-9.9307824E-01,9.27734E-01,6.83594E-02
-9.9305976E-01,9.27734E-01,9.76562E-03
-9.9304128E-01,9.66797E-01,2.92969E-02
-9.9302280E-01,9.47266E-01,2.92969E-02
-9.9300432E-01,9.86328E-01,6.83594E-02
-9.9298584E-01,9.66797E-01,6.83594E-02
-9.9296736E-01,9.86328E-01,2.92969E-02
-9.9294888E-01,1.02539E+00,9.76562E-03
-9.9293040E-01,9.47266E-01,4.88281E-02
-9.9291192E-01,8.88672E-01,4.88281E-02
-9.9289344E-01,8.88672E-01,4.88281E-02
-9.9287496E-01,1.00586E+00,4.88281E-02
-9.9285648E-01,8.69141E-01,4.88281E-02
-9.9283800E-01,9.66797E-01,2.92969E-02
-9.9281952E-01,8.88672E-01,4.88281E-02
-9.9280104E-01,1.02539E+00,9.76562E-03
-9.9278256E-01,9.27734E-01,4.88281E-02
-9.9276408E-01,9.86328E-01,4.88281E-02
-9.9274560E-01,9.86328E-01,2.92969E-02
-9.9272712E-01,9.47266E-01,9.76562E-03
-9.9270864E-01,9.27734E-01,9.76562E-03
-9.9269016E-01,9.66797E-01,8.78906E-02
-9.9267168E-01,8.88672E-01,4.88281E-02
-9.9265320E-01,1.00586E+00,2.92969E-02
-9.9263472E-01,9.47266E-01,2.92969E-02
-9.9261624E-01,9.86328E-01,9.76562E-03
-9.9259776E-01,1.00586E+00,2.92969E-02
-9.9257928E-01,9.86328E-01,-9.76562E-03
-9.9256080E-01,9.47266E-01,1.26953E-01
-9.9254232E-01,1.04492E+00,-9.76562E-03
-9.9252384E-01,9.86328E-01,4.88281E-02
-9.9250536E-01,1.00586E+00,-9.76562E-03
-9.9248688E-01,9.27734E-01,4.88281E-02
-9.9246840E-01,9.47266E-01,9.76562E-03
-9.9244992E-01,9.86328E-01,4.88281E-02
-9.9243144E-01,1.04492E+00,6.83594E-02
-9.9241296E-01,9.66797E-01,9.76562E-03
-9.9239448E-01,9.47266E-01,9.76562E-03
-9.9237600E-01,9.86328E-01,2.92969E-02
-9.9235752E-01,9.47266E-01,4.88281E-02
-9.9233904E-01,9.66797E-01,4.88281E-02
-9.9232056E-01,9.86328E-01,9.76562E-03
-9.9230208E-01,9.27734E-01,6.83594E-02
-9.9228360E-01,9.66797E-01,9.76562E-03
-9.9226512E-01,9.27734E-01,-9.76562E-03
-9.9224664E-01,9.47266E-01,6.83594E-02
-9.9222816E-01,1.00586E+00,6.83594E-02
-9.9220968E-01,9.66797E-01,9.76562E-03
-9.9219120E-01,9.66797E-01,6.83594E-02
-9.9217272E-01,9.47266E-01,2.92969E-02
-9.9215424E-01,9.27734E-01,4.88281E-02
-9.9213576E-01,9.86328E-01,4.88281E-02
-9.9211728E-01,1.00586E+00,2.92969E-02
-9.9209880E-01,1.02539E+00,4.88281E-02
-9.9208032E-01,9.08203E-01,8.78906E-02
-9.9206184E-01,1.00586E+00,4.88281E-02
-9.9204336E-01,9.27734E-01,4.88281E-02
-9.9202488E-01,9.47266E-01,9.76562E-03
-9.9200640E-01,9.47266E-01,6.83594E-02
-9.9198792E-01,1.00586E+00,2.92969E-02
-9.9196944E-01,9.66797E-01,2.92969E-02
-9.9195096E-01,1.00586E+00,4.88281E-02
-9.9193248E-01,9.47266E-01,2.92969E-02
-9.9191400E-01,1.00586E+00,2.92969E-02
-9.9189552E-01,9.66797E-01,9.76562E-03
-9.9187704E-01,9.86328E-01,4.88281E-02
-9.9185856E-01,9.66797E-01,9.76562E-03
-9.9184008E-01,9.47266E-01,9.76562E-03
-9.9182160E-01,9.08203E-01,2.92969E-02
-9.9180312E-01,9.86328E-01,9.76562E-03
-9.9178464E-01,9.27734E-01,4.88281E-02
-9.9176616E-01,9.66797E-01,4.88281E-02
-9.9174768E-01,9.66797E-01,9.76562E-03
-9.9172920E-01,9.27734E-01,4.88281E-02
-9.9171072E-01,1.00586E+00,2.92969E-02
-9.9169224E-01,9.66797E-01,2.92969E-02
-9.9167376E-01,9.86328E-01,6.83594E-02
-9.9165528E-01,9.66797E-01,2.92969E-02
-9.9163680E-01,9.66797E-01,2.92969E-02
-9.9161832E-01,9.66797E-01,2.92969E-02
-9.9159984E-01,9.27734E-01,9.76562E-03
-9.9158136E-01,9.86328E-01,9.76562E-03
-9.9156288E-01,9.66797E-01,2.92969E-02
-9.9154440E-01,1.00586E+00,4.88281E-02
-9.9152592E-01,9.66797E-01,-2.92969E-02
-9.9150744E-01,8.88672E-01,4.88281E-02
-9.9148896E-01,9.08203E-01,4.88281E-02
-9.9147048E-01,9.08203E-01,-2.92969E-02
-9.9145200E-01,9.27734E-01,2.92969E-02
-9.9143352E-01,9.47266E-01,-2.92969E-02
-9.9141504E-01,8.88672E-01,6.83594E-02
-9.9139656E-01,1.00586E+00,9.76562E-03
-9.9137808E-01,9.08203E-01,6.83594E-02
-9.9135960E-01,9.27734E-01,2.92969E-02
-9.9134112E-01,9.66797E-01,2.92969E-02
-9.9132264E-01,9.47266E-01,-2.92969E-02
-9.9130416E-01,9.47266E-01,4.88281E-02
-9.9128568E-01,9.86328E-01,-9.76562E-03
-9.9126720E-01,9.47266E-01,9.76562E-03
-9.9124872E-01,9.66797E-01,4.88281E-02
-9.9123024E-01,9.86328E-01,6.83594E-02
-9.9121176E-01,9.86328E-01,4.88281E-02
-9.9119328E-01,9.66797E-01,4.88281E-02
-9.9117480E-01,9.27734E-01,4.88281E-02
-9.9115632E-01,1.00586E+00,6.83594E-02
-9.9113784E-01,9.66797E-01,4.88281E-02
-9.9111936E-01,1.00586E+00,6.83594E-02
-9.9110088E-01,9.66797E-01,4.88281E-02
-9.9108240E-01,9.66797E-01,2.92969E-02
-9.9106392E-01,9.86328E-01,9.76562E-03
-9.9104544E-01,9.47266E-01,2.92969E-02
-9.9102696E-01,8.69141E-01,2.92969E-02
-9.9100848E-01,9.27734E-01,4.88281E-02
-9.9099000E-01,1.02539E+00,8.78906E-02
-9.9097152E-01,1.00586E+00,6.83594E-02
-9.9095304E-01,9.86328E-01,2.92969E-02
-9.9093456E-01,9.66797E-01,4.88281E-02
-9.9091608E-01,1.00586E+00,9.76562E-03
-9.9089760E-01,1.00586E+00,4.88281E-02
-9.9087912E-01,9.66797E-01,-9.76562E-03
-9.9086064E-01,9.86328E-01,4.88281E-02
-9.9084216E-01,8.69141E-01,9.76562E-03
-9.9082368E-01,9.66797E-01,6.83594E-02
-9.9080520E-01,9.86328E-01,9.76562E-03
-9.9078672E-01,9.86328E-01,2.92969E-02
-9.9076824E-01,9.27734E-01,6.83594E-02
-9.9074976E-01,9.47266E-01,6.83594E-02
-9.9073128E-01,1.04492E+00,9.76562E-03
-9.9071280E-01,9.66797E-01,2.92969E-02
-9.9069432E-01,1.00586E+00,-2.92969E-02
-9.9067584E-01,9.86328E-01,2.92969E-02
-9.9065736E-01,9.27734E-01,-2.92969E-02
-9.9063888E-01,9.27734E-01,4.88281E-02
-9.9062040E-01,1.00586E+00,9.76562E-03
-9.9060192E-01,9.47266E-01,2.92969E-02
-9.9058344E-01,9.66797E-01,9.76562E-03
-9.9056496E-01,9.47266E-01,6.83594E-02
-9.9054648E-01,1.02539E+00,6.83594E-02
-9.9052800E-01,9.86328E-01,4.88281E-02
-9.9050952E-01,9.86328E-01,1.26953E-01
-9.9049104E-01,9.27734E-01,8.78906E-02
-9.9047256E-01,9.47266E-01,6.83594E-02
-9.9045408E-01,1.00586E+00,4.88281E-02
-9.9043560E-01,9.86328E-01,4.88281E-02
-9.9041712E-01,9.27734E-01,-9.76562E-03
-9.9039864E-01,9.86328E-01,-2.92969E-02
-9.9038016E-01,9.27734E-01,4.88281E-02
-9.9036168E-01,1.02539E+00,4.88281E-02
-9.9034320E-01,9.47266E-01,2.92969E-02
-9.9032472E-01,1.00586E+00,2.92969E-02
-9.9030624E-01,9.86328E-01,2.92969E-02
-9.9028776E-01,1.02539E+00,2.92969E-02
-9.9026928E-01,9.47266E-01,6.83594E-02
-9.9025080E-01,1.00586E+00,9.76562E-03
-9.9023232E-01,9.86328E-01,4.88281E-02
-9.9021384E-01,1.00586E+00,4.88281E-02
-9.9019536E-01,9.47266E-01,2.92969E-02
-9.9017688E-01,1.00586E+00,6.83594E-02
-9.9015840E-01,9.47266E-01,6.83594E-02
-9.9013992E-01,1.02539E+00,9.76562E-03
-9.9012144E-01,9.66797E-01,2.92969E-02
-9.9010296E-01,9.27734E-01,2.92969E-02
-9.9008448E-01,9.66797E-01,2.92969E-02
-9.9006600E-01,9.86328E-01,2.92969E-02
-9.9004752E-01,9.66797E-01,6.83594E-02
-9.9002904E-01,1.04492E+00,2.92969E-02
-9.9001056E-01,9.27734E-01,6.83594E-02
-9.8999208E-01,9.66797E-01,9.76562E-03
-9.8997360E-01,8.88672E-01,2.92969E-02
-9.8995512E-01,9.47266E-01,4.88281E-02
-9.8993664E-01,9.47266E-01,2.92969E-02
-9.8991816E-01,1.04492E+00,9.76562E-03
-9.8989968E-01,9.47266E-01,2.92969E-02
-9.8988120E-01,9.86328E-01,-6.83594E-02
-9.8986272E-01,9.66797E-01,4.88281E-02
-9.8984424E-01,9.47266E-01,9.76562E-03
-9.8982576E-01,9.66797E-01,2.92969E-02
-9.8980728E-01,9.86328E-01,9.76562E-03
-9.8978880E-01,8.88672E-01,2.92969E-02
-9.8977032E-01,9.86328E-01,9.76562E-03
-9.8975184E-01,8.88672E-01,4.88281E-02
-9.8973336E-01,1.02539E+00,2.92969E-02
-9.8971488E-01,9.27734E-01,8.78906E-02
-9.8969640E-01,9.27734E-01,2.92969E-02
-9.8967792E-01,8.69141E-01,6.83594E-02
-9.8965944E-01,9.27734E-01,-2.92969E-02
-9.8964096E-01,9.47266E-01,6.83594E-02
-9.8962248E-01,1.00586E+00,2.92969E-02
-9.8960400E-01,9.27734E-01,6.83594E-02
-9.8958552E-01,9.86328E-01,2.92969E-02
-9.8956704E-01,9.27734E-01,2.92969E-02
-9.8954856E-01,9.66797E-01,-9.76562E-03
-9.8953008E-01,9.08203E-01,9.76562E-03
-9.8951160E-01,1.00586E+00,9.76562E-03
-9.8949312E-01,1.00586E+00,6.83594E-02
-9.8947464E-01,9.86328E-01,4.88281E-02
-9.8945616E-01,9.27734E-01,2.92969E-02
-9.8943768E-01,9.66797E-01,4.88281E-02
-9.8941920E-01,9.47266E-01,-9.76562E-03
-9.8940072E-01,9.66797E-01,-4.88281E-02
-9.8938224E-01,9.86328E-01,6.83594E-02
-9.8936376E-01,9.66797E-01,4.88281E-02
-9.8934528E-01,9.66797E-01,4.88281E-02
-9.8932680E-01,1.02539E+00,9.76562E-03
-9.8930832E-01,1.00586E+00,6.83594E-02
-9.8928984E-01,9.86328E-01,6.83594E-02
-9.8927136E-01,8.88672E-01,6.83594E-02
-9.8925288E-01,9.27734E-01,-9.76562E-03
-9.8923440E-01,9.27734E-01,4.88281E-02
-9.8921592E-01,1.00586E+00,2.92969E-02
-9.8919744E-01,1.00586E+00,2.92969E-02
-9.8917896E-01,9.66797E-01,4.88281E-02
-9.8916048E-01,8.88672E-01,9.76562E-03
-9.8914200E-01,9.86328E-01,6.83594E-02
-9.8912352E-01,9.08203E-01,4.88281E-02
-9.8910504E-01,9.47266E-01,2.92969E-02
-9.8908656E-01,9.27734E-01,4.88281E-02
-9.8906808E-01,9.27734E-01,4.88281E-02
-9.8904960E-01,9.47266E-01,2.92969E-02
-9.8903112E-01,9.66797E-01,4.88281E-02
-9.8901264E-01,9.27734E-01,9.76562E-03
-9.8899416E-01,9.66797E-01,6.83594E-02
-9.8897568E-01,8.88672E-01,6.83594E-02
-9.8895720E-01,1.00586E+00,2.92969E-02
-9.8893872E-01,9.27734E-01,8.78906E-02
-9.8892024E-01,1.00586E+00,9.76562E-03
-9.8890176E-01,9.66797E-01,-9.76562E-03
-9.8888328E-01,1.04492E+00,6.83594E-02
-9.8886480E-01,9.08203E-01,2.92969E-02
-9.8884632E-01,1.00586E+00,6.83594E-02
-9.8882784E-01,1.00586E+00,2.92969E-02
-9.8880936E-01,9.66797E-01,2.92969E-02
-9.8879088E-01,9.08203E-01,9.76562E-03
-9.8877240E-01,9.86328E-01,2.92969E-02
-9.8875392E-01,9.47266E-01,2.92969E-02
-9.8873544E-01,9.47266E-01,4.88281E-02
-9.8871696E-01,9.27734E-01,2.92969E-02
-9.8869848E-01,9.86328E-01,2.92969E-02
-9.8868000E-01,9.27734E-01,-2.92969E-02
-9.8866152E-01,9.86328E-01,-4.88281E-02
-9.8864304E-01,9.47266E-01,8.78906E-02
-9.8862456E-01,1.02539E+00,-9.76562E-03
-9.8860608E-01,9.86328E-01,2.92969E-02
-9.8858760E-01,1.00586E+00,9.76562E-03
-9.8856912E-01,1.02539E+00,2.92969E-02
-9.8855064E-01,1.00586E+00,2.92969E-02
-9.8853216E-01,9.86328E-01,4.88281E-02
-9.8851368E-01,9.47266E-01,2.92969E-02
-9.8849520E-01,1.04492E+00,4.88281E-02
-9.8847672E-01,1.02539E+00,6.83594E-02
-9.8845824E-01,8.88672E-01,4.88281E-02
-9.8843976E-01,9.47266E-01,-2.92969E-02
-9.8842128E-01,9.66797E-01,8.78906E-02
-9.8840280E-01,1.04492E+00,4.88281E-02
-9.8838432E-01,9.47266E-01,4.88281E-02
-9.8836584E-01,9.47266E-01,-2.92969E-02
-9.8834736E-01,1.00586E+00,4.88281E-02
-9.8832888E-01,1.02539E+00,2.92969E-02
-9.8831040E-01,9.47266E-01,4.88281E-02
-9.8829192E-01,9.47266E-01,2.92969E-02
-9.8827344E-01,9.27734E-01,9.76562E-03
-9.8825496E-01,1.04492E+00,9.76562E-03
-9.8823648E-01,9.08203E-01,4.88281E-02
-9.8821800E-01,1.00586E+00,6.83594E-02
-9.8819952E-01,9.86328E-01,4.88281E-02
-9.8818104E-01,1.00586E+00,-9.76562E-03
-9.8816256E-01,9.66797E-01,6.83594E-02
-9.8814408E-01,9.27734E-01,4.88281E-02
-9.8812560E-01,9.27734E-01,4.88281E-02
-9.8810712E-01,1.06445E+00,4.88281E-02
-9.8808864E-01,1.02539E+00,2.92969E-02
-9.8807016E-01,9.66797E-01,9.76562E-03
-9.8805168E-01,9.66797E-01,9.76562E-03
-9.8803320E-01,9.86328E-01,4.88281E-02
-9.8801472E-01,9.86328E-01,6.83594E-02
-9.8799624E-01,9.66797E-01,4.88281E-02
-9.8797776E-01,9.66797E-01,9.76562E-03
-9.8795928E-01,9.86328E-01,9.76562E-03
-9.8794080E-01,9.47266E-01,2.92969E-02
-9.8792232E-01,9.47266E-01,2.92969E-02
-9.8790384E-01,1.00586E+00,9.76562E-03
-9.8788536E-01,1.02539E+00,4.88281E-02
-9.8786688E-01,9.27734E-01,4.88281E-02
-9.8784840E-01,1.02539E+00,9.76562E-03
-9.8782992E-01,9.27734E-01,9.76562E-03
-9.8781144E-01,9.66797E-01,2.92969E-02
-9.8779296E-01,9.86328E-01,6.83594E-02
-9.8777448E-01,1.00586E+00,4.88281E-02
-9.8775600E-01,9.27734E-01,2.92969E-02
-9.8773752E-01,9.27734E-01,-9.76562E-03
-9.8771904E-01,9.47266E-01,1.07422E-01
-9.8770056E-01,9.86328E-01,9.76562E-03
-9.8768208E-01,9.47266E-01,6.83594E-02
-9.8766360E-01,9.66797E-01,9.76562E-03
-9.8764512E-01,9.08203E-01,4.88281E-02
-9.8762664E-01,9.86328E-01,2.92969E-02
-9.8760816E-01,1.00586E+00,4.88281E-02
-9.8758968E-01,9.08203E-01,6.83594E-02
-9.8757120E-01,9.08203E-01,6.83594E-02
-9.8755272E-01,9.86328E-01,9.76562E-03
-9.8753424E-01,9.66797E-01,2.92969E-02
-9.8751576E-01,9.86328E-01,-9.76562E-03
-9.8749728E-01,9.86328E-01,2.92969E-02
-9.8747880E-01,9.86328E-01,9.76562E-03
-9.8746032E-01,1.00586E+00,8.78906E-02
-9.8744184E-01,1.04492E+00,4.88281E-02
-9.8742336E-01,9.66797E-01,4.88281E-02
-9.8740488E-01,1.04492E+00,-9.76562E-03
-9.8738640E-01,9.27734E-01,2.92969E-02
-9.8736792E-01,1.00586E+00,2.92969E-02
-9.8734944E-01,9.08203E-01,6.83594E-02
-9.8733096E-01,1.00586E+00,-9.76562E-03
-9.8731248E-01,9.47266E-01,4.88281E-02
-9.8729400E-01,9.66797E-01,9.76562E-03
-9.8727552E-01,1.00586E+00,9.76562E-03
-9.8725704E-01,1.02539E+00,2.92969E-02
-9.8723856E-01,1.10352E+00,6.83594E-02
-9.8722008E-01,1.00586E+00,9.76562E-03
-9.8720160E-01,9.47266E-01,4.88281E-02
-9.8718312E-01,1.02539E+00,6.83594E-02
-9.8716464E-01,1.02539E+00,1.07422E-01
-9.8714616E-01,1.00586E+00,2.92969E-02
-9.8712768E-01,9.47266E-01,6.83594E-02
-9.8710920E-01,1.00586E+00,-2.92969E-02
-9.8709072E-01,9.27734E-01,1.46484E-01
-9.8707224E-01,9.86328E-01,9.76562E-03
-9.8705376E-01,9.08203E-01,4.88281E-02
-9.8703528E-01,1.02539E+00,2.92969E-02
-9.8701680E-01,9.27734E-01,9.76562E-03
-9.8699832E-01,9.47266E-01,9.76562E-03
-9.8697984E-01,1.00586E+00,2.92969E-02
-9.8696136E-01,1.06445E+00,9.76562E-03
-9.8694288E-01,9.47266E-01,2.92969E-02
-9.8692440E-01,1.00586E+00,4.88281E-02
-9.8690592E-01,9.86328E-01,4.88281E-02
-9.8688744E-01,1.00586E+00,2.92969E-02
-9.8686896E-01,9.47266E-01,4.88281E-02
-9.8685048E-01,9.86328E-01,2.92969E-02
-9.8683200E-01,1.00586E+00,2.92969E-02
-9.8681352E-01,1.00586E+00,9.76562E-03
-9.8679504E-01,9.86328E-01,4.88281E-02
-9.8677656E-01,1.04492E+00,-9.76562E-03
-9.8675808E-01,9.86328E-01,6.83594E-02
-9.8673960E-01,1.02539E+00,2.92969E-02
-9.8672112E-01,1.00586E+00,9.76562E-03
-9.8670264E-01,9.86328E-01,2.92969E-02
-9.8668416E-01,9.86328E-01,6.83594E-02
-9.8666568E-01,9.86328E-01,9.76562E-03
-9.8664720E-01,9.47266E-01,4.88281E-02
-9.8662872E-01,9.27734E-01,-4.88281E-02
-9.8661024E-01,9.47266E-01,9.76562E-03
-9.8659176E-01,1.00586E+00,-9.76562E-03
-9.8657328E-01,9.27734E-01,2.92969E-02
-9.8655480E-01,1.00586E+00,2.92969E-02
-9.8653632E-01,9.27734E-01,4.88281E-02
-9.8651784E-01,9.27734E-01,-9.76562E-03
-9.8649936E-01,9.86328E-01,6.83594E-02
-9.8648088E-01,9.86328E-01,4.88281E-02
-9.8646240E-01,1.04492E+00,4.88281E-02
-9.8644392E-01,9.27734E-01,4.88281E-02
-9.8642544E-01,1.00586E+00,4.88281E-02
-9.8640696E-01,1.02539E+00,9.76562E-03
-9.8638848E-01,1.02539E+00,9.76562E-03
-9.8637000E-01,1.00586E+00,9.76562E-03
-9.8635152E-01,9.66797E-01,6.83594E-02
-9.8633304E-01,1.00586E+00,4.88281E-02
-9.8631456E-01,9.27734E-01,2.92969E-02
-9.8629608E-01,1.04492E+00,6.83594E-02
-9.8627760E-01,1.00586E+00,9.76562E-03
-9.8625912E-01,9.86328E-01,9.76562E-03
-9.8624064E-01,9.47266E-01,8.78906E-02
-9.8622216E-01,9.86328E-01,4.88281E-02
-9.8620368E-01,9.08203E-01,2.92969E-02
-9.8618520E-01,9.66797E-01,9.76562E-03
-9.8616672E-01,9.27734E-01,9.76562E-03
-9.8614824E-01,1.00586E+00,2.92969E-02
-9.8612976E-01,1.02539E+00,2.92969E-02
-9.8611128E-01,1.02539E+00,2.92969E-02
-9.8609280E-01,9.66797E-01,2.92969E-02
-9.8607432E-01,1.06445E+00,-2.92969E-02
-9.8605584E-01,1.06445E+00,4.88281E-02
-9.8603736E-01,1.04492E+00,2.92969E-02
-9.8601888E-01,1.00586E+00,6.83594E-02
-9.8600040E-01,9.66797E-01,2.92969E-02
-9.8598192E-01,9.47266E-01,9.76562E-03
-9.8596344E-01,1.00586E+00,-6.83594E-02
-9.8594496E-01,9.86328E-01,2.92969E-02
-9.8592648E-01,1.04492E+00,2.92969E-02
-9.8590800E-01,9.47266E-01,4.88281E-02
-9.8588952E-01,1.00586E+00,2.92969E-02
-9.8587104E-01,1.00586E+00,8.78906E-02
-9.8585256E-01,1.04492E+00,9.76562E-03
-9.8583408E-01,1.04492E+00,4.88281E-02
-9.8581560E-01,1.00586E+00,-2.92969E-02
-9.8579712E-01,9.86328E-01,2.92969E-02
-9.8577864E-01,1.00586E+00,6.83594E-02
-9.8576016E-01,9.47266E-01,4.88281E-02
-9.8574168E-01,1.02539E+00,2.92969E-02
-9.8572320E-01,9.27734E-01,6.83594E-02
-9.8570472E-01,9.66797E-01,6.83594E-02
-9.8568624E-01,9.86328E-01,-9.76562E-03
-9.8566776E-01,9.47266E-01,2.92969E-02
-9.8564928E-01,1.00586E+00,2.92969E-02
-9.8563080E-01,1.02539E+00,-9.76562E-03
-9.8561232E-01,1.00586E+00,4.88281E-02
-9.8559384E-01,9.47266E-01,2.92969E-02
-9.8557536E-01,1.00586E+00,6.83594E-02
-9.8555688E-01,1.00586E+00,2.92969E-02
-9.8553840E-01,1.00586E+00,6.83594E-02
-9.8551992E-01,1.08398E+00,9.76562E-03
-9.8550144E-01,9.66797E-01,9.76562E-03
-9.8548296E-01,1.04492E+00,2.92969E-02
-9.8546448E-01,1.00586E+00,6.83594E-02
-9.8544600E-01,1.02539E+00,2.92969E-02
-9.8542752E-01,1.00586E+00,2.92969E-02
-9.8540904E-01,9.66797E-01,2.92969E-02
-9.8539056E-01,9.86328E-01,2.92969E-02
-9.8537208E-01,9.47266E-01,9.76562E-03
-9.8535360E-01,9.47266E-01,4.88281E-02
-9.8533512E-01,1.00586E+00,4.88281E-02
-9.8531664E-01,1.06445E+00,4.88281E-02
-9.8529816E-01,1.04492E+00,2.92969E-02
-9.8527968E-01,9.08203E-01,9.76562E-03
-9.8526120E-01,1.02539E+00,9.76562E-03
-9.8524272E-01,9.27734E-01,2.92969E-02
-9.8522424E-01,1.06445E+00,-2.92969E-02
-9.8520576E-01,9.27734E-01,2.92969E-02
-9.8518728E-01,1.02539E+00,4.88281E-02
-9.8516880E-01,1.00586E+00,9.76562E-03
-9.8515032E-01,1.00586E+00,9.76562E-03
-9.8513184E-01,9.86328E-01,8.78906E-02
-9.8511336E-01,9.47266E-01,2.92969E-02
-9.8509488E-01,1.00586E+00,6.83594E-02
-9.8507640E-01,1.00586E+00,9.76562E-03
-9.8505792E-01,9.86328E-01,9.76562E-03
-9.8503944E-01,1.00586E+00,2.92969E-02
-9.8502096E-01,1.06445E+00,9.76562E-03
-9.8500248E-01,1.08398E+00,6.83594E-02
-9.8498400E-01,9.47266E-01,4.88281E-02
-9.8496552E-01,1.00586E+00,4.88281E-02
-9.8494704E-01,9.27734E-01,2.92969E-02
-9.8492856E-01,1.02539E+00,9.76562E-03
-9.8491008E-01,9.47266E-01,4.88281E-02
-9.8489160E-01,1.06445E+00,-9.76562E-03
-9.8487312E-01,1.00586E+00,2.92969E-02
-9.8485464E-01,9.86328E-01,9.76562E-03
-9.8483616E-01,1.06445E+00,4.88281E-02
-9.8481768E-01,1.00586E+00,6.83594E-02
-9.8479920E-01,9.27734E-01,8.78906E-02
-9.8478072E-01,9.86328E-01,9.76562E-03
-9.8476224E-01,9.27734E-01,4.88281E-02
-9.8474376E-01,1.00586E+00,4.88281E-02
-9.8472528E-01,9.47266E-01,1.07422E-01
-9.8470680E-01,1.00586E+00,2.92969E-02
-9.8468832E-01,1.00586E+00,6.83594E-02
-9.8466984E-01,1.00586E+00,9.76562E-03
-9.8465136E-01,9.27734E-01,6.83594E-02
-9.8463288E-01,9.47266E-01,4.88281E-02
-9.8461440E-01,9.86328E-01,2.92969E-02
-9.8459592E-01,9.86328E-01,2.92969E-02
-9.8457744E-01,1.00586E+00,6.83594E-02
-9.8455896E-01,1.02539E+00,9.76562E-03
-9.8454048E-01,1.00586E+00,9.76562E-03
-9.8452200E-01,1.00586E+00,2.92969E-02
-9.8450352E-01,1.00586E+00,4.88281E-02
-9.8448504E-01,9.66797E-01,9.76562E-03
-9.8446656E-01,9.08203E-01,6.83594E-02
-9.8444808E-01,9.27734E-01,9.76562E-03
-9.8442960E-01,9.08203E-01,9.76562E-03
-9.8441112E-01,9.86328E-01,9.76562E-03
-9.8439264E-01,9.27734E-01,1.26953E-01
-9.8437416E-01,1.00586E+00,6.83594E-02
-9.8435568E-01,1.00586E+00,4.88281E-02
-9.8433720E-01,9.86328E-01,4.88281E-02
-9.8431872E-01,9.86328E-01,-9.76562E-03
-9.8430024E-01,9.86328E-01,2.92969E-02
-9.8428176E-01,9.86328E-01,9.76562E-03
-9.8426328E-01,9.66797E-01,2.92969E-02
-9.8424480E-01,9.66797E-01,2.92969E-02
-9.8422632E-01,1.02539E+00,9.76562E-03
-9.8420784E-01,9.66797E-01,2.92969E-02
-9.8418936E-01,9.86328E-01,-6.83594E-02
-9.8417088E-01,9.66797E-01,2.92969E-02
-9.8415240E-01,1.06445E+00,4.88281E-02
-9.8413392E-01,1.00586E+00,6.83594E-02
-9.8411544E-01,9.86328E-01,4.88281E-02
-9.8409696E-01,9.47266E-01,9.76562E-03
-9.8407848E-01,1.02539E+00,2.92969E-02
-9.8406000E-01,9.86328E-01,6.83594E-02
-9.8404152E-01,9.66797E-01,9.76562E-03
-9.8402304E-01,1.00586E+00,-6.83594E-02
-9.8400456E-01,1.00586E+00,-9.76562E-03
-9.8398608E-01,9.86328E-01,6.83594E-02
-9.8396760E-01,1.02539E+00,2.92969E-02
-9.8394912E-01,1.02539E+00,2.92969E-02
-9.8393064E-01,1.00586E+00,9.76562E-03
-9.8391216E-01,1.00586E+00,1.26953E-01
-9.8389368E-01,1.02539E+00,9.76562E-03
-9.8387520E-01,1.00586E+00,4.88281E-02
-9.8385672E-01,1.06445E+00,9.76562E-03
-9.8383824E-01,9.66797E-01,4.88281E-02
-9.8381976E-01,1.02539E+00,-9.76562E-03
-9.8380128E-01,1.00586E+00,1.07422E-01
-9.8378280E-01,1.00586E+00,2.92969E-02
-9.8376432E-01,9.47266E-01,4.88281E-02
-9.8374584E-01,9.27734E-01,-2.92969E-02
-9.8372736E-01,1.02539E+00,4.88281E-02
-9.8370888E-01,1.12305E+00,-9.76562E-03
-9.8369040E-01,1.00586E+00,2.92969E-02
-9.8367192E-01,9.66797E-01,4.88281E-02
-9.8365344E-01,1.04492E+00,1.07422E-01
-9.8363496E-01,1.00586E+00,-2.92969E-02
-9.8361648E-01,9.47266E-01,2.92969E-02
-9.8359800E-01,9.47266E-01,2.92969E-02
-9.8357952E-01,1.00586E+00,4.88281E-02
-9.8356104E-01,1.06445E+00,2.92969E-02
-9.8354256E-01,1.02539E+00,4.88281E-02
-9.8352408E-01,1.02539E+00,-9.76562E-03
-9.8350560E-01,1.00586E+00,9.76562E-03
-9.8348712E-01,1.00586E+00,2.92969E-02
-9.8346864E-01,1.04492E+00,4.88281E-02
-9.8345016E-01,9.86328E-01,4.88281E-02
-9.8343168E-01,9.66797E-01,2.92969E-02
-9.8341320E-01,9.66797E-01,4.88281E-02
-9.8339472E-01,1.00586E+00,2.92969E-02
-9.8337624E-01,1.02539E+00,9.76562E-03
-9.8335776E-01,1.00586E+00,8.78906E-02
-9.8333928E-01,1.00586E+00,2.92969E-02
-9.8332080E-01,1.00586E+00,2.92969E-02
-9.8330232E-01,1.04492E+00,9.76562E-03
-9.8328384E-01,9.47266E-01,2.92969E-02
-9.8326536E-01,1.02539E+00,-9.76562E-03
-9.8324688E-01,1.02539E+00,9.76562E-03
-9.8322840E-01,9.86328E-01,-9.76562E-03
-9.8320992E-01,9.47266E-01,9.76562E-03
-9.8319144E-01,1.04492E+00,-9.76562E-03
-9.8317296E-01,1.04492E+00,9.76562E-03
-9.8315448E-01,1.02539E+00,9.76562E-03
-9.8313600E-01,1.04492E+00,9.76562E-03
-9.8311752E-01,9.27734E-01,-9.76562E-03
-9.8309904E-01,9.86328E-01,-9.76562E-03
-9.8308056E-01,9.47266E-01,-9.76562E-03
-9.8306208E-01,1.04492E+00,2.92969E-02
-9.8304360E-01,1.06445E+00,-9.76562E-03
-9.8302512E-01,9.47266E-01,4.88281E-02
-9.8300664E-01,1.00586E+00,9.76562E-03
-9.8298816E-01,9.66797E-01,4.88281E-02
-9.8296968E-01,1.02539E+00,4.88281E-02
-9.8295120E-01,9.66797E-01,6.83594E-02
-9.8293272E-01,1.00586E+00,2.92969E-02
-9.8291424E-01,1.00586E+00,2.92969E-02
-9.8289576E-01,1.02539E+00,4.88281E-02
-9.8287728E-01,9.86328E-01,6.83594E-02
-9.8285880E-01,9.86328E-01,9.76562E-03
-9.8284032E-01,1.02539E+00,6.83594E-02
-9.8282184E-01,9.66797E-01,9.76562E-03
-9.8280336E-01,9.47266E-01,8.78906E-02
-9.8278488E-01,9.66797E-01,-9.76562E-03
-9.8276640E-01,9.47266E-01,4.88281E-02
-9.8274792E-01,9.47266E-01,2.92969E-02
-9.8272944E-01,9.47266E-01,6.83594E-02
-9.8271096E-01,1.04492E+00,9.76562E-03
-9.8269248E-01,9.86328E-01,4.88281E-02
-9.8267400E-01,9.86328E-01,9.76562E-03
-9.8265552E-01,9.27734E-01,6.83594E-02
-9.8263704E-01,9.86328E-01,4.88281E-02
-9.8261856E-01,9.66797E-01,-9.76562E-03
-9.8260008E-01,9.66797E-01,8.78906E-02
-9.8258160E-01,9.66797E-01,2.92969E-02
-9.8256312E-01,1.04492E+00,6.83594E-02
-9.8254464E-01,9.86328E-01,2.92969E-02
-9.8252616E-01,1.06445E+00,9.76562E-03
-9.8250768E-01,9.47266E-01,6.83594E-02
-9.8248920E-01,1.00586E+00,9.76562E-03
-9.8247072E-01,9.66797E-01,6.83594E-02
-9.8245224E-01,9.47266E-01,2.92969E-02
-9.8243376E-01,9.27734E-01,4.88281E-02
-9.8241528E-01,9.86328E-01,9.76562E-03
-9.8239680E-01,1.00586E+00,2.92969E-02
-9.8237832E-01,9.47266E-01,-9.76562E-03
-9.8235984E-01,9.47266E-01,2.92969E-02
-9.8234136E-01,1.00586E+00,8.78906E-02
-9.8232288E-01,1.00586E+00,6.83594E-02
-9.8230440E-01,1.00586E+00,4.88281E-02
-9.8228592E-01,9.66797E-01,9.76562E-03
-9.8226744E-01,1.00586E+00,9.76562E-03
-9.8224896E-01,9.47266E-01,6.83594E-02
-9.8223048E-01,1.02539E+00,9.76562E-03
-9.8221200E-01,1.06445E+00,9.76562E-03
-9.8219352E-01,1.06445E+00,9.76562E-03
-9.8217504E-01,9.47266E-01,9.76562E-03
-9.8215656E-01,1.00586E+00,6.83594E-02
-9.8213808E-01,1.00586E+00,6.83594E-02
-9.8211960E-01,9.47266E-01,9.76562E-03
-9.8210112E-01,9.47266E-01,2.92969E-02
-9.8208264E-01,9.66797E-01,2.92969E-02
-9.8206416E-01,9.47266E-01,6.83594E-02
-9.8204568E-01,1.02539E+00,6.83594E-02
-9.8202720E-01,9.27734E-01,4.88281E-02
-9.8200872E-01,1.02539E+00,6.83594E-02
-9.8199024E-01,9.86328E-01,2.92969E-02
-9.8197176E-01,1.00586E+00,9.76562E-03
-9.8195328E-01,1.02539E+00,9.76562E-03
-9.8193480E-01,1.04492E+00,2.92969E-02
-9.8191632E-01,1.00586E+00,9.76562E-03
-9.8189784E-01,9.66797E-01,2.92969E-02
-9.8187936E-01,1.00586E+00,9.76562E-03
-9.8186088E-01,1.02539E+00,4.88281E-02
-9.8184240E-01,9.66797E-01,4.88281E-02
-9.8182392E-01,1.06445E+00,6.83594E-02
-9.8180544E-01,1.02539E+00,9.76562E-03
-9.8178696E-01,1.06445E+00,2.92969E-02
-9.8176848E-01,9.27734E-01,2.92969E-02
-9.8175000E-01,1.02539E+00,4.88281E-02
-9.8173152E-01,1.04492E+00,9.76562E-03
-9.8171304E-01,9.86328E-01,-2.92969E-02
-9.8169456E-01,9.66797E-01,4.88281E-02
-9.8167608E-01,9.86328E-01,6.83594E-02
-9.8165760E-01,1.00586E+00,6.83594E-02
-9.8163912E-01,1.00586E+00,-9.76562E-03
-9.8162064E-01,9.86328E-01,2.92969E-02
-9.8160216E-01,1.02539E+00,-9.76562E-03
-9.8158368E-01,9.86328E-01,9.76562E-03
-9.8156520E-01,1.02539E+00,9.76562E-03
-9.8154672E-01,9.66797E-01,4.88281E-02
-9.8152824E-01,1.06445E+00,9.76562E-03
-9.8150976E-01,9.66797E-01,4.88281E-02
-9.8149128E-01,1.02539E+00,1.07422E-01
-9.8147280E-01,1.00586E+00,1.07422E-01
-9.8145432E-01,1.06445E+00,4.88281E-02
-9.8143584E-01,1.00586E+00,2.92969E-02
-9.8141736E-01,9.86328E-01,4.88281E-02
-9.8139888E-01,1.02539E+00,4.88281E-02
-9.8138040E-01,9.86328E-01,-2.92969E-02
-9.8136192E-01,1.02539E+00,2.92969E-02
-9.8134344E-01,1.04492E+00,2.92969E-02
-9.8132496E-01,1.00586E+00,6.83594E-02
-9.8130648E-01,9.47266E-01,9.76562E-03
-9.8128800E-01,1.02539E+00,9.76562E-03
-9.8126952E-01,9.86328E-01,-9.76562E-03
-9.8125104E-01,9.86328E-01,9.76562E-03
-9.8123256E-01,1.02539E+00,9.76562E-03
-9.8121408E-01,9.86328E-01,9.76562E-03
-9.8119560E-01,1.02539E+00,9.76562E-03
-9.8117712E-01,1.00586E+00,6.83594E-02
-9.8115864E-01,1.02539E+00,-9.76562E-03
-9.8114016E-01,9.66797E-01,4.88281E-02
-9.8112168E-01,1.04492E+00,9.76562E-03
-9.8110320E-01,1.02539E+00,6.83594E-02
-9.8108472E-01,1.00586E+00,9.76562E-03
-9.8106624E-01,1.00586E+00,9.76562E-03
-9.8104776E-01,1.04492E+00,6.83594E-02
-9.8102928E-01,9.47266E-01,6.83594E-02
-9.8101080E-01,1.04492E+00,-2.92969E-02
-9.8099232E-01,9.86328E-01,4.88281E-02
-9.8097384E-01,9.86328E-01,9.76562E-03
-9.8095536E-01,9.86328E-01,9.76562E-03
-9.8093688E-01,1.02539E+00,9.76562E-03
-9.8091840E-01,9.27734E-01,9.76562E-03
-9.8089992E-01,9.86328E-01,4.88281E-02
-9.8088144E-01,1.02539E+00,6.83594E-02
-9.8086296E-01,1.06445E+00,9.76562E-03
-9.8084448E-01,9.27734E-01,9.76562E-03
-9.8082600E-01,9.86328E-01,9.76562E-03
-9.8080752E-01,9.86328E-01,6.83594E-02
-9.8078904E-01,9.47266E-01,4.88281E-02
-9.8077056E-01,9.66797E-01,2.92969E-02
-9.8075208E-01,1.00586E+00,2.92969E-02
-9.8073360E-01,1.00586E+00,2.92969E-02
-9.8071512E-01,1.04492E+00,-4.88281E-02
-9.8069664E-01,9.66797E-01,2.92969E-02
-9.8067816E-01,1.00586E+00,9.76562E-03
-9.8065968E-01,1.00586E+00,-9.76562E-03
-9.8064120E-01,1.00586E+00,6.83594E-02
-9.8062272E-01,9.66797E-01,9.76562E-03
-9.8060424E-01,1.02539E+00,-9.76562E-03
-9.8058576E-01,9.27734E-01,1.07422E-01
-9.8056728E-01,9.86328E-01,-9.76562E-03
-9.8054880E-01,1.04492E+00,9.76562E-03
-9.8053032E-01,1.02539E+00,2.92969E-02
-9.8051184E-01,1.02539E+00,4.88281E-02
-9.8049336E-01,1.02539E+00,2.92969E-02
-9.8047488E-01,1.02539E+00,6.83594E-02
-9.8045640E-01,1.02539E+00,4.88281E-02
-9.8043792E-01,1.04492E+00,1.07422E-01
-9.8041944E-01,1.04492E+00,9.76562E-03
-9.8040096E-01,1.04492E+00,4.88281E-02
-9.8038248E-01,1.00586E+00,4.88281E-02
-9.8036400E-01,1.00586E+00,9.76562E-03
-9.8034552E-01,1.04492E+00,9.76562E-03
-9.8032704E-01,1.00586E+00,9.76562E-03
-9.8030856E-01,1.04492E+00,2.92969E-02
-9.8029008E-01,9.66797E-01,1.07422E-01
-9.8027160E-01,1.02539E+00,2.92969E-02
-9.8025312E-01,1.06445E+00,4.88281E-02
-9.8023464E-01,1.02539E+00,4.88281E-02
-9.8021616E-01,9.27734E-01,6.83594E-02
-9.8019768E-01,9.66797E-01,2.92969E-02
-9.8017920E-01,9.66797E-01,2.92969E-02
-9.8016072E-01,1.00586E+00,4.88281E-02
-9.8014224E-01,1.00586E+00,2.92969E-02
-9.8012376E-01,1.04492E+00,4.88281E-02
-9.8010528E-01,9.47266E-01,2.92969E-02
-9.8008680E-01,1.00586E+00,4.88281E-02
-9.8006832E-01,1.00586E+00,2.92969E-02
-9.8004984E-01,1.06445E+00,9.76562E-03
-9.8003136E-01,9.86328E-01,4.88281E-02
-9.8001288E-01,1.04492E+00,4.88281E-02
-9.7999440E-01,9.66797E-01,4.88281E-02
-9.7997592E-01,1.00586E+00,9.76562E-03
-9.7995744E-01,9.47266E-01,9.76562E-03
-9.7993896E-01,1.06445E+00,-4.88281E-02
-9.7992048E-01,1.00586E+00,6.83594E-02
-9.7990200E-01,1.02539E+00,6.83594E-02
-9.7988352E-01,1.02539E+00,2.92969E-02
-9.7986504E-01,9.86328E-01,-9.76562E-03
-9.7984656E-01,1.04492E+00,6.83594E-02
-9.7982808E-01,1.08398E+00,4.88281E-02
-9.7980960E-01,9.47266E-01,6.83594E-02
-9.7979112E-01,1.04492E+00,-9.76562E-03
-9.7977264E-01,9.66797E-01,4.88281E-02
-9.7975416E-01,1.00586E+00,9.76562E-03
-9.7973568E-01,1.00586E+00,6.83594E-02
-9.7971720E-01,1.02539E+00,-4.88281E-02
-9.7969872E-01,9.27734E-01,6.83594E-02
-9.7968024E-01,9.86328E-01,2.92969E-02
-9.7966176E-01,9.47266E-01,6.83594E-02
-9.7964328E-01,9.27734E-01,9.76562E-03
-9.7962480E-01,9.86328E-01,2.92969E-02
-9.7960632E-01,1.06445E+00,4.88281E-02
-9.7958784E-01,1.02539E+00,8.78906E-02
-9.7956936E-01,1.04492E+00,6.83594E-02
-9.7955088E-01,1.04492E+00,9.76562E-03
-9.7953240E-01,1.00586E+00,2.92969E-02
-9.7951392E-01,1.00586E+00,9.76562E-03
-9.7949544E-01,1.06445E+00,2.92969E-02
-9.7947696E-01,1.04492E+00,6.83594E-02
-9.7945848E-01,9.47266E-01,6.83594E-02
-9.7944000E-01,9.47266E-01,4.88281E-02
-9.7942152E-01,1.00586E+00,4.88281E-02
-9.7940304E-01,1.02539E+00,2.92969E-02
-9.7938456E-01,1.06445E+00,8.78906E-02
-9.7936608E-01,9.66797E-01,6.83594E-02
-9.7934760E-01,1.00586E+00,2.92969E-02
-9.7932912E-01,1.02539E+00,1.07422E-01
-9.7931064E-01,1.06445E+00,4.88281E-02
-9.7929216E-01,9.47266E-01,6.83594E-02
-9.7927368E-01,1.04492E+00,2.92969E-02
-9.7925520E-01,9.27734E-01,-2.92969E-02
-9.7923672E-01,1.04492E+00,4.88281E-02
-9.7921824E-01,9.66797E-01,6.83594E-02
-9.7919976E-01,9.86328E-01,-9.76562E-03
-9.7918128E-01,9.86328E-01,4.88281E-02
-9.7916280E-01,1.06445E+00,9.76562E-03
-9.7914432E-01,1.00586E+00,2.92969E-02
-9.7912584E-01,1.00586E+00,9.76562E-03
-9.7910736E-01,9.66797E-01,1.07422E-01
-9.7908888E-01,1.02539E+00,9.76562E-03
-9.7907040E-01,9.66797E-01,1.07422E-01
-9.7905192E-01,1.12305E+00,4.88281E-02
-9.7903344E-01,1.00586E+00,2.92969E-02
-9.7901496E-01,1.02539E+00,-9.76562E-03
-9.7899648E-01,9.08203E-01,6.83594E-02
-9.7897800E-01,1.06445E+00,2.92969E-02
-9.7895952E-01,1.00586E+00,9.76562E-03
-9.7894104E-01,1.06445E+00,-9.76562E-03
-9.7892256E-01,9.86328E-01,6.83594E-02
-9.7890408E-01,1.04492E+00,-9.76562E-03
-9.7888560E-01,9.86328E-01,4.88281E-02
-9.7886712E-01,9.66797E-01,2.92969E-02
-9.7884864E-01,1.00586E+00,1.26953E-01
-9.7883016E-01,1.04492E+00,-2.92969E-02
-9.7881168E-01,1.02539E+00,9.76562E-03
-9.7879320E-01,1.04492E+00,9.76562E-03
-9.7877472E-01,9.86328E-01,9.76562E-03
-9.7875624E-01,1.06445E+00,4.88281E-02
-9.7873776E-01,1.00586E+00,9.76562E-03
-9.7871928E-01,1.02539E+00,2.92969E-02
-9.7870080E-01,1.02539E+00,4.88281E-02
-9.7868232E-01,1.06445E+00,-2.92969E-02
-9.7866384E-01,1.06445E+00,9.76562E-03
-9.7864536E-01,1.04492E+00,2.92969E-02
-9.7862688E-01,1.00586E+00,6.83594E-02
-9.7860840E-01,1.04492E+00,6.83594E-02
-9.7858992E-01,1.02539E+00,2.92969E-02
-9.7857144E-01,1.00586E+00,4.88281E-02
-9.7855296E-01,9.86328E-01,6.83594E-02
-9.7853448E-01,1.04492E+00,2.92969E-02
-9.7851600E-01,1.02539E+00,1.07422E-01
-9.7849752E-01,1.02539E+00,4.88281E-02
-9.7847904E-01,9.27734E-01,4.88281E-02
-9.7846056E-01,1.04492E+00,2.92969E-02
-9.7844208E-01,1.00586E+00,4.88281E-02
-9.7842360E-01,1.06445E+00,9.76562E-03
-9.7840512E-01,9.66797E-01,4.88281E-02
-9.7838664E-01,1.02539E+00,2.92969E-02
-9.7836816E-01,1.00586E+00,2.92969E-02
-9.7834968E-01,9.86328E-01,-9.76562E-03
-9.7833120E-01,1.00586E+00,4.88281E-02
-9.7831272E-01,1.02539E+00,4.88281E-02
-9.7829424E-01,1.02539E+00,1.07422E-01
-9.7827576E-01,9.66797E-01,4.88281E-02
-9.7825728E-01,9.27734E-01,4.88281E-02
-9.7823880E-01,9.86328E-01,9.76562E-03
-9.7822032E-01,1.00586E+00,4.88281E-02
-9.7820184E-01,1.00586E+00,9.76562E-03
-9.7818336E-01,9.66797E-01,2.92969E-02
-9.7816488E-01,1.04492E+00,4.88281E-02
-9.7814640E-01,1.02539E+00,6.83594E-02
-9.7812792E-01,9.86328E-01,9.76562E-03
-9.7810944E-01,9.47266E-01,6.83594E-02
-9.7809096E-01,9.47266E-01,-9.76562E-03
-9.7807248E-01,9.27734E-01,1.26953E-01
-9.7805400E-01,1.02539E+00,2.92969E-02
-9.7803552E-01,1.02539E+00,4.88281E-02
-9.7801704E-01,9.86328E-01,4.88281E-02
-9.7799856E-01,9.47266E-01,2.92969E-02
-9.7798008E-01,9.66797E-01,-2.92969E-02
-9.7796160E-01,1.00586E+00,4.88281E-02
-9.7794312E-01,9.66797E-01,4.88281E-02
-9.7792464E-01,9.47266E-01,4.88281E-02
-9.7790616E-01,1.00586E+00,2.92969E-02
-9.7788768E-01,9.86328E-01,9.76562E-03
-9.7786920E-01,1.02539E+00,2.92969E-02
-9.7785072E-01,1.04492E+00,4.88281E-02
-9.7783224E-01,1.02539E+00,2.92969E-02
-9.7781376E-01,9.86328E-01,2.92969E-02
-9.7779528E-01,1.04492E+00,2.92969E-02
-9.7777680E-01,1.00586E+00,4.88281E-02
-9.7775832E-01,1.06445E+00,6.83594E-02
-9.7773984E-01,1.02539E+00,8.78906E-02
-9.7772136E-01,1.04492E+00,2.92969E-02
-9.7770288E-01,1.02539E+00,4.88281E-02
-9.7768440E-01,1.04492E+00,9.76562E-03
-9.7766592E-01,1.00586E+00,1.07422E-01
-9.7764744E-01,9.86328E-01,6.83594E-02
-9.7762896E-01,1.00586E+00,9.76562E-03
-9.7761048E-01,9.86328E-01,-9.76562E-03
-9.7759200E-01,1.08398E+00,-9.76562E-03
-9.7757352E-01,1.00586E+00,9.76562E-03
-9.7755504E-01,1.00586E+00,2.92969E-02
-9.7753656E-01,1.02539E+00,6.83594E-02
-9.7751808E-01,1.04492E+00,1.07422E-01
-9.7749960E-01,1.08398E+00,-9.76562E-03
-9.7748112E-01,1.02539E+00,2.92969E-02
-9.7746264E-01,9.86328E-01,2.92969E-02
-9.7744416E-01,1.04492E+00,9.76562E-03
-9.7742568E-01,1.04492E+00,-9.76562E-03
-9.7740720E-01,9.86328E-01,9.76562E-03
-9.7738872E-01,1.02539E+00,2.92969E-02
-9.7737024E-01,1.00586E+00,1.07422E-01
-9.7735176E-01,1.00586E+00,4.88281E-02
-9.7733328E-01,1.04492E+00,4.88281E-02
-9.7731480E-01,9.47266E-01,6.83594E-02
-9.7729632E-01,9.47266E-01,6.83594E-02
-9.7727784E-01,1.06445E+00,9.76562E-03
-9.7725936E-01,1.02539E+00,-2.92969E-02
-9.7724088E-01,9.86328E-01,-2.92969E-02
-9.7722240E-01,1.04492E+00,6.83594E-02
-9.7720392E-01,1.02539E+00,2.92969E-02
-9.7718544E-01,1.00586E+00,2.92969E-02
-9.7716696E-01,1.02539E+00,9.76562E-03
-9.7714848E-01,1.02539E+00,6.83594E-02
-9.7713000E-01,1.00586E+00,9.76562E-03
-9.7711152E-01,9.08203E-01,6.83594E-02
-9.7709304E-01,1.02539E+00,2.92969E-02
-9.7707456E-01,1.04492E+00,6.83594E-02
-9.7705608E-01,1.00586E+00,4.88281E-02
-9.7703760E-01,9.47266E-01,6.83594E-02
-9.7701912E-01,1.02539E+00,4.88281E-02
-9.7700064E-01,1.00586E+00,4.88281E-02
-9.7698216E-01,1.06445E+00,9.76562E-03
-9.7696368E-01,9.86328E-01,4.88281E-02
-9.7694520E-01,1.00586E+00,9.76562E-03
-9.7692672E-01,1.04492E+00,9.76562E-03
-9.7690824E-01,1.00586E+00,2.92969E-02
-9.7688976E-01,9.47266E-01,6.83594E-02
-9.7687128E-01,1.00586E+00,9.76562E-03
-9.7685280E-01,1.04492E+00,6.83594E-02
-9.7683432E-01,1.02539E+00,9.76562E-03
-9.7681584E-01,1.02539E+00,-9.76562E-03
-9.7679736E-01,1.02539E+00,-9.76562E-03
-9.7677888E-01,9.86328E-01,2.92969E-02
-9.7676040E-01,1.06445E+00,-6.83594E-02
-9.7674192E-01,1.02539E+00,9.76562E-03
-9.7672344E-01,9.66797E-01,4.88281E-02
-9.7670496E-01,1.00586E+00,2.92969E-02
-9.7668648E-01,1.08398E+00,-4.88281E-02
-9.7666800E-01,1.02539E+00,4.88281E-02
-9.7664952E-01,1.00586E+00,2.92969E-02
-9.7663104E-01,1.04492E+00,4.88281E-02
-9.7661256E-01,1.06445E+00,2.92969E-02
-9.7659408E-01,1.00586E+00,4.88281E-02
-9.7657560E-01,1.04492E+00,4.88281E-02
-9.7655712E-01,1.04492E+00,6.83594E-02
-9.7653864E-01,1.04492E+00,4.88281E-02
-9.7652016E-01,1.08398E+00,8.78906E-02
-9.7650168E-01,1.02539E+00,6.83594E-02
-9.7648320E-01,1.00586E+00,4.88281E-02
-9.7646472E-01,1.04492E+00,-2.92969E-02
-9.7644624E-01,9.66797E-01,6.83594E-02
-9.7642776E-01,1.02539E+00,9.76562E-03
-9.7640928E-01,1.02539E+00,6.83594E-02
-9.7639080E-01,1.06445E+00,4.88281E-02
-9.7637232E-01,1.00586E+00,6.83594E-02
-9.7635384E-01,1.06445E+00,-9.76562E-03
-9.7633536E-01,9.66797E-01,9.76562E-03
-9.7631688E-01,9.47266E-01,9.76562E-03
-9.7629840E-01,1.06445E+00,9.76562E-03
-9.7627992E-01,1.04492E+00,4.88281E-02
-9.7626144E-01,1.00586E+00,6.83594E-02
-9.7624296E-01,1.06445E+00,2.92969E-02
-9.7622448E-01,9.66797E-01,2.92969E-02
-9.7620600E-01,1.04492E+00,9.76562E-03
-9.7618752E-01,1.00586E+00,6.83594E-02
-9.7616904E-01,1.02539E+00,4.88281E-02
-9.7615056E-01,1.06445E+00,9.76562E-03
-9.7613208E-01,1.06445E+00,4.88281E-02
-9.7611360E-01,1.04492E+00,2.92969E-02
-9.7609512E-01,1.04492E+00,9.76562E-03
-9.7607664E-01,1.00586E+00,4.88281E-02
-9.7605816E-01,9.47266E-01,9.76562E-03
-9.7603968E-01,1.00586E+00,4.88281E-02
-9.7602120E-01,1.06445E+00,9.76562E-03
-9.7600272E-01,1.02539E+00,6.83594E-02
-9.7598424E-01,1.02539E+00,9.76562E-03
-9.7596576E-01,1.02539E+00,4.88281E-02
-9.7594728E-01,1.06445E+00,2.92969E-02
-9.7592880E-01,9.47266E-01,2.92969E-02
-9.7591032E-01,1.00586E+00,9.76562E-03
-9.7589184E-01,1.00586E+00,1.26953E-01
-9.7587336E-01,1.02539E+00,6.83594E-02
-9.7585488E-01,1.10352E+00,9.76562E-03
-9.7583640E-01,1.02539E+00,-9.76562E-03
-9.7581792E-01,9.27734E-01,9.76562E-03
-9.7579944E-01,1.02539E+00,4.88281E-02
-9.7578096E-01,9.86328E-01,-9.76562E-03
-9.7576248E-01,1.00586E+00,6.83594E-02
-9.7574400E-01,1.08398E+00,6.83594E-02
-9.7572552E-01,1.00586E+00,9.76562E-03
-9.7570704E-01,1.04492E+00,9.76562E-03
-9.7568856E-01,1.00586E+00,9.76562E-03
-9.7567008E-01,1.00586E+00,9.76562E-03
-9.7565160E-01,1.00586E+00,9.76562E-03
-9.7563312E-01,9.08203E-01,9.76562E-03
-9.7561464E-01,1.02539E+00,9.76562E-03
-9.7559616E-01,9.66797E-01,4.88281E-02
-9.7557768E-01,9.47266E-01,4.88281E-02
-9.7555920E-01,1.00586E+00,6.83594E-02
-9.7554072E-01,9.86328E-01,-9.76562E-03
-9.7552224E-01,1.00586E+00,4.88281E-02
-9.7550376E-01,1.00586E+00,9.76562E-03
-9.7548528E-01,9.66797E-01,2.92969E-02
-9.7546680E-01,1.06445E+00,-9.76562E-03
-9.7544832E-01,9.27734E-01,2.92969E-02
-9.7542984E-01,1.02539E+00,2.92969E-02
-9.7541136E-01,1.04492E+00,2.92969E-02
-9.7539288E-01,1.04492E+00,9.76562E-03
-9.7537440E-01,1.00586E+00,8.78906E-02
-9.7535592E-01,1.08398E+00,6.83594E-02
-9.7533744E-01,9.27734E-01,6.83594E-02
-9.7531896E-01,1.02539E+00,2.92969E-02
-9.7530048E-01,9.66797E-01,6.83594E-02
-9.7528200E-01,1.06445E+00,2.92969E-02
-9.7526352E-01,1.02539E+00,2.92969E-02
-9.7524504E-01,9.27734E-01,2.92969E-02
-9.7522656E-01,1.00586E+00,2.92969E-02
-9.7520808E-01,1.00586E+00,6.83594E-02
-9.7518960E-01,1.02539E+00,6.83594E-02
-9.7517112E-01,1.00586E+00,9.76562E-03
-9.7515264E-01,1.00586E+00,6.83594E-02
-9.7513416E-01,1.04492E+00,4.88281E-02
-9.7511568E-01,9.47266E-01,4.88281E-02
-9.7509720E-01,1.04492E+00,-9.76562E-03
-9.7507872E-01,1.00586E+00,2.92969E-02
-9.7506024E-01,1.00586E+00,2.92969E-02
-9.7504176E-01,1.00586E+00,9.76562E-03
-9.7502328E-01,1.00586E+00,4.88281E-02
-9.7500480E-01,9.66797E-01,2.92969E-02
-9.7498632E-01,1.04492E+00,6.83594E-02
-9.7496784E-01,1.06445E+00,2.92969E-02
-9.7494936E-01,1.00586E+00,4.88281E-02
-9.7493088E-01,1.04492E+00,2.92969E-02
-9.7491240E-01,1.06445E+00,-9.76562E-03
-9.7489392E-01,9.86328E-01,4.88281E-02
-9.7487544E-01,1.04492E+00,9.76562E-03
-9.7485696E-01,9.66797E-01,2.92969E-02
-9.7483848E-01,1.04492E+00,4.88281E-02
-9.7482000E-01,1.06445E+00,4.88281E-02
-9.7480152E-01,1.02539E+00,4.88281E-02
-9.7478304E-01,9.86328E-01,2.92969E-02
-9.7476456E-01,1.04492E+00,4.88281E-02
-9.7474608E-01,1.00586E+00,4.88281E-02
-9.7472760E-01,1.06445E+00,9.76562E-03
-9.7470912E-01,9.66797E-01,-2.92969E-02
-9.7469064E-01,1.02539E+00,2.92969E-02
-9.7467216E-01,9.47266E-01,9.76562E-03
-9.7465368E-01,1.06445E+00,2.92969E-02
-9.7463520E-01,1.00586E+00,1.07422E-01
-9.7461672E-01,1.02539E+00,-9.76562E-03
-9.7459824E-01,1.00586E+00,9.76562E-03
-9.7457976E-01,1.06445E+00,9.76562E-03
-9.7456128E-01,1.08398E+00,2.92969E-02
-9.7454280E-01,1.02539E+00,4.88281E-02
-9.7452432E-01,1.00586E+00,-2.92969E-02
-9.7450584E-01,1.00586E+00,9.76562E-03
-9.7448736E-01,9.86328E-01,6.83594E-02
-9.7446888E-01,1.00586E+00,2.92969E-02
-9.7445040E-01,9.66797E-01,2.92969E-02
-9.7443192E-01,1.04492E+00,-9.76562E-03
-9.7441344E-01,1.00586E+00,9.76562E-03
-9.7439496E-01,1.02539E+00,4.88281E-02
-9.7437648E-01,9.86328E-01,1.07422E-01
-9.7435800E-01,1.02539E+00,9.76562E-03
-9.7433952E-01,1.06445E+00,2.92969E-02
-9.7432104E-01,1.06445E+00,4.88281E-02
-9.7430256E-01,1.06445E+00,2.92969E-02
-9.7428408E-01,1.02539E+00,2.92969E-02
-9.7426560E-01,1.04492E+00,9.76562E-03
-9.7424712E-01,1.02539E+00,-4.88281E-02
-9.7422864E-01,1.00586E+00,9.76562E-03
-9.7421016E-01,1.02539E+00,4.88281E-02
-9.7419168E-01,1.00586E+00,2.92969E-02
-9.7417320E-01,1.12305E+00,4.88281E-02
-9.7415472E-01,1.06445E+00,2.92969E-02
-9.7413624E-01,1.02539E+00,9.76562E-03
-9.7411776E-01,1.04492E+00,9.76562E-03
-9.7409928E-01,1.02539E+00,-9.76562E-03
-9.7408080E-01,1.02539E+00,9.76562E-03
-9.7406232E-01,1.06445E+00,-9.76562E-03
-9.7404384E-01,1.04492E+00,2.92969E-02
-9.7402536E-01,1.02539E+00,9.76562E-03
-9.7400688E-01,1.00586E+00,9.76562E-03
-9.7398840E-01,1.04492E+00,2.92969E-02
-9.7396992E-01,9.66797E-01,6.83594E-02
-9.7395144E-01,1.02539E+00,-9.76562E-03
-9.7393296E-01,9.86328E-01,8.78906E-02
-9.7391448E-01,1.02539E+00,-9.76562E-03
-9.7389600E-01,1.00586E+00,9.76562E-03
-9.7387752E-01,1.08398E+00,4.88281E-02
-9.7385904E-01,1.08398E+00,8.78906E-02
-9.7384056E-01,1.02539E+00,2.92969E-02
-9.7382208E-01,1.02539E+00,-4.88281E-02
-9.7380360E-01,1.00586E+00,2.92969E-02
-9.7378512E-01,1.04492E+00,6.83594E-02
-9.7376664E-01,1.02539E+00,4.88281E-02
-9.7374816E-01,1.02539E+00,2.92969E-02
-9.7372968E-01,1.04492E+00,-4.88281E-02
-9.7371120E-01,1.00586E+00,8.78906E-02
-9.7369272E-01,9.66797E-01,4.88281E-02
-9.7367424E-01,1.00586E+00,4.88281E-02
-9.7365576E-01,1.00586E+00,4.88281E-02
-9.7363728E-01,1.00586E+00,4.88281E-02
-9.7361880E-01,1.14258E+00,2.92969E-02
-9.7360032E-01,9.86328E-01,6.83594E-02
-9.7358184E-01,9.66797E-01,2.92969E-02
-9.7356336E-01,9.86328E-01,9.76562E-03
-9.7354488E-01,1.04492E+00,9.76562E-03
-9.7352640E-01,1.00586E+00,6.83594E-02
-9.7350792E-01,1.02539E+00,2.92969E-02
-9.7348944E-01,9.86328E-01,4.88281E-02
-9.7347096E-01,1.02539E+00,6.83594E-02
-9.7345248E-01,9.66797E-01,6.83594E-02
-9.7343400E-01,1.06445E+00,9.76562E-03
-9.7341552E-01,1.04492E+00,4.88281E-02
-9.7339704E-01,1.02539E+00,6.83594E-02
-9.7337856E-01,1.10352E+00,6.83594E-02
-9.7336008E-01,1.04492E+00,9.76562E-03
-9.7334160E-01,9.47266E-01,2.92969E-02
-9.7332312E-01,1.02539E+00,4.88281E-02
-9.7330464E-01,9.86328E-01,9.76562E-03
-9.7328616E-01,1.02539E+00,4.88281E-02
-9.7326768E-01,9.86328E-01,-2.92969E-02
-9.7324920E-01,1.00586E+00,-9.76562E-03
-9.7323072E-01,1.06445E+00,-2.92969E-02
-9.7321224E-01,9.66797E-01,9.76562E-03
-9.7319376E-01,1.04492E+00,4.88281E-02
-9.7317528E-01,1.02539E+00,4.88281E-02
-9.7315680E-01,1.00586E+00,9.76562E-03
-9.7313832E-01,1.06445E+00,-9.76562E-03
-9.7311984E-01,1.04492E+00,4.88281E-02
-9.7310136E-01,1.06445E+00,4.88281E-02
-9.7308288E-01,1.00586E+00,4.88281E-02
-9.7306440E-01,1.08398E+00,2.92969E-02
-9.7304592E-01,1.06445E+00,4.88281E-02
-9.7302744E-01,1.04492E+00,2.92969E-02
-9.7300896E-01,1.00586E+00,2.92969E-02
-9.7299048E-01,1.04492E+00,2.92969E-02
-9.7297200E-01,1.06445E+00,1.26953E-01
-9.7295352E-01,1.04492E+00,9.76562E-03
-9.7293504E-01,1.04492E+00,6.83594E-02
-9.7291656E-01,1.06445E+00,2.92969E-02
-9.7289808E-01,1.00586E+00,8.78906E-02
-9.7287960E-01,1.06445E+00,6.83594E-02
-9.7286112E-01,1.00586E+00,4.88281E-02
-9.7284264E-01,1.04492E+00,4.88281E-02
-9.7282416E-01,1.02539E+00,2.92969E-02
-9.7280568E-01,1.04492E+00,4.88281E-02
-9.7278720E-01,9.47266E-01,2.92969E-02
-9.7276872E-01,1.06445E+00,6.83594E-02
-9.7275024E-01,9.86328E-01,2.92969E-02
-9.7273176E-01,1.02539E+00,-2.92969E-02
-9.7271328E-01,9.66797E-01,2.92969E-02
-9.7269480E-01,1.12305E+00,2.92969E-02
-9.7267632E-01,9.47266E-01,2.92969E-02
-9.7265784E-01,1.00586E+00,4.88281E-02
-9.7263936E-01,9.27734E-01,2.92969E-02
-9.7262088E-01,1.02539E+00,-9.76562E-03
-9.7260240E-01,1.08398E+00,4.88281E-02
-9.7258392E-01,1.02539E+00,-9.76562E-03
-9.7256544E-01,9.66797E-01,4.88281E-02
-9.7254696E-01,1.02539E+00,2.92969E-02
-9.7252848E-01,1.02539E+00,-9.76562E-03
-9.7251000E-01,1.04492E+00,6.83594E-02
-9.7249152E-01,9.66797E-01,6.83594E-02
-9.7247304E-01,1.02539E+00,9.76562E-03
-9.7245456E-01,1.00586E+00,2.92969E-02
-9.7243608E-01,1.04492E+00,2.92969E-02
-9.7241760E-01,1.06445E+00,6.83594E-02
-9.7239912E-01,1.10352E+00,9.76562E-03
-9.7238064E-01,1.02539E+00,8.78906E-02
-9.7236216E-01,1.02539E+00,4.88281E-02
-9.7234368E-01,1.08398E+00,6.83594E-02
-9.7232520E-01,1.06445E+00,4.88281E-02
-9.7230672E-01,1.06445E+00,2.92969E-02
-9.7228824E-01,1.06445E+00,-9.76562E-03
-9.7226976E-01,1.06445E+00,9.76562E-03
-9.7225128E-01,1.02539E+00,4.88281E-02
-9.7223280E-01,1.06445E+00,4.88281E-02
-9.7221432E-01,1.04492E+00,4.88281E-02
-9.7219584E-01,1.06445E+00,2.92969E-02
-9.7217736E-01,1.08398E+00,2.92969E-02
-9.7215888E-01,1.06445E+00,6.83594E-02
-9.7214040E-01,1.02539E+00,4.88281E-02
-9.7212192E-01,1.00586E+00,4.88281E-02
-9.7210344E-01,1.00586E+00,4.88281E-02
-9.7208496E-01,1.02539E+00,-9.76562E-03
-9.7206648E-01,1.04492E+00,2.92969E-02
-9.7204800E-01,1.08398E+00,9.76562E-03
-9.7202952E-01,1.02539E+00,4.88281E-02
-9.7201104E-01,1.02539E+00,4.88281E-02
-9.7199256E-01,1.08398E+00,-4.88281E-02
-9.7197408E-01,1.02539E+00,6.83594E-02
-9.7195560E-01,1.04492E+00,2.92969E-02
-9.7193712E-01,1.02539E+00,1.07422E-01
-9.7191864E-01,1.04492E+00,9.76562E-03
-9.7190016E-01,1.04492E+00,4.88281E-02
-9.7188168E-01,1.02539E+00,4.88281E-02
-9.7186320E-01,9.66797E-01,6.83594E-02
-9.7184472E-01,1.04492E+00,2.92969E-02
-9.7182624E-01,1.00586E+00,-4.88281E-02
-9.7180776E-01,1.02539E+00,-9.76562E-03
-9.7178928E-01,9.47266E-01,9.76562E-03
-9.7177080E-01,1.06445E+00,4.88281E-02
-9.7175232E-01,1.04492E+00,1.07422E-01
-9.7173384E-01,1.00586E+00,9.76562E-03
-9.7171536E-01,1.02539E+00,9.76562E-03
-9.7169688E-01,1.06445E+00,6.83594E-02
-9.7167840E-01,1.02539E+00,9.76562E-03
-9.7165992E-01,1.02539E+00,4.88281E-02
-9.7164144E-01,1.06445E+00,2.92969E-02
-9.7162296E-01,1.08398E+00,9.76562E-03
-9.7160448E-01,1.02539E+00,4.88281E-02
-9.7158600E-01,1.04492E+00,9.76562E-03
-9.7156752E-01,1.04492E+00,4.88281E-02
-9.7154904E-01,1.06445E+00,9.76562E-03
-9.7153056E-01,1.02539E+00,2.92969E-02
-9.7151208E-01,1.00586E+00,2.92969E-02
-9.7149360E-01,1.00586E+00,4.88281E-02
-9.7147512E-01,1.02539E+00,6.83594E-02
-9.7145664E-01,1.12305E+00,4.88281E-02
-9.7143816E-01,1.04492E+00,9.76562E-03
-9.7141968E-01,1.00586E+00,6.83594E-02
-9.7140120E-01,1.08398E+00,9.76562E-03
-9.7138272E-01,1.00586E+00,6.83594E-02
-9.7136424E-01,1.06445E+00,-9.76562E-03
-9.7134576E-01,1.02539E+00,6.83594E-02
-9.7132728E-01,1.02539E+00,6.83594E-02
-9.7130880E-01,9.86328E-01,2.92969E-02
-9.7129032E-01,1.06445E+00,4.88281E-02
-9.7127184E-01,1.06445E+00,9.76562E-03
-9.7125336E-01,1.02539E+00,2.92969E-02
-9.7123488E-01,1.04492E+00,4.88281E-02
-9.7121640E-01,1.00586E+00,-9.76562E-03
-9.7119792E-01,1.02539E+00,4.88281E-02
-9.7117944E-01,1.02539E+00,4.88281E-02
-9.7116096E-01,1.04492E+00,9.76562E-03
-9.7114248E-01,1.04492E+00,9.76562E-03
-9.7112400E-01,1.04492E+00,2.92969E-02
-9.7110552E-01,1.08398E+00,6.83594E-02
-9.7108704E-01,1.00586E+00,2.92969E-02
-9.7106856E-01,1.00586E+00,9.76562E-03
-9.7105008E-01,1.00586E+00,9.76562E-03
-9.7103160E-01,1.06445E+00,4.88281E-02
-9.7101312E-01,1.04492E+00,2.92969E-02
-9.7099464E-01,1.06445E+00,9.76562E-03
-9.7097616E-01,9.66797E-01,2.92969E-02
-9.7095768E-01,1.02539E+00,-6.83594E-02
-9.7093920E-01,1.00586E+00,6.83594E-02
-9.7092072E-01,1.00586E+00,6.83594E-02
-9.7090224E-01,9.66797E-01,6.83594E-02
-9.7088376E-01,1.04492E+00,2.92969E-02
-9.7086528E-01,1.04492E+00,6.83594E-02
-9.7084680E-01,1.06445E+00,9.76562E-03
-9.7082832E-01,1.16211E+00,4.88281E-02
-9.7080984E-01,1.02539E+00,2.92969E-02
-9.7079136E-01,1.04492E+00,2.92969E-02
-9.7077288E-01,1.12305E+00,4.88281E-02
-9.7075440E-01,1.04492E+00,4.88281E-02
-9.7073592E-01,1.06445E+00,-2.92969E-02
-9.7071744E-01,9.86328E-01,4.88281E-02
-9.7069896E-01,1.10352E+00,9.76562E-03
-9.7068048E-01,9.86328E-01,4.88281E-02
-9.7066200E-01,1.04492E+00,2.92969E-02
-9.7064352E-01,1.08398E+00,2.92969E-02
-9.7062504E-01,1.08398E+00,2.92969E-02
-9.7060656E-01,1.04492E+00,9.76562E-03
-9.7058808E-01,1.08398E+00,4.88281E-02
-9.7056960E-01,1.00586E+00,2.92969E-02
-9.7055112E-01,1.04492E+00,-9.76562E-03
-9.7053264E-01,1.00586E+00,1.07422E-01
-9.7051416E-01,1.02539E+00,4.88281E-02
-9.7049568E-01,1.04492E+00,6.83594E-02
-9.7047720E-01,9.86328E-01,6.83594E-02
-9.7045872E-01,9.86328E-01,2.92969E-02
-9.7044024E-01,1.00586E+00,2.92969E-02
-9.7042176E-01,1.02539E+00,4.88281E-02
-9.7040328E-01,1.04492E+00,-9.76562E-03
-9.7038480E-01,9.86328E-01,9.76562E-03
-9.7036632E-01,1.06445E+00,2.92969E-02
-9.7034784E-01,1.06445E+00,1.07422E-01
-9.7032936E-01,9.66797E-01,2.92969E-02
-9.7031088E-01,1.00586E+00,2.92969E-02
-9.7029240E-01,1.12305E+00,2.92969E-02
-9.7027392E-01,1.02539E+00,-4.88281E-02
-9.7025544E-01,1.06445E+00,9.76562E-03
-9.7023696E-01,1.04492E+00,2.92969E-02
-9.7021848E-01,1.04492E+00,-9.76562E-03
-9.7020000E-01,1.00586E+00,6.83594E-02
-9.7018152E-01,9.86328E-01,2.92969E-02
-9.7016304E-01,9.86328E-01,4.88281E-02
-9.7014456E-01,1.06445E+00,4.88281E-02
-9.7012608E-01,1.00586E+00,4.88281E-02
-9.7010760E-01,1.10352E+00,9.76562E-03
-9.7008912E-01,9.86328E-01,6.83594E-02
-9.7007064E-01,1.08398E+00,2.92969E-02
-9.7005216E-01,1.04492E+00,-9.76562E-03
-9.7003368E-01,1.04492E+00,2.92969E-02
-9.7001520E-01,1.04492E+00,4.88281E-02
-9.6999672E-01,1.04492E+00,9.76562E-03
-9.6997824E-01,1.06445E+00,-9.76562E-03
-9.6995976E-01,1.06445E+00,4.88281E-02
-9.6994128E-01,1.06445E+00,2.92969E-02
-9.6992280E-01,1.08398E+00,4.88281E-02
-9.6990432E-01,1.04492E+00,4.88281E-02
-9.6988584E-01,1.16211E+00,6.83594E-02
-9.6986736E-01,1.00586E+00,6.83594E-02
-9.6984888E-01,1.06445E+00,-9.76562E-03
-9.6983040E-01,1.06445E+00,6.83594E-02
-9.6981192E-01,9.66797E-01,4.88281E-02
-9.6979344E-01,1.02539E+00,2.92969E-02
-9.6977496E-01,1.04492E+00,4.88281E-02
-9.6975648E-01,1.04492E+00,6.83594E-02
-9.6973800E-01,1.04492E+00,9.76562E-03
-9.6971952E-01,1.04492E+00,2.92969E-02
-9.6970104E-01,1.02539E+00,2.92969E-02
-9.6968256E-01,1.08398E+00,2.92969E-02
-9.6966408E-01,1.12305E+00,2.92969E-02
-9.6964560E-01,1.06445E+00,4.88281E-02
-9.6962712E-01,1.12305E+00,9.76562E-03
-9.6960864E-01,1.04492E+00,9.76562E-03
-9.6959016E-01,1.00586E+00,2.92969E-02
-9.6957168E-01,9.66797E-01,1.26953E-01
-9.6955320E-01,1.06445E+00,9.76562E-03
-9.6953472E-01,1.06445E+00,4.88281E-02
-9.6951624E-01,1.02539E+00,2.92969E-02
-9.6949776E-01,1.06445E+00,2.92969E-02
-9.6947928E-01,1.00586E+00,9.76562E-03
-9.6946080E-01,1.02539E+00,9.76562E-03
-9.6944232E-01,1.06445E+00,6.83594E-02
-9.6942384E-01,1.06445E+00,9.76562E-03
-9.6940536E-01,1.10352E+00,2.92969E-02
-9.6938688E-01,1.02539E+00,-2.92969E-02
-9.6936840E-01,1.02539E+00,2.92969E-02
-9.6934992E-01,1.04492E+00,9.76562E-03
-9.6933144E-01,1.02539E+00,-9.76562E-03
-9.6931296E-01,1.06445E+00,4.88281E-02
-9.6929448E-01,1.00586E+00,2.92969E-02
-9.6927600E-01,1.02539E+00,6.83594E-02
-9.6925752E-01,9.86328E-01,4.88281E-02
-9.6923904E-01,1.06445E+00,4.88281E-02
-9.6922056E-01,1.02539E+00,-4.88281E-02
-9.6920208E-01,1.12305E+00,4.88281E-02
-9.6918360E-01,1.04492E+00,9.76562E-03
-9.6916512E-01,1.00586E+00,6.83594E-02
-9.6914664E-01,1.02539E+00,6.83594E-02
-9.6912816E-01,1.00586E+00,4.88281E-02
-9.6910968E-01,1.04492E+00,-9.76562E-03
-9.6909120E-01,9.66797E-01,9.76562E-03
-9.6907272E-01,1.00586E+00,4.88281E-02
-9.6905424E-01,1.08398E+00,2.92969E-02
-9.6903576E-01,1.08398E+00,9.76562E-03
-9.6901728E-01,1.04492E+00,2.92969E-02
-9.6899880E-01,1.02539E+00,2.92969E-02
-9.6898032E-01,9.86328E-01,-9.76562E-03
-9.6896184E-01,1.04492E+00,9.76562E-03
-9.6894336E-01,9.86328E-01,4.88281E-02
-9.6892488E-01,1.06445E+00,9.76562E-03
-9.6890640E-01,1.02539E+00,2.92969E-02
-9.6888792E-01,1.08398E+00,2.92969E-02
-9.6886944E-01,1.04492E+00,2.92969E-02
-9.6885096E-01,1.00586E+00,2.92969E-02
-9.6883248E-01,1.06445E+00,1.07422E-01
-9.6881400E-01,1.14258E+00,-9.76562E-03
-9.6879552E-01,1.04492E+00,6.83594E-02
-9.6877704E-01,1.04492E+00,1.07422E-01
-9.6875856E-01,1.00586E+00,2.92969E-02
-9.6874008E-01,1.02539E+00,-9.76562E-03
-9.6872160E-01,1.12305E+00,6.83594E-02
-9.6870312E-01,1.08398E+00,4.88281E-02
-9.6868464E-01,1.06445E+00,2.92969E-02
-9.6866616E-01,1.06445E+00,-9.76562E-03
-9.6864768E-01,1.08398E+00,6.83594E-02
-9.6862920E-01,1.06445E+00,9.76562E-03
-9.6861072E-01,1.02539E+00,4.88281E-02
-9.6859224E-01,9.86328E-01,9.76562E-03
-9.6857376E-01,1.04492E+00,4.88281E-02
-9.6855528E-01,1.06445E+00,9.76562E-03
-9.6853680E-01,9.66797E-01,6.83594E-02
-9.6851832E-01,1.04492E+00,-9.76562E-03
-9.6849984E-01,1.06445E+00,6.83594E-02
-9.6848136E-01,1.06445E+00,4.88281E-02
-9.6846288E-01,1.00586E+00,9.76562E-03
-9.6844440E-01,1.04492E+00,2.92969E-02
-9.6842592E-01,1.00586E+00,6.83594E-02
-9.6840744E-01,1.06445E+00,2.92969E-02
-9.6838896E-01,1.06445E+00,2.92969E-02
-9.6837048E-01,1.06445E+00,9.76562E-03
-9.6835200E-01,1.00586E+00,9.76562E-03
-9.6833352E-01,1.06445E+00,-9.76562E-03
-9.6831504E-01,1.00586E+00,9.76562E-03
-9.6829656E-01,1.08398E+00,-2.92969E-02
-9.6827808E-01,1.06445E+00,4.88281E-02
-9.6825960E-01,1.12305E+00,2.92969E-02
-9.6824112E-01,1.02539E+00,9.76562E-03
-9.6822264E-01,1.02539E+00,4.88281E-02
-9.6820416E-01,1.02539E+00,4.88281E-02
-9.6818568E-01,1.14258E+00,9.76562E-03
-9.6816720E-01,1.02539E+00,9.76562E-03
-9.6814872E-01,1.08398E+00,2.92969E-02
-9.6813024E-01,1.10352E+00,8.78906E-02
-9.6811176E-01,1.02539E+00,4.88281E-02
-9.6809328E-01,1.08398E+00,9.76562E-03
-9.6807480E-01,1.06445E+00,-9.76562E-03
-9.6805632E-01,1.00586E+00,1.07422E-01
-9.6803784E-01,1.02539E+00,-2.92969E-02
-9.6801936E-01,9.86328E-01,4.88281E-02
-9.6800088E-01,1.04492E+00,4.88281E-02
-9.6798240E-01,1.02539E+00,9.76562E-03
-9.6796392E-01,1.02539E+00,2.92969E-02
-9.6794544E-01,1.04492E+00,2.92969E-02
-9.6792696E-01,1.12305E+00,4.88281E-02
-9.6790848E-01,1.00586E+00,-9.76562E-03
-9.6789000E-01,1.06445E+00,2.92969E-02
-9.6787152E-01,1.04492E+00,2.92969E-02
-9.6785304E-01,1.08398E+00,-9.76562E-03
-9.6783456E-01,1.08398E+00,8.78906E-02
-9.6781608E-01,1.06445E+00,4.88281E-02
-9.6779760E-01,9.66797E-01,4.88281E-02
-9.6777912E-01,1.06445E+00,2.92969E-02
-9.6776064E-01,1.00586E+00,8.78906E-02
-9.6774216E-01,1.12305E+00,9.76562E-03
-9.6772368E-01,1.06445E+00,4.88281E-02
-9.6770520E-01,1.08398E+00,9.76562E-03
-9.6768672E-01,1.06445E+00,2.92969E-02
-9.6766824E-01,1.04492E+00,9.76562E-03
-9.6764976E-01,1.08398E+00,4.88281E-02
-9.6763128E-01,9.86328E-01,1.26953E-01
-9.6761280E-01,1.04492E+00,2.92969E-02
-9.6759432E-01,9.86328E-01,4.88281E-02
-9.6757584E-01,1.02539E+00,2.92969E-02
-9.6755736E-01,1.04492E+00,2.92969E-02
-9.6753888E-01,1.02539E+00,2.92969E-02
-9.6752040E-01,1.06445E+00,9.76562E-03
-9.6750192E-01,1.02539E+00,2.92969E-02
-9.6748344E-01,1.16211E+00,4.88281E-02
-9.6746496E-01,1.06445E+00,2.92969E-02
-9.6744648E-01,1.06445E+00,6.83594E-02
-9.6742800E-01,1.02539E+00,1.26953E-01
-9.6740952E-01,1.02539E+00,9.76562E-03
-9.6739104E-01,9.86328E-01,4.88281E-02
-9.6737256E-01,1.04492E+00,9.76562E-03
-9.6735408E-01,1.02539E+00,1.26953E-01
-9.6733560E-01,1.10352E+00,2.92969E-02
-9.6731712E-01,1.00586E+00,6.83594E-02
-9.6729864E-01,1.08398E+00,-2.92969E-02
-9.6728016E-01,1.02539E+00,4.88281E-02
-9.6726168E-01,1.12305E+00,2.92969E-02
-9.6724320E-01,1.02539E+00,2.92969E-02
-9.6722472E-01,1.08398E+00,9.76562E-03
-9.6720624E-01,1.02539E+00,4.88281E-02
-9.6718776E-01,1.04492E+00,-9.76562E-03
-9.6716928E-01,1.02539E+00,2.92969E-02
-9.6715080E-01,1.08398E+00,9.76562E-03
-9.6713232E-01,1.06445E+00,8.78906E-02
-9.6711384E-01,1.06445E+00,-9.76562E-03
-9.6709536E-01,1.02539E+00,2.92969E-02
-9.6707688E-01,1.14258E+00,6.83594E-02
-9.6705840E-01,1.06445E+00,4.88281E-02
-9.6703992E-01,1.02539E+00,4.88281E-02
-9.6702144E-01,1.02539E+00,9.76562E-03
-9.6700296E-01,1.06445E+00,4.88281E-02
-9.6698448E-01,1.10352E+00,2.92969E-02
-9.6696600E-01,1.02539E+00,2.92969E-02
-9.6694752E-01,1.04492E+00,9.76562E-03
-9.6692904E-01,1.06445E+00,2.92969E-02
-9.6691056E-01,1.04492E+00,9.76562E-03
-9.6689208E-01,1.06445E+00,6.83594E-02
-9.6687360E-01,1.08398E+00,4.88281E-02
-9.6685512E-01,1.02539E+00,6.83594E-02
-9.6683664E-01,1.06445E+00,2.92969E-02
-9.6681816E-01,1.08398E+00,4.88281E-02
-9.6679968E-01,1.00586E+00,2.92969E-02
-9.6678120E-01,1.06445E+00,2.92969E-02
-9.6676272E-01,1.02539E+00,6.83594E-02
-9.6674424E-01,1.08398E+00,9.76562E-03
-9.6672576E-01,1.06445E+00,2.92969E-02
-9.6670728E-01,1.06445E+00,9.76562E-03
-9.6668880E-01,1.00586E+00,4.88281E-02
-9.6667032E-01,1.06445E+00,4.88281E-02
-9.6665184E-01,1.06445E+00,4.88281E-02
-9.6663336E-01,1.04492E+00,6.83594E-02
-9.6661488E-01,1.02539E+00,2.92969E-02
-9.6659640E-01,1.06445E+00,8.78906E-02
-9.6657792E-01,9.47266E-01,8.78906E-02
-9.6655944E-01,1.12305E+00,-2.92969E-02
-9.6654096E-01,1.00586E+00,4.88281E-02
-9.6652248E-01,1.04492E+00,4.88281E-02
-9.6650400E-01,1.02539E+00,8.78906E-02
-9.6648552E-01,1.06445E+00,4.88281E-02
-9.6646704E-01,1.02539E+00,8.78906E-02
-9.6644856E-01,1.06445E+00,4.88281E-02
-9.6643008E-01,1.02539E+00,6.83594E-02
-9.6641160E-01,1.00586E+00,9.76562E-03
-9.6639312E-01,1.04492E+00,2.92969E-02
-9.6637464E-01,1.08398E+00,9.76562E-03
-9.6635616E-01,1.02539E+00,9.76562E-03
-9.6633768E-01,1.06445E+00,2.92969E-02
-9.6631920E-01,1.00586E+00,9.76562E-03
-9.6630072E-01,1.04492E+00,9.76562E-03
-9.6628224E-01,1.04492E+00,6.83594E-02
-9.6626376E-01,1.10352E+00,-2.92969E-02
-9.6624528E-01,1.06445E+00,9.76562E-03
-9.6622680E-01,1.06445E+00,2.92969E-02
-9.6620832E-01,1.02539E+00,6.83594E-02
-9.6618984E-01,1.02539E+00,9.76562E-03
-9.6617136E-01,1.06445E+00,4.88281E-02
-9.6615288E-01,1.08398E+00,8.78906E-02
-9.6613440E-01,1.04492E+00,6.83594E-02
-9.6611592E-01,1.10352E+00,9.76562E-03
-9.6609744E-01,1.00586E+00,6.83594E-02
-9.6607896E-01,1.04492E+00,9.76562E-03
-9.6606048E-01,1.02539E+00,-9.76562E-03
-9.6604200E-01,1.02539E+00,4.88281E-02
-9.6602352E-01,1.08398E+00,9.76562E-03
-9.6600504E-01,1.06445E+00,4.88281E-02
-9.6598656E-01,1.14258E+00,4.88281E-02
-9.6596808E-01,1.00586E+00,-9.76562E-03
-9.6594960E-01,1.08398E+00,6.83594E-02
-9.6593112E-01,1.04492E+00,-9.76562E-03
-9.6591264E-01,1.10352E+00,-4.88281E-02
-9.6589416E-01,1.06445E+00,9.76562E-03
-9.6587568E-01,1.02539E+00,6.83594E-02
-9.6585720E-01,1.06445E+00,9.76562E-03
-9.6583872E-01,1.04492E+00,1.07422E-01
-9.6582024E-01,1.06445E+00,2.92969E-02
-9.6580176E-01,9.47266E-01,2.92969E-02
-9.6578328E-01,1.04492E+00,6.83594E-02
-9.6576480E-01,1.06445E+00,4.88281E-02
-9.6574632E-01,1.06445E+00,9.76562E-03
-9.6572784E-01,1.08398E+00,6.83594E-02
-9.6570936E-01,1.04492E+00,4.88281E-02
-9.6569088E-01,1.06445E+00,6.83594E-02
-9.6567240E-01,1.12305E+00,2.92969E-02
-9.6565392E-01,1.00586E+00,6.83594E-02
-9.6563544E-01,1.02539E+00,4.88281E-02
-9.6561696E-01,1.04492E+00,6.83594E-02
-9.6559848E-01,1.12305E+00,9.76562E-03
-9.6558000E-01,1.02539E+00,6.83594E-02
-9.6556152E-01,1.06445E+00,6.83594E-02
-9.6554304E-01,1.04492E+00,2.92969E-02
-9.6552456E-01,1.06445E+00,9.76562E-03
-9.6550608E-01,1.08398E+00,6.83594E-02
-9.6548760E-01,1.08398E+00,2.92969E-02
-9.6546912E-01,1.04492E+00,6.83594E-02
-9.6545064E-01,1.12305E+00,6.83594E-02
-9.6543216E-01,1.10352E+00,8.78906E-02
-9.6541368E-01,1.04492E+00,9.76562E-03
-9.6539520E-01,1.06445E+00,6.83594E-02
-9.6537672E-01,1.04492E+00,2.92969E-02
-9.6535824E-01,1.02539E+00,6.83594E-02
-9.6533976E-01,1.02539E+00,4.88281E-02
-9.6532128E-01,1.00586E+00,6.83594E-02
-9.6530280E-01,1.08398E+00,-9.76562E-03
-9.6528432E-01,1.00586E+00,2.92969E-02
-9.6526584E-01,1.04492E+00,-2.92969E-02
-9.6524736E-01,1.00586E+00,2.92969E-02
-9.6522888E-01,1.02539E+00,2.92969E-02
-9.6521040E-01,1.00586E+00,2.92969E-02
-9.6519192E-01,1.08398E+00,9.76562E-03
-9.6517344E-01,1.04492E+00,4.88281E-02
-9.6515496E-01,1.08398E+00,2.92969E-02
-9.6513648E-01,1.08398E+00,2.92969E-02
-9.6511800E-01,1.02539E+00,9.76562E-03
-9.6509952E-01,1.02539E+00,2.92969E-02
-9.6508104E-01,1.02539E+00,9.76562E-03
-9.6506256E-01,1.08398E+00,2.92969E-02
-9.6504408E-01,1.00586E+00,9.76562E-03
-9.6502560E-01,1.04492E+00,6.83594E-02
-9.6500712E-01,1.08398E+00,4.88281E-02
-9.6498864E-01,1.08398E+00,6.83594E-02
-9.6497016E-01,1.04492E+00,1.07422E-01
-9.6495168E-01,1.04492E+00,4.88281E-02
-9.6493320E-01,1.12305E+00,4.88281E-02
-9.6491472E-01,1.02539E+00,4.88281E-02
-9.6489624E-01,1.02539E+00,4.88281E-02
-9.6487776E-01,1.08398E+00,2.92969E-02
-9.6485928E-01,1.10352E+00,-2.92969E-02
-9.6484080E-01,1.10352E+00,9.76562E-03
-9.6482232E-01,1.14258E+00,4.88281E-02
-9.6480384E-01,1.06445E+00,4.88281E-02
-9.6478536E-01,1.04492E+00,4.88281E-02
-9.6476688E-01,1.04492E+00,2.92969E-02
-9.6474840E-01,1.02539E+00,2.92969E-02
-9.6472992E-01,1.14258E+00,2.92969E-02
-9.6471144E-01,1.02539E+00,9.76562E-03
-9.6469296E-01,1.04492E+00,4.88281E-02
-9.6467448E-01,1.12305E+00,9.76562E-03
-9.6465600E-01,1.02539E+00,6.83594E-02
-9.6463752E-01,1.00586E+00,4.88281E-02
-9.6461904E-01,1.02539E+00,4.88281E-02
-9.6460056E-01,1.06445E+00,9.76562E-03
-9.6458208E-01,1.12305E+00,6.83594E-02
-9.6456360E-01,1.06445E+00,9.76562E-03
-9.6454512E-01,1.14258E+00,2.92969E-02
-9.6452664E-01,1.14258E+00,4.88281E-02
-9.6450816E-01,1.04492E+00,9.76562E-03
-9.6448968E-01,1.08398E+00,4.88281E-02
-9.6447120E-01,1.06445E+00,1.07422E-01
-9.6445272E-01,1.14258E+00,4.88281E-02
-9.6443424E-01,1.00586E+00,6.83594E-02
-9.6441576E-01,1.02539E+00,-9.76562E-03
-9.6439728E-01,1.08398E+00,4.88281E-02
-9.6437880E-01,1.06445E+00,2.92969E-02
-9.6436032E-01,1.10352E+00,6.83594E-02
-9.6434184E-01,1.06445E+00,6.83594E-02
-9.6432336E-01,1.08398E+00,9.76562E-03
-9.6430488E-01,1.04492E+00,2.92969E-02
-9.6428640E-01,1.04492E+00,2.92969E-02
-9.6426792E-01,1.04492E+00,9.76562E-03
-9.6424944E-01,1.08398E+00,2.92969E-02
-9.6423096E-01,1.08398E+00,-9.76562E-03
-9.6421248E-01,1.00586E+00,6.83594E-02
-9.6419400E-01,1.12305E+00,4.88281E-02
-9.6417552E-01,1.06445E+00,9.76562E-03
-9.6415704E-01,1.02539E+00,9.76562E-03
-9.6413856E-01,1.08398E+00,4.88281E-02
-9.6412008E-01,1.06445E+00,9.76562E-03
-9.6410160E-01,1.10352E+00,4.88281E-02
-9.6408312E-01,1.14258E+00,-9.76562E-03
-9.6406464E-01,1.00586E+00,9.76562E-03
-9.6404616E-01,1.12305E+00,-9.76562E-03
-9.6402768E-01,1.08398E+00,6.83594E-02
-9.6400920E-01,1.04492E+00,9.76562E-03
-9.6399072E-01,1.02539E+00,2.92969E-02
-9.6397224E-01,1.02539E+00,2.92969E-02
-9.6395376E-01,1.06445E+00,9.76562E-03
-9.6393528E-01,1.04492E+00,2.92969E-02
-9.6391680E-01,1.06445E+00,9.76562E-03
-9.6389832E-01,1.04492E+00,4.88281E-02
-9.6387984E-01,1.06445E+00,6.83594E-02
-9.6386136E-01,1.08398E+00,9.76562E-03
-9.6384288E-01,1.02539E+00,9.76562E-03
-9.6382440E-01,1.08398E+00,-2.92969E-02
-9.6380592E-01,1.08398E+00,4.88281E-02
-9.6378744E-01,1.08398E+00,4.88281E-02
-9.6376896E-01,1.02539E+00,9.76562E-03
-9.6375048E-01,1.04492E+00,9.76562E-03
-9.6373200E-01,1.08398E+00,9.76562E-03
-9.6371352E-01,1.12305E+00,4.88281E-02
-9.6369504E-01,1.06445E+00,4.88281E-02
-9.6367656E-01,1.12305E+00,9.76562E-03
-9.6365808E-01,1.06445E+00,4.88281E-02
-9.6363960E-01,1.12305E+00,2.92969E-02
-9.6362112E-01,1.08398E+00,2.92969E-02
-9.6360264E-01,1.06445E+00,9.76562E-03
-9.6358416E-01,1.12305E+00,4.88281E-02
-9.6356568E-01,1.02539E+00,4.88281E-02
-9.6354720E-01,1.06445E+00,2.92969E-02
-9.6352872E-01,1.10352E+00,9.76562E-03
-9.6351024E-01,1.06445E+00,6.83594E-02
-9.6349176E-01,1.10352E+00,9.76562E-03
-9.6347328E-01,1.02539E+00,2.92969E-02
-9.6345480E-01,1.12305E+00,2.92969E-02
-9.6343632E-01,1.00586E+00,4.88281E-02
-9.6341784E-01,1.06445E+00,-9.76562E-03
-9.6339936E-01,1.08398E+00,9.76562E-03
-9.6338088E-01,1.10352E+00,4.88281E-02
-9.6336240E-01,1.06445E+00,4.88281E-02
-9.6334392E-01,1.10352E+00,4.88281E-02
-9.6332544E-01,1.08398E+00,9.76562E-03
-9.6330696E-01,1.14258E+00,9.76562E-03
-9.6328848E-01,1.10352E+00,4.88281E-02
-9.6327000E-01,1.08398E+00,9.76562E-03
-9.6325152E-01,1.10352E+00,4.88281E-02
-9.6323304E-01,1.06445E+00,4.88281E-02
-9.6321456E-01,1.00586E+00,2.92969E-02
-9.6319608E-01,1.10352E+00,2.92969E-02
-9.6317760E-01,1.06445E+00,2.92969E-02
-9.6315912E-01,1.10352E+00,9.76562E-03
-9.6314064E-01,1.02539E+00,1.26953E-01
-9.6312216E-01,1.14258E+00,2.92969E-02
-9.6310368E-01,1.06445E+00,4.88281E-02
-9.6308520E-01,1.12305E+00,2.92969E-02
-9.6306672E-01,1.10352E+00,4.88281E-02
-9.6304824E-01,1.10352E+00,9.76562E-03
-9.6302976E-01,1.06445E+00,2.92969E-02
-9.6301128E-01,1.08398E+00,-9.76562E-03
-9.6299280E-01,1.06445E+00,4.88281E-02
-9.6297432E-01,1.12305E+00,4.88281E-02
-9.6295584E-01,1.00586E+00,6.83594E-02
-9.6293736E-01,1.10352E+00,9.76562E-03
-9.6291888E-01,1.08398E+00,2.92969E-02
-9.6290040E-01,1.14258E+00,2.92969E-02
-9.6288192E-01,1.08398E+00,2.92969E-02
-9.6286344E-01,1.10352E+00,6.83594E-02
-9.6284496E-01,1.14258E+00,6.83594E-02
-9.6282648E-01,1.14258E+00,9.76562E-03
-9.6280800E-01,1.06445E+00,2.92969E-02
-9.6278952E-01,1.06445E+00,9.76562E-03
-9.6277104E-01,1.08398E+00,9.76562E-03
-9.6275256E-01,1.10352E+00,4.88281E-02
-9.6273408E-01,1.02539E+00,2.92969E-02
-9.6271560E-01,1.08398E+00,2.92969E-02
-9.6269712E-01,1.04492E+00,8.78906E-02
-9.6267864E-01,1.12305E+00,4.88281E-02
-9.6266016E-01,1.02539E+00,8.78906E-02
-9.6264168E-01,1.08398E+00,4.88281E-02
-9.6262320E-01,1.04492E+00,6.83594E-02
-9.6260472E-01,1.14258E+00,9.76562E-03
-9.6258624E-01,1.08398E+00,6.83594E-02
-9.6256776E-01,1.12305E+00,2.92969E-02
-9.6254928E-01,1.06445E+00,6.83594E-02
-9.6253080E-01,1.04492E+00,4.88281E-02
-9.6251232E-01,1.04492E+00,4.88281E-02
-9.6249384E-01,1.06445E+00,9.76562E-03
-9.6247536E-01,1.04492E+00,4.88281E-02
-9.6245688E-01,1.06445E+00,9.76562E-03
-9.6243840E-01,1.06445E+00,9.76562E-03
-9.6241992E-01,1.12305E+00,-9.76562E-03
-9.6240144E-01,1.04492E+00,2.92969E-02
-9.6238296E-01,1.04492E+00,9.76562E-03
-9.6236448E-01,1.16211E+00,-2.92969E-02
-9.6234600E-01,1.10352E+00,9.76562E-03
-9.6232752E-01,1.04492E+00,6.83594E-02
-9.6230904E-01,1.12305E+00,-9.76562E-03
-9.6229056E-01,1.06445E+00,2.92969E-02
-9.6227208E-01,1.04492E+00,2.92969E-02
-9.6225360E-01,1.00586E+00,9.76562E-03
-9.6223512E-01,1.04492E+00,9.76562E-03
-9.6221664E-01,1.06445E+00,9.76562E-03
-9.6219816E-01,1.14258E+00,-9.76562E-03
-9.6217968E-01,1.02539E+00,8.78906E-02
-9.6216120E-01,1.10352E+00,9.76562E-03
-9.6214272E-01,1.08398E+00,4.88281E-02
-9.6212424E-01,1.02539E+00,2.92969E-02
-9.6210576E-01,1.06445E+00,6.83594E-02
-9.6208728E-01,1.06445E+00,9.76562E-03
-9.6206880E-01,1.06445E+00,8.78906E-02
-9.6205032E-01,1.08398E+00,-2.92969E-02
-9.6203184E-01,1.04492E+00,8.78906E-02
-9.6201336E-01,1.14258E+00,9.76562E-03
-9.6199488E-01,1.02539E+00,6.83594E-02
-9.6197640E-01,1.06445E+00,-2.92969E-02
-9.6195792E-01,1.04492E+00,2.92969E-02
-9.6193944E-01,1.08398E+00,9.76562E-03
-9.6192096E-01,1.06445E+00,2.92969E-02
-9.6190248E-01,1.08398E+00,9.76562E-03
-9.6188400E-01,1.02539E+00,9.76562E-03
-9.6186552E-01,1.06445E+00,4.88281E-02
-9.6184704E-01,1.04492E+00,-4.88281E-02
-9.6182856E-01,1.00586E+00,-9.76562E-03
-9.6181008E-01,1.02539E+00,9.76562E-03
-9.6179160E-01,1.06445E+00,9.76562E-03
-9.6177312E-01,1.02539E+00,4.88281E-02
-9.6175464E-01,1.14258E+00,2.92969E-02
-9.6173616E-01,1.06445E+00,2.92969E-02
-9.6171768E-01,1.14258E+00,9.76562E-03
-9.6169920E-01,1.00586E+00,2.92969E-02
-9.6168072E-01,1.14258E+00,9.76562E-03
-9.6166224E-01,1.08398E+00,6.83594E-02
-9.6164376E-01,1.02539E+00,-9.76562E-03
-9.6162528E-01,1.12305E+00,6.83594E-02
-9.6160680E-01,1.08398E+00,4.88281E-02
-9.6158832E-01,1.12305E+00,2.92969E-02
-9.6156984E-01,1.12305E+00,4.88281E-02
-9.6155136E-01,1.10352E+00,2.92969E-02
-9.6153288E-01,1.06445E+00,2.92969E-02
-9.6151440E-01,1.08398E+00,9.76562E-03
-9.6149592E-01,1.08398E+00,-9.76562E-03
-9.6147744E-01,1.12305E+00,6.83594E-02
-9.6145896E-01,1.12305E+00,9.76562E-03
-9.6144048E-01,1.00586E+00,9.76562E-03
-9.6142200E-01,1.10352E+00,9.76562E-03
-9.6140352E-01,1.08398E+00,4.88281E-02
-9.6138504E-01,1.12305E+00,9.76562E-03
-9.6136656E-01,1.02539E+00,9.76562E-03
-9.6134808E-01,1.12305E+00,2.92969E-02
-9.6132960E-01,1.02539E+00,2.92969E-02
-9.6131112E-01,1.06445E+00,-2.92969E-02
-9.6129264E-01,1.06445E+00,2.92969E-02
-9.6127416E-01,1.14258E+00,9.76562E-03
-9.6125568E-01,1.02539E+00,4.88281E-02
-9.6123720E-01,1.02539E+00,4.88281E-02
-9.6121872E-01,1.10352E+00,4.88281E-02
-9.6120024E-01,1.10352E+00,9.76562E-03
-9.6118176E-01,1.08398E+00,4.88281E-02
-9.6116328E-01,1.08398E+00,-9.76562E-03
-9.6114480E-01,1.06445E+00,6.83594E-02
-9.6112632E-01,1.08398E+00,9.76562E-03
-9.6110784E-01,1.08398E+00,4.88281E-02
-9.6108936E-01,1.12305E+00,2.92969E-02
-9.6107088E-01,1.08398E+00,4.88281E-02
-9.6105240E-01,1.12305E+00,2.92969E-02
-9.6103392E-01,1.02539E+00,9.76562E-03
-9.6101544E-01,1.14258E+00,9.76562E-03
-9.6099696E-01,1.12305E+00,6.83594E-02
-9.6097848E-01,1.14258E+00,9.76562E-03
-9.6096000E-01,1.10352E+00,9.76562E-03
-9.6094152E-01,1.04492E+00,9.76562E-03
-9.6092304E-01,1.04492E+00,4.88281E-02
-9.6090456E-01,1.12305E+00,2.92969E-02
-9.6088608E-01,1.02539E+00,9.76562E-03
-9.6086760E-01,1.12305E+00,-9.76562E-03
-9.6084912E-01,1.04492E+00,4.88281E-02
-9.6083064E-01,1.08398E+00,4.88281E-02
-9.6081216E-01,1.06445E+00,2.92969E-02
-9.6079368E-01,1.10352E+00,9.76562E-03
-9.6077520E-01,1.02539E+00,2.92969E-02
-9.6075672E-01,1.06445E+00,4.88281E-02
-9.6073824E-01,1.02539E+00,4.88281E-02
-9.6071976E-01,1.02539E+00,-4.88281E-02
-9.6070128E-01,1.10352E+00,2.92969E-02
-9.6068280E-01,1.14258E+00,6.83594E-02
-9.6066432E-01,1.06445E+00,-4.88281E-02
-9.6064584E-01,1.10352E+00,9.76562E-03
-9.6062736E-01,1.04492E+00,6.83594E-02
-9.6060888E-01,1.08398E+00,4.88281E-02
-9.6059040E-01,1.04492E+00,-6.83594E-02
-9.6057192E-01,1.02539E+00,2.92969E-02
-9.6055344E-01,1.12305E+00,6.83594E-02
-9.6053496E-01,1.12305E+00,-9.76562E-03
-9.6051648E-01,1.12305E+00,2.92969E-02
-9.6049800E-01,1.06445E+00,-9.76562E-03
-9.6047952E-01,1.06445E+00,1.07422E-01
-9.6046104E-01,1.12305E+00,-2.92969E-02
-9.6044256E-01,1.08398E+00,2.92969E-02
-9.6042408E-01,1.10352E+00,2.92969E-02
-9.6040560E-01,1.06445E+00,4.88281E-02
-9.6038712E-01,1.08398E+00,-9.76562E-03
-9.6036864E-01,1.04492E+00,2.92969E-02
-9.6035016E-01,1.08398E+00,6.83594E-02
-9.6033168E-01,1.04492E+00,6.83594E-02
-9.6031320E-01,1.08398E+00,9.76562E-03
-9.6029472E-01,1.10352E+00,6.83594E-02
-9.6027624E-01,1.10352E+00,4.88281E-02
-9.6025776E-01,1.10352E+00,4.88281E-02
-9.6023928E-01,1.10352E+00,9.76562E-03
-9.6022080E-01,1.00586E+00,4.88281E-02
-9.6020232E-01,1.18164E+00,2.92969E-02
-9.6018384E-01,1.00586E+00,9.76562E-03
-9.6016536E-01,1.10352E+00,9.76562E-03
-9.6014688E-01,1.06445E+00,6.83594E-02
-9.6012840E-01,1.10352E+00,9.76562E-03
-9.6010992E-01,1.10352E+00,9.76562E-03
-9.6009144E-01,1.06445E+00,4.88281E-02
-9.6007296E-01,1.02539E+00,2.92969E-02
-9.6005448E-01,1.14258E+00,6.83594E-02
-9.6003600E-01,1.08398E+00,6.83594E-02
-9.6001752E-01,1.10352E+00,4.88281E-02
-9.5999904E-01,1.00586E+00,4.88281E-02
-9.5998056E-01,1.14258E+00,2.92969E-02
-9.5996208E-01,1.06445E+00,-4.88281E-02
-9.5994360E-01,1.02539E+00,-2.92969E-02
-9.5992512E-01,1.12305E+00,4.88281E-02
-9.5990664E-01,1.12305E+00,9.76562E-03
-9.5988816E-01,1.08398E+00,6.83594E-02
-9.5986968E-01,1.08398E+00,2.92969E-02
-9.5985120E-01,1.06445E+00,9.76562E-03
-9.5983272E-01,1.04492E+00,9.76562E-03
-9.5981424E-01,1.10352E+00,6.83594E-02
-9.5979576E-01,1.08398E+00,4.88281E-02
-9.5977728E-01,1.08398E+00,4.88281E-02
-9.5975880E-01,1.14258E+00,4.88281E-02
-9.5974032E-01,1.06445E+00,4.88281E-02
-9.5972184E-01,1.12305E+00,-9.76562E-03
-9.5970336E-01,1.00586E+00,2.92969E-02
-9.5968488E-01,1.10352E+00,2.92969E-02
-9.5966640E-01,1.08398E+00,8.78906E-02
-9.5964792E-01,1.12305E+00,-9.76562E-03
-9.5962944E-01,1.06445E+00,2.92969E-02
-9.5961096E-01,1.10352E+00,2.92969E-02
-9.5959248E-01,1.08398E+00,2.92969E-02
-9.5957400E-01,1.12305E+00,9.76562E-03
-9.5955552E-01,1.10352E+00,6.83594E-02
-9.5953704E-01,1.12305E+00,2.92969E-02
-9.5951856E-01,1.08398E+00,2.92969E-02
-9.5950008E-01,1.10352E+00,4.88281E-02
-9.5948160E-01,1.08398E+00,2.92969E-02
-9.5946312E-01,1.10352E+00,4.88281E-02
-9.5944464E-01,1.06445E+00,6.83594E-02
-9.5942616E-01,1.20117E+00,9.76562E-03
-9.5940768E-01,1.06445E+00,-9.76562E-03
-9.5938920E-01,1.06445E+00,4.88281E-02
-9.5937072E-01,1.06445E+00,2.92969E-02
-9.5935224E-01,1.14258E+00,2.92969E-02
-9.5933376E-01,1.04492E+00,4.88281E-02
-9.5931528E-01,1.04492E+00,-2.92969E-02
-9.5929680E-01,1.08398E+00,2.92969E-02
-9.5927832E-01,1.06445E+00,4.88281E-02
-9.5925984E-01,1.10352E+00,4.88281E-02
-9.5924136E-01,1.10352E+00,-9.76562E-03
-9.5922288E-01,1.08398E+00,9.76562E-03
-9.5920440E-01,1.06445E+00,2.92969E-02
-9.5918592E-01,1.12305E+00,4.88281E-02
-9.5916744E-01,1.06445E+00,4.88281E-02
-9.5914896E-01,1.06445E+00,2.92969E-02
-9.5913048E-01,1.08398E+00,4.88281E-02
-9.5911200E-01,1.08398E+00,2.92969E-02
-9.5909352E-01,1.14258E+00,-9.76562E-03
-9.5907504E-01,1.06445E+00,6.83594E-02
-9.5905656E-01,1.08398E+00,9.76562E-03
-9.5903808E-01,1.02539E+00,2.92969E-02
-9.5901960E-01,1.06445E+00,4.88281E-02
-9.5900112E-01,1.12305E+00,9.76562E-03
-9.5898264E-01,1.14258E+00,6.83594E-02
-9.5896416E-01,1.10352E+00,-9.76562E-03
-9.5894568E-01,1.14258E+00,2.92969E-02
-9.5892720E-01,1.06445E+00,2.92969E-02
-9.5890872E-01,1.06445E+00,2.92969E-02
-9.5889024E-01,1.02539E+00,4.88281E-02
-9.5887176E-01,1.12305E+00,-9.76562E-03
-9.5885328E-01,1.08398E+00,8.78906E-02
-9.5883480E-01,1.08398E+00,-9.76562E-03
-9.5881632E-01,1.12305E+00,9.76562E-03
-9.5879784E-01,1.16211E+00,2.92969E-02
-9.5877936E-01,1.00586E+00,4.88281E-02
-9.5876088E-01,1.12305E+00,-9.76562E-03
-9.5874240E-01,1.04492E+00,6.83594E-02
-9.5872392E-01,1.04492E+00,-6.83594E-02
-9.5870544E-01,1.04492E+00,4.88281E-02
-9.5868696E-01,1.12305E+00,2.92969E-02
-9.5866848E-01,1.06445E+00,2.92969E-02
-9.5865000E-01,1.16211E+00,6.83594E-02
-9.5863152E-01,1.12305E+00,6.83594E-02
-9.5861304E-01,1.06445E+00,9.76562E-03
-9.5859456E-01,1.02539E+00,4.88281E-02
-9.5857608E-01,1.10352E+00,8.78906E-02
-9.5855760E-01,1.08398E+00,4.88281E-02
-9.5853912E-01,1.14258E+00,4.88281E-02
-9.5852064E-01,1.04492E+00,4.88281E-02
-9.5850216E-01,1.10352E+00,9.76562E-03
-9.5848368E-01,1.04492E+00,4.88281E-02
-9.5846520E-01,1.08398E+00,9.76562E-03
-9.5844672E-01,1.04492E+00,6.83594E-02
-9.5842824E-01,1.04492E+00,4.88281E-02
-9.5840976E-01,1.04492E+00,-9.76562E-03
-9.5839128E-01,1.08398E+00,-2.92969E-02
-9.5837280E-01,1.04492E+00,4.88281E-02
-9.5835432E-01,1.02539E+00,4.88281E-02
-9.5833584E-01,1.14258E+00,4.88281E-02
-9.5831736E-01,1.14258E+00,-9.76562E-03
-9.5829888E-01,1.10352E+00,9.76562E-03
-9.5828040E-01,1.08398E+00,2.92969E-02
-9.5826192E-01,1.06445E+00,9.76562E-03
-9.5824344E-01,1.06445E+00,2.92969E-02
-9.5822496E-01,1.08398E+00,4.88281E-02
-9.5820648E-01,1.10352E+00,-9.76562E-03
-9.5818800E-01,1.08398E+00,2.92969E-02
-9.5816952E-01,1.14258E+00,9.76562E-03
-9.5815104E-01,1.14258E+00,4.88281E-02
-9.5813256E-01,1.10352E+00,2.92969E-02
-9.5811408E-01,1.08398E+00,9.76562E-03
-9.5809560E-01,1.14258E+00,6.83594E-02
-9.5807712E-01,1.08398E+00,1.26953E-01
-9.5805864E-01,1.12305E+00,6.83594E-02
-9.5804016E-01,1.08398E+00,9.76562E-03
-9.5802168E-01,1.10352E+00,9.76562E-03
-9.5800320E-01,1.14258E+00,6.83594E-02
-9.5798472E-01,1.08398E+00,6.83594E-02
-9.5796624E-01,1.12305E+00,4.88281E-02
-9.5794776E-01,1.14258E+00,9.76562E-03
-9.5792928E-01,1.08398E+00,4.88281E-02
-9.5791080E-01,1.12305E+00,-4.88281E-02
-9.5789232E-01,1.00586E+00,-9.76562E-03
-9.5787384E-01,1.10352E+00,9.76562E-03
-9.5785536E-01,1.08398E+00,-4.88281E-02
-9.5783688E-01,1.08398E+00,-9.76562E-03
-9.5781840E-01,1.16211E+00,-2.92969E-02
-9.5779992E-01,1.14258E+00,6.83594E-02
-9.5778144E-01,1.10352E+00,2.92969E-02
-9.5776296E-01,1.08398E+00,9.76562E-03
-9.5774448E-01,1.06445E+00,2.92969E-02
-9.5772600E-01,1.10352E+00,4.88281E-02
-9.5770752E-01,1.08398E+00,9.76562E-03
-9.5768904E-01,1.12305E+00,4.88281E-02
-9.5767056E-01,1.06445E+00,-9.76562E-03
-9.5765208E-01,1.12305E+00,-4.88281E-02
-9.5763360E-01,1.02539E+00,4.88281E-02
-9.5761512E-01,1.02539E+00,-9.76562E-03
-9.5759664E-01,1.10352E+00,4.88281E-02
-9.5757816E-01,1.10352E+00,8.78906E-02
-9.5755968E-01,1.06445E+00,2.92969E-02
-9.5754120E-01,1.08398E+00,4.88281E-02
-9.5752272E-01,1.08398E+00,9.76562E-03
-9.5750424E-01,1.14258E+00,9.76562E-03
-9.5748576E-01,1.06445E+00,6.83594E-02
-9.5746728E-01,1.06445E+00,2.92969E-02
-9.5744880E-01,1.04492E+00,2.92969E-02
-9.5743032E-01,1.14258E+00,-2.92969E-02
-9.5741184E-01,1.02539E+00,2.92969E-02
-9.5739336E-01,1.06445E+00,4.88281E-02
-9.5737488E-01,1.12305E+00,-9.76562E-03
-9.5735640E-01,1.14258E+00,4.88281E-02
-9.5733792E-01,1.06445E+00,4.88281E-02
-9.5731944E-01,1.12305E+00,-9.76562E-03
-9.5730096E-01,1.08398E+00,6.83594E-02
-9.5728248E-01,1.14258E+00,-9.76562E-03
-9.5726400E-01,1.02539E+00,2.92969E-02
-9.5724552E-01,1.14258E+00,4.88281E-02
-9.5722704E-01,1.10352E+00,4.88281E-02
-9.5720856E-01,1.02539E+00,9.76562E-03
-9.5719008E-01,1.04492E+00,4.88281E-02
-9.5717160E-01,1.08398E+00,-9.76562E-03
-9.5715312E-01,1.10352E+00,4.88281E-02
-9.5713464E-01,1.10352E+00,9.76562E-03
-9.5711616E-01,1.06445E+00,2.92969E-02
-9.5709768E-01,1.08398E+00,2.92969E-02
-9.5707920E-01,1.10352E+00,6.83594E-02
-9.5706072E-01,1.04492E+00,-9.76562E-03
-9.5704224E-01,1.08398E+00,9.76562E-03
-9.5702376E-01,1.10352E+00,-9.76562E-03
-9.5700528E-01,1.08398E+00,2.92969E-02
-9.5698680E-01,1.14258E+00,9.76562E-03
-9.5696832E-01,1.08398E+00,2.92969E-02
-9.5694984E-01,1.08398E+00,2.92969E-02
-9.5693136E-01,1.08398E+00,4.88281E-02
-9.5691288E-01,1.06445E+00,4.88281E-02
-9.5689440E-01,1.12305E+00,4.88281E-02
-9.5687592E-01,1.14258E+00,6.83594E-02
-9.5685744E-01,1.06445E+00,9.76562E-03
-9.5683896E-01,1.12305E+00,-4.88281E-02
-9.5682048E-01,1.06445E+00,1.07422E-01
-9.5680200E-01,1.10352E+00,9.76562E-03
-9.5678352E-01,1.08398E+00,2.92969E-02
-9.5676504E-01,1.08398E+00,4.88281E-02
-9.5674656E-01,1.16211E+00,9.76562E-03
-9.5672808E-01,1.06445E+00,-2.92969E-02
-9.5670960E-01,1.02539E+00,2.92969E-02
-9.5669112E-01,1.10352E+00,-2.92969E-02
-9.5667264E-01,1.10352E+00,2.92969E-02
-9.5665416E-01,1.06445E+00,-9.76562E-03
-9.5663568E-01,1.06445E+00,4.88281E-02
-9.5661720E-01,1.18164E+00,9.76562E-03
-9.5659872E-01,1.14258E+00,4.88281E-02
-9.5658024E-01,1.12305E+00,2.92969E-02
-9.5656176E-01,1.08398E+00,4.88281E-02
-9.5654328E-01,1.20117E+00,1.07422E-01
-9.5652480E-01,1.10352E+00,4.88281E-02
-9.5650632E-01,1.16211E+00,-9.76562E-03
-9.5648784E-01,1.08398E+00,2.92969E-02
-9.5646936E-01,1.12305E+00,4.88281E-02
-9.5645088E-01,1.10352E+00,4.88281E-02
-9.5643240E-01,1.02539E+00,9.76562E-03
-9.5641392E-01,1.08398E+00,4.88281E-02
-9.5639544E-01,1.14258E+00,-8.78906E-02
-9.5637696E-01,1.06445E+00,6.83594E-02
-9.5635848E-01,1.12305E+00,9.76562E-03
-9.5634000E-01,1.06445E+00,4.88281E-02
-9.5632152E-01,1.14258E+00,9.76562E-03
-9.5630304E-01,1.14258E+00,4.88281E-02
-9.5628456E-01,1.10352E+00,2.92969E-02
-9.5626608E-01,1.08398E+00,4.88281E-02
-9.5624760E-01,1.14258E+00,-4.88281E-02
-9.5622912E-01,1.10352E+00,4.88281E-02
-9.5621064E-01,1.12305E+00,1.07422E-01
-9.5619216E-01,1.10352E+00,9.76562E-03
-9.5617368E-01,1.16211E+00,2.92969E-02
-9.5615520E-01,1.08398E+00,6.83594E-02
-9.5613672E-01,1.14258E+00,6.83594E-02
-9.5611824E-01,1.04492E+00,4.88281E-02
-9.5609976E-01,1.12305E+00,9.76562E-03
-9.5608128E-01,1.06445E+00,4.88281E-02
-9.5606280E-01,1.06445E+00,-9.76562E-03
-9.5604432E-01,1.10352E+00,9.76562E-03
-9.5602584E-01,1.06445E+00,2.92969E-02
-9.5600736E-01,1.12305E+00,9.76562E-03
-9.5598888E-01,1.08398E+00,9.76562E-03
-9.5597040E-01,1.12305E+00,4.88281E-02
-9.5595192E-01,1.08398E+00,2.92969E-02
-9.5593344E-01,1.06445E+00,4.88281E-02
-9.5591496E-01,1.08398E+00,-6.83594E-02
-9.5589648E-01,1.08398E+00,6.83594E-02
-9.5587800E-01,1.08398E+00,9.76562E-03
-9.5585952E-01,1.14258E+00,9.76562E-03
-9.5584104E-01,1.10352E+00,9.76562E-03
-9.5582256E-01,1.08398E+00,2.92969E-02
-9.5580408E-01,1.14258E+00,2.92969E-02
-9.5578560E-01,1.10352E+00,9.76562E-03
-9.5576712E-01,1.14258E+00,-4.88281E-02
-9.5574864E-01,1.12305E+00,-2.92969E-02
-9.5573016E-01,1.12305E+00,9.76562E-03
-9.5571168E-01,1.10352E+00,2.92969E-02
-9.5569320E-01,1.04492E+00,2.92969E-02
-9.5567472E-01,1.02539E+00,4.88281E-02
-9.5565624E-01,1.06445E+00,4.88281E-02
-9.5563776E-01,1.10352E+00,2.92969E-02
-9.5561928E-01,1.16211E+00,-6.83594E-02
-9.5560080E-01,1.06445E+00,8.78906E-02
-9.5558232E-01,1.14258E+00,4.88281E-02
-9.5556384E-01,1.02539E+00,8.78906E-02
-9.5554536E-01,1.14258E+00,-9.76562E-03
-9.5552688E-01,1.08398E+00,6.83594E-02
-9.5550840E-01,1.04492E+00,9.76562E-03
-9.5548992E-01,1.08398E+00,2.92969E-02
-9.5547144E-01,1.12305E+00,9.76562E-03
-9.5545296E-01,1.04492E+00,2.92969E-02
-9.5543448E-01,1.12305E+00,2.92969E-02
-9.5541600E-01,1.02539E+00,6.83594E-02
-9.5539752E-01,1.12305E+00,9.76562E-03
-9.5537904E-01,1.02539E+00,-9.76562E-03
-9.5536056E-01,1.08398E+00,4.88281E-02
-9.5534208E-01,1.12305E+00,4.88281E-02
-9.5532360E-01,1.18164E+00,4.88281E-02
-9.5530512E-01,1.06445E+00,4.88281E-02
-9.5528664E-01,1.14258E+00,2.92969E-02
-9.5526816E-01,1.06445E+00,6.83594E-02
-9.5524968E-01,1.08398E+00,9.76562E-03
-9.5523120E-01,1.08398E+00,6.83594E-02
-9.5521272E-01,1.14258E+00,2.92969E-02
-9.5519424E-01,1.12305E+00,9.76562E-03
-9.5517576E-01,1.02539E+00,-4.88281E-02
-9.5515728E-01,1.14258E+00,2.92969E-02
-9.5513880E-01,1.10352E+00,9.76562E-03
-9.5512032E-01,1.08398E+00,8.78906E-02
-9.5510184E-01,1.14258E+00,4.88281E-02
-9.5508336E-01,1.04492E+00,9.76562E-03
-9.5506488E-01,1.08398E+00,2.92969E-02
-9.5504640E-01,1.08398E+00,9.76562E-03
-9.5502792E-01,1.14258E+00,2.92969E-02
-9.5500944E-01,1.08398E+00,9.76562E-03
-9.5499096E-01,1.12305E+00,9.76562E-03
-9.5497248E-01,1.06445E+00,4.88281E-02
-9.5495400E-01,1.08398E+00,2.92969E-02
-9.5493552E-01,1.10352E+00,9.76562E-03
-9.5491704E-01,1.08398E+00,4.88281E-02
-9.5489856E-01,1.10352E+00,9.76562E-03
-9.5488008E-01,1.10352E+00,2.92969E-02
-9.5486160E-01,1.06445E+00,4.88281E-02
-9.5484312E-01,1.08398E+00,-9.76562E-03
-9.5482464E-01,1.16211E+00,4.88281E-02
-9.5480616E-01,1.08398E+00,2.92969E-02
-9.5478768E-01,1.12305E+00,2.92969E-02
-9.5476920E-01,1.06445E+00,2.92969E-02
-9.5475072E-01,1.08398E+00,-6.83594E-02
-9.5473224E-01,1.14258E+00,-2.92969E-02
-9.5471376E-01,1.06445E+00,4.88281E-02
-9.5469528E-01,1.14258E+00,-9.76562E-03
-9.5467680E-01,1.14258E+00,9.76562E-03
-9.5465832E-01,1.10352E+00,-2.92969E-02
-9.5463984E-01,1.06445E+00,9.76562E-03
-9.5462136E-01,1.14258E+00,2.92969E-02
-9.5460288E-01,1.16211E+00,-9.76562E-03
-9.5458440E-01,1.06445E+00,4.88281E-02
-9.5456592E-01,1.00586E+00,9.76562E-03
-9.5454744E-01,1.24023E+00,-9.76562E-03
-9.5452896E-01,1.06445E+00,9.76562E-03
-9.5451048E-01,1.14258E+00,9.76562E-03
-9.5449200E-01,1.10352E+00,-4.88281E-02
-9.5447352E-01,1.06445E+00,-2.92969E-02
-9.5445504E-01,1.08398E+00,6.83594E-02
-9.5443656E-01,1.08398E+00,2.92969E-02
-9.5441808E-01,1.04492E+00,6.83594E-02
-9.5439960E-01,1.12305E+00,-2.92969E-02
-9.5438112E-01,1.12305E+00,2.92969E-02
-9.5436264E-01,1.02539E+00,4.88281E-02
-9.5434416E-01,1.02539E+00,4.88281E-02
-9.5432568E-01,1.08398E+00,-9.76562E-03
-9.5430720E-01,1.12305E+00,6.83594E-02
-9.5428872E-01,1.20117E+00,2.92969E-02
-9.5427024E-01,1.06445E+00,4.88281E-02
-9.5425176E-01,1.08398E+00,6.83594E-02
-9.5423328E-01,1.12305E+00,1.26953E-01
-9.5421480E-01,1.10352E+00,4.88281E-02
-9.5419632E-01,1.14258E+00,9.76562E-03
-9.5417784E-01,1.14258E+00,-2.92969E-02
-9.5415936E-01,1.06445E+00,1.07422E-01
-9.5414088E-01,1.08398E+00,-9.76562E-03
-9.5412240E-01,1.12305E+00,4.88281E-02
-9.5410392E-01,1.12305E+00,9.76562E-03
-9.5408544E-01,1.08398E+00,6.83594E-02
-9.5406696E-01,1.14258E+00,-9.76562E-03
-9.5404848E-01,1.08398E+00,2.92969E-02
-9.5403000E-01,1.14258E+00,-2.92969E-02
-9.5401152E-01,1.14258E+00,2.92969E-02
-9.5399304E-01,1.12305E+00,4.88281E-02
-9.5397456E-01,1.08398E+00,2.92969E-02
-9.5395608E-01,1.14258E+00,-2.92969E-02
-9.5393760E-01,1.08398E+00,9.76562E-03
-9.5391912E-01,1.08398E+00,4.88281E-02
-9.5390064E-01,1.10352E+00,9.76562E-03
-9.5388216E-01,1.08398E+00,-9.76562E-03
-9.5386368E-01,1.16211E+00,6.83594E-02
-9.5384520E-01,1.04492E+00,-9.76562E-03
-9.5382672E-01,1.08398E+00,4.88281E-02
-9.5380824E-01,1.14258E+00,-9.76562E-03
-9.5378976E-01,1.10352E+00,4.88281E-02
-9.5377128E-01,1.12305E+00,4.88281E-02
-9.5375280E-01,1.08398E+00,9.76562E-03
-9.5373432E-01,1.10352E+00,2.92969E-02
-9.5371584E-01,1.06445E+00,6.83594E-02
-9.5369736E-01,1.12305E+00,6.83594E-02
-9.5367888E-01,1.12305E+00,6.83594E-02
-9.5366040E-01,1.16211E+00,2.92969E-02
-9.5364192E-01,1.08398E+00,6.83594E-02
-9.5362344E-01,1.12305E+00,2.92969E-02
-9.5360496E-01,1.10352E+00,6.83594E-02
-9.5358648E-01,1.12305E+00,9.76562E-03
-9.5356800E-01,1.10352E+00,2.92969E-02
-9.5354952E-01,1.10352E+00,9.76562E-03
-9.5353104E-01,1.18164E+00,-9.76562E-03
-9.5351256E-01,1.10352E+00,9.76562E-03
-9.5349408E-01,1.12305E+00,4.88281E-02
-9.5347560E-01,1.06445E+00,9.76562E-03
-9.5345712E-01,1.16211E+00,4.88281E-02
-9.5343864E-01,1.10352E+00,4.88281E-02
-9.5342016E-01,1.12305E+00,9.76562E-03
-9.5340168E-01,1.10352E+00,6.83594E-02
-9.5338320E-01,1.12305E+00,8.78906E-02
-9.5336472E-01,1.08398E+00,9.76562E-03
-9.5334624E-01,1.08398E+00,1.26953E-01
-9.5332776E-01,1.14258E+00,8.78906E-02
-9.5330928E-01,1.10352E+00,2.92969E-02
-9.5329080E-01,1.14258E+00,6.83594E-02
-9.5327232E-01,1.18164E+00,9.76562E-03
-9.5325384E-01,1.12305E+00,4.88281E-02
-9.5323536E-01,1.08398E+00,6.83594E-02
-9.5321688E-01,1.18164E+00,9.76562E-03
-9.5319840E-01,1.08398E+00,6.83594E-02
-9.5317992E-01,1.08398E+00,9.76562E-03
-9.5316144E-01,1.06445E+00,2.92969E-02
-9.5314296E-01,1.14258E+00,9.76562E-03
-9.5312448E-01,1.10352E+00,1.46484E-01
-9.5310600E-01,1.14258E+00,9.76562E-03
-9.5308752E-01,1.08398E+00,2.92969E-02
-9.5306904E-01,1.22070E+00,2.92969E-02
-9.5305056E-01,1.08398E+00,9.76562E-03
-9.5303208E-01,1.10352E+00,4.88281E-02
-9.5301360E-01,1.14258E+00,4.88281E-02
-9.5299512E-01,1.12305E+00,4.88281E-02
-9.5297664E-01,1.14258E+00,6.83594E-02
-9.5295816E-01,1.06445E+00,9.76562E-03
-9.5293968E-01,1.10352E+00,4.88281E-02
-9.5292120E-01,1.10352E+00,-9.76562E-03
-9.5290272E-01,1.14258E+00,4.88281E-02
-9.5288424E-01,1.16211E+00,9.76562E-03
-9.5286576E-01,1.08398E+00,9.76562E-03
-9.5284728E-01,1.12305E+00,-9.76562E-03
-9.5282880E-01,1.04492E+00,9.76562E-03
-9.5281032E-01,1.18164E+00,2.92969E-02
-9.5279184E-01,1.02539E+00,6.83594E-02
-9.5277336E-01,1.16211E+00,4.88281E-02
-9.5275488E-01,1.08398E+00,4.88281E-02
-9.5273640E-01,1.14258E+00,4.88281E-02
-9.5271792E-01,1.14258E+00,9.76562E-03
-9.5269944E-01,1.08398E+00,-9.76562E-03
-9.5268096E-01,1.12305E+00,8.78906E-02
-9.5266248E-01,1.08398E+00,2.92969E-02
-9.5264400E-01,1.14258E+00,4.88281E-02
-9.5262552E-01,1.14258E+00,2.92969E-02
-9.5260704E-01,1.10352E+00,2.92969E-02
-9.5258856E-01,1.10352E+00,2.92969E-02
-9.5257008E-01,1.14258E+00,4.88281E-02
-9.5255160E-01,1.14258E+00,4.88281E-02
-9.5253312E-01,1.08398E+00,9.76562E-03
-9.5251464E-01,1.20117E+00,4.88281E-02
-9.5249616E-01,1.12305E+00,6.83594E-02
-9.5247768E-01,1.12305E+00,4.88281E-02
-9.5245920E-01,1.08398E+00,6.83594E-02
-9.5244072E-01,1.08398E+00,9.76562E-03
-9.5242224E-01,1.10352E+00,4.88281E-02
-9.5240376E-01,1.14258E+00,4.88281E-02
-9.5238528E-01,1.10352E+00,9.76562E-03
-9.5236680E-01,1.14258E+00,2.92969E-02
-9.5234832E-01,1.02539E+00,1.26953E-01
-9.5232984E-01,1.14258E+00,9.76562E-03
-9.5231136E-01,1.08398E+00,6.83594E-02
-9.5229288E-01,1.06445E+00,9.76562E-03
-9.5227440E-01,1.10352E+00,6.83594E-02
-9.5225592E-01,1.08398E+00,4.88281E-02
-9.5223744E-01,1.10352E+00,4.88281E-02
-9.5221896E-01,1.08398E+00,4.88281E-02
-9.5220048E-01,1.08398E+00,1.26953E-01
-9.5218200E-01,1.14258E+00,9.76562E-03
-9.5216352E-01,1.06445E+00,6.83594E-02
-9.5214504E-01,1.12305E+00,9.76562E-03
-9.5212656E-01,1.08398E+00,4.88281E-02
-9.5210808E-01,1.08398E+00,4.88281E-02
-9.5208960E-01,1.08398E+00,6.83594E-02
-9.5207112E-01,1.08398E+00,9.76562E-03
-9.5205264E-01,1.02539E+00,6.83594E-02
-9.5203416E-01,1.14258E+00,9.76562E-03
-9.5201568E-01,1.10352E+00,2.92969E-02
-9.5199720E-01,1.14258E+00,4.88281E-02
-9.5197872E-01,1.12305E+00,9.76562E-03
-9.5196024E-01,1.14258E+00,6.83594E-02
-9.5194176E-01,1.10352E+00,2.92969E-02
-9.5192328E-01,1.14258E+00,2.92969E-02
-9.5190480E-01,1.12305E+00,9.76562E-03
-9.5188632E-01,1.08398E+00,-4.88281E-02
-9.5186784E-01,1.12305E+00,2.92969E-02
-9.5184936E-01,1.06445E+00,4.88281E-02
-9.5183088E-01,1.12305E+00,1.07422E-01
-9.5181240E-01,1.14258E+00,6.83594E-02
-9.5179392E-01,1.12305E+00,4.88281E-02
-9.5177544E-01,1.08398E+00,-4.88281E-02
-9.5175696E-01,1.18164E+00,6.83594E-02
-9.5173848E-01,1.14258E+00,9.76562E-03
-9.5172000E-01,1.12305E+00,1.07422E-01
-9.5170152E-01,1.08398E+00,9.76562E-03
-9.5168304E-01,1.12305E+00,6.83594E-02
-9.5166456E-01,1.06445E+00,-9.76562E-03
-9.5164608E-01,1.10352E+00,2.92969E-02
-9.5162760E-01,1.14258E+00,9.76562E-03
-9.5160912E-01,1.16211E+00,2.92969E-02
-9.5159064E-01,1.12305E+00,9.76562E-03
-9.5157216E-01,1.18164E+00,6.83594E-02
-9.5155368E-01,1.08398E+00,4.88281E-02
-9.5153520E-01,1.12305E+00,9.76562E-03
-9.5151672E-01,1.14258E+00,-9.76562E-03
-9.5149824E-01,1.06445E+00,2.92969E-02
-9.5147976E-01,1.14258E+00,1.07422E-01
-9.5146128E-01,1.16211E+00,8.78906E-02
-9.5144280E-01,1.18164E+00,2.92969E-02
-9.5142432E-01,1.08398E+00,9.76562E-03
-9.5140584E-01,1.12305E+00,4.88281E-02
-9.5138736E-01,1.16211E+00,6.83594E-02
-9.5136888E-01,1.14258E+00,4.88281E-02
-9.5135040E-01,1.04492E+00,4.88281E-02
-9.5133192E-01,1.16211E+00,9.76562E-03
-9.5131344E-01,1.14258E+00,8.78906E-02
-9.5129496E-01,1.12305E+00,4.88281E-02
-9.5127648E-01,1.10352E+00,9.76562E-03
-9.5125800E-01,1.04492E+00,9.76562E-03
-9.5123952E-01,1.14258E+00,9.76562E-03
-9.5122104E-01,1.14258E+00,4.88281E-02
-9.5120256E-01,1.14258E+00,4.88281E-02
-9.5118408E-01,1.14258E+00,4.88281E-02
-9.5116560E-01,1.00586E+00,8.78906E-02
-9.5114712E-01,1.16211E+00,-6.83594E-02
-9.5112864E-01,1.06445E+00,-9.76562E-03
-9.5111016E-01,1.14258E+00,9.76562E-03
-9.5109168E-01,1.12305E+00,-9.76562E-03
-9.5107320E-01,1.06445E+00,4.88281E-02
-9.5105472E-01,1.10352E+00,6.83594E-02
-9.5103624E-01,1.18164E+00,2.92969E-02
-9.5101776E-01,1.14258E+00,6.83594E-02
-9.5099928E-01,1.14258E+00,-9.76562E-03
-9.5098080E-01,1.10352E+00,2.92969E-02
-9.5096232E-01,1.16211E+00,4.88281E-02
-9.5094384E-01,1.12305E+00,1.07422E-01
-9.5092536E-01,1.10352E+00,9.76562E-03
-9.5090688E-01,1.08398E+00,9.76562E-03
-9.5088840E-01,1.14258E+00,9.76562E-03
-9.5086992E-01,1.04492E+00,9.76562E-03
-9.5085144E-01,1.14258E+00,9.76562E-03
-9.5083296E-01,1.10352E+00,4.88281E-02
-9.5081448E-01,1.12305E+00,2.92969E-02
-9.5079600E-01,1.06445E+00,9.76562E-03
-9.5077752E-01,1.08398E+00,9.76562E-03
-9.5075904E-01,1.10352E+00,2.92969E-02
-9.5074056E-01,1.16211E+00,4.88281E-02
-9.5072208E-01,1.10352E+00,2.92969E-02
-9.5070360E-01,1.14258E+00,6.83594E-02
-9.5068512E-01,1.12305E+00,-4.88281E-02
-9.5066664E-01,1.14258E+00,-9.76562E-03
-9.5064816E-01,1.14258E+00,2.92969E-02
-9.5062968E-01,1.14258E+00,9.76562E-03
-9.5061120E-01,1.12305E+00,8.78906E-02
-9.5059272E-01,1.14258E+00,-2.92969E-02
-9.5057424E-01,1.02539E+00,2.92969E-02
-9.5055576E-01,1.02539E+00,8.78906E-02
-9.5053728E-01,1.08398E+00,4.88281E-02
-9.5051880E-01,1.14258E+00,4.88281E-02
-9.5050032E-01,1.14258E+00,4.88281E-02
-9.5048184E-01,1.14258E+00,6.83594E-02
-9.5046336E-01,1.12305E+00,2.92969E-02
-9.5044488E-01,1.14258E+00,2.92969E-02
-9.5042640E-01,1.14258E+00,9.76562E-03
-9.5040792E-01,1.14258E+00,9.76562E-03
-9.5038944E-01,1.14258E+00,2.92969E-02
-9.5037096E-01,1.08398E+00,6.83594E-02
-9.5035248E-01,1.16211E+00,4.88281E-02
-9.5033400E-01,1.14258E+00,6.83594E-02
-9.5031552E-01,1.08398E+00,2.92969E-02
-9.5029704E-01,1.08398E+00,9.76562E-03
-9.5027856E-01,1.12305E+00,6.83594E-02
-9.5026008E-01,1.14258E+00,4.88281E-02
-9.5024160E-01,1.08398E+00,8.78906E-02
-9.5022312E-01,1.14258E+00,1.07422E-01
-9.5020464E-01,1.14258E+00,1.07422E-01
-9.5018616E-01,1.12305E+00,9.76562E-03
-9.5016768E-01,1.10352E+00,4.88281E-02
-9.5014920E-01,1.14258E+00,2.92969E-02
-9.5013072E-01,1.08398E+00,4.88281E-02
-9.5011224E-01,1.20117E+00,9.76562E-03
-9.5009376E-01,1.16211E+00,-2.92969E-02
-9.5007528E-01,1.14258E+00,6.83594E-02
-9.5005680E-01,1.12305E+00,4.88281E-02
-9.5003832E-01,1.14258E+00,6.83594E-02
-9.5001984E-01,1.04492E+00,9.76562E-03
-9.5000136E-01,1.12305E+00,2.92969E-02
-9.4998288E-01,1.10352E+00,6.83594E-02
-9.4996440E-01,1.02539E+00,2.92969E-02
-9.4994592E-01,1.10352E+00,2.92969E-02
-9.4992744E-01,1.12305E+00,4.88281E-02
-9.4990896E-01,1.14258E+00,2.92969E-02
-9.4989048E-01,1.10352E+00,9.76562E-03
-9.4987200E-01,1.10352E+00,4.88281E-02
-9.4985352E-01,1.10352E+00,2.92969E-02
-9.4983504E-01,1.08398E+00,4.88281E-02
-9.4981656E-01,1.16211E+00,4.88281E-02
-9.4979808E-01,1.10352E+00,4.88281E-02
-9.4977960E-01,1.22070E+00,6.83594E-02
-9.4976112E-01,1.10352E+00,4.88281E-02
-9.4974264E-01,1.08398E+00,9.76562E-03
-9.4972416E-01,1.14258E+00,4.88281E-02
-9.4970568E-01,1.08398E+00,-2.92969E-02
-9.4968720E-01,1.12305E+00,2.92969E-02
-9.4966872E-01,1.12305E+00,-2.92969E-02
-9.4965024E-01,1.08398E+00,4.88281E-02
-9.4963176E-01,1.08398E+00,-2.92969E-02
-9.4961328E-01,1.10352E+00,9.76562E-03
-9.4959480E-01,1.12305E+00,9.76562E-03
-9.4957632E-01,1.12305E+00,8.78906E-02
-9.4955784E-01,1.20117E+00,9.76562E-03
-9.4953936E-01,1.06445E+00,2.92969E-02
-9.4952088E-01,1.24023E+00,-9.76562E-03
-9.4950240E-01,1.12305E+00,9.76562E-03
-9.4948392E-01,1.14258E+00,9.76562E-03
-9.4946544E-01,1.12305E+00,4.88281E-02
-9.4944696E-01,1.10352E+00,2.92969E-02
-9.4942848E-01,1.10352E+00,1.07422E-01
-9.4941000E-01,1.08398E+00,4.88281E-02
-9.4939152E-01,1.08398E+00,2.92969E-02
-9.4937304E-01,1.12305E+00,9.76562E-03
-9.4935456E-01,1.08398E+00,9.76562E-03
-9.4933608E-01,1.20117E+00,1.07422E-01
-9.4931760E-01,1.16211E+00,-4.88281E-02
-9.4929912E-01,1.16211E+00,9.76562E-03
-9.4928064E-01,1.14258E+00,2.92969E-02
-9.4926216E-01,1.12305E+00,2.92969E-02
-9.4924368E-01,1.10352E+00,9.76562E-03
-9.4922520E-01,1.14258E+00,9.76562E-03
-9.4920672E-01,1.08398E+00,6.83594E-02
-9.4918824E-01,1.10352E+00,-9.76562E-03
-9.4916976E-01,1.20117E+00,6.83594E-02
-9.4915128E-01,1.14258E+00,9.76562E-03
-9.4913280E-01,1.12305E+00,4.88281E-02
-9.4911432E-01,1.24023E+00,2.92969E-02
-9.4909584E-01,1.12305E+00,4.88281E-02
-9.4907736E-01,1.10352E+00,4.88281E-02
-9.4905888E-01,1.16211E+00,2.92969E-02
-9.4904040E-01,1.18164E+00,4.88281E-02
-9.4902192E-01,1.12305E+00,4.88281E-02
-9.4900344E-01,1.14258E+00,2.92969E-02
-9.4898496E-01,1.08398E+00,4.88281E-02
-9.4896648E-01,1.06445E+00,-9.76562E-03
-9.4894800E-01,1.12305E+00,4.88281E-02
-9.4892952E-01,1.14258E+00,9.76562E-03
-9.4891104E-01,1.10352E+00,9.76562E-03
-9.4889256E-01,1.18164E+00,9.76562E-03
-9.4887408E-01,1.10352E+00,6.83594E-02
-9.4885560E-01,1.14258E+00,4.88281E-02
-9.4883712E-01,1.02539E+00,8.78906E-02
-9.4881864E-01,1.18164E+00,-6.83594E-02
-9.4880016E-01,1.14258E+00,4.88281E-02
-9.4878168E-01,1.12305E+00,2.92969E-02
-9.4876320E-01,1.18164E+00,4.88281E-02
-9.4874472E-01,1.14258E+00,-4.88281E-02
-9.4872624E-01,1.12305E+00,4.88281E-02
-9.4870776E-01,1.14258E+00,-9.76562E-03
-9.4868928E-01,1.06445E+00,2.92969E-02
-9.4867080E-01,1.08398E+00,2.92969E-02
-9.4865232E-01,1.10352E+00,-9.76562E-03
-9.4863384E-01,1.14258E+00,9.76562E-03
-9.4861536E-01,1.14258E+00,6.83594E-02
-9.4859688E-01,1.16211E+00,2.92969E-02
-9.4857840E-01,1.14258E+00,4.88281E-02
-9.4855992E-01,1.14258E+00,9.76562E-03
-9.4854144E-01,1.10352E+00,4.88281E-02
-9.4852296E-01,1.14258E+00,8.78906E-02
-9.4850448E-01,1.16211E+00,4.88281E-02
-9.4848600E-01,1.16211E+00,9.76562E-03
-9.4846752E-01,1.14258E+00,2.92969E-02
-9.4844904E-01,1.14258E+00,9.76562E-03
-9.4843056E-01,1.14258E+00,2.92969E-02
-9.4841208E-01,1.20117E+00,2.92969E-02
-9.4839360E-01,1.14258E+00,2.92969E-02
-9.4837512E-01,1.14258E+00,4.88281E-02
-9.4835664E-01,1.16211E+00,4.88281E-02
-9.4833816E-01,1.14258E+00,9.76562E-03
-9.4831968E-01,1.08398E+00,4.88281E-02
-9.4830120E-01,1.16211E+00,2.92969E-02
-9.4828272E-01,1.18164E+00,2.92969E-02
-9.4826424E-01,1.18164E+00,8.78906E-02
-9.4824576E-01,1.08398E+00,6.83594E-02
-9.4822728E-01,1.18164E+00,9.76562E-03
-9.4820880E-01,1.16211E+00,1.26953E-01
-9.4819032E-01,1.14258E+00,9.76562E-03
-9.4817184E-01,1.12305E+00,9.76562E-03
-9.4815336E-01,1.18164E+00,4.88281E-02
-9.4813488E-01,1.14258E+00,4.88281E-02
-9.4811640E-01,1.12305E+00,4.88281E-02
-9.4809792E-01,1.12305E+00,8.78906E-02
-9.4807944E-01,1.10352E+00,-6.83594E-02
-9.4806096E-01,1.14258E+00,6.83594E-02
-9.4804248E-01,1.12305E+00,-9.76562E-03
-9.4802400E-01,1.14258E+00,9.76562E-03
-9.4800552E-01,1.12305E+00,9.76562E-03
-9.4798704E-01,1.08398E+00,2.92969E-02
-9.4796856E-01,1.16211E+00,9.76562E-03
-9.4795008E-01,1.14258E+00,2.92969E-02
-9.4793160E-01,1.12305E+00,-9.76562E-03
-9.4791312E-01,1.08398E+00,6.83594E-02
-9.4789464E-01,1.14258E+00,6.83594E-02
-9.4787616E-01,1.12305E+00,6.83594E-02
-9.4785768E-01,1.10352E+00,4.88281E-02
-9.4783920E-01,1.08398E+00,8.78906E-02
-9.4782072E-01,1.18164E+00,9.76562E-03
-9.4780224E-01,1.16211E+00,4.88281E-02
-9.4778376E-01,1.14258E+00,9.76562E-03
-9.4776528E-01,1.12305E+00,2.92969E-02
-9.4774680E-01,1.16211E+00,9.76562E-03
-9.4772832E-01,1.12305E+00,9.76562E-03
-9.4770984E-01,1.18164E+00,6.83594E-02
-9.4769136E-01,1.12305E+00,9.76562E-03
-9.4767288E-01,1.10352E+00,-9.76562E-03
-9.4765440E-01,1.12305E+00,4.88281E-02
-9.4763592E-01,1.20117E+00,9.76562E-03
-9.4761744E-01,1.10352E+00,9.76562E-03
-9.4759896E-01,1.14258E+00,8.78906E-02
-9.4758048E-01,1.12305E+00,9.76562E-03
-9.4756200E-01,1.16211E+00,2.92969E-02
-9.4754352E-01,1.08398E+00,4.88281E-02
-9.4752504E-01,1.18164E+00,9.76562E-03
-9.4750656E-01,1.14258E+00,9.76562E-03
-9.4748808E-01,1.14258E+00,6.83594E-02
-9.4746960E-01,1.08398E+00,9.76562E-03
-9.4745112E-01,1.10352E+00,6.83594E-02
-9.4743264E-01,1.10352E+00,4.88281E-02
-9.4741416E-01,1.14258E+00,-2.92969E-02
-9.4739568E-01,1.12305E+00,4.88281E-02
-9.4737720E-01,1.16211E+00,4.88281E-02
-9.4735872E-01,1.16211E+00,1.07422E-01
-9.4734024E-01,1.12305E+00,2.92969E-02
-9.4732176E-01,1.14258E+00,9.76562E-03
-9.4730328E-01,1.16211E+00,9.76562E-03
-9.4728480E-01,1.14258E+00,4.88281E-02
-9.4726632E-01,1.06445E+00,6.83594E-02
-9.4724784E-01,1.08398E+00,2.92969E-02
-9.4722936E-01,1.14258E+00,4.88281E-02
-9.4721088E-01,1.18164E+00,9.76562E-03
-9.4719240E-01,1.14258E+00,9.76562E-03
-9.4717392E-01,1.10352E+00,9.76562E-03
-9.4715544E-01,1.14258E+00,4.88281E-02
-9.4713696E-01,1.14258E+00,1.07422E-01
-9.4711848E-01,1.14258E+00,9.76562E-03
-9.4710000E-01,1.10352E+00,6.83594E-02
-9.4708152E-01,1.20117E+00,9.76562E-03
-9.4706304E-01,1.16211E+00,6.83594E-02
-9.4704456E-01,1.16211E+00,4.88281E-02
-9.4702608E-01,1.18164E+00,6.83594E-02
-9.4700760E-01,1.12305E+00,-2.92969E-02
-9.4698912E-01,1.14258E+00,4.88281E-02
-9.4697064E-01,1.14258E+00,9.76562E-03
-9.4695216E-01,1.08398E+00,2.92969E-02
-9.4693368E-01,1.14258E+00,-9.76562E-03
-9.4691520E-01,1.12305E+00,1.07422E-01
-9.4689672E-01,1.14258E+00,2.92969E-02
-9.4687824E-01,1.10352E+00,9.76562E-03
-9.4685976E-01,1.22070E+00,6.83594E-02
-9.4684128E-01,1.22070E+00,2.92969E-02
-9.4682280E-01,1.14258E+00,-9.76562E-03
-9.4680432E-01,1.18164E+00,9.76562E-03
-9.4678584E-01,1.16211E+00,4.88281E-02
-9.4676736E-01,1.12305E+00,-9.76562E-03
-9.4674888E-01,1.14258E+00,6.83594E-02
-9.4673040E-01,1.10352E+00,6.83594E-02
-9.4671192E-01,1.08398E+00,4.88281E-02
-9.4669344E-01,1.10352E+00,4.88281E-02
-9.4667496E-01,1.18164E+00,2.92969E-02
-9.4665648E-01,1.12305E+00,4.88281E-02
-9.4663800E-01,1.12305E+00,4.88281E-02
-9.4661952E-01,1.06445E+00,6.83594E-02
-9.4660104E-01,1.12305E+00,2.92969E-02
-9.4658256E-01,1.10352E+00,4.88281E-02
-9.4656408E-01,1.22070E+00,2.92969E-02
-9.4654560E-01,1.18164E+00,6.83594E-02
-9.4652712E-01,1.10352E+00,9.76562E-03
-9.4650864E-01,1.06445E+00,4.88281E-02
-9.4649016E-01,1.24023E+00,2.92969E-02
-9.4647168E-01,1.10352E+00,2.92969E-02
-9.4645320E-01,1.20117E+00,2.92969E-02
-9.4643472E-01,1.14258E+00,6.83594E-02
-9.4641624E-01,1.16211E+00,-2.92969E-02
-9.4639776E-01,1.16211E+00,6.83594E-02
-9.4637928E-01,1.16211E+00,-9.76562E-03
-9.4636080E-01,1.10352E+00,8.78906E-02
-9.4634232E-01,1.14258E+00,9.76562E-03
-9.4632384E-01,1.12305E+00,-4.88281E-02
-9.4630536E-01,1.08398E+00,-9.76562E-03
-9.4628688E-01,1.14258E+00,4.88281E-02
-9.4626840E-01,1.14258E+00,-2.92969E-02
-9.4624992E-01,1.16211E+00,4.88281E-02
-9.4623144E-01,1.18164E+00,-9.76562E-03
-9.4621296E-01,1.08398E+00,4.88281E-02
-9.4619448E-01,1.12305E+00,-9.76562E-03
-9.4617600E-01,1.14258E+00,8.78906E-02
-9.4615752E-01,1.14258E+00,9.76562E-03
-9.4613904E-01,1.14258E+00,-9.76562E-03
-9.4612056E-01,1.10352E+00,9.76562E-03
-9.4610208E-01,1.12305E+00,6.83594E-02
-9.4608360E-01,1.16211E+00,9.76562E-03
-9.4606512E-01,1.18164E+00,4.88281E-02
-9.4604664E-01,1.10352E+00,-9.76562E-03
-9.4602816E-01,1.14258E+00,8.78906E-02
-9.4600968E-01,1.12305E+00,9.76562E-03
-9.4599120E-01,1.10352E+00,4.88281E-02
-9.4597272E-01,1.04492E+00,9.76562E-03
-9.4595424E-01,1.22070E+00,4.88281E-02
-9.4593576E-01,1.14258E+00,9.76562E-03
-9.4591728E-01,1.14258E+00,4.88281E-02
-9.4589880E-01,1.08398E+00,9.76562E-03
-9.4588032E-01,1.16211E+00,6.83594E-02
-9.4586184E-01,1.14258E+00,4.88281E-02
-9.4584336E-01,1.10352E+00,-4.88281E-02
-9.4582488E-01,1.14258E+00,4.88281E-02
-9.4580640E-01,1.16211E+00,4.88281E-02
-9.4578792E-01,1.20117E+00,2.92969E-02
-9.4576944E-01,1.10352E+00,8.78906E-02
-9.4575096E-01,1.16211E+00,9.76562E-03
-9.4573248E-01,1.12305E+00,9.76562E-03
-9.4571400E-01,1.12305E+00,9.76562E-03
-9.4569552E-01,1.22070E+00,6.83594E-02
-9.4567704E-01,1.10352E+00,4.88281E-02
-9.4565856E-01,1.12305E+00,2.92969E-02
-9.4564008E-01,1.10352E+00,6.83594E-02
-9.4562160E-01,1.02539E+00,6.83594E-02
-9.4560312E-01,1.18164E+00,9.76562E-03
-9.4558464E-01,1.20117E+00,6.83594E-02
-9.4556616E-01,1.14258E+00,4.88281E-02
-9.4554768E-01,1.10352E+00,6.83594E-02
-9.4552920E-01,1.20117E+00,2.92969E-02
-9.4551072E-01,1.04492E+00,2.92969E-02
-9.4549224E-01,1.18164E+00,-2.92969E-02
-9.4547376E-01,1.18164E+00,9.76562E-03
-9.4545528E-01,1.14258E+00,9.76562E-03
-9.4543680E-01,1.16211E+00,2.92969E-02
-9.4541832E-01,1.16211E+00,6.83594E-02
-9.4539984E-01,1.16211E+00,4.88281E-02
-9.4538136E-01,1.14258E+00,2.92969E-02
-9.4536288E-01,1.12305E+00,6.83594E-02
-9.4534440E-01,1.14258E+00,4.88281E-02
-9.4532592E-01,1.12305E+00,4.88281E-02
-9.4530744E-01,1.14258E+00,-9.76562E-03
-9.4528896E-01,1.10352E+00,2.92969E-02
-9.4527048E-01,1.14258E+00,4.88281E-02
-9.4525200E-01,1.10352E+00,4.88281E-02
-9.4523352E-01,1.14258E+00,9.76562E-03
-9.4521504E-01,1.08398E+00,4.88281E-02
-9.4519656E-01,1.22070E+00,2.92969E-02
-9.4517808E-01,1.18164E+00,4.88281E-02
-9.4515960E-01,1.14258E+00,2.92969E-02
-9.4514112E-01,1.16211E+00,2.92969E-02
-9.4512264E-01,1.12305E+00,-9.76562E-03
-9.4510416E-01,1.18164E+00,6.83594E-02
-9.4508568E-01,1.22070E+00,9.76562E-03
-9.4506720E-01,1.10352E+00,6.83594E-02
-9.4504872E-01,1.08398E+00,4.88281E-02
-9.4503024E-01,1.12305E+00,4.88281E-02
-9.4501176E-01,1.14258E+00,4.88281E-02
-9.4499328E-01,1.14258E+00,9.76562E-03
-9.4497480E-01,1.08398E+00,4.88281E-02
-9.4495632E-01,1.12305E+00,6.83594E-02
-9.4493784E-01,1.14258E+00,-9.76562E-03
-9.4491936E-01,1.12305E+00,6.83594E-02
-9.4490088E-01,1.10352E+00,2.92969E-02
-9.4488240E-01,1.18164E+00,4.88281E-02
-9.4486392E-01,1.16211E+00,9.76562E-03
-9.4484544E-01,1.14258E+00,2.92969E-02
-9.4482696E-01,1.12305E+00,9.76562E-03
-9.4480848E-01,1.16211E+00,4.88281E-02
-9.4479000E-01,1.14258E+00,2.92969E-02
-9.4477152E-01,1.22070E+00,2.92969E-02
-9.4475304E-01,1.12305E+00,4.88281E-02
-9.4473456E-01,1.10352E+00,2.92969E-02
-9.4471608E-01,1.14258E+00,6.83594E-02
-9.4469760E-01,1.20117E+00,2.92969E-02
-9.4467912E-01,1.16211E+00,2.92969E-02
-9.4466064E-01,1.12305E+00,6.83594E-02
-9.4464216E-01,1.14258E+00,6.83594E-02
-9.4462368E-01,1.12305E+00,2.92969E-02
-9.4460520E-01,1.12305E+00,9.76562E-03
-9.4458672E-01,1.20117E+00,2.92969E-02
-9.4456824E-01,1.16211E+00,9.76562E-03
-9.4454976E-01,1.12305E+00,6.83594E-02
-9.4453128E-01,1.14258E+00,9.76562E-03
-9.4451280E-01,1.14258E+00,6.83594E-02
-9.4449432E-01,1.16211E+00,4.88281E-02
-9.4447584E-01,1.14258E+00,2.92969E-02
-9.4445736E-01,1.18164E+00,9.76562E-03
-9.4443888E-01,1.16211E+00,4.88281E-02
-9.4442040E-01,1.14258E+00,9.76562E-03
-9.4440192E-01,1.14258E+00,4.88281E-02
-9.4438344E-01,1.14258E+00,2.92969E-02
-9.4436496E-01,1.18164E+00,9.76562E-03
-9.4434648E-01,1.14258E+00,4.88281E-02
-9.4432800E-01,1.16211E+00,2.92969E-02
-9.4430952E-01,1.14258E+00,2.92969E-02
-9.4429104E-01,1.08398E+00,2.92969E-02
-9.4427256E-01,1.20117E+00,4.88281E-02
-9.4425408E-01,1.10352E+00,4.88281E-02
-9.4423560E-01,1.18164E+00,6.83594E-02
-9.4421712E-01,1.16211E+00,6.83594E-02
-9.4419864E-01,1.16211E+00,8.78906E-02
-9.4418016E-01,1.14258E+00,4.88281E-02
-9.4416168E-01,1.14258E+00,9.76562E-03
-9.4414320E-01,1.10352E+00,8.78906E-02
-9.4412472E-01,1.16211E+00,2.92969E-02
-9.4410624E-01,1.12305E+00,-2.92969E-02
-9.4408776E-01,1.14258E+00,9.76562E-03
-9.4406928E-01,1.14258E+00,2.92969E-02
-9.4405080E-01,1.14258E+00,2.92969E-02
-9.4403232E-01,1.16211E+00,4.88281E-02
-9.4401384E-01,1.14258E+00,4.88281E-02
-9.4399536E-01,1.16211E+00,2.92969E-02
-9.4397688E-01,1.12305E+00,2.92969E-02
-9.4395840E-01,1.14258E+00,2.92969E-02
-9.4393992E-01,1.12305E+00,9.76562E-03
-9.4392144E-01,1.16211E+00,2.92969E-02
-9.4390296E-01,1.10352E+00,6.83594E-02
-9.4388448E-01,1.18164E+00,6.83594E-02
-9.4386600E-01,1.18164E+00,4.88281E-02
-9.4384752E-01,1.18164E+00,9.76562E-03
-9.4382904E-01,1.12305E+00,2.92969E-02
-9.4381056E-01,1.18164E+00,6.83594E-02
-9.4379208E-01,1.16211E+00,9.76562E-03
-9.4377360E-01,1.06445E+00,6.83594E-02
-9.4375512E-01,1.18164E+00,4.88281E-02
-9.4373664E-01,1.14258E+00,6.83594E-02
-9.4371816E-01,1.20117E+00,9.76562E-03
-9.4369968E-01,1.16211E+00,6.83594E-02
-9.4368120E-01,1.18164E+00,6.83594E-02
-9.4366272E-01,1.16211E+00,2.92969E-02
-9.4364424E-01,1.14258E+00,4.88281E-02
-9.4362576E-01,1.18164E+00,8.78906E-02
-9.4360728E-01,1.12305E+00,2.92969E-02
-9.4358880E-01,1.18164E+00,6.83594E-02
-9.4357032E-01,1.08398E+00,6.83594E-02
-9.4355184E-01,1.08398E+00,4.88281E-02
-9.4353336E-01,1.08398E+00,2.92969E-02
-9.4351488E-01,1.14258E+00,6.83594E-02
-9.4349640E-01,1.18164E+00,2.92969E-02
-9.4347792E-01,1.14258E+00,4.88281E-02
-9.4345944E-01,1.20117E+00,-9.76562E-03
-9.4344096E-01,1.22070E+00,4.88281E-02
-9.4342248E-01,1.14258E+00,9.76562E-03
-9.4340400E-01,1.06445E+00,2.92969E-02
-9.4338552E-01,1.14258E+00,4.88281E-02
-9.4336704E-01,1.12305E+00,2.92969E-02
-9.4334856E-01,1.14258E+00,2.92969E-02
-9.4333008E-01,1.20117E+00,4.88281E-02
-9.4331160E-01,1.14258E+00,2.92969E-02
-9.4329312E-01,1.24023E+00,9.76562E-03
-9.4327464E-01,1.14258E+00,4.88281E-02
-9.4325616E-01,1.04492E+00,1.07422E-01
-9.4323768E-01,1.14258E+00,2.92969E-02
-9.4321920E-01,1.10352E+00,6.83594E-02
-9.4320072E-01,1.12305E+00,6.83594E-02
-9.4318224E-01,1.16211E+00,4.88281E-02
-9.4316376E-01,1.22070E+00,9.76562E-03
-9.4314528E-01,1.16211E+00,8.78906E-02
-9.4312680E-01,1.10352E+00,9.76562E-03
-9.4310832E-01,1.14258E+00,6.83594E-02
-9.4308984E-01,1.12305E+00,2.92969E-02
-9.4307136E-01,1.16211E+00,4.88281E-02
-9.4305288E-01,1.22070E+00,-9.76562E-03
-9.4303440E-01,1.18164E+00,4.88281E-02
-9.4301592E-01,1.16211E+00,9.76562E-03
-9.4299744E-01,1.14258E+00,4.88281E-02
-9.4297896E-01,1.16211E+00,9.76562E-03
-9.4296048E-01,1.10352E+00,6.83594E-02
-9.4294200E-01,1.14258E+00,2.92969E-02
-9.4292352E-01,1.16211E+00,2.92969E-02
-9.4290504E-01,1.16211E+00,-2.92969E-02
-9.4288656E-01,1.10352E+00,4.88281E-02
-9.4286808E-01,1.14258E+00,-9.76562E-03
-9.4284960E-01,1.14258E+00,4.88281E-02
-9.4283112E-01,1.10352E+00,4.88281E-02
-9.4281264E-01,1.16211E+00,6.83594E-02
-9.4279416E-01,1.14258E+00,9.76562E-03
-9.4277568E-01,1.18164E+00,9.76562E-03
-9.4275720E-01,1.16211E+00,-9.76562E-03
-9.4273872E-01,1.16211E+00,2.92969E-02
-9.4272024E-01,1.12305E+00,-9.76562E-03
-9.4270176E-01,1.14258E+00,4.88281E-02
-9.4268328E-01,1.16211E+00,-9.76562E-03
-9.4266480E-01,1.16211E+00,4.88281E-02
-9.4264632E-01,1.10352E+00,4.88281E-02
-9.4262784E-01,1.12305E+00,-2.92969E-02
-9.4260936E-01,1.22070E+00,4.88281E-02
-9.4259088E-01,1.18164E+00,2.92969E-02
-9.4257240E-01,1.14258E+00,-9.76562E-03
-9.4255392E-01,1.16211E+00,4.88281E-02
-9.4253544E-01,1.14258E+00,9.76562E-03
-9.4251696E-01,1.12305E+00,-9.76562E-03
-9.4249848E-01,1.14258E+00,9.76562E-03
-9.4248000E-01,1.14258E+00,6.83594E-02
-9.4246152E-01,1.10352E+00,-2.92969E-02
-9.4244304E-01,1.06445E+00,4.88281E-02
-9.4242456E-01,1.18164E+00,9.76562E-03
-9.4240608E-01,1.04492E+00,4.88281E-02
-9.4238760E-01,1.20117E+00,-9.76562E-03
-9.4236912E-01,1.14258E+00,4.88281E-02
-9.4235064E-01,1.18164E+00,2.92969E-02
-9.4233216E-01,1.16211E+00,4.88281E-02
-9.4231368E-01,1.22070E+00,4.88281E-02
-9.4229520E-01,1.12305E+00,4.88281E-02
-9.4227672E-01,1.18164E+00,4.88281E-02
-9.4225824E-01,1.10352E+00,-9.76562E-03
-9.4223976E-01,1.18164E+00,-2.92969E-02
-9.4222128E-01,1.25977E+00,9.76562E-03
-9.4220280E-01,1.14258E+00,-9.76562E-03
-9.4218432E-01,1.10352E+00,4.88281E-02
-9.4216584E-01,1.14258E+00,9.76562E-03
-9.4214736E-01,1.08398E+00,2.92969E-02
-9.4212888E-01,1.20117E+00,9.76562E-03
-9.4211040E-01,1.18164E+00,2.92969E-02
-9.4209192E-01,1.14258E+00,9.76562E-03
-9.4207344E-01,1.18164E+00,6.83594E-02
-9.4205496E-01,1.20117E+00,8.78906E-02
-9.4203648E-01,1.14258E+00,2.92969E-02
-9.4201800E-01,1.16211E+00,9.76562E-03
-9.4199952E-01,1.12305E+00,4.88281E-02
-9.4198104E-01,1.20117E+00,-9.76562E-03
-9.4196256E-01,1.18164E+00,2.92969E-02
-9.4194408E-01,1.18164E+00,9.76562E-03
-9.4192560E-01,1.02539E+00,6.83594E-02
-9.4190712E-01,1.18164E+00,6.83594E-02
-9.4188864E-01,1.14258E+00,4.88281E-02
-9.4187016E-01,1.14258E+00,2.92969E-02
-9.4185168E-01,1.16211E+00,2.92969E-02
-9.4183320E-01,1.16211E+00,9.76562E-03
-9.4181472E-01,1.08398E+00,1.07422E-01
-9.4179624E-01,1.14258E+00,9.76562E-03
-9.4177776E-01,1.02539E+00,9.76562E-03
-9.4175928E-01,1.08398E+00,9.76562E-03
-9.4174080E-01,1.16211E+00,4.88281E-02
-9.4172232E-01,1.16211E+00,9.76562E-03
-9.4170384E-01,1.16211E+00,6.83594E-02
-9.4168536E-01,1.14258E+00,4.88281E-02
-9.4166688E-01,1.14258E+00,4.88281E-02
-9.4164840E-01,1.10352E+00,9.76562E-03
-9.4162992E-01,1.20117E+00,2.92969E-02
-9.4161144E-01,1.18164E+00,2.92969E-02
-9.4159296E-01,1.14258E+00,2.92969E-02
-9.4157448E-01,1.16211E+00,6.83594E-02
-9.4155600E-01,1.16211E+00,6.83594E-02
-9.4153752E-01,1.20117E+00,2.92969E-02
-9.4151904E-01,1.12305E+00,2.92969E-02
-9.4150056E-01,1.14258E+00,4.88281E-02
-9.4148208E-01,1.08398E+00,4.88281E-02
-9.4146360E-01,1.14258E+00,-9.76562E-03
-9.4144512E-01,1.14258E+00,6.83594E-02
-9.4142664E-01,1.14258E+00,4.88281E-02
-9.4140816E-01,1.10352E+00,4.88281E-02
-9.4138968E-01,1.14258E+00,2.92969E-02
-9.4137120E-01,1.20117E+00,2.92969E-02
-9.4135272E-01,1.18164E+00,-2.92969E-02
-9.4133424E-01,1.14258E+00,4.88281E-02
-9.4131576E-01,1.12305E+00,2.92969E-02
-9.4129728E-01,1.16211E+00,4.88281E-02
-9.4127880E-01,1.16211E+00,2.92969E-02
-9.4126032E-01,1.14258E+00,1.07422E-01
-9.4124184E-01,1.12305E+00,2.92969E-02
-9.4122336E-01,1.20117E+00,6.83594E-02
-9.4120488E-01,1.16211E+00,9.76562E-03
-9.4118640E-01,1.12305E+00,6.83594E-02
-9.4116792E-01,1.14258E+00,9.76562E-03
-9.4114944E-01,1.08398E+00,9.76562E-03
-9.4113096E-01,1.14258E+00,2.92969E-02
-9.4111248E-01,1.08398E+00,6.83594E-02
-9.4109400E-01,1.20117E+00,9.76562E-03
-9.4107552E-01,1.22070E+00,2.92969E-02
-9.4105704E-01,1.18164E+00,-9.76562E-03
-9.4103856E-01,1.20117E+00,2.92969E-02
-9.4102008E-01,1.22070E+00,4.88281E-02
-9.4100160E-01,1.20117E+00,6.83594E-02
-9.4098312E-01,1.20117E+00,4.88281E-02
-9.4096464E-01,1.16211E+00,2.92969E-02
-9.4094616E-01,1.18164E+00,-9.76562E-03
-9.4092768E-01,1.14258E+00,4.88281E-02
-9.4090920E-01,1.16211E+00,2.92969E-02
-9.4089072E-01,1.20117E+00,9.76562E-03
-9.4087224E-01,1.14258E+00,4.88281E-02
-9.4085376E-01,1.18164E+00,4.88281E-02
-9.4083528E-01,1.18164E+00,6.83594E-02
-9.4081680E-01,1.12305E+00,2.92969E-02
-9.4079832E-01,1.14258E+00,9.76562E-03
-9.4077984E-01,1.10352E+00,4.88281E-02
-9.4076136E-01,1.14258E+00,-9.76562E-03
-9.4074288E-01,1.08398E+00,-9.76562E-03
-9.4072440E-01,1.16211E+00,9.76562E-03
-9.4070592E-01,1.12305E+00,6.83594E-02
-9.4068744E-01,1.10352E+00,2.92969E-02
-9.4066896E-01,1.16211E+00,9.76562E-03
-9.4065048E-01,1.18164E+00,9.76562E-03
-9.4063200E-01,1.14258E+00,6.83594E-02
-9.4061352E-01,1.12305E+00,9.76562E-03
-9.4059504E-01,1.10352E+00,4.88281E-02
-9.4057656E-01,1.18164E+00,9.76562E-03
-9.4055808E-01,1.10352E+00,6.83594E-02
-9.4053960E-01,1.20117E+00,4.88281E-02
-9.4052112E-01,1.18164E+00,1.26953E-01
-9.4050264E-01,1.14258E+00,2.92969E-02
-9.4048416E-01,1.08398E+00,4.88281E-02
-9.4046568E-01,1.14258E+00,-2.92969E-02
-9.4044720E-01,1.10352E+00,8.78906E-02
-9.4042872E-01,1.14258E+00,-2.92969E-02
-9.4041024E-01,1.14258E+00,6.83594E-02
-9.4039176E-01,1.18164E+00,9.76562E-03
-9.4037328E-01,1.12305E+00,9.76562E-03
-9.4035480E-01,1.18164E+00,6.83594E-02
-9.4033632E-01,1.12305E+00,2.92969E-02
-9.4031784E-01,1.20117E+00,4.88281E-02
-9.4029936E-01,1.16211E+00,6.83594E-02
-9.4028088E-01,1.14258E+00,2.92969E-02
-9.4026240E-01,1.25977E+00,2.92969E-02
-9.4024392E-01,1.14258E+00,9.76562E-03
-9.4022544E-01,1.12305E+00,6.83594E-02
-9.4020696E-01,1.14258E+00,4.88281E-02
-9.4018848E-01,1.22070E+00,6.83594E-02
-9.4017000E-01,1.14258E+00,-9.76562E-03
-9.4015152E-01,1.18164E+00,1.07422E-01
-9.4013304E-01,1.20117E+00,1.07422E-01
-9.4011456E-01,1.16211E+00,2.92969E-02
-9.4009608E-01,1.20117E+00,4.88281E-02
-9.4007760E-01,1.20117E+00,4.88281E-02
-9.4005912E-01,1.14258E+00,-9.76562E-03
-9.4004064E-01,1.18164E+00,2.92969E-02
-9.4002216E-01,1.12305E+00,4.88281E-02
-9.4000368E-01,1.16211E+00,9.76562E-03
-9.3998520E-01,1.12305E+00,2.92969E-02
-9.3996672E-01,1.16211E+00,-4.88281E-02
-9.3994824E-01,1.14258E+00,4.88281E-02
-9.3992976E-01,1.12305E+00,2.92969E-02
-9.3991128E-01,1.18164E+00,9.76562E-03
-9.3989280E-01,1.18164E+00,9.76562E-03
-9.3987432E-01,1.20117E+00,9.76562E-03
-9.3985584E-01,1.14258E+00,9.76562E-03
-9.3983736E-01,1.12305E+00,6.83594E-02
-9.3981888E-01,1.12305E+00,9.76562E-03
-9.3980040E-01,1.14258E+00,9.76562E-03
-9.3978192E-01,1.16211E+00,6.83594E-02
-9.3976344E-01,1.20117E+00,9.76562E-03
-9.3974496E-01,1.10352E+00,2.92969E-02
-9.3972648E-01,1.14258E+00,6.83594E-02
-9.3970800E-01,1.14258E+00,1.26953E-01
-9.3968952E-01,1.16211E+00,-2.92969E-02
-9.3967104E-01,1.12305E+00,9.76562E-03
-9.3965256E-01,1.16211E+00,4.88281E-02
-9.3963408E-01,1.14258E+00,-9.76562E-03
-9.3961560E-01,1.14258E+00,9.76562E-03
-9.3959712E-01,1.14258E+00,2.92969E-02
-9.3957864E-01,1.14258E+00,-2.92969E-02
-9.3956016E-01,1.08398E+00,9.76562E-03
-9.3954168E-01,1.20117E+00,-9.76562E-03
-9.3952320E-01,1.14258E+00,9.76562E-03
-9.3950472E-01,1.24023E+00,4.88281E-02
-9.3948624E-01,1.10352E+00,9.76562E-03
-9.3946776E-01,1.14258E+00,2.92969E-02
-9.3944928E-01,1.10352E+00,2.92969E-02
-9.3943080E-01,1.14258E+00,4.88281E-02
-9.3941232E-01,1.12305E+00,9.76562E-03
-9.3939384E-01,1.18164E+00,4.88281E-02
-9.3937536E-01,1.08398E+00,4.88281E-02
-9.3935688E-01,1.12305E+00,2.92969E-02
-9.3933840E-01,1.20117E+00,4.88281E-02
-9.3931992E-01,1.18164E+00,9.76562E-03
-9.3930144E-01,1.14258E+00,4.88281E-02
-9.3928296E-01,1.18164E+00,-2.92969E-02
-9.3926448E-01,1.16211E+00,4.88281E-02
-9.3924600E-01,1.16211E+00,9.76562E-03
-9.3922752E-01,1.12305E+00,9.76562E-03
-9.3920904E-01,1.18164E+00,-9.76562E-03
-9.3919056E-01,1.18164E+00,4.88281E-02
-9.3917208E-01,1.20117E+00,1.07422E-01
-9.3915360E-01,1.22070E+00,2.92969E-02
-9.3913512E-01,1.18164E+00,9.76562E-03
-9.3911664E-01,1.16211E+00,9.76562E-03
-9.3909816E-01,1.14258E+00,9.76562E-03
-9.3907968E-01,1.14258E+00,2.92969E-02
-9.3906120E-01,1.24023E+00,4.88281E-02
-9.3904272E-01,1.20117E+00,2.92969E-02
-9.3902424E-01,1.14258E+00,4.88281E-02
-9.3900576E-01,1.14258E+00,2.92969E-02
-9.3898728E-01,1.16211E+00,-9.76562E-03
-9.3896880E-01,1.12305E+00,8.78906E-02
-9.3895032E-01,1.12305E+00,-9.76562E-03
-9.3893184E-01,1.18164E+00,4.88281E-02
-9.3891336E-01,1.20117E+00,2.92969E-02
-9.3889488E-01,1.16211E+00,4.88281E-02
-9.3887640E-01,1.16211E+00,2.92969E-02
-9.3885792E-01,1.24023E+00,4.88281E-02
-9.3883944E-01,1.10352E+00,9.76562E-03
-9.3882096E-01,1.20117E+00,9.76562E-03
-9.3880248E-01,1.20117E+00,9.76562E-03
-9.3878400E-01,1.14258E+00,9.76562E-03
-9.3876552E-01,1.20117E+00,-9.76562E-03
-9.3874704E-01,1.08398E+00,6.83594E-02
-9.3872856E-01,1.20117E+00,9.76562E-03
-9.3871008E-01,1.14258E+00,9.76562E-03
-9.3869160E-01,1.22070E+00,9.76562E-03
-9.3867312E-01,1.18164E+00,4.88281E-02
-9.3865464E-01,1.14258E+00,-2.92969E-02
-9.3863616E-01,1.22070E+00,4.88281E-02
-9.3861768E-01,1.14258E+00,4.88281E-02
-9.3859920E-01,1.16211E+00,2.92969E-02
-9.3858072E-01,1.16211E+00,-9.76562E-03
-9.3856224E-01,1.14258E+00,4.88281E-02
-9.3854376E-01,1.25977E+00,2.92969E-02
-9.3852528E-01,1.20117E+00,4.88281E-02
-9.3850680E-01,1.24023E+00,-4.88281E-02
-9.3848832E-01,1.20117E+00,6.83594E-02
-9.3846984E-01,1.22070E+00,-4.88281E-02
-9.3845136E-01,1.10352E+00,2.92969E-02
-9.3843288E-01,1.14258E+00,4.88281E-02
-9.3841440E-01,1.12305E+00,9.76562E-03
-9.3839592E-01,1.20117E+00,2.92969E-02
-9.3837744E-01,1.20117E+00,2.92969E-02
-9.3835896E-01,1.22070E+00,1.07422E-01
-9.3834048E-01,1.08398E+00,4.88281E-02
-9.3832200E-01,1.16211E+00,4.88281E-02
-9.3830352E-01,1.14258E+00,4.88281E-02
-9.3828504E-01,1.14258E+00,9.76562E-03
-9.3826656E-01,1.18164E+00,4.88281E-02
-9.3824808E-01,1.22070E+00,4.88281E-02
-9.3822960E-01,1.14258E+00,2.92969E-02
-9.3821112E-01,1.16211E+00,-9.76562E-03
-9.3819264E-01,1.18164E+00,9.76562E-03
-9.3817416E-01,1.24023E+00,2.92969E-02
-9.3815568E-01,1.22070E+00,8.78906E-02
-9.3813720E-01,1.12305E+00,-9.76562E-03
-9.3811872E-01,1.20117E+00,6.83594E-02
-9.3810024E-01,1.14258E+00,6.83594E-02
-9.3808176E-01,1.10352E+00,6.83594E-02
-9.3806328E-01,1.16211E+00,2.92969E-02
-9.3804480E-01,1.18164E+00,1.26953E-01
-9.3802632E-01,1.18164E+00,9.76562E-03
-9.3800784E-01,1.10352E+00,6.83594E-02
-9.3798936E-01,1.22070E+00,9.76562E-03
-9.3797088E-01,1.10352E+00,9.76562E-03
-9.3795240E-01,1.14258E+00,4.88281E-02
-9.3793392E-01,1.22070E+00,-9.76562E-03
-9.3791544E-01,1.16211E+00,-2.92969E-02
-9.3789696E-01,1.16211E+00,2.92969E-02
-9.3787848E-01,1.20117E+00,4.88281E-02
-9.3786000E-01,1.14258E+00,9.76562E-03
-9.3784152E-01,1.14258E+00,4.88281E-02
-9.3782304E-01,1.14258E+00,6.83594E-02
-9.3780456E-01,1.10352E+00,9.76562E-03
-9.3778608E-01,1.18164E+00,6.83594E-02
-9.3776760E-01,1.16211E+00,-9.76562E-03
-9.3774912E-01,1.12305E+00,4.88281E-02
-9.3773064E-01,1.14258E+00,2.92969E-02
-9.3771216E-01,1.12305E+00,6.83594E-02
-9.3769368E-01,1.16211E+00,9.76562E-03
-9.3767520E-01,1.14258E+00,4.88281E-02
-9.3765672E-01,1.20117E+00,9.76562E-03
-9.3763824E-01,1.16211E+00,9.76562E-03
-9.3761976E-01,1.14258E+00,-4.88281E-02
-9.3760128E-01,1.16211E+00,2.92969E-02
-9.3758280E-01,1.22070E+00,9.76562E-03
-9.3756432E-01,1.16211E+00,2.92969E-02
-9.3754584E-01,1.18164E+00,9.76562E-03
-9.3752736E-01,1.25977E+00,2.92969E-02
-9.3750888E-01,1.20117E+00,2.92969E-02
-9.3749040E-01,1.16211E+00,4.88281E-02
-9.3747192E-01,1.20117E+00,9.76562E-03
-9.3745344E-01,1.10352E+00,2.92969E-02
-9.3743496E-01,1.24023E+00,9.76562E-03
-9.3741648E-01,1.14258E+00,4.88281E-02
-9.3739800E-01,1.14258E+00,2.92969E-02
-9.3737952E-01,1.14258E+00,4.88281E-02
-9.3736104E-01,1.14258E+00,2.92969E-02
-9.3734256E-01,1.22070E+00,6.83594E-02
-9.3732408E-01,1.16211E+00,-9.76562E-03
-9.3730560E-01,1.20117E+00,2.92969E-02
-9.3728712E-01,1.24023E+00,9.76562E-03
-9.3726864E-01,1.18164E+00,6.83594E-02
-9.3725016E-01,1.18164E+00,4.88281E-02
-9.3723168E-01,1.14258E+00,9.76562E-03
-9.3721320E-01,1.20117E+00,9.76562E-03
-9.3719472E-01,1.16211E+00,9.76562E-03
-9.3717624E-01,1.20117E+00,9.76562E-03
-9.3715776E-01,1.14258E+00,9.76562E-03
-9.3713928E-01,1.16211E+00,4.88281E-02
-9.3712080E-01,1.18164E+00,2.92969E-02
-9.3710232E-01,1.14258E+00,6.83594E-02
-9.3708384E-01,1.14258E+00,4.88281E-02
-9.3706536E-01,1.14258E+00,4.88281E-02
-9.3704688E-01,1.20117E+00,9.76562E-03
-9.3702840E-01,1.18164E+00,4.88281E-02
-9.3700992E-01,1.08398E+00,6.83594E-02
-9.3699144E-01,1.14258E+00,2.92969E-02
-9.3697296E-01,1.16211E+00,2.92969E-02
-9.3695448E-01,1.20117E+00,9.76562E-03
-9.3693600E-01,1.16211E+00,2.92969E-02
-9.3691752E-01,1.18164E+00,4.88281E-02
-9.3689904E-01,1.14258E+00,9.76562E-03
-9.3688056E-01,1.18164E+00,-9.76562E-03
-9.3686208E-01,1.16211E+00,4.88281E-02
-9.3684360E-01,1.22070E+00,4.88281E-02
-9.3682512E-01,1.14258E+00,4.88281E-02
-9.3680664E-01,1.18164E+00,4.88281E-02
-9.3678816E-01,1.22070E+00,6.83594E-02
-9.3676968E-01,1.14258E+00,2.92969E-02
-9.3675120E-01,1.18164E+00,6.83594E-02
-9.3673272E-01,1.18164E+00,-9.76562E-03
-9.3671424E-01,1.16211E+00,2.92969E-02
-9.3669576E-01,1.20117E+00,4.88281E-02
-9.3667728E-01,1.12305E+00,8.78906E-02
-9.3665880E-01,1.18164E+00,4.88281E-02
-9.3664032E-01,1.10352E+00,9.76562E-03
-9.3662184E-01,1.18164E+00,9.76562E-03
-9.3660336E-01,1.16211E+00,2.92969E-02
-9.3658488E-01,1.12305E+00,6.83594E-02
-9.3656640E-01,1.22070E+00,2.92969E-02
-9.3654792E-01,1.16211E+00,4.88281E-02
-9.3652944E-01,1.16211E+00,4.88281E-02
-9.3651096E-01,1.20117E+00,-9.76562E-03
-9.3649248E-01,1.18164E+00,4.88281E-02
-9.3647400E-01,1.18164E+00,2.92969E-02
-9.3645552E-01,1.20117E+00,9.76562E-03
-9.3643704E-01,1.20117E+00,9.76562E-03
-9.3641856E-01,1.18164E+00,2.92969E-02
-9.3640008E-01,1.20117E+00,9.76562E-03
-9.3638160E-01,1.08398E+00,9.76562E-03
-9.3636312E-01,1.18164E+00,4.88281E-02
-9.3634464E-01,1.22070E+00,9.76562E-03
-9.3632616E-01,1.22070E+00,4.88281E-02
-9.3630768E-01,1.20117E+00,4.88281E-02
-9.3628920E-01,1.20117E+00,-9.76562E-03
-9.3627072E-01,1.14258E+00,2.92969E-02
-9.3625224E-01,1.18164E+00,4.88281E-02
-9.3623376E-01,1.24023E+00,4.88281E-02
-9.3621528E-01,1.14258E+00,6.83594E-02
-9.3619680E-01,1.20117E+00,4.88281E-02
-9.3617832E-01,1.16211E+00,9.76562E-03
-9.3615984E-01,1.14258E+00,6.83594E-02
-9.3614136E-01,1.14258E+00,4.88281E-02
-9.3612288E-01,1.24023E+00,4.88281E-02
-9.3610440E-01,1.20117E+00,6.83594E-02
-9.3608592E-01,1.14258E+00,2.92969E-02
-9.3606744E-01,1.16211E+00,4.88281E-02
-9.3604896E-01,1.10352E+00,6.83594E-02
-9.3603048E-01,1.16211E+00,1.07422E-01
-9.3601200E-01,1.18164E+00,9.76562E-03
-9.3599352E-01,1.20117E+00,-9.76562E-03
-9.3597504E-01,1.20117E+00,2.92969E-02
-9.3595656E-01,1.20117E+00,2.92969E-02
-9.3593808E-01,1.16211E+00,9.76562E-03
-9.3591960E-01,1.22070E+00,4.88281E-02
-9.3590112E-01,1.16211E+00,4.88281E-02
-9.3588264E-01,1.18164E+00,4.88281E-02
-9.3586416E-01,1.18164E+00,4.88281E-02
-9.3584568E-01,1.25977E+00,-2.92969E-02
-9.3582720E-01,1.14258E+00,2.92969E-02
-9.3580872E-01,1.16211E+00,4.88281E-02
-9.3579024E-01,1.16211E+00,4.88281E-02
-9.3577176E-01,1.24023E+00,6.83594E-02
-9.3575328E-01,1.16211E+00,2.92969E-02
-9.3573480E-01,1.22070E+00,4.88281E-02
-9.3571632E-01,1.18164E+00,4.88281E-02
-9.3569784E-01,1.20117E+00,2.92969E-02
-9.3567936E-01,1.08398E+00,2.92969E-02
-9.3566088E-01,1.18164E+00,9.76562E-03
-9.3564240E-01,1.08398E+00,-9.76562E-03
-9.3562392E-01,1.22070E+00,4.88281E-02
-9.3560544E-01,1.18164E+00,2.92969E-02
-9.3558696E-01,1.24023E+00,2.92969E-02
-9.3556848E-01,1.20117E+00,9.76562E-03
-9.3555000E-01,1.20117E+00,9.76562E-03
-9.3553152E-01,1.16211E+00,-9.76562E-03
-9.3551304E-01,1.18164E+00,9.76562E-03
-9.3549456E-01,1.24023E+00,4.88281E-02
-9.3547608E-01,1.20117E+00,4.88281E-02
-9.3545760E-01,1.10352E+00,4.88281E-02
-9.3543912E-01,1.22070E+00,4.88281E-02
-9.3542064E-01,1.14258E+00,4.88281E-02
-9.3540216E-01,1.20117E+00,4.88281E-02
-9.3538368E-01,1.16211E+00,4.88281E-02
-9.3536520E-01,1.14258E+00,9.76562E-03
-9.3534672E-01,1.16211E+00,8.78906E-02
-9.3532824E-01,1.14258E+00,2.92969E-02
-9.3530976E-01,1.22070E+00,6.83594E-02
-9.3529128E-01,1.12305E+00,2.92969E-02
-9.3527280E-01,1.25977E+00,4.88281E-02
-9.3525432E-01,1.16211E+00,4.88281E-02
-9.3523584E-01,1.16211E+00,4.88281E-02
-9.3521736E-01,1.16211E+00,4.88281E-02
-9.3519888E-01,1.18164E+00,6.83594E-02
-9.3518040E-01,1.14258E+00,1.07422E-01
-9.3516192E-01,1.20117E+00,2.92969E-02
-9.3514344E-01,1.20117E+00,4.88281E-02
-9.3512496E-01,1.16211E+00,2.92969E-02
-9.3510648E-01,1.25977E+00,4.88281E-02
-9.3508800E-01,1.20117E+00,4.88281E-02
-9.3506952E-01,1.22070E+00,2.92969E-02
-9.3505104E-01,1.16211E+00,2.92969E-02
-9.3503256E-01,1.12305E+00,9.76562E-03
-9.3501408E-01,1.20117E+00,8.78906E-02
-9.3499560E-01,1.27930E+00,2.92969E-02
-9.3497712E-01,1.18164E+00,9.76562E-03
-9.3495864E-01,1.16211E+00,9.76562E-03
-9.3494016E-01,1.10352E+00,9.76562E-03
-9.3492168E-01,1.18164E+00,4.88281E-02
-9.3490320E-01,1.16211E+00,2.92969E-02
-9.3488472E-01,1.27930E+00,4.88281E-02
-9.3486624E-01,1.22070E+00,9.76562E-03
-9.3484776E-01,1.18164E+00,6.83594E-02
-9.3482928E-01,1.20117E+00,2.92969E-02
-9.3481080E-01,1.25977E+00,-9.76562E-03
-9.3479232E-01,1.20117E+00,8.78906E-02
-9.3477384E-01,1.20117E+00,-2.92969E-02
-9.3475536E-01,1.12305E+00,8.78906E-02
-9.3473688E-01,1.20117E+00,4.88281E-02
-9.3471840E-01,1.16211E+00,9.76562E-03
-9.3469992E-01,1.25977E+00,6.83594E-02
-9.3468144E-01,1.14258E+00,6.83594E-02
-9.3466296E-01,1.20117E+00,9.76562E-03
-9.3464448E-01,1.12305E+00,4.88281E-02
-9.3462600E-01,1.20117E+00,-9.76562E-03
-9.3460752E-01,1.16211E+00,4.88281E-02
-9.3458904E-01,1.22070E+00,9.76562E-03
-9.3457056E-01,1.16211E+00,2.92969E-02
-9.3455208E-01,1.16211E+00,2.92969E-02
-9.3453360E-01,1.22070E+00,4.88281E-02
-9.3451512E-01,1.20117E+00,9.76562E-03
-9.3449664E-01,1.25977E+00,9.76562E-03
-9.3447816E-01,1.18164E+00,-9.76562E-03
-9.3445968E-01,1.25977E+00,4.88281E-02
-9.3444120E-01,1.18164E+00,2.92969E-02
-9.3442272E-01,1.16211E+00,1.07422E-01
-9.3440424E-01,1.16211E+00,4.88281E-02
-9.3438576E-01,1.14258E+00,2.92969E-02
-9.3436728E-01,1.22070E+00,9.76562E-03
-9.3434880E-01,1.20117E+00,2.92969E-02
-9.3433032E-01,1.20117E+00,4.88281E-02
-9.3431184E-01,1.18164E+00,9.76562E-03
-9.3429336E-01,1.12305E+00,2.92969E-02
-9.3427488E-01,1.18164E+00,9.76562E-03
-9.3425640E-01,1.14258E+00,9.76562E-03
-9.3423792E-01,1.22070E+00,1.07422E-01
-9.3421944E-01,1.14258E+00,6.83594E-02
-9.3420096E-01,1.14258E+00,2.92969E-02
-9.3418248E-01,1.27930E+00,9.76562E-03
-9.3416400E-01,1.16211E+00,2.92969E-02
-9.3414552E-01,1.14258E+00,9.76562E-03
-9.3412704E-01,1.16211E+00,2.92969E-02
-9.3410856E-01,1.22070E+00,4.88281E-02
-9.3409008E-01,1.16211E+00,2.92969E-02
-9.3407160E-01,1.20117E+00,2.92969E-02
-9.3405312E-01,1.12305E+00,2.92969E-02
-9.3403464E-01,1.22070E+00,9.76562E-03
-9.3401616E-01,1.20117E+00,9.76562E-03
-9.3399768E-01,1.16211E+00,4.88281E-02
-9.3397920E-01,1.22070E+00,9.76562E-03
-9.3396072E-01,1.25977E+00,2.92969E-02
-9.3394224E-01,1.16211E+00,8.78906E-02
-9.3392376E-01,1.22070E+00,2.92969E-02
-9.3390528E-01,1.16211E+00,4.88281E-02
-9.3388680E-01,1.14258E+00,4.88281E-02
-9.3386832E-01,1.16211E+00,2.92969E-02
-9.3384984E-01,1.16211E+00,4.88281E-02
-9.3383136E-01,1.10352E+00,4.88281E-02
-9.3381288E-01,1.25977E+00,2.92969E-02
-9.3379440E-01,1.20117E+00,9.76562E-03
-9.3377592E-01,1.20117E+00,6.83594E-02
-9.3375744E-01,1.22070E+00,6.83594E-02
-9.3373896E-01,1.14258E+00,4.88281E-02
-9.3372048E-01,1.18164E+00,1.07422E-01
-9.3370200E-01,1.22070E+00,6.83594E-02
-9.3368352E-01,1.16211E+00,9.76562E-03
-9.3366504E-01,1.16211E+00,9.76562E-03
-9.3364656E-01,1.20117E+00,2.92969E-02
-9.3362808E-01,1.25977E+00,-9.76562E-03
-9.3360960E-01,1.14258E+00,4.88281E-02
-9.3359112E-01,1.14258E+00,4.88281E-02
-9.3357264E-01,1.20117E+00,2.92969E-02
-9.3355416E-01,1.16211E+00,2.92969E-02
-9.3353568E-01,1.24023E+00,6.83594E-02
-9.3351720E-01,1.16211E+00,4.88281E-02
-9.3349872E-01,1.22070E+00,-2.92969E-02
-9.3348024E-01,1.16211E+00,-9.76562E-03
-9.3346176E-01,1.20117E+00,1.07422E-01
-9.3344328E-01,1.20117E+00,-4.88281E-02
-9.3342480E-01,1.16211E+00,4.88281E-02
-9.3340632E-01,1.24023E+00,-2.92969E-02
-9.3338784E-01,1.18164E+00,6.83594E-02
-9.3336936E-01,1.20117E+00,2.92969E-02
-9.3335088E-01,1.16211E+00,-9.76562E-03
-9.3333240E-01,1.16211E+00,-2.92969E-02
-9.3331392E-01,1.20117E+00,1.07422E-01
-9.3329544E-01,1.20117E+00,4.88281E-02
-9.3327696E-01,1.14258E+00,4.88281E-02
-9.3325848E-01,1.22070E+00,4.88281E-02
-9.3324000E-01,1.18164E+00,2.92969E-02
-9.3322152E-01,1.14258E+00,4.88281E-02
-9.3320304E-01,1.27930E+00,6.83594E-02
-9.3318456E-01,1.22070E+00,-9.76562E-03
-9.3316608E-01,1.16211E+00,4.88281E-02
-9.3314760E-01,1.18164E+00,4.88281E-02
-9.3312912E-01,1.16211E+00,6.83594E-02
-9.3311064E-01,1.16211E+00,9.76562E-03
-9.3309216E-01,1.16211E+00,6.83594E-02
-9.3307368E-01,1.22070E+00,-9.76562E-03
-9.3305520E-01,1.20117E+00,4.88281E-02
-9.3303672E-01,1.18164E+00,9.76562E-03
-9.3301824E-01,1.14258E+00,2.92969E-02
-9.3299976E-01,1.22070E+00,9.76562E-03
-9.3298128E-01,1.10352E+00,8.78906E-02
-9.3296280E-01,1.16211E+00,2.92969E-02
-9.3294432E-01,1.20117E+00,2.92969E-02
-9.3292584E-01,1.20117E+00,2.92969E-02
-9.3290736E-01,1.20117E+00,2.92969E-02
-9.3288888E-01,1.18164E+00,2.92969E-02
-9.3287040E-01,1.27930E+00,6.83594E-02
-9.3285192E-01,1.18164E+00,6.83594E-02
-9.3283344E-01,1.20117E+00,4.88281E-02
-9.3281496E-01,1.14258E+00,4.88281E-02
-9.3279648E-01,1.18164E+00,6.83594E-02
-9.3277800E-01,1.18164E+00,9.76562E-03
-9.3275952E-01,1.16211E+00,2.92969E-02
-9.3274104E-01,1.20117E+00,9.76562E-03
-9.3272256E-01,1.18164E+00,4.88281E-02
-9.3270408E-01,1.22070E+00,9.76562E-03
-9.3268560E-01,1.22070E+00,6.83594E-02
-9.3266712E-01,1.24023E+00,-9.76562E-03
-9.3264864E-01,1.16211E+00,2.92969E-02
-9.3263016E-01,1.16211E+00,4.88281E-02
-9.3261168E-01,1.20117E+00,4.88281E-02
-9.3259320E-01,1.20117E+00,2.92969E-02
-9.3257472E-01,1.22070E+00,4.88281E-02
-9.3255624E-01,1.22070E+00,9.76562E-03
-9.3253776E-01,1.16211E+00,6.83594E-02
-9.3251928E-01,1.20117E+00,8.78906E-02
-9.3250080E-01,1.18164E+00,2.92969E-02
-9.3248232E-01,1.22070E+00,-9.76562E-03
-9.3246384E-01,1.16211E+00,2.92969E-02
-9.3244536E-01,1.25977E+00,2.92969E-02
-9.3242688E-01,1.18164E+00,9.76562E-03
-9.3240840E-01,1.14258E+00,8.78906E-02
-9.3238992E-01,1.18164E+00,4.88281E-02
-9.3237144E-01,1.20117E+00,2.92969E-02
-9.3235296E-01,1.12305E+00,4.88281E-02
-9.3233448E-01,1.22070E+00,9.76562E-03
-9.3231600E-01,1.16211E+00,6.83594E-02
-9.3229752E-01,1.16211E+00,2.92969E-02
-9.3227904E-01,1.16211E+00,2.92969E-02
-9.3226056E-01,1.20117E+00,4.88281E-02
-9.3224208E-01,1.12305E+00,4.88281E-02
-9.3222360E-01,1.22070E+00,-9.76562E-03
-9.3220512E-01,1.25977E+00,4.88281E-02
-9.3218664E-01,1.20117E+00,-9.76562E-03
-9.3216816E-01,1.20117E+00,4.88281E-02
-9.3214968E-01,1.20117E+00,9.76562E-03
-9.3213120E-01,1.14258E+00,2.92969E-02
-9.3211272E-01,1.22070E+00,9.76562E-03
-9.3209424E-01,1.10352E+00,2.92969E-02
-9.3207576E-01,1.20117E+00,-9.76562E-03
-9.3205728E-01,1.16211E+00,4.88281E-02
-9.3203880E-01,1.22070E+00,-2.92969E-02
-9.3202032E-01,1.16211E+00,6.83594E-02
-9.3200184E-01,1.20117E+00,9.76562E-03
-9.3198336E-01,1.16211E+00,4.88281E-02
-9.3196488E-01,1.18164E+00,2.92969E-02
-9.3194640E-01,1.18164E+00,-9.76562E-03
-9.3192792E-01,1.08398E+00,9.76562E-03
-9.3190944E-01,1.10352E+00,4.88281E-02
-9.3189096E-01,1.18164E+00,2.92969E-02
-9.3187248E-01,1.25977E+00,9.76562E-03
-9.3185400E-01,1.22070E+00,6.83594E-02
-9.3183552E-01,1.16211E+00,9.76562E-03
-9.3181704E-01,1.20117E+00,2.92969E-02
-9.3179856E-01,1.18164E+00,6.83594E-02
-9.3178008E-01,1.20117E+00,9.76562E-03
-9.3176160E-01,1.18164E+00,6.83594E-02
-9.3174312E-01,1.24023E+00,-9.76562E-03
-9.3172464E-01,1.25977E+00,1.07422E-01
-9.3170616E-01,1.20117E+00,-9.76562E-03
-9.3168768E-01,1.22070E+00,4.88281E-02
-9.3166920E-01,1.20117E+00,-9.76562E-03
-9.3165072E-01,1.14258E+00,2.92969E-02
-9.3163224E-01,1.24023E+00,-9.76562E-03
-9.3161376E-01,1.16211E+00,1.26953E-01
-9.3159528E-01,1.14258E+00,4.88281E-02
-9.3157680E-01,1.16211E+00,9.76562E-03
-9.3155832E-01,1.25977E+00,-9.76562E-03
-9.3153984E-01,1.16211E+00,4.88281E-02
-9.3152136E-01,1.18164E+00,2.92969E-02
-9.3150288E-01,1.22070E+00,2.92969E-02
-9.3148440E-01,1.18164E+00,4.88281E-02
-9.3146592E-01,1.14258E+00,4.88281E-02
-9.3144744E-01,1.20117E+00,2.92969E-02
-9.3142896E-01,1.16211E+00,6.83594E-02
-9.3141048E-01,1.24023E+00,2.92969E-02
-9.3139200E-01,1.16211E+00,6.83594E-02
-9.3137352E-01,1.18164E+00,9.76562E-03
-9.3135504E-01,1.24023E+00,4.88281E-02
-9.3133656E-01,1.20117E+00,9.76562E-03
-9.3131808E-01,1.16211E+00,9.76562E-03
-9.3129960E-01,1.14258E+00,-9.76562E-03
-9.3128112E-01,1.16211E+00,8.78906E-02
-9.3126264E-01,1.20117E+00,9.76562E-03
-9.3124416E-01,1.16211E+00,-9.76562E-03
-9.3122568E-01,1.20117E+00,9.76562E-03
-9.3120720E-01,1.14258E+00,9.76562E-03
-9.3118872E-01,1.18164E+00,2.92969E-02
-9.3117024E-01,1.08398E+00,4.88281E-02
-9.3115176E-01,1.16211E+00,9.76562E-03
-9.3113328E-01,1.20117E+00,9.76562E-03
-9.3111480E-01,1.22070E+00,4.88281E-02
-9.3109632E-01,1.16211E+00,6.83594E-02
-9.3107784E-01,1.16211E+00,9.76562E-03
-9.3105936E-01,1.24023E+00,9.76562E-03
-9.3104088E-01,1.20117E+00,9.76562E-03
-9.3102240E-01,1.14258E+00,9.76562E-03
-9.3100392E-01,1.18164E+00,2.92969E-02
-9.3098544E-01,1.22070E+00,6.83594E-02
-9.3096696E-01,1.18164E+00,9.76562E-03
-9.3094848E-01,1.14258E+00,4.88281E-02
-9.3093000E-01,1.24023E+00,6.83594E-02
-9.3091152E-01,1.18164E+00,4.88281E-02
-9.3089304E-01,1.16211E+00,4.88281E-02
-9.3087456E-01,1.20117E+00,9.76562E-03
-9.3085608E-01,1.18164E+00,-9.76562E-03
-9.3083760E-01,1.24023E+00,9.76562E-03
-9.3081912E-01,1.22070E+00,4.88281E-02
-9.3080064E-01,1.24023E+00,4.88281E-02
-9.3078216E-01,1.24023E+00,9.76562E-03
-9.3076368E-01,1.24023E+00,2.92969E-02
-9.3074520E-01,1.18164E+00,9.76562E-03
-9.3072672E-01,1.18164E+00,9.76562E-03
-9.3070824E-01,1.22070E+00,9.76562E-03
-9.3068976E-01,1.18164E+00,9.76562E-03
-9.3067128E-01,1.22070E+00,9.76562E-03
-9.3065280E-01,1.10352E+00,2.92969E-02
-9.3063432E-01,1.20117E+00,4.88281E-02
-9.3061584E-01,1.20117E+00,1.26953E-01
-9.3059736E-01,1.22070E+00,9.76562E-03
-9.3057888E-01,1.16211E+00,9.76562E-03
-9.3056040E-01,1.27930E+00,9.76562E-03
-9.3054192E-01,1.14258E+00,2.92969E-02
-9.3052344E-01,1.20117E+00,9.76562E-03
-9.3050496E-01,1.16211E+00,2.92969E-02
-9.3048648E-01,1.16211E+00,9.76562E-03
-9.3046800E-01,1.16211E+00,1.26953E-01
-9.3044952E-01,1.25977E+00,2.92969E-02
-9.3043104E-01,1.18164E+00,2.92969E-02
-9.3041256E-01,1.22070E+00,4.88281E-02
-9.3039408E-01,1.20117E+00,4.88281E-02
-9.3037560E-01,1.27930E+00,-9.76562E-03
-9.3035712E-01,1.16211E+00,6.83594E-02
-9.3033864E-01,1.22070E+00,-2.92969E-02
-9.3032016E-01,1.24023E+00,9.76562E-03
-9.3030168E-01,1.20117E+00,2.92969E-02
-9.3028320E-01,1.20117E+00,4.88281E-02
-9.3026472E-01,1.22070E+00,-9.76562E-03
-9.3024624E-01,1.08398E+00,-9.76562E-03
-9.3022776E-01,1.18164E+00,2.92969E-02
-9.3020928E-01,1.20117E+00,9.76562E-03
-9.3019080E-01,1.20117E+00,4.88281E-02
-9.3017232E-01,1.20117E+00,4.88281E-02
-9.3015384E-01,1.27930E+00,9.76562E-03
-9.3013536E-01,1.22070E+00,4.88281E-02
-9.3011688E-01,1.14258E+00,1.26953E-01
-9.3009840E-01,1.22070E+00,2.92969E-02
-9.3007992E-01,1.18164E+00,9.76562E-03
-9.3006144E-01,1.24023E+00,-9.76562E-03
-9.3004296E-01,1.27930E+00,-2.92969E-02
-9.3002448E-01,1.16211E+00,1.07422E-01
-9.3000600E-01,1.25977E+00,9.76562E-03
-9.2998752E-01,1.27930E+00,4.88281E-02
-9.2996904E-01,1.27930E+00,-9.76562E-03
-9.2995056E-01,1.20117E+00,2.92969E-02
-9.2993208E-01,1.25977E+00,9.76562E-03
-9.2991360E-01,1.27930E+00,4.88281E-02
-9.2989512E-01,1.20117E+00,9.76562E-03
-9.2987664E-01,1.14258E+00,2.92969E-02
-9.2985816E-01,1.18164E+00,2.92969E-02
-9.2983968E-01,1.18164E+00,6.83594E-02
-9.2982120E-01,1.20117E+00,-9.76562E-03
-9.2980272E-01,1.20117E+00,8.78906E-02
-9.2978424E-01,1.20117E+00,9.76562E-03
-9.2976576E-01,1.22070E+00,1.26953E-01
-9.2974728E-01,1.22070E+00,2.92969E-02
-9.2972880E-01,1.16211E+00,9.76562E-03
-9.2971032E-01,1.27930E+00,-9.76562E-03
-9.2969184E-01,1.20117E+00,1.46484E-01
-9.2967336E-01,1.20117E+00,4.88281E-02
-9.2965488E-01,1.25977E+00,6.83594E-02
-9.2963640E-01,1.20117E+00,2.92969E-02
-9.2961792E-01,1.22070E+00,9.76562E-03
-9.2959944E-01,1.24023E+00,4.88281E-02
-9.2958096E-01,1.18164E+00,9.76562E-03
-9.2956248E-01,1.25977E+00,2.92969E-02
-9.2954400E-01,1.18164E+00,2.92969E-02
-9.2952552E-01,1.27930E+00,-9.76562E-03
-9.2950704E-01,1.20117E+00,6.83594E-02
-9.2948856E-01,1.20117E+00,4.88281E-02
-9.2947008E-01,1.22070E+00,1.07422E-01
-9.2945160E-01,1.27930E+00,1.07422E-01
-9.2943312E-01,1.16211E+00,4.88281E-02
-9.2941464E-01,1.20117E+00,4.88281E-02
-9.2939616E-01,1.20117E+00,4.88281E-02
-9.2937768E-01,1.12305E+00,2.92969E-02
-9.2935920E-01,1.20117E+00,4.88281E-02
-9.2934072E-01,1.25977E+00,2.92969E-02
-9.2932224E-01,1.22070E+00,4.88281E-02
-9.2930376E-01,1.18164E+00,4.88281E-02
-9.2928528E-01,1.20117E+00,4.88281E-02
-9.2926680E-01,1.22070E+00,-4.88281E-02
-9.2924832E-01,1.18164E+00,2.92969E-02
-9.2922984E-01,1.24023E+00,-9.76562E-03
-9.2921136E-01,1.16211E+00,4.88281E-02
-9.2919288E-01,1.18164E+00,2.92969E-02
-9.2917440E-01,1.20117E+00,6.83594E-02
-9.2915592E-01,1.25977E+00,4.88281E-02
-9.2913744E-01,1.16211E+00,4.88281E-02
-9.2911896E-01,1.22070E+00,2.92969E-02
-9.2910048E-01,1.18164E+00,2.92969E-02
-9.2908200E-01,1.20117E+00,9.76562E-03
-9.2906352E-01,1.20117E+00,6.83594E-02
-9.2904504E-01,1.22070E+00,2.92969E-02
-9.2902656E-01,1.18164E+00,6.83594E-02
-9.2900808E-01,1.18164E+00,4.88281E-02
-9.2898960E-01,1.20117E+00,6.83594E-02
-9.2897112E-01,1.24023E+00,6.83594E-02
-9.2895264E-01,1.24023E+00,9.76562E-03
-9.2893416E-01,1.22070E+00,9.76562E-03
-9.2891568E-01,1.16211E+00,1.26953E-01
-9.2889720E-01,1.24023E+00,9.76562E-03
-9.2887872E-01,1.18164E+00,4.88281E-02
-9.2886024E-01,1.25977E+00,2.92969E-02
-9.2884176E-01,1.18164E+00,2.92969E-02
-9.2882328E-01,1.22070E+00,9.76562E-03
-9.2880480E-01,1.22070E+00,9.76562E-03
-9.2878632E-01,1.20117E+00,4.88281E-02
-9.2876784E-01,1.18164E+00,9.76562E-03
-9.2874936E-01,1.27930E+00,4.88281E-02
-9.2873088E-01,1.14258E+00,6.83594E-02
-9.2871240E-01,1.27930E+00,9.76562E-03
-9.2869392E-01,1.24023E+00,9.76562E-03
-9.2867544E-01,1.22070E+00,4.88281E-02
-9.2865696E-01,1.31836E+00,4.88281E-02
-9.2863848E-01,1.22070E+00,9.76562E-03
-9.2862000E-01,1.18164E+00,4.88281E-02
-9.2860152E-01,1.25977E+00,4.88281E-02
-9.2858304E-01,1.16211E+00,4.88281E-02
-9.2856456E-01,1.20117E+00,2.92969E-02
-9.2854608E-01,1.16211E+00,8.78906E-02
-9.2852760E-01,1.20117E+00,-2.92969E-02
-9.2850912E-01,1.12305E+00,8.78906E-02
-9.2849064E-01,1.24023E+00,9.76562E-03
-9.2847216E-01,1.22070E+00,-9.76562E-03
-9.2845368E-01,1.20117E+00,4.88281E-02
-9.2843520E-01,1.20117E+00,4.88281E-02
-9.2841672E-01,1.22070E+00,9.76562E-03
-9.2839824E-01,1.20117E+00,6.83594E-02
-9.2837976E-01,1.20117E+00,4.88281E-02
-9.2836128E-01,1.24023E+00,4.88281E-02
-9.2834280E-01,1.24023E+00,-4.88281E-02
-9.2832432E-01,1.16211E+00,4.88281E-02
-9.2830584E-01,1.18164E+00,2.92969E-02
-9.2828736E-01,1.24023E+00,1.07422E-01
-9.2826888E-01,1.20117E+00,9.76562E-03
-9.2825040E-01,1.24023E+00,4.88281E-02
-9.2823192E-01,1.20117E+00,4.88281E-02
-9.2821344E-01,1.25977E+00,9.76562E-03
-9.2819496E-01,1.24023E+00,9.76562E-03
-9.2817648E-01,1.20117E+00,-2.92969E-02
-9.2815800E-01,1.27930E+00,9.76562E-03
-9.2813952E-01,1.18164E+00,6.83594E-02
-9.2812104E-01,1.29883E+00,2.92969E-02
-9.2810256E-01,1.16211E+00,2.92969E-02
-9.2808408E-01,1.25977E+00,4.88281E-02
-9.2806560E-01,1.22070E+00,4.88281E-02
-9.2804712E-01,1.22070E+00,9.76562E-03
-9.2802864E-01,1.24023E+00,2.92969E-02
-9.2801016E-01,1.25977E+00,9.76562E-03
-9.2799168E-01,1.22070E+00,4.88281E-02
-9.2797320E-01,1.24023E+00,6.83594E-02
-9.2795472E-01,1.22070E+00,-9.76562E-03
-9.2793624E-01,1.24023E+00,2.92969E-02
-9.2791776E-01,1.22070E+00,4.88281E-02
-9.2789928E-01,1.22070E+00,-9.76562E-03
-9.2788080E-01,1.14258E+00,6.83594E-02
-9.2786232E-01,1.18164E+00,2.92969E-02
-9.2784384E-01,1.16211E+00,4.88281E-02
-9.2782536E-01,1.20117E+00,9.76562E-03
-9.2780688E-01,1.22070E+00,8.78906E-02
-9.2778840E-01,1.16211E+00,9.76562E-03
-9.2776992E-01,1.18164E+00,8.78906E-02
-9.2775144E-01,1.16211E+00,9.76562E-03
-9.2773296E-01,1.25977E+00,6.83594E-02
-9.2771448E-01,1.18164E+00,-2.92969E-02
-9.2769600E-01,1.25977E+00,9.76562E-03
-9.2767752E-01,1.25977E+00,4.88281E-02
-9.2765904E-01,1.24023E+00,8.78906E-02
-9.2764056E-01,1.27930E+00,4.88281E-02
-9.2762208E-01,1.22070E+00,9.76562E-03
-9.2760360E-01,1.18164E+00,9.76562E-03
-9.2758512E-01,1.20117E+00,2.92969E-02
-9.2756664E-01,1.24023E+00,2.92969E-02
-9.2754816E-01,1.24023E+00,2.92969E-02
-9.2752968E-01,1.27930E+00,-9.76562E-03
-9.2751120E-01,1.22070E+00,2.92969E-02
-9.2749272E-01,1.25977E+00,-9.76562E-03
-9.2747424E-01,1.22070E+00,2.92969E-02
-9.2745576E-01,1.20117E+00,2.92969E-02
-9.2743728E-01,1.27930E+00,6.83594E-02
-9.2741880E-01,1.24023E+00,2.92969E-02
-9.2740032E-01,1.24023E+00,2.92969E-02
-9.2738184E-01,1.14258E+00,-9.76562E-03
-9.2736336E-01,1.18164E+00,9.76562E-03
-9.2734488E-01,1.22070E+00,2.92969E-02
-9.2732640E-01,1.18164E+00,9.76562E-03
-9.2730792E-01,1.14258E+00,9.76562E-03
-9.2728944E-01,1.25977E+00,1.07422E-01
-9.2727096E-01,1.24023E+00,9.76562E-03
-9.2725248E-01,1.12305E+00,2.92969E-02
-9.2723400E-01,1.18164E+00,2.92969E-02
-9.2721552E-01,1.18164E+00,4.88281E-02
-9.2719704E-01,1.16211E+00,9.76562E-03
-9.2717856E-01,1.16211E+00,2.92969E-02
-9.2716008E-01,1.20117E+00,2.92969E-02
-9.2714160E-01,1.33789E+00,6.83594E-02
-9.2712312E-01,1.24023E+00,2.92969E-02
-9.2710464E-01,1.24023E+00,2.92969E-02
-9.2708616E-01,1.20117E+00,4.88281E-02
-9.2706768E-01,1.25977E+00,4.88281E-02
-9.2704920E-01,1.25977E+00,4.88281E-02
-9.2703072E-01,1.22070E+00,2.92969E-02
-9.2701224E-01,1.25977E+00,9.76562E-03
-9.2699376E-01,1.16211E+00,2.92969E-02
-9.2697528E-01,1.27930E+00,-2.92969E-02
-9.2695680E-01,1.22070E+00,4.88281E-02
-9.2693832E-01,1.24023E+00,9.76562E-03
-9.2691984E-01,1.27930E+00,6.83594E-02
-9.2690136E-01,1.22070E+00,9.76562E-03
-9.2688288E-01,1.16211E+00,2.92969E-02
-9.2686440E-01,1.25977E+00,9.76562E-03
-9.2684592E-01,1.25977E+00,9.76562E-03
-9.2682744E-01,1.22070E+00,9.76562E-03
-9.2680896E-01,1.20117E+00,4.88281E-02
-9.2679048E-01,1.24023E+00,1.07422E-01
-9.2677200E-01,1.18164E+00,2.92969E-02
-9.2675352E-01,1.18164E+00,1.07422E-01
-9.2673504E-01,1.20117E+00,6.83594E-02
-9.2671656E-01,1.14258E+00,9.76562E-03
-9.2669808E-01,1.24023E+00,4.88281E-02
-9.2667960E-01,1.24023E+00,4.88281E-02
-9.2666112E-01,1.22070E+00,4.88281E-02
-9.2664264E-01,1.27930E+00,2.92969E-02
-9.2662416E-01,1.18164E+00,6.83594E-02
-9.2660568E-01,1.24023E+00,9.76562E-03
-9.2658720E-01,1.20117E+00,9.76562E-03
-9.2656872E-01,1.20117E+00,6.83594E-02
-9.2655024E-01,1.18164E+00,6.83594E-02
-9.2653176E-01,1.18164E+00,9.76562E-03
-9.2651328E-01,1.20117E+00,6.83594E-02
-9.2649480E-01,1.27930E+00,4.88281E-02
-9.2647632E-01,1.18164E+00,6.83594E-02
-9.2645784E-01,1.27930E+00,2.92969E-02
-9.2643936E-01,1.16211E+00,4.88281E-02
-9.2642088E-01,1.27930E+00,9.76562E-03
-9.2640240E-01,1.20117E+00,-2.92969E-02
-9.2638392E-01,1.24023E+00,2.92969E-02
-9.2636544E-01,1.20117E+00,2.92969E-02
-9.2634696E-01,1.22070E+00,9.76562E-03
-9.2632848E-01,1.18164E+00,9.76562E-03
-9.2631000E-01,1.25977E+00,2.92969E-02
-9.2629152E-01,1.24023E+00,1.26953E-01
-9.2627304E-01,1.22070E+00,6.83594E-02
-9.2625456E-01,1.24023E+00,4.88281E-02
-9.2623608E-01,1.24023E+00,9.76562E-03
-9.2621760E-01,1.16211E+00,6.83594E-02
-9.2619912E-01,1.20117E+00,-9.76562E-03
-9.2618064E-01,1.14258E+00,9.76562E-03
-9.2616216E-01,1.25977E+00,9.76562E-03
-9.2614368E-01,1.16211E+00,4.88281E-02
-9.2612520E-01,1.24023E+00,2.92969E-02
-9.2610672E-01,1.12305E+00,4.88281E-02
-9.2608824E-01,1.27930E+00,2.92969E-02
-9.2606976E-01,1.20117E+00,8.78906E-02
-9.2605128E-01,1.25977E+00,6.83594E-02
-9.2603280E-01,1.22070E+00,4.88281E-02
-9.2601432E-01,1.20117E+00,2.92969E-02
-9.2599584E-01,1.22070E+00,6.83594E-02
-9.2597736E-01,1.22070E+00,2.92969E-02
-9.2595888E-01,1.18164E+00,2.92969E-02
-9.2594040E-01,1.24023E+00,2.92969E-02
-9.2592192E-01,1.25977E+00,4.88281E-02
-9.2590344E-01,1.25977E+00,-9.76562E-03
-9.2588496E-01,1.20117E+00,9.76562E-03
-9.2586648E-01,1.29883E+00,9.76562E-03
-9.2584800E-01,1.22070E+00,4.88281E-02
-9.2582952E-01,1.27930E+00,-2.92969E-02
-9.2581104E-01,1.22070E+00,4.88281E-02
-9.2579256E-01,1.27930E+00,-9.76562E-03
-9.2577408E-01,1.20117E+00,2.92969E-02
-9.2575560E-01,1.18164E+00,2.92969E-02
-9.2573712E-01,1.18164E+00,4.88281E-02
-9.2571864E-01,1.24023E+00,4.88281E-02
-9.2570016E-01,1.18164E+00,2.92969E-02
-9.2568168E-01,1.25977E+00,2.92969E-02
-9.2566320E-01,1.14258E+00,4.88281E-02
-9.2564472E-01,1.22070E+00,2.92969E-02
-9.2562624E-01,1.25977E+00,6.83594E-02
-9.2560776E-01,1.25977E+00,6.83594E-02
-9.2558928E-01,1.22070E+00,9.76562E-03
-9.2557080E-01,1.18164E+00,-6.83594E-02
-9.2555232E-01,1.16211E+00,9.76562E-03
-9.2553384E-01,1.25977E+00,6.83594E-02
-9.2551536E-01,1.22070E+00,6.83594E-02
-9.2549688E-01,1.27930E+00,9.76562E-03
-9.2547840E-01,1.25977E+00,6.83594E-02
-9.2545992E-01,1.22070E+00,9.76562E-03
-9.2544144E-01,1.22070E+00,4.88281E-02
-9.2542296E-01,1.25977E+00,2.92969E-02
-9.2540448E-01,1.20117E+00,8.78906E-02
-9.2538600E-01,1.16211E+00,4.88281E-02
-9.2536752E-01,1.18164E+00,2.92969E-02
-9.2534904E-01,1.20117E+00,4.88281E-02
-9.2533056E-01,1.20117E+00,2.92969E-02
-9.2531208E-01,1.20117E+00,9.76562E-03
-9.2529360E-01,1.22070E+00,2.92969E-02
-9.2527512E-01,1.18164E+00,4.88281E-02
-9.2525664E-01,1.22070E+00,2.92969E-02
-9.2523816E-01,1.24023E+00,9.76562E-03
-9.2521968E-01,1.24023E+00,4.88281E-02
-9.2520120E-01,1.20117E+00,2.92969E-02
-9.2518272E-01,1.24023E+00,9.76562E-03
-9.2516424E-01,1.20117E+00,4.88281E-02
-9.2514576E-01,1.20117E+00,4.88281E-02
-9.2512728E-01,1.20117E+00,-9.76562E-03
-9.2510880E-01,1.22070E+00,2.92969E-02
-9.2509032E-01,1.24023E+00,6.83594E-02
-9.2507184E-01,1.25977E+00,6.83594E-02
-9.2505336E-01,1.27930E+00,-9.76562E-03
-9.2503488E-01,1.22070E+00,2.92969E-02
-9.2501640E-01,1.27930E+00,9.76562E-03
-9.2499792E-01,1.27930E+00,4.88281E-02
-9.2497944E-01,1.25977E+00,6.83594E-02
-9.2496096E-01,1.27930E+00,9.76562E-03
-9.2494248E-01,1.22070E+00,9.76562E-03
-9.2492400E-01,1.24023E+00,6.83594E-02
-9.2490552E-01,1.24023E+00,-9.76562E-03
-9.2488704E-01,1.20117E+00,4.88281E-02
-9.2486856E-01,1.20117E+00,9.76562E-03
-9.2485008E-01,1.22070E+00,2.92969E-02
-9.2483160E-01,1.20117E+00,2.92969E-02
-9.2481312E-01,1.22070E+00,4.88281E-02
-9.2479464E-01,1.24023E+00,-9.76562E-03
-9.2477616E-01,1.16211E+00,-9.76562E-03
-9.2475768E-01,1.20117E+00,9.76562E-03
-9.2473920E-01,1.20117E+00,9.76562E-03
-9.2472072E-01,1.25977E+00,9.76562E-03
-9.2470224E-01,1.27930E+00,9.76562E-03
-9.2468376E-01,1.24023E+00,2.92969E-02
-9.2466528E-01,1.20117E+00,6.83594E-02
-9.2464680E-01,1.22070E+00,2.92969E-02
-9.2462832E-01,1.18164E+00,1.07422E-01
-9.2460984E-01,1.18164E+00,4.88281E-02
-9.2459136E-01,1.27930E+00,4.88281E-02
-9.2457288E-01,1.20117E+00,9.76562E-03
-9.2455440E-01,1.24023E+00,9.76562E-03
-9.2453592E-01,1.27930E+00,8.78906E-02
-9.2451744E-01,1.22070E+00,6.83594E-02
-9.2449896E-01,1.25977E+00,4.88281E-02
-9.2448048E-01,1.18164E+00,4.88281E-02
-9.2446200E-01,1.29883E+00,4.88281E-02
-9.2444352E-01,1.20117E+00,2.92969E-02
-9.2442504E-01,1.27930E+00,9.76562E-03
-9.2440656E-01,1.22070E+00,2.92969E-02
-9.2438808E-01,1.22070E+00,-4.88281E-02
-9.2436960E-01,1.18164E+00,6.83594E-02
-9.2435112E-01,1.22070E+00,9.76562E-03
-9.2433264E-01,1.29883E+00,2.92969E-02
-9.2431416E-01,1.25977E+00,-9.76562E-03
-9.2429568E-01,1.14258E+00,6.83594E-02
-9.2427720E-01,1.16211E+00,-9.76562E-03
-9.2425872E-01,1.24023E+00,6.83594E-02
-9.2424024E-01,1.24023E+00,-9.76562E-03
-9.2422176E-01,1.18164E+00,6.83594E-02
-9.2420328E-01,1.27930E+00,-9.76562E-03
-9.2418480E-01,1.16211E+00,4.88281E-02
-9.2416632E-01,1.29883E+00,4.88281E-02
-9.2414784E-01,1.20117E+00,4.88281E-02
-9.2412936E-01,1.25977E+00,9.76562E-03
-9.2411088E-01,1.22070E+00,4.88281E-02
-9.2409240E-01,1.20117E+00,9.76562E-03
-9.2407392E-01,1.24023E+00,2.92969E-02
-9.2405544E-01,1.27930E+00,2.92969E-02
-9.2403696E-01,1.20117E+00,2.92969E-02
-9.2401848E-01,1.20117E+00,6.83594E-02
-9.2400000E-01,1.24023E+00,4.88281E-02
-9.2398152E-01,1.16211E+00,-2.92969E-02
-9.2396304E-01,1.18164E+00,2.92969E-02
-9.2394456E-01,1.24023E+00,6.83594E-02
-9.2392608E-01,1.16211E+00,2.92969E-02
-9.2390760E-01,1.24023E+00,-9.76562E-03
-9.2388912E-01,1.27930E+00,4.88281E-02
-9.2387064E-01,1.22070E+00,-4.88281E-02
-9.2385216E-01,1.24023E+00,4.88281E-02
-9.2383368E-01,1.20117E+00,-2.92969E-02
-9.2381520E-01,1.29883E+00,9.76562E-03
-9.2379672E-01,1.18164E+00,2.92969E-02
-9.2377824E-01,1.18164E+00,2.92969E-02
-9.2375976E-01,1.29883E+00,2.92969E-02
-9.2374128E-01,1.24023E+00,2.92969E-02
-9.2372280E-01,1.22070E+00,4.88281E-02
-9.2370432E-01,1.24023E+00,6.83594E-02
-9.2368584E-01,1.24023E+00,6.83594E-02
-9.2366736E-01,1.16211E+00,-9.76562E-03
-9.2364888E-01,1.20117E+00,-9.76562E-03
-9.2363040E-01,1.27930E+00,2.92969E-02
-9.2361192E-01,1.22070E+00,-9.76562E-03
-9.2359344E-01,1.16211E+00,4.88281E-02
-9.2357496E-01,1.25977E+00,6.83594E-02
-9.2355648E-01,1.24023E+00,4.88281E-02
-9.2353800E-01,1.27930E+00,4.88281E-02
-9.2351952E-01,1.20117E+00,9.76562E-03
-9.2350104E-01,1.24023E+00,6.83594E-02
-9.2348256E-01,1.27930E+00,1.07422E-01
-9.2346408E-01,1.25977E+00,9.76562E-03
-9.2344560E-01,1.22070E+00,2.92969E-02
-9.2342712E-01,1.14258E+00,2.92969E-02
-9.2340864E-01,1.25977E+00,4.88281E-02
-9.2339016E-01,1.27930E+00,6.83594E-02
-9.2337168E-01,1.20117E+00,2.92969E-02
-9.2335320E-01,1.22070E+00,-2.92969E-02
-9.2333472E-01,1.20117E+00,4.88281E-02
-9.2331624E-01,1.27930E+00,-2.92969E-02
-9.2329776E-01,1.20117E+00,2.92969E-02
-9.2327928E-01,1.22070E+00,4.88281E-02
-9.2326080E-01,1.25977E+00,2.92969E-02
-9.2324232E-01,1.25977E+00,4.88281E-02
-9.2322384E-01,1.16211E+00,6.83594E-02
-9.2320536E-01,1.20117E+00,-9.76562E-03
-9.2318688E-01,1.20117E+00,4.88281E-02
-9.2316840E-01,1.31836E+00,9.76562E-03
-9.2314992E-01,1.22070E+00,4.88281E-02
-9.2313144E-01,1.27930E+00,4.88281E-02
-9.2311296E-01,1.24023E+00,2.92969E-02
-9.2309448E-01,1.27930E+00,2.92969E-02
-9.2307600E-01,1.22070E+00,2.92969E-02
-9.2305752E-01,1.22070E+00,9.76562E-03
-9.2303904E-01,1.20117E+00,9.76562E-03
-9.2302056E-01,1.22070E+00,8.78906E-02
-9.2300208E-01,1.25977E+00,6.83594E-02
-9.2298360E-01,1.25977E+00,4.88281E-02
-9.2296512E-01,1.18164E+00,4.88281E-02
-9.2294664E-01,1.24023E+00,9.76562E-03
-9.2292816E-01,1.22070E+00,-9.76562E-03
-9.2290968E-01,1.27930E+00,6.83594E-02
-9.2289120E-01,1.22070E+00,-2.92969E-02
-9.2287272E-01,1.29883E+00,6.83594E-02
-9.2285424E-01,1.20117E+00,8.78906E-02
-9.2283576E-01,1.27930E+00,2.92969E-02
-9.2281728E-01,1.22070E+00,4.88281E-02
-9.2279880E-01,1.18164E+00,2.92969E-02
-9.2278032E-01,1.16211E+00,4.88281E-02
-9.2276184E-01,1.24023E+00,-2.92969E-02
-9.2274336E-01,1.18164E+00,8.78906E-02
-9.2272488E-01,1.22070E+00,8.78906E-02
-9.2270640E-01,1.22070E+00,6.83594E-02
-9.2268792E-01,1.27930E+00,9.76562E-03
-9.2266944E-01,1.25977E+00,9.76562E-03
-9.2265096E-01,1.22070E+00,2.92969E-02
-9.2263248E-01,1.22070E+00,9.76562E-03
-9.2261400E-01,1.29883E+00,2.92969E-02
-9.2259552E-01,1.16211E+00,9.76562E-03
-9.2257704E-01,1.20117E+00,9.76562E-03
-9.2255856E-01,1.20117E+00,8.78906E-02
-9.2254008E-01,1.33789E+00,9.76562E-03
-9.2252160E-01,1.22070E+00,8.78906E-02
-9.2250312E-01,1.31836E+00,2.92969E-02
-9.2248464E-01,1.18164E+00,2.92969E-02
-9.2246616E-01,1.24023E+00,-9.76562E-03
-9.2244768E-01,1.24023E+00,2.92969E-02
-9.2242920E-01,1.27930E+00,9.76562E-03
-9.2241072E-01,1.25977E+00,9.76562E-03
-9.2239224E-01,1.22070E+00,9.76562E-03
-9.2237376E-01,1.22070E+00,2.92969E-02
-9.2235528E-01,1.27930E+00,9.76562E-03
-9.2233680E-01,1.24023E+00,4.88281E-02
-9.2231832E-01,1.24023E+00,9.76562E-03
-9.2229984E-01,1.22070E+00,2.92969E-02
-9.2228136E-01,1.27930E+00,9.76562E-03
-9.2226288E-01,1.25977E+00,-8.78906E-02
-9.2224440E-01,1.24023E+00,-9.76562E-03
-9.2222592E-01,1.16211E+00,9.76562E-03
-9.2220744E-01,1.29883E+00,2.92969E-02
-9.2218896E-01,1.24023E+00,6.83594E-02
-9.2217048E-01,1.16211E+00,2.92969E-02
-9.2215200E-01,1.20117E+00,9.76562E-03
-9.2213352E-01,1.27930E+00,9.76562E-03
-9.2211504E-01,1.24023E+00,4.88281E-02
-9.2209656E-01,1.27930E+00,6.83594E-02
-9.2207808E-01,1.24023E+00,9.76562E-03
-9.2205960E-01,1.20117E+00,2.92969E-02
-9.2204112E-01,1.24023E+00,9.76562E-03
-9.2202264E-01,1.27930E+00,4.88281E-02
-9.2200416E-01,1.22070E+00,2.92969E-02
-9.2198568E-01,1.27930E+00,4.88281E-02
-9.2196720E-01,1.27930E+00,6.83594E-02
-9.2194872E-01,1.27930E+00,4.88281E-02
-9.2193024E-01,1.20117E+00,4.88281E-02
-9.2191176E-01,1.29883E+00,9.76562E-03
-9.2189328E-01,1.22070E+00,2.92969E-02
-9.2187480E-01,1.24023E+00,4.88281E-02
-9.2185632E-01,1.25977E+00,4.88281E-02
-9.2183784E-01,1.24023E+00,2.92969E-02
-9.2181936E-01,1.22070E+00,-9.76562E-03
-9.2180088E-01,1.22070E+00,-9.76562E-03
-9.2178240E-01,1.25977E+00,4.88281E-02
-9.2176392E-01,1.27930E+00,9.76562E-03
-9.2174544E-01,1.16211E+00,4.88281E-02
-9.2172696E-01,1.22070E+00,-9.76562E-03
-9.2170848E-01,1.24023E+00,2.92969E-02
-9.2169000E-01,1.20117E+00,2.92969E-02
-9.2167152E-01,1.20117E+00,9.76562E-03
-9.2165304E-01,1.24023E+00,2.92969E-02
-9.2163456E-01,1.22070E+00,6.83594E-02
-9.2161608E-01,1.31836E+00,-9.76562E-03
-9.2159760E-01,1.18164E+00,9.76562E-03
-9.2157912E-01,1.24023E+00,2.92969E-02
-9.2156064E-01,1.27930E+00,4.88281E-02
-9.2154216E-01,1.29883E+00,4.88281E-02
-9.2152368E-01,1.22070E+00,2.92969E-02
-9.2150520E-01,1.27930E+00,9.76562E-03
-9.2148672E-01,1.25977E+00,1.26953E-01
-9.2146824E-01,1.25977E+00,6.83594E-02
-9.2144976E-01,1.24023E+00,2.92969E-02
-9.2143128E-01,1.27930E+00,6.83594E-02
-9.2141280E-01,1.22070E+00,4.88281E-02
-9.2139432E-01,1.24023E+00,9.76562E-03
-9.2137584E-01,1.22070E+00,9.76562E-03
-9.2135736E-01,1.25977E+00,9.76562E-03
-9.2133888E-01,1.27930E+00,2.92969E-02
-9.2132040E-01,1.25977E+00,9.76562E-03
-9.2130192E-01,1.25977E+00,2.92969E-02
-9.2128344E-01,1.22070E+00,9.76562E-03
-9.2126496E-01,1.25977E+00,-9.76562E-03
-9.2124648E-01,1.22070E+00,1.07422E-01
-9.2122800E-01,1.18164E+00,2.92969E-02
-9.2120952E-01,1.25977E+00,6.83594E-02
-9.2119104E-01,1.24023E+00,9.76562E-03
-9.2117256E-01,1.25977E+00,-9.76562E-03
-9.2115408E-01,1.22070E+00,4.88281E-02
-9.2113560E-01,1.24023E+00,2.92969E-02
-9.2111712E-01,1.22070E+00,2.92969E-02
-9.2109864E-01,1.25977E+00,-9.76562E-03
-9.2108016E-01,1.22070E+00,4.88281E-02
-9.2106168E-01,1.27930E+00,4.88281E-02
-9.2104320E-01,1.29883E+00,6.83594E-02
-9.2102472E-01,1.16211E+00,2.92969E-02
-9.2100624E-01,1.27930E+00,8.78906E-02
-9.2098776E-01,1.25977E+00,9.76562E-03
-9.2096928E-01,1.20117E+00,2.92969E-02
-9.2095080E-01,1.24023E+00,-9.76562E-03
-9.2093232E-01,1.16211E+00,6.83594E-02
-9.2091384E-01,1.27930E+00,-9.76562E-03
-9.2089536E-01,1.22070E+00,9.76562E-03
-9.2087688E-01,1.22070E+00,2.92969E-02
-9.2085840E-01,1.24023E+00,2.92969E-02
-9.2083992E-01,1.24023E+00,4.88281E-02
-9.2082144E-01,1.27930E+00,6.83594E-02
-9.2080296E-01,1.20117E+00,2.92969E-02
-9.2078448E-01,1.16211E+00,2.92969E-02
-9.2076600E-01,1.27930E+00,2.92969E-02
-9.2074752E-01,1.25977E+00,6.83594E-02
-9.2072904E-01,1.27930E+00,9.76562E-03
-9.2071056E-01,1.22070E+00,4.88281E-02
-9.2069208E-01,1.25977E+00,2.92969E-02
-9.2067360E-01,1.16211E+00,2.92969E-02
-9.2065512E-01,1.22070E+00,9.76562E-03
-9.2063664E-01,1.27930E+00,6.83594E-02
-9.2061816E-01,1.29883E+00,9.76562E-03
-9.2059968E-01,1.25977E+00,4.88281E-02
-9.2058120E-01,1.29883E+00,4.88281E-02
-9.2056272E-01,1.25977E+00,4.88281E-02
-9.2054424E-01,1.24023E+00,2.92969E-02
-9.2052576E-01,1.25977E+00,8.78906E-02
-9.2050728E-01,1.27930E+00,9.76562E-03
-9.2048880E-01,1.22070E+00,4.88281E-02
-9.2047032E-01,1.29883E+00,9.76562E-03
-9.2045184E-01,1.22070E+00,4.88281E-02
-9.2043336E-01,1.27930E+00,-9.76562E-03
-9.2041488E-01,1.18164E+00,4.88281E-02
-9.2039640E-01,1.27930E+00,9.76562E-03
-9.2037792E-01,1.20117E+00,2.92969E-02
-9.2035944E-01,1.22070E+00,9.76562E-03
-9.2034096E-01,1.27930E+00,-4.88281E-02
-9.2032248E-01,1.29883E+00,9.76562E-03
-9.2030400E-01,1.22070E+00,-2.92969E-02
-9.2028552E-01,1.20117E+00,4.88281E-02
-9.2026704E-01,1.27930E+00,2.92969E-02
-9.2024856E-01,1.25977E+00,9.76562E-03
-9.2023008E-01,1.27930E+00,-2.92969E-02
-9.2021160E-01,1.18164E+00,9.76562E-03
-9.2019312E-01,1.22070E+00,6.83594E-02
-9.2017464E-01,1.25977E+00,9.76562E-03
-9.2015616E-01,1.29883E+00,4.88281E-02
-9.2013768E-01,1.27930E+00,-2.92969E-02
-9.2011920E-01,1.25977E+00,2.92969E-02
-9.2010072E-01,1.27930E+00,-2.92969E-02
-9.2008224E-01,1.25977E+00,2.92969E-02
-9.2006376E-01,1.29883E+00,-9.76562E-03
-9.2004528E-01,1.18164E+00,8.78906E-02
-9.2002680E-01,1.27930E+00,2.92969E-02
-9.2000832E-01,1.22070E+00,-2.92969E-02
-9.1998984E-01,1.29883E+00,2.92969E-02
-9.1997136E-01,1.18164E+00,4.88281E-02
-9.1995288E-01,1.24023E+00,-9.76562E-03
-9.1993440E-01,1.25977E+00,2.92969E-02
-9.1991592E-01,1.27930E+00,9.76562E-03
-9.1989744E-01,1.25977E+00,9.76562E-03
-9.1987896E-01,1.31836E+00,9.76562E-03
-9.1986048E-01,1.25977E+00,2.92969E-02
-9.1984200E-01,1.22070E+00,9.76562E-03
-9.1982352E-01,1.27930E+00,4.88281E-02
-9.1980504E-01,1.24023E+00,4.88281E-02
-9.1978656E-01,1.27930E+00,4.88281E-02
-9.1976808E-01,1.29883E+00,4.88281E-02
-9.1974960E-01,1.27930E+00,9.76562E-03
-9.1973112E-01,1.29883E+00,2.92969E-02
-9.1971264E-01,1.22070E+00,4.88281E-02
-9.1969416E-01,1.27930E+00,4.88281E-02
-9.1967568E-01,1.24023E+00,6.83594E-02
-9.1965720E-01,1.27930E+00,9.76562E-03
-9.1963872E-01,1.20117E+00,2.92969E-02
-9.1962024E-01,1.25977E+00,9.76562E-03
-9.1960176E-01,1.16211E+00,2.92969E-02
-9.1958328E-01,1.25977E+00,2.92969E-02
-9.1956480E-01,1.22070E+00,-2.92969E-02
-9.1954632E-01,1.27930E+00,9.76562E-03
-9.1952784E-01,1.22070E+00,6.83594E-02
-9.1950936E-01,1.20117E+00,4.88281E-02
-9.1949088E-01,1.27930E+00,4.88281E-02
-9.1947240E-01,1.37695E+00,9.76562E-03
-9.1945392E-01,1.24023E+00,6.83594E-02
-9.1943544E-01,1.27930E+00,6.83594E-02
-9.1941696E-01,1.24023E+00,4.88281E-02
-9.1939848E-01,1.29883E+00,4.88281E-02
-9.1938000E-01,1.29883E+00,1.07422E-01
-9.1936152E-01,1.24023E+00,9.76562E-03
-9.1934304E-01,1.25977E+00,6.83594E-02
-9.1932456E-01,1.25977E+00,2.92969E-02
-9.1930608E-01,1.22070E+00,8.78906E-02
-9.1928760E-01,1.20117E+00,9.76562E-03
-9.1926912E-01,1.27930E+00,6.83594E-02
-9.1925064E-01,1.27930E+00,-9.76562E-03
-9.1923216E-01,1.24023E+00,4.88281E-02
-9.1921368E-01,1.29883E+00,-4.88281E-02
-9.1919520E-01,1.22070E+00,9.76562E-03
-9.1917672E-01,1.27930E+00,9.76562E-03
-9.1915824E-01,1.24023E+00,9.76562E-03
-9.1913976E-01,1.25977E+00,2.92969E-02
-9.1912128E-01,1.24023E+00,2.92969E-02
-9.1910280E-01,1.22070E+00,2.92969E-02
-9.1908432E-01,1.27930E+00,6.83594E-02
-9.1906584E-01,1.33789E+00,-2.92969E-02
-9.1904736E-01,1.24023E+00,4.88281E-02
-9.1902888E-01,1.25977E+00,-4.88281E-02
-9.1901040E-01,1.25977E+00,4.88281E-02
-9.1899192E-01,1.22070E+00,6.83594E-02
-9.1897344E-01,1.20117E+00,-9.76562E-03
-9.1895496E-01,1.20117E+00,2.92969E-02
-9.1893648E-01,1.25977E+00,6.83594E-02
-9.1891800E-01,1.27930E+00,6.83594E-02
-9.1889952E-01,1.18164E+00,2.92969E-02
-9.1888104E-01,1.27930E+00,4.88281E-02
-9.1886256E-01,1.22070E+00,1.07422E-01
-9.1884408E-01,1.25977E+00,-9.76562E-03
-9.1882560E-01,1.22070E+00,2.92969E-02
-9.1880712E-01,1.22070E+00,-2.92969E-02
-9.1878864E-01,1.24023E+00,9.76562E-03
-9.1877016E-01,1.31836E+00,-9.76562E-03
-9.1875168E-01,1.18164E+00,-2.92969E-02
-9.1873320E-01,1.24023E+00,2.92969E-02
-9.1871472E-01,1.27930E+00,2.92969E-02
-9.1869624E-01,1.29883E+00,-9.76562E-03
-9.1867776E-01,1.22070E+00,2.92969E-02
-9.1865928E-01,1.29883E+00,6.83594E-02
-9.1864080E-01,1.27930E+00,4.88281E-02
-9.1862232E-01,1.24023E+00,4.88281E-02
-9.1860384E-01,1.25977E+00,6.83594E-02
-9.1858536E-01,1.22070E+00,4.88281E-02
-9.1856688E-01,1.27930E+00,9.76562E-03
-9.1854840E-01,1.27930E+00,2.92969E-02
-9.1852992E-01,1.22070E+00,2.92969E-02
-9.1851144E-01,1.27930E+00,-9.76562E-03
-9.1849296E-01,1.25977E+00,4.88281E-02
-9.1847448E-01,1.29883E+00,-9.76562E-03
-9.1845600E-01,1.29883E+00,6.83594E-02
-9.1843752E-01,1.27930E+00,6.83594E-02
-9.1841904E-01,1.22070E+00,1.26953E-01
-9.1840056E-01,1.27930E+00,9.76562E-03
-9.1838208E-01,1.16211E+00,6.83594E-02
-9.1836360E-01,1.20117E+00,4.88281E-02
-9.1834512E-01,1.27930E+00,2.92969E-02
-9.1832664E-01,1.27930E+00,4.88281E-02
-9.1830816E-01,1.25977E+00,2.92969E-02
-9.1828968E-01,1.25977E+00,-9.76562E-03
-9.1827120E-01,1.22070E+00,9.76562E-03
-9.1825272E-01,1.22070E+00,-2.92969E-02
-9.1823424E-01,1.22070E+00,-9.76562E-03
-9.1821576E-01,1.25977E+00,2.92969E-02
-9.1819728E-01,1.27930E+00,2.92969E-02
-9.1817880E-01,1.29883E+00,9.76562E-03
-9.1816032E-01,1.20117E+00,4.88281E-02
-9.1814184E-01,1.29883E+00,4.88281E-02
-9.1812336E-01,1.22070E+00,8.78906E-02
-9.1810488E-01,1.27930E+00,2.92969E-02
-9.1808640E-01,1.25977E+00,2.92969E-02
-9.1806792E-01,1.22070E+00,4.88281E-02
-9.1804944E-01,1.24023E+00,6.83594E-02
-9.1803096E-01,1.29883E+00,9.76562E-03
-9.1801248E-01,1.20117E+00,2.92969E-02
-9.1799400E-01,1.25977E+00,9.76562E-03
-9.1797552E-01,1.25977E+00,4.88281E-02
-9.1795704E-01,1.29883E+00,2.92969E-02
-9.1793856E-01,1.16211E+00,6.83594E-02
-9.1792008E-01,1.27930E+00,-8.78906E-02
-9.1790160E-01,1.20117E+00,2.92969E-02
-9.1788312E-01,1.22070E+00,-6.83594E-02
-9.1786464E-01,1.24023E+00,4.88281E-02
-9.1784616E-01,1.27930E+00,9.76562E-03
-9.1782768E-01,1.22070E+00,4.88281E-02
-9.1780920E-01,1.27930E+00,9.76562E-03
-9.1779072E-01,1.24023E+00,6.83594E-02
-9.1777224E-01,1.22070E+00,-4.88281E-02
-9.1775376E-01,1.25977E+00,6.83594E-02
-9.1773528E-01,1.33789E+00,-9.76562E-03
-9.1771680E-01,1.24023E+00,9.76562E-03
-9.1769832E-01,1.25977E+00,-9.76562E-03
-9.1767984E-01,1.25977E+00,2.92969E-02
-9.1766136E-01,1.27930E+00,9.76562E-03
-9.1764288E-01,1.25977E+00,9.76562E-03
-9.1762440E-01,1.25977E+00,9.76562E-03
-9.1760592E-01,1.27930E+00,2.92969E-02
-9.1758744E-01,1.25977E+00,2.92969E-02
-9.1756896E-01,1.29883E+00,2.92969E-02
-9.1755048E-01,1.27930E+00,9.76562E-03
-9.1753200E-01,1.29883E+00,2.92969E-02
-9.1751352E-01,1.29883E+00,2.92969E-02
-9.1749504E-01,1.25977E+00,9.76562E-03
-9.1747656E-01,1.27930E+00,9.76562E-03
-9.1745808E-01,1.27930E+00,1.07422E-01
-9.1743960E-01,1.25977E+00,9.76562E-03
-9.1742112E-01,1.18164E+00,4.88281E-02
-9.1740264E-01,1.29883E+00,2.92969E-02
-9.1738416E-01,1.20117E+00,9.76562E-03
-9.1736568E-01,1.27930E+00,-9.76562E-03
-9.1734720E-01,1.27930E+00,2.92969E-02
-9.1732872E-01,1.24023E+00,9.76562E-03
-9.1731024E-01,1.29883E+00,6.83594E-02
-9.1729176E-01,1.27930E+00,9.76562E-03
-9.1727328E-01,1.31836E+00,4.88281E-02
-9.1725480E-01,1.20117E+00,-9.76562E-03
-9.1723632E-01,1.24023E+00,2.92969E-02
-9.1721784E-01,1.29883E+00,9.76562E-03
-9.1719936E-01,1.25977E+00,2.92969E-02
-9.1718088E-01,1.33789E+00,9.76562E-03
-9.1716240E-01,1.24023E+00,2.92969E-02
-9.1714392E-01,1.24023E+00,2.92969E-02
-9.1712544E-01,1.22070E+00,6.83594E-02
-9.1710696E-01,1.18164E+00,-4.88281E-02
-9.1708848E-01,1.24023E+00,1.07422E-01
-9.1707000E-01,1.22070E+00,2.92969E-02
-9.1705152E-01,1.33789E+00,4.88281E-02
-9.1703304E-01,1.29883E+00,2.92969E-02
-9.1701456E-01,1.25977E+00,9.76562E-03
-9.1699608E-01,1.29883E+00,2.92969E-02
-9.1697760E-01,1.31836E+00,2.92969E-02
-9.1695912E-01,1.27930E+00,9.76562E-03
-9.1694064E-01,1.27930E+00,6.83594E-02
-9.1692216E-01,1.27930E+00,4.88281E-02
-9.1690368E-01,1.27930E+00,8.78906E-02
-9.1688520E-01,1.27930E+00,2.92969E-02
-9.1686672E-01,1.24023E+00,4.88281E-02
-9.1684824E-01,1.29883E+00,6.83594E-02
-9.1682976E-01,1.27930E+00,-2.92969E-02
-9.1681128E-01,1.33789E+00,-9.76562E-03
-9.1679280E-01,1.31836E+00,4.88281E-02
-9.1677432E-01,1.22070E+00,9.76562E-03
-9.1675584E-01,1.29883E+00,6.83594E-02
-9.1673736E-01,1.27930E+00,-9.76562E-03
-9.1671888E-01,1.22070E+00,4.88281E-02
-9.1670040E-01,1.24023E+00,-9.76562E-03
-9.1668192E-01,1.24023E+00,6.83594E-02
-9.1666344E-01,1.25977E+00,-9.76562E-03
-9.1664496E-01,1.33789E+00,6.83594E-02
-9.1662648E-01,1.22070E+00,9.76562E-03
-9.1660800E-01,1.25977E+00,4.88281E-02
-9.1658952E-01,1.29883E+00,6.83594E-02
-9.1657104E-01,1.29883E+00,9.76562E-03
-9.1655256E-01,1.27930E+00,4.88281E-02
-9.1653408E-01,1.25977E+00,9.76562E-03
-9.1651560E-01,1.29883E+00,9.76562E-03
-9.1649712E-01,1.27930E+00,4.88281E-02
-9.1647864E-01,1.22070E+00,2.92969E-02
-9.1646016E-01,1.24023E+00,9.76562E-03
-9.1644168E-01,1.29883E+00,-9.76562E-03
-9.1642320E-01,1.22070E+00,6.83594E-02
-9.1640472E-01,1.18164E+00,-2.92969E-02
-9.1638624E-01,1.20117E+00,2.92969E-02
-9.1636776E-01,1.29883E+00,2.92969E-02
-9.1634928E-01,1.25977E+00,9.76562E-03
-9.1633080E-01,1.31836E+00,9.76562E-03
-9.1631232E-01,1.25977E+00,4.88281E-02
-9.1629384E-01,1.29883E+00,2.92969E-02
-9.1627536E-01,1.22070E+00,6.83594E-02
-9.1625688E-01,1.29883E+00,2.92969E-02
-9.1623840E-01,1.22070E+00,4.88281E-02
-9.1621992E-01,1.29883E+00,9.76562E-03
-9.1620144E-01,1.20117E+00,9.76562E-03
-9.1618296E-01,1.27930E+00,9.76562E-03
-9.1616448E-01,1.24023E+00,2.92969E-02
-9.1614600E-01,1.22070E+00,6.83594E-02
-9.1612752E-01,1.27930E+00,2.92969E-02
-9.1610904E-01,1.27930E+00,4.88281E-02
-9.1609056E-01,1.27930E+00,4.88281E-02
-9.1607208E-01,1.29883E+00,-9.76562E-03
-9.1605360E-01,1.22070E+00,2.92969E-02
-9.1603512E-01,1.27930E+00,9.76562E-03
-9.1601664E-01,1.24023E+00,4.88281E-02
-9.1599816E-01,1.27930E+00,9.76562E-03
-9.1597968E-01,1.25977E+00,6.83594E-02
-9.1596120E-01,1.25977E+00,4.88281E-02
-9.1594272E-01,1.25977E+00,2.92969E-02
-9.1592424E-01,1.31836E+00,-4.88281E-02
-9.1590576E-01,1.22070E+00,2.92969E-02
-9.1588728E-01,1.27930E+00,-9.76562E-03
-9.1586880E-01,1.27930E+00,4.88281E-02
-9.1585032E-01,1.31836E+00,2.92969E-02
-9.1583184E-01,1.22070E+00,2.92969E-02
-9.1581336E-01,1.29883E+00,6.83594E-02
-9.1579488E-01,1.27930E+00,4.88281E-02
-9.1577640E-01,1.27930E+00,2.92969E-02
-9.1575792E-01,1.22070E+00,4.88281E-02
-9.1573944E-01,1.25977E+00,9.76562E-03
-9.1572096E-01,1.24023E+00,8.78906E-02
-9.1570248E-01,1.27930E+00,9.76562E-03
-9.1568400E-01,1.27930E+00,2.92969E-02
-9.1566552E-01,1.27930E+00,9.76562E-03
-9.1564704E-01,1.22070E+00,2.92969E-02
-9.1562856E-01,1.27930E+00,9.76562E-03
-9.1561008E-01,1.27930E+00,4.88281E-02
-9.1559160E-01,1.27930E+00,9.76562E-03
-9.1557312E-01,1.18164E+00,6.83594E-02
-9.1555464E-01,1.25977E+00,4.88281E-02
-9.1553616E-01,1.33789E+00,6.83594E-02
-9.1551768E-01,1.24023E+00,2.92969E-02
-9.1549920E-01,1.31836E+00,6.83594E-02
-9.1548072E-01,1.27930E+00,9.76562E-03
-9.1546224E-01,1.27930E+00,6.83594E-02
-9.1544376E-01,1.24023E+00,9.76562E-03
-9.1542528E-01,1.22070E+00,2.92969E-02
-9.1540680E-01,1.27930E+00,2.92969E-02
-9.1538832E-01,1.22070E+00,4.88281E-02
-9.1536984E-01,1.27930E+00,2.92969E-02
-9.1535136E-01,1.25977E+00,9.76562E-03
-9.1533288E-01,1.27930E+00,2.92969E-02
-9.1531440E-01,1.22070E+00,4.88281E-02
-9.1529592E-01,1.24023E+00,9.76562E-03
-9.1527744E-01,1.20117E+00,6.83594E-02
-9.1525896E-01,1.27930E+00,2.92969E-02
-9.1524048E-01,1.29883E+00,2.92969E-02
-9.1522200E-01,1.22070E+00,9.76562E-03
-9.1520352E-01,1.20117E+00,2.92969E-02
-9.1518504E-01,1.24023E+00,9.76562E-03
-9.1516656E-01,1.24023E+00,6.83594E-02
-9.1514808E-01,1.31836E+00,-9.76562E-03
-9.1512960E-01,1.25977E+00,2.92969E-02
-9.1511112E-01,1.27930E+00,-9.76562E-03
-9.1509264E-01,1.25977E+00,4.88281E-02
-9.1507416E-01,1.29883E+00,2.92969E-02
-9.1505568E-01,1.27930E+00,9.76562E-03
-9.1503720E-01,1.25977E+00,9.76562E-03
-9.1501872E-01,1.27930E+00,9.76562E-03
-9.1500024E-01,1.29883E+00,2.92969E-02
-9.1498176E-01,1.29883E+00,9.76562E-03
-9.1496328E-01,1.27930E+00,9.76562E-03
-9.1494480E-01,1.18164E+00,8.78906E-02
-9.1492632E-01,1.27930E+00,9.76562E-03
-9.1490784E-01,1.25977E+00,4.88281E-02
-9.1488936E-01,1.27930E+00,9.76562E-03
-9.1487088E-01,1.20117E+00,4.88281E-02
-9.1485240E-01,1.33789E+00,2.92969E-02
-9.1483392E-01,1.25977E+00,9.76562E-03
-9.1481544E-01,1.33789E+00,9.76562E-03
-9.1479696E-01,1.22070E+00,9.76562E-03
-9.1477848E-01,1.33789E+00,2.92969E-02
-9.1476000E-01,1.22070E+00,9.76562E-03
-9.1474152E-01,1.27930E+00,8.78906E-02
-9.1472304E-01,1.29883E+00,2.92969E-02
-9.1470456E-01,1.27930E+00,2.92969E-02
-9.1468608E-01,1.27930E+00,2.92969E-02
-9.1466760E-01,1.25977E+00,-4.88281E-02
-9.1464912E-01,1.20117E+00,4.88281E-02
-9.1463064E-01,1.27930E+00,2.92969E-02
-9.1461216E-01,1.20117E+00,-4.88281E-02
-9.1459368E-01,1.27930E+00,9.76562E-03
-9.1457520E-01,1.31836E+00,6.83594E-02
-9.1455672E-01,1.27930E+00,9.76562E-03
-9.1453824E-01,1.29883E+00,4.88281E-02
-9.1451976E-01,1.27930E+00,2.92969E-02
-9.1450128E-01,1.27930E+00,6.83594E-02
-9.1448280E-01,1.29883E+00,-9.76562E-03
-9.1446432E-01,1.27930E+00,2.92969E-02
-9.1444584E-01,1.29883E+00,-9.76562E-03
-9.1442736E-01,1.24023E+00,2.92969E-02
-9.1440888E-01,1.31836E+00,9.76562E-03
-9.1439040E-01,1.25977E+00,1.07422E-01
-9.1437192E-01,1.25977E+00,-2.92969E-02
-9.1435344E-01,1.24023E+00,4.88281E-02
-9.1433496E-01,1.27930E+00,-9.76562E-03
-9.1431648E-01,1.20117E+00,2.92969E-02
-9.1429800E-01,1.27930E+00,-9.76562E-03
-9.1427952E-01,1.27930E+00,6.83594E-02
-9.1426104E-01,1.27930E+00,-9.76562E-03
-9.1424256E-01,1.24023E+00,2.92969E-02
-9.1422408E-01,1.25977E+00,9.76562E-03
-9.1420560E-01,1.25977E+00,1.07422E-01
-9.1418712E-01,1.29883E+00,2.92969E-02
-9.1416864E-01,1.22070E+00,6.83594E-02
-9.1415016E-01,1.29883E+00,9.76562E-03
-9.1413168E-01,1.20117E+00,2.92969E-02
-9.1411320E-01,1.29883E+00,2.92969E-02
-9.1409472E-01,1.27930E+00,9.76562E-03
-9.1407624E-01,1.22070E+00,9.76562E-03
-9.1405776E-01,1.29883E+00,2.92969E-02
-9.1403928E-01,1.29883E+00,9.76562E-03
-9.1402080E-01,1.29883E+00,4.88281E-02
-9.1400232E-01,1.35742E+00,-9.76562E-03
-9.1398384E-01,1.27930E+00,4.88281E-02
-9.1396536E-01,1.24023E+00,6.83594E-02
-9.1394688E-01,1.29883E+00,2.92969E-02
-9.1392840E-01,1.25977E+00,9.76562E-03
-9.1390992E-01,1.24023E+00,1.26953E-01
-9.1389144E-01,1.27930E+00,2.92969E-02
-9.1387296E-01,1.22070E+00,9.76562E-03
-9.1385448E-01,1.22070E+00,6.83594E-02
-9.1383600E-01,1.18164E+00,6.83594E-02
-9.1381752E-01,1.25977E+00,-9.76562E-03
-9.1379904E-01,1.27930E+00,1.07422E-01
-9.1378056E-01,1.33789E+00,2.92969E-02
-9.1376208E-01,1.24023E+00,6.83594E-02
-9.1374360E-01,1.25977E+00,-9.76562E-03
-9.1372512E-01,1.25977E+00,4.88281E-02
-9.1370664E-01,1.27930E+00,4.88281E-02
-9.1368816E-01,1.29883E+00,6.83594E-02
-9.1366968E-01,1.27930E+00,9.76562E-03
-9.1365120E-01,1.25977E+00,9.76562E-03
-9.1363272E-01,1.29883E+00,-9.76562E-03
-9.1361424E-01,1.22070E+00,4.88281E-02
-9.1359576E-01,1.27930E+00,4.88281E-02
-9.1357728E-01,1.27930E+00,6.83594E-02
-9.1355880E-01,1.29883E+00,4.88281E-02
-9.1354032E-01,1.31836E+00,2.92969E-02
-9.1352184E-01,1.33789E+00,6.83594E-02
-9.1350336E-01,1.27930E+00,9.76562E-03
-9.1348488E-01,1.29883E+00,9.76562E-03
-9.1346640E-01,1.22070E+00,2.92969E-02
-9.1344792E-01,1.31836E+00,2.92969E-02
-9.1342944E-01,1.27930E+00,9.76562E-03
-9.1341096E-01,1.20117E+00,9.76562E-03
-9.1339248E-01,1.29883E+00,2.92969E-02
-9.1337400E-01,1.27930E+00,9.76562E-03
-9.1335552E-01,1.29883E+00,4.88281E-02
-9.1333704E-01,1.27930E+00,4.88281E-02
-9.1331856E-01,1.31836E+00,6.83594E-02
-9.1330008E-01,1.27930E+00,9.76562E-03
-9.1328160E-01,1.27930E+00,4.88281E-02
-9.1326312E-01,1.39648E+00,9.76562E-03
-9.1324464E-01,1.33789E+00,6.83594E-02
-9.1322616E-01,1.29883E+00,-9.76562E-03
-9.1320768E-01,1.22070E+00,4.88281E-02
-9.1318920E-01,1.29883E+00,9.76562E-03
-9.1317072E-01,1.29883E+00,2.92969E-02
-9.1315224E-01,1.29883E+00,2.92969E-02
-9.1313376E-01,1.25977E+00,8.78906E-02
-9.1311528E-01,1.29883E+00,4.88281E-02
-9.1309680E-01,1.20117E+00,-2.92969E-02
-9.1307832E-01,1.27930E+00,9.76562E-03
-9.1305984E-01,1.24023E+00,2.92969E-02
-9.1304136E-01,1.31836E+00,2.92969E-02
-9.1302288E-01,1.25977E+00,1.07422E-01
-9.1300440E-01,1.24023E+00,4.88281E-02
-9.1298592E-01,1.27930E+00,2.92969E-02
-9.1296744E-01,1.27930E+00,4.88281E-02
-9.1294896E-01,1.25977E+00,9.76562E-03
-9.1293048E-01,1.33789E+00,6.83594E-02
-9.1291200E-01,1.22070E+00,9.76562E-03
-9.1289352E-01,1.25977E+00,9.76562E-03
-9.1287504E-01,1.27930E+00,4.88281E-02
-9.1285656E-01,1.24023E+00,4.88281E-02
-9.1283808E-01,1.25977E+00,6.83594E-02
-9.1281960E-01,1.24023E+00,-9.76562E-03
-9.1280112E-01,1.31836E+00,4.88281E-02
-9.1278264E-01,1.27930E+00,2.92969E-02
-9.1276416E-01,1.29883E+00,4.88281E-02
-9.1274568E-01,1.29883E+00,9.76562E-03
-9.1272720E-01,1.27930E+00,9.76562E-03
-9.1270872E-01,1.29883E+00,6.83594E-02
-9.1269024E-01,1.29883E+00,4.88281E-02
-9.1267176E-01,1.29883E+00,-2.92969E-02
-9.1265328E-01,1.22070E+00,4.88281E-02
-9.1263480E-01,1.27930E+00,2.92969E-02
-9.1261632E-01,1.27930E+00,4.88281E-02
-9.1259784E-01,1.35742E+00,6.83594E-02
-9.1257936E-01,1.25977E+00,2.92969E-02
-9.1256088E-01,1.20117E+00,-9.76562E-03
-9.1254240E-01,1.22070E+00,9.76562E-03
-9.1252392E-01,1.27930E+00,6.83594E-02
-9.1250544E-01,1.31836E+00,9.76562E-03
-9.1248696E-01,1.29883E+00,9.76562E-03
-9.1246848E-01,1.29883E+00,6.83594E-02
-9.1245000E-01,1.27930E+00,4.88281E-02
-9.1243152E-01,1.33789E+00,2.92969E-02
-9.1241304E-01,1.31836E+00,9.76562E-03
-9.1239456E-01,1.24023E+00,6.83594E-02
-9.1237608E-01,1.24023E+00,2.92969E-02
-9.1235760E-01,1.27930E+00,2.92969E-02
-9.1233912E-01,1.29883E+00,2.92969E-02
-9.1232064E-01,1.27930E+00,2.92969E-02
-9.1230216E-01,1.35742E+00,4.88281E-02
-9.1228368E-01,1.29883E+00,6.83594E-02
-9.1226520E-01,1.31836E+00,-2.92969E-02
-9.1224672E-01,1.24023E+00,9.76562E-03
-9.1222824E-01,1.27930E+00,2.92969E-02
-9.1220976E-01,1.25977E+00,2.92969E-02
-9.1219128E-01,1.27930E+00,-9.76562E-03
-9.1217280E-01,1.27930E+00,4.88281E-02
-9.1215432E-01,1.29883E+00,9.76562E-03
-9.1213584E-01,1.27930E+00,9.76562E-03
-9.1211736E-01,1.33789E+00,9.76562E-03
-9.1209888E-01,1.16211E+00,6.83594E-02
-9.1208040E-01,1.27930E+00,6.83594E-02
-9.1206192E-01,1.22070E+00,2.92969E-02
-9.1204344E-01,1.27930E+00,9.76562E-03
-9.1202496E-01,1.31836E+00,8.78906E-02
-9.1200648E-01,1.29883E+00,9.76562E-03
-9.1198800E-01,1.24023E+00,4.88281E-02
-9.1196952E-01,1.29883E+00,4.88281E-02
-9.1195104E-01,1.24023E+00,6.83594E-02
-9.1193256E-01,1.29883E+00,9.76562E-03
-9.1191408E-01,1.25977E+00,4.88281E-02
-9.1189560E-01,1.25977E+00,9.76562E-03
-9.1187712E-01,1.25977E+00,9.76562E-03
-9.1185864E-01,1.27930E+00,9.76562E-03
-9.1184016E-01,1.29883E+00,6.83594E-02
-9.1182168E-01,1.33789E+00,4.88281E-02
-9.1180320E-01,1.27930E+00,2.92969E-02
-9.1178472E-01,1.27930E+00,6.83594E-02
-9.1176624E-01,1.22070E+00,9.76562E-03
-9.1174776E-01,1.25977E+00,-9.76562E-03
-9.1172928E-01,1.31836E+00,6.83594E-02
-9.1171080E-01,1.27930E+00,4.88281E-02
-9.1169232E-01,1.31836E+00,6.83594E-02
-9.1167384E-01,1.27930E+00,6.83594E-02
-9.1165536E-01,1.35742E+00,2.92969E-02
-9.1163688E-01,1.27930E+00,2.92969E-02
-9.1161840E-01,1.29883E+00,2.92969E-02
-9.1159992E-01,1.27930E+00,9.76562E-03
-9.1158144E-01,1.27930E+00,4.88281E-02
-9.1156296E-01,1.31836E+00,-9.76562E-03
-9.1154448E-01,1.25977E+00,6.83594E-02
-9.1152600E-01,1.31836E+00,4.88281E-02
-9.1150752E-01,1.24023E+00,8.78906E-02
-9.1148904E-01,1.29883E+00,2.92969E-02
-9.1147056E-01,1.29883E+00,6.83594E-02
-9.1145208E-01,1.29883E+00,4.88281E-02
-9.1143360E-01,1.29883E+00,9.76562E-03
-9.1141512E-01,1.25977E+00,4.88281E-02
-9.1139664E-01,1.25977E+00,8.78906E-02
-9.1137816E-01,1.31836E+00,9.76562E-03
-9.1135968E-01,1.29883E+00,2.92969E-02
-9.1134120E-01,1.29883E+00,9.76562E-03
-9.1132272E-01,1.27930E+00,4.88281E-02
-9.1130424E-01,1.27930E+00,9.76562E-03
-9.1128576E-01,1.25977E+00,8.78906E-02
-9.1126728E-01,1.18164E+00,8.78906E-02
-9.1124880E-01,1.27930E+00,6.83594E-02
-9.1123032E-01,1.37695E+00,2.92969E-02
-9.1121184E-01,1.18164E+00,8.78906E-02
-9.1119336E-01,1.29883E+00,-9.76562E-03
-9.1117488E-01,1.20117E+00,2.92969E-02
-9.1115640E-01,1.25977E+00,9.76562E-03
-9.1113792E-01,1.29883E+00,2.92969E-02
-9.1111944E-01,1.29883E+00,9.76562E-03
-9.1110096E-01,1.25977E+00,8.78906E-02
-9.1108248E-01,1.29883E+00,2.92969E-02
-9.1106400E-01,1.31836E+00,6.83594E-02
-9.1104552E-01,1.27930E+00,-9.76562E-03
-9.1102704E-01,1.24023E+00,4.88281E-02
-9.1100856E-01,1.29883E+00,4.88281E-02
-9.1099008E-01,1.39648E+00,2.92969E-02
-9.1097160E-01,1.29883E+00,6.83594E-02
-9.1095312E-01,1.27930E+00,9.76562E-03
-9.1093464E-01,1.31836E+00,2.92969E-02
-9.1091616E-01,1.22070E+00,-4.88281E-02
-9.1089768E-01,1.31836E+00,2.92969E-02
-9.1087920E-01,1.31836E+00,2.92969E-02
-9.1086072E-01,1.24023E+00,4.88281E-02
-9.1084224E-01,1.22070E+00,9.76562E-03
-9.1082376E-01,1.29883E+00,2.92969E-02
-9.1080528E-01,1.25977E+00,6.83594E-02
-9.1078680E-01,1.29883E+00,6.83594E-02
-9.1076832E-01,1.29883E+00,4.88281E-02
-9.1074984E-01,1.35742E+00,2.92969E-02
-9.1073136E-01,1.25977E+00,4.88281E-02
-9.1071288E-01,1.27930E+00,9.76562E-03
-9.1069440E-01,1.24023E+00,6.83594E-02
-9.1067592E-01,1.25977E+00,2.92969E-02
-9.1065744E-01,1.25977E+00,2.92969E-02
-9.1063896E-01,1.22070E+00,2.92969E-02
-9.1062048E-01,1.29883E+00,9.76562E-03
-9.1060200E-01,1.33789E+00,4.88281E-02
-9.1058352E-01,1.33789E+00,2.92969E-02
-9.1056504E-01,1.31836E+00,2.92969E-02
-9.1054656E-01,1.27930E+00,6.83594E-02
-9.1052808E-01,1.33789E+00,4.88281E-02
-9.1050960E-01,1.35742E+00,9.76562E-03
-9.1049112E-01,1.29883E+00,-9.76562E-03
-9.1047264E-01,1.16211E+00,6.83594E-02
-9.1045416E-01,1.27930E+00,-9.76562E-03
-9.1043568E-01,1.27930E+00,9.76562E-03
-9.1041720E-01,1.25977E+00,2.92969E-02
-9.1039872E-01,1.29883E+00,9.76562E-03
-9.1038024E-01,1.24023E+00,4.88281E-02
-9.1036176E-01,1.31836E+00,6.83594E-02
-9.1034328E-01,1.22070E+00,6.83594E-02
-9.1032480E-01,1.24023E+00,6.83594E-02
-9.1030632E-01,1.31836E+00,9.76562E-03
-9.1028784E-01,1.27930E+00,9.76562E-03
-9.1026936E-01,1.27930E+00,9.76562E-03
-9.1025088E-01,1.25977E+00,-2.92969E-02
-9.1023240E-01,1.31836E+00,-9.76562E-03
-9.1021392E-01,1.25977E+00,9.76562E-03
-9.1019544E-01,1.29883E+00,2.92969E-02
-9.1017696E-01,1.24023E+00,6.83594E-02
-9.1015848E-01,1.37695E+00,-2.92969E-02
-9.1014000E-01,1.22070E+00,2.92969E-02
-9.1012152E-01,1.25977E+00,9.76562E-03
-9.1010304E-01,1.25977E+00,9.76562E-03
-9.1008456E-01,1.35742E+00,9.76562E-03
-9.1006608E-01,1.18164E+00,6.83594E-02
-9.1004760E-01,1.35742E+00,-9.76562E-03
-9.1002912E-01,1.31836E+00,2.92969E-02
-9.1001064E-01,1.29883E+00,6.83594E-02
-9.0999216E-01,1.29883E+00,6.83594E-02
-9.0997368E-01,1.27930E+00,-9.76562E-03
-9.0995520E-01,1.29883E+00,4.88281E-02
-9.0993672E-01,1.27930E+00,4.88281E-02
-9.0991824E-01,1.29883E+00,4.88281E-02
-9.0989976E-01,1.33789E+00,2.92969E-02
-9.0988128E-01,1.29883E+00,2.92969E-02
-9.0986280E-01,1.22070E+00,9.76562E-03
-9.0984432E-01,1.27930E+00,4.88281E-02
-9.0982584E-01,1.29883E+00,2.92969E-02
-9.0980736E-01,1.25977E+00,2.92969E-02
-9.0978888E-01,1.33789E+00,2.92969E-02
-9.0977040E-01,1.29883E+00,9.76562E-03
-9.0975192E-01,1.29883E+00,4.88281E-02
-9.0973344E-01,1.25977E+00,4.88281E-02
-9.0971496E-01,1.29883E+00,6.83594E-02
-9.0969648E-01,1.33789E+00,4.88281E-02
-9.0967800E-01,1.31836E+00,6.83594E-02
-9.0965952E-01,1.25977E+00,9.76562E-03
-9.0964104E-01,1.31836E+00,6.83594E-02
-9.0962256E-01,1.27930E+00,8.78906E-02
-9.0960408E-01,1.29883E+00,4.88281E-02
-9.0958560E-01,1.25977E+00,9.76562E-03
-9.0956712E-01,1.27930E+00,2.92969E-02
-9.0954864E-01,1.27930E+00,6.83594E-02
-9.0953016E-01,1.31836E+00,2.92969E-02
-9.0951168E-01,1.27930E+00,2.92969E-02
-9.0949320E-01,1.33789E+00,-2.92969E-02
-9.0947472E-01,1.31836E+00,4.88281E-02
-9.0945624E-01,1.29883E+00,4.88281E-02
-9.0943776E-01,1.18164E+00,4.88281E-02
-9.0941928E-01,1.29883E+00,2.92969E-02
-9.0940080E-01,1.27930E+00,8.78906E-02
-9.0938232E-01,1.29883E+00,-9.76562E-03
-9.0936384E-01,1.22070E+00,2.92969E-02
-9.0934536E-01,1.25977E+00,-9.76562E-03
-9.0932688E-01,1.33789E+00,-9.76562E-03
-9.0930840E-01,1.31836E+00,4.88281E-02
-9.0928992E-01,1.24023E+00,8.78906E-02
-9.0927144E-01,1.27930E+00,6.83594E-02
-9.0925296E-01,1.27930E+00,4.88281E-02
-9.0923448E-01,1.29883E+00,-9.76562E-03
-9.0921600E-01,1.27930E+00,1.07422E-01
-9.0919752E-01,1.25977E+00,-9.76562E-03
-9.0917904E-01,1.27930E+00,9.76562E-03
-9.0916056E-01,1.29883E+00,-9.76562E-03
-9.0914208E-01,1.24023E+00,6.83594E-02
-9.0912360E-01,1.29883E+00,9.76562E-03
-9.0910512E-01,1.27930E+00,6.83594E-02
-9.0908664E-01,1.29883E+00,4.88281E-02
-9.0906816E-01,1.35742E+00,2.92969E-02
-9.0904968E-01,1.25977E+00,-2.92969E-02
-9.0903120E-01,1.29883E+00,2.92969E-02
-9.0901272E-01,1.25977E+00,9.76562E-03
-9.0899424E-01,1.25977E+00,4.88281E-02
-9.0897576E-01,1.33789E+00,2.92969E-02
-9.0895728E-01,1.29883E+00,1.07422E-01
-9.0893880E-01,1.37695E+00,2.92969E-02
-9.0892032E-01,1.25977E+00,4.88281E-02
-9.0890184E-01,1.27930E+00,4.88281E-02
-9.0888336E-01,1.31836E+00,4.88281E-02
-9.0886488E-01,1.33789E+00,9.76562E-03
-9.0884640E-01,1.27930E+00,4.88281E-02
-9.0882792E-01,1.29883E+00,2.92969E-02
-9.0880944E-01,1.24023E+00,2.92969E-02
-9.0879096E-01,1.31836E+00,4.88281E-02
-9.0877248E-01,1.33789E+00,9.76562E-03
-9.0875400E-01,1.33789E+00,9.76562E-03
-9.0873552E-01,1.29883E+00,4.88281E-02
-9.0871704E-01,1.29883E+00,4.88281E-02
-9.0869856E-01,1.22070E+00,9.76562E-03
-9.0868008E-01,1.35742E+00,4.88281E-02
-9.0866160E-01,1.25977E+00,4.88281E-02
-9.0864312E-01,1.29883E+00,-9.76562E-03
-9.0862464E-01,1.25977E+00,2.92969E-02
-9.0860616E-01,1.37695E+00,2.92969E-02
-9.0858768E-01,1.27930E+00,4.88281E-02
-9.0856920E-01,1.25977E+00,4.88281E-02
-9.0855072E-01,1.29883E+00,9.76562E-03
-9.0853224E-01,1.33789E+00,9.76562E-03
-9.0851376E-01,1.25977E+00,4.88281E-02
-9.0849528E-01,1.33789E+00,4.88281E-02
-9.0847680E-01,1.35742E+00,6.83594E-02
-9.0845832E-01,1.29883E+00,9.76562E-03
-9.0843984E-01,1.25977E+00,8.78906E-02
-9.0842136E-01,1.29883E+00,-9.76562E-03
-9.0840288E-01,1.29883E+00,6.83594E-02
-9.0838440E-01,1.35742E+00,9.76562E-03
-9.0836592E-01,1.24023E+00,2.92969E-02
-9.0834744E-01,1.29883E+00,2.92969E-02
-9.0832896E-01,1.29883E+00,8.78906E-02
-9.0831048E-01,1.33789E+00,6.83594E-02
-9.0829200E-01,1.35742E+00,6.83594E-02
-9.0827352E-01,1.27930E+00,-9.76562E-03
-9.0825504E-01,1.20117E+00,9.76562E-03
-9.0823656E-01,1.33789E+00,-9.76562E-03
-9.0821808E-01,1.25977E+00,-2.92969E-02
-9.0819960E-01,1.31836E+00,2.92969E-02
-9.0818112E-01,1.27930E+00,4.88281E-02
-9.0816264E-01,1.31836E+00,4.88281E-02
-9.0814416E-01,1.29883E+00,6.83594E-02
-9.0812568E-01,1.29883E+00,-2.92969E-02
-9.0810720E-01,1.29883E+00,6.83594E-02
-9.0808872E-01,1.27930E+00,9.76562E-03
-9.0807024E-01,1.31836E+00,1.07422E-01
-9.0805176E-01,1.39648E+00,2.92969E-02
-9.0803328E-01,1.27930E+00,9.76562E-03
-9.0801480E-01,1.41602E+00,2.92969E-02
-9.0799632E-01,1.33789E+00,2.92969E-02
-9.0797784E-01,1.25977E+00,4.88281E-02
-9.0795936E-01,1.25977E+00,6.83594E-02
-9.0794088E-01,1.33789E+00,9.76562E-03
-9.0792240E-01,1.29883E+00,4.88281E-02
-9.0790392E-01,1.29883E+00,-9.76562E-03
-9.0788544E-01,1.27930E+00,2.92969E-02
-9.0786696E-01,1.35742E+00,9.76562E-03
-9.0784848E-01,1.24023E+00,4.88281E-02
-9.0783000E-01,1.31836E+00,9.76562E-03
-9.0781152E-01,1.31836E+00,2.92969E-02
-9.0779304E-01,1.27930E+00,9.76562E-03
-9.0777456E-01,1.29883E+00,2.92969E-02
-9.0775608E-01,1.29883E+00,4.88281E-02
-9.0773760E-01,1.29883E+00,9.76562E-03
-9.0771912E-01,1.27930E+00,2.92969E-02
-9.0770064E-01,1.27930E+00,6.83594E-02
-9.0768216E-01,1.35742E+00,4.88281E-02
-9.0766368E-01,1.25977E+00,2.92969E-02
-9.0764520E-01,1.35742E+00,9.76562E-03
-9.0762672E-01,1.25977E+00,2.92969E-02
-9.0760824E-01,1.31836E+00,6.83594E-02
-9.0758976E-01,1.29883E+00,2.92969E-02
-9.0757128E-01,1.29883E+00,4.88281E-02
-9.0755280E-01,1.27930E+00,6.83594E-02
-9.0753432E-01,1.29883E+00,4.88281E-02
-9.0751584E-01,1.27930E+00,2.92969E-02
-9.0749736E-01,1.33789E+00,-2.92969E-02
-9.0747888E-01,1.29883E+00,4.88281E-02
-9.0746040E-01,1.33789E+00,9.76562E-03
-9.0744192E-01,1.29883E+00,2.92969E-02
-9.0742344E-01,1.24023E+00,1.26953E-01
-9.0740496E-01,1.27930E+00,4.88281E-02
-9.0738648E-01,1.29883E+00,9.76562E-03
-9.0736800E-01,1.29883E+00,2.92969E-02
-9.0734952E-01,1.31836E+00,2.92969E-02
-9.0733104E-01,1.33789E+00,9.76562E-03
-9.0731256E-01,1.35742E+00,9.76562E-03
-9.0729408E-01,1.29883E+00,4.88281E-02
-9.0727560E-01,1.31836E+00,6.83594E-02
-9.0725712E-01,1.29883E+00,9.76562E-03
-9.0723864E-01,1.35742E+00,9.76562E-03
-9.0722016E-01,1.24023E+00,4.88281E-02
-9.0720168E-01,1.33789E+00,4.88281E-02
-9.0718320E-01,1.27930E+00,6.83594E-02
-9.0716472E-01,1.27930E+00,4.88281E-02
-9.0714624E-01,1.25977E+00,4.88281E-02
-9.0712776E-01,1.29883E+00,2.92969E-02
-9.0710928E-01,1.35742E+00,6.83594E-02
-9.0709080E-01,1.33789E+00,-2.92969E-02
-9.0707232E-01,1.29883E+00,9.76562E-03
-9.0705384E-01,1.35742E+00,4.88281E-02
-9.0703536E-01,1.31836E+00,6.83594E-02
-9.0701688E-01,1.29883E+00,9.76562E-03
-9.0699840E-01,1.29883E+00,4.88281E-02
-9.0697992E-01,1.29883E+00,9.76562E-03
-9.0696144E-01,1.27930E+00,1.26953E-01
-9.0694296E-01,1.35742E+00,9.76562E-03
-9.0692448E-01,1.27930E+00,2.92969E-02
-9.0690600E-01,1.31836E+00,9.76562E-03
-9.0688752E-01,1.29883E+00,9.76562E-03
-9.0686904E-01,1.31836E+00,1.07422E-01
-9.0685056E-01,1.29883E+00,1.26953E-01
-9.0683208E-01,1.29883E+00,2.92969E-02
-9.0681360E-01,1.33789E+00,6.83594E-02
-9.0679512E-01,1.29883E+00,2.92969E-02
-9.0677664E-01,1.35742E+00,2.92969E-02
-9.0675816E-01,1.35742E+00,9.76562E-03
-9.0673968E-01,1.33789E+00,9.76562E-03
-9.0672120E-01,1.29883E+00,-9.76562E-03
-9.0670272E-01,1.25977E+00,4.88281E-02
-9.0668424E-01,1.39648E+00,8.78906E-02
-9.0666576E-01,1.29883E+00,4.88281E-02
-9.0664728E-01,1.31836E+00,4.88281E-02
-9.0662880E-01,1.29883E+00,6.83594E-02
-9.0661032E-01,1.33789E+00,-2.92969E-02
-9.0659184E-01,1.25977E+00,9.76562E-03
-9.0657336E-01,1.25977E+00,9.76562E-03
-9.0655488E-01,1.27930E+00,8.78906E-02
-9.0653640E-01,1.29883E+00,4.88281E-02
-9.0651792E-01,1.33789E+00,2.92969E-02
-9.0649944E-01,1.29883E+00,2.92969E-02
-9.0648096E-01,1.35742E+00,9.76562E-03
-9.0646248E-01,1.39648E+00,2.92969E-02
-9.0644400E-01,1.29883E+00,2.92969E-02
-9.0642552E-01,1.27930E+00,2.92969E-02
-9.0640704E-01,1.29883E+00,6.83594E-02
-9.0638856E-01,1.25977E+00,2.92969E-02
-9.0637008E-01,1.27930E+00,6.83594E-02
-9.0635160E-01,1.33789E+00,9.76562E-03
-9.0633312E-01,1.25977E+00,4.88281E-02
-9.0631464E-01,1.33789E+00,6.83594E-02
-9.0629616E-01,1.29883E+00,1.07422E-01
-9.0627768E-01,1.31836E+00,9.76562E-03
-9.0625920E-01,1.27930E+00,4.88281E-02
-9.0624072E-01,1.33789E+00,-9.76562E-03
-9.0622224E-01,1.24023E+00,2.92969E-02
-9.0620376E-01,1.29883E+00,2.92969E-02
-9.0618528E-01,1.27930E+00,6.83594E-02
-9.0616680E-01,1.29883E+00,4.88281E-02
-9.0614832E-01,1.27930E+00,6.83594E-02
-9.0612984E-01,1.25977E+00,4.88281E-02
-9.0611136E-01,1.29883E+00,4.88281E-02
-9.0609288E-01,1.31836E+00,4.88281E-02
-9.0607440E-01,1.29883E+00,4.88281E-02
-9.0605592E-01,1.33789E+00,-4.88281E-02
-9.0603744E-01,1.29883E+00,6.83594E-02
-9.0601896E-01,1.29883E+00,4.88281E-02
-9.0600048E-01,1.25977E+00,2.92969E-02
-9.0598200E-01,1.31836E+00,9.76562E-03
-9.0596352E-01,1.29883E+00,9.76562E-03
-9.0594504E-01,1.27930E+00,6.83594E-02
-9.0592656E-01,1.29883E+00,4.88281E-02
-9.0590808E-01,1.29883E+00,6.83594E-02
-9.0588960E-01,1.33789E+00,4.88281E-02
-9.0587112E-01,1.39648E+00,2.92969E-02
-9.0585264E-01,1.33789E+00,6.83594E-02
-9.0583416E-01,1.29883E+00,-2.92969E-02
-9.0581568E-01,1.27930E+00,2.92969E-02
-9.0579720E-01,1.31836E+00,9.76562E-03
-9.0577872E-01,1.29883E+00,6.83594E-02
-9.0576024E-01,1.33789E+00,4.88281E-02
-9.0574176E-01,1.31836E+00,8.78906E-02
-9.0572328E-01,1.33789E+00,9.76562E-03
-9.0570480E-01,1.29883E+00,2.92969E-02
-9.0568632E-01,1.31836E+00,4.88281E-02
-9.0566784E-01,1.29883E+00,4.88281E-02
-9.0564936E-01,1.33789E+00,-2.92969E-02
-9.0563088E-01,1.31836E+00,9.76562E-03
-9.0561240E-01,1.31836E+00,1.07422E-01
-9.0559392E-01,1.24023E+00,2.92969E-02
-9.0557544E-01,1.31836E+00,-9.76562E-03
-9.0555696E-01,1.31836E+00,2.92969E-02
-9.0553848E-01,1.31836E+00,9.76562E-03
-9.0552000E-01,1.29883E+00,4.88281E-02
-9.0550152E-01,1.31836E+00,4.88281E-02
-9.0548304E-01,1.27930E+00,2.92969E-02
-9.0546456E-01,1.27930E+00,4.88281E-02
-9.0544608E-01,1.29883E+00,9.76562E-03
-9.0542760E-01,1.29883E+00,4.88281E-02
-9.0540912E-01,1.29883E+00,4.88281E-02
-9.0539064E-01,1.31836E+00,2.92969E-02
-9.0537216E-01,1.22070E+00,9.76562E-03
-9.0535368E-01,1.25977E+00,9.76562E-03
-9.0533520E-01,1.24023E+00,9.76562E-03
-9.0531672E-01,1.39648E+00,4.88281E-02
-9.0529824E-01,1.27930E+00,6.83594E-02
-9.0527976E-01,1.35742E+00,4.88281E-02
-9.0526128E-01,1.25977E+00,6.83594E-02
-9.0524280E-01,1.29883E+00,9.76562E-03
-9.0522432E-01,1.35742E+00,2.92969E-02
-9.0520584E-01,1.29883E+00,9.76562E-03
-9.0518736E-01,1.25977E+00,4.88281E-02
-9.0516888E-01,1.33789E+00,-2.92969E-02
-9.0515040E-01,1.29883E+00,4.88281E-02
-9.0513192E-01,1.31836E+00,2.92969E-02
-9.0511344E-01,1.33789E+00,9.76562E-03
-9.0509496E-01,1.29883E+00,9.76562E-03
-9.0507648E-01,1.31836E+00,4.88281E-02
-9.0505800E-01,1.29883E+00,4.88281E-02
-9.0503952E-01,1.29883E+00,6.83594E-02
-9.0502104E-01,1.25977E+00,4.88281E-02
-9.0500256E-01,1.31836E+00,4.88281E-02
-9.0498408E-01,1.29883E+00,2.92969E-02
-9.0496560E-01,1.33789E+00,9.76562E-03
-9.0494712E-01,1.29883E+00,4.88281E-02
-9.0492864E-01,1.29883E+00,2.92969E-02
-9.0491016E-01,1.35742E+00,9.76562E-03
-9.0489168E-01,1.29883E+00,4.88281E-02
-9.0487320E-01,1.35742E+00,9.76562E-03
-9.0485472E-01,1.27930E+00,6.83594E-02
-9.0483624E-01,1.37695E+00,9.76562E-03
-9.0481776E-01,1.27930E+00,9.76562E-03
-9.0479928E-01,1.29883E+00,-2.92969E-02
-9.0478080E-01,1.24023E+00,9.76562E-03
-9.0476232E-01,1.29883E+00,2.92969E-02
-9.0474384E-01,1.33789E+00,6.83594E-02
-9.0472536E-01,1.35742E+00,9.76562E-03
-9.0470688E-01,1.29883E+00,6.83594E-02
-9.0468840E-01,1.37695E+00,9.76562E-03
-9.0466992E-01,1.25977E+00,6.83594E-02
-9.0465144E-01,1.29883E+00,4.88281E-02
-9.0463296E-01,1.27930E+00,4.88281E-02
-9.0461448E-01,1.35742E+00,2.92969E-02
-9.0459600E-01,1.31836E+00,2.92969E-02
-9.0457752E-01,1.31836E+00,4.88281E-02
-9.0455904E-01,1.31836E+00,9.76562E-03
-9.0454056E-01,1.33789E+00,9.76562E-03
-9.0452208E-01,1.29883E+00,2.92969E-02
-9.0450360E-01,1.29883E+00,-2.92969E-02
-9.0448512E-01,1.22070E+00,4.88281E-02
-9.0446664E-01,1.27930E+00,4.88281E-02
-9.0444816E-01,1.39648E+00,6.83594E-02
-9.0442968E-01,1.29883E+00,4.88281E-02
-9.0441120E-01,1.33789E+00,4.88281E-02
-9.0439272E-01,1.35742E+00,-9.76562E-03
-9.0437424E-01,1.31836E+00,6.83594E-02
-9.0435576E-01,1.25977E+00,9.76562E-03
-9.0433728E-01,1.27930E+00,-4.88281E-02
-9.0431880E-01,1.31836E+00,2.92969E-02
-9.0430032E-01,1.33789E+00,6.83594E-02
-9.0428184E-01,1.37695E+00,-9.76562E-03
-9.0426336E-01,1.29883E+00,2.92969E-02
-9.0424488E-01,1.25977E+00,4.88281E-02
-9.0422640E-01,1.31836E+00,2.92969E-02
-9.0420792E-01,1.39648E+00,6.83594E-02
-9.0418944E-01,1.29883E+00,6.83594E-02
-9.0417096E-01,1.29883E+00,4.88281E-02
-9.0415248E-01,1.35742E+00,4.88281E-02
-9.0413400E-01,1.31836E+00,-4.88281E-02
-9.0411552E-01,1.27930E+00,9.76562E-03
-9.0409704E-01,1.35742E+00,9.76562E-03
-9.0407856E-01,1.35742E+00,6.83594E-02
-9.0406008E-01,1.37695E+00,9.76562E-03
-9.0404160E-01,1.29883E+00,4.88281E-02
-9.0402312E-01,1.29883E+00,4.88281E-02
-9.0400464E-01,1.31836E+00,6.83594E-02
-9.0398616E-01,1.29883E+00,2.92969E-02
-9.0396768E-01,1.33789E+00,6.83594E-02
-9.0394920E-01,1.35742E+00,9.76562E-03
-9.0393072E-01,1.33789E+00,9.76562E-03
-9.0391224E-01,1.33789E+00,2.92969E-02
-9.0389376E-01,1.27930E+00,9.76562E-03
-9.0387528E-01,1.33789E+00,2.92969E-02
-9.0385680E-01,1.33789E+00,6.83594E-02
-9.0383832E-01,1.29883E+00,-2.92969E-02
-9.0381984E-01,1.25977E+00,-4.88281E-02
-9.0380136E-01,1.37695E+00,-9.76562E-03
-9.0378288E-01,1.35742E+00,9.76562E-03
-9.0376440E-01,1.35742E+00,4.88281E-02
-9.0374592E-01,1.24023E+00,6.83594E-02
-9.0372744E-01,1.35742E+00,-4.88281E-02
-9.0370896E-01,1.25977E+00,6.83594E-02
-9.0369048E-01,1.27930E+00,9.76562E-03
-9.0367200E-01,1.25977E+00,9.76562E-03
-9.0365352E-01,1.33789E+00,-9.76562E-03
-9.0363504E-01,1.24023E+00,9.76562E-03
-9.0361656E-01,1.29883E+00,9.76562E-03
-9.0359808E-01,1.29883E+00,6.83594E-02
-9.0357960E-01,1.31836E+00,2.92969E-02
-9.0356112E-01,1.27930E+00,4.88281E-02
-9.0354264E-01,1.39648E+00,2.92969E-02
-9.0352416E-01,1.29883E+00,2.92969E-02
-9.0350568E-01,1.31836E+00,2.92969E-02
-9.0348720E-01,1.25977E+00,9.76562E-03
-9.0346872E-01,1.35742E+00,6.83594E-02
-9.0345024E-01,1.31836E+00,2.92969E-02
-9.0343176E-01,1.33789E+00,2.92969E-02
-9.0341328E-01,1.29883E+00,8.78906E-02
-9.0339480E-01,1.33789E+00,4.88281E-02
-9.0337632E-01,1.33789E+00,-4.88281E-02
-9.0335784E-01,1.29883E+00,9.76562E-03
-9.0333936E-01,1.27930E+00,6.83594E-02
-9.0332088E-01,1.31836E+00,4.88281E-02
-9.0330240E-01,1.31836E+00,6.83594E-02
-9.0328392E-01,1.27930E+00,4.88281E-02
-9.0326544E-01,1.33789E+00,1.07422E-01
-9.0324696E-01,1.39648E+00,2.92969E-02
-9.0322848E-01,1.29883E+00,4.88281E-02
-9.0321000E-01,1.31836E+00,9.76562E-03
-9.0319152E-01,1.25977E+00,6.83594E-02
-9.0317304E-01,1.37695E+00,2.92969E-02
-9.0315456E-01,1.27930E+00,2.92969E-02
-9.0313608E-01,1.35742E+00,4.88281E-02
-9.0311760E-01,1.31836E+00,9.76562E-03
-9.0309912E-01,1.31836E+00,-9.76562E-03
-9.0308064E-01,1.35742E+00,4.88281E-02
-9.0306216E-01,1.25977E+00,4.88281E-02
-9.0304368E-01,1.29883E+00,4.88281E-02
-9.0302520E-01,1.25977E+00,2.92969E-02
-9.0300672E-01,1.35742E+00,4.88281E-02
-9.0298824E-01,1.35742E+00,2.92969E-02
-9.0296976E-01,1.25977E+00,6.83594E-02
-9.0295128E-01,1.33789E+00,-9.76562E-03
-9.0293280E-01,1.29883E+00,-9.76562E-03
-9.0291432E-01,1.37695E+00,4.88281E-02
-9.0289584E-01,1.29883E+00,4.88281E-02
-9.0287736E-01,1.35742E+00,4.88281E-02
-9.0285888E-01,1.29883E+00,-2.92969E-02
-9.0284040E-01,1.37695E+00,9.76562E-03
-9.0282192E-01,1.29883E+00,4.88281E-02
-9.0280344E-01,1.29883E+00,9.76562E-03
-9.0278496E-01,1.29883E+00,6.83594E-02
-9.0276648E-01,1.39648E+00,9.76562E-03
-9.0274800E-01,1.31836E+00,6.83594E-02
-9.0272952E-01,1.31836E+00,2.92969E-02
-9.0271104E-01,1.22070E+00,6.83594E-02
-9.0269256E-01,1.31836E+00,6.83594E-02
-9.0267408E-01,1.33789E+00,2.92969E-02
-9.0265560E-01,1.35742E+00,2.92969E-02
-9.0263712E-01,1.25977E+00,6.83594E-02
-9.0261864E-01,1.35742E+00,2.92969E-02
-9.0260016E-01,1.24023E+00,4.88281E-02
-9.0258168E-01,1.27930E+00,2.92969E-02
-9.0256320E-01,1.29883E+00,4.88281E-02
-9.0254472E-01,1.33789E+00,-9.76562E-03
-9.0252624E-01,1.31836E+00,2.92969E-02
-9.0250776E-01,1.31836E+00,-9.76562E-03
-9.0248928E-01,1.27930E+00,6.83594E-02
-9.0247080E-01,1.27930E+00,2.92969E-02
-9.0245232E-01,1.24023E+00,4.88281E-02
-9.0243384E-01,1.35742E+00,4.88281E-02
-9.0241536E-01,1.29883E+00,6.83594E-02
-9.0239688E-01,1.29883E+00,4.88281E-02
-9.0237840E-01,1.29883E+00,6.83594E-02
-9.0235992E-01,1.33789E+00,9.76562E-03
-9.0234144E-01,1.31836E+00,2.92969E-02
-9.0232296E-01,1.35742E+00,-9.76562E-03
-9.0230448E-01,1.27930E+00,2.92969E-02
-9.0228600E-01,1.27930E+00,2.92969E-02
-9.0226752E-01,1.35742E+00,-2.92969E-02
-9.0224904E-01,1.35742E+00,2.92969E-02
-9.0223056E-01,1.29883E+00,2.92969E-02
-9.0221208E-01,1.39648E+00,4.88281E-02
-9.0219360E-01,1.29883E+00,8.78906E-02
-9.0217512E-01,1.29883E+00,2.92969E-02
-9.0215664E-01,1.27930E+00,9.76562E-03
-9.0213816E-01,1.29883E+00,4.88281E-02
-9.0211968E-01,1.39648E+00,2.92969E-02
-9.0210120E-01,1.29883E+00,4.88281E-02
-9.0208272E-01,1.25977E+00,4.88281E-02
-9.0206424E-01,1.39648E+00,-9.76562E-03
-9.0204576E-01,1.29883E+00,4.88281E-02
-9.0202728E-01,1.35742E+00,9.76562E-03
-9.0200880E-01,1.33789E+00,1.07422E-01
-9.0199032E-01,1.29883E+00,6.83594E-02
-9.0197184E-01,1.35742E+00,9.76562E-03
-9.0195336E-01,1.35742E+00,-9.76562E-03
-9.0193488E-01,1.29883E+00,4.88281E-02
-9.0191640E-01,1.29883E+00,2.92969E-02
-9.0189792E-01,1.29883E+00,2.92969E-02
-9.0187944E-01,1.33789E+00,4.88281E-02
-9.0186096E-01,1.33789E+00,1.66016E-01
-9.0184248E-01,1.35742E+00,-4.88281E-02
-9.0182400E-01,1.29883E+00,6.83594E-02
-9.0180552E-01,1.29883E+00,-9.76562E-03
-9.0178704E-01,1.27930E+00,6.83594E-02
-9.0176856E-01,1.31836E+00,2.92969E-02
-9.0175008E-01,1.35742E+00,-9.76562E-03
-9.0173160E-01,1.27930E+00,6.83594E-02
-9.0171312E-01,1.29883E+00,2.92969E-02
-9.0169464E-01,1.37695E+00,4.88281E-02
-9.0167616E-01,1.29883E+00,2.92969E-02
-9.0165768E-01,1.39648E+00,2.92969E-02
-9.0163920E-01,1.29883E+00,4.88281E-02
-9.0162072E-01,1.35742E+00,9.76562E-03
-9.0160224E-01,1.31836E+00,2.92969E-02
-9.0158376E-01,1.37695E+00,9.76562E-03
-9.0156528E-01,1.27930E+00,9.76562E-03
-9.0154680E-01,1.29883E+00,4.88281E-02
-9.0152832E-01,1.31836E+00,2.92969E-02
-9.0150984E-01,1.35742E+00,2.92969E-02
-9.0149136E-01,1.31836E+00,4.88281E-02
-9.0147288E-01,1.35742E+00,2.92969E-02
-9.0145440E-01,1.31836E+00,4.88281E-02
-9.0143592E-01,1.31836E+00,9.76562E-03
-9.0141744E-01,1.27930E+00,4.88281E-02
-9.0139896E-01,1.29883E+00,4.88281E-02
-9.0138048E-01,1.31836E+00,4.88281E-02
-9.0136200E-01,1.33789E+00,-9.76562E-03
-9.0134352E-01,1.29883E+00,9.76562E-03
-9.0132504E-01,1.27930E+00,2.92969E-02
-9.0130656E-01,1.29883E+00,-9.76562E-03
-9.0128808E-01,1.39648E+00,2.92969E-02
-9.0126960E-01,1.27930E+00,6.83594E-02
-9.0125112E-01,1.25977E+00,9.76562E-03
-9.0123264E-01,1.29883E+00,4.88281E-02
-9.0121416E-01,1.35742E+00,9.76562E-03
-9.0119568E-01,1.33789E+00,2.92969E-02
-9.0117720E-01,1.31836E+00,6.83594E-02
-9.0115872E-01,1.27930E+00,9.76562E-03
-9.0114024E-01,1.35742E+00,6.83594E-02
-9.0112176E-01,1.35742E+00,4.88281E-02
-9.0110328E-01,1.31836E+00,2.92969E-02
-9.0108480E-01,1.29883E+00,6.83594E-02
-9.0106632E-01,1.29883E+00,4.88281E-02
-9.0104784E-01,1.29883E+00,4.88281E-02
-9.0102936E-01,1.39648E+00,2.92969E-02
-9.0101088E-01,1.29883E+00,2.92969E-02
-9.0099240E-01,1.37695E+00,9.76562E-03
-9.0097392E-01,1.29883E+00,2.92969E-02
-9.0095544E-01,1.35742E+00,4.88281E-02
-9.0093696E-01,1.27930E+00,9.76562E-03
-9.0091848E-01,1.37695E+00,2.92969E-02
-9.0090000E-01,1.35742E+00,4.88281E-02
-9.0088152E-01,1.33789E+00,2.92969E-02
-9.0086304E-01,1.33789E+00,4.88281E-02
-9.0084456E-01,1.29883E+00,-2.92969E-02
-9.0082608E-01,1.29883E+00,9.76562E-03
-9.0080760E-01,1.31836E+00,9.76562E-03
-9.0078912E-01,1.33789E+00,9.76562E-03
-9.0077064E-01,1.37695E+00,-9.76562E-03
-9.0075216E-01,1.29883E+00,9.76562E-03
-9.0073368E-01,1.25977E+00,-4.88281E-02
-9.0071520E-01,1.35742E+00,4.88281E-02
-9.0069672E-01,1.27930E+00,-2.92969E-02
-9.0067824E-01,1.35742E+00,2.92969E-02
-9.0065976E-01,1.33789E+00,6.83594E-02
-9.0064128E-01,1.31836E+00,2.92969E-02
-9.0062280E-01,1.27930E+00,4.88281E-02
-9.0060432E-01,1.33789E+00,8.78906E-02
-9.0058584E-01,1.29883E+00,9.76562E-03
-9.0056736E-01,1.25977E+00,8.78906E-02
-9.0054888E-01,1.31836E+00,-9.76562E-03
-9.0053040E-01,1.33789E+00,-9.76562E-03
-9.0051192E-01,1.33789E+00,-9.76562E-03
-9.0049344E-01,1.31836E+00,2.92969E-02
-9.0047496E-01,1.35742E+00,4.88281E-02
-9.0045648E-01,1.29883E+00,4.88281E-02
-9.0043800E-01,1.39648E+00,4.88281E-02
-9.0041952E-01,1.27930E+00,4.88281E-02
-9.0040104E-01,1.27930E+00,4.88281E-02
-9.0038256E-01,1.29883E+00,6.83594E-02
-9.0036408E-01,1.39648E+00,-9.76562E-03
-9.0034560E-01,1.35742E+00,2.92969E-02
-9.0032712E-01,1.35742E+00,6.83594E-02
-9.0030864E-01,1.33789E+00,2.92969E-02
-9.0029016E-01,1.31836E+00,9.76562E-03
-9.0027168E-01,1.31836E+00,9.76562E-03
-9.0025320E-01,1.35742E+00,-9.76562E-03
-9.0023472E-01,1.27930E+00,8.78906E-02
-9.0021624E-01,1.41602E+00,4.88281E-02
-9.0019776E-01,1.39648E+00,-4.88281E-02
-9.0017928E-01,1.39648E+00,-9.76562E-03
-9.0016080E-01,1.31836E+00,4.88281E-02
-9.0014232E-01,1.29883E+00,4.88281E-02
-9.0012384E-01,1.25977E+00,4.88281E-02
-9.0010536E-01,1.35742E+00,6.83594E-02
-9.0008688E-01,1.33789E+00,6.83594E-02
-9.0006840E-01,1.39648E+00,9.76562E-03
-9.0004992E-01,1.31836E+00,2.92969E-02
-9.0003144E-01,1.33789E+00,-9.76562E-03
-9.0001296E-01,1.29883E+00,2.92969E-02
-8.9999448E-01,1.31836E+00,9.76562E-03
-8.9997600E-01,1.29883E+00,6.83594E-02
-8.9995752E-01,1.35742E+00,4.88281E-02
-8.9993904E-01,1.35742E+00,9.76562E-03
-8.9992056E-01,1.29883E+00,4.88281E-02
-8.9990208E-01,1.31836E+00,9.76562E-03
-8.9988360E-01,1.37695E+00,9.76562E-03
-8.9986512E-01,1.24023E+00,9.76562E-03
-8.9984664E-01,1.33789E+00,9.76562E-03
-8.9982816E-01,1.31836E+00,4.88281E-02
-8.9980968E-01,1.43555E+00,2.92969E-02
-8.9979120E-01,1.31836E+00,4.88281E-02
-8.9977272E-01,1.31836E+00,6.83594E-02
-8.9975424E-01,1.27930E+00,2.92969E-02
-8.9973576E-01,1.27930E+00,6.83594E-02
-8.9971728E-01,1.35742E+00,6.83594E-02
-8.9969880E-01,1.37695E+00,-9.76562E-03
-8.9968032E-01,1.33789E+00,-9.76562E-03
-8.9966184E-01,1.39648E+00,-9.76562E-03
-8.9964336E-01,1.31836E+00,6.83594E-02
-8.9962488E-01,1.29883E+00,9.76562E-03
-8.9960640E-01,1.31836E+00,6.83594E-02
-8.9958792E-01,1.29883E+00,9.76562E-03
-8.9956944E-01,1.35742E+00,2.92969E-02
-8.9955096E-01,1.31836E+00,9.76562E-03
-8.9953248E-01,1.37695E+00,8.78906E-02
-8.9951400E-01,1.35742E+00,2.92969E-02
-8.9949552E-01,1.29883E+00,9.76562E-03
-8.9947704E-01,1.33789E+00,9.76562E-03
-8.9945856E-01,1.27930E+00,4.88281E-02
-8.9944008E-01,1.33789E+00,2.92969E-02
-8.9942160E-01,1.35742E+00,-9.76562E-03
-8.9940312E-01,1.27930E+00,4.88281E-02
-8.9938464E-01,1.29883E+00,4.88281E-02
-8.9936616E-01,1.37695E+00,4.88281E-02
-8.9934768E-01,1.29883E+00,2.92969E-02
-8.9932920E-01,1.35742E+00,4.88281E-02
-8.9931072E-01,1.27930E+00,6.83594E-02
-8.9929224E-01,1.35742E+00,-2.92969E-02
-8.9927376E-01,1.39648E+00,8.78906E-02
-8.9925528E-01,1.39648E+00,9.76562E-03
-8.9923680E-01,1.33789E+00,4.88281E-02
-8.9921832E-01,1.41602E+00,9.76562E-03
-8.9919984E-01,1.31836E+00,2.92969E-02
-8.9918136E-01,1.39648E+00,2.92969E-02
-8.9916288E-01,1.29883E+00,2.92969E-02
-8.9914440E-01,1.35742E+00,9.76562E-03
-8.9912592E-01,1.25977E+00,4.88281E-02
-8.9910744E-01,1.35742E+00,6.83594E-02
-8.9908896E-01,1.29883E+00,4.88281E-02
-8.9907048E-01,1.39648E+00,9.76562E-03
-8.9905200E-01,1.35742E+00,8.78906E-02
-8.9903352E-01,1.35742E+00,4.88281E-02
-8.9901504E-01,1.31836E+00,4.88281E-02
-8.9899656E-01,1.39648E+00,-2.92969E-02
-8.9897808E-01,1.29883E+00,9.76562E-03
-8.9895960E-01,1.35742E+00,4.88281E-02
-8.9894112E-01,1.37695E+00,4.88281E-02
-8.9892264E-01,1.29883E+00,-2.92969E-02
-8.9890416E-01,1.33789E+00,9.76562E-03
-8.9888568E-01,1.31836E+00,9.76562E-03
-8.9886720E-01,1.27930E+00,8.78906E-02
-8.9884872E-01,1.31836E+00,2.92969E-02
-8.9883024E-01,1.29883E+00,2.92969E-02
-8.9881176E-01,1.35742E+00,2.92969E-02
-8.9879328E-01,1.37695E+00,6.83594E-02
-8.9877480E-01,1.39648E+00,2.92969E-02
-8.9875632E-01,1.37695E+00,9.76562E-03
-8.9873784E-01,1.27930E+00,8.78906E-02
-8.9871936E-01,1.29883E+00,4.88281E-02
-8.9870088E-01,1.33789E+00,2.92969E-02
-8.9868240E-01,1.27930E+00,4.88281E-02
-8.9866392E-01,1.39648E+00,9.76562E-03
-8.9864544E-01,1.22070E+00,9.76562E-03
-8.9862696E-01,1.29883E+00,2.92969E-02
-8.9860848E-01,1.33789E+00,-4.88281E-02
-8.9859000E-01,1.35742E+00,4.88281E-02
-8.9857152E-01,1.31836E+00,6.83594E-02
-8.9855304E-01,1.31836E+00,-9.76562E-03
-8.9853456E-01,1.29883E+00,1.26953E-01
-8.9851608E-01,1.31836E+00,9.76562E-03
-8.9849760E-01,1.29883E+00,-2.92969E-02
-8.9847912E-01,1.35742E+00,8.78906E-02
-8.9846064E-01,1.33789E+00,9.76562E-03
-8.9844216E-01,1.43555E+00,6.83594E-02
-8.9842368E-01,1.39648E+00,4.88281E-02
-8.9840520E-01,1.35742E+00,9.76562E-03
-8.9838672E-01,1.37695E+00,4.88281E-02
-8.9836824E-01,1.31836E+00,2.92969E-02
-8.9834976E-01,1.35742E+00,6.83594E-02
-8.9833128E-01,1.31836E+00,4.88281E-02
-8.9831280E-01,1.33789E+00,2.92969E-02
-8.9829432E-01,1.29883E+00,4.88281E-02
-8.9827584E-01,1.31836E+00,4.88281E-02
-8.9825736E-01,1.35742E+00,-4.88281E-02
-8.9823888E-01,1.35742E+00,9.76562E-03
-8.9822040E-01,1.25977E+00,4.88281E-02
-8.9820192E-01,1.29883E+00,2.92969E-02
-8.9818344E-01,1.31836E+00,6.83594E-02
-8.9816496E-01,1.31836E+00,2.92969E-02
-8.9814648E-01,1.33789E+00,6.83594E-02
-8.9812800E-01,1.29883E+00,4.88281E-02
-8.9810952E-01,1.33789E+00,2.92969E-02
-8.9809104E-01,1.33789E+00,4.88281E-02
-8.9807256E-01,1.35742E+00,-2.92969E-02
-8.9805408E-01,1.31836E+00,6.83594E-02
-8.9803560E-01,1.39648E+00,-9.76562E-03
-8.9801712E-01,1.31836E+00,2.92969E-02
-8.9799864E-01,1.33789E+00,-9.76562E-03
-8.9798016E-01,1.29883E+00,2.92969E-02
-8.9796168E-01,1.33789E+00,2.92969E-02
-8.9794320E-01,1.29883E+00,9.76562E-03
-8.9792472E-01,1.35742E+00,9.76562E-03
-8.9790624E-01,1.29883E+00,-4.88281E-02
-8.9788776E-01,1.31836E+00,9.76562E-03
-8.9786928E-01,1.31836E+00,6.83594E-02
-8.9785080E-01,1.29883E+00,9.76562E-03
-8.9783232E-01,1.33789E+00,2.92969E-02
-8.9781384E-01,1.29883E+00,4.88281E-02
-8.9779536E-01,1.31836E+00,2.92969E-02
-8.9777688E-01,1.37695E+00,-2.92969E-02
-8.9775840E-01,1.29883E+00,9.76562E-03
-8.9773992E-01,1.35742E+00,-9.76562E-03
-8.9772144E-01,1.31836E+00,8.78906E-02
-8.9770296E-01,1.35742E+00,9.76562E-03
-8.9768448E-01,1.29883E+00,9.76562E-03
-8.9766600E-01,1.33789E+00,9.76562E-03
-8.9764752E-01,1.35742E+00,4.88281E-02
-8.9762904E-01,1.33789E+00,9.76562E-03
-8.9761056E-01,1.39648E+00,1.07422E-01
-8.9759208E-01,1.39648E+00,2.92969E-02
-8.9757360E-01,1.25977E+00,8.78906E-02
-8.9755512E-01,1.37695E+00,6.83594E-02
-8.9753664E-01,1.37695E+00,2.92969E-02
-8.9751816E-01,1.31836E+00,6.83594E-02
-8.9749968E-01,1.33789E+00,4.88281E-02
-8.9748120E-01,1.37695E+00,2.92969E-02
-8.9746272E-01,1.33789E+00,9.76562E-03
-8.9744424E-01,1.31836E+00,2.92969E-02
-8.9742576E-01,1.33789E+00,9.76562E-03
-8.9740728E-01,1.35742E+00,9.76562E-03
-8.9738880E-01,1.27930E+00,2.92969E-02
-8.9737032E-01,1.31836E+00,-9.76562E-03
-8.9735184E-01,1.35742E+00,-9.76562E-03
-8.9733336E-01,1.39648E+00,2.92969E-02
-8.9731488E-01,1.29883E+00,9.76562E-03
-8.9729640E-01,1.29883E+00,2.92969E-02
-8.9727792E-01,1.37695E+00,1.07422E-01
-8.9725944E-01,1.33789E+00,9.76562E-03
-8.9724096E-01,1.33789E+00,-2.92969E-02
-8.9722248E-01,1.43555E+00,-9.76562E-03
-8.9720400E-01,1.29883E+00,2.92969E-02
-8.9718552E-01,1.29883E+00,4.88281E-02
-8.9716704E-01,1.31836E+00,4.88281E-02
-8.9714856E-01,1.35742E+00,9.76562E-03
-8.9713008E-01,1.29883E+00,4.88281E-02
-8.9711160E-01,1.43555E+00,-9.76562E-03
-8.9709312E-01,1.25977E+00,8.78906E-02
-8.9707464E-01,1.33789E+00,4.88281E-02
-8.9705616E-01,1.27930E+00,6.83594E-02
-8.9703768E-01,1.35742E+00,9.76562E-03
-8.9701920E-01,1.33789E+00,4.88281E-02
-8.9700072E-01,1.37695E+00,-9.76562E-03
-8.9698224E-01,1.35742E+00,4.88281E-02
-8.9696376E-01,1.33789E+00,-4.88281E-02
-8.9694528E-01,1.31836E+00,4.88281E-02
-8.9692680E-01,1.31836E+00,2.92969E-02
-8.9690832E-01,1.35742E+00,1.07422E-01
-8.9688984E-01,1.39648E+00,6.83594E-02
-8.9687136E-01,1.29883E+00,6.83594E-02
-8.9685288E-01,1.35742E+00,-9.76562E-03
-8.9683440E-01,1.33789E+00,6.83594E-02
-8.9681592E-01,1.31836E+00,4.88281E-02
-8.9679744E-01,1.31836E+00,4.88281E-02
-8.9677896E-01,1.39648E+00,9.76562E-03
-8.9676048E-01,1.29883E+00,4.88281E-02
-8.9674200E-01,1.29883E+00,9.76562E-03
-8.9672352E-01,1.29883E+00,2.92969E-02
-8.9670504E-01,1.37695E+00,9.76562E-03
-8.9668656E-01,1.27930E+00,9.76562E-03
-8.9666808E-01,1.37695E+00,-9.76562E-03
-8.9664960E-01,1.27930E+00,4.88281E-02
-8.9663112E-01,1.31836E+00,-9.76562E-03
-8.9661264E-01,1.35742E+00,2.92969E-02
-8.9659416E-01,1.22070E+00,4.88281E-02
-8.9657568E-01,1.35742E+00,2.92969E-02
-8.9655720E-01,1.27930E+00,2.92969E-02
-8.9653872E-01,1.33789E+00,2.92969E-02
-8.9652024E-01,1.29883E+00,2.92969E-02
-8.9650176E-01,1.25977E+00,4.88281E-02
-8.9648328E-01,1.37695E+00,9.76562E-03
-8.9646480E-01,1.31836E+00,2.92969E-02
-8.9644632E-01,1.33789E+00,9.76562E-03
-8.9642784E-01,1.29883E+00,4.88281E-02
-8.9640936E-01,1.37695E+00,-9.76562E-03
-8.9639088E-01,1.41602E+00,6.83594E-02
-8.9637240E-01,1.29883E+00,-2.92969E-02
-8.9635392E-01,1.29883E+00,4.88281E-02
-8.9633544E-01,1.37695E+00,4.88281E-02
-8.9631696E-01,1.37695E+00,6.83594E-02
-8.9629848E-01,1.33789E+00,6.83594E-02
-8.9628000E-01,1.29883E+00,2.92969E-02
-8.9626152E-01,1.41602E+00,2.92969E-02
-8.9624304E-01,1.35742E+00,6.83594E-02
-8.9622456E-01,1.29883E+00,4.88281E-02
-8.9620608E-01,1.33789E+00,6.83594E-02
-8.9618760E-01,1.33789E+00,6.83594E-02
-8.9616912E-01,1.33789E+00,6.83594E-02
-8.9615064E-01,1.37695E+00,-2.92969E-02
-8.9613216E-01,1.33789E+00,2.92969E-02
-8.9611368E-01,1.31836E+00,2.92969E-02
-8.9609520E-01,1.35742E+00,4.88281E-02
-8.9607672E-01,1.29883E+00,2.92969E-02
-8.9605824E-01,1.29883E+00,2.92969E-02
-8.9603976E-01,1.35742E+00,4.88281E-02
-8.9602128E-01,1.31836E+00,9.76562E-03
-8.9600280E-01,1.27930E+00,-9.76562E-03
-8.9598432E-01,1.29883E+00,2.92969E-02
-8.9596584E-01,1.35742E+00,6.83594E-02
-8.9594736E-01,1.33789E+00,2.92969E-02
-8.9592888E-01,1.35742E+00,-2.92969E-02
-8.9591040E-01,1.29883E+00,4.88281E-02
-8.9589192E-01,1.33789E+00,9.76562E-03
-8.9587344E-01,1.33789E+00,2.92969E-02
-8.9585496E-01,1.31836E+00,2.92969E-02
-8.9583648E-01,1.29883E+00,2.92969E-02
-8.9581800E-01,1.27930E+00,9.76562E-03
-8.9579952E-01,1.37695E+00,6.83594E-02
-8.9578104E-01,1.39648E+00,2.92969E-02
-8.9576256E-01,1.35742E+00,1.07422E-01
-8.9574408E-01,1.35742E+00,9.76562E-03
-8.9572560E-01,1.35742E+00,9.76562E-03
-8.9570712E-01,1.37695E+00,2.92969E-02
-8.9568864E-01,1.31836E+00,8.78906E-02
-8.9567016E-01,1.35742E+00,9.76562E-03
-8.9565168E-01,1.39648E+00,4.88281E-02
-8.9563320E-01,1.29883E+00,2.92969E-02
-8.9561472E-01,1.35742E+00,9.76562E-03
-8.9559624E-01,1.37695E+00,9.76562E-03
-8.9557776E-01,1.31836E+00,9.76562E-03
-8.9555928E-01,1.37695E+00,9.76562E-03
-8.9554080E-01,1.31836E+00,-2.92969E-02
-8.9552232E-01,1.29883E+00,9.76562E-03
-8.9550384E-01,1.37695E+00,6.83594E-02
-8.9548536E-01,1.41602E+00,4.88281E-02
-8.9546688E-01,1.29883E+00,1.07422E-01
-8.9544840E-01,1.33789E+00,2.92969E-02
-8.9542992E-01,1.27930E+00,4.88281E-02
-8.9541144E-01,1.29883E+00,2.92969E-02
-8.9539296E-01,1.31836E+00,4.88281E-02
-8.9537448E-01,1.31836E+00,2.92969E-02
-8.9535600E-01,1.37695E+00,4.88281E-02
-8.9533752E-01,1.35742E+00,9.76562E-03
-8.9531904E-01,1.31836E+00,-9.76562E-03
-8.9530056E-01,1.31836E+00,-9.76562E-03
-8.9528208E-01,1.35742E+00,2.92969E-02
-8.9526360E-01,1.35742E+00,4.88281E-02
-8.9524512E-01,1.35742E+00,6.83594E-02
-8.9522664E-01,1.29883E+00,-2.92969E-02
-8.9520816E-01,1.39648E+00,4.88281E-02
-8.9518968E-01,1.29883E+00,9.76562E-03
-8.9517120E-01,1.35742E+00,9.76562E-03
-8.9515272E-01,1.31836E+00,9.76562E-03
-8.9513424E-01,1.37695E+00,9.76562E-03
-8.9511576E-01,1.35742E+00,-9.76562E-03
-8.9509728E-01,1.33789E+00,6.83594E-02
-8.9507880E-01,1.37695E+00,9.76562E-03
-8.9506032E-01,1.33789E+00,9.76562E-03
-8.9504184E-01,1.35742E+00,9.76562E-03
-8.9502336E-01,1.31836E+00,-2.92969E-02
-8.9500488E-01,1.35742E+00,6.83594E-02
-8.9498640E-01,1.35742E+00,9.76562E-03
-8.9496792E-01,1.37695E+00,4.88281E-02
-8.9494944E-01,1.31836E+00,4.88281E-02
-8.9493096E-01,1.37695E+00,2.92969E-02
-8.9491248E-01,1.35742E+00,6.83594E-02
-8.9489400E-01,1.41602E+00,2.92969E-02
-8.9487552E-01,1.29883E+00,4.88281E-02
-8.9485704E-01,1.29883E+00,2.92969E-02
-8.9483856E-01,1.29883E+00,2.92969E-02
-8.9482008E-01,1.37695E+00,9.76562E-03
-8.9480160E-01,1.37695E+00,4.88281E-02
-8.9478312E-01,1.35742E+00,2.92969E-02
-8.9476464E-01,1.33789E+00,6.83594E-02
-8.9474616E-01,1.37695E+00,9.76562E-03
-8.9472768E-01,1.29883E+00,4.88281E-02
-8.9470920E-01,1.31836E+00,4.88281E-02
-8.9469072E-01,1.31836E+00,2.92969E-02
-8.9467224E-01,1.41602E+00,6.83594E-02
-8.9465376E-01,1.33789E+00,9.76562E-03
-8.9463528E-01,1.39648E+00,-9.76562E-03
-8.9461680E-01,1.37695E+00,4.88281E-02
-8.9459832E-01,1.37695E+00,2.92969E-02
-8.9457984E-01,1.37695E+00,6.83594E-02
-8.9456136E-01,1.43555E+00,6.83594E-02
-8.9454288E-01,1.31836E+00,4.88281E-02
-8.9452440E-01,1.37695E+00,9.76562E-03
-8.9450592E-01,1.31836E+00,6.83594E-02
-8.9448744E-01,1.35742E+00,9.76562E-03
-8.9446896E-01,1.31836E+00,6.83594E-02
-8.9445048E-01,1.37695E+00,-2.92969E-02
-8.9443200E-01,1.37695E+00,4.88281E-02
-8.9441352E-01,1.35742E+00,2.92969E-02
-8.9439504E-01,1.29883E+00,4.88281E-02
-8.9437656E-01,1.35742E+00,9.76562E-03
-8.9435808E-01,1.33789E+00,6.83594E-02
-8.9433960E-01,1.31836E+00,9.76562E-03
-8.9432112E-01,1.29883E+00,4.88281E-02
-8.9430264E-01,1.37695E+00,9.76562E-03
-8.9428416E-01,1.35742E+00,2.92969E-02
-8.9426568E-01,1.33789E+00,2.92969E-02
-8.9424720E-01,1.31836E+00,4.88281E-02
-8.9422872E-01,1.37695E+00,9.76562E-03
-8.9421024E-01,1.35742E+00,6.83594E-02
-8.9419176E-01,1.31836E+00,6.83594E-02
-8.9417328E-01,1.31836E+00,4.88281E-02
-8.9415480E-01,1.29883E+00,-9.76562E-03
-8.9413632E-01,1.31836E+00,1.26953E-01
-8.9411784E-01,1.37695E+00,9.76562E-03
-8.9409936E-01,1.31836E+00,6.83594E-02
-8.9408088E-01,1.39648E+00,1.07422E-01
-8.9406240E-01,1.29883E+00,4.88281E-02
-8.9404392E-01,1.25977E+00,4.88281E-02
-8.9402544E-01,1.31836E+00,-4.88281E-02
-8.9400696E-01,1.33789E+00,-9.76562E-03
-8.9398848E-01,1.35742E+00,6.83594E-02
-8.9397000E-01,1.35742E+00,9.76562E-03
-8.9395152E-01,1.39648E+00,2.92969E-02
-8.9393304E-01,1.37695E+00,9.76562E-03
-8.9391456E-01,1.31836E+00,2.92969E-02
-8.9389608E-01,1.29883E+00,4.88281E-02
-8.9387760E-01,1.31836E+00,4.88281E-02
-8.9385912E-01,1.35742E+00,8.78906E-02
-8.9384064E-01,1.29883E+00,4.88281E-02
-8.9382216E-01,1.37695E+00,4.88281E-02
-8.9380368E-01,1.25977E+00,9.76562E-03
-8.9378520E-01,1.31836E+00,-9.76562E-03
-8.9376672E-01,1.39648E+00,6.83594E-02
-8.9374824E-01,1.39648E+00,2.92969E-02
-8.9372976E-01,1.29883E+00,9.76562E-03
-8.9371128E-01,1.39648E+00,-9.76562E-03
-8.9369280E-01,1.35742E+00,6.83594E-02
-8.9367432E-01,1.37695E+00,9.76562E-03
-8.9365584E-01,1.27930E+00,4.88281E-02
-8.9363736E-01,1.35742E+00,2.92969E-02
-8.9361888E-01,1.37695E+00,6.83594E-02
-8.9360040E-01,1.39648E+00,2.92969E-02
-8.9358192E-01,1.41602E+00,4.88281E-02
-8.9356344E-01,1.37695E+00,9.76562E-03
-8.9354496E-01,1.35742E+00,2.92969E-02
-8.9352648E-01,1.35742E+00,9.76562E-03
-8.9350800E-01,1.35742E+00,8.78906E-02
-8.9348952E-01,1.39648E+00,9.76562E-03
-8.9347104E-01,1.37695E+00,2.92969E-02
-8.9345256E-01,1.33789E+00,4.88281E-02
-8.9343408E-01,1.37695E+00,9.76562E-03
-8.9341560E-01,1.41602E+00,6.83594E-02
-8.9339712E-01,1.29883E+00,-9.76562E-03
-8.9337864E-01,1.39648E+00,4.88281E-02
-8.9336016E-01,1.35742E+00,2.92969E-02
-8.9334168E-01,1.29883E+00,9.76562E-03
-8.9332320E-01,1.35742E+00,2.92969E-02
-8.9330472E-01,1.41602E+00,2.92969E-02
-8.9328624E-01,1.35742E+00,-9.76562E-03
-8.9326776E-01,1.35742E+00,2.92969E-02
-8.9324928E-01,1.37695E+00,2.92969E-02
-8.9323080E-01,1.31836E+00,2.92969E-02
-8.9321232E-01,1.33789E+00,2.92969E-02
-8.9319384E-01,1.39648E+00,6.83594E-02
-8.9317536E-01,1.31836E+00,2.92969E-02
-8.9315688E-01,1.37695E+00,2.92969E-02
-8.9313840E-01,1.37695E+00,6.83594E-02
-8.9311992E-01,1.31836E+00,-9.76562E-03
-8.9310144E-01,1.33789E+00,4.88281E-02
-8.9308296E-01,1.35742E+00,9.76562E-03
-8.9306448E-01,1.37695E+00,2.92969E-02
-8.9304600E-01,1.47461E+00,2.92969E-02
-8.9302752E-01,1.31836E+00,4.88281E-02
-8.9300904E-01,1.35742E+00,4.88281E-02
-8.9299056E-01,1.33789E+00,9.76562E-03
-8.9297208E-01,1.43555E+00,9.76562E-03
-8.9295360E-01,1.37695E+00,1.07422E-01
-8.9293512E-01,1.43555E+00,4.88281E-02
-8.9291664E-01,1.29883E+00,4.88281E-02
-8.9289816E-01,1.31836E+00,-9.76562E-03
-8.9287968E-01,1.45508E+00,4.88281E-02
-8.9286120E-01,1.37695E+00,9.76562E-03
-8.9284272E-01,1.35742E+00,-4.88281E-02
-8.9282424E-01,1.37695E+00,4.88281E-02
-8.9280576E-01,1.27930E+00,6.83594E-02
-8.9278728E-01,1.39648E+00,4.88281E-02
-8.9276880E-01,1.35742E+00,4.88281E-02
-8.9275032E-01,1.29883E+00,9.76562E-03
-8.9273184E-01,1.37695E+00,2.92969E-02
-8.9271336E-01,1.33789E+00,9.76562E-03
-8.9269488E-01,1.35742E+00,4.88281E-02
-8.9267640E-01,1.33789E+00,4.88281E-02
-8.9265792E-01,1.31836E+00,6.83594E-02
-8.9263944E-01,1.37695E+00,2.92969E-02
-8.9262096E-01,1.35742E+00,8.78906E-02
-8.9260248E-01,1.37695E+00,2.92969E-02
-8.9258400E-01,1.33789E+00,8.78906E-02
-8.9256552E-01,1.41602E+00,-4.88281E-02
-8.9254704E-01,1.35742E+00,6.83594E-02
-8.9252856E-01,1.35742E+00,4.88281E-02
-8.9251008E-01,1.35742E+00,6.83594E-02
-8.9249160E-01,1.37695E+00,2.92969E-02
-8.9247312E-01,1.37695E+00,2.92969E-02
-8.9245464E-01,1.35742E+00,9.76562E-03
-8.9243616E-01,1.39648E+00,6.83594E-02
-8.9241768E-01,1.39648E+00,2.92969E-02
-8.9239920E-01,1.35742E+00,9.76562E-03
-8.9238072E-01,1.35742E+00,4.88281E-02
-8.9236224E-01,1.33789E+00,4.88281E-02
-8.9234376E-01,1.43555E+00,6.83594E-02
-8.9232528E-01,1.41602E+00,1.07422E-01
-8.9230680E-01,1.37695E+00,9.76562E-03
-8.9228832E-01,1.29883E+00,4.88281E-02
-8.9226984E-01,1.37695E+00,1.07422E-01
-8.9225136E-01,1.29883E+00,1.26953E-01
-8.9223288E-01,1.39648E+00,-6.83594E-02
-8.9221440E-01,1.29883E+00,6.83594E-02
-8.9219592E-01,1.39648E+00,2.92969E-02
-8.9217744E-01,1.29883E+00,2.92969E-02
-8.9215896E-01,1.37695E+00,2.92969E-02
-8.9214048E-01,1.35742E+00,2.92969E-02
-8.9212200E-01,1.39648E+00,-9.76562E-03
-8.9210352E-01,1.35742E+00,-2.92969E-02
-8.9208504E-01,1.37695E+00,-9.76562E-03
-8.9206656E-01,1.29883E+00,2.92969E-02
-8.9204808E-01,1.31836E+00,-9.76562E-03
-8.9202960E-01,1.37695E+00,6.83594E-02
-8.9201112E-01,1.35742E+00,-9.76562E-03
-8.9199264E-01,1.31836E+00,2.92969E-02
-8.9197416E-01,1.33789E+00,4.88281E-02
-8.9195568E-01,1.35742E+00,1.07422E-01
-8.9193720E-01,1.29883E+00,6.83594E-02
-8.9191872E-01,1.37695E+00,2.92969E-02
-8.9190024E-01,1.31836E+00,4.88281E-02
-8.9188176E-01,1.29883E+00,4.88281E-02
-8.9186328E-01,1.37695E+00,2.92969E-02
-8.9184480E-01,1.39648E+00,4.88281E-02
-8.9182632E-01,1.29883E+00,4.88281E-02
-8.9180784E-01,1.31836E+00,8.78906E-02
-8.9178936E-01,1.29883E+00,-9.76562E-03
-8.9177088E-01,1.35742E+00,6.83594E-02
-8.9175240E-01,1.29883E+00,9.76562E-03
-8.9173392E-01,1.33789E+00,2.92969E-02
-8.9171544E-01,1.37695E+00,2.92969E-02
-8.9169696E-01,1.25977E+00,4.88281E-02
-8.9167848E-01,1.35742E+00,9.76562E-03
-8.9166000E-01,1.41602E+00,6.83594E-02
-8.9164152E-01,1.33789E+00,9.76562E-03
-8.9162304E-01,1.37695E+00,9.76562E-03
-8.9160456E-01,1.35742E+00,9.76562E-03
-8.9158608E-01,1.37695E+00,1.07422E-01
-8.9156760E-01,1.41602E+00,6.83594E-02
-8.9154912E-01,1.37695E+00,4.88281E-02
-8.9153064E-01,1.35742E+00,9.76562E-03
-8.9151216E-01,1.37695E+00,6.83594E-02
-8.9149368E-01,1.43555E+00,2.92969E-02
-8.9147520E-01,1.29883E+00,9.76562E-03
-8.9145672E-01,1.37695E+00,9.76562E-03
-8.9143824E-01,1.37695E+00,4.88281E-02
-8.9141976E-01,1.29883E+00,9.76562E-03
-8.9140128E-01,1.39648E+00,8.78906E-02
-8.9138280E-01,1.37695E+00,9.76562E-03
-8.9136432E-01,1.29883E+00,4.88281E-02
-8.9134584E-01,1.41602E+00,6.83594E-02
-8.9132736E-01,1.31836E+00,4.88281E-02
-8.9130888E-01,1.31836E+00,2.92969E-02
-8.9129040E-01,1.35742E+00,4.88281E-02
-8.9127192E-01,1.45508E+00,4.88281E-02
-8.9125344E-01,1.39648E+00,2.92969E-02
-8.9123496E-01,1.37695E+00,-9.76562E-03
-8.9121648E-01,1.35742E+00,2.92969E-02
-8.9119800E-01,1.39648E+00,9.76562E-03
-8.9117952E-01,1.31836E+00,6.83594E-02
-8.9116104E-01,1.37695E+00,4.88281E-02
-8.9114256E-01,1.35742E+00,2.92969E-02
-8.9112408E-01,1.29883E+00,4.88281E-02
-8.9110560E-01,1.37695E+00,2.92969E-02
-8.9108712E-01,1.33789E+00,6.83594E-02
-8.9106864E-01,1.31836E+00,6.83594E-02
-8.9105016E-01,1.33789E+00,9.76562E-03
-8.9103168E-01,1.33789E+00,4.88281E-02
-8.9101320E-01,1.35742E+00,4.88281E-02
-8.9099472E-01,1.35742E+00,-2.92969E-02
-8.9097624E-01,1.33789E+00,9.76562E-03
-8.9095776E-01,1.35742E+00,6.83594E-02
-8.9093928E-01,1.37695E+00,-9.76562E-03
-8.9092080E-01,1.37695E+00,1.07422E-01
-8.9090232E-01,1.31836E+00,4.88281E-02
-8.9088384E-01,1.29883E+00,4.88281E-02
-8.9086536E-01,1.29883E+00,6.83594E-02
-8.9084688E-01,1.37695E+00,9.76562E-03
-8.9082840E-01,1.39648E+00,-9.76562E-03
-8.9080992E-01,1.37695E+00,2.92969E-02
-8.9079144E-01,1.33789E+00,-2.92969E-02
-8.9077296E-01,1.35742E+00,4.88281E-02
-8.9075448E-01,1.43555E+00,2.92969E-02
-8.9073600E-01,1.27930E+00,-9.76562E-03
-8.9071752E-01,1.39648E+00,2.92969E-02
-8.9069904E-01,1.41602E+00,9.76562E-03
-8.9068056E-01,1.43555E+00,9.76562E-03
-8.9066208E-01,1.43555E+00,6.83594E-02
-8.9064360E-01,1.43555E+00,9.76562E-03
-8.9062512E-01,1.33789E+00,2.92969E-02
-8.9060664E-01,1.39648E+00,4.88281E-02
-8.9058816E-01,1.29883E+00,6.83594E-02
-8.9056968E-01,1.37695E+00,2.92969E-02
-8.9055120E-01,1.47461E+00,2.92969E-02
-8.9053272E-01,1.37695E+00,2.92969E-02
-8.9051424E-01,1.39648E+00,6.83594E-02
-8.9049576E-01,1.37695E+00,6.83594E-02
-8.9047728E-01,1.35742E+00,9.76562E-03
-8.9045880E-01,1.37695E+00,-2.92969E-02
-8.9044032E-01,1.33789E+00,2.92969E-02
-8.9042184E-01,1.29883E+00,2.92969E-02
-8.9040336E-01,1.35742E+00,4.88281E-02
-8.9038488E-01,1.41602E+00,9.76562E-03
-8.9036640E-01,1.39648E+00,6.83594E-02
-8.9034792E-01,1.35742E+00,4.88281E-02
-8.9032944E-01,1.35742E+00,4.88281E-02
-8.9031096E-01,1.43555E+00,9.76562E-03
-8.9029248E-01,1.33789E+00,4.88281E-02
-8.9027400E-01,1.37695E+00,4.88281E-02
-8.9025552E-01,1.29883E+00,9.76562E-03
-8.9023704E-01,1.37695E+00,4.88281E-02
-8.9021856E-01,1.35742E+00,9.76562E-03
-8.9020008E-01,1.47461E+00,9.76562E-03
-8.9018160E-01,1.35742E+00,9.76562E-03
-8.9016312E-01,1.35742E+00,-9.76562E-03
-8.9014464E-01,1.39648E+00,6.83594E-02
-8.9012616E-01,1.35742E+00,2.92969E-02
-8.9010768E-01,1.37695E+00,6.83594E-02
-8.9008920E-01,1.39648E+00,-9.76562E-03
-8.9007072E-01,1.37695E+00,-9.76562E-03
-8.9005224E-01,1.41602E+00,9.76562E-03
-8.9003376E-01,1.35742E+00,4.88281E-02
-8.9001528E-01,1.35742E+00,2.92969E-02
-8.8999680E-01,1.37695E+00,2.92969E-02
-8.8997832E-01,1.31836E+00,4.88281E-02
-8.8995984E-01,1.39648E+00,6.83594E-02
-8.8994136E-01,1.39648E+00,9.76562E-03
-8.8992288E-01,1.29883E+00,4.88281E-02
-8.8990440E-01,1.39648E+00,9.76562E-03
-8.8988592E-01,1.29883E+00,9.76562E-03
-8.8986744E-01,1.37695E+00,2.92969E-02
-8.8984896E-01,1.35742E+00,2.92969E-02
-8.8983048E-01,1.31836E+00,2.92969E-02
-8.8981200E-01,1.35742E+00,2.92969E-02
-8.8979352E-01,1.39648E+00,2.92969E-02
-8.8977504E-01,1.37695E+00,9.76562E-03
-8.8975656E-01,1.37695E+00,2.92969E-02
-8.8973808E-01,1.39648E+00,2.92969E-02
-8.8971960E-01,1.37695E+00,-9.76562E-03
-8.8970112E-01,1.33789E+00,6.83594E-02
-8.8968264E-01,1.37695E+00,-9.76562E-03
-8.8966416E-01,1.33789E+00,4.88281E-02
-8.8964568E-01,1.35742E+00,2.92969E-02
-8.8962720E-01,1.35742E+00,2.92969E-02
-8.8960872E-01,1.37695E+00,2.92969E-02
-8.8959024E-01,1.39648E+00,2.92969E-02
-8.8957176E-01,1.37695E+00,2.92969E-02
-8.8955328E-01,1.35742E+00,6.83594E-02
-8.8953480E-01,1.33789E+00,9.76562E-03
-8.8951632E-01,1.37695E+00,4.88281E-02
-8.8949784E-01,1.35742E+00,9.76562E-03
-8.8947936E-01,1.37695E+00,1.07422E-01
-8.8946088E-01,1.37695E+00,-9.76562E-03
-8.8944240E-01,1.35742E+00,2.92969E-02
-8.8942392E-01,1.35742E+00,4.88281E-02
-8.8940544E-01,1.35742E+00,6.83594E-02
-8.8938696E-01,1.33789E+00,6.83594E-02
-8.8936848E-01,1.37695E+00,6.83594E-02
-8.8935000E-01,1.35742E+00,2.92969E-02
-8.8933152E-01,1.29883E+00,2.92969E-02
-8.8931304E-01,1.31836E+00,-9.76562E-03
-8.8929456E-01,1.33789E+00,4.88281E-02
-8.8927608E-01,1.39648E+00,4.88281E-02
-8.8925760E-01,1.37695E+00,6.83594E-02
-8.8923912E-01,1.41602E+00,9.76562E-03
-8.8922064E-01,1.35742E+00,4.88281E-02
-8.8920216E-01,1.39648E+00,9.76562E-03
-8.8918368E-01,1.33789E+00,4.88281E-02
-8.8916520E-01,1.37695E+00,2.92969E-02
-8.8914672E-01,1.35742E+00,4.88281E-02
-8.8912824E-01,1.35742E+00,2.92969E-02
-8.8910976E-01,1.41602E+00,4.88281E-02
-8.8909128E-01,1.37695E+00,2.92969E-02
-8.8907280E-01,1.37695E+00,2.92969E-02
-8.8905432E-01,1.35742E+00,4.88281E-02
-8.8903584E-01,1.41602E+00,6.83594E-02
-8.8901736E-01,1.37695E+00,-2.92969E-02
-8.8899888E-01,1.47461E+00,9.76562E-03
-8.8898040E-01,1.35742E+00,6.83594E-02
-8.8896192E-01,1.33789E+00,6.83594E-02
-8.8894344E-01,1.37695E+00,6.83594E-02
-8.8892496E-01,1.37695E+00,9.76562E-03
-8.8890648E-01,1.33789E+00,2.92969E-02
-8.8888800E-01,1.37695E+00,9.76562E-03
-8.8886952E-01,1.37695E+00,6.83594E-02
-8.8885104E-01,1.37695E+00,9.76562E-03
-8.8883256E-01,1.37695E+00,9.76562E-03
-8.8881408E-01,1.29883E+00,2.92969E-02
-8.8879560E-01,1.35742E+00,-9.76562E-03
-8.8877712E-01,1.39648E+00,4.88281E-02
-8.8875864E-01,1.37695E+00,9.76562E-03
-8.8874016E-01,1.35742E+00,2.92969E-02
-8.8872168E-01,1.43555E+00,-2.92969E-02
-8.8870320E-01,1.31836E+00,1.26953E-01
-8.8868472E-01,1.37695E+00,9.76562E-03
-8.8866624E-01,1.35742E+00,2.92969E-02
-8.8864776E-01,1.35742E+00,4.88281E-02
-8.8862928E-01,1.33789E+00,9.76562E-03
-8.8861080E-01,1.35742E+00,9.76562E-03
-8.8859232E-01,1.39648E+00,4.88281E-02
-8.8857384E-01,1.37695E+00,9.76562E-03
-8.8855536E-01,1.37695E+00,4.88281E-02
-8.8853688E-01,1.39648E+00,2.92969E-02
-8.8851840E-01,1.31836E+00,2.92969E-02
-8.8849992E-01,1.39648E+00,4.88281E-02
-8.8848144E-01,1.31836E+00,4.88281E-02
-8.8846296E-01,1.33789E+00,2.92969E-02
-8.8844448E-01,1.35742E+00,2.92969E-02
-8.8842600E-01,1.33789E+00,9.76562E-03
-8.8840752E-01,1.35742E+00,2.92969E-02
-8.8838904E-01,1.41602E+00,9.76562E-03
-8.8837056E-01,1.35742E+00,9.76562E-03
-8.8835208E-01,1.39648E+00,9.76562E-03
-8.8833360E-01,1.29883E+00,2.92969E-02
-8.8831512E-01,1.43555E+00,-2.92969E-02
-8.8829664E-01,1.35742E+00,2.92969E-02
-8.8827816E-01,1.41602E+00,2.92969E-02
-8.8825968E-01,1.39648E+00,6.83594E-02
-8.8824120E-01,1.35742E+00,9.76562E-03
-8.8822272E-01,1.35742E+00,4.88281E-02
-8.8820424E-01,1.33789E+00,1.26953E-01
-8.8818576E-01,1.37695E+00,4.88281E-02
-8.8816728E-01,1.47461E+00,-4.88281E-02
-8.8814880E-01,1.31836E+00,2.92969E-02
-8.8813032E-01,1.41602E+00,-4.88281E-02
-8.8811184E-01,1.41602E+00,2.92969E-02
-8.8809336E-01,1.35742E+00,9.76562E-03
-8.8807488E-01,1.35742E+00,1.26953E-01
-8.8805640E-01,1.33789E+00,9.76562E-03
-8.8803792E-01,1.37695E+00,4.88281E-02
-8.8801944E-01,1.33789E+00,6.83594E-02
-8.8800096E-01,1.33789E+00,2.92969E-02
-8.8798248E-01,1.35742E+00,9.76562E-03
-8.8796400E-01,1.39648E+00,4.88281E-02
-8.8794552E-01,1.37695E+00,-2.92969E-02
-8.8792704E-01,1.39648E+00,4.88281E-02
-8.8790856E-01,1.31836E+00,9.76562E-03
-8.8789008E-01,1.41602E+00,-4.88281E-02
-8.8787160E-01,1.35742E+00,2.92969E-02
-8.8785312E-01,1.37695E+00,2.92969E-02
-8.8783464E-01,1.37695E+00,4.88281E-02
-8.8781616E-01,1.43555E+00,2.92969E-02
-8.8779768E-01,1.41602E+00,9.76562E-03
-8.8777920E-01,1.37695E+00,6.83594E-02
-8.8776072E-01,1.41602E+00,9.76562E-03
-8.8774224E-01,1.29883E+00,4.88281E-02
-8.8772376E-01,1.37695E+00,6.83594E-02
-8.8770528E-01,1.35742E+00,4.88281E-02
-8.8768680E-01,1.31836E+00,-9.76562E-03
-8.8766832E-01,1.37695E+00,9.76562E-03
-8.8764984E-01,1.37695E+00,6.83594E-02
-8.8763136E-01,1.41602E+00,2.92969E-02
-8.8761288E-01,1.37695E+00,4.88281E-02
-8.8759440E-01,1.43555E+00,9.76562E-03
-8.8757592E-01,1.39648E+00,4.88281E-02
-8.8755744E-01,1.35742E+00,9.76562E-03
-8.8753896E-01,1.37695E+00,6.83594E-02
-8.8752048E-01,1.43555E+00,2.92969E-02
-8.8750200E-01,1.43555E+00,6.83594E-02
-8.8748352E-01,1.35742E+00,4.88281E-02
-8.8746504E-01,1.41602E+00,4.88281E-02
-8.8744656E-01,1.35742E+00,4.88281E-02
-8.8742808E-01,1.43555E+00,4.88281E-02
-8.8740960E-01,1.39648E+00,6.83594E-02
-8.8739112E-01,1.37695E+00,2.92969E-02
-8.8737264E-01,1.35742E+00,4.88281E-02
-8.8735416E-01,1.35742E+00,6.83594E-02
-8.8733568E-01,1.43555E+00,4.88281E-02
-8.8731720E-01,1.43555E+00,9.76562E-03
-8.8729872E-01,1.39648E+00,6.83594E-02
-8.8728024E-01,1.37695E+00,9.76562E-03
-8.8726176E-01,1.35742E+00,6.83594E-02
-8.8724328E-01,1.37695E+00,-2.92969E-02
-8.8722480E-01,1.39648E+00,2.92969E-02
-8.8720632E-01,1.41602E+00,-2.92969E-02
-8.8718784E-01,1.35742E+00,6.83594E-02
-8.8716936E-01,1.39648E+00,-9.76562E-03
-8.8715088E-01,1.41602E+00,6.83594E-02
-8.8713240E-01,1.43555E+00,2.92969E-02
-8.8711392E-01,1.39648E+00,2.92969E-02
-8.8709544E-01,1.41602E+00,-9.76562E-03
-8.8707696E-01,1.41602E+00,6.83594E-02
-8.8705848E-01,1.37695E+00,2.92969E-02
-8.8704000E-01,1.31836E+00,2.92969E-02
-8.8702152E-01,1.41602E+00,9.76562E-03
-8.8700304E-01,1.37695E+00,4.88281E-02
-8.8698456E-01,1.33789E+00,2.92969E-02
-8.8696608E-01,1.29883E+00,4.88281E-02
-8.8694760E-01,1.39648E+00,9.76562E-03
-8.8692912E-01,1.31836E+00,4.88281E-02
-8.8691064E-01,1.39648E+00,9.76562E-03
-8.8689216E-01,1.31836E+00,2.92969E-02
-8.8687368E-01,1.43555E+00,4.88281E-02
-8.8685520E-01,1.35742E+00,6.83594E-02
-8.8683672E-01,1.43555E+00,9.76562E-03
-8.8681824E-01,1.35742E+00,4.88281E-02
-8.8679976E-01,1.37695E+00,2.92969E-02
-8.8678128E-01,1.37695E+00,4.88281E-02
-8.8676280E-01,1.35742E+00,4.88281E-02
-8.8674432E-01,1.33789E+00,2.92969E-02
-8.8672584E-01,1.37695E+00,9.76562E-03
-8.8670736E-01,1.31836E+00,2.92969E-02
-8.8668888E-01,1.37695E+00,9.76562E-03
-8.8667040E-01,1.35742E+00,6.83594E-02
-8.8665192E-01,1.37695E+00,6.83594E-02
-8.8663344E-01,1.39648E+00,2.92969E-02
-8.8661496E-01,1.35742E+00,4.88281E-02
-8.8659648E-01,1.29883E+00,4.88281E-02
-8.8657800E-01,1.39648E+00,4.88281E-02
-8.8655952E-01,1.35742E+00,9.76562E-03
-8.8654104E-01,1.37695E+00,1.07422E-01
-8.8652256E-01,1.35742E+00,9.76562E-03
-8.8650408E-01,1.43555E+00,4.88281E-02
-8.8648560E-01,1.33789E+00,-9.76562E-03
-8.8646712E-01,1.37695E+00,9.76562E-03
-8.8644864E-01,1.35742E+00,-9.76562E-03
-8.8643016E-01,1.37695E+00,9.76562E-03
-8.8641168E-01,1.37695E+00,6.83594E-02
-8.8639320E-01,1.37695E+00,-9.76562E-03
-8.8637472E-01,1.31836E+00,4.88281E-02
-8.8635624E-01,1.37695E+00,-4.88281E-02
-8.8633776E-01,1.39648E+00,4.88281E-02
-8.8631928E-01,1.43555E+00,6.83594E-02
-8.8630080E-01,1.37695E+00,6.83594E-02
-8.8628232E-01,1.37695E+00,9.76562E-03
-8.8626384E-01,1.35742E+00,4.88281E-02
-8.8624536E-01,1.35742E+00,-4.88281E-02
-8.8622688E-01,1.25977E+00,4.88281E-02
-8.8620840E-01,1.43555E+00,-9.76562E-03
-8.8618992E-01,1.37695E+00,1.26953E-01
-8.8617144E-01,1.37695E+00,9.76562E-03
-8.8615296E-01,1.37695E+00,4.88281E-02
-8.8613448E-01,1.35742E+00,9.76562E-03
-8.8611600E-01,1.35742E+00,2.92969E-02
-8.8609752E-01,1.41602E+00,9.76562E-03
-8.8607904E-01,1.29883E+00,4.88281E-02
-8.8606056E-01,1.37695E+00,2.92969E-02
-8.8604208E-01,1.39648E+00,9.76562E-03
-8.8602360E-01,1.43555E+00,9.76562E-03
-8.8600512E-01,1.37695E+00,-9.76562E-03
-8.8598664E-01,1.41602E+00,9.76562E-03
-8.8596816E-01,1.35742E+00,4.88281E-02
-8.8594968E-01,1.37695E+00,9.76562E-03
-8.8593120E-01,1.41602E+00,6.83594E-02
-8.8591272E-01,1.37695E+00,2.92969E-02
-8.8589424E-01,1.33789E+00,6.83594E-02
-8.8587576E-01,1.35742E+00,9.76562E-03
-8.8585728E-01,1.39648E+00,4.88281E-02
-8.8583880E-01,1.41602E+00,9.76562E-03
-8.8582032E-01,1.37695E+00,4.88281E-02
-8.8580184E-01,1.37695E+00,9.76562E-03
-8.8578336E-01,1.37695E+00,4.88281E-02
-8.8576488E-01,1.45508E+00,-9.76562E-03
-8.8574640E-01,1.35742E+00,8.78906E-02
-8.8572792E-01,1.37695E+00,9.76562E-03
-8.8570944E-01,1.37695E+00,9.76562E-03
-8.8569096E-01,1.31836E+00,4.88281E-02
-8.8567248E-01,1.35742E+00,9.76562E-03
-8.8565400E-01,1.37695E+00,9.76562E-03
-8.8563552E-01,1.39648E+00,4.88281E-02
-8.8561704E-01,1.37695E+00,2.92969E-02
-8.8559856E-01,1.29883E+00,4.88281E-02
-8.8558008E-01,1.39648E+00,9.76562E-03
-8.8556160E-01,1.37695E+00,6.83594E-02
-8.8554312E-01,1.37695E+00,9.76562E-03
-8.8552464E-01,1.39648E+00,2.92969E-02
-8.8550616E-01,1.43555E+00,2.92969E-02
-8.8548768E-01,1.45508E+00,4.88281E-02
-8.8546920E-01,1.39648E+00,2.92969E-02
-8.8545072E-01,1.41602E+00,6.83594E-02
-8.8543224E-01,1.41602E+00,6.83594E-02
-8.8541376E-01,1.35742E+00,4.88281E-02
-8.8539528E-01,1.37695E+00,4.88281E-02
-8.8537680E-01,1.45508E+00,6.83594E-02
-8.8535832E-01,1.33789E+00,2.92969E-02
-8.8533984E-01,1.41602E+00,4.88281E-02
-8.8532136E-01,1.41602E+00,2.92969E-02
-8.8530288E-01,1.35742E+00,-9.76562E-03
-8.8528440E-01,1.37695E+00,2.92969E-02
-8.8526592E-01,1.37695E+00,4.88281E-02
-8.8524744E-01,1.37695E+00,9.76562E-03
-8.8522896E-01,1.31836E+00,4.88281E-02
-8.8521048E-01,1.39648E+00,4.88281E-02
-8.8519200E-01,1.41602E+00,6.83594E-02
-8.8517352E-01,1.43555E+00,2.92969E-02
-8.8515504E-01,1.37695E+00,-9.76562E-03
-8.8513656E-01,1.37695E+00,9.76562E-03
-8.8511808E-01,1.29883E+00,2.92969E-02
-8.8509960E-01,1.41602E+00,-9.76562E-03
-8.8508112E-01,1.39648E+00,6.83594E-02
-8.8506264E-01,1.39648E+00,-9.76562E-03
-8.8504416E-01,1.45508E+00,4.88281E-02
-8.8502568E-01,1.41602E+00,-2.92969E-02
-8.8500720E-01,1.31836E+00,6.83594E-02
-8.8498872E-01,1.33789E+00,9.76562E-03
-8.8497024E-01,1.37695E+00,2.92969E-02
-8.8495176E-01,1.43555E+00,9.76562E-03
-8.8493328E-01,1.43555E+00,-2.92969E-02
-8.8491480E-01,1.45508E+00,9.76562E-03
-8.8489632E-01,1.35742E+00,4.88281E-02
-8.8487784E-01,1.39648E+00,9.76562E-03
-8.8485936E-01,1.37695E+00,-2.92969E-02
-8.8484088E-01,1.45508E+00,9.76562E-03
-8.8482240E-01,1.41602E+00,8.78906E-02
-8.8480392E-01,1.43555E+00,-9.76562E-03
-8.8478544E-01,1.35742E+00,9.76562E-03
-8.8476696E-01,1.43555E+00,2.92969E-02
-8.8474848E-01,1.41602E+00,-2.92969E-02
-8.8473000E-01,1.41602E+00,2.92969E-02
-8.8471152E-01,1.39648E+00,6.83594E-02
-8.8469304E-01,1.39648E+00,2.92969E-02
-8.8467456E-01,1.37695E+00,6.83594E-02
-8.8465608E-01,1.37695E+00,2.92969E-02
-8.8463760E-01,1.33789E+00,6.83594E-02
-8.8461912E-01,1.37695E+00,9.76562E-03
-8.8460064E-01,1.35742E+00,4.88281E-02
-8.8458216E-01,1.45508E+00,9.76562E-03
-8.8456368E-01,1.41602E+00,-2.92969E-02
-8.8454520E-01,1.37695E+00,4.88281E-02
-8.8452672E-01,1.35742E+00,4.88281E-02
-8.8450824E-01,1.37695E+00,-9.76562E-03
-8.8448976E-01,1.31836E+00,4.88281E-02
-8.8447128E-01,1.33789E+00,-9.76562E-03
-8.8445280E-01,1.43555E+00,6.83594E-02
-8.8443432E-01,1.43555E+00,9.76562E-03
-8.8441584E-01,1.29883E+00,1.07422E-01
-8.8439736E-01,1.37695E+00,6.83594E-02
-8.8437888E-01,1.39648E+00,2.92969E-02
-8.8436040E-01,1.29883E+00,2.92969E-02
-8.8434192E-01,1.29883E+00,4.88281E-02
-8.8432344E-01,1.45508E+00,-9.76562E-03
-8.8430496E-01,1.37695E+00,2.92969E-02
-8.8428648E-01,1.31836E+00,-9.76562E-03
-8.8426800E-01,1.37695E+00,9.76562E-03
-8.8424952E-01,1.41602E+00,6.83594E-02
-8.8423104E-01,1.39648E+00,2.92969E-02
-8.8421256E-01,1.41602E+00,9.76562E-03
-8.8419408E-01,1.35742E+00,-2.92969E-02
-8.8417560E-01,1.41602E+00,-9.76562E-03
-8.8415712E-01,1.41602E+00,9.76562E-03
-8.8413864E-01,1.37695E+00,9.76562E-03
-8.8412016E-01,1.37695E+00,4.88281E-02
-8.8410168E-01,1.47461E+00,-9.76562E-03
-8.8408320E-01,1.33789E+00,6.83594E-02
-8.8406472E-01,1.37695E+00,4.88281E-02
-8.8404624E-01,1.35742E+00,6.83594E-02
-8.8402776E-01,1.41602E+00,2.92969E-02
-8.8400928E-01,1.29883E+00,8.78906E-02
-8.8399080E-01,1.35742E+00,4.88281E-02
-8.8397232E-01,1.35742E+00,4.88281E-02
-8.8395384E-01,1.35742E+00,-9.76562E-03
-8.8393536E-01,1.41602E+00,4.88281E-02
-8.8391688E-01,1.39648E+00,1.26953E-01
-8.8389840E-01,1.41602E+00,6.83594E-02
-8.8387992E-01,1.43555E+00,4.88281E-02
-8.8386144E-01,1.35742E+00,4.88281E-02
-8.8384296E-01,1.39648E+00,-9.76562E-03
-8.8382448E-01,1.37695E+00,6.83594E-02
-8.8380600E-01,1.37695E+00,-2.92969E-02
-8.8378752E-01,1.39648E+00,8.78906E-02
-8.8376904E-01,1.41602E+00,9.76562E-03
-8.8375056E-01,1.41602E+00,9.76562E-03
-8.8373208E-01,1.37695E+00,9.76562E-03
-8.8371360E-01,1.37695E+00,4.88281E-02
-8.8369512E-01,1.35742E+00,9.76562E-03
-8.8367664E-01,1.29883E+00,2.92969E-02
-8.8365816E-01,1.53320E+00,4.88281E-02
-8.8363968E-01,1.35742E+00,9.76562E-03
-8.8362120E-01,1.45508E+00,2.92969E-02
-8.8360272E-01,1.37695E+00,-2.92969E-02
-8.8358424E-01,1.43555E+00,9.76562E-03
-8.8356576E-01,1.35742E+00,4.88281E-02
-8.8354728E-01,1.41602E+00,-9.76562E-03
-8.8352880E-01,1.43555E+00,9.76562E-03
-8.8351032E-01,1.35742E+00,2.92969E-02
-8.8349184E-01,1.39648E+00,-2.92969E-02
-8.8347336E-01,1.43555E+00,2.92969E-02
-8.8345488E-01,1.31836E+00,4.88281E-02
-8.8343640E-01,1.41602E+00,9.76562E-03
-8.8341792E-01,1.31836E+00,4.88281E-02
-8.8339944E-01,1.43555E+00,9.76562E-03
-8.8338096E-01,1.37695E+00,6.83594E-02
-8.8336248E-01,1.41602E+00,-9.76562E-03
-8.8334400E-01,1.31836E+00,9.76562E-03
-8.8332552E-01,1.37695E+00,9.76562E-03
-8.8330704E-01,1.41602E+00,6.83594E-02
-8.8328856E-01,1.37695E+00,1.26953E-01
-8.8327008E-01,1.35742E+00,4.88281E-02
-8.8325160E-01,1.41602E+00,-2.92969E-02
-8.8323312E-01,1.33789E+00,8.78906E-02
-8.8321464E-01,1.41602E+00,9.76562E-03
-8.8319616E-01,1.35742E+00,9.76562E-03
-8.8317768E-01,1.41602E+00,-9.76562E-03
-8.8315920E-01,1.33789E+00,4.88281E-02
-8.8314072E-01,1.47461E+00,-9.76562E-03
-8.8312224E-01,1.41602E+00,6.83594E-02
-8.8310376E-01,1.31836E+00,6.83594E-02
-8.8308528E-01,1.35742E+00,9.76562E-03
-8.8306680E-01,1.37695E+00,9.76562E-03
-8.8304832E-01,1.37695E+00,2.92969E-02
-8.8302984E-01,1.41602E+00,-2.92969E-02
-8.8301136E-01,1.33789E+00,4.88281E-02
-8.8299288E-01,1.35742E+00,4.88281E-02
-8.8297440E-01,1.29883E+00,9.76562E-03
-8.8295592E-01,1.37695E+00,4.88281E-02
-8.8293744E-01,1.39648E+00,9.76562E-03
-8.8291896E-01,1.45508E+00,-9.76562E-03
-8.8290048E-01,1.41602E+00,-9.76562E-03
-8.8288200E-01,1.33789E+00,4.88281E-02
-8.8286352E-01,1.41602E+00,-2.92969E-02
-8.8284504E-01,1.35742E+00,2.92969E-02
-8.8282656E-01,1.35742E+00,9.76562E-03
-8.8280808E-01,1.39648E+00,-9.76562E-03
-8.8278960E-01,1.33789E+00,9.76562E-03
-8.8277112E-01,1.37695E+00,2.92969E-02
-8.8275264E-01,1.35742E+00,9.76562E-03
-8.8273416E-01,1.43555E+00,6.83594E-02
-8.8271568E-01,1.35742E+00,6.83594E-02
-8.8269720E-01,1.41602E+00,6.83594E-02
-8.8267872E-01,1.41602E+00,9.76562E-03
-8.8266024E-01,1.35742E+00,9.76562E-03
-8.8264176E-01,1.35742E+00,6.83594E-02
-8.8262328E-01,1.37695E+00,4.88281E-02
-8.8260480E-01,1.41602E+00,6.83594E-02
-8.8258632E-01,1.45508E+00,9.76562E-03
-8.8256784E-01,1.39648E+00,6.83594E-02
-8.8254936E-01,1.37695E+00,-9.76562E-03
-8.8253088E-01,1.41602E+00,4.88281E-02
-8.8251240E-01,1.39648E+00,9.76562E-03
-8.8249392E-01,1.41602E+00,2.92969E-02
-8.8247544E-01,1.37695E+00,9.76562E-03
-8.8245696E-01,1.35742E+00,6.83594E-02
-8.8243848E-01,1.41602E+00,9.76562E-03
-8.8242000E-01,1.41602E+00,2.92969E-02
-8.8240152E-01,1.33789E+00,9.76562E-03
-8.8238304E-01,1.37695E+00,9.76562E-03
-8.8236456E-01,1.37695E+00,6.83594E-02
-8.8234608E-01,1.41602E+00,9.76562E-03
-8.8232760E-01,1.39648E+00,4.88281E-02
-8.8230912E-01,1.31836E+00,4.88281E-02
-8.8229064E-01,1.39648E+00,6.83594E-02
-8.8227216E-01,1.37695E+00,6.83594E-02
-8.8225368E-01,1.33789E+00,2.92969E-02
-8.8223520E-01,1.33789E+00,4.88281E-02
-8.8221672E-01,1.37695E+00,9.76562E-03
-8.8219824E-01,1.39648E+00,9.76562E-03
-8.8217976E-01,1.45508E+00,6.83594E-02
-8.8216128E-01,1.35742E+00,4.88281E-02
-8.8214280E-01,1.37695E+00,2.92969E-02
-8.8212432E-01,1.41602E+00,4.88281E-02
-8.8210584E-01,1.47461E+00,4.88281E-02
-8.8208736E-01,1.37695E+00,4.88281E-02
-8.8206888E-01,1.41602E+00,2.92969E-02
-8.8205040E-01,1.39648E+00,4.88281E-02
-8.8203192E-01,1.31836E+00,-9.76562E-03
-8.8201344E-01,1.43555E+00,4.88281E-02
-8.8199496E-01,1.37695E+00,9.76562E-03
-8.8197648E-01,1.35742E+00,2.92969E-02
-8.8195800E-01,1.43555E+00,4.88281E-02
-8.8193952E-01,1.41602E+00,2.92969E-02
-8.8192104E-01,1.43555E+00,4.88281E-02
-8.8190256E-01,1.41602E+00,4.88281E-02
-8.8188408E-01,1.35742E+00,2.92969E-02
-8.8186560E-01,1.39648E+00,2.92969E-02
-8.8184712E-01,1.41602E+00,-2.92969E-02
-8.8182864E-01,1.43555E+00,9.76562E-03
-8.8181016E-01,1.47461E+00,9.76562E-03
-8.8179168E-01,1.35742E+00,6.83594E-02
-8.8177320E-01,1.39648E+00,2.92969E-02
-8.8175472E-01,1.37695E+00,6.83594E-02
-8.8173624E-01,1.41602E+00,9.76562E-03
-8.8171776E-01,1.41602E+00,8.78906E-02
-8.8169928E-01,1.47461E+00,-9.76562E-03
-8.8168080E-01,1.41602E+00,9.76562E-03
-8.8166232E-01,1.41602E+00,-4.88281E-02
-8.8164384E-01,1.35742E+00,9.76562E-03
-8.8162536E-01,1.35742E+00,2.92969E-02
-8.8160688E-01,1.45508E+00,-9.76562E-03
-8.8158840E-01,1.37695E+00,4.88281E-02
-8.8156992E-01,1.41602E+00,9.76562E-03
-8.8155144E-01,1.45508E+00,4.88281E-02
-8.8153296E-01,1.35742E+00,9.76562E-03
-8.8151448E-01,1.43555E+00,2.92969E-02
-8.8149600E-01,1.35742E+00,4.88281E-02
-8.8147752E-01,1.37695E+00,4.88281E-02
-8.8145904E-01,1.37695E+00,4.88281E-02
-8.8144056E-01,1.37695E+00,-9.76562E-03
-8.8142208E-01,1.39648E+00,6.83594E-02
-8.8140360E-01,1.45508E+00,2.92969E-02
-8.8138512E-01,1.41602E+00,6.83594E-02
-8.8136664E-01,1.41602E+00,9.76562E-03
-8.8134816E-01,1.33789E+00,9.76562E-03
-8.8132968E-01,1.43555E+00,9.76562E-03
-8.8131120E-01,1.37695E+00,2.92969E-02
-8.8129272E-01,1.43555E+00,2.92969E-02
-8.8127424E-01,1.37695E+00,-2.92969E-02
-8.8125576E-01,1.39648E+00,-2.92969E-02
-8.8123728E-01,1.41602E+00,-2.92969E-02
-8.8121880E-01,1.37695E+00,4.88281E-02
-8.8120032E-01,1.43555E+00,-4.88281E-02
-8.8118184E-01,1.47461E+00,2.92969E-02
-8.8116336E-01,1.39648E+00,2.92969E-02
-8.8114488E-01,1.47461E+00,9.76562E-03
-8.8112640E-01,1.37695E+00,8.78906E-02
-8.8110792E-01,1.43555E+00,9.76562E-03
-8.8108944E-01,1.43555E+00,4.88281E-02
-8.8107096E-01,1.33789E+00,4.88281E-02
-8.8105248E-01,1.39648E+00,2.92969E-02
-8.8103400E-01,1.43555E+00,4.88281E-02
-8.8101552E-01,1.35742E+00,6.83594E-02
-8.8099704E-01,1.45508E+00,4.88281E-02
-8.8097856E-01,1.39648E+00,2.92969E-02
-8.8096008E-01,1.41602E+00,4.88281E-02
-8.8094160E-01,1.41602E+00,6.83594E-02
-8.8092312E-01,1.39648E+00,4.88281E-02
-8.8090464E-01,1.33789E+00,4.88281E-02
-8.8088616E-01,1.47461E+00,9.76562E-03
-8.8086768E-01,1.43555E+00,2.92969E-02
-8.8084920E-01,1.39648E+00,-9.76562E-03
-8.8083072E-01,1.37695E+00,2.92969E-02
-8.8081224E-01,1.39648E+00,-2.92969E-02
-8.8079376E-01,1.43555E+00,6.83594E-02
-8.8077528E-01,1.47461E+00,9.76562E-03
-8.8075680E-01,1.39648E+00,4.88281E-02
-8.8073832E-01,1.43555E+00,-9.76562E-03
-8.8071984E-01,1.39648E+00,4.88281E-02
-8.8070136E-01,1.37695E+00,-9.76562E-03
-8.8068288E-01,1.37695E+00,2.92969E-02
-8.8066440E-01,1.39648E+00,9.76562E-03
-8.8064592E-01,1.39648E+00,1.07422E-01
-8.8062744E-01,1.39648E+00,9.76562E-03
-8.8060896E-01,1.43555E+00,4.88281E-02
-8.8059048E-01,1.43555E+00,-9.76562E-03
-8.8057200E-01,1.39648E+00,4.88281E-02
-8.8055352E-01,1.49414E+00,-9.76562E-03
-8.8053504E-01,1.35742E+00,9.76562E-03
-8.8051656E-01,1.35742E+00,4.88281E-02
-8.8049808E-01,1.49414E+00,4.88281E-02
-8.8047960E-01,1.45508E+00,4.88281E-02
-8.8046112E-01,1.43555E+00,6.83594E-02
-8.8044264E-01,1.37695E+00,6.83594E-02
-8.8042416E-01,1.35742E+00,9.76562E-03
-8.8040568E-01,1.39648E+00,9.76562E-03
-8.8038720E-01,1.41602E+00,4.88281E-02
-8.8036872E-01,1.43555E+00,4.88281E-02
-8.8035024E-01,1.41602E+00,2.92969E-02
-8.8033176E-01,1.43555E+00,9.76562E-03
-8.8031328E-01,1.39648E+00,6.83594E-02
-8.8029480E-01,1.47461E+00,4.88281E-02
-8.8027632E-01,1.35742E+00,-9.76562E-03
-8.8025784E-01,1.41602E+00,-9.76562E-03
-8.8023936E-01,1.41602E+00,4.88281E-02
-8.8022088E-01,1.37695E+00,4.88281E-02
-8.8020240E-01,1.37695E+00,6.83594E-02
-8.8018392E-01,1.37695E+00,8.78906E-02
-8.8016544E-01,1.37695E+00,2.92969E-02
-8.8014696E-01,1.43555E+00,4.88281E-02
-8.8012848E-01,1.37695E+00,4.88281E-02
-8.8011000E-01,1.45508E+00,9.76562E-03
-8.8009152E-01,1.35742E+00,1.07422E-01
-8.8007304E-01,1.41602E+00,6.83594E-02
-8.8005456E-01,1.37695E+00,4.88281E-02
-8.8003608E-01,1.43555E+00,9.76562E-03
-8.8001760E-01,1.43555E+00,2.92969E-02
-8.7999912E-01,1.39648E+00,4.88281E-02
-8.7998064E-01,1.41602E+00,-2.92969E-02
-8.7996216E-01,1.51367E+00,6.83594E-02
-8.7994368E-01,1.43555E+00,6.83594E-02
-8.7992520E-01,1.47461E+00,9.76562E-03
-8.7990672E-01,1.39648E+00,9.76562E-03
-8.7988824E-01,1.33789E+00,2.92969E-02
-8.7986976E-01,1.39648E+00,2.92969E-02
-8.7985128E-01,1.37695E+00,4.88281E-02
-8.7983280E-01,1.41602E+00,4.88281E-02
-8.7981432E-01,1.43555E+00,4.88281E-02
-8.7979584E-01,1.45508E+00,6.83594E-02
-8.7977736E-01,1.43555E+00,9.76562E-03
-8.7975888E-01,1.39648E+00,6.83594E-02
-8.7974040E-01,1.45508E+00,4.88281E-02
-8.7972192E-01,1.37695E+00,6.83594E-02
-8.7970344E-01,1.43555E+00,8.78906E-02
-8.7968496E-01,1.45508E+00,2.92969E-02
-8.7966648E-01,1.43555E+00,9.76562E-03
-8.7964800E-01,1.41602E+00,2.92969E-02
-8.7962952E-01,1.37695E+00,6.83594E-02
-8.7961104E-01,1.37695E+00,9.76562E-03
-8.7959256E-01,1.29883E+00,2.92969E-02
-8.7957408E-01,1.37695E+00,2.92969E-02
-8.7955560E-01,1.37695E+00,2.92969E-02
-8.7953712E-01,1.41602E+00,2.92969E-02
-8.7951864E-01,1.37695E+00,8.78906E-02
-8.7950016E-01,1.41602E+00,8.78906E-02
-8.7948168E-01,1.31836E+00,9.76562E-03
-8.7946320E-01,1.43555E+00,6.83594E-02
-8.7944472E-01,1.43555E+00,9.76562E-03
-8.7942624E-01,1.31836E+00,4.88281E-02
-8.7940776E-01,1.43555E+00,9.76562E-03
-8.7938928E-01,1.41602E+00,9.76562E-03
-8.7937080E-01,1.37695E+00,9.76562E-03
-8.7935232E-01,1.37695E+00,4.88281E-02
-8.7933384E-01,1.41602E+00,-9.76562E-03
-8.7931536E-01,1.43555E+00,-9.76562E-03
-8.7929688E-01,1.41602E+00,-4.88281E-02
-8.7927840E-01,1.37695E+00,4.88281E-02
-8.7925992E-01,1.35742E+00,9.76562E-03
-8.7924144E-01,1.45508E+00,-9.76562E-03
-8.7922296E-01,1.43555E+00,4.88281E-02
-8.7920448E-01,1.37695E+00,-4.88281E-02
-8.7918600E-01,1.43555E+00,9.76562E-03
-8.7916752E-01,1.37695E+00,2.92969E-02
-8.7914904E-01,1.43555E+00,6.83594E-02
-8.7913056E-01,1.29883E+00,6.83594E-02
-8.7911208E-01,1.41602E+00,2.92969E-02
-8.7909360E-01,1.41602E+00,6.83594E-02
-8.7907512E-01,1.35742E+00,2.92969E-02
-8.7905664E-01,1.43555E+00,6.83594E-02
-8.7903816E-01,1.39648E+00,9.76562E-03
-8.7901968E-01,1.43555E+00,2.92969E-02
-8.7900120E-01,1.39648E+00,4.88281E-02
-8.7898272E-01,1.35742E+00,2.92969E-02
-8.7896424E-01,1.45508E+00,4.88281E-02
-8.7894576E-01,1.35742E+00,1.07422E-01
-8.7892728E-01,1.39648E+00,-4.88281E-02
-8.7890880E-01,1.41602E+00,4.88281E-02
-8.7889032E-01,1.45508E+00,9.76562E-03
-8.7887184E-01,1.37695E+00,4.88281E-02
-8.7885336E-01,1.43555E+00,-9.76562E-03
-8.7883488E-01,1.43555E+00,6.83594E-02
-8.7881640E-01,1.39648E+00,4.88281E-02
-8.7879792E-01,1.37695E+00,6.83594E-02
-8.7877944E-01,1.43555E+00,4.88281E-02
-8.7876096E-01,1.37695E+00,2.92969E-02
-8.7874248E-01,1.43555E+00,2.92969E-02
-8.7872400E-01,1.35742E+00,6.83594E-02
-8.7870552E-01,1.43555E+00,-9.76562E-03
-8.7868704E-01,1.37695E+00,4.88281E-02
-8.7866856E-01,1.37695E+00,1.26953E-01
-8.7865008E-01,1.39648E+00,2.92969E-02
-8.7863160E-01,1.43555E+00,-2.92969E-02
-8.7861312E-01,1.45508E+00,1.66016E-01
-8.7859464E-01,1.39648E+00,9.76562E-03
-8.7857616E-01,1.43555E+00,6.83594E-02
-8.7855768E-01,1.41602E+00,2.92969E-02
-8.7853920E-01,1.41602E+00,6.83594E-02
-8.7852072E-01,1.43555E+00,4.88281E-02
-8.7850224E-01,1.41602E+00,9.76562E-03
-8.7848376E-01,1.43555E+00,2.92969E-02
-8.7846528E-01,1.33789E+00,6.83594E-02
-8.7844680E-01,1.39648E+00,4.88281E-02
-8.7842832E-01,1.43555E+00,-9.76562E-03
-8.7840984E-01,1.47461E+00,2.92969E-02
-8.7839136E-01,1.43555E+00,-9.76562E-03
-8.7837288E-01,1.37695E+00,4.88281E-02
-8.7835440E-01,1.35742E+00,9.76562E-03
-8.7833592E-01,1.49414E+00,4.88281E-02
-8.7831744E-01,1.41602E+00,4.88281E-02
-8.7829896E-01,1.41602E+00,9.76562E-03
-8.7828048E-01,1.35742E+00,4.88281E-02
-8.7826200E-01,1.37695E+00,-2.92969E-02
-8.7824352E-01,1.37695E+00,6.83594E-02
-8.7822504E-01,1.37695E+00,4.88281E-02
-8.7820656E-01,1.43555E+00,2.92969E-02
-8.7818808E-01,1.31836E+00,2.92969E-02
-8.7816960E-01,1.39648E+00,4.88281E-02
-8.7815112E-01,1.35742E+00,6.83594E-02
-8.7813264E-01,1.41602E+00,2.92969E-02
-8.7811416E-01,1.37695E+00,2.92969E-02
-8.7809568E-01,1.41602E+00,2.92969E-02
-8.7807720E-01,1.45508E+00,-2.92969E-02
-8.7805872E-01,1.49414E+00,6.83594E-02
-8.7804024E-01,1.37695E+00,6.83594E-02
-8.7802176E-01,1.47461E+00,1.07422E-01
-8.7800328E-01,1.43555E+00,-9.76562E-03
-8.7798480E-01,1.43555E+00,4.88281E-02
-8.7796632E-01,1.43555E+00,-4.88281E-02
-8.7794784E-01,1.41602E+00,2.92969E-02
-8.7792936E-01,1.39648E+00,9.76562E-03
-8.7791088E-01,1.35742E+00,2.92969E-02
-8.7789240E-01,1.45508E+00,4.88281E-02
-8.7787392E-01,1.43555E+00,4.88281E-02
-8.7785544E-01,1.45508E+00,9.76562E-03
-8.7783696E-01,1.37695E+00,4.88281E-02
-8.7781848E-01,1.45508E+00,2.92969E-02
-8.7780000E-01,1.41602E+00,9.76562E-03
-8.7778152E-01,1.41602E+00,-9.76562E-03
-8.7776304E-01,1.41602E+00,4.88281E-02
-8.7774456E-01,1.43555E+00,2.92969E-02
-8.7772608E-01,1.43555E+00,2.92969E-02
-8.7770760E-01,1.37695E+00,9.76562E-03
-8.7768912E-01,1.33789E+00,2.92969E-02
-8.7767064E-01,1.51367E+00,4.88281E-02
-8.7765216E-01,1.43555E+00,2.92969E-02
-8.7763368E-01,1.45508E+00,-2.92969E-02
-8.7761520E-01,1.47461E+00,4.88281E-02
-8.7759672E-01,1.39648E+00,2.92969E-02
-8.7757824E-01,1.41602E+00,1.07422E-01
-8.7755976E-01,1.41602E+00,9.76562E-03
-8.7754128E-01,1.37695E+00,9.76562E-03
-8.7752280E-01,1.39648E+00,9.76562E-03
-8.7750432E-01,1.41602E+00,9.76562E-03
-8.7748584E-01,1.37695E+00,-9.76562E-03
-8.7746736E-01,1.47461E+00,4.88281E-02
-8.7744888E-01,1.41602E+00,2.92969E-02
-8.7743040E-01,1.43555E+00,2.92969E-02
-8.7741192E-01,1.39648E+00,-2.92969E-02
-8.7739344E-01,1.37695E+00,1.26953E-01
-8.7737496E-01,1.45508E+00,9.76562E-03
-8.7735648E-01,1.41602E+00,9.76562E-03
-8.7733800E-01,1.41602E+00,-6.83594E-02
-8.7731952E-01,1.39648E+00,4.88281E-02
-8.7730104E-01,1.39648E+00,2.92969E-02
-8.7728256E-01,1.47461E+00,4.88281E-02
-8.7726408E-01,1.45508E+00,9.76562E-03
-8.7724560E-01,1.41602E+00,8.78906E-02
-8.7722712E-01,1.45508E+00,-4.88281E-02
-8.7720864E-01,1.43555E+00,4.88281E-02
-8.7719016E-01,1.49414E+00,4.88281E-02
-8.7717168E-01,1.37695E+00,8.78906E-02
-8.7715320E-01,1.49414E+00,4.88281E-02
-8.7713472E-01,1.43555E+00,-4.88281E-02
-8.7711624E-01,1.41602E+00,9.76562E-03
-8.7709776E-01,1.39648E+00,1.26953E-01
-8.7707928E-01,1.39648E+00,4.88281E-02
-8.7706080E-01,1.37695E+00,4.88281E-02
-8.7704232E-01,1.43555E+00,9.76562E-03
-8.7702384E-01,1.41602E+00,4.88281E-02
-8.7700536E-01,1.49414E+00,2.92969E-02
-8.7698688E-01,1.35742E+00,2.92969E-02
-8.7696840E-01,1.43555E+00,2.92969E-02
-8.7694992E-01,1.41602E+00,6.83594E-02
-8.7693144E-01,1.49414E+00,4.88281E-02
-8.7691296E-01,1.35742E+00,4.88281E-02
-8.7689448E-01,1.43555E+00,9.76562E-03
-8.7687600E-01,1.35742E+00,9.76562E-03
-8.7685752E-01,1.39648E+00,9.76562E-03
-8.7683904E-01,1.41602E+00,9.76562E-03
-8.7682056E-01,1.39648E+00,4.88281E-02
-8.7680208E-01,1.33789E+00,9.76562E-03
-8.7678360E-01,1.43555E+00,9.76562E-03
-8.7676512E-01,1.45508E+00,4.88281E-02
-8.7674664E-01,1.37695E+00,2.92969E-02
-8.7672816E-01,1.39648E+00,9.76562E-03
-8.7670968E-01,1.39648E+00,-9.76562E-03
-8.7669120E-01,1.43555E+00,4.88281E-02
-8.7667272E-01,1.35742E+00,2.92969E-02
-8.7665424E-01,1.41602E+00,-2.92969E-02
-8.7663576E-01,1.41602E+00,9.76562E-03
-8.7661728E-01,1.37695E+00,2.92969E-02
-8.7659880E-01,1.43555E+00,2.92969E-02
-8.7658032E-01,1.49414E+00,2.92969E-02
-8.7656184E-01,1.43555E+00,-2.92969E-02
-8.7654336E-01,1.37695E+00,6.83594E-02
-8.7652488E-01,1.43555E+00,2.92969E-02
-8.7650640E-01,1.45508E+00,2.92969E-02
-8.7648792E-01,1.37695E+00,-9.76562E-03
-8.7646944E-01,1.35742E+00,6.83594E-02
-8.7645096E-01,1.41602E+00,4.88281E-02
-8.7643248E-01,1.41602E+00,4.88281E-02
-8.7641400E-01,1.49414E+00,2.92969E-02
-8.7639552E-01,1.37695E+00,9.76562E-03
-8.7637704E-01,1.49414E+00,4.88281E-02
-8.7635856E-01,1.39648E+00,-2.92969E-02
-8.7634008E-01,1.39648E+00,-9.76562E-03
-8.7632160E-01,1.41602E+00,8.78906E-02
-8.7630312E-01,1.37695E+00,9.76562E-03
-8.7628464E-01,1.39648E+00,9.76562E-03
-8.7626616E-01,1.41602E+00,2.92969E-02
-8.7624768E-01,1.43555E+00,-9.76562E-03
-8.7622920E-01,1.43555E+00,4.88281E-02
-8.7621072E-01,1.43555E+00,6.83594E-02
-8.7619224E-01,1.39648E+00,4.88281E-02
-8.7617376E-01,1.47461E+00,6.83594E-02
-8.7615528E-01,1.39648E+00,2.92969E-02
-8.7613680E-01,1.45508E+00,4.88281E-02
-8.7611832E-01,1.47461E+00,4.88281E-02
-8.7609984E-01,1.47461E+00,6.83594E-02
-8.7608136E-01,1.43555E+00,2.92969E-02
-8.7606288E-01,1.37695E+00,4.88281E-02
-8.7604440E-01,1.49414E+00,-9.76562E-03
-8.7602592E-01,1.37695E+00,6.83594E-02
-8.7600744E-01,1.37695E+00,9.76562E-03
-8.7598896E-01,1.43555E+00,2.92969E-02
-8.7597048E-01,1.43555E+00,2.92969E-02
-8.7595200E-01,1.43555E+00,2.92969E-02
-8.7593352E-01,1.41602E+00,2.92969E-02
-8.7591504E-01,1.37695E+00,6.83594E-02
-8.7589656E-01,1.51367E+00,2.92969E-02
-8.7587808E-01,1.39648E+00,4.88281E-02
-8.7585960E-01,1.45508E+00,4.88281E-02
-8.7584112E-01,1.39648E+00,9.76562E-03
-8.7582264E-01,1.49414E+00,4.88281E-02
-8.7580416E-01,1.43555E+00,2.92969E-02
-8.7578568E-01,1.39648E+00,4.88281E-02
-8.7576720E-01,1.39648E+00,-9.76562E-03
-8.7574872E-01,1.39648E+00,9.76562E-03
-8.7573024E-01,1.41602E+00,6.83594E-02
-8.7571176E-01,1.49414E+00,9.76562E-03
-8.7569328E-01,1.37695E+00,4.88281E-02
-8.7567480E-01,1.41602E+00,9.76562E-03
-8.7565632E-01,1.41602E+00,-2.92969E-02
-8.7563784E-01,1.47461E+00,2.92969E-02
-8.7561936E-01,1.39648E+00,9.76562E-03
-8.7560088E-01,1.39648E+00,9.76562E-03
-8.7558240E-01,1.43555E+00,4.88281E-02
-8.7556392E-01,1.47461E+00,4.88281E-02
-8.7554544E-01,1.41602E+00,9.76562E-03
-8.7552696E-01,1.41602E+00,-9.76562E-03
-8.7550848E-01,1.43555E+00,4.88281E-02
-8.7549000E-01,1.43555E+00,4.88281E-02
-8.7547152E-01,1.45508E+00,4.88281E-02
-8.7545304E-01,1.39648E+00,4.88281E-02
-8.7543456E-01,1.39648E+00,1.07422E-01
-8.7541608E-01,1.47461E+00,9.76562E-03
-8.7539760E-01,1.37695E+00,4.88281E-02
-8.7537912E-01,1.49414E+00,9.76562E-03
-8.7536064E-01,1.41602E+00,9.76562E-03
-8.7534216E-01,1.43555E+00,-2.92969E-02
-8.7532368E-01,1.45508E+00,6.83594E-02
-8.7530520E-01,1.39648E+00,9.76562E-03
-8.7528672E-01,1.45508E+00,6.83594E-02
-8.7526824E-01,1.39648E+00,2.92969E-02
-8.7524976E-01,1.37695E+00,4.88281E-02
-8.7523128E-01,1.37695E+00,9.76562E-03
-8.7521280E-01,1.39648E+00,-4.88281E-02
-8.7519432E-01,1.43555E+00,4.88281E-02
-8.7517584E-01,1.37695E+00,4.88281E-02
-8.7515736E-01,1.43555E+00,9.76562E-03
-8.7513888E-01,1.37695E+00,6.83594E-02
-8.7512040E-01,1.43555E+00,4.88281E-02
-8.7510192E-01,1.43555E+00,4.88281E-02
-8.7508344E-01,1.49414E+00,9.76562E-03
-8.7506496E-01,1.43555E+00,1.07422E-01
-8.7504648E-01,1.41602E+00,-2.92969E-02
-8.7502800E-01,1.39648E+00,9.76562E-03
-8.7500952E-01,1.43555E+00,9.76562E-03
-8.7499104E-01,1.41602E+00,2.92969E-02
-8.7497256E-01,1.43555E+00,9.76562E-03
-8.7495408E-01,1.39648E+00,4.88281E-02
-8.7493560E-01,1.39648E+00,-9.76562E-03
-8.7491712E-01,1.37695E+00,6.83594E-02
-8.7489864E-01,1.45508E+00,4.88281E-02
-8.7488016E-01,1.45508E+00,9.76562E-03
-8.7486168E-01,1.37695E+00,2.92969E-02
-8.7484320E-01,1.41602E+00,2.92969E-02
-8.7482472E-01,1.43555E+00,4.88281E-02
-8.7480624E-01,1.43555E+00,9.76562E-03
-8.7478776E-01,1.37695E+00,9.76562E-03
-8.7476928E-01,1.39648E+00,-9.76562E-03
-8.7475080E-01,1.37695E+00,2.92969E-02
-8.7473232E-01,1.39648E+00,2.92969E-02
-8.7471384E-01,1.39648E+00,4.88281E-02
-8.7469536E-01,1.47461E+00,4.88281E-02
-8.7467688E-01,1.39648E+00,9.76562E-03
-8.7465840E-01,1.43555E+00,6.83594E-02
-8.7463992E-01,1.41602E+00,4.88281E-02
-8.7462144E-01,1.39648E+00,4.88281E-02
-8.7460296E-01,1.39648E+00,9.76562E-03
-8.7458448E-01,1.47461E+00,6.83594E-02
-8.7456600E-01,1.49414E+00,9.76562E-03
-8.7454752E-01,1.43555E+00,6.83594E-02
-8.7452904E-01,1.51367E+00,9.76562E-03
-8.7451056E-01,1.45508E+00,2.92969E-02
-8.7449208E-01,1.45508E+00,9.76562E-03
-8.7447360E-01,1.43555E+00,1.26953E-01
-8.7445512E-01,1.43555E+00,4.88281E-02
-8.7443664E-01,1.45508E+00,9.76562E-03
-8.7441816E-01,1.39648E+00,-9.76562E-03
-8.7439968E-01,1.41602E+00,6.83594E-02
-8.7438120E-01,1.47461E+00,2.92969E-02
-8.7436272E-01,1.37695E+00,2.92969E-02
-8.7434424E-01,1.43555E+00,4.88281E-02
-8.7432576E-01,1.45508E+00,4.88281E-02
-8.7430728E-01,1.51367E+00,-9.76562E-03
-8.7428880E-01,1.35742E+00,6.83594E-02
-8.7427032E-01,1.45508E+00,4.88281E-02
-8.7425184E-01,1.39648E+00,2.92969E-02
-8.7423336E-01,1.41602E+00,2.92969E-02
-8.7421488E-01,1.49414E+00,6.83594E-02
-8.7419640E-01,1.49414E+00,2.92969E-02
-8.7417792E-01,1.39648E+00,4.88281E-02
-8.7415944E-01,1.37695E+00,9.76562E-03
-8.7414096E-01,1.41602E+00,2.92969E-02
-8.7412248E-01,1.43555E+00,-9.76562E-03
-8.7410400E-01,1.47461E+00,8.78906E-02
-8.7408552E-01,1.41602E+00,2.92969E-02
-8.7406704E-01,1.43555E+00,2.92969E-02
-8.7404856E-01,1.43555E+00,4.88281E-02
-8.7403008E-01,1.43555E+00,2.92969E-02
-8.7401160E-01,1.49414E+00,4.88281E-02
-8.7399312E-01,1.47461E+00,2.92969E-02
-8.7397464E-01,1.49414E+00,2.92969E-02
-8.7395616E-01,1.45508E+00,4.88281E-02
-8.7393768E-01,1.49414E+00,9.76562E-03
-8.7391920E-01,1.47461E+00,6.83594E-02
-8.7390072E-01,1.39648E+00,9.76562E-03
-8.7388224E-01,1.37695E+00,-9.76562E-03
-8.7386376E-01,1.51367E+00,9.76562E-03
-8.7384528E-01,1.37695E+00,9.76562E-03
-8.7382680E-01,1.43555E+00,4.88281E-02
-8.7380832E-01,1.45508E+00,9.76562E-03
-8.7378984E-01,1.39648E+00,9.76562E-03
-8.7377136E-01,1.39648E+00,9.76562E-03
-8.7375288E-01,1.47461E+00,4.88281E-02
-8.7373440E-01,1.45508E+00,9.76562E-03
-8.7371592E-01,1.51367E+00,2.92969E-02
-8.7369744E-01,1.41602E+00,9.76562E-03
-8.7367896E-01,1.47461E+00,4.88281E-02
-8.7366048E-01,1.45508E+00,6.83594E-02
-8.7364200E-01,1.43555E+00,9.76562E-03
-8.7362352E-01,1.47461E+00,6.83594E-02
-8.7360504E-01,1.43555E+00,6.83594E-02
-8.7358656E-01,1.45508E+00,6.83594E-02
-8.7356808E-01,1.47461E+00,9.76562E-03
-8.7354960E-01,1.37695E+00,4.88281E-02
-8.7353112E-01,1.43555E+00,-2.92969E-02
-8.7351264E-01,1.37695E+00,2.92969E-02
-8.7349416E-01,1.37695E+00,4.88281E-02
-8.7347568E-01,1.41602E+00,2.92969E-02
-8.7345720E-01,1.43555E+00,9.76562E-03
-8.7343872E-01,1.39648E+00,2.92969E-02
-8.7342024E-01,1.45508E+00,-2.92969E-02
-8.7340176E-01,1.43555E+00,2.92969E-02
-8.7338328E-01,1.45508E+00,-9.76562E-03
-8.7336480E-01,1.51367E+00,2.92969E-02
-8.7334632E-01,1.51367E+00,8.78906E-02
-8.7332784E-01,1.37695E+00,4.88281E-02
-8.7330936E-01,1.39648E+00,2.92969E-02
-8.7329088E-01,1.43555E+00,4.88281E-02
-8.7327240E-01,1.43555E+00,9.76562E-03
-8.7325392E-01,1.43555E+00,4.88281E-02
-8.7323544E-01,1.43555E+00,2.92969E-02
-8.7321696E-01,1.45508E+00,6.83594E-02
-8.7319848E-01,1.43555E+00,-9.76562E-03
-8.7318000E-01,1.45508E+00,6.83594E-02
-8.7316152E-01,1.43555E+00,9.76562E-03
-8.7314304E-01,1.51367E+00,9.76562E-03
-8.7312456E-01,1.47461E+00,-9.76562E-03
-8.7310608E-01,1.43555E+00,1.07422E-01
-8.7308760E-01,1.37695E+00,9.76562E-03
-8.7306912E-01,1.41602E+00,4.88281E-02
-8.7305064E-01,1.33789E+00,2.92969E-02
-8.7303216E-01,1.49414E+00,-9.76562E-03
-8.7301368E-01,1.45508E+00,2.92969E-02
-8.7299520E-01,1.47461E+00,1.26953E-01
-8.7297672E-01,1.39648E+00,2.92969E-02
-8.7295824E-01,1.39648E+00,4.88281E-02
-8.7293976E-01,1.53320E+00,-9.76562E-03
-8.7292128E-01,1.47461E+00,2.92969E-02
-8.7290280E-01,1.39648E+00,4.88281E-02
-8.7288432E-01,1.45508E+00,2.92969E-02
-8.7286584E-01,1.45508E+00,4.88281E-02
-8.7284736E-01,1.47461E+00,4.88281E-02
-8.7282888E-01,1.43555E+00,2.92969E-02
-8.7281040E-01,1.47461E+00,9.76562E-03
-8.7279192E-01,1.43555E+00,9.76562E-03
-8.7277344E-01,1.43555E+00,8.78906E-02
-8.7275496E-01,1.45508E+00,4.88281E-02
-8.7273648E-01,1.43555E+00,9.76562E-03
-8.7271800E-01,1.45508E+00,9.76562E-03
-8.7269952E-01,1.45508E+00,6.83594E-02
-8.7268104E-01,1.49414E+00,2.92969E-02
-8.7266256E-01,1.43555E+00,9.76562E-03
-8.7264408E-01,1.41602E+00,-9.76562E-03
-8.7262560E-01,1.37695E+00,2.92969E-02
-8.7260712E-01,1.37695E+00,6.83594E-02
-8.7258864E-01,1.45508E+00,-4.88281E-02
-8.7257016E-01,1.41602E+00,-9.76562E-03
-8.7255168E-01,1.47461E+00,6.83594E-02
-8.7253320E-01,1.45508E+00,4.88281E-02
-8.7251472E-01,1.37695E+00,2.92969E-02
-8.7249624E-01,1.51367E+00,-9.76562E-03
-8.7247776E-01,1.45508E+00,9.76562E-03
-8.7245928E-01,1.43555E+00,4.88281E-02
-8.7244080E-01,1.49414E+00,9.76562E-03
-8.7242232E-01,1.49414E+00,2.92969E-02
-8.7240384E-01,1.45508E+00,4.88281E-02
-8.7238536E-01,1.43555E+00,2.92969E-02
-8.7236688E-01,1.39648E+00,6.83594E-02
-8.7234840E-01,1.43555E+00,-4.88281E-02
-8.7232992E-01,1.39648E+00,4.88281E-02
-8.7231144E-01,1.41602E+00,2.92969E-02
-8.7229296E-01,1.45508E+00,9.76562E-03
-8.7227448E-01,1.39648E+00,2.92969E-02
-8.7225600E-01,1.41602E+00,4.88281E-02
-8.7223752E-01,1.43555E+00,9.76562E-03
-8.7221904E-01,1.41602E+00,4.88281E-02
-8.7220056E-01,1.37695E+00,4.88281E-02
-8.7218208E-01,1.43555E+00,4.88281E-02
-8.7216360E-01,1.37695E+00,9.76562E-03
-8.7214512E-01,1.41602E+00,4.88281E-02
-8.7212664E-01,1.49414E+00,9.76562E-03
-8.7210816E-01,1.45508E+00,6.83594E-02
-8.7208968E-01,1.51367E+00,4.88281E-02
-8.7207120E-01,1.43555E+00,8.78906E-02
-8.7205272E-01,1.47461E+00,2.92969E-02
-8.7203424E-01,1.41602E+00,6.83594E-02
-8.7201576E-01,1.43555E+00,4.88281E-02
-8.7199728E-01,1.41602E+00,4.88281E-02
-8.7197880E-01,1.49414E+00,4.88281E-02
-8.7196032E-01,1.45508E+00,9.76562E-03
-8.7194184E-01,1.45508E+00,6.83594E-02
-8.7192336E-01,1.45508E+00,2.92969E-02
-8.7190488E-01,1.47461E+00,4.88281E-02
-8.7188640E-01,1.39648E+00,4.88281E-02
-8.7186792E-01,1.47461E+00,6.83594E-02
-8.7184944E-01,1.47461E+00,1.26953E-01
-8.7183096E-01,1.43555E+00,-9.76562E-03
-8.7181248E-01,1.49414E+00,2.92969E-02
-8.7179400E-01,1.49414E+00,4.88281E-02
-8.7177552E-01,1.45508E+00,2.92969E-02
-8.7175704E-01,1.47461E+00,4.88281E-02
-8.7173856E-01,1.45508E+00,2.92969E-02
-8.7172008E-01,1.47461E+00,9.76562E-03
-8.7170160E-01,1.45508E+00,2.92969E-02
-8.7168312E-01,1.39648E+00,-2.92969E-02
-8.7166464E-01,1.37695E+00,2.92969E-02
-8.7164616E-01,1.49414E+00,4.88281E-02
-8.7162768E-01,1.47461E+00,6.83594E-02
-8.7160920E-01,1.39648E+00,-9.76562E-03
-8.7159072E-01,1.45508E+00,9.76562E-03
-8.7157224E-01,1.45508E+00,2.92969E-02
-8.7155376E-01,1.41602E+00,6.83594E-02
-8.7153528E-01,1.43555E+00,6.83594E-02
-8.7151680E-01,1.43555E+00,4.88281E-02
-8.7149832E-01,1.39648E+00,6.83594E-02
-8.7147984E-01,1.41602E+00,9.76562E-03
-8.7146136E-01,1.43555E+00,9.76562E-03
-8.7144288E-01,1.49414E+00,6.83594E-02
-8.7142440E-01,1.45508E+00,4.88281E-02
-8.7140592E-01,1.49414E+00,4.88281E-02
-8.7138744E-01,1.41602E+00,4.88281E-02
-8.7136896E-01,1.43555E+00,8.78906E-02
-8.7135048E-01,1.49414E+00,9.76562E-03
-8.7133200E-01,1.39648E+00,4.88281E-02
-8.7131352E-01,1.49414E+00,2.92969E-02
-8.7129504E-01,1.39648E+00,6.83594E-02
-8.7127656E-01,1.47461E+00,2.92969E-02
-8.7125808E-01,1.47461E+00,4.88281E-02
-8.7123960E-01,1.47461E+00,4.88281E-02
-8.7122112E-01,1.41602E+00,6.83594E-02
-8.7120264E-01,1.43555E+00,9.76562E-03
-8.7118416E-01,1.39648E+00,1.26953E-01
-8.7116568E-01,1.47461E+00,-9.76562E-03
-8.7114720E-01,1.47461E+00,4.88281E-02
-8.7112872E-01,1.43555E+00,9.76562E-03
-8.7111024E-01,1.49414E+00,8.78906E-02
-8.7109176E-01,1.45508E+00,9.76562E-03
-8.7107328E-01,1.41602E+00,2.92969E-02
-8.7105480E-01,1.47461E+00,4.88281E-02
-8.7103632E-01,1.39648E+00,9.76562E-03
-8.7101784E-01,1.51367E+00,-9.76562E-03
-8.7099936E-01,1.45508E+00,4.88281E-02
-8.7098088E-01,1.45508E+00,-9.76562E-03
-8.7096240E-01,1.49414E+00,4.88281E-02
-8.7094392E-01,1.39648E+00,4.88281E-02
-8.7092544E-01,1.39648E+00,-9.76562E-03
-8.7090696E-01,1.51367E+00,4.88281E-02
-8.7088848E-01,1.41602E+00,6.83594E-02
-8.7087000E-01,1.43555E+00,2.92969E-02
-8.7085152E-01,1.43555E+00,4.88281E-02
-8.7083304E-01,1.41602E+00,-9.76562E-03
-8.7081456E-01,1.49414E+00,1.07422E-01
-8.7079608E-01,1.49414E+00,2.92969E-02
-8.7077760E-01,1.47461E+00,2.92969E-02
-8.7075912E-01,1.43555E+00,-9.76562E-03
-8.7074064E-01,1.49414E+00,2.92969E-02
-8.7072216E-01,1.45508E+00,9.76562E-03
-8.7070368E-01,1.43555E+00,6.83594E-02
-8.7068520E-01,1.45508E+00,4.88281E-02
-8.7066672E-01,1.47461E+00,6.83594E-02
-8.7064824E-01,1.43555E+00,9.76562E-03
-8.7062976E-01,1.51367E+00,8.78906E-02
-8.7061128E-01,1.45508E+00,4.88281E-02
-8.7059280E-01,1.39648E+00,4.88281E-02
-8.7057432E-01,1.49414E+00,-9.76562E-03
-8.7055584E-01,1.45508E+00,1.26953E-01
-8.7053736E-01,1.45508E+00,6.83594E-02
-8.7051888E-01,1.41602E+00,2.92969E-02
-8.7050040E-01,1.45508E+00,9.76562E-03
-8.7048192E-01,1.41602E+00,4.88281E-02
-8.7046344E-01,1.39648E+00,2.92969E-02
-8.7044496E-01,1.43555E+00,6.83594E-02
-8.7042648E-01,1.43555E+00,9.76562E-03
-8.7040800E-01,1.47461E+00,1.07422E-01
-8.7038952E-01,1.51367E+00,4.88281E-02
-8.7037104E-01,1.39648E+00,4.88281E-02
-8.7035256E-01,1.39648E+00,4.88281E-02
-8.7033408E-01,1.43555E+00,8.78906E-02
-8.7031560E-01,1.43555E+00,4.88281E-02
-8.7029712E-01,1.41602E+00,6.83594E-02
-8.7027864E-01,1.45508E+00,9.76562E-03
-8.7026016E-01,1.49414E+00,2.92969E-02
-8.7024168E-01,1.45508E+00,2.92969E-02
-8.7022320E-01,1.49414E+00,4.88281E-02
-8.7020472E-01,1.43555E+00,6.83594E-02
-8.7018624E-01,1.45508E+00,4.88281E-02
-8.7016776E-01,1.49414E+00,9.76562E-03
-8.7014928E-01,1.39648E+00,2.92969E-02
-8.7013080E-01,1.47461E+00,9.76562E-03
-8.7011232E-01,1.45508E+00,6.83594E-02
-8.7009384E-01,1.51367E+00,2.92969E-02
-8.7007536E-01,1.37695E+00,4.88281E-02
-8.7005688E-01,1.45508E+00,-9.76562E-03
-8.7003840E-01,1.41602E+00,4.88281E-02
-8.7001992E-01,1.43555E+00,6.83594E-02
-8.7000144E-01,1.41602E+00,9.76562E-03
-8.6998296E-01,1.45508E+00,-9.76562E-03
-8.6996448E-01,1.45508E+00,4.88281E-02
-8.6994600E-01,1.43555E+00,-9.76562E-03
-8.6992752E-01,1.37695E+00,6.83594E-02
-8.6990904E-01,1.53320E+00,-9.76562E-03
-8.6989056E-01,1.41602E+00,9.76562E-03
-8.6987208E-01,1.51367E+00,9.76562E-03
-8.6985360E-01,1.45508E+00,2.92969E-02
-8.6983512E-01,1.45508E+00,-9.76562E-03
-8.6981664E-01,1.47461E+00,2.92969E-02
-8.6979816E-01,1.43555E+00,4.88281E-02
-8.6977968E-01,1.47461E+00,2.92969E-02
-8.6976120E-01,1.43555E+00,4.88281E-02
-8.6974272E-01,1.47461E+00,2.92969E-02
-8.6972424E-01,1.43555E+00,-9.76562E-03
-8.6970576E-01,1.41602E+00,6.83594E-02
-8.6968728E-01,1.43555E+00,9.76562E-03
-8.6966880E-01,1.45508E+00,2.92969E-02
-8.6965032E-01,1.45508E+00,2.92969E-02
-8.6963184E-01,1.43555E+00,6.83594E-02
-8.6961336E-01,1.47461E+00,4.88281E-02
-8.6959488E-01,1.37695E+00,2.92969E-02
-8.6957640E-01,1.49414E+00,2.92969E-02
-8.6955792E-01,1.43555E+00,6.83594E-02
-8.6953944E-01,1.45508E+00,4.88281E-02
-8.6952096E-01,1.47461E+00,4.88281E-02
-8.6950248E-01,1.49414E+00,4.88281E-02
-8.6948400E-01,1.45508E+00,9.76562E-03
-8.6946552E-01,1.49414E+00,9.76562E-03
-8.6944704E-01,1.47461E+00,4.88281E-02
-8.6942856E-01,1.43555E+00,2.92969E-02
-8.6941008E-01,1.55273E+00,9.76562E-03
-8.6939160E-01,1.39648E+00,2.92969E-02
-8.6937312E-01,1.45508E+00,4.88281E-02
-8.6935464E-01,1.51367E+00,4.88281E-02
-8.6933616E-01,1.43555E+00,8.78906E-02
-8.6931768E-01,1.43555E+00,4.88281E-02
-8.6929920E-01,1.43555E+00,9.76562E-03
-8.6928072E-01,1.49414E+00,2.92969E-02
-8.6926224E-01,1.41602E+00,9.76562E-03
-8.6924376E-01,1.49414E+00,4.88281E-02
-8.6922528E-01,1.47461E+00,4.88281E-02
-8.6920680E-01,1.47461E+00,9.76562E-03
-8.6918832E-01,1.47461E+00,2.92969E-02
-8.6916984E-01,1.49414E+00,2.92969E-02
-8.6915136E-01,1.37695E+00,2.92969E-02
-8.6913288E-01,1.49414E+00,-9.76562E-03
-8.6911440E-01,1.47461E+00,6.83594E-02
-8.6909592E-01,1.43555E+00,4.88281E-02
-8.6907744E-01,1.49414E+00,4.88281E-02
-8.6905896E-01,1.49414E+00,4.88281E-02
-8.6904048E-01,1.45508E+00,4.88281E-02
-8.6902200E-01,1.47461E+00,-9.76562E-03
-8.6900352E-01,1.45508E+00,6.83594E-02
-8.6898504E-01,1.49414E+00,-9.76562E-03
-8.6896656E-01,1.45508E+00,6.83594E-02
-8.6894808E-01,1.45508E+00,4.88281E-02
-8.6892960E-01,1.43555E+00,6.83594E-02
-8.6891112E-01,1.43555E+00,6.83594E-02
-8.6889264E-01,1.43555E+00,9.76562E-03
-8.6887416E-01,1.53320E+00,4.88281E-02
-8.6885568E-01,1.45508E+00,6.83594E-02
-8.6883720E-01,1.49414E+00,2.92969E-02
-8.6881872E-01,1.49414E+00,-9.76562E-03
-8.6880024E-01,1.49414E+00,6.83594E-02
-8.6878176E-01,1.49414E+00,2.92969E-02
-8.6876328E-01,1.55273E+00,4.88281E-02
-8.6874480E-01,1.41602E+00,2.92969E-02
-8.6872632E-01,1.45508E+00,9.76562E-03
-8.6870784E-01,1.45508E+00,6.83594E-02
-8.6868936E-01,1.49414E+00,4.88281E-02
-8.6867088E-01,1.49414E+00,6.83594E-02
-8.6865240E-01,1.45508E+00,2.92969E-02
-8.6863392E-01,1.43555E+00,9.76562E-03
-8.6861544E-01,1.43555E+00,9.76562E-03
-8.6859696E-01,1.37695E+00,9.76562E-03
-8.6857848E-01,1.43555E+00,9.76562E-03
-8.6856000E-01,1.39648E+00,6.83594E-02
-8.6854152E-01,1.55273E+00,2.92969E-02
-8.6852304E-01,1.49414E+00,4.88281E-02
-8.6850456E-01,1.37695E+00,9.76562E-03
-8.6848608E-01,1.41602E+00,9.76562E-03
-8.6846760E-01,1.43555E+00,9.76562E-03
-8.6844912E-01,1.49414E+00,6.83594E-02
-8.6843064E-01,1.51367E+00,9.76562E-03
-8.6841216E-01,1.49414E+00,2.92969E-02
-8.6839368E-01,1.51367E+00,4.88281E-02
-8.6837520E-01,1.51367E+00,6.83594E-02
-8.6835672E-01,1.49414E+00,2.92969E-02
-8.6833824E-01,1.51367E+00,2.92969E-02
-8.6831976E-01,1.55273E+00,-2.92969E-02
-8.6830128E-01,1.49414E+00,9.76562E-03
-8.6828280E-01,1.43555E+00,9.76562E-03
-8.6826432E-01,1.39648E+00,2.92969E-02
-8.6824584E-01,1.45508E+00,4.88281E-02
-8.6822736E-01,1.37695E+00,2.92969E-02
-8.6820888E-01,1.45508E+00,4.88281E-02
-8.6819040E-01,1.49414E+00,6.83594E-02
-8.6817192E-01,1.45508E+00,2.92969E-02
-8.6815344E-01,1.47461E+00,4.88281E-02
-8.6813496E-01,1.49414E+00,4.88281E-02
-8.6811648E-01,1.47461E+00,-9.76562E-03
-8.6809800E-01,1.45508E+00,9.76562E-03
-8.6807952E-01,1.45508E+00,2.92969E-02
-8.6806104E-01,1.49414E+00,9.76562E-03
-8.6804256E-01,1.51367E+00,6.83594E-02
-8.6802408E-01,1.49414E+00,2.92969E-02
-8.6800560E-01,1.47461E+00,8.78906E-02
-8.6798712E-01,1.49414E+00,9.76562E-03
-8.6796864E-01,1.41602E+00,2.92969E-02
-8.6795016E-01,1.43555E+00,9.76562E-03
-8.6793168E-01,1.41602E+00,4.88281E-02
-8.6791320E-01,1.41602E+00,4.88281E-02
-8.6789472E-01,1.45508E+00,2.92969E-02
-8.6787624E-01,1.49414E+00,4.88281E-02
-8.6785776E-01,1.47461E+00,1.07422E-01
-8.6783928E-01,1.43555E+00,9.76562E-03
-8.6782080E-01,1.49414E+00,1.07422E-01
-8.6780232E-01,1.43555E+00,-9.76562E-03
-8.6778384E-01,1.47461E+00,6.83594E-02
-8.6776536E-01,1.53320E+00,4.88281E-02
-8.6774688E-01,1.43555E+00,9.76562E-03
-8.6772840E-01,1.43555E+00,2.92969E-02
-8.6770992E-01,1.47461E+00,6.83594E-02
-8.6769144E-01,1.41602E+00,4.88281E-02
-8.6767296E-01,1.51367E+00,2.92969E-02
-8.6765448E-01,1.49414E+00,-9.76562E-03
-8.6763600E-01,1.39648E+00,8.78906E-02
-8.6761752E-01,1.43555E+00,9.76562E-03
-8.6759904E-01,1.55273E+00,4.88281E-02
-8.6758056E-01,1.53320E+00,6.83594E-02
-8.6756208E-01,1.45508E+00,9.76562E-03
-8.6754360E-01,1.45508E+00,9.76562E-03
-8.6752512E-01,1.47461E+00,9.76562E-03
-8.6750664E-01,1.39648E+00,2.92969E-02
-8.6748816E-01,1.37695E+00,4.88281E-02
-8.6746968E-01,1.39648E+00,-2.92969E-02
-8.6745120E-01,1.43555E+00,6.83594E-02
-8.6743272E-01,1.47461E+00,4.88281E-02
-8.6741424E-01,1.43555E+00,9.76562E-03
-8.6739576E-01,1.49414E+00,9.76562E-03
-8.6737728E-01,1.43555E+00,2.92969E-02
-8.6735880E-01,1.49414E+00,6.83594E-02
-8.6734032E-01,1.43555E+00,2.92969E-02
-8.6732184E-01,1.39648E+00,9.76562E-03
-8.6730336E-01,1.45508E+00,9.76562E-03
-8.6728488E-01,1.51367E+00,9.76562E-03
-8.6726640E-01,1.49414E+00,-9.76562E-03
-8.6724792E-01,1.47461E+00,4.88281E-02
-8.6722944E-01,1.51367E+00,6.83594E-02
-8.6721096E-01,1.49414E+00,-9.76562E-03
-8.6719248E-01,1.43555E+00,8.78906E-02
-8.6717400E-01,1.57227E+00,4.88281E-02
-8.6715552E-01,1.39648E+00,9.76562E-03
-8.6713704E-01,1.43555E+00,4.88281E-02
-8.6711856E-01,1.51367E+00,4.88281E-02
-8.6710008E-01,1.51367E+00,-6.83594E-02
-8.6708160E-01,1.49414E+00,6.83594E-02
-8.6706312E-01,1.47461E+00,9.76562E-03
-8.6704464E-01,1.51367E+00,2.92969E-02
-8.6702616E-01,1.51367E+00,4.88281E-02
-8.6700768E-01,1.45508E+00,9.76562E-03
-8.6698920E-01,1.47461E+00,-9.76562E-03
-8.6697072E-01,1.49414E+00,4.88281E-02
-8.6695224E-01,1.49414E+00,4.88281E-02
-8.6693376E-01,1.43555E+00,4.88281E-02
-8.6691528E-01,1.51367E+00,-9.76562E-03
-8.6689680E-01,1.51367E+00,2.92969E-02
-8.6687832E-01,1.45508E+00,2.92969E-02
-8.6685984E-01,1.39648E+00,4.88281E-02
-8.6684136E-01,1.43555E+00,-4.88281E-02
-8.6682288E-01,1.45508E+00,6.83594E-02
-8.6680440E-01,1.51367E+00,9.76562E-03
-8.6678592E-01,1.49414E+00,4.88281E-02
-8.6676744E-01,1.45508E+00,9.76562E-03
-8.6674896E-01,1.43555E+00,6.83594E-02
-8.6673048E-01,1.45508E+00,-6.83594E-02
-8.6671200E-01,1.43555E+00,6.83594E-02
-8.6669352E-01,1.43555E+00,4.88281E-02
-8.6667504E-01,1.51367E+00,2.92969E-02
-8.6665656E-01,1.49414E+00,-9.76562E-03
-8.6663808E-01,1.45508E+00,9.76562E-03
-8.6661960E-01,1.47461E+00,9.76562E-03
-8.6660112E-01,1.45508E+00,6.83594E-02
-8.6658264E-01,1.41602E+00,-9.76562E-03
-8.6656416E-01,1.51367E+00,-2.92969E-02
-8.6654568E-01,1.47461E+00,-2.92969E-02
-8.6652720E-01,1.53320E+00,9.76562E-03
-8.6650872E-01,1.53320E+00,4.88281E-02
-8.6649024E-01,1.45508E+00,9.76562E-03
-8.6647176E-01,1.51367E+00,-9.76562E-03
-8.6645328E-01,1.41602E+00,2.92969E-02
-8.6643480E-01,1.41602E+00,9.76562E-03
-8.6641632E-01,1.53320E+00,4.88281E-02
-8.6639784E-01,1.47461E+00,4.88281E-02
-8.6637936E-01,1.39648E+00,4.88281E-02
-8.6636088E-01,1.47461E+00,2.92969E-02
-8.6634240E-01,1.51367E+00,9.76562E-03
-8.6632392E-01,1.49414E+00,4.88281E-02
-8.6630544E-01,1.47461E+00,9.76562E-03
-8.6628696E-01,1.45508E+00,2.92969E-02
-8.6626848E-01,1.47461E+00,4.88281E-02
-8.6625000E-01,1.43555E+00,4.88281E-02
-8.6623152E-01,1.43555E+00,2.92969E-02
-8.6621304E-01,1.51367E+00,-9.76562E-03
-8.6619456E-01,1.39648E+00,9.76562E-03
-8.6617608E-01,1.43555E+00,-9.76562E-03
-8.6615760E-01,1.43555E+00,2.92969E-02
-8.6613912E-01,1.47461E+00,-2.92969E-02
-8.6612064E-01,1.41602E+00,9.76562E-03
-8.6610216E-01,1.51367E+00,2.92969E-02
-8.6608368E-01,1.45508E+00,4.88281E-02
-8.6606520E-01,1.43555E+00,-9.76562E-03
-8.6604672E-01,1.47461E+00,4.88281E-02
-8.6602824E-01,1.43555E+00,4.88281E-02
-8.6600976E-01,1.47461E+00,9.76562E-03
-8.6599128E-01,1.43555E+00,-9.76562E-03
-8.6597280E-01,1.49414E+00,6.83594E-02
-8.6595432E-01,1.47461E+00,9.76562E-03
-8.6593584E-01,1.43555E+00,4.88281E-02
-8.6591736E-01,1.43555E+00,4.88281E-02
-8.6589888E-01,1.51367E+00,4.88281E-02
-8.6588040E-01,1.51367E+00,9.76562E-03
-8.6586192E-01,1.35742E+00,4.88281E-02
-8.6584344E-01,1.43555E+00,9.76562E-03
-8.6582496E-01,1.45508E+00,2.92969E-02
-8.6580648E-01,1.45508E+00,-9.76562E-03
-8.6578800E-01,1.49414E+00,4.88281E-02
-8.6576952E-01,1.53320E+00,4.88281E-02
-8.6575104E-01,1.49414E+00,4.88281E-02
-8.6573256E-01,1.55273E+00,9.76562E-03
-8.6571408E-01,1.45508E+00,6.83594E-02
-8.6569560E-01,1.49414E+00,4.88281E-02
-8.6567712E-01,1.49414E+00,6.83594E-02
-8.6565864E-01,1.49414E+00,9.76562E-03
-8.6564016E-01,1.43555E+00,2.92969E-02
-8.6562168E-01,1.51367E+00,9.76562E-03
-8.6560320E-01,1.45508E+00,4.88281E-02
-8.6558472E-01,1.51367E+00,-2.92969E-02
-8.6556624E-01,1.47461E+00,-9.76562E-03
-8.6554776E-01,1.37695E+00,9.76562E-03
-8.6552928E-01,1.49414E+00,6.83594E-02
-8.6551080E-01,1.43555E+00,9.76562E-03
-8.6549232E-01,1.49414E+00,6.83594E-02
-8.6547384E-01,1.45508E+00,-9.76562E-03
-8.6545536E-01,1.39648E+00,6.83594E-02
-8.6543688E-01,1.43555E+00,-9.76562E-03
-8.6541840E-01,1.49414E+00,4.88281E-02
-8.6539992E-01,1.51367E+00,4.88281E-02
-8.6538144E-01,1.49414E+00,2.92969E-02
-8.6536296E-01,1.45508E+00,2.92969E-02
-8.6534448E-01,1.45508E+00,2.92969E-02
-8.6532600E-01,1.51367E+00,2.92969E-02
-8.6530752E-01,1.51367E+00,4.88281E-02
-8.6528904E-01,1.47461E+00,9.76562E-03
-8.6527056E-01,1.41602E+00,2.92969E-02
-8.6525208E-01,1.51367E+00,4.88281E-02
-8.6523360E-01,1.43555E+00,8.78906E-02
-8.6521512E-01,1.49414E+00,9.76562E-03
-8.6519664E-01,1.49414E+00,8.78906E-02
-8.6517816E-01,1.51367E+00,9.76562E-03
-8.6515968E-01,1.49414E+00,6.83594E-02
-8.6514120E-01,1.47461E+00,9.76562E-03
-8.6512272E-01,1.47461E+00,8.78906E-02
-8.6510424E-01,1.41602E+00,4.88281E-02
-8.6508576E-01,1.49414E+00,2.92969E-02
-8.6506728E-01,1.47461E+00,9.76562E-03
-8.6504880E-01,1.41602E+00,2.92969E-02
-8.6503032E-01,1.49414E+00,9.76562E-03
-8.6501184E-01,1.43555E+00,9.76562E-03
-8.6499336E-01,1.49414E+00,2.92969E-02
-8.6497488E-01,1.45508E+00,6.83594E-02
-8.6495640E-01,1.45508E+00,9.76562E-03
-8.6493792E-01,1.49414E+00,6.83594E-02
-8.6491944E-01,1.47461E+00,-2.92969E-02
-8.6490096E-01,1.47461E+00,6.83594E-02
-8.6488248E-01,1.37695E+00,4.88281E-02
-8.6486400E-01,1.41602E+00,-2.92969E-02
-8.6484552E-01,1.39648E+00,8.78906E-02
-8.6482704E-01,1.49414E+00,6.83594E-02
-8.6480856E-01,1.55273E+00,2.92969E-02
-8.6479008E-01,1.49414E+00,4.88281E-02
-8.6477160E-01,1.45508E+00,9.76562E-03
-8.6475312E-01,1.51367E+00,4.88281E-02
-8.6473464E-01,1.55273E+00,2.92969E-02
-8.6471616E-01,1.43555E+00,9.76562E-03
-8.6469768E-01,1.47461E+00,9.76562E-03
-8.6467920E-01,1.41602E+00,8.78906E-02
-8.6466072E-01,1.47461E+00,4.88281E-02
-8.6464224E-01,1.45508E+00,6.83594E-02
-8.6462376E-01,1.49414E+00,9.76562E-03
-8.6460528E-01,1.45508E+00,4.88281E-02
-8.6458680E-01,1.43555E+00,6.83594E-02
-8.6456832E-01,1.41602E+00,6.83594E-02
-8.6454984E-01,1.41602E+00,4.88281E-02
-8.6453136E-01,1.41602E+00,4.88281E-02
-8.6451288E-01,1.45508E+00,-4.88281E-02
-8.6449440E-01,1.49414E+00,1.26953E-01
-8.6447592E-01,1.43555E+00,9.76562E-03
-8.6445744E-01,1.41602E+00,9.76562E-03
-8.6443896E-01,1.51367E+00,9.76562E-03
-8.6442048E-01,1.43555E+00,6.83594E-02
-8.6440200E-01,1.49414E+00,4.88281E-02
-8.6438352E-01,1.43555E+00,2.92969E-02
-8.6436504E-01,1.49414E+00,2.92969E-02
-8.6434656E-01,1.51367E+00,8.78906E-02
-8.6432808E-01,1.41602E+00,2.92969E-02
-8.6430960E-01,1.55273E+00,6.83594E-02
-8.6429112E-01,1.51367E+00,2.92969E-02
-8.6427264E-01,1.45508E+00,9.76562E-03
-8.6425416E-01,1.51367E+00,4.88281E-02
-8.6423568E-01,1.49414E+00,6.83594E-02
-8.6421720E-01,1.45508E+00,2.92969E-02
-8.6419872E-01,1.51367E+00,6.83594E-02
-8.6418024E-01,1.45508E+00,-9.76562E-03
-8.6416176E-01,1.57227E+00,-6.83594E-02
-8.6414328E-01,1.47461E+00,9.76562E-03
-8.6412480E-01,1.47461E+00,2.92969E-02
-8.6410632E-01,1.49414E+00,-9.76562E-03
-8.6408784E-01,1.51367E+00,4.88281E-02
-8.6406936E-01,1.51367E+00,2.92969E-02
-8.6405088E-01,1.41602E+00,9.76562E-03
-8.6403240E-01,1.47461E+00,4.88281E-02
-8.6401392E-01,1.45508E+00,2.92969E-02
-8.6399544E-01,1.51367E+00,6.83594E-02
-8.6397696E-01,1.49414E+00,9.76562E-03
-8.6395848E-01,1.41602E+00,-9.76562E-03
-8.6394000E-01,1.51367E+00,4.88281E-02
-8.6392152E-01,1.55273E+00,2.92969E-02
-8.6390304E-01,1.47461E+00,1.07422E-01
-8.6388456E-01,1.47461E+00,1.07422E-01
-8.6386608E-01,1.47461E+00,6.83594E-02
-8.6384760E-01,1.43555E+00,9.76562E-03
-8.6382912E-01,1.47461E+00,9.76562E-03
-8.6381064E-01,1.53320E+00,2.92969E-02
-8.6379216E-01,1.41602E+00,4.88281E-02
-8.6377368E-01,1.41602E+00,9.76562E-03
-8.6375520E-01,1.47461E+00,4.88281E-02
-8.6373672E-01,1.49414E+00,9.76562E-03
-8.6371824E-01,1.43555E+00,6.83594E-02
-8.6369976E-01,1.45508E+00,2.92969E-02
-8.6368128E-01,1.47461E+00,-2.92969E-02
-8.6366280E-01,1.51367E+00,-9.76562E-03
-8.6364432E-01,1.49414E+00,9.76562E-03
-8.6362584E-01,1.41602E+00,2.92969E-02
-8.6360736E-01,1.47461E+00,2.92969E-02
-8.6358888E-01,1.47461E+00,2.92969E-02
-8.6357040E-01,1.39648E+00,4.88281E-02
-8.6355192E-01,1.47461E+00,9.76562E-03
-8.6353344E-01,1.47461E+00,9.76562E-03
-8.6351496E-01,1.49414E+00,2.92969E-02
-8.6349648E-01,1.57227E+00,-9.76562E-03
-8.6347800E-01,1.43555E+00,9.76562E-03
-8.6345952E-01,1.41602E+00,6.83594E-02
-8.6344104E-01,1.45508E+00,2.92969E-02
-8.6342256E-01,1.45508E+00,6.83594E-02
-8.6340408E-01,1.45508E+00,-2.92969E-02
-8.6338560E-01,1.55273E+00,4.88281E-02
-8.6336712E-01,1.49414E+00,9.76562E-03
-8.6334864E-01,1.49414E+00,9.76562E-03
-8.6333016E-01,1.51367E+00,2.92969E-02
-8.6331168E-01,1.51367E+00,6.83594E-02
-8.6329320E-01,1.49414E+00,9.76562E-03
-8.6327472E-01,1.45508E+00,6.83594E-02
-8.6325624E-01,1.43555E+00,-2.92969E-02
-8.6323776E-01,1.47461E+00,2.92969E-02
-8.6321928E-01,1.43555E+00,-2.92969E-02
-8.6320080E-01,1.47461E+00,4.88281E-02
-8.6318232E-01,1.49414E+00,4.88281E-02
-8.6316384E-01,1.47461E+00,6.83594E-02
-8.6314536E-01,1.51367E+00,6.83594E-02
-8.6312688E-01,1.49414E+00,2.92969E-02
-8.6310840E-01,1.51367E+00,4.88281E-02
-8.6308992E-01,1.49414E+00,9.76562E-03
-8.6307144E-01,1.55273E+00,9.76562E-03
-8.6305296E-01,1.47461E+00,4.88281E-02
-8.6303448E-01,1.45508E+00,9.76562E-03
-8.6301600E-01,1.51367E+00,2.92969E-02
-8.6299752E-01,1.51367E+00,9.76562E-03
-8.6297904E-01,1.51367E+00,1.07422E-01
-8.6296056E-01,1.43555E+00,4.88281E-02
-8.6294208E-01,1.51367E+00,2.92969E-02
-8.6292360E-01,1.47461E+00,9.76562E-03
-8.6290512E-01,1.43555E+00,9.76562E-03
-8.6288664E-01,1.53320E+00,9.76562E-03
-8.6286816E-01,1.49414E+00,4.88281E-02
-8.6284968E-01,1.45508E+00,2.92969E-02
-8.6283120E-01,1.47461E+00,9.76562E-03
-8.6281272E-01,1.51367E+00,9.76562E-03
-8.6279424E-01,1.43555E+00,2.92969E-02
-8.6277576E-01,1.45508E+00,2.92969E-02
-8.6275728E-01,1.49414E+00,8.78906E-02
-8.6273880E-01,1.49414E+00,9.76562E-03
-8.6272032E-01,1.41602E+00,9.76562E-03
-8.6270184E-01,1.51367E+00,9.76562E-03
-8.6268336E-01,1.47461E+00,2.92969E-02
-8.6266488E-01,1.43555E+00,9.76562E-03
-8.6264640E-01,1.37695E+00,2.92969E-02
-8.6262792E-01,1.51367E+00,9.76562E-03
-8.6260944E-01,1.49414E+00,9.76562E-03
-8.6259096E-01,1.49414E+00,4.88281E-02
-8.6257248E-01,1.45508E+00,6.83594E-02
-8.6255400E-01,1.47461E+00,-9.76562E-03
-8.6253552E-01,1.43555E+00,8.78906E-02
-8.6251704E-01,1.45508E+00,-9.76562E-03
-8.6249856E-01,1.41602E+00,6.83594E-02
-8.6248008E-01,1.53320E+00,9.76562E-03
-8.6246160E-01,1.47461E+00,8.78906E-02
-8.6244312E-01,1.43555E+00,6.83594E-02
-8.6242464E-01,1.43555E+00,6.83594E-02
-8.6240616E-01,1.55273E+00,9.76562E-03
-8.6238768E-01,1.45508E+00,9.76562E-03
-8.6236920E-01,1.49414E+00,2.92969E-02
-8.6235072E-01,1.41602E+00,4.88281E-02
-8.6233224E-01,1.43555E+00,9.76562E-03
-8.6231376E-01,1.45508E+00,-9.76562E-03
-8.6229528E-01,1.43555E+00,6.83594E-02
-8.6227680E-01,1.47461E+00,9.76562E-03
-8.6225832E-01,1.49414E+00,4.88281E-02
-8.6223984E-01,1.47461E+00,4.88281E-02
-8.6222136E-01,1.51367E+00,2.92969E-02
-8.6220288E-01,1.51367E+00,2.92969E-02
-8.6218440E-01,1.45508E+00,4.88281E-02
-8.6216592E-01,1.41602E+00,9.76562E-03
-8.6214744E-01,1.51367E+00,9.76562E-03
-8.6212896E-01,1.49414E+00,6.83594E-02
-8.6211048E-01,1.53320E+00,9.76562E-03
-8.6209200E-01,1.39648E+00,2.92969E-02
-8.6207352E-01,1.47461E+00,-9.76562E-03
-8.6205504E-01,1.45508E+00,4.88281E-02
-8.6203656E-01,1.45508E+00,2.92969E-02
-8.6201808E-01,1.45508E+00,4.88281E-02
-8.6199960E-01,1.53320E+00,2.92969E-02
-8.6198112E-01,1.45508E+00,6.83594E-02
-8.6196264E-01,1.49414E+00,9.76562E-03
-8.6194416E-01,1.51367E+00,8.78906E-02
-8.6192568E-01,1.53320E+00,9.76562E-03
-8.6190720E-01,1.49414E+00,9.76562E-03
-8.6188872E-01,1.49414E+00,2.92969E-02
-8.6187024E-01,1.45508E+00,9.76562E-03
-8.6185176E-01,1.51367E+00,9.76562E-03
-8.6183328E-01,1.45508E+00,4.88281E-02
-8.6181480E-01,1.43555E+00,-9.76562E-03
-8.6179632E-01,1.41602E+00,2.92969E-02
-8.6177784E-01,1.49414E+00,4.88281E-02
-8.6175936E-01,1.41602E+00,2.92969E-02
-8.6174088E-01,1.39648E+00,2.92969E-02
-8.6172240E-01,1.45508E+00,4.88281E-02
-8.6170392E-01,1.51367E+00,9.76562E-03
-8.6168544E-01,1.39648E+00,2.92969E-02
-8.6166696E-01,1.47461E+00,4.88281E-02
-8.6164848E-01,1.51367E+00,9.76562E-03
-8.6163000E-01,1.45508E+00,-4.88281E-02
-8.6161152E-01,1.51367E+00,4.88281E-02
-8.6159304E-01,1.51367E+00,4.88281E-02
-8.6157456E-01,1.47461E+00,9.76562E-03
-8.6155608E-01,1.47461E+00,4.88281E-02
-8.6153760E-01,1.45508E+00,2.92969E-02
-8.6151912E-01,1.51367E+00,9.76562E-03
-8.6150064E-01,1.49414E+00,4.88281E-02
-8.6148216E-01,1.47461E+00,9.76562E-03
-8.6146368E-01,1.47461E+00,2.92969E-02
-8.6144520E-01,1.49414E+00,9.76562E-03
-8.6142672E-01,1.43555E+00,2.92969E-02
-8.6140824E-01,1.53320E+00,2.92969E-02
-8.6138976E-01,1.47461E+00,4.88281E-02
-8.6137128E-01,1.49414E+00,-9.76562E-03
-8.6135280E-01,1.49414E+00,4.88281E-02
-8.6133432E-01,1.51367E+00,4.88281E-02
-8.6131584E-01,1.53320E+00,9.76562E-03
-8.6129736E-01,1.53320E+00,9.76562E-03
-8.6127888E-01,1.49414E+00,9.76562E-03
-8.6126040E-01,1.57227E+00,4.88281E-02
-8.6124192E-01,1.43555E+00,2.92969E-02
-8.6122344E-01,1.51367E+00,4.88281E-02
-8.6120496E-01,1.47461E+00,4.88281E-02
-8.6118648E-01,1.51367E+00,4.88281E-02
-8.6116800E-01,1.45508E+00,2.92969E-02
-8.6114952E-01,1.49414E+00,-9.76562E-03
-8.6113104E-01,1.45508E+00,6.83594E-02
-8.6111256E-01,1.45508E+00,9.76562E-03
-8.6109408E-01,1.49414E+00,6.83594E-02
-8.6107560E-01,1.51367E+00,2.92969E-02
-8.6105712E-01,1.49414E+00,1.26953E-01
-8.6103864E-01,1.45508E+00,9.76562E-03
-8.6102016E-01,1.51367E+00,6.83594E-02
-8.6100168E-01,1.47461E+00,4.88281E-02
-8.6098320E-01,1.53320E+00,1.07422E-01
-8.6096472E-01,1.49414E+00,-2.92969E-02
-8.6094624E-01,1.49414E+00,-4.88281E-02
-8.6092776E-01,1.47461E+00,9.76562E-03
-8.6090928E-01,1.49414E+00,4.88281E-02
-8.6089080E-01,1.49414E+00,4.88281E-02
-8.6087232E-01,1.51367E+00,2.92969E-02
-8.6085384E-01,1.51367E+00,2.92969E-02
-8.6083536E-01,1.43555E+00,6.83594E-02
-8.6081688E-01,1.51367E+00,9.76562E-03
-8.6079840E-01,1.39648E+00,4.88281E-02
-8.6077992E-01,1.49414E+00,2.92969E-02
-8.6076144E-01,1.49414E+00,2.92969E-02
-8.6074296E-01,1.55273E+00,9.76562E-03
-8.6072448E-01,1.45508E+00,4.88281E-02
-8.6070600E-01,1.55273E+00,4.88281E-02
-8.6068752E-01,1.53320E+00,6.83594E-02
-8.6066904E-01,1.53320E+00,4.88281E-02
-8.6065056E-01,1.49414E+00,6.83594E-02
-8.6063208E-01,1.53320E+00,4.88281E-02
-8.6061360E-01,1.47461E+00,4.88281E-02
-8.6059512E-01,1.43555E+00,9.76562E-03
-8.6057664E-01,1.47461E+00,9.76562E-03
-8.6055816E-01,1.53320E+00,-2.92969E-02
-8.6053968E-01,1.45508E+00,2.92969E-02
-8.6052120E-01,1.43555E+00,6.83594E-02
-8.6050272E-01,1.47461E+00,4.88281E-02
-8.6048424E-01,1.39648E+00,2.92969E-02
-8.6046576E-01,1.47461E+00,4.88281E-02
-8.6044728E-01,1.45508E+00,2.92969E-02
-8.6042880E-01,1.51367E+00,4.88281E-02
-8.6041032E-01,1.39648E+00,4.88281E-02
-8.6039184E-01,1.57227E+00,4.88281E-02
-8.6037336E-01,1.49414E+00,4.88281E-02
-8.6035488E-01,1.51367E+00,6.83594E-02
-8.6033640E-01,1.51367E+00,2.92969E-02
-8.6031792E-01,1.49414E+00,2.92969E-02
-8.6029944E-01,1.51367E+00,-9.76562E-03
-8.6028096E-01,1.53320E+00,9.76562E-03
-8.6026248E-01,1.49414E+00,-9.76562E-03
-8.6024400E-01,1.45508E+00,4.88281E-02
-8.6022552E-01,1.41602E+00,2.92969E-02
-8.6020704E-01,1.53320E+00,2.92969E-02
-8.6018856E-01,1.49414E+00,9.76562E-03
-8.6017008E-01,1.53320E+00,-9.76562E-03
-8.6015160E-01,1.49414E+00,4.88281E-02
-8.6013312E-01,1.49414E+00,-2.92969E-02
-8.6011464E-01,1.53320E+00,4.88281E-02
-8.6009616E-01,1.49414E+00,4.88281E-02
-8.6007768E-01,1.51367E+00,6.83594E-02
-8.6005920E-01,1.57227E+00,4.88281E-02
-8.6004072E-01,1.51367E+00,9.76562E-03
-8.6002224E-01,1.49414E+00,2.92969E-02
-8.6000376E-01,1.43555E+00,9.76562E-03
-8.5998528E-01,1.49414E+00,2.92969E-02
-8.5996680E-01,1.51367E+00,4.88281E-02
-8.5994832E-01,1.47461E+00,4.88281E-02
-8.5992984E-01,1.47461E+00,4.88281E-02
-8.5991136E-01,1.47461E+00,4.88281E-02
-8.5989288E-01,1.53320E+00,9.76562E-03
-8.5987440E-01,1.47461E+00,4.88281E-02
-8.5985592E-01,1.57227E+00,9.76562E-03
-8.5983744E-01,1.49414E+00,4.88281E-02
-8.5981896E-01,1.47461E+00,9.76562E-03
-8.5980048E-01,1.45508E+00,2.92969E-02
-8.5978200E-01,1.43555E+00,9.76562E-03
-8.5976352E-01,1.43555E+00,2.92969E-02
-8.5974504E-01,1.47461E+00,4.88281E-02
-8.5972656E-01,1.51367E+00,4.88281E-02
-8.5970808E-01,1.47461E+00,6.83594E-02
-8.5968960E-01,1.49414E+00,9.76562E-03
-8.5967112E-01,1.41602E+00,6.83594E-02
-8.5965264E-01,1.47461E+00,4.88281E-02
-8.5963416E-01,1.49414E+00,2.92969E-02
-8.5961568E-01,1.49414E+00,2.92969E-02
-8.5959720E-01,1.57227E+00,9.76562E-03
-8.5957872E-01,1.45508E+00,4.88281E-02
-8.5956024E-01,1.49414E+00,9.76562E-03
-8.5954176E-01,1.51367E+00,2.92969E-02
-8.5952328E-01,1.49414E+00,6.83594E-02
-8.5950480E-01,1.47461E+00,1.26953E-01
-8.5948632E-01,1.43555E+00,2.92969E-02
-8.5946784E-01,1.47461E+00,4.88281E-02
-8.5944936E-01,1.51367E+00,9.76562E-03
-8.5943088E-01,1.39648E+00,2.92969E-02
-8.5941240E-01,1.53320E+00,2.92969E-02
-8.5939392E-01,1.51367E+00,9.76562E-03
-8.5937544E-01,1.45508E+00,-9.76562E-03
-8.5935696E-01,1.51367E+00,9.76562E-03
-8.5933848E-01,1.53320E+00,-9.76562E-03
-8.5932000E-01,1.49414E+00,4.88281E-02
-8.5930152E-01,1.49414E+00,9.76562E-03
-8.5928304E-01,1.45508E+00,2.92969E-02
-8.5926456E-01,1.41602E+00,6.83594E-02
-8.5924608E-01,1.49414E+00,2.92969E-02
-8.5922760E-01,1.53320E+00,2.92969E-02
-8.5920912E-01,1.53320E+00,1.07422E-01
-8.5919064E-01,1.49414E+00,2.92969E-02
-8.5917216E-01,1.51367E+00,9.76562E-03
-8.5915368E-01,1.47461E+00,-9.76562E-03
-8.5913520E-01,1.57227E+00,-9.76562E-03
-8.5911672E-01,1.49414E+00,-9.76562E-03
-8.5909824E-01,1.43555E+00,6.83594E-02
-8.5907976E-01,1.41602E+00,4.88281E-02
-8.5906128E-01,1.47461E+00,4.88281E-02
-8.5904280E-01,1.45508E+00,-9.76562E-03
-8.5902432E-01,1.51367E+00,9.76562E-03
-8.5900584E-01,1.49414E+00,-9.76562E-03
-8.5898736E-01,1.49414E+00,6.83594E-02
-8.5896888E-01,1.43555E+00,9.76562E-03
-8.5895040E-01,1.41602E+00,2.92969E-02
-8.5893192E-01,1.59180E+00,4.88281E-02
-8.5891344E-01,1.51367E+00,4.88281E-02
-8.5889496E-01,1.49414E+00,2.92969E-02
-8.5887648E-01,1.49414E+00,6.83594E-02
-8.5885800E-01,1.51367E+00,2.92969E-02
-8.5883952E-01,1.45508E+00,6.83594E-02
-8.5882104E-01,1.51367E+00,-9.76562E-03
-8.5880256E-01,1.51367E+00,9.76562E-03
-8.5878408E-01,1.55273E+00,2.92969E-02
-8.5876560E-01,1.51367E+00,8.78906E-02
-8.5874712E-01,1.43555E+00,-2.92969E-02
-8.5872864E-01,1.51367E+00,4.88281E-02
-8.5871016E-01,1.47461E+00,4.88281E-02
-8.5869168E-01,1.47461E+00,4.88281E-02
-8.5867320E-01,1.49414E+00,4.88281E-02
-8.5865472E-01,1.53320E+00,9.76562E-03
-8.5863624E-01,1.43555E+00,9.76562E-03
-8.5861776E-01,1.47461E+00,2.92969E-02
-8.5859928E-01,1.55273E+00,2.92969E-02
-8.5858080E-01,1.51367E+00,2.92969E-02
-8.5856232E-01,1.57227E+00,4.88281E-02
-8.5854384E-01,1.43555E+00,-9.76562E-03
-8.5852536E-01,1.51367E+00,-2.92969E-02
-8.5850688E-01,1.45508E+00,6.83594E-02
-8.5848840E-01,1.51367E+00,4.88281E-02
-8.5846992E-01,1.55273E+00,2.92969E-02
-8.5845144E-01,1.51367E+00,-2.92969E-02
-8.5843296E-01,1.49414E+00,1.26953E-01
-8.5841448E-01,1.47461E+00,-9.76562E-03
-8.5839600E-01,1.51367E+00,6.83594E-02
-8.5837752E-01,1.41602E+00,2.92969E-02
-8.5835904E-01,1.51367E+00,4.88281E-02
-8.5834056E-01,1.47461E+00,9.76562E-03
-8.5832208E-01,1.53320E+00,6.83594E-02
-8.5830360E-01,1.45508E+00,6.83594E-02
-8.5828512E-01,1.45508E+00,6.83594E-02
-8.5826664E-01,1.53320E+00,6.83594E-02
-8.5824816E-01,1.45508E+00,6.83594E-02
-8.5822968E-01,1.53320E+00,-9.76562E-03
-8.5821120E-01,1.47461E+00,6.83594E-02
-8.5819272E-01,1.49414E+00,9.76562E-03
-8.5817424E-01,1.51367E+00,2.92969E-02
-8.5815576E-01,1.51367E+00,2.92969E-02
-8.5813728E-01,1.51367E+00,9.76562E-03
-8.5811880E-01,1.55273E+00,9.76562E-03
-8.5810032E-01,1.61133E+00,2.92969E-02
-8.5808184E-01,1.49414E+00,9.76562E-03
-8.5806336E-01,1.47461E+00,2.92969E-02
-8.5804488E-01,1.51367E+00,2.92969E-02
-8.5802640E-01,1.51367E+00,4.88281E-02
-8.5800792E-01,1.49414E+00,6.83594E-02
-8.5798944E-01,1.51367E+00,-2.92969E-02
-8.5797096E-01,1.47461E+00,9.76562E-03
-8.5795248E-01,1.51367E+00,2.92969E-02
-8.5793400E-01,1.55273E+00,6.83594E-02
-8.5791552E-01,1.49414E+00,2.92969E-02
-8.5789704E-01,1.43555E+00,4.88281E-02
-8.5787856E-01,1.47461E+00,4.88281E-02
-8.5786008E-01,1.53320E+00,-2.92969E-02
-8.5784160E-01,1.45508E+00,6.83594E-02
-8.5782312E-01,1.55273E+00,4.88281E-02
-8.5780464E-01,1.47461E+00,-4.88281E-02
-8.5778616E-01,1.55273E+00,-9.76562E-03
-8.5776768E-01,1.51367E+00,2.92969E-02
-8.5774920E-01,1.49414E+00,9.76562E-03
-8.5773072E-01,1.49414E+00,2.92969E-02
-8.5771224E-01,1.53320E+00,9.76562E-03
-8.5769376E-01,1.49414E+00,2.92969E-02
-8.5767528E-01,1.49414E+00,2.92969E-02
-8.5765680E-01,1.51367E+00,9.76562E-03
-8.5763832E-01,1.41602E+00,4.88281E-02
-8.5761984E-01,1.51367E+00,8.78906E-02
-8.5760136E-01,1.53320E+00,9.76562E-03
-8.5758288E-01,1.47461E+00,6.83594E-02
-8.5756440E-01,1.51367E+00,2.92969E-02
-8.5754592E-01,1.47461E+00,2.92969E-02
-8.5752744E-01,1.51367E+00,9.76562E-03
-8.5750896E-01,1.51367E+00,2.92969E-02
-8.5749048E-01,1.51367E+00,4.88281E-02
-8.5747200E-01,1.49414E+00,9.76562E-03
-8.5745352E-01,1.49414E+00,4.88281E-02
-8.5743504E-01,1.55273E+00,9.76562E-03
-8.5741656E-01,1.47461E+00,9.76562E-03
-8.5739808E-01,1.47461E+00,4.88281E-02
-8.5737960E-01,1.51367E+00,-4.88281E-02
-8.5736112E-01,1.49414E+00,1.66016E-01
-8.5734264E-01,1.51367E+00,2.92969E-02
-8.5732416E-01,1.49414E+00,6.83594E-02
-8.5730568E-01,1.51367E+00,-2.92969E-02
-8.5728720E-01,1.51367E+00,6.83594E-02
-8.5726872E-01,1.45508E+00,4.88281E-02
-8.5725024E-01,1.49414E+00,2.92969E-02
-8.5723176E-01,1.55273E+00,2.92969E-02
-8.5721328E-01,1.45508E+00,6.83594E-02
-8.5719480E-01,1.49414E+00,4.88281E-02
-8.5717632E-01,1.51367E+00,9.76562E-03
-8.5715784E-01,1.53320E+00,2.92969E-02
-8.5713936E-01,1.49414E+00,8.78906E-02
-8.5712088E-01,1.49414E+00,9.76562E-03
-8.5710240E-01,1.43555E+00,6.83594E-02
-8.5708392E-01,1.51367E+00,2.92969E-02
-8.5706544E-01,1.51367E+00,4.88281E-02
-8.5704696E-01,1.51367E+00,-2.92969E-02
-8.5702848E-01,1.51367E+00,9.76562E-03
-8.5701000E-01,1.51367E+00,2.92969E-02
-8.5699152E-01,1.53320E+00,6.83594E-02
-8.5697304E-01,1.47461E+00,4.88281E-02
-8.5695456E-01,1.53320E+00,6.83594E-02
-8.5693608E-01,1.59180E+00,4.88281E-02
-8.5691760E-01,1.59180E+00,4.88281E-02
-8.5689912E-01,1.51367E+00,9.76562E-03
-8.5688064E-01,1.55273E+00,4.88281E-02
-8.5686216E-01,1.51367E+00,-9.76562E-03
-8.5684368E-01,1.51367E+00,9.76562E-03
-8.5682520E-01,1.45508E+00,2.92969E-02
-8.5680672E-01,1.57227E+00,2.92969E-02
-8.5678824E-01,1.49414E+00,2.92969E-02
-8.5676976E-01,1.53320E+00,-2.92969E-02
-8.5675128E-01,1.47461E+00,9.76562E-03
-8.5673280E-01,1.55273E+00,9.76562E-03
-8.5671432E-01,1.55273E+00,9.76562E-03
-8.5669584E-01,1.55273E+00,4.88281E-02
-8.5667736E-01,1.53320E+00,2.92969E-02
-8.5665888E-01,1.51367E+00,4.88281E-02
-8.5664040E-01,1.49414E+00,9.76562E-03
-8.5662192E-01,1.47461E+00,4.88281E-02
-8.5660344E-01,1.51367E+00,9.76562E-03
-8.5658496E-01,1.51367E+00,1.07422E-01
-8.5656648E-01,1.43555E+00,4.88281E-02
-8.5654800E-01,1.45508E+00,6.83594E-02
-8.5652952E-01,1.51367E+00,9.76562E-03
-8.5651104E-01,1.49414E+00,6.83594E-02
-8.5649256E-01,1.53320E+00,9.76562E-03
-8.5647408E-01,1.49414E+00,2.92969E-02
-8.5645560E-01,1.45508E+00,-9.76562E-03
-8.5643712E-01,1.55273E+00,4.88281E-02
-8.5641864E-01,1.55273E+00,9.76562E-03
-8.5640016E-01,1.41602E+00,4.88281E-02
-8.5638168E-01,1.49414E+00,9.76562E-03
-8.5636320E-01,1.53320E+00,4.88281E-02
-8.5634472E-01,1.51367E+00,6.83594E-02
-8.5632624E-01,1.49414E+00,4.88281E-02
-8.5630776E-01,1.43555E+00,9.76562E-03
-8.5628928E-01,1.51367E+00,8.78906E-02
-8.5627080E-01,1.53320E+00,-9.76562E-03
-8.5625232E-01,1.55273E+00,2.92969E-02
-8.5623384E-01,1.53320E+00,-9.76562E-03
-8.5621536E-01,1.51367E+00,4.88281E-02
-8.5619688E-01,1.51367E+00,6.83594E-02
-8.5617840E-01,1.49414E+00,6.83594E-02
-8.5615992E-01,1.59180E+00,2.92969E-02
-8.5614144E-01,1.51367E+00,9.76562E-03
-8.5612296E-01,1.47461E+00,9.76562E-03
-8.5610448E-01,1.49414E+00,2.92969E-02
-8.5608600E-01,1.57227E+00,4.88281E-02
-8.5606752E-01,1.49414E+00,4.88281E-02
-8.5604904E-01,1.57227E+00,9.76562E-03
-8.5603056E-01,1.47461E+00,6.83594E-02
-8.5601208E-01,1.53320E+00,9.76562E-03
-8.5599360E-01,1.43555E+00,4.88281E-02
-8.5597512E-01,1.51367E+00,2.92969E-02
-8.5595664E-01,1.47461E+00,2.92969E-02
-8.5593816E-01,1.45508E+00,8.78906E-02
-8.5591968E-01,1.51367E+00,6.83594E-02
-8.5590120E-01,1.47461E+00,-6.83594E-02
-8.5588272E-01,1.45508E+00,-9.76562E-03
-8.5586424E-01,1.51367E+00,4.88281E-02
-8.5584576E-01,1.51367E+00,-4.88281E-02
-8.5582728E-01,1.57227E+00,4.88281E-02
-8.5580880E-01,1.51367E+00,9.76562E-03
-8.5579032E-01,1.53320E+00,9.76562E-03
-8.5577184E-01,1.55273E+00,4.88281E-02
-8.5575336E-01,1.53320E+00,-9.76562E-03
-8.5573488E-01,1.49414E+00,2.92969E-02
-8.5571640E-01,1.55273E+00,8.78906E-02
-8.5569792E-01,1.45508E+00,-9.76562E-03
-8.5567944E-01,1.53320E+00,2.92969E-02
-8.5566096E-01,1.49414E+00,8.78906E-02
-8.5564248E-01,1.53320E+00,9.76562E-03
-8.5562400E-01,1.45508E+00,9.76562E-03
-8.5560552E-01,1.53320E+00,9.76562E-03
-8.5558704E-01,1.49414E+00,6.83594E-02
-8.5556856E-01,1.55273E+00,2.92969E-02
-8.5555008E-01,1.45508E+00,9.76562E-03
-8.5553160E-01,1.45508E+00,2.92969E-02
-8.5551312E-01,1.53320E+00,2.92969E-02
-8.5549464E-01,1.53320E+00,9.76562E-03
-8.5547616E-01,1.47461E+00,2.92969E-02
-8.5545768E-01,1.51367E+00,6.83594E-02
-8.5543920E-01,1.43555E+00,4.88281E-02
-8.5542072E-01,1.53320E+00,9.76562E-03
-8.5540224E-01,1.51367E+00,6.83594E-02
-8.5538376E-01,1.51367E+00,-9.76562E-03
-8.5536528E-01,1.59180E+00,9.76562E-03
-8.5534680E-01,1.49414E+00,9.76562E-03
-8.5532832E-01,1.47461E+00,9.76562E-03
-8.5530984E-01,1.57227E+00,9.76562E-03
-8.5529136E-01,1.55273E+00,4.88281E-02
-8.5527288E-01,1.51367E+00,2.92969E-02
-8.5525440E-01,1.55273E+00,2.92969E-02
-8.5523592E-01,1.53320E+00,9.76562E-03
-8.5521744E-01,1.49414E+00,9.76562E-03
-8.5519896E-01,1.53320E+00,9.76562E-03
-8.5518048E-01,1.51367E+00,4.88281E-02
-8.5516200E-01,1.55273E+00,2.92969E-02
-8.5514352E-01,1.47461E+00,1.07422E-01
-8.5512504E-01,1.55273E+00,8.78906E-02
-8.5510656E-01,1.51367E+00,2.92969E-02
-8.5508808E-01,1.43555E+00,4.88281E-02
-8.5506960E-01,1.47461E+00,6.83594E-02
-8.5505112E-01,1.49414E+00,-2.92969E-02
-8.5503264E-01,1.49414E+00,4.88281E-02
-8.5501416E-01,1.51367E+00,2.92969E-02
-8.5499568E-01,1.45508E+00,2.92969E-02
-8.5497720E-01,1.51367E+00,-9.76562E-03
-8.5495872E-01,1.51367E+00,6.83594E-02
-8.5494024E-01,1.45508E+00,-9.76562E-03
-8.5492176E-01,1.45508E+00,6.83594E-02
-8.5490328E-01,1.49414E+00,9.76562E-03
-8.5488480E-01,1.51367E+00,4.88281E-02
-8.5486632E-01,1.51367E+00,9.76562E-03
-8.5484784E-01,1.45508E+00,9.76562E-03
-8.5482936E-01,1.45508E+00,9.76562E-03
-8.5481088E-01,1.43555E+00,4.88281E-02
-8.5479240E-01,1.47461E+00,9.76562E-03
-8.5477392E-01,1.43555E+00,9.76562E-03
-8.5475544E-01,1.49414E+00,4.88281E-02
-8.5473696E-01,1.49414E+00,6.83594E-02
-8.5471848E-01,1.53320E+00,2.92969E-02
-8.5470000E-01,1.49414E+00,2.92969E-02
-8.5468152E-01,1.51367E+00,4.88281E-02
-8.5466304E-01,1.49414E+00,4.88281E-02
-8.5464456E-01,1.55273E+00,2.92969E-02
-8.5462608E-01,1.51367E+00,2.92969E-02
-8.5460760E-01,1.51367E+00,4.88281E-02
-8.5458912E-01,1.43555E+00,6.83594E-02
-8.5457064E-01,1.53320E+00,2.92969E-02
-8.5455216E-01,1.49414E+00,2.92969E-02
-8.5453368E-01,1.49414E+00,9.76562E-03
-8.5451520E-01,1.55273E+00,4.88281E-02
-8.5449672E-01,1.55273E+00,2.92969E-02
-8.5447824E-01,1.55273E+00,9.76562E-03
-8.5445976E-01,1.51367E+00,4.88281E-02
-8.5444128E-01,1.49414E+00,-9.76562E-03
-8.5442280E-01,1.51367E+00,9.76562E-03
-8.5440432E-01,1.49414E+00,4.88281E-02
-8.5438584E-01,1.51367E+00,9.76562E-03
-8.5436736E-01,1.49414E+00,2.92969E-02
-8.5434888E-01,1.47461E+00,6.83594E-02
-8.5433040E-01,1.45508E+00,8.78906E-02
-8.5431192E-01,1.55273E+00,4.88281E-02
-8.5429344E-01,1.49414E+00,2.92969E-02
-8.5427496E-01,1.59180E+00,9.76562E-03
-8.5425648E-01,1.43555E+00,6.83594E-02
-8.5423800E-01,1.49414E+00,-9.76562E-03
-8.5421952E-01,1.51367E+00,6.83594E-02
-8.5420104E-01,1.55273E+00,6.83594E-02
-8.5418256E-01,1.49414E+00,4.88281E-02
-8.5416408E-01,1.53320E+00,9.76562E-03
-8.5414560E-01,1.51367E+00,1.07422E-01
-8.5412712E-01,1.55273E+00,4.88281E-02
-8.5410864E-01,1.51367E+00,2.92969E-02
-8.5409016E-01,1.47461E+00,4.88281E-02
-8.5407168E-01,1.51367E+00,6.83594E-02
-8.5405320E-01,1.51367E+00,4.88281E-02
-8.5403472E-01,1.57227E+00,1.07422E-01
-8.5401624E-01,1.43555E+00,2.92969E-02
-8.5399776E-01,1.51367E+00,9.76562E-03
-8.5397928E-01,1.59180E+00,4.88281E-02
-8.5396080E-01,1.43555E+00,4.88281E-02
-8.5394232E-01,1.45508E+00,9.76562E-03
-8.5392384E-01,1.49414E+00,2.92969E-02
-8.5390536E-01,1.49414E+00,9.76562E-03
-8.5388688E-01,1.49414E+00,9.76562E-03
-8.5386840E-01,1.47461E+00,9.76562E-03
-8.5384992E-01,1.53320E+00,9.76562E-03
-8.5383144E-01,1.55273E+00,4.88281E-02
-8.5381296E-01,1.49414E+00,-9.76562E-03
-8.5379448E-01,1.53320E+00,-9.76562E-03
-8.5377600E-01,1.53320E+00,2.92969E-02
-8.5375752E-01,1.53320E+00,4.88281E-02
-8.5373904E-01,1.51367E+00,6.83594E-02
-8.5372056E-01,1.55273E+00,9.76562E-03
-8.5370208E-01,1.47461E+00,8.78906E-02
-8.5368360E-01,1.43555E+00,-9.76562E-03
-8.5366512E-01,1.53320E+00,4.88281E-02
-8.5364664E-01,1.51367E+00,6.83594E-02
-8.5362816E-01,1.49414E+00,6.83594E-02
-8.5360968E-01,1.47461E+00,9.76562E-03
-8.5359120E-01,1.49414E+00,4.88281E-02
-8.5357272E-01,1.51367E+00,4.88281E-02
-8.5355424E-01,1.47461E+00,1.07422E-01
-8.5353576E-01,1.47461E+00,4.88281E-02
-8.5351728E-01,1.51367E+00,9.76562E-03
-8.5349880E-01,1.59180E+00,2.92969E-02
-8.5348032E-01,1.45508E+00,8.78906E-02
-8.5346184E-01,1.51367E+00,9.76562E-03
-8.5344336E-01,1.55273E+00,2.92969E-02
-8.5342488E-01,1.57227E+00,-9.76562E-03
-8.5340640E-01,1.55273E+00,4.88281E-02
-8.5338792E-01,1.51367E+00,6.83594E-02
-8.5336944E-01,1.51367E+00,-6.83594E-02
-8.5335096E-01,1.57227E+00,9.76562E-03
-8.5333248E-01,1.45508E+00,9.76562E-03
-8.5331400E-01,1.47461E+00,2.92969E-02
-8.5329552E-01,1.53320E+00,9.76562E-03
-8.5327704E-01,1.53320E+00,9.76562E-03
-8.5325856E-01,1.47461E+00,6.83594E-02
-8.5324008E-01,1.53320E+00,-9.76562E-03
-8.5322160E-01,1.49414E+00,8.78906E-02
-8.5320312E-01,1.51367E+00,2.92969E-02
-8.5318464E-01,1.49414E+00,9.76562E-03
-8.5316616E-01,1.53320E+00,-2.92969E-02
-8.5314768E-01,1.49414E+00,8.78906E-02
-8.5312920E-01,1.55273E+00,4.88281E-02
-8.5311072E-01,1.45508E+00,1.07422E-01
-8.5309224E-01,1.55273E+00,-9.76562E-03
-8.5307376E-01,1.47461E+00,6.83594E-02
-8.5305528E-01,1.51367E+00,4.88281E-02
-8.5303680E-01,1.51367E+00,6.83594E-02
-8.5301832E-01,1.57227E+00,2.92969E-02
-8.5299984E-01,1.55273E+00,4.88281E-02
-8.5298136E-01,1.57227E+00,4.88281E-02
-8.5296288E-01,1.53320E+00,4.88281E-02
-8.5294440E-01,1.53320E+00,-9.76562E-03
-8.5292592E-01,1.51367E+00,6.83594E-02
-8.5290744E-01,1.51367E+00,9.76562E-03
-8.5288896E-01,1.47461E+00,9.76562E-03
-8.5287048E-01,1.57227E+00,9.76562E-03
-8.5285200E-01,1.51367E+00,9.76562E-03
-8.5283352E-01,1.55273E+00,-2.92969E-02
-8.5281504E-01,1.57227E+00,4.88281E-02
-8.5279656E-01,1.51367E+00,9.76562E-03
-8.5277808E-01,1.53320E+00,4.88281E-02
-8.5275960E-01,1.55273E+00,9.76562E-03
-8.5274112E-01,1.55273E+00,4.88281E-02
-8.5272264E-01,1.51367E+00,2.92969E-02
-8.5270416E-01,1.51367E+00,6.83594E-02
-8.5268568E-01,1.47461E+00,2.92969E-02
-8.5266720E-01,1.59180E+00,2.92969E-02
-8.5264872E-01,1.57227E+00,9.76562E-03
-8.5263024E-01,1.51367E+00,4.88281E-02
-8.5261176E-01,1.53320E+00,9.76562E-03
-8.5259328E-01,1.51367E+00,8.78906E-02
-8.5257480E-01,1.49414E+00,4.88281E-02
-8.5255632E-01,1.57227E+00,6.83594E-02
-8.5253784E-01,1.47461E+00,4.88281E-02
-8.5251936E-01,1.53320E+00,4.88281E-02
-8.5250088E-01,1.53320E+00,2.92969E-02
-8.5248240E-01,1.59180E+00,2.92969E-02
-8.5246392E-01,1.53320E+00,9.76562E-03
-8.5244544E-01,1.49414E+00,4.88281E-02
-8.5242696E-01,1.49414E+00,4.88281E-02
-8.5240848E-01,1.55273E+00,2.92969E-02
-8.5239000E-01,1.51367E+00,9.76562E-03
-8.5237152E-01,1.45508E+00,2.92969E-02
-8.5235304E-01,1.53320E+00,2.92969E-02
-8.5233456E-01,1.51367E+00,4.88281E-02
-8.5231608E-01,1.51367E+00,4.88281E-02
-8.5229760E-01,1.51367E+00,6.83594E-02
-8.5227912E-01,1.53320E+00,4.88281E-02
-8.5226064E-01,1.55273E+00,2.92969E-02
-8.5224216E-01,1.57227E+00,6.83594E-02
-8.5222368E-01,1.53320E+00,8.78906E-02
-8.5220520E-01,1.51367E+00,2.92969E-02
-8.5218672E-01,1.55273E+00,-9.76562E-03
-8.5216824E-01,1.47461E+00,-9.76562E-03
-8.5214976E-01,1.49414E+00,4.88281E-02
-8.5213128E-01,1.53320E+00,-9.76562E-03
-8.5211280E-01,1.49414E+00,9.76562E-03
-8.5209432E-01,1.57227E+00,6.83594E-02
-8.5207584E-01,1.41602E+00,8.78906E-02
-8.5205736E-01,1.51367E+00,-2.92969E-02
-8.5203888E-01,1.45508E+00,8.78906E-02
-8.5202040E-01,1.55273E+00,2.92969E-02
-8.5200192E-01,1.51367E+00,9.76562E-03
-8.5198344E-01,1.43555E+00,4.88281E-02
-8.5196496E-01,1.51367E+00,4.88281E-02
-8.5194648E-01,1.53320E+00,2.92969E-02
-8.5192800E-01,1.55273E+00,2.92969E-02
-8.5190952E-01,1.57227E+00,2.92969E-02
-8.5189104E-01,1.53320E+00,9.76562E-03
-8.5187256E-01,1.55273E+00,2.92969E-02
-8.5185408E-01,1.57227E+00,4.88281E-02
-8.5183560E-01,1.57227E+00,2.92969E-02
-8.5181712E-01,1.51367E+00,4.88281E-02
-8.5179864E-01,1.51367E+00,2.92969E-02
-8.5178016E-01,1.51367E+00,6.83594E-02
-8.5176168E-01,1.51367E+00,4.88281E-02
-8.5174320E-01,1.57227E+00,9.76562E-03
-8.5172472E-01,1.51367E+00,9.76562E-03
-8.5170624E-01,1.55273E+00,2.92969E-02
-8.5168776E-01,1.53320E+00,9.76562E-03
-8.5166928E-01,1.51367E+00,9.76562E-03
-8.5165080E-01,1.45508E+00,4.88281E-02
-8.5163232E-01,1.45508E+00,6.83594E-02
-8.5161384E-01,1.51367E+00,2.92969E-02
-8.5159536E-01,1.53320E+00,6.83594E-02
-8.5157688E-01,1.51367E+00,-9.76562E-03
-8.5155840E-01,1.55273E+00,6.83594E-02
-8.5153992E-01,1.55273E+00,9.76562E-03
-8.5152144E-01,1.57227E+00,2.92969E-02
-8.5150296E-01,1.53320E+00,9.76562E-03
-8.5148448E-01,1.57227E+00,2.92969E-02
-8.5146600E-01,1.53320E+00,-9.76562E-03
-8.5144752E-01,1.51367E+00,4.88281E-02
-8.5142904E-01,1.55273E+00,2.92969E-02
-8.5141056E-01,1.49414E+00,2.92969E-02
-8.5139208E-01,1.53320E+00,4.88281E-02
-8.5137360E-01,1.49414E+00,2.92969E-02
-8.5135512E-01,1.51367E+00,4.88281E-02
-8.5133664E-01,1.45508E+00,6.83594E-02
-8.5131816E-01,1.55273E+00,9.76562E-03
-8.5129968E-01,1.49414E+00,-9.76562E-03
-8.5128120E-01,1.51367E+00,9.76562E-03
-8.5126272E-01,1.49414E+00,4.88281E-02
-8.5124424E-01,1.51367E+00,9.76562E-03
-8.5122576E-01,1.51367E+00,1.07422E-01
-8.5120728E-01,1.55273E+00,-2.92969E-02
-8.5118880E-01,1.47461E+00,6.83594E-02
-8.5117032E-01,1.49414E+00,-9.76562E-03
-8.5115184E-01,1.51367E+00,9.76562E-03
-8.5113336E-01,1.53320E+00,4.88281E-02
-8.5111488E-01,1.47461E+00,9.76562E-03
-8.5109640E-01,1.55273E+00,4.88281E-02
-8.5107792E-01,1.51367E+00,4.88281E-02
-8.5105944E-01,1.53320E+00,9.76562E-03
-8.5104096E-01,1.45508E+00,2.92969E-02
-8.5102248E-01,1.55273E+00,6.83594E-02
-8.5100400E-01,1.51367E+00,6.83594E-02
-8.5098552E-01,1.53320E+00,6.83594E-02
-8.5096704E-01,1.53320E+00,6.83594E-02
-8.5094856E-01,1.51367E+00,6.83594E-02
-8.5093008E-01,1.55273E+00,4.88281E-02
-8.5091160E-01,1.51367E+00,9.76562E-03
-8.5089312E-01,1.57227E+00,6.83594E-02
-8.5087464E-01,1.63086E+00,9.76562E-03
-8.5085616E-01,1.53320E+00,2.92969E-02
-8.5083768E-01,1.45508E+00,4.88281E-02
-8.5081920E-01,1.47461E+00,9.76562E-03
-8.5080072E-01,1.53320E+00,6.83594E-02
-8.5078224E-01,1.51367E+00,4.88281E-02
-8.5076376E-01,1.55273E+00,4.88281E-02
-8.5074528E-01,1.49414E+00,4.88281E-02
-8.5072680E-01,1.59180E+00,2.92969E-02
-8.5070832E-01,1.47461E+00,4.88281E-02
-8.5068984E-01,1.55273E+00,9.76562E-03
-8.5067136E-01,1.47461E+00,2.92969E-02
-8.5065288E-01,1.49414E+00,4.88281E-02
-8.5063440E-01,1.51367E+00,6.83594E-02
-8.5061592E-01,1.55273E+00,4.88281E-02
-8.5059744E-01,1.47461E+00,2.92969E-02
-8.5057896E-01,1.55273E+00,6.83594E-02
-8.5056048E-01,1.53320E+00,4.88281E-02
-8.5054200E-01,1.57227E+00,9.76562E-03
-8.5052352E-01,1.51367E+00,2.92969E-02
-8.5050504E-01,1.57227E+00,2.92969E-02
-8.5048656E-01,1.55273E+00,9.76562E-03
-8.5046808E-01,1.47461E+00,4.88281E-02
-8.5044960E-01,1.53320E+00,4.88281E-02
-8.5043112E-01,1.57227E+00,9.76562E-03
-8.5041264E-01,1.51367E+00,-9.76562E-03
-8.5039416E-01,1.49414E+00,-9.76562E-03
-8.5037568E-01,1.55273E+00,2.92969E-02
-8.5035720E-01,1.43555E+00,4.88281E-02
-8.5033872E-01,1.55273E+00,4.88281E-02
-8.5032024E-01,1.51367E+00,9.76562E-03
-8.5030176E-01,1.57227E+00,6.83594E-02
-8.5028328E-01,1.49414E+00,-9.76562E-03
-8.5026480E-01,1.51367E+00,9.76562E-03
-8.5024632E-01,1.57227E+00,-9.76562E-03
-8.5022784E-01,1.55273E+00,2.92969E-02
-8.5020936E-01,1.57227E+00,2.92969E-02
-8.5019088E-01,1.57227E+00,4.88281E-02
-8.5017240E-01,1.53320E+00,2.92969E-02
-8.5015392E-01,1.53320E+00,4.88281E-02
-8.5013544E-01,1.51367E+00,9.76562E-03
-8.5011696E-01,1.49414E+00,6.83594E-02
-8.5009848E-01,1.57227E+00,4.88281E-02
-8.5008000E-01,1.55273E+00,4.88281E-02
-8.5006152E-01,1.51367E+00,2.92969E-02
-8.5004304E-01,1.55273E+00,6.83594E-02
-8.5002456E-01,1.53320E+00,-9.76562E-03
-8.5000608E-01,1.51367E+00,2.92969E-02
-8.4998760E-01,1.53320E+00,4.88281E-02
-8.4996912E-01,1.51367E+00,2.92969E-02
-8.4995064E-01,1.53320E+00,9.76562E-03
-8.4993216E-01,1.55273E+00,-4.88281E-02
-8.4991368E-01,1.53320E+00,9.76562E-03
-8.4989520E-01,1.51367E+00,4.88281E-02
-8.4987672E-01,1.51367E+00,6.83594E-02
-8.4985824E-01,1.51367E+00,4.88281E-02
-8.4983976E-01,1.51367E+00,9.76562E-03
-8.4982128E-01,1.55273E+00,4.88281E-02
-8.4980280E-01,1.51367E+00,8.78906E-02
-8.4978432E-01,1.51367E+00,-9.76562E-03
-8.4976584E-01,1.61133E+00,4.88281E-02
-8.4974736E-01,1.53320E+00,2.92969E-02
-8.4972888E-01,1.57227E+00,9.76562E-03
-8.4971040E-01,1.57227E+00,6.83594E-02
-8.4969192E-01,1.55273E+00,2.92969E-02
-8.4967344E-01,1.45508E+00,1.26953E-01
-8.4965496E-01,1.55273E+00,9.76562E-03
-8.4963648E-01,1.51367E+00,4.88281E-02
-8.4961800E-01,1.55273E+00,9.76562E-03
-8.4959952E-01,1.55273E+00,6.83594E-02
-8.4958104E-01,1.51367E+00,2.92969E-02
-8.4956256E-01,1.45508E+00,4.88281E-02
-8.4954408E-01,1.55273E+00,6.83594E-02
-8.4952560E-01,1.57227E+00,8.78906E-02
-8.4950712E-01,1.51367E+00,9.76562E-03
-8.4948864E-01,1.53320E+00,2.92969E-02
-8.4947016E-01,1.55273E+00,9.76562E-03
-8.4945168E-01,1.57227E+00,6.83594E-02
-8.4943320E-01,1.59180E+00,9.76562E-03
-8.4941472E-01,1.59180E+00,8.78906E-02
-8.4939624E-01,1.63086E+00,4.88281E-02
-8.4937776E-01,1.57227E+00,1.46484E-01
-8.4935928E-01,1.61133E+00,9.76562E-03
-8.4934080E-01,1.51367E+00,4.88281E-02
-8.4932232E-01,1.53320E+00,9.76562E-03
-8.4930384E-01,1.47461E+00,2.92969E-02
-8.4928536E-01,1.53320E+00,4.88281E-02
-8.4926688E-01,1.57227E+00,1.26953E-01
-8.4924840E-01,1.59180E+00,4.88281E-02
-8.4922992E-01,1.53320E+00,2.92969E-02
-8.4921144E-01,1.65039E+00,4.88281E-02
-8.4919296E-01,1.47461E+00,8.78906E-02
-8.4917448E-01,1.61133E+00,-2.92969E-02
-8.4915600E-01,1.51367E+00,6.83594E-02
-8.4913752E-01,1.51367E+00,4.88281E-02
-8.4911904E-01,1.49414E+00,6.83594E-02
-8.4910056E-01,1.53320E+00,-2.92969E-02
-8.4908208E-01,1.57227E+00,4.88281E-02
-8.4906360E-01,1.61133E+00,9.76562E-03
-8.4904512E-01,1.55273E+00,4.88281E-02
-8.4902664E-01,1.63086E+00,9.76562E-03
-8.4900816E-01,1.51367E+00,6.83594E-02
-8.4898968E-01,1.55273E+00,9.76562E-03
-8.4897120E-01,1.51367E+00,6.83594E-02
-8.4895272E-01,1.49414E+00,2.92969E-02
-8.4893424E-01,1.53320E+00,6.83594E-02
-8.4891576E-01,1.51367E+00,4.88281E-02
-8.4889728E-01,1.53320E+00,1.46484E-01
-8.4887880E-01,1.55273E+00,2.92969E-02
-8.4886032E-01,1.51367E+00,9.76562E-03
-8.4884184E-01,1.47461E+00,6.83594E-02
-8.4882336E-01,1.51367E+00,2.92969E-02
-8.4880488E-01,1.53320E+00,8.78906E-02
-8.4878640E-01,1.53320E+00,9.76562E-03
-8.4876792E-01,1.53320E+00,9.76562E-03
-8.4874944E-01,1.51367E+00,6.83594E-02
-8.4873096E-01,1.51367E+00,4.88281E-02
-8.4871248E-01,1.47461E+00,6.83594E-02
-8.4869400E-01,1.55273E+00,4.88281E-02
-8.4867552E-01,1.51367E+00,9.76562E-03
-8.4865704E-01,1.51367E+00,9.76562E-03
-8.4863856E-01,1.51367E+00,2.92969E-02
-8.4862008E-01,1.57227E+00,6.83594E-02
-8.4860160E-01,1.55273E+00,4.88281E-02
-8.4858312E-01,1.53320E+00,9.76562E-03
-8.4856464E-01,1.55273E+00,4.88281E-02
-8.4854616E-01,1.61133E+00,6.83594E-02
-8.4852768E-01,1.59180E+00,2.92969E-02
-8.4850920E-01,1.59180E+00,9.76562E-03
-8.4849072E-01,1.57227E+00,6.83594E-02
-8.4847224E-01,1.55273E+00,-4.88281E-02
-8.4845376E-01,1.59180E+00,9.76562E-03
-8.4843528E-01,1.55273E+00,2.92969E-02
-8.4841680E-01,1.49414E+00,9.76562E-03
-8.4839832E-01,1.59180E+00,6.83594E-02
-8.4837984E-01,1.49414E+00,9.76562E-03
-8.4836136E-01,1.53320E+00,4.88281E-02
-8.4834288E-01,1.51367E+00,1.26953E-01
-8.4832440E-01,1.51367E+00,4.88281E-02
-8.4830592E-01,1.47461E+00,6.83594E-02
-8.4828744E-01,1.53320E+00,9.76562E-03
-8.4826896E-01,1.47461E+00,4.88281E-02
-8.4825048E-01,1.55273E+00,4.88281E-02
-8.4823200E-01,1.49414E+00,8.78906E-02
-8.4821352E-01,1.57227E+00,4.88281E-02
-8.4819504E-01,1.53320E+00,2.92969E-02
-8.4817656E-01,1.59180E+00,9.76562E-03
-8.4815808E-01,1.55273E+00,2.92969E-02
-8.4813960E-01,1.51367E+00,4.88281E-02
-8.4812112E-01,1.51367E+00,4.88281E-02
-8.4810264E-01,1.61133E+00,9.76562E-03
-8.4808416E-01,1.53320E+00,9.76562E-03
-8.4806568E-01,1.49414E+00,2.92969E-02
-8.4804720E-01,1.49414E+00,4.88281E-02
-8.4802872E-01,1.55273E+00,2.92969E-02
-8.4801024E-01,1.51367E+00,4.88281E-02
-8.4799176E-01,1.49414E+00,4.88281E-02
-8.4797328E-01,1.51367E+00,8.78906E-02
-8.4795480E-01,1.51367E+00,2.92969E-02
-8.4793632E-01,1.53320E+00,9.76562E-03
-8.4791784E-01,1.51367E+00,9.76562E-03
-8.4789936E-01,1.57227E+00,2.92969E-02
-8.4788088E-01,1.53320E+00,2.92969E-02
-8.4786240E-01,1.57227E+00,6.83594E-02
-8.4784392E-01,1.49414E+00,2.92969E-02
-8.4782544E-01,1.57227E+00,8.78906E-02
-8.4780696E-01,1.55273E+00,6.83594E-02
-8.4778848E-01,1.43555E+00,4.88281E-02
-8.4777000E-01,1.55273E+00,-9.76562E-03
-8.4775152E-01,1.43555E+00,6.83594E-02
-8.4773304E-01,1.59180E+00,2.92969E-02
-8.4771456E-01,1.51367E+00,1.07422E-01
-8.4769608E-01,1.55273E+00,2.92969E-02
-8.4767760E-01,1.49414E+00,4.88281E-02
-8.4765912E-01,1.57227E+00,4.88281E-02
-8.4764064E-01,1.51367E+00,6.83594E-02
-8.4762216E-01,1.53320E+00,-2.92969E-02
-8.4760368E-01,1.61133E+00,9.76562E-03
-8.4758520E-01,1.49414E+00,9.76562E-03
-8.4756672E-01,1.55273E+00,9.76562E-03
-8.4754824E-01,1.57227E+00,2.92969E-02
-8.4752976E-01,1.57227E+00,1.07422E-01
-8.4751128E-01,1.61133E+00,2.92969E-02
-8.4749280E-01,1.51367E+00,6.83594E-02
-8.4747432E-01,1.51367E+00,6.83594E-02
-8.4745584E-01,1.57227E+00,6.83594E-02
-8.4743736E-01,1.53320E+00,6.83594E-02
-8.4741888E-01,1.57227E+00,2.92969E-02
-8.4740040E-01,1.57227E+00,-9.76562E-03
-8.4738192E-01,1.53320E+00,2.92969E-02
-8.4736344E-01,1.63086E+00,4.88281E-02
-8.4734496E-01,1.57227E+00,4.88281E-02
-8.4732648E-01,1.53320E+00,2.92969E-02
-8.4730800E-01,1.53320E+00,4.88281E-02
-8.4728952E-01,1.55273E+00,9.76562E-03
-8.4727104E-01,1.49414E+00,9.76562E-03
-8.4725256E-01,1.55273E+00,4.88281E-02
-8.4723408E-01,1.53320E+00,6.83594E-02
-8.4721560E-01,1.51367E+00,2.92969E-02
-8.4719712E-01,1.57227E+00,4.88281E-02
-8.4717864E-01,1.57227E+00,-2.92969E-02
-8.4716016E-01,1.49414E+00,2.92969E-02
-8.4714168E-01,1.59180E+00,6.83594E-02
-8.4712320E-01,1.45508E+00,6.83594E-02
-8.4710472E-01,1.57227E+00,1.07422E-01
-8.4708624E-01,1.53320E+00,2.92969E-02
-8.4706776E-01,1.51367E+00,9.76562E-03
-8.4704928E-01,1.51367E+00,6.83594E-02
-8.4703080E-01,1.55273E+00,6.83594E-02
-8.4701232E-01,1.57227E+00,9.76562E-03
-8.4699384E-01,1.57227E+00,4.88281E-02
-8.4697536E-01,1.51367E+00,6.83594E-02
-8.4695688E-01,1.53320E+00,9.76562E-03
-8.4693840E-01,1.53320E+00,1.26953E-01
-8.4691992E-01,1.57227E+00,4.88281E-02
-8.4690144E-01,1.57227E+00,9.76562E-03
-8.4688296E-01,1.61133E+00,-9.76562E-03
-8.4686448E-01,1.57227E+00,4.88281E-02
-8.4684600E-01,1.53320E+00,9.76562E-03
-8.4682752E-01,1.51367E+00,4.88281E-02
-8.4680904E-01,1.53320E+00,-9.76562E-03
-8.4679056E-01,1.51367E+00,6.83594E-02
-8.4677208E-01,1.53320E+00,2.92969E-02
-8.4675360E-01,1.61133E+00,4.88281E-02
-8.4673512E-01,1.59180E+00,9.76562E-03
-8.4671664E-01,1.45508E+00,6.83594E-02
-8.4669816E-01,1.61133E+00,6.83594E-02
-8.4667968E-01,1.49414E+00,6.83594E-02
-8.4666120E-01,1.57227E+00,-9.76562E-03
-8.4664272E-01,1.57227E+00,6.83594E-02
-8.4662424E-01,1.57227E+00,2.92969E-02
-8.4660576E-01,1.47461E+00,9.76562E-03
-8.4658728E-01,1.63086E+00,8.78906E-02
-8.4656880E-01,1.57227E+00,-9.76562E-03
-8.4655032E-01,1.49414E+00,4.88281E-02
-8.4653184E-01,1.55273E+00,6.83594E-02
-8.4651336E-01,1.55273E+00,1.07422E-01
-8.4649488E-01,1.57227E+00,9.76562E-03
-8.4647640E-01,1.53320E+00,2.92969E-02
-8.4645792E-01,1.45508E+00,2.92969E-02
-8.4643944E-01,1.55273E+00,9.76562E-03
-8.4642096E-01,1.47461E+00,2.92969E-02
-8.4640248E-01,1.59180E+00,2.92969E-02
-8.4638400E-01,1.51367E+00,9.76562E-03
-8.4636552E-01,1.61133E+00,-4.88281E-02
-8.4634704E-01,1.57227E+00,2.92969E-02
-8.4632856E-01,1.55273E+00,9.76562E-03
-8.4631008E-01,1.53320E+00,2.92969E-02
-8.4629160E-01,1.51367E+00,6.83594E-02
-8.4627312E-01,1.57227E+00,6.83594E-02
-8.4625464E-01,1.49414E+00,2.92969E-02
-8.4623616E-01,1.57227E+00,4.88281E-02
-8.4621768E-01,1.53320E+00,2.92969E-02
-8.4619920E-01,1.49414E+00,2.92969E-02
-8.4618072E-01,1.57227E+00,4.88281E-02
-8.4616224E-01,1.57227E+00,4.88281E-02
-8.4614376E-01,1.55273E+00,2.92969E-02
-8.4612528E-01,1.51367E+00,2.92969E-02
-8.4610680E-01,1.57227E+00,2.92969E-02
-8.4608832E-01,1.49414E+00,6.83594E-02
-8.4606984E-01,1.49414E+00,2.92969E-02
-8.4605136E-01,1.55273E+00,4.88281E-02
-8.4603288E-01,1.49414E+00,6.83594E-02
-8.4601440E-01,1.55273E+00,4.88281E-02
-8.4599592E-01,1.63086E+00,4.88281E-02
-8.4597744E-01,1.57227E+00,6.83594E-02
-8.4595896E-01,1.55273E+00,2.92969E-02
-8.4594048E-01,1.53320E+00,9.76562E-03
-8.4592200E-01,1.57227E+00,9.76562E-03
-8.4590352E-01,1.51367E+00,8.78906E-02
-8.4588504E-01,1.57227E+00,6.83594E-02
-8.4586656E-01,1.53320E+00,6.83594E-02
-8.4584808E-01,1.55273E+00,2.92969E-02
-8.4582960E-01,1.53320E+00,6.83594E-02
-8.4581112E-01,1.53320E+00,2.92969E-02
-8.4579264E-01,1.51367E+00,4.88281E-02
-8.4577416E-01,1.57227E+00,4.88281E-02
-8.4575568E-01,1.51367E+00,9.76562E-03
-8.4573720E-01,1.55273E+00,9.76562E-03
-8.4571872E-01,1.51367E+00,4.88281E-02
-8.4570024E-01,1.53320E+00,9.76562E-03
-8.4568176E-01,1.57227E+00,4.88281E-02
-8.4566328E-01,1.55273E+00,-9.76562E-03
-8.4564480E-01,1.47461E+00,6.83594E-02
-8.4562632E-01,1.51367E+00,6.83594E-02
-8.4560784E-01,1.59180E+00,2.92969E-02
-8.4558936E-01,1.57227E+00,2.92969E-02
-8.4557088E-01,1.53320E+00,2.92969E-02
-8.4555240E-01,1.51367E+00,9.76562E-03
-8.4553392E-01,1.55273E+00,2.92969E-02
-8.4551544E-01,1.57227E+00,9.76562E-03
-8.4549696E-01,1.51367E+00,4.88281E-02
-8.4547848E-01,1.61133E+00,6.83594E-02
-8.4546000E-01,1.53320E+00,4.88281E-02
-8.4544152E-01,1.57227E+00,9.76562E-03
-8.4542304E-01,1.49414E+00,9.76562E-03
-8.4540456E-01,1.57227E+00,4.88281E-02
-8.4538608E-01,1.53320E+00,9.76562E-03
-8.4536760E-01,1.63086E+00,9.76562E-03
-8.4534912E-01,1.47461E+00,4.88281E-02
-8.4533064E-01,1.55273E+00,2.92969E-02
-8.4531216E-01,1.59180E+00,4.88281E-02
-8.4529368E-01,1.49414E+00,9.76562E-03
-8.4527520E-01,1.55273E+00,8.78906E-02
-8.4525672E-01,1.55273E+00,-2.92969E-02
-8.4523824E-01,1.53320E+00,6.83594E-02
-8.4521976E-01,1.65039E+00,9.76562E-03
-8.4520128E-01,1.51367E+00,4.88281E-02
-8.4518280E-01,1.65039E+00,4.88281E-02
-8.4516432E-01,1.55273E+00,4.88281E-02
-8.4514584E-01,1.61133E+00,9.76562E-03
-8.4512736E-01,1.59180E+00,2.92969E-02
-8.4510888E-01,1.53320E+00,9.76562E-03
-8.4509040E-01,1.51367E+00,6.83594E-02
-8.4507192E-01,1.53320E+00,4.88281E-02
-8.4505344E-01,1.51367E+00,9.76562E-03
-8.4503496E-01,1.53320E+00,9.76562E-03
-8.4501648E-01,1.49414E+00,2.92969E-02
-8.4499800E-01,1.59180E+00,2.92969E-02
-8.4497952E-01,1.53320E+00,6.83594E-02
-8.4496104E-01,1.49414E+00,-9.76562E-03
-8.4494256E-01,1.55273E+00,6.83594E-02
-8.4492408E-01,1.55273E+00,9.76562E-03
-8.4490560E-01,1.51367E+00,8.78906E-02
-8.4488712E-01,1.53320E+00,9.76562E-03
-8.4486864E-01,1.59180E+00,2.92969E-02
-8.4485016E-01,1.55273E+00,8.78906E-02
-8.4483168E-01,1.53320E+00,6.83594E-02
-8.4481320E-01,1.57227E+00,9.76562E-03
-8.4479472E-01,1.57227E+00,4.88281E-02
-8.4477624E-01,1.59180E+00,4.88281E-02
-8.4475776E-01,1.61133E+00,4.88281E-02
-8.4473928E-01,1.53320E+00,2.92969E-02
-8.4472080E-01,1.59180E+00,6.83594E-02
-8.4470232E-01,1.65039E+00,4.88281E-02
-8.4468384E-01,1.53320E+00,9.76562E-03
-8.4466536E-01,1.65039E+00,2.92969E-02
-8.4464688E-01,1.51367E+00,9.76562E-03
-8.4462840E-01,1.63086E+00,6.83594E-02
-8.4460992E-01,1.61133E+00,9.76562E-03
-8.4459144E-01,1.63086E+00,2.92969E-02
-8.4457296E-01,1.53320E+00,6.83594E-02
-8.4455448E-01,1.59180E+00,9.76562E-03
-8.4453600E-01,1.51367E+00,2.92969E-02
-8.4451752E-01,1.57227E+00,2.92969E-02
-8.4449904E-01,1.51367E+00,9.76562E-03
-8.4448056E-01,1.59180E+00,1.07422E-01
-8.4446208E-01,1.57227E+00,9.76562E-03
-8.4444360E-01,1.53320E+00,2.92969E-02
-8.4442512E-01,1.51367E+00,2.92969E-02
-8.4440664E-01,1.59180E+00,4.88281E-02
-8.4438816E-01,1.53320E+00,2.92969E-02
-8.4436968E-01,1.53320E+00,6.83594E-02
-8.4435120E-01,1.51367E+00,6.83594E-02
-8.4433272E-01,1.55273E+00,9.76562E-03
-8.4431424E-01,1.59180E+00,2.92969E-02
-8.4429576E-01,1.59180E+00,2.92969E-02
-8.4427728E-01,1.59180E+00,-9.76562E-03
-8.4425880E-01,1.53320E+00,4.88281E-02
-8.4424032E-01,1.51367E+00,8.78906E-02
-8.4422184E-01,1.57227E+00,-2.92969E-02
-8.4420336E-01,1.59180E+00,4.88281E-02
-8.4418488E-01,1.53320E+00,2.92969E-02
-8.4416640E-01,1.55273E+00,2.92969E-02
-8.4414792E-01,1.55273E+00,2.92969E-02
-8.4412944E-01,1.53320E+00,9.76562E-03
-8.4411096E-01,1.53320E+00,-2.92969E-02
-8.4409248E-01,1.51367E+00,9.76562E-03
-8.4407400E-01,1.55273E+00,2.92969E-02
-8.4405552E-01,1.55273E+00,6.83594E-02
-8.4403704E-01,1.53320E+00,-9.76562E-03
-8.4401856E-01,1.57227E+00,2.92969E-02
-8.4400008E-01,1.55273E+00,2.92969E-02
-8.4398160E-01,1.51367E+00,4.88281E-02
-8.4396312E-01,1.59180E+00,4.88281E-02
-8.4394464E-01,1.53320E+00,4.88281E-02
-8.4392616E-01,1.53320E+00,4.88281E-02
-8.4390768E-01,1.51367E+00,1.07422E-01
-8.4388920E-01,1.57227E+00,-9.76562E-03
-8.4387072E-01,1.57227E+00,2.92969E-02
-8.4385224E-01,1.51367E+00,9.76562E-03
-8.4383376E-01,1.53320E+00,8.78906E-02
-8.4381528E-01,1.59180E+00,9.76562E-03
-8.4379680E-01,1.49414E+00,2.92969E-02
-8.4377832E-01,1.59180E+00,4.88281E-02
-8.4375984E-01,1.51367E+00,4.88281E-02
-8.4374136E-01,1.59180E+00,4.88281E-02
-8.4372288E-01,1.57227E+00,6.83594E-02
-8.4370440E-01,1.59180E+00,9.76562E-03
-8.4368592E-01,1.53320E+00,2.92969E-02
-8.4366744E-01,1.55273E+00,9.76562E-03
-8.4364896E-01,1.57227E+00,4.88281E-02
-8.4363048E-01,1.53320E+00,9.76562E-03
-8.4361200E-01,1.55273E+00,6.83594E-02
-8.4359352E-01,1.55273E+00,9.76562E-03
-8.4357504E-01,1.61133E+00,6.83594E-02
-8.4355656E-01,1.49414E+00,9.76562E-03
-8.4353808E-01,1.55273E+00,6.83594E-02
-8.4351960E-01,1.53320E+00,2.92969E-02
-8.4350112E-01,1.51367E+00,8.78906E-02
-8.4348264E-01,1.55273E+00,9.76562E-03
-8.4346416E-01,1.49414E+00,4.88281E-02
-8.4344568E-01,1.61133E+00,-9.76562E-03
-8.4342720E-01,1.51367E+00,4.88281E-02
-8.4340872E-01,1.57227E+00,-9.76562E-03
-8.4339024E-01,1.57227E+00,4.88281E-02
-8.4337176E-01,1.57227E+00,4.88281E-02
-8.4335328E-01,1.55273E+00,4.88281E-02
-8.4333480E-01,1.55273E+00,4.88281E-02
-8.4331632E-01,1.51367E+00,6.83594E-02
-8.4329784E-01,1.63086E+00,2.92969E-02
-8.4327936E-01,1.49414E+00,2.92969E-02
-8.4326088E-01,1.61133E+00,-2.92969E-02
-8.4324240E-01,1.53320E+00,2.92969E-02
-8.4322392E-01,1.55273E+00,2.92969E-02
-8.4320544E-01,1.65039E+00,4.88281E-02
-8.4318696E-01,1.57227E+00,2.92969E-02
-8.4316848E-01,1.55273E+00,4.88281E-02
-8.4315000E-01,1.57227E+00,2.92969E-02
-8.4313152E-01,1.49414E+00,-9.76562E-03
-8.4311304E-01,1.53320E+00,-9.76562E-03
-8.4309456E-01,1.55273E+00,4.88281E-02
-8.4307608E-01,1.63086E+00,-9.76562E-03
-8.4305760E-01,1.59180E+00,6.83594E-02
-8.4303912E-01,1.57227E+00,-9.76562E-03
-8.4302064E-01,1.51367E+00,8.78906E-02
-8.4300216E-01,1.55273E+00,4.88281E-02
-8.4298368E-01,1.55273E+00,4.88281E-02
-8.4296520E-01,1.57227E+00,9.76562E-03
-8.4294672E-01,1.51367E+00,4.88281E-02
-8.4292824E-01,1.55273E+00,4.88281E-02
-8.4290976E-01,1.53320E+00,9.76562E-03
-8.4289128E-01,1.59180E+00,4.88281E-02
-8.4287280E-01,1.51367E+00,2.92969E-02
-8.4285432E-01,1.51367E+00,2.92969E-02
-8.4283584E-01,1.57227E+00,4.88281E-02
-8.4281736E-01,1.61133E+00,2.92969E-02
-8.4279888E-01,1.51367E+00,4.88281E-02
-8.4278040E-01,1.51367E+00,4.88281E-02
-8.4276192E-01,1.57227E+00,6.83594E-02
-8.4274344E-01,1.59180E+00,9.76562E-03
-8.4272496E-01,1.59180E+00,4.88281E-02
-8.4270648E-01,1.55273E+00,-9.76562E-03
-8.4268800E-01,1.57227E+00,2.92969E-02
-8.4266952E-01,1.63086E+00,9.76562E-03
-8.4265104E-01,1.51367E+00,-2.92969E-02
-8.4263256E-01,1.53320E+00,9.76562E-03
-8.4261408E-01,1.57227E+00,1.07422E-01
-8.4259560E-01,1.53320E+00,9.76562E-03
-8.4257712E-01,1.51367E+00,6.83594E-02
-8.4255864E-01,1.59180E+00,2.92969E-02
-8.4254016E-01,1.59180E+00,4.88281E-02
-8.4252168E-01,1.59180E+00,-9.76562E-03
-8.4250320E-01,1.57227E+00,6.83594E-02
-8.4248472E-01,1.63086E+00,-2.92969E-02
-8.4246624E-01,1.57227E+00,-9.76562E-03
-8.4244776E-01,1.61133E+00,-4.88281E-02
-8.4242928E-01,1.55273E+00,9.76562E-03
-8.4241080E-01,1.53320E+00,9.76562E-03
-8.4239232E-01,1.55273E+00,4.88281E-02
-8.4237384E-01,1.57227E+00,2.92969E-02
-8.4235536E-01,1.47461E+00,2.92969E-02
-8.4233688E-01,1.59180E+00,2.92969E-02
-8.4231840E-01,1.49414E+00,2.92969E-02
-8.4229992E-01,1.65039E+00,9.76562E-03
-8.4228144E-01,1.51367E+00,-2.92969E-02
-8.4226296E-01,1.61133E+00,2.92969E-02
-8.4224448E-01,1.57227E+00,2.92969E-02
-8.4222600E-01,1.59180E+00,2.92969E-02
-8.4220752E-01,1.57227E+00,4.88281E-02
-8.4218904E-01,1.55273E+00,6.83594E-02
-8.4217056E-01,1.57227E+00,9.76562E-03
-8.4215208E-01,1.45508E+00,2.92969E-02
-8.4213360E-01,1.51367E+00,4.88281E-02
-8.4211512E-01,1.53320E+00,9.76562E-03
-8.4209664E-01,1.53320E+00,4.88281E-02
-8.4207816E-01,1.59180E+00,9.76562E-03
-8.4205968E-01,1.59180E+00,9.76562E-03
-8.4204120E-01,1.55273E+00,9.76562E-03
-8.4202272E-01,1.53320E+00,4.88281E-02
-8.4200424E-01,1.53320E+00,2.92969E-02
-8.4198576E-01,1.55273E+00,6.83594E-02
-8.4196728E-01,1.55273E+00,2.92969E-02
-8.4194880E-01,1.57227E+00,9.76562E-03
-8.4193032E-01,1.55273E+00,9.76562E-03
-8.4191184E-01,1.57227E+00,6.83594E-02
-8.4189336E-01,1.55273E+00,9.76562E-03
-8.4187488E-01,1.53320E+00,9.76562E-03
-8.4185640E-01,1.57227E+00,2.92969E-02
-8.4183792E-01,1.57227E+00,9.76562E-03
-8.4181944E-01,1.51367E+00,2.92969E-02
-8.4180096E-01,1.55273E+00,9.76562E-03
-8.4178248E-01,1.57227E+00,4.88281E-02
-8.4176400E-01,1.57227E+00,4.88281E-02
-8.4174552E-01,1.65039E+00,4.88281E-02
-8.4172704E-01,1.57227E+00,2.92969E-02
-8.4170856E-01,1.61133E+00,-2.92969E-02
-8.4169008E-01,1.55273E+00,4.88281E-02
-8.4167160E-01,1.57227E+00,4.88281E-02
-8.4165312E-01,1.57227E+00,6.83594E-02
-8.4163464E-01,1.55273E+00,2.92969E-02
-8.4161616E-01,1.53320E+00,9.76562E-03
-8.4159768E-01,1.61133E+00,-2.92969E-02
-8.4157920E-01,1.53320E+00,6.83594E-02
-8.4156072E-01,1.55273E+00,2.92969E-02
-8.4154224E-01,1.59180E+00,2.92969E-02
-8.4152376E-01,1.55273E+00,2.92969E-02
-8.4150528E-01,1.53320E+00,-2.92969E-02
-8.4148680E-01,1.59180E+00,9.76562E-03
-8.4146832E-01,1.53320E+00,4.88281E-02
-8.4144984E-01,1.55273E+00,2.92969E-02
-8.4143136E-01,1.57227E+00,8.78906E-02
-8.4141288E-01,1.55273E+00,2.92969E-02
-8.4139440E-01,1.57227E+00,2.92969E-02
-8.4137592E-01,1.61133E+00,2.92969E-02
-8.4135744E-01,1.61133E+00,-4.88281E-02
-8.4133896E-01,1.61133E+00,4.88281E-02
-8.4132048E-01,1.57227E+00,2.92969E-02
-8.4130200E-01,1.61133E+00,4.88281E-02
-8.4128352E-01,1.59180E+00,6.83594E-02
-8.4126504E-01,1.53320E+00,9.76562E-03
-8.4124656E-01,1.57227E+00,2.92969E-02
-8.4122808E-01,1.53320E+00,2.92969E-02
-8.4120960E-01,1.59180E+00,9.76562E-03
-8.4119112E-01,1.59180E+00,9.76562E-03
-8.4117264E-01,1.66992E+00,4.88281E-02
-8.4115416E-01,1.57227E+00,2.92969E-02
-8.4113568E-01,1.55273E+00,2.92969E-02
-8.4111720E-01,1.63086E+00,9.76562E-03
-8.4109872E-01,1.57227E+00,9.76562E-03
-8.4108024E-01,1.57227E+00,-6.83594E-02
-8.4106176E-01,1.53320E+00,4.88281E-02
-8.4104328E-01,1.59180E+00,-9.76562E-03
-8.4102480E-01,1.53320E+00,6.83594E-02
-8.4100632E-01,1.57227E+00,-9.76562E-03
-8.4098784E-01,1.59180E+00,2.92969E-02
-8.4096936E-01,1.55273E+00,9.76562E-03
-8.4095088E-01,1.59180E+00,2.92969E-02
-8.4093240E-01,1.53320E+00,2.92969E-02
-8.4091392E-01,1.55273E+00,2.92969E-02
-8.4089544E-01,1.59180E+00,6.83594E-02
-8.4087696E-01,1.59180E+00,2.92969E-02
-8.4085848E-01,1.59180E+00,9.76562E-03
-8.4084000E-01,1.59180E+00,6.83594E-02
-8.4082152E-01,1.53320E+00,9.76562E-03
-8.4080304E-01,1.57227E+00,9.76562E-03
-8.4078456E-01,1.65039E+00,-9.76562E-03
-8.4076608E-01,1.57227E+00,4.88281E-02
-8.4074760E-01,1.59180E+00,2.92969E-02
-8.4072912E-01,1.51367E+00,9.76562E-03
-8.4071064E-01,1.53320E+00,2.92969E-02
-8.4069216E-01,1.57227E+00,6.83594E-02
-8.4067368E-01,1.63086E+00,-9.76562E-03
-8.4065520E-01,1.53320E+00,4.88281E-02
-8.4063672E-01,1.53320E+00,2.92969E-02
-8.4061824E-01,1.57227E+00,4.88281E-02
-8.4059976E-01,1.57227E+00,4.88281E-02
-8.4058128E-01,1.59180E+00,-9.76562E-03
-8.4056280E-01,1.59180E+00,-4.88281E-02
-8.4054432E-01,1.49414E+00,1.07422E-01
-8.4052584E-01,1.53320E+00,2.92969E-02
-8.4050736E-01,1.57227E+00,4.88281E-02
-8.4048888E-01,1.53320E+00,6.83594E-02
-8.4047040E-01,1.55273E+00,4.88281E-02
-8.4045192E-01,1.59180E+00,2.92969E-02
-8.4043344E-01,1.55273E+00,4.88281E-02
-8.4041496E-01,1.57227E+00,9.76562E-03
-8.4039648E-01,1.57227E+00,6.83594E-02
-8.4037800E-01,1.57227E+00,2.92969E-02
-8.4035952E-01,1.57227E+00,6.83594E-02
-8.4034104E-01,1.53320E+00,2.92969E-02
-8.4032256E-01,1.63086E+00,8.78906E-02
-8.4030408E-01,1.61133E+00,4.88281E-02
-8.4028560E-01,1.51367E+00,4.88281E-02
-8.4026712E-01,1.55273E+00,6.83594E-02
-8.4024864E-01,1.55273E+00,4.88281E-02
-8.4023016E-01,1.57227E+00,2.92969E-02
-8.4021168E-01,1.61133E+00,9.76562E-03
-8.4019320E-01,1.59180E+00,9.76562E-03
-8.4017472E-01,1.57227E+00,6.83594E-02
-8.4015624E-01,1.59180E+00,9.76562E-03
-8.4013776E-01,1.55273E+00,4.88281E-02
-8.4011928E-01,1.57227E+00,6.83594E-02
-8.4010080E-01,1.51367E+00,9.76562E-03
-8.4008232E-01,1.61133E+00,9.76562E-03
-8.4006384E-01,1.57227E+00,2.92969E-02
-8.4004536E-01,1.63086E+00,2.92969E-02
-8.4002688E-01,1.61133E+00,4.88281E-02
-8.4000840E-01,1.63086E+00,9.76562E-03
-8.3998992E-01,1.59180E+00,6.83594E-02
-8.3997144E-01,1.63086E+00,4.88281E-02
-8.3995296E-01,1.57227E+00,2.92969E-02
-8.3993448E-01,1.61133E+00,4.88281E-02
-8.3991600E-01,1.57227E+00,9.76562E-03
-8.3989752E-01,1.65039E+00,9.76562E-03
-8.3987904E-01,1.63086E+00,4.88281E-02
-8.3986056E-01,1.53320E+00,2.92969E-02
-8.3984208E-01,1.57227E+00,4.88281E-02
-8.3982360E-01,1.59180E+00,-6.83594E-02
-8.3980512E-01,1.63086E+00,4.88281E-02
-8.3978664E-01,1.55273E+00,4.88281E-02
-8.3976816E-01,1.55273E+00,4.88281E-02
-8.3974968E-01,1.57227E+00,6.83594E-02
-8.3973120E-01,1.57227E+00,9.76562E-03
-8.3971272E-01,1.57227E+00,2.92969E-02
-8.3969424E-01,1.57227E+00,9.76562E-03
-8.3967576E-01,1.63086E+00,9.76562E-03
-8.3965728E-01,1.51367E+00,-9.76562E-03
-8.3963880E-01,1.53320E+00,-9.76562E-03
-8.3962032E-01,1.53320E+00,6.83594E-02
-8.3960184E-01,1.61133E+00,4.88281E-02
-8.3958336E-01,1.49414E+00,4.88281E-02
-8.3956488E-01,1.59180E+00,9.76562E-03
-8.3954640E-01,1.57227E+00,9.76562E-03
-8.3952792E-01,1.63086E+00,4.88281E-02
-8.3950944E-01,1.57227E+00,4.88281E-02
-8.3949096E-01,1.57227E+00,2.92969E-02
-8.3947248E-01,1.59180E+00,9.76562E-03
-8.3945400E-01,1.55273E+00,-9.76562E-03
-8.3943552E-01,1.59180E+00,4.88281E-02
-8.3941704E-01,1.51367E+00,4.88281E-02
-8.3939856E-01,1.55273E+00,2.92969E-02
-8.3938008E-01,1.57227E+00,6.83594E-02
-8.3936160E-01,1.55273E+00,9.76562E-03
-8.3934312E-01,1.55273E+00,4.88281E-02
-8.3932464E-01,1.57227E+00,-9.76562E-03
-8.3930616E-01,1.59180E+00,1.07422E-01
-8.3928768E-01,1.51367E+00,6.83594E-02
-8.3926920E-01,1.53320E+00,2.92969E-02
-8.3925072E-01,1.57227E+00,6.83594E-02
-8.3923224E-01,1.57227E+00,6.83594E-02
-8.3921376E-01,1.57227E+00,4.88281E-02
-8.3919528E-01,1.57227E+00,2.92969E-02
-8.3917680E-01,1.59180E+00,6.83594E-02
-8.3915832E-01,1.65039E+00,-6.83594E-02
-8.3913984E-01,1.57227E+00,2.92969E-02
-8.3912136E-01,1.53320E+00,-2.92969E-02
-8.3910288E-01,1.55273E+00,2.92969E-02
-8.3908440E-01,1.57227E+00,2.92969E-02
-8.3906592E-01,1.51367E+00,9.76562E-03
-8.3904744E-01,1.59180E+00,9.76562E-03
-8.3902896E-01,1.57227E+00,9.76562E-03
-8.3901048E-01,1.63086E+00,9.76562E-03
-8.3899200E-01,1.55273E+00,6.83594E-02
-8.3897352E-01,1.61133E+00,9.76562E-03
-8.3895504E-01,1.51367E+00,2.92969E-02
-8.3893656E-01,1.59180E+00,4.88281E-02
-8.3891808E-01,1.61133E+00,-4.88281E-02
-8.3889960E-01,1.57227E+00,4.88281E-02
-8.3888112E-01,1.57227E+00,8.78906E-02
-8.3886264E-01,1.55273E+00,-9.76562E-03
-8.3884416E-01,1.59180E+00,4.88281E-02
-8.3882568E-01,1.59180E+00,4.88281E-02
-8.3880720E-01,1.53320E+00,4.88281E-02
-8.3878872E-01,1.57227E+00,-9.76562E-03
-8.3877024E-01,1.59180E+00,8.78906E-02
-8.3875176E-01,1.57227E+00,9.76562E-03
-8.3873328E-01,1.55273E+00,9.76562E-03
-8.3871480E-01,1.63086E+00,9.76562E-03
-8.3869632E-01,1.57227E+00,1.46484E-01
-8.3867784E-01,1.57227E+00,2.92969E-02
-8.3865936E-01,1.53320E+00,2.92969E-02
-8.3864088E-01,1.49414E+00,9.76562E-03
-8.3862240E-01,1.57227E+00,4.88281E-02
-8.3860392E-01,1.53320E+00,9.76562E-03
-8.3858544E-01,1.55273E+00,-4.88281E-02
-8.3856696E-01,1.59180E+00,9.76562E-03
-8.3854848E-01,1.55273E+00,4.88281E-02
-8.3853000E-01,1.65039E+00,-9.76562E-03
-8.3851152E-01,1.57227E+00,-2.92969E-02
-8.3849304E-01,1.61133E+00,4.88281E-02
-8.3847456E-01,1.57227E+00,4.88281E-02
-8.3845608E-01,1.57227E+00,-9.76562E-03
-8.3843760E-01,1.59180E+00,4.88281E-02
-8.3841912E-01,1.65039E+00,4.88281E-02
-8.3840064E-01,1.55273E+00,9.76562E-03
-8.3838216E-01,1.57227E+00,4.88281E-02
-8.3836368E-01,1.59180E+00,2.92969E-02
-8.3834520E-01,1.65039E+00,9.76562E-03
-8.3832672E-01,1.57227E+00,4.88281E-02
-8.3830824E-01,1.57227E+00,6.83594E-02
-8.3828976E-01,1.57227E+00,9.76562E-03
-8.3827128E-01,1.57227E+00,4.88281E-02
-8.3825280E-01,1.59180E+00,6.83594E-02
-8.3823432E-01,1.59180E+00,9.76562E-03
-8.3821584E-01,1.57227E+00,9.76562E-03
-8.3819736E-01,1.63086E+00,2.92969E-02
-8.3817888E-01,1.53320E+00,2.92969E-02
-8.3816040E-01,1.55273E+00,4.88281E-02
-8.3814192E-01,1.53320E+00,2.92969E-02
-8.3812344E-01,1.59180E+00,9.76562E-03
-8.3810496E-01,1.53320E+00,6.83594E-02
-8.3808648E-01,1.63086E+00,-9.76562E-03
-8.3806800E-01,1.51367E+00,6.83594E-02
-8.3804952E-01,1.57227E+00,4.88281E-02
-8.3803104E-01,1.55273E+00,6.83594E-02
-8.3801256E-01,1.61133E+00,4.88281E-02
-8.3799408E-01,1.59180E+00,2.92969E-02
-8.3797560E-01,1.57227E+00,-2.92969E-02
-8.3795712E-01,1.49414E+00,4.88281E-02
-8.3793864E-01,1.63086E+00,6.83594E-02
-8.3792016E-01,1.55273E+00,9.76562E-03
-8.3790168E-01,1.55273E+00,-9.76562E-03
-8.3788320E-01,1.57227E+00,4.88281E-02
-8.3786472E-01,1.65039E+00,4.88281E-02
-8.3784624E-01,1.59180E+00,1.07422E-01
-8.3782776E-01,1.53320E+00,9.76562E-03
-8.3780928E-01,1.55273E+00,6.83594E-02
-8.3779080E-01,1.63086E+00,-9.76562E-03
-8.3777232E-01,1.57227E+00,4.88281E-02
-8.3775384E-01,1.61133E+00,9.76562E-03
-8.3773536E-01,1.63086E+00,2.92969E-02
-8.3771688E-01,1.59180E+00,9.76562E-03
-8.3769840E-01,1.59180E+00,4.88281E-02
-8.3767992E-01,1.55273E+00,9.76562E-03
-8.3766144E-01,1.57227E+00,2.92969E-02
-8.3764296E-01,1.61133E+00,6.83594E-02
-8.3762448E-01,1.51367E+00,6.83594E-02
-8.3760600E-01,1.63086E+00,-2.92969E-02
-8.3758752E-01,1.59180E+00,9.76562E-03
-8.3756904E-01,1.51367E+00,4.88281E-02
-8.3755056E-01,1.59180E+00,-9.76562E-03
-8.3753208E-01,1.57227E+00,9.76562E-03
-8.3751360E-01,1.55273E+00,2.92969E-02
-8.3749512E-01,1.63086E+00,9.76562E-03
-8.3747664E-01,1.53320E+00,2.92969E-02
-8.3745816E-01,1.59180E+00,9.76562E-03
-8.3743968E-01,1.59180E+00,9.76562E-03
-8.3742120E-01,1.66992E+00,2.92969E-02
-8.3740272E-01,1.57227E+00,4.88281E-02
-8.3738424E-01,1.59180E+00,-9.76562E-03
-8.3736576E-01,1.61133E+00,6.83594E-02
-8.3734728E-01,1.61133E+00,9.76562E-03
-8.3732880E-01,1.59180E+00,8.78906E-02
-8.3731032E-01,1.53320E+00,2.92969E-02
-8.3729184E-01,1.55273E+00,2.92969E-02
-8.3727336E-01,1.61133E+00,-9.76562E-03
-8.3725488E-01,1.49414E+00,9.76562E-03
-8.3723640E-01,1.66992E+00,9.76562E-03
-8.3721792E-01,1.57227E+00,4.88281E-02
-8.3719944E-01,1.59180E+00,4.88281E-02
-8.3718096E-01,1.59180E+00,2.92969E-02
-8.3716248E-01,1.61133E+00,6.83594E-02
-8.3714400E-01,1.61133E+00,2.92969E-02
-8.3712552E-01,1.61133E+00,2.92969E-02
-8.3710704E-01,1.57227E+00,9.76562E-03
-8.3708856E-01,1.59180E+00,4.88281E-02
-8.3707008E-01,1.51367E+00,8.78906E-02
-8.3705160E-01,1.63086E+00,9.76562E-03
-8.3703312E-01,1.45508E+00,2.92969E-02
-8.3701464E-01,1.57227E+00,6.83594E-02
-8.3699616E-01,1.57227E+00,4.88281E-02
-8.3697768E-01,1.61133E+00,6.83594E-02
-8.3695920E-01,1.61133E+00,8.78906E-02
-8.3694072E-01,1.68945E+00,2.92969E-02
-8.3692224E-01,1.57227E+00,2.92969E-02
-8.3690376E-01,1.55273E+00,2.92969E-02
-8.3688528E-01,1.55273E+00,9.76562E-03
-8.3686680E-01,1.59180E+00,4.88281E-02
-8.3684832E-01,1.59180E+00,6.83594E-02
-8.3682984E-01,1.55273E+00,2.92969E-02
-8.3681136E-01,1.61133E+00,8.78906E-02
-8.3679288E-01,1.61133E+00,9.76562E-03
-8.3677440E-01,1.59180E+00,4.88281E-02
-8.3675592E-01,1.61133E+00,-6.83594E-02
-8.3673744E-01,1.61133E+00,6.83594E-02
-8.3671896E-01,1.59180E+00,2.92969E-02
-8.3670048E-01,1.61133E+00,6.83594E-02
-8.3668200E-01,1.61133E+00,-4.88281E-02
-8.3666352E-01,1.55273E+00,2.92969E-02
-8.3664504E-01,1.59180E+00,9.76562E-03
-8.3662656E-01,1.66992E+00,2.92969E-02
-8.3660808E-01,1.65039E+00,4.88281E-02
-8.3658960E-01,1.53320E+00,6.83594E-02
-8.3657112E-01,1.57227E+00,9.76562E-03
-8.3655264E-01,1.53320E+00,4.88281E-02
-8.3653416E-01,1.55273E+00,-4.88281E-02
-8.3651568E-01,1.57227E+00,6.83594E-02
-8.3649720E-01,1.61133E+00,-9.76562E-03
-8.3647872E-01,1.57227E+00,2.92969E-02
-8.3646024E-01,1.57227E+00,9.76562E-03
-8.3644176E-01,1.61133E+00,6.83594E-02
-8.3642328E-01,1.57227E+00,-9.76562E-03
-8.3640480E-01,1.65039E+00,-9.76562E-03
-8.3638632E-01,1.65039E+00,-9.76562E-03
-8.3636784E-01,1.53320E+00,1.07422E-01
-8.3634936E-01,1.65039E+00,2.92969E-02
-8.3633088E-01,1.59180E+00,-9.76562E-03
-8.3631240E-01,1.65039E+00,4.88281E-02
-8.3629392E-01,1.61133E+00,6.83594E-02
-8.3627544E-01,1.59180E+00,2.92969E-02
-8.3625696E-01,1.53320E+00,4.88281E-02
-8.3623848E-01,1.59180E+00,-9.76562E-03
-8.3622000E-01,1.59180E+00,9.76562E-03
-8.3620152E-01,1.63086E+00,9.76562E-03
-8.3618304E-01,1.61133E+00,-2.92969E-02
-8.3616456E-01,1.61133E+00,9.76562E-03
-8.3614608E-01,1.63086E+00,4.88281E-02
-8.3612760E-01,1.68945E+00,-6.83594E-02
-8.3610912E-01,1.59180E+00,9.76562E-03
-8.3609064E-01,1.63086E+00,4.88281E-02
-8.3607216E-01,1.57227E+00,6.83594E-02
-8.3605368E-01,1.57227E+00,4.88281E-02
-8.3603520E-01,1.57227E+00,2.92969E-02
-8.3601672E-01,1.65039E+00,-9.76562E-03
-8.3599824E-01,1.59180E+00,2.92969E-02
-8.3597976E-01,1.57227E+00,2.92969E-02
-8.3596128E-01,1.59180E+00,4.88281E-02
-8.3594280E-01,1.65039E+00,4.88281E-02
-8.3592432E-01,1.55273E+00,8.78906E-02
-8.3590584E-01,1.61133E+00,-4.88281E-02
-8.3588736E-01,1.57227E+00,6.83594E-02
-8.3586888E-01,1.65039E+00,9.76562E-03
-8.3585040E-01,1.57227E+00,2.92969E-02
-8.3583192E-01,1.65039E+00,9.76562E-03
-8.3581344E-01,1.57227E+00,4.88281E-02
-8.3579496E-01,1.63086E+00,2.92969E-02
-8.3577648E-01,1.57227E+00,9.76562E-03
-8.3575800E-01,1.65039E+00,2.92969E-02
-8.3573952E-01,1.57227E+00,2.92969E-02
-8.3572104E-01,1.59180E+00,9.76562E-03
-8.3570256E-01,1.59180E+00,6.83594E-02
-8.3568408E-01,1.53320E+00,4.88281E-02
-8.3566560E-01,1.59180E+00,2.92969E-02
-8.3564712E-01,1.63086E+00,-2.92969E-02
-8.3562864E-01,1.63086E+00,6.83594E-02
-8.3561016E-01,1.61133E+00,4.88281E-02
-8.3559168E-01,1.53320E+00,4.88281E-02
-8.3557320E-01,1.65039E+00,-2.92969E-02
-8.3555472E-01,1.53320E+00,2.92969E-02
-8.3553624E-01,1.51367E+00,9.76562E-03
-8.3551776E-01,1.59180E+00,-9.76562E-03
-8.3549928E-01,1.63086E+00,4.88281E-02
-8.3548080E-01,1.57227E+00,-9.76562E-03
-8.3546232E-01,1.55273E+00,-2.92969E-02
-8.3544384E-01,1.57227E+00,4.88281E-02
-8.3542536E-01,1.57227E+00,9.76562E-03
-8.3540688E-01,1.61133E+00,2.92969E-02
-8.3538840E-01,1.57227E+00,9.76562E-03
-8.3536992E-01,1.55273E+00,-4.88281E-02
-8.3535144E-01,1.65039E+00,-9.76562E-03
-8.3533296E-01,1.57227E+00,1.07422E-01
-8.3531448E-01,1.65039E+00,9.76562E-03
-8.3529600E-01,1.61133E+00,4.88281E-02
-8.3527752E-01,1.63086E+00,9.76562E-03
-8.3525904E-01,1.51367E+00,4.88281E-02
-8.3524056E-01,1.68945E+00,2.92969E-02
-8.3522208E-01,1.59180E+00,1.26953E-01
-8.3520360E-01,1.59180E+00,9.76562E-03
-8.3518512E-01,1.57227E+00,4.88281E-02
-8.3516664E-01,1.61133E+00,4.88281E-02
-8.3514816E-01,1.57227E+00,4.88281E-02
-8.3512968E-01,1.63086E+00,9.76562E-03
-8.3511120E-01,1.57227E+00,9.76562E-03
-8.3509272E-01,1.57227E+00,-9.76562E-03
-8.3507424E-01,1.57227E+00,8.78906E-02
-8.3505576E-01,1.51367E+00,2.92969E-02
-8.3503728E-01,1.57227E+00,6.83594E-02
-8.3501880E-01,1.65039E+00,4.88281E-02
-8.3500032E-01,1.51367E+00,4.88281E-02
-8.3498184E-01,1.63086E+00,-2.92969E-02
-8.3496336E-01,1.53320E+00,9.76562E-03
-8.3494488E-01,1.57227E+00,-9.76562E-03
-8.3492640E-01,1.59180E+00,4.88281E-02
-8.3490792E-01,1.63086E+00,2.92969E-02
-8.3488944E-01,1.57227E+00,-9.76562E-03
-8.3487096E-01,1.61133E+00,4.88281E-02
-8.3485248E-01,1.57227E+00,1.07422E-01
-8.3483400E-01,1.63086E+00,2.92969E-02
-8.3481552E-01,1.57227E+00,-9.76562E-03
-8.3479704E-01,1.57227E+00,9.76562E-03
-8.3477856E-01,1.63086E+00,4.88281E-02
-8.3476008E-01,1.65039E+00,-9.76562E-03
-8.3474160E-01,1.55273E+00,-9.76562E-03
-8.3472312E-01,1.57227E+00,2.92969E-02
-8.3470464E-01,1.61133E+00,9.76562E-03
-8.3468616E-01,1.61133E+00,9.76562E-03
-8.3466768E-01,1.59180E+00,4.88281E-02
-8.3464920E-01,1.57227E+00,4.88281E-02
-8.3463072E-01,1.55273E+00,9.76562E-03
-8.3461224E-01,1.55273E+00,-4.88281E-02
-8.3459376E-01,1.61133E+00,9.76562E-03
-8.3457528E-01,1.57227E+00,-2.92969E-02
-8.3455680E-01,1.61133E+00,2.92969E-02
-8.3453832E-01,1.61133E+00,-9.76562E-03
-8.3451984E-01,1.57227E+00,6.83594E-02
-8.3450136E-01,1.59180E+00,4.88281E-02
-8.3448288E-01,1.63086E+00,9.76562E-03
-8.3446440E-01,1.61133E+00,9.76562E-03
-8.3444592E-01,1.57227E+00,9.76562E-03
-8.3442744E-01,1.57227E+00,9.76562E-03
-8.3440896E-01,1.59180E+00,9.76562E-03
-8.3439048E-01,1.65039E+00,2.92969E-02
-8.3437200E-01,1.55273E+00,6.83594E-02
-8.3435352E-01,1.68945E+00,4.88281E-02
-8.3433504E-01,1.55273E+00,1.26953E-01
-8.3431656E-01,1.63086E+00,9.76562E-03
-8.3429808E-01,1.57227E+00,4.88281E-02
-8.3427960E-01,1.53320E+00,2.92969E-02
-8.3426112E-01,1.55273E+00,4.88281E-02
-8.3424264E-01,1.63086E+00,9.76562E-03
-8.3422416E-01,1.55273E+00,8.78906E-02
-8.3420568E-01,1.63086E+00,4.88281E-02
-8.3418720E-01,1.59180E+00,4.88281E-02
-8.3416872E-01,1.57227E+00,2.92969E-02
-8.3415024E-01,1.59180E+00,4.88281E-02
-8.3413176E-01,1.65039E+00,9.76562E-03
-8.3411328E-01,1.63086E+00,9.76562E-03
-8.3409480E-01,1.63086E+00,6.83594E-02
-8.3407632E-01,1.51367E+00,2.92969E-02
-8.3405784E-01,1.61133E+00,9.76562E-03
-8.3403936E-01,1.59180E+00,8.78906E-02
-8.3402088E-01,1.61133E+00,2.92969E-02
-8.3400240E-01,1.65039E+00,2.92969E-02
-8.3398392E-01,1.65039E+00,2.92969E-02
-8.3396544E-01,1.55273E+00,4.88281E-02
-8.3394696E-01,1.68945E+00,9.76562E-03
-8.3392848E-01,1.53320E+00,4.88281E-02
-8.3391000E-01,1.53320E+00,9.76562E-03
-8.3389152E-01,1.63086E+00,6.83594E-02
-8.3387304E-01,1.61133E+00,2.92969E-02
-8.3385456E-01,1.55273E+00,4.88281E-02
-8.3383608E-01,1.61133E+00,4.88281E-02
-8.3381760E-01,1.57227E+00,2.92969E-02
-8.3379912E-01,1.59180E+00,4.88281E-02
-8.3378064E-01,1.57227E+00,6.83594E-02
-8.3376216E-01,1.63086E+00,2.92969E-02
-8.3374368E-01,1.55273E+00,4.88281E-02
-8.3372520E-01,1.57227E+00,2.92969E-02
-8.3370672E-01,1.59180E+00,2.92969E-02
-8.3368824E-01,1.66992E+00,9.76562E-03
-8.3366976E-01,1.57227E+00,4.88281E-02
-8.3365128E-01,1.53320E+00,-9.76562E-03
-8.3363280E-01,1.51367E+00,4.88281E-02
-8.3361432E-01,1.63086E+00,4.88281E-02
-8.3359584E-01,1.57227E+00,4.88281E-02
-8.3357736E-01,1.65039E+00,4.88281E-02
-8.3355888E-01,1.55273E+00,2.92969E-02
-8.3354040E-01,1.57227E+00,2.92969E-02
-8.3352192E-01,1.57227E+00,9.76562E-03
-8.3350344E-01,1.61133E+00,2.92969E-02
-8.3348496E-01,1.57227E+00,4.88281E-02
-8.3346648E-01,1.55273E+00,-4.88281E-02
-8.3344800E-01,1.57227E+00,6.83594E-02
-8.3342952E-01,1.55273E+00,-2.92969E-02
-8.3341104E-01,1.53320E+00,-9.76562E-03
-8.3339256E-01,1.55273E+00,2.92969E-02
-8.3337408E-01,1.57227E+00,8.78906E-02
-8.3335560E-01,1.65039E+00,4.88281E-02
-8.3333712E-01,1.55273E+00,4.88281E-02
-8.3331864E-01,1.53320E+00,9.76562E-03
-8.3330016E-01,1.55273E+00,6.83594E-02
-8.3328168E-01,1.55273E+00,-9.76562E-03
-8.3326320E-01,1.53320E+00,4.88281E-02
-8.3324472E-01,1.57227E+00,2.92969E-02
-8.3322624E-01,1.61133E+00,9.76562E-03
-8.3320776E-01,1.65039E+00,9.76562E-03
-8.3318928E-01,1.61133E+00,2.92969E-02
-8.3317080E-01,1.59180E+00,2.92969E-02
-8.3315232E-01,1.51367E+00,4.88281E-02
-8.3313384E-01,1.57227E+00,9.76562E-03
-8.3311536E-01,1.55273E+00,4.88281E-02
-8.3309688E-01,1.63086E+00,-2.92969E-02
-8.3307840E-01,1.57227E+00,2.92969E-02
-8.3305992E-01,1.59180E+00,-4.88281E-02
-8.3304144E-01,1.57227E+00,6.83594E-02
-8.3302296E-01,1.68945E+00,2.92969E-02
-8.3300448E-01,1.61133E+00,6.83594E-02
-8.3298600E-01,1.59180E+00,4.88281E-02
-8.3296752E-01,1.65039E+00,4.88281E-02
-8.3294904E-01,1.63086E+00,4.88281E-02
-8.3293056E-01,1.53320E+00,4.88281E-02
-8.3291208E-01,1.65039E+00,4.88281E-02
-8.3289360E-01,1.51367E+00,9.76562E-03
-8.3287512E-01,1.65039E+00,9.76562E-03
-8.3285664E-01,1.68945E+00,2.92969E-02
-8.3283816E-01,1.59180E+00,6.83594E-02
-8.3281968E-01,1.59180E+00,4.88281E-02
-8.3280120E-01,1.66992E+00,9.76562E-03
-8.3278272E-01,1.65039E+00,2.92969E-02
-8.3276424E-01,1.65039E+00,9.76562E-03
-8.3274576E-01,1.65039E+00,2.92969E-02
-8.3272728E-01,1.65039E+00,2.92969E-02
-8.3270880E-01,1.66992E+00,9.76562E-03
-8.3269032E-01,1.63086E+00,1.07422E-01
-8.3267184E-01,1.65039E+00,-9.76562E-03
-8.3265336E-01,1.65039E+00,2.92969E-02
-8.3263488E-01,1.59180E+00,4.88281E-02
-8.3261640E-01,1.59180E+00,2.92969E-02
-8.3259792E-01,1.59180E+00,-4.88281E-02
-8.3257944E-01,1.59180E+00,4.88281E-02
-8.3256096E-01,1.57227E+00,-9.76562E-03
-8.3254248E-01,1.55273E+00,-6.83594E-02
-8.3252400E-01,1.57227E+00,6.83594E-02
-8.3250552E-01,1.61133E+00,2.92969E-02
-8.3248704E-01,1.57227E+00,4.88281E-02
-8.3246856E-01,1.65039E+00,9.76562E-03
-8.3245008E-01,1.57227E+00,4.88281E-02
-8.3243160E-01,1.66992E+00,9.76562E-03
-8.3241312E-01,1.61133E+00,6.83594E-02
-8.3239464E-01,1.65039E+00,-4.88281E-02
-8.3237616E-01,1.59180E+00,6.83594E-02
-8.3235768E-01,1.65039E+00,2.92969E-02
-8.3233920E-01,1.57227E+00,9.76562E-03
-8.3232072E-01,1.63086E+00,4.88281E-02
-8.3230224E-01,1.65039E+00,6.83594E-02
-8.3228376E-01,1.65039E+00,4.88281E-02
-8.3226528E-01,1.63086E+00,2.92969E-02
-8.3224680E-01,1.65039E+00,6.83594E-02
-8.3222832E-01,1.59180E+00,2.92969E-02
-8.3220984E-01,1.57227E+00,-9.76562E-03
-8.3219136E-01,1.61133E+00,2.92969E-02
-8.3217288E-01,1.61133E+00,4.88281E-02
-8.3215440E-01,1.59180E+00,6.83594E-02
-8.3213592E-01,1.65039E+00,2.92969E-02
-8.3211744E-01,1.65039E+00,2.92969E-02
-8.3209896E-01,1.65039E+00,2.92969E-02
-8.3208048E-01,1.66992E+00,6.83594E-02
-8.3206200E-01,1.63086E+00,2.92969E-02
-8.3204352E-01,1.61133E+00,4.88281E-02
-8.3202504E-01,1.65039E+00,4.88281E-02
-8.3200656E-01,1.61133E+00,4.88281E-02
-8.3198808E-01,1.65039E+00,6.83594E-02
-8.3196960E-01,1.65039E+00,4.88281E-02
-8.3195112E-01,1.63086E+00,4.88281E-02
-8.3193264E-01,1.61133E+00,-9.76562E-03
-8.3191416E-01,1.63086E+00,2.92969E-02
-8.3189568E-01,1.57227E+00,4.88281E-02
-8.3187720E-01,1.63086E+00,-4.88281E-02
-8.3185872E-01,1.61133E+00,9.76562E-03
-8.3184024E-01,1.59180E+00,-9.76562E-03
-8.3182176E-01,1.55273E+00,9.76562E-03
-8.3180328E-01,1.61133E+00,2.92969E-02
-8.3178480E-01,1.53320E+00,6.83594E-02
-8.3176632E-01,1.63086E+00,4.88281E-02
-8.3174784E-01,1.59180E+00,4.88281E-02
-8.3172936E-01,1.61133E+00,4.88281E-02
-8.3171088E-01,1.63086E+00,-2.92969E-02
-8.3169240E-01,1.65039E+00,2.92969E-02
-8.3167392E-01,1.61133E+00,2.92969E-02
-8.3165544E-01,1.61133E+00,-9.76562E-03
-8.3163696E-01,1.57227E+00,6.83594E-02
-8.3161848E-01,1.55273E+00,4.88281E-02
-8.3160000E-01,1.61133E+00,6.83594E-02
-8.3158152E-01,1.61133E+00,4.88281E-02
-8.3156304E-01,1.65039E+00,9.76562E-03
-8.3154456E-01,1.70898E+00,2.92969E-02
-8.3152608E-01,1.61133E+00,4.88281E-02
-8.3150760E-01,1.66992E+00,6.83594E-02
-8.3148912E-01,1.57227E+00,2.92969E-02
-8.3147064E-01,1.63086E+00,9.76562E-03
-8.3145216E-01,1.53320E+00,4.88281E-02
-8.3143368E-01,1.57227E+00,2.92969E-02
-8.3141520E-01,1.57227E+00,9.76562E-03
-8.3139672E-01,1.65039E+00,9.76562E-03
-8.3137824E-01,1.53320E+00,4.88281E-02
-8.3135976E-01,1.65039E+00,9.76562E-03
-8.3134128E-01,1.63086E+00,6.83594E-02
-8.3132280E-01,1.57227E+00,-9.76562E-03
-8.3130432E-01,1.61133E+00,4.88281E-02
-8.3128584E-01,1.55273E+00,6.83594E-02
-8.3126736E-01,1.59180E+00,6.83594E-02
-8.3124888E-01,1.65039E+00,-2.92969E-02
-8.3123040E-01,1.59180E+00,4.88281E-02
-8.3121192E-01,1.61133E+00,-9.76562E-03
-8.3119344E-01,1.57227E+00,4.88281E-02
-8.3117496E-01,1.65039E+00,2.92969E-02
-8.3115648E-01,1.51367E+00,4.88281E-02
-8.3113800E-01,1.66992E+00,2.92969E-02
-8.3111952E-01,1.59180E+00,9.76562E-03
-8.3110104E-01,1.65039E+00,4.88281E-02
-8.3108256E-01,1.61133E+00,6.83594E-02
-8.3106408E-01,1.59180E+00,4.88281E-02
-8.3104560E-01,1.55273E+00,6.83594E-02
-8.3102712E-01,1.65039E+00,4.88281E-02
-8.3100864E-01,1.57227E+00,2.92969E-02
-8.3099016E-01,1.65039E+00,2.92969E-02
-8.3097168E-01,1.65039E+00,2.92969E-02
-8.3095320E-01,1.61133E+00,9.76562E-03
-8.3093472E-01,1.59180E+00,4.88281E-02
-8.3091624E-01,1.61133E+00,-2.92969E-02
-8.3089776E-01,1.65039E+00,9.76562E-03
-8.3087928E-01,1.63086E+00,4.88281E-02
-8.3086080E-01,1.61133E+00,9.76562E-03
-8.3084232E-01,1.57227E+00,-9.76562E-03
-8.3082384E-01,1.66992E+00,6.83594E-02
-8.3080536E-01,1.66992E+00,9.76562E-03
-8.3078688E-01,1.65039E+00,4.88281E-02
-8.3076840E-01,1.65039E+00,9.76562E-03
-8.3074992E-01,1.65039E+00,-9.76562E-03
-8.3073144E-01,1.68945E+00,4.88281E-02
-8.3071296E-01,1.63086E+00,2.92969E-02
-8.3069448E-01,1.59180E+00,2.92969E-02
-8.3067600E-01,1.63086E+00,9.76562E-03
-8.3065752E-01,1.63086E+00,-9.76562E-03
-8.3063904E-01,1.57227E+00,4.88281E-02
-8.3062056E-01,1.63086E+00,9.76562E-03
-8.3060208E-01,1.59180E+00,9.76562E-03
-8.3058360E-01,1.66992E+00,9.76562E-03
-8.3056512E-01,1.51367E+00,2.92969E-02
-8.3054664E-01,1.63086E+00,4.88281E-02
-8.3052816E-01,1.57227E+00,1.26953E-01
-8.3050968E-01,1.61133E+00,-2.92969E-02
-8.3049120E-01,1.57227E+00,2.92969E-02
-8.3047272E-01,1.65039E+00,9.76562E-03
-8.3045424E-01,1.63086E+00,2.92969E-02
-8.3043576E-01,1.65039E+00,9.76562E-03
-8.3041728E-01,1.59180E+00,4.88281E-02
-8.3039880E-01,1.59180E+00,9.76562E-03
-8.3038032E-01,1.57227E+00,4.88281E-02
-8.3036184E-01,1.61133E+00,9.76562E-03
-8.3034336E-01,1.59180E+00,2.92969E-02
-8.3032488E-01,1.65039E+00,9.76562E-03
-8.3030640E-01,1.63086E+00,9.76562E-03
-8.3028792E-01,1.65039E+00,4.88281E-02
-8.3026944E-01,1.59180E+00,-2.92969E-02
-8.3025096E-01,1.63086E+00,-2.92969E-02
-8.3023248E-01,1.57227E+00,4.88281E-02
-8.3021400E-01,1.61133E+00,2.92969E-02
-8.3019552E-01,1.63086E+00,4.88281E-02
-8.3017704E-01,1.59180E+00,4.88281E-02
-8.3015856E-01,1.59180E+00,2.92969E-02
-8.3014008E-01,1.65039E+00,4.88281E-02
-8.3012160E-01,1.59180E+00,4.88281E-02
-8.3010312E-01,1.65039E+00,-2.92969E-02
-8.3008464E-01,1.65039E+00,2.92969E-02
-8.3006616E-01,1.61133E+00,2.92969E-02
-8.3004768E-01,1.59180E+00,4.88281E-02
-8.3002920E-01,1.59180E+00,-9.76562E-03
-8.3001072E-01,1.57227E+00,9.76562E-03
-8.2999224E-01,1.59180E+00,4.88281E-02
-8.2997376E-01,1.59180E+00,9.76562E-03
-8.2995528E-01,1.65039E+00,4.88281E-02
-8.2993680E-01,1.61133E+00,8.78906E-02
-8.2991832E-01,1.59180E+00,-2.92969E-02
-8.2989984E-01,1.59180E+00,4.88281E-02
-8.2988136E-01,1.55273E+00,4.88281E-02
-8.2986288E-01,1.53320E+00,2.92969E-02
-8.2984440E-01,1.65039E+00,4.88281E-02
-8.2982592E-01,1.57227E+00,4.88281E-02
-8.2980744E-01,1.65039E+00,9.76562E-03
-8.2978896E-01,1.59180E+00,4.88281E-02
-8.2977048E-01,1.63086E+00,4.88281E-02
-8.2975200E-01,1.63086E+00,2.92969E-02
-8.2973352E-01,1.65039E+00,4.88281E-02
-8.2971504E-01,1.68945E+00,9.76562E-03
-8.2969656E-01,1.57227E+00,2.92969E-02
-8.2967808E-01,1.59180E+00,4.88281E-02
-8.2965960E-01,1.65039E+00,9.76562E-03
-8.2964112E-01,1.65039E+00,9.76562E-03
-8.2962264E-01,1.57227E+00,1.07422E-01
-8.2960416E-01,1.61133E+00,9.76562E-03
-8.2958568E-01,1.63086E+00,2.92969E-02
-8.2956720E-01,1.61133E+00,2.92969E-02
-8.2954872E-01,1.65039E+00,2.92969E-02
-8.2953024E-01,1.63086E+00,6.83594E-02
-8.2951176E-01,1.65039E+00,2.92969E-02
-8.2949328E-01,1.59180E+00,2.92969E-02
-8.2947480E-01,1.65039E+00,2.92969E-02
-8.2945632E-01,1.57227E+00,2.92969E-02
-8.2943784E-01,1.59180E+00,-2.92969E-02
-8.2941936E-01,1.53320E+00,6.83594E-02
-8.2940088E-01,1.57227E+00,4.88281E-02
-8.2938240E-01,1.57227E+00,6.83594E-02
-8.2936392E-01,1.63086E+00,4.88281E-02
-8.2934544E-01,1.53320E+00,6.83594E-02
-8.2932696E-01,1.63086E+00,-4.88281E-02
-8.2930848E-01,1.57227E+00,9.76562E-03
-8.2929000E-01,1.55273E+00,9.76562E-03
-8.2927152E-01,1.61133E+00,6.83594E-02
-8.2925304E-01,1.65039E+00,-9.76562E-03
-8.2923456E-01,1.65039E+00,-2.92969E-02
-8.2921608E-01,1.63086E+00,-9.76562E-03
-8.2919760E-01,1.59180E+00,2.92969E-02
-8.2917912E-01,1.61133E+00,4.88281E-02
-8.2916064E-01,1.61133E+00,2.92969E-02
-8.2914216E-01,1.63086E+00,2.92969E-02
-8.2912368E-01,1.59180E+00,4.88281E-02
-8.2910520E-01,1.66992E+00,2.92969E-02
-8.2908672E-01,1.57227E+00,-2.92969E-02
-8.2906824E-01,1.65039E+00,-2.92969E-02
-8.2904976E-01,1.55273E+00,2.92969E-02
-8.2903128E-01,1.70898E+00,2.92969E-02
-8.2901280E-01,1.61133E+00,-4.88281E-02
-8.2899432E-01,1.61133E+00,6.83594E-02
-8.2897584E-01,1.53320E+00,2.92969E-02
-8.2895736E-01,1.65039E+00,9.76562E-03
-8.2893888E-01,1.63086E+00,4.88281E-02
-8.2892040E-01,1.65039E+00,9.76562E-03
-8.2890192E-01,1.59180E+00,2.92969E-02
-8.2888344E-01,1.61133E+00,2.92969E-02
-8.2886496E-01,1.59180E+00,6.83594E-02
-8.2884648E-01,1.63086E+00,9.76562E-03
-8.2882800E-01,1.65039E+00,2.92969E-02
-8.2880952E-01,1.53320E+00,-4.88281E-02
-8.2879104E-01,1.63086E+00,-9.76562E-03
-8.2877256E-01,1.61133E+00,2.92969E-02
-8.2875408E-01,1.55273E+00,6.83594E-02
-8.2873560E-01,1.65039E+00,9.76562E-03
-8.2871712E-01,1.65039E+00,4.88281E-02
-8.2869864E-01,1.63086E+00,2.92969E-02
-8.2868016E-01,1.59180E+00,4.88281E-02
-8.2866168E-01,1.57227E+00,2.92969E-02
-8.2864320E-01,1.59180E+00,2.92969E-02
-8.2862472E-01,1.63086E+00,9.76562E-03
-8.2860624E-01,1.66992E+00,4.88281E-02
-8.2858776E-01,1.55273E+00,2.92969E-02
-8.2856928E-01,1.59180E+00,6.83594E-02
-8.2855080E-01,1.61133E+00,9.76562E-03
-8.2853232E-01,1.53320E+00,2.92969E-02
-8.2851384E-01,1.65039E+00,9.76562E-03
-8.2849536E-01,1.57227E+00,4.88281E-02
-8.2847688E-01,1.65039E+00,6.83594E-02
-8.2845840E-01,1.61133E+00,4.88281E-02
-8.2843992E-01,1.63086E+00,9.76562E-03
-8.2842144E-01,1.55273E+00,-2.92969E-02
-8.2840296E-01,1.53320E+00,4.88281E-02
-8.2838448E-01,1.57227E+00,4.88281E-02
-8.2836600E-01,1.59180E+00,4.88281E-02
-8.2834752E-01,1.61133E+00,4.88281E-02
-8.2832904E-01,1.61133E+00,4.88281E-02
-8.2831056E-01,1.61133E+00,9.76562E-03
-8.2829208E-01,1.61133E+00,9.76562E-03
-8.2827360E-01,1.59180E+00,4.88281E-02
-8.2825512E-01,1.61133E+00,-9.76562E-03
-8.2823664E-01,1.57227E+00,6.83594E-02
-8.2821816E-01,1.55273E+00,6.83594E-02
-8.2819968E-01,1.61133E+00,9.76562E-03
-8.2818120E-01,1.63086E+00,9.76562E-03
-8.2816272E-01,1.59180E+00,-4.88281E-02
-8.2814424E-01,1.65039E+00,4.88281E-02
-8.2812576E-01,1.65039E+00,6.83594E-02
-8.2810728E-01,1.65039E+00,9.76562E-03
-8.2808880E-01,1.65039E+00,9.76562E-03
-8.2807032E-01,1.55273E+00,2.92969E-02
-8.2805184E-01,1.59180E+00,1.26953E-01
-8.2803336E-01,1.57227E+00,-9.76562E-03
-8.2801488E-01,1.61133E+00,8.78906E-02
-8.2799640E-01,1.66992E+00,9.76562E-03
-8.2797792E-01,1.55273E+00,6.83594E-02
-8.2795944E-01,1.65039E+00,2.92969E-02
-8.2794096E-01,1.61133E+00,8.78906E-02
-8.2792248E-01,1.61133E+00,-9.76562E-03
-8.2790400E-01,1.65039E+00,4.88281E-02
-8.2788552E-01,1.74805E+00,-2.92969E-02
-8.2786704E-01,1.68945E+00,2.92969E-02
-8.2784856E-01,1.57227E+00,4.88281E-02
-8.2783008E-01,1.65039E+00,2.92969E-02
-8.2781160E-01,1.63086E+00,2.92969E-02
-8.2779312E-01,1.65039E+00,4.88281E-02
-8.2777464E-01,1.66992E+00,2.92969E-02
-8.2775616E-01,1.59180E+00,2.92969E-02
-8.2773768E-01,1.65039E+00,2.92969E-02
-8.2771920E-01,1.63086E+00,4.88281E-02
-8.2770072E-01,1.57227E+00,9.76562E-03
-8.2768224E-01,1.57227E+00,9.76562E-03
-8.2766376E-01,1.61133E+00,6.83594E-02
-8.2764528E-01,1.57227E+00,4.88281E-02
-8.2762680E-01,1.63086E+00,-9.76562E-03
-8.2760832E-01,1.65039E+00,6.83594E-02
-8.2758984E-01,1.65039E+00,9.76562E-03
-8.2757136E-01,1.61133E+00,9.76562E-03
-8.2755288E-01,1.61133E+00,9.76562E-03
-8.2753440E-01,1.59180E+00,4.88281E-02
-8.2751592E-01,1.65039E+00,-9.76562E-03
-8.2749744E-01,1.57227E+00,2.92969E-02
-8.2747896E-01,1.65039E+00,9.76562E-03
-8.2746048E-01,1.65039E+00,4.88281E-02
-8.2744200E-01,1.53320E+00,9.76562E-03
-8.2742352E-01,1.59180E+00,2.92969E-02
-8.2740504E-01,1.63086E+00,2.92969E-02
-8.2738656E-01,1.63086E+00,9.76562E-03
-8.2736808E-01,1.66992E+00,-9.76562E-03
-8.2734960E-01,1.59180E+00,4.88281E-02
-8.2733112E-01,1.65039E+00,1.07422E-01
-8.2731264E-01,1.57227E+00,6.83594E-02
-8.2729416E-01,1.63086E+00,9.76562E-03
-8.2727568E-01,1.65039E+00,4.88281E-02
-8.2725720E-01,1.65039E+00,4.88281E-02
-8.2723872E-01,1.59180E+00,2.92969E-02
-8.2722024E-01,1.68945E+00,4.88281E-02
-8.2720176E-01,1.68945E+00,6.83594E-02
-8.2718328E-01,1.63086E+00,6.83594E-02
-8.2716480E-01,1.63086E+00,6.83594E-02
-8.2714632E-01,1.70898E+00,4.88281E-02
-8.2712784E-01,1.68945E+00,4.88281E-02
-8.2710936E-01,1.65039E+00,4.88281E-02
-8.2709088E-01,1.65039E+00,4.88281E-02
-8.2707240E-01,1.65039E+00,4.88281E-02
-8.2705392E-01,1.61133E+00,-9.76562E-03
-8.2703544E-01,1.65039E+00,4.88281E-02
-8.2701696E-01,1.61133E+00,4.88281E-02
-8.2699848E-01,1.65039E+00,-9.76562E-03
-8.2698000E-01,1.63086E+00,2.92969E-02
-8.2696152E-01,1.59180E+00,-2.92969E-02
-8.2694304E-01,1.63086E+00,9.76562E-03
-8.2692456E-01,1.65039E+00,9.76562E-03
-8.2690608E-01,1.61133E+00,6.83594E-02
-8.2688760E-01,1.66992E+00,2.92969E-02
-8.2686912E-01,1.55273E+00,6.83594E-02
-8.2685064E-01,1.63086E+00,2.92969E-02
-8.2683216E-01,1.57227E+00,1.07422E-01
-8.2681368E-01,1.68945E+00,9.76562E-03
-8.2679520E-01,1.59180E+00,2.92969E-02
-8.2677672E-01,1.63086E+00,9.76562E-03
-8.2675824E-01,1.63086E+00,-9.76562E-03
-8.2673976E-01,1.57227E+00,-2.92969E-02
-8.2672128E-01,1.59180E+00,4.88281E-02
-8.2670280E-01,1.59180E+00,6.83594E-02
-8.2668432E-01,1.59180E+00,4.88281E-02
-8.2666584E-01,1.65039E+00,-9.76562E-03
-8.2664736E-01,1.59180E+00,6.83594E-02
-8.2662888E-01,1.61133E+00,2.92969E-02
-8.2661040E-01,1.57227E+00,6.83594E-02
-8.2659192E-01,1.61133E+00,-6.83594E-02
-8.2657344E-01,1.57227E+00,4.88281E-02
-8.2655496E-01,1.63086E+00,4.88281E-02
-8.2653648E-01,1.61133E+00,1.26953E-01
-8.2651800E-01,1.63086E+00,6.83594E-02
-8.2649952E-01,1.68945E+00,4.88281E-02
-8.2648104E-01,1.63086E+00,-9.76562E-03
-8.2646256E-01,1.61133E+00,4.88281E-02
-8.2644408E-01,1.65039E+00,9.76562E-03
-8.2642560E-01,1.63086E+00,1.26953E-01
-8.2640712E-01,1.65039E+00,6.83594E-02
-8.2638864E-01,1.66992E+00,-9.76562E-03
-8.2637016E-01,1.61133E+00,4.88281E-02
-8.2635168E-01,1.63086E+00,4.88281E-02
-8.2633320E-01,1.65039E+00,9.76562E-03
-8.2631472E-01,1.57227E+00,4.88281E-02
-8.2629624E-01,1.68945E+00,2.92969E-02
-8.2627776E-01,1.65039E+00,2.92969E-02
-8.2625928E-01,1.59180E+00,4.88281E-02
-8.2624080E-01,1.57227E+00,6.83594E-02
-8.2622232E-01,1.65039E+00,9.76562E-03
-8.2620384E-01,1.68945E+00,4.88281E-02
-8.2618536E-01,1.63086E+00,4.88281E-02
-8.2616688E-01,1.65039E+00,2.92969E-02
-8.2614840E-01,1.59180E+00,9.76562E-03
-8.2612992E-01,1.65039E+00,9.76562E-03
-8.2611144E-01,1.65039E+00,9.76562E-03
-8.2609296E-01,1.57227E+00,9.76562E-03
-8.2607448E-01,1.65039E+00,9.76562E-03
-8.2605600E-01,1.59180E+00,4.88281E-02
-8.2603752E-01,1.63086E+00,6.83594E-02
-8.2601904E-01,1.63086E+00,4.88281E-02
-8.2600056E-01,1.70898E+00,6.83594E-02
-8.2598208E-01,1.63086E+00,2.92969E-02
-8.2596360E-01,1.59180E+00,9.76562E-03
-8.2594512E-01,1.59180E+00,2.92969E-02
-8.2592664E-01,1.63086E+00,2.92969E-02
-8.2590816E-01,1.63086E+00,-9.76562E-03
-8.2588968E-01,1.59180E+00,2.92969E-02
-8.2587120E-01,1.61133E+00,2.92969E-02
-8.2585272E-01,1.65039E+00,-9.76562E-03
-8.2583424E-01,1.59180E+00,9.76562E-03
-8.2581576E-01,1.65039E+00,4.88281E-02
-8.2579728E-01,1.65039E+00,9.76562E-03
-8.2577880E-01,1.65039E+00,2.92969E-02
-8.2576032E-01,1.59180E+00,2.92969E-02
-8.2574184E-01,1.57227E+00,2.92969E-02
-8.2572336E-01,1.63086E+00,6.83594E-02
-8.2570488E-01,1.65039E+00,4.88281E-02
-8.2568640E-01,1.65039E+00,4.88281E-02
-8.2566792E-01,1.65039E+00,8.78906E-02
-8.2564944E-01,1.65039E+00,4.88281E-02
-8.2563096E-01,1.66992E+00,4.88281E-02
-8.2561248E-01,1.63086E+00,4.88281E-02
-8.2559400E-01,1.65039E+00,9.76562E-03
-8.2557552E-01,1.53320E+00,9.76562E-03
-8.2555704E-01,1.63086E+00,6.83594E-02
-8.2553856E-01,1.66992E+00,4.88281E-02
-8.2552008E-01,1.63086E+00,2.92969E-02
-8.2550160E-01,1.59180E+00,2.92969E-02
-8.2548312E-01,1.61133E+00,9.76562E-03
-8.2546464E-01,1.66992E+00,4.88281E-02
-8.2544616E-01,1.63086E+00,6.83594E-02
-8.2542768E-01,1.66992E+00,2.92969E-02
-8.2540920E-01,1.66992E+00,2.92969E-02
-8.2539072E-01,1.65039E+00,8.78906E-02
-8.2537224E-01,1.66992E+00,4.88281E-02
-8.2535376E-01,1.65039E+00,6.83594E-02
-8.2533528E-01,1.66992E+00,9.76562E-03
-8.2531680E-01,1.66992E+00,4.88281E-02
-8.2529832E-01,1.65039E+00,6.83594E-02
-8.2527984E-01,1.61133E+00,6.83594E-02
-8.2526136E-01,1.70898E+00,2.92969E-02
-8.2524288E-01,1.65039E+00,6.83594E-02
-8.2522440E-01,1.65039E+00,6.83594E-02
-8.2520592E-01,1.57227E+00,4.88281E-02
-8.2518744E-01,1.63086E+00,4.88281E-02
-8.2516896E-01,1.65039E+00,6.83594E-02
-8.2515048E-01,1.65039E+00,4.88281E-02
-8.2513200E-01,1.59180E+00,4.88281E-02
-8.2511352E-01,1.68945E+00,4.88281E-02
-8.2509504E-01,1.63086E+00,2.92969E-02
-8.2507656E-01,1.68945E+00,2.92969E-02
-8.2505808E-01,1.65039E+00,4.88281E-02
-8.2503960E-01,1.70898E+00,2.92969E-02
-8.2502112E-01,1.61133E+00,4.88281E-02
-8.2500264E-01,1.63086E+00,4.88281E-02
-8.2498416E-01,1.63086E+00,2.92969E-02
-8.2496568E-01,1.65039E+00,4.88281E-02
-8.2494720E-01,1.65039E+00,-4.88281E-02
-8.2492872E-01,1.59180E+00,-9.76562E-03
-8.2491024E-01,1.63086E+00,1.26953E-01
-8.2489176E-01,1.63086E+00,9.76562E-03
-8.2487328E-01,1.57227E+00,6.83594E-02
-8.2485480E-01,1.61133E+00,4.88281E-02
-8.2483632E-01,1.63086E+00,4.88281E-02
-8.2481784E-01,1.65039E+00,6.83594E-02
-8.2479936E-01,1.59180E+00,6.83594E-02
-8.2478088E-01,1.65039E+00,9.76562E-03
-8.2476240E-01,1.72852E+00,2.92969E-02
-8.2474392E-01,1.65039E+00,9.76562E-03
-8.2472544E-01,1.59180E+00,4.88281E-02
-8.2470696E-01,1.63086E+00,6.83594E-02
-8.2468848E-01,1.68945E+00,9.76562E-03
-8.2467000E-01,1.61133E+00,9.76562E-03
-8.2465152E-01,1.63086E+00,2.92969E-02
-8.2463304E-01,1.66992E+00,4.88281E-02
-8.2461456E-01,1.63086E+00,6.83594E-02
-8.2459608E-01,1.66992E+00,9.76562E-03
-8.2457760E-01,1.61133E+00,4.88281E-02
-8.2455912E-01,1.66992E+00,6.83594E-02
-8.2454064E-01,1.66992E+00,6.83594E-02
-8.2452216E-01,1.65039E+00,9.76562E-03
-8.2450368E-01,1.63086E+00,8.78906E-02
-8.2448520E-01,1.65039E+00,4.88281E-02
-8.2446672E-01,1.61133E+00,8.78906E-02
-8.2444824E-01,1.65039E+00,-9.76562E-03
-8.2442976E-01,1.59180E+00,6.83594E-02
-8.2441128E-01,1.65039E+00,9.76562E-03
-8.2439280E-01,1.63086E+00,2.92969E-02
-8.2437432E-01,1.65039E+00,2.92969E-02
-8.2435584E-01,1.59180E+00,4.88281E-02
-8.2433736E-01,1.65039E+00,9.76562E-03
-8.2431888E-01,1.65039E+00,6.83594E-02
-8.2430040E-01,1.65039E+00,2.92969E-02
-8.2428192E-01,1.68945E+00,2.92969E-02
-8.2426344E-01,1.65039E+00,6.83594E-02
-8.2424496E-01,1.61133E+00,6.83594E-02
-8.2422648E-01,1.65039E+00,-9.76562E-03
-8.2420800E-01,1.59180E+00,6.83594E-02
-8.2418952E-01,1.61133E+00,4.88281E-02
-8.2417104E-01,1.68945E+00,4.88281E-02
-8.2415256E-01,1.70898E+00,4.88281E-02
-8.2413408E-01,1.65039E+00,2.92969E-02
-8.2411560E-01,1.65039E+00,2.92969E-02
-8.2409712E-01,1.65039E+00,4.88281E-02
-8.2407864E-01,1.65039E+00,2.92969E-02
-8.2406016E-01,1.66992E+00,4.88281E-02
-8.2404168E-01,1.63086E+00,2.92969E-02
-8.2402320E-01,1.63086E+00,6.83594E-02
-8.2400472E-01,1.59180E+00,-2.92969E-02
-8.2398624E-01,1.63086E+00,4.88281E-02
-8.2396776E-01,1.59180E+00,2.92969E-02
-8.2394928E-01,1.65039E+00,6.83594E-02
-8.2393080E-01,1.65039E+00,4.88281E-02
-8.2391232E-01,1.65039E+00,4.88281E-02
-8.2389384E-01,1.65039E+00,2.92969E-02
-8.2387536E-01,1.68945E+00,6.83594E-02
-8.2385688E-01,1.66992E+00,2.92969E-02
-8.2383840E-01,1.63086E+00,8.78906E-02
-8.2381992E-01,1.66992E+00,2.92969E-02
-8.2380144E-01,1.59180E+00,6.83594E-02
-8.2378296E-01,1.66992E+00,6.83594E-02
-8.2376448E-01,1.65039E+00,6.83594E-02
-8.2374600E-01,1.63086E+00,9.76562E-03
-8.2372752E-01,1.59180E+00,6.83594E-02
-8.2370904E-01,1.63086E+00,4.88281E-02
-8.2369056E-01,1.61133E+00,9.76562E-03
-8.2367208E-01,1.63086E+00,4.88281E-02
-8.2365360E-01,1.65039E+00,2.92969E-02
-8.2363512E-01,1.66992E+00,-2.92969E-02
-8.2361664E-01,1.61133E+00,-6.83594E-02
-8.2359816E-01,1.59180E+00,9.76562E-03
-8.2357968E-01,1.63086E+00,2.92969E-02
-8.2356120E-01,1.57227E+00,-9.76562E-03
-8.2354272E-01,1.55273E+00,8.78906E-02
-8.2352424E-01,1.61133E+00,8.78906E-02
-8.2350576E-01,1.61133E+00,2.92969E-02
-8.2348728E-01,1.63086E+00,4.88281E-02
-8.2346880E-01,1.68945E+00,6.83594E-02
-8.2345032E-01,1.61133E+00,2.92969E-02
-8.2343184E-01,1.63086E+00,6.83594E-02
-8.2341336E-01,1.57227E+00,4.88281E-02
-8.2339488E-01,1.57227E+00,2.92969E-02
-8.2337640E-01,1.65039E+00,2.92969E-02
-8.2335792E-01,1.63086E+00,6.83594E-02
-8.2333944E-01,1.63086E+00,9.76562E-03
-8.2332096E-01,1.59180E+00,6.83594E-02
-8.2330248E-01,1.65039E+00,9.76562E-03
-8.2328400E-01,1.65039E+00,4.88281E-02
-8.2326552E-01,1.68945E+00,2.92969E-02
-8.2324704E-01,1.57227E+00,4.88281E-02
-8.2322856E-01,1.59180E+00,-2.92969E-02
-8.2321008E-01,1.59180E+00,2.92969E-02
-8.2319160E-01,1.65039E+00,-9.76562E-03
-8.2317312E-01,1.63086E+00,4.88281E-02
-8.2315464E-01,1.65039E+00,2.92969E-02
-8.2313616E-01,1.57227E+00,8.78906E-02
-8.2311768E-01,1.70898E+00,2.92969E-02
-8.2309920E-01,1.63086E+00,4.88281E-02
-8.2308072E-01,1.66992E+00,9.76562E-03
-8.2306224E-01,1.63086E+00,4.88281E-02
-8.2304376E-01,1.70898E+00,8.78906E-02
-8.2302528E-01,1.57227E+00,8.78906E-02
-8.2300680E-01,1.65039E+00,4.88281E-02
-8.2298832E-01,1.59180E+00,6.83594E-02
-8.2296984E-01,1.59180E+00,9.76562E-03
-8.2295136E-01,1.65039E+00,4.88281E-02
-8.2293288E-01,1.65039E+00,9.76562E-03
-8.2291440E-01,1.66992E+00,4.88281E-02
-8.2289592E-01,1.63086E+00,2.92969E-02
-8.2287744E-01,1.59180E+00,4.88281E-02
-8.2285896E-01,1.61133E+00,4.88281E-02
-8.2284048E-01,1.59180E+00,6.83594E-02
-8.2282200E-01,1.65039E+00,-9.76562E-03
-8.2280352E-01,1.65039E+00,4.88281E-02
-8.2278504E-01,1.66992E+00,9.76562E-03
-8.2276656E-01,1.65039E+00,4.88281E-02
-8.2274808E-01,1.68945E+00,9.76562E-03
-8.2272960E-01,1.70898E+00,8.78906E-02
-8.2271112E-01,1.66992E+00,6.83594E-02
-8.2269264E-01,1.59180E+00,4.88281E-02
-8.2267416E-01,1.66992E+00,4.88281E-02
-8.2265568E-01,1.61133E+00,9.76562E-03
-8.2263720E-01,1.65039E+00,8.78906E-02
-8.2261872E-01,1.59180E+00,2.92969E-02
-8.2260024E-01,1.63086E+00,9.76562E-03
-8.2258176E-01,1.68945E+00,2.92969E-02
-8.2256328E-01,1.65039E+00,9.76562E-03
-8.2254480E-01,1.65039E+00,8.78906E-02
-8.2252632E-01,1.66992E+00,2.92969E-02
-8.2250784E-01,1.59180E+00,9.76562E-03
-8.2248936E-01,1.68945E+00,9.76562E-03
-8.2247088E-01,1.65039E+00,2.92969E-02
-8.2245240E-01,1.65039E+00,6.83594E-02
-8.2243392E-01,1.65039E+00,9.76562E-03
-8.2241544E-01,1.65039E+00,9.76562E-03
-8.2239696E-01,1.65039E+00,6.83594E-02
-8.2237848E-01,1.72852E+00,4.88281E-02
-8.2236000E-01,1.65039E+00,2.92969E-02
-8.2234152E-01,1.63086E+00,4.88281E-02
-8.2232304E-01,1.65039E+00,2.92969E-02
-8.2230456E-01,1.65039E+00,4.88281E-02
-8.2228608E-01,1.59180E+00,2.92969E-02
-8.2226760E-01,1.65039E+00,4.88281E-02
-8.2224912E-01,1.65039E+00,2.92969E-02
-8.2223064E-01,1.70898E+00,9.76562E-03
-8.2221216E-01,1.65039E+00,4.88281E-02
-8.2219368E-01,1.68945E+00,-9.76562E-03
-8.2217520E-01,1.61133E+00,2.92969E-02
-8.2215672E-01,1.66992E+00,6.83594E-02
-8.2213824E-01,1.66992E+00,9.76562E-03
-8.2211976E-01,1.68945E+00,6.83594E-02
-8.2210128E-01,1.63086E+00,4.88281E-02
-8.2208280E-01,1.61133E+00,2.92969E-02
-8.2206432E-01,1.65039E+00,6.83594E-02
-8.2204584E-01,1.70898E+00,9.76562E-03
-8.2202736E-01,1.66992E+00,8.78906E-02
-8.2200888E-01,1.57227E+00,6.83594E-02
-8.2199040E-01,1.59180E+00,6.83594E-02
-8.2197192E-01,1.65039E+00,9.76562E-03
-8.2195344E-01,1.63086E+00,4.88281E-02
-8.2193496E-01,1.57227E+00,9.76562E-03
-8.2191648E-01,1.59180E+00,4.88281E-02
-8.2189800E-01,1.65039E+00,8.78906E-02
-8.2187952E-01,1.61133E+00,-4.88281E-02
-8.2186104E-01,1.70898E+00,2.92969E-02
-8.2184256E-01,1.66992E+00,-2.92969E-02
-8.2182408E-01,1.63086E+00,4.88281E-02
-8.2180560E-01,1.63086E+00,6.83594E-02
-8.2178712E-01,1.65039E+00,8.78906E-02
-8.2176864E-01,1.70898E+00,4.88281E-02
-8.2175016E-01,1.70898E+00,-9.76562E-03
-8.2173168E-01,1.59180E+00,9.76562E-03
-8.2171320E-01,1.66992E+00,-2.92969E-02
-8.2169472E-01,1.59180E+00,4.88281E-02
-8.2167624E-01,1.63086E+00,9.76562E-03
-8.2165776E-01,1.57227E+00,8.78906E-02
-8.2163928E-01,1.65039E+00,9.76562E-03
-8.2162080E-01,1.70898E+00,6.83594E-02
-8.2160232E-01,1.65039E+00,2.92969E-02
-8.2158384E-01,1.65039E+00,2.92969E-02
-8.2156536E-01,1.65039E+00,9.76562E-03
-8.2154688E-01,1.59180E+00,6.83594E-02
-8.2152840E-01,1.65039E+00,4.88281E-02
-8.2150992E-01,1.57227E+00,8.78906E-02
-8.2149144E-01,1.65039E+00,2.92969E-02
-8.2147296E-01,1.66992E+00,-4.88281E-02
-8.2145448E-01,1.66992E+00,4.88281E-02
-8.2143600E-01,1.63086E+00,4.88281E-02
-8.2141752E-01,1.61133E+00,4.88281E-02
-8.2139904E-01,1.65039E+00,2.92969E-02
-8.2138056E-01,1.72852E+00,4.88281E-02
-8.2136208E-01,1.65039E+00,1.07422E-01
-8.2134360E-01,1.70898E+00,-9.76562E-03
-8.2132512E-01,1.70898E+00,4.88281E-02
-8.2130664E-01,1.65039E+00,6.83594E-02
-8.2128816E-01,1.68945E+00,2.92969E-02
-8.2126968E-01,1.66992E+00,9.76562E-03
-8.2125120E-01,1.65039E+00,-9.76562E-03
-8.2123272E-01,1.63086E+00,2.92969E-02
-8.2121424E-01,1.65039E+00,2.92969E-02
-8.2119576E-01,1.61133E+00,2.92969E-02
-8.2117728E-01,1.59180E+00,8.78906E-02
-8.2115880E-01,1.66992E+00,9.76562E-03
-8.2114032E-01,1.65039E+00,2.92969E-02
-8.2112184E-01,1.65039E+00,4.88281E-02
-8.2110336E-01,1.66992E+00,4.88281E-02
-8.2108488E-01,1.65039E+00,2.92969E-02
-8.2106640E-01,1.59180E+00,9.76562E-03
-8.2104792E-01,1.61133E+00,4.88281E-02
-8.2102944E-01,1.66992E+00,2.92969E-02
-8.2101096E-01,1.76758E+00,4.88281E-02
-8.2099248E-01,1.65039E+00,2.92969E-02
-8.2097400E-01,1.61133E+00,2.92969E-02
-8.2095552E-01,1.66992E+00,6.83594E-02
-8.2093704E-01,1.66992E+00,9.76562E-03
-8.2091856E-01,1.70898E+00,9.76562E-03
-8.2090008E-01,1.63086E+00,4.88281E-02
-8.2088160E-01,1.65039E+00,9.76562E-03
-8.2086312E-01,1.68945E+00,9.76562E-03
-8.2084464E-01,1.65039E+00,4.88281E-02
-8.2082616E-01,1.63086E+00,2.92969E-02
-8.2080768E-01,1.57227E+00,2.92969E-02
-8.2078920E-01,1.61133E+00,9.76562E-03
-8.2077072E-01,1.61133E+00,6.83594E-02
-8.2075224E-01,1.66992E+00,9.76562E-03
-8.2073376E-01,1.61133E+00,2.92969E-02
-8.2071528E-01,1.68945E+00,9.76562E-03
-8.2069680E-01,1.68945E+00,2.92969E-02
-8.2067832E-01,1.63086E+00,-9.76562E-03
-8.2065984E-01,1.65039E+00,4.88281E-02
-8.2064136E-01,1.68945E+00,-2.92969E-02
-8.2062288E-01,1.57227E+00,6.83594E-02
-8.2060440E-01,1.65039E+00,2.92969E-02
-8.2058592E-01,1.61133E+00,4.88281E-02
-8.2056744E-01,1.63086E+00,9.76562E-03
-8.2054896E-01,1.68945E+00,2.92969E-02
-8.2053048E-01,1.70898E+00,9.76562E-03
-8.2051200E-01,1.70898E+00,2.92969E-02
-8.2049352E-01,1.68945E+00,2.92969E-02
-8.2047504E-01,1.59180E+00,-9.76562E-03
-8.2045656E-01,1.65039E+00,9.76562E-03
-8.2043808E-01,1.65039E+00,-2.92969E-02
-8.2041960E-01,1.66992E+00,9.76562E-03
-8.2040112E-01,1.63086E+00,6.83594E-02
-8.2038264E-01,1.68945E+00,4.88281E-02
-8.2036416E-01,1.65039E+00,1.07422E-01
-8.2034568E-01,1.59180E+00,9.76562E-03
-8.2032720E-01,1.61133E+00,9.76562E-03
-8.2030872E-01,1.65039E+00,-2.92969E-02
-8.2029024E-01,1.55273E+00,9.76562E-03
-8.2027176E-01,1.65039E+00,2.92969E-02
-8.2025328E-01,1.59180E+00,2.92969E-02
-8.2023480E-01,1.63086E+00,9.76562E-03
-8.2021632E-01,1.65039E+00,2.92969E-02
-8.2019784E-01,1.72852E+00,-9.76562E-03
-8.2017936E-01,1.66992E+00,9.76562E-03
-8.2016088E-01,1.65039E+00,-9.76562E-03
-8.2014240E-01,1.61133E+00,2.92969E-02
-8.2012392E-01,1.66992E+00,4.88281E-02
-8.2010544E-01,1.61133E+00,9.76562E-03
-8.2008696E-01,1.68945E+00,4.88281E-02
-8.2006848E-01,1.72852E+00,2.92969E-02
-8.2005000E-01,1.74805E+00,4.88281E-02
-8.2003152E-01,1.70898E+00,6.83594E-02
-8.2001304E-01,1.63086E+00,-4.88281E-02
-8.1999456E-01,1.65039E+00,2.92969E-02
-8.1997608E-01,1.68945E+00,6.83594E-02
-8.1995760E-01,1.65039E+00,2.92969E-02
-8.1993912E-01,1.65039E+00,2.92969E-02
-8.1992064E-01,1.65039E+00,4.88281E-02
-8.1990216E-01,1.72852E+00,6.83594E-02
-8.1988368E-01,1.65039E+00,4.88281E-02
-8.1986520E-01,1.68945E+00,9.76562E-03
-8.1984672E-01,1.65039E+00,4.88281E-02
-8.1982824E-01,1.65039E+00,-9.76562E-03
-8.1980976E-01,1.65039E+00,9.76562E-03
-8.1979128E-01,1.65039E+00,2.92969E-02
-8.1977280E-01,1.63086E+00,4.88281E-02
-8.1975432E-01,1.57227E+00,9.76562E-03
-8.1973584E-01,1.65039E+00,2.92969E-02
-8.1971736E-01,1.68945E+00,2.92969E-02
-8.1969888E-01,1.63086E+00,-2.92969E-02
-8.1968040E-01,1.65039E+00,4.88281E-02
-8.1966192E-01,1.57227E+00,9.76562E-03
-8.1964344E-01,1.68945E+00,4.88281E-02
-8.1962496E-01,1.63086E+00,2.92969E-02
-8.1960648E-01,1.70898E+00,-9.76562E-03
-8.1958800E-01,1.66992E+00,4.88281E-02
-8.1956952E-01,1.66992E+00,-9.76562E-03
-8.1955104E-01,1.55273E+00,2.92969E-02
-8.1953256E-01,1.68945E+00,9.76562E-03
-8.1951408E-01,1.65039E+00,2.92969E-02
-8.1949560E-01,1.65039E+00,9.76562E-03
-8.1947712E-01,1.59180E+00,2.92969E-02
-8.1945864E-01,1.61133E+00,-9.76562E-03
-8.1944016E-01,1.65039E+00,6.83594E-02
-8.1942168E-01,1.68945E+00,2.92969E-02
-8.1940320E-01,1.59180E+00,2.92969E-02
-8.1938472E-01,1.70898E+00,-9.76562E-03
-8.1936624E-01,1.65039E+00,2.92969E-02
-8.1934776E-01,1.68945E+00,9.76562E-03
-8.1932928E-01,1.66992E+00,4.88281E-02
-8.1931080E-01,1.61133E+00,9.76562E-03
-8.1929232E-01,1.63086E+00,4.88281E-02
-8.1927384E-01,1.66992E+00,4.88281E-02
-8.1925536E-01,1.65039E+00,2.92969E-02
-8.1923688E-01,1.61133E+00,9.76562E-03
-8.1921840E-01,1.65039E+00,-2.92969E-02
-8.1919992E-01,1.63086E+00,-9.76562E-03
-8.1918144E-01,1.55273E+00,8.78906E-02
-8.1916296E-01,1.65039E+00,9.76562E-03
-8.1914448E-01,1.65039E+00,4.88281E-02
-8.1912600E-01,1.66992E+00,9.76562E-03
-8.1910752E-01,1.68945E+00,9.76562E-03
-8.1908904E-01,1.65039E+00,2.92969E-02
-8.1907056E-01,1.66992E+00,2.92969E-02
-8.1905208E-01,1.65039E+00,6.83594E-02
-8.1903360E-01,1.68945E+00,6.83594E-02
-8.1901512E-01,1.63086E+00,6.83594E-02
-8.1899664E-01,1.66992E+00,8.78906E-02
-8.1897816E-01,1.68945E+00,4.88281E-02
-8.1895968E-01,1.63086E+00,6.83594E-02
-8.1894120E-01,1.72852E+00,-9.76562E-03
-8.1892272E-01,1.68945E+00,2.92969E-02
-8.1890424E-01,1.76758E+00,9.76562E-03
-8.1888576E-01,1.51367E+00,2.92969E-02
-8.1886728E-01,1.65039E+00,2.92969E-02
-8.1884880E-01,1.65039E+00,1.07422E-01
-8.1883032E-01,1.68945E+00,-9.76562E-03
-8.1881184E-01,1.65039E+00,6.83594E-02
-8.1879336E-01,1.68945E+00,2.92969E-02
-8.1877488E-01,1.65039E+00,2.92969E-02
-8.1875640E-01,1.68945E+00,4.88281E-02
-8.1873792E-01,1.63086E+00,1.26953E-01
-8.1871944E-01,1.65039E+00,9.76562E-03
-8.1870096E-01,1.61133E+00,8.78906E-02
-8.1868248E-01,1.63086E+00,9.76562E-03
-8.1866400E-01,1.59180E+00,8.78906E-02
-8.1864552E-01,1.65039E+00,9.76562E-03
-8.1862704E-01,1.66992E+00,-2.92969E-02
-8.1860856E-01,1.72852E+00,6.83594E-02
-8.1859008E-01,1.59180E+00,6.83594E-02
-8.1857160E-01,1.70898E+00,6.83594E-02
-8.1855312E-01,1.59180E+00,4.88281E-02
-8.1853464E-01,1.70898E+00,-2.92969E-02
-8.1851616E-01,1.57227E+00,4.88281E-02
-8.1849768E-01,1.65039E+00,9.76562E-03
-8.1847920E-01,1.68945E+00,6.83594E-02
-8.1846072E-01,1.65039E+00,4.88281E-02
-8.1844224E-01,1.63086E+00,6.83594E-02
-8.1842376E-01,1.66992E+00,2.92969E-02
-8.1840528E-01,1.63086E+00,4.88281E-02
-8.1838680E-01,1.70898E+00,-9.76562E-03
-8.1836832E-01,1.65039E+00,6.83594E-02
-8.1834984E-01,1.59180E+00,-2.92969E-02
-8.1833136E-01,1.65039E+00,2.92969E-02
-8.1831288E-01,1.68945E+00,4.88281E-02
-8.1829440E-01,1.63086E+00,9.76562E-03
-8.1827592E-01,1.65039E+00,2.92969E-02
-8.1825744E-01,1.59180E+00,2.92969E-02
-8.1823896E-01,1.65039E+00,-9.76562E-03
-8.1822048E-01,1.59180E+00,4.88281E-02
-8.1820200E-01,1.65039E+00,2.92969E-02
-8.1818352E-01,1.63086E+00,4.88281E-02
-8.1816504E-01,1.65039E+00,2.92969E-02
-8.1814656E-01,1.65039E+00,6.83594E-02
-8.1812808E-01,1.65039E+00,2.92969E-02
-8.1810960E-01,1.63086E+00,4.88281E-02
-8.1809112E-01,1.63086E+00,4.88281E-02
-8.1807264E-01,1.65039E+00,6.83594E-02
-8.1805416E-01,1.61133E+00,2.92969E-02
-8.1803568E-01,1.68945E+00,8.78906E-02
-8.1801720E-01,1.66992E+00,4.88281E-02
-8.1799872E-01,1.51367E+00,2.92969E-02
-8.1798024E-01,1.66992E+00,-9.76562E-03
-8.1796176E-01,1.65039E+00,4.88281E-02
-8.1794328E-01,1.61133E+00,2.92969E-02
-8.1792480E-01,1.70898E+00,2.92969E-02
-8.1790632E-01,1.68945E+00,2.92969E-02
-8.1788784E-01,1.65039E+00,2.92969E-02
-8.1786936E-01,1.65039E+00,6.83594E-02
-8.1785088E-01,1.65039E+00,6.83594E-02
-8.1783240E-01,1.65039E+00,-9.76562E-03
-8.1781392E-01,1.59180E+00,2.92969E-02
-8.1779544E-01,1.72852E+00,2.92969E-02
-8.1777696E-01,1.59180E+00,-2.92969E-02
-8.1775848E-01,1.65039E+00,-4.88281E-02
-8.1774000E-01,1.61133E+00,6.83594E-02
-8.1772152E-01,1.70898E+00,4.88281E-02
-8.1770304E-01,1.66992E+00,4.88281E-02
-8.1768456E-01,1.66992E+00,-2.92969E-02
-8.1766608E-01,1.65039E+00,9.76562E-03
-8.1764760E-01,1.78711E+00,6.83594E-02
-8.1762912E-01,1.65039E+00,8.78906E-02
-8.1761064E-01,1.70898E+00,-4.88281E-02
-8.1759216E-01,1.72852E+00,4.88281E-02
-8.1757368E-01,1.61133E+00,-9.76562E-03
-8.1755520E-01,1.68945E+00,4.88281E-02
-8.1753672E-01,1.68945E+00,9.76562E-03
-8.1751824E-01,1.65039E+00,6.83594E-02
-8.1749976E-01,1.70898E+00,9.76562E-03
-8.1748128E-01,1.66992E+00,1.26953E-01
-8.1746280E-01,1.65039E+00,2.92969E-02
-8.1744432E-01,1.65039E+00,2.92969E-02
-8.1742584E-01,1.72852E+00,-9.76562E-03
-8.1740736E-01,1.68945E+00,6.83594E-02
-8.1738888E-01,1.66992E+00,6.83594E-02
-8.1737040E-01,1.66992E+00,8.78906E-02
-8.1735192E-01,1.65039E+00,8.78906E-02
-8.1733344E-01,1.65039E+00,4.88281E-02
-8.1731496E-01,1.68945E+00,9.76562E-03
-8.1729648E-01,1.70898E+00,4.88281E-02
-8.1727800E-01,1.72852E+00,9.76562E-03
-8.1725952E-01,1.74805E+00,6.83594E-02
-8.1724104E-01,1.68945E+00,9.76562E-03
-8.1722256E-01,1.59180E+00,4.88281E-02
-8.1720408E-01,1.65039E+00,4.88281E-02
-8.1718560E-01,1.65039E+00,6.83594E-02
-8.1716712E-01,1.65039E+00,6.83594E-02
-8.1714864E-01,1.65039E+00,6.83594E-02
-8.1713016E-01,1.72852E+00,4.88281E-02
-8.1711168E-01,1.65039E+00,2.92969E-02
-8.1709320E-01,1.72852E+00,2.92969E-02
-8.1707472E-01,1.65039E+00,6.83594E-02
-8.1705624E-01,1.68945E+00,4.88281E-02
-8.1703776E-01,1.61133E+00,9.76562E-03
-8.1701928E-01,1.68945E+00,4.88281E-02
-8.1700080E-01,1.68945E+00,4.88281E-02
-8.1698232E-01,1.65039E+00,9.76562E-03
-8.1696384E-01,1.65039E+00,2.92969E-02
-8.1694536E-01,1.66992E+00,9.76562E-03
-8.1692688E-01,1.61133E+00,6.83594E-02
-8.1690840E-01,1.66992E+00,9.76562E-03
-8.1688992E-01,1.65039E+00,1.26953E-01
-8.1687144E-01,1.66992E+00,4.88281E-02
-8.1685296E-01,1.72852E+00,1.07422E-01
-8.1683448E-01,1.66992E+00,6.83594E-02
-8.1681600E-01,1.70898E+00,2.92969E-02
-8.1679752E-01,1.70898E+00,4.88281E-02
-8.1677904E-01,1.65039E+00,6.83594E-02
-8.1676056E-01,1.66992E+00,2.92969E-02
-8.1674208E-01,1.74805E+00,-4.88281E-02
-8.1672360E-01,1.65039E+00,4.88281E-02
-8.1670512E-01,1.63086E+00,2.92969E-02
-8.1668664E-01,1.66992E+00,4.88281E-02
-8.1666816E-01,1.63086E+00,4.88281E-02
-8.1664968E-01,1.63086E+00,2.92969E-02
-8.1663120E-01,1.65039E+00,4.88281E-02
-8.1661272E-01,1.61133E+00,-9.76562E-03
-8.1659424E-01,1.63086E+00,4.88281E-02
-8.1657576E-01,1.65039E+00,9.76562E-03
-8.1655728E-01,1.65039E+00,4.88281E-02
-8.1653880E-01,1.59180E+00,2.92969E-02
-8.1652032E-01,1.72852E+00,2.92969E-02
-8.1650184E-01,1.65039E+00,2.92969E-02
-8.1648336E-01,1.65039E+00,4.88281E-02
-8.1646488E-01,1.66992E+00,9.76562E-03
-8.1644640E-01,1.72852E+00,2.92969E-02
-8.1642792E-01,1.63086E+00,-9.76562E-03
-8.1640944E-01,1.68945E+00,2.92969E-02
-8.1639096E-01,1.72852E+00,9.76562E-03
-8.1637248E-01,1.66992E+00,2.92969E-02
-8.1635400E-01,1.72852E+00,9.76562E-03
-8.1633552E-01,1.65039E+00,1.26953E-01
-8.1631704E-01,1.61133E+00,-9.76562E-03
-8.1629856E-01,1.68945E+00,6.83594E-02
-8.1628008E-01,1.68945E+00,9.76562E-03
-8.1626160E-01,1.66992E+00,9.76562E-03
-8.1624312E-01,1.65039E+00,9.76562E-03
-8.1622464E-01,1.65039E+00,6.83594E-02
-8.1620616E-01,1.68945E+00,9.76562E-03
-8.1618768E-01,1.65039E+00,6.83594E-02
-8.1616920E-01,1.65039E+00,4.88281E-02
-8.1615072E-01,1.66992E+00,6.83594E-02
-8.1613224E-01,1.61133E+00,6.83594E-02
-8.1611376E-01,1.65039E+00,4.88281E-02
-8.1609528E-01,1.72852E+00,9.76562E-03
-8.1607680E-01,1.65039E+00,2.92969E-02
-8.1605832E-01,1.65039E+00,9.76562E-03
-8.1603984E-01,1.70898E+00,6.83594E-02
-8.1602136E-01,1.63086E+00,9.76562E-03
-8.1600288E-01,1.68945E+00,4.88281E-02
-8.1598440E-01,1.61133E+00,9.76562E-03
-8.1596592E-01,1.70898E+00,6.83594E-02
-8.1594744E-01,1.63086E+00,2.92969E-02
-8.1592896E-01,1.65039E+00,9.76562E-03
-8.1591048E-01,1.66992E+00,-2.92969E-02
-8.1589200E-01,1.63086E+00,4.88281E-02
-8.1587352E-01,1.68945E+00,2.92969E-02
-8.1585504E-01,1.65039E+00,4.88281E-02
-8.1583656E-01,1.65039E+00,2.92969E-02
-8.1581808E-01,1.65039E+00,6.83594E-02
-8.1579960E-01,1.65039E+00,-9.76562E-03
-8.1578112E-01,1.72852E+00,2.92969E-02
-8.1576264E-01,1.65039E+00,4.88281E-02
-8.1574416E-01,1.63086E+00,2.92969E-02
-8.1572568E-01,1.65039E+00,9.76562E-03
-8.1570720E-01,1.65039E+00,6.83594E-02
-8.1568872E-01,1.65039E+00,4.88281E-02
-8.1567024E-01,1.68945E+00,6.83594E-02
-8.1565176E-01,1.68945E+00,2.92969E-02
-8.1563328E-01,1.63086E+00,6.83594E-02
-8.1561480E-01,1.65039E+00,2.92969E-02
-8.1559632E-01,1.63086E+00,2.92969E-02
-8.1557784E-01,1.72852E+00,6.83594E-02
-8.1555936E-01,1.61133E+00,1.46484E-01
-8.1554088E-01,1.70898E+00,9.76562E-03
-8.1552240E-01,1.68945E+00,9.76562E-03
-8.1550392E-01,1.63086E+00,4.88281E-02
-8.1548544E-01,1.59180E+00,2.92969E-02
-8.1546696E-01,1.68945E+00,9.76562E-03
-8.1544848E-01,1.66992E+00,1.07422E-01
-8.1543000E-01,1.65039E+00,9.76562E-03
-8.1541152E-01,1.65039E+00,2.92969E-02
-8.1539304E-01,1.65039E+00,9.76562E-03
-8.1537456E-01,1.68945E+00,2.92969E-02
-8.1535608E-01,1.74805E+00,-2.92969E-02
-8.1533760E-01,1.59180E+00,4.88281E-02
-8.1531912E-01,1.68945E+00,9.76562E-03
-8.1530064E-01,1.65039E+00,2.92969E-02
-8.1528216E-01,1.76758E+00,9.76562E-03
-8.1526368E-01,1.68945E+00,4.88281E-02
-8.1524520E-01,1.72852E+00,-9.76562E-03
-8.1522672E-01,1.61133E+00,4.88281E-02
-8.1520824E-01,1.66992E+00,2.92969E-02
-8.1518976E-01,1.65039E+00,9.76562E-03
-8.1517128E-01,1.68945E+00,9.76562E-03
-8.1515280E-01,1.59180E+00,9.76562E-03
-8.1513432E-01,1.61133E+00,9.76562E-03
-8.1511584E-01,1.61133E+00,2.92969E-02
-8.1509736E-01,1.57227E+00,4.88281E-02
-8.1507888E-01,1.66992E+00,4.88281E-02
-8.1506040E-01,1.68945E+00,9.76562E-03
-8.1504192E-01,1.70898E+00,6.83594E-02
-8.1502344E-01,1.65039E+00,2.92969E-02
-8.1500496E-01,1.65039E+00,4.88281E-02
-8.1498648E-01,1.66992E+00,4.88281E-02
-8.1496800E-01,1.65039E+00,1.26953E-01
-8.1494952E-01,1.66992E+00,2.92969E-02
-8.1493104E-01,1.70898E+00,4.88281E-02
-8.1491256E-01,1.68945E+00,6.83594E-02
-8.1489408E-01,1.66992E+00,2.92969E-02
-8.1487560E-01,1.65039E+00,9.76562E-03
-8.1485712E-01,1.63086E+00,2.92969E-02
-8.1483864E-01,1.72852E+00,2.92969E-02
-8.1482016E-01,1.68945E+00,6.83594E-02
-8.1480168E-01,1.66992E+00,4.88281E-02
-8.1478320E-01,1.61133E+00,4.88281E-02
-8.1476472E-01,1.61133E+00,6.83594E-02
-8.1474624E-01,1.65039E+00,4.88281E-02
-8.1472776E-01,1.70898E+00,9.76562E-03
-8.1470928E-01,1.65039E+00,1.07422E-01
-8.1469080E-01,1.66992E+00,-4.88281E-02
-8.1467232E-01,1.65039E+00,2.92969E-02
-8.1465384E-01,1.65039E+00,2.92969E-02
-8.1463536E-01,1.63086E+00,6.83594E-02
-8.1461688E-01,1.68945E+00,6.83594E-02
-8.1459840E-01,1.66992E+00,2.92969E-02
-8.1457992E-01,1.68945E+00,9.76562E-03
-8.1456144E-01,1.70898E+00,9.76562E-03
-8.1454296E-01,1.65039E+00,2.92969E-02
-8.1452448E-01,1.57227E+00,6.83594E-02
-8.1450600E-01,1.68945E+00,6.83594E-02
-8.1448752E-01,1.65039E+00,6.83594E-02
-8.1446904E-01,1.68945E+00,1.46484E-01
-8.1445056E-01,1.57227E+00,4.88281E-02
-8.1443208E-01,1.72852E+00,2.92969E-02
-8.1441360E-01,1.63086E+00,-4.88281E-02
-8.1439512E-01,1.68945E+00,2.92969E-02
-8.1437664E-01,1.66992E+00,4.88281E-02
-8.1435816E-01,1.70898E+00,6.83594E-02
-8.1433968E-01,1.72852E+00,6.83594E-02
-8.1432120E-01,1.65039E+00,2.92969E-02
-8.1430272E-01,1.65039E+00,2.92969E-02
-8.1428424E-01,1.72852E+00,9.76562E-03
-8.1426576E-01,1.68945E+00,6.83594E-02
-8.1424728E-01,1.70898E+00,9.76562E-03
-8.1422880E-01,1.63086E+00,8.78906E-02
-8.1421032E-01,1.65039E+00,4.88281E-02
-8.1419184E-01,1.68945E+00,6.83594E-02
-8.1417336E-01,1.65039E+00,4.88281E-02
-8.1415488E-01,1.65039E+00,4.88281E-02
-8.1413640E-01,1.70898E+00,2.92969E-02
-8.1411792E-01,1.66992E+00,1.07422E-01
-8.1409944E-01,1.68945E+00,4.88281E-02
-8.1408096E-01,1.65039E+00,4.88281E-02
-8.1406248E-01,1.70898E+00,4.88281E-02
-8.1404400E-01,1.66992E+00,4.88281E-02
-8.1402552E-01,1.66992E+00,4.88281E-02
-8.1400704E-01,1.68945E+00,1.26953E-01
-8.1398856E-01,1.65039E+00,4.88281E-02
-8.1397008E-01,1.65039E+00,4.88281E-02
-8.1395160E-01,1.68945E+00,9.76562E-03
-8.1393312E-01,1.66992E+00,4.88281E-02
-8.1391464E-01,1.74805E+00,6.83594E-02
-8.1389616E-01,1.68945E+00,4.88281E-02
-8.1387768E-01,1.70898E+00,-9.76562E-03
-8.1385920E-01,1.66992E+00,2.92969E-02
-8.1384072E-01,1.66992E+00,2.92969E-02
-8.1382224E-01,1.61133E+00,9.76562E-03
-8.1380376E-01,1.68945E+00,9.76562E-03
-8.1378528E-01,1.70898E+00,2.92969E-02
-8.1376680E-01,1.74805E+00,4.88281E-02
-8.1374832E-01,1.66992E+00,9.76562E-03
-8.1372984E-01,1.65039E+00,9.76562E-03
-8.1371136E-01,1.70898E+00,6.83594E-02
-8.1369288E-01,1.63086E+00,9.76562E-03
-8.1367440E-01,1.70898E+00,6.83594E-02
-8.1365592E-01,1.65039E+00,2.92969E-02
-8.1363744E-01,1.68945E+00,2.92969E-02
-8.1361896E-01,1.63086E+00,4.88281E-02
-8.1360048E-01,1.65039E+00,6.83594E-02
-8.1358200E-01,1.66992E+00,4.88281E-02
-8.1356352E-01,1.65039E+00,4.88281E-02
-8.1354504E-01,1.72852E+00,9.76562E-03
-8.1352656E-01,1.65039E+00,4.88281E-02
-8.1350808E-01,1.70898E+00,9.76562E-03
-8.1348960E-01,1.65039E+00,6.83594E-02
-8.1347112E-01,1.66992E+00,4.88281E-02
-8.1345264E-01,1.65039E+00,1.46484E-01
-8.1343416E-01,1.68945E+00,9.76562E-03
-8.1341568E-01,1.68945E+00,1.07422E-01
-8.1339720E-01,1.72852E+00,-9.76562E-03
-8.1337872E-01,1.70898E+00,4.88281E-02
-8.1336024E-01,1.70898E+00,2.92969E-02
-8.1334176E-01,1.65039E+00,6.83594E-02
-8.1332328E-01,1.72852E+00,4.88281E-02
-8.1330480E-01,1.70898E+00,4.88281E-02
-8.1328632E-01,1.68945E+00,-2.92969E-02
-8.1326784E-01,1.65039E+00,6.83594E-02
-8.1324936E-01,1.70898E+00,9.76562E-03
-8.1323088E-01,1.68945E+00,4.88281E-02
-8.1321240E-01,1.61133E+00,2.92969E-02
-8.1319392E-01,1.70898E+00,2.92969E-02
-8.1317544E-01,1.66992E+00,9.76562E-03
-8.1315696E-01,1.68945E+00,2.92969E-02
-8.1313848E-01,1.70898E+00,4.88281E-02
-8.1312000E-01,1.70898E+00,6.83594E-02
-8.1310152E-01,1.65039E+00,9.76562E-03
-8.1308304E-01,1.68945E+00,8.78906E-02
-8.1306456E-01,1.70898E+00,4.88281E-02
-8.1304608E-01,1.57227E+00,6.83594E-02
-8.1302760E-01,1.61133E+00,4.88281E-02
-8.1300912E-01,1.68945E+00,4.88281E-02
-8.1299064E-01,1.65039E+00,-2.92969E-02
-8.1297216E-01,1.66992E+00,4.88281E-02
-8.1295368E-01,1.70898E+00,6.83594E-02
-8.1293520E-01,1.65039E+00,8.78906E-02
-8.1291672E-01,1.68945E+00,9.76562E-03
-8.1289824E-01,1.72852E+00,2.92969E-02
-8.1287976E-01,1.66992E+00,9.76562E-03
-8.1286128E-01,1.68945E+00,2.92969E-02
-8.1284280E-01,1.74805E+00,9.76562E-03
-8.1282432E-01,1.65039E+00,4.88281E-02
-8.1280584E-01,1.66992E+00,9.76562E-03
-8.1278736E-01,1.59180E+00,8.78906E-02
-8.1276888E-01,1.65039E+00,4.88281E-02
-8.1275040E-01,1.66992E+00,9.76562E-03
-8.1273192E-01,1.65039E+00,-2.92969E-02
-8.1271344E-01,1.65039E+00,1.07422E-01
-8.1269496E-01,1.70898E+00,4.88281E-02
-8.1267648E-01,1.68945E+00,4.88281E-02
-8.1265800E-01,1.70898E+00,9.76562E-03
-8.1263952E-01,1.68945E+00,2.92969E-02
-8.1262104E-01,1.68945E+00,4.88281E-02
-8.1260256E-01,1.59180E+00,6.83594E-02
-8.1258408E-01,1.63086E+00,2.92969E-02
-8.1256560E-01,1.59180E+00,-2.92969E-02
-8.1254712E-01,1.68945E+00,2.92969E-02
-8.1252864E-01,1.70898E+00,8.78906E-02
-8.1251016E-01,1.66992E+00,4.88281E-02
-8.1249168E-01,1.59180E+00,6.83594E-02
-8.1247320E-01,1.76758E+00,1.07422E-01
-8.1245472E-01,1.66992E+00,4.88281E-02
-8.1243624E-01,1.65039E+00,9.76562E-03
-8.1241776E-01,1.65039E+00,4.88281E-02
-8.1239928E-01,1.76758E+00,9.76562E-03
-8.1238080E-01,1.72852E+00,4.88281E-02
-8.1236232E-01,1.68945E+00,-9.76562E-03
-8.1234384E-01,1.65039E+00,6.83594E-02
-8.1232536E-01,1.74805E+00,6.83594E-02
-8.1230688E-01,1.66992E+00,4.88281E-02
-8.1228840E-01,1.65039E+00,4.88281E-02
-8.1226992E-01,1.65039E+00,4.88281E-02
-8.1225144E-01,1.76758E+00,4.88281E-02
-8.1223296E-01,1.65039E+00,4.88281E-02
-8.1221448E-01,1.66992E+00,2.92969E-02
-8.1219600E-01,1.65039E+00,9.76562E-03
-8.1217752E-01,1.76758E+00,4.88281E-02
-8.1215904E-01,1.65039E+00,2.92969E-02
-8.1214056E-01,1.72852E+00,4.88281E-02
-8.1212208E-01,1.68945E+00,8.78906E-02
-8.1210360E-01,1.68945E+00,9.76562E-03
-8.1208512E-01,1.72852E+00,6.83594E-02
-8.1206664E-01,1.74805E+00,9.76562E-03
-8.1204816E-01,1.72852E+00,1.07422E-01
-8.1202968E-01,1.72852E+00,2.92969E-02
-8.1201120E-01,1.66992E+00,4.88281E-02
-8.1199272E-01,1.70898E+00,9.76562E-03
-8.1197424E-01,1.63086E+00,4.88281E-02
-8.1195576E-01,1.68945E+00,2.92969E-02
-8.1193728E-01,1.63086E+00,6.83594E-02
-8.1191880E-01,1.68945E+00,4.88281E-02
-8.1190032E-01,1.66992E+00,9.76562E-03
-8.1188184E-01,1.72852E+00,9.76562E-03
-8.1186336E-01,1.65039E+00,2.92969E-02
-8.1184488E-01,1.66992E+00,9.76562E-03
-8.1182640E-01,1.66992E+00,2.92969E-02
-8.1180792E-01,1.68945E+00,2.92969E-02
-8.1178944E-01,1.68945E+00,4.88281E-02
-8.1177096E-01,1.70898E+00,2.92969E-02
-8.1175248E-01,1.65039E+00,6.83594E-02
-8.1173400E-01,1.66992E+00,2.92969E-02
-8.1171552E-01,1.70898E+00,2.92969E-02
-8.1169704E-01,1.70898E+00,2.92969E-02
-8.1167856E-01,1.63086E+00,1.07422E-01
-8.1166008E-01,1.70898E+00,-2.92969E-02
-8.1164160E-01,1.65039E+00,4.88281E-02
-8.1162312E-01,1.65039E+00,4.88281E-02
-8.1160464E-01,1.65039E+00,-9.76562E-03
-8.1158616E-01,1.63086E+00,2.92969E-02
-8.1156768E-01,1.59180E+00,9.76562E-03
-8.1154920E-01,1.68945E+00,2.92969E-02
-8.1153072E-01,1.66992E+00,2.92969E-02
-8.1151224E-01,1.63086E+00,9.76562E-03
-8.1149376E-01,1.68945E+00,2.92969E-02
-8.1147528E-01,1.74805E+00,2.92969E-02
-8.1145680E-01,1.65039E+00,9.76562E-03
-8.1143832E-01,1.65039E+00,9.76562E-03
-8.1141984E-01,1.65039E+00,6.83594E-02
-8.1140136E-01,1.68945E+00,9.76562E-03
-8.1138288E-01,1.68945E+00,9.76562E-03
-8.1136440E-01,1.76758E+00,-9.76562E-03
-8.1134592E-01,1.70898E+00,2.92969E-02
-8.1132744E-01,1.65039E+00,9.76562E-03
-8.1130896E-01,1.66992E+00,6.83594E-02
-8.1129048E-01,1.66992E+00,9.76562E-03
-8.1127200E-01,1.66992E+00,4.88281E-02
-8.1125352E-01,1.70898E+00,4.88281E-02
-8.1123504E-01,1.72852E+00,-9.76562E-03
-8.1121656E-01,1.76758E+00,6.83594E-02
-8.1119808E-01,1.70898E+00,-9.76562E-03
-8.1117960E-01,1.72852E+00,2.92969E-02
-8.1116112E-01,1.65039E+00,9.76562E-03
-8.1114264E-01,1.76758E+00,-9.76562E-03
-8.1112416E-01,1.63086E+00,1.07422E-01
-8.1110568E-01,1.70898E+00,9.76562E-03
-8.1108720E-01,1.70898E+00,4.88281E-02
-8.1106872E-01,1.65039E+00,2.92969E-02
-8.1105024E-01,1.65039E+00,2.92969E-02
-8.1103176E-01,1.72852E+00,4.88281E-02
-8.1101328E-01,1.66992E+00,-9.76562E-03
-8.1099480E-01,1.61133E+00,2.92969E-02
-8.1097632E-01,1.72852E+00,2.92969E-02
-8.1095784E-01,1.68945E+00,9.76562E-03
-8.1093936E-01,1.72852E+00,4.88281E-02
-8.1092088E-01,1.70898E+00,-4.88281E-02
-8.1090240E-01,1.65039E+00,-4.88281E-02
-8.1088392E-01,1.65039E+00,4.88281E-02
-8.1086544E-01,1.61133E+00,2.92969E-02
-8.1084696E-01,1.70898E+00,2.92969E-02
-8.1082848E-01,1.68945E+00,4.88281E-02
-8.1081000E-01,1.66992E+00,6.83594E-02
-8.1079152E-01,1.70898E+00,2.92969E-02
-8.1077304E-01,1.72852E+00,6.83594E-02
-8.1075456E-01,1.68945E+00,8.78906E-02
-8.1073608E-01,1.72852E+00,9.76562E-03
-8.1071760E-01,1.63086E+00,4.88281E-02
-8.1069912E-01,1.78711E+00,9.76562E-03
-8.1068064E-01,1.70898E+00,2.92969E-02
-8.1066216E-01,1.68945E+00,9.76562E-03
-8.1064368E-01,1.66992E+00,4.88281E-02
-8.1062520E-01,1.70898E+00,4.88281E-02
-8.1060672E-01,1.70898E+00,2.92969E-02
-8.1058824E-01,1.66992E+00,-9.76562E-03
-8.1056976E-01,1.72852E+00,9.76562E-03
-8.1055128E-01,1.68945E+00,-2.92969E-02
-8.1053280E-01,1.70898E+00,1.07422E-01
-8.1051432E-01,1.70898E+00,-6.83594E-02
-8.1049584E-01,1.70898E+00,4.88281E-02
-8.1047736E-01,1.72852E+00,9.76562E-03
-8.1045888E-01,1.65039E+00,2.92969E-02
-8.1044040E-01,1.65039E+00,9.76562E-03
-8.1042192E-01,1.68945E+00,2.92969E-02
-8.1040344E-01,1.70898E+00,-9.76562E-03
-8.1038496E-01,1.68945E+00,6.83594E-02
-8.1036648E-01,1.74805E+00,2.92969E-02
-8.1034800E-01,1.66992E+00,2.92969E-02
-8.1032952E-01,1.68945E+00,2.92969E-02
-8.1031104E-01,1.72852E+00,4.88281E-02
-8.1029256E-01,1.66992E+00,2.92969E-02
-8.1027408E-01,1.59180E+00,6.83594E-02
-8.1025560E-01,1.66992E+00,-9.76562E-03
-8.1023712E-01,1.66992E+00,6.83594E-02
-8.1021864E-01,1.66992E+00,-9.76562E-03
-8.1020016E-01,1.68945E+00,2.92969E-02
-8.1018168E-01,1.68945E+00,-9.76562E-03
-8.1016320E-01,1.70898E+00,2.92969E-02
-8.1014472E-01,1.76758E+00,9.76562E-03
-8.1012624E-01,1.66992E+00,6.83594E-02
-8.1010776E-01,1.72852E+00,2.92969E-02
-8.1008928E-01,1.68945E+00,4.88281E-02
-8.1007080E-01,1.65039E+00,4.88281E-02
-8.1005232E-01,1.61133E+00,2.92969E-02
-8.1003384E-01,1.66992E+00,9.76562E-03
-8.1001536E-01,1.65039E+00,4.88281E-02
-8.0999688E-01,1.74805E+00,6.83594E-02
-8.0997840E-01,1.70898E+00,9.76562E-03
-8.0995992E-01,1.65039E+00,4.88281E-02
-8.0994144E-01,1.70898E+00,8.78906E-02
-8.0992296E-01,1.72852E+00,2.92969E-02
-8.0990448E-01,1.65039E+00,6.83594E-02
-8.0988600E-01,1.65039E+00,2.92969E-02
-8.0986752E-01,1.65039E+00,6.83594E-02
-8.0984904E-01,1.65039E+00,4.88281E-02
-8.0983056E-01,1.72852E+00,2.92969E-02
-8.0981208E-01,1.74805E+00,4.88281E-02
-8.0979360E-01,1.70898E+00,2.92969E-02
-8.0977512E-01,1.72852E+00,2.92969E-02
-8.0975664E-01,1.61133E+00,4.88281E-02
-8.0973816E-01,1.66992E+00,4.88281E-02
-8.0971968E-01,1.66992E+00,9.76562E-03
-8.0970120E-01,1.66992E+00,9.76562E-03
-8.0968272E-01,1.70898E+00,4.88281E-02
-8.0966424E-01,1.70898E+00,6.83594E-02
-8.0964576E-01,1.65039E+00,6.83594E-02
-8.0962728E-01,1.65039E+00,4.88281E-02
-8.0960880E-01,1.65039E+00,9.76562E-03
-8.0959032E-01,1.72852E+00,4.88281E-02
-8.0957184E-01,1.65039E+00,9.76562E-03
-8.0955336E-01,1.72852E+00,9.76562E-03
-8.0953488E-01,1.70898E+00,4.88281E-02
-8.0951640E-01,1.70898E+00,9.76562E-03
-8.0949792E-01,1.55273E+00,-2.92969E-02
-8.0947944E-01,1.66992E+00,9.76562E-03
-8.0946096E-01,1.65039E+00,2.92969E-02
-8.0944248E-01,1.72852E+00,9.76562E-03
-8.0942400E-01,1.63086E+00,6.83594E-02
-8.0940552E-01,1.72852E+00,2.92969E-02
-8.0938704E-01,1.65039E+00,6.83594E-02
-8.0936856E-01,1.68945E+00,4.88281E-02
-8.0935008E-01,1.70898E+00,4.88281E-02
-8.0933160E-01,1.70898E+00,4.88281E-02
-8.0931312E-01,1.61133E+00,4.88281E-02
-8.0929464E-01,1.65039E+00,9.76562E-03
-8.0927616E-01,1.65039E+00,2.92969E-02
-8.0925768E-01,1.66992E+00,9.76562E-03
-8.0923920E-01,1.65039E+00,2.92969E-02
-8.0922072E-01,1.63086E+00,4.88281E-02
-8.0920224E-01,1.74805E+00,4.88281E-02
-8.0918376E-01,1.61133E+00,9.76562E-03
-8.0916528E-01,1.61133E+00,4.88281E-02
-8.0914680E-01,1.66992E+00,9.76562E-03
-8.0912832E-01,1.65039E+00,2.92969E-02
-8.0910984E-01,1.65039E+00,4.88281E-02
-8.0909136E-01,1.65039E+00,4.88281E-02
-8.0907288E-01,1.70898E+00,4.88281E-02
-8.0905440E-01,1.61133E+00,6.83594E-02
-8.0903592E-01,1.72852E+00,2.92969E-02
-8.0901744E-01,1.68945E+00,2.92969E-02
-8.0899896E-01,1.66992E+00,6.83594E-02
-8.0898048E-01,1.68945E+00,6.83594E-02
-8.0896200E-01,1.70898E+00,4.88281E-02
-8.0894352E-01,1.65039E+00,4.88281E-02
-8.0892504E-01,1.72852E+00,9.76562E-03
-8.0890656E-01,1.65039E+00,4.88281E-02
-8.0888808E-01,1.63086E+00,6.83594E-02
-8.0886960E-01,1.65039E+00,6.83594E-02
-8.0885112E-01,1.65039E+00,2.92969E-02
-8.0883264E-01,1.70898E+00,8.78906E-02
-8.0881416E-01,1.72852E+00,2.92969E-02
-8.0879568E-01,1.68945E+00,4.88281E-02
-8.0877720E-01,1.76758E+00,4.88281E-02
-8.0875872E-01,1.70898E+00,6.83594E-02
-8.0874024E-01,1.63086E+00,4.88281E-02
-8.0872176E-01,1.65039E+00,2.92969E-02
-8.0870328E-01,1.72852E+00,2.92969E-02
-8.0868480E-01,1.72852E+00,4.88281E-02
-8.0866632E-01,1.65039E+00,4.88281E-02
-8.0864784E-01,1.66992E+00,2.92969E-02
-8.0862936E-01,1.70898E+00,2.92969E-02
-8.0861088E-01,1.68945E+00,9.76562E-03
-8.0859240E-01,1.70898E+00,2.92969E-02
-8.0857392E-01,1.66992E+00,9.76562E-03
-8.0855544E-01,1.65039E+00,4.88281E-02
-8.0853696E-01,1.70898E+00,6.83594E-02
-8.0851848E-01,1.68945E+00,4.88281E-02
-8.0850000E-01,1.70898E+00,4.88281E-02
-8.0848152E-01,1.70898E+00,6.83594E-02
-8.0846304E-01,1.65039E+00,4.88281E-02
-8.0844456E-01,1.63086E+00,2.92969E-02
-8.0842608E-01,1.72852E+00,9.76562E-03
-8.0840760E-01,1.72852E+00,9.76562E-03
-8.0838912E-01,1.63086E+00,4.88281E-02
-8.0837064E-01,1.65039E+00,6.83594E-02
-8.0835216E-01,1.68945E+00,2.92969E-02
-8.0833368E-01,1.72852E+00,4.88281E-02
-8.0831520E-01,1.70898E+00,6.83594E-02
-8.0829672E-01,1.66992E+00,2.92969E-02
-8.0827824E-01,1.65039E+00,4.88281E-02
-8.0825976E-01,1.70898E+00,9.76562E-03
-8.0824128E-01,1.72852E+00,2.92969E-02
-8.0822280E-01,1.76758E+00,4.88281E-02
-8.0820432E-01,1.72852E+00,6.83594E-02
-8.0818584E-01,1.66992E+00,4.88281E-02
-8.0816736E-01,1.68945E+00,6.83594E-02
-8.0814888E-01,1.65039E+00,2.92969E-02
-8.0813040E-01,1.74805E+00,4.88281E-02
-8.0811192E-01,1.72852E+00,4.88281E-02
-8.0809344E-01,1.68945E+00,8.78906E-02
-8.0807496E-01,1.70898E+00,4.88281E-02
-8.0805648E-01,1.74805E+00,9.76562E-03
-8.0803800E-01,1.70898E+00,4.88281E-02
-8.0801952E-01,1.72852E+00,6.83594E-02
-8.0800104E-01,1.66992E+00,-9.76562E-03
-8.0798256E-01,1.66992E+00,6.83594E-02
-8.0796408E-01,1.66992E+00,2.92969E-02
-8.0794560E-01,1.74805E+00,9.76562E-03
-8.0792712E-01,1.78711E+00,-2.92969E-02
-8.0790864E-01,1.70898E+00,4.88281E-02
-8.0789016E-01,1.65039E+00,6.83594E-02
-8.0787168E-01,1.72852E+00,6.83594E-02
-8.0785320E-01,1.65039E+00,9.76562E-03
-8.0783472E-01,1.70898E+00,6.83594E-02
-8.0781624E-01,1.68945E+00,9.76562E-03
-8.0779776E-01,1.74805E+00,6.83594E-02
-8.0777928E-01,1.68945E+00,4.88281E-02
-8.0776080E-01,1.66992E+00,1.26953E-01
-8.0774232E-01,1.68945E+00,9.76562E-03
-8.0772384E-01,1.72852E+00,2.92969E-02
-8.0770536E-01,1.70898E+00,6.83594E-02
-8.0768688E-01,1.68945E+00,2.92969E-02
-8.0766840E-01,1.72852E+00,6.83594E-02
-8.0764992E-01,1.65039E+00,9.76562E-03
-8.0763144E-01,1.76758E+00,4.88281E-02
-8.0761296E-01,1.68945E+00,8.78906E-02
-8.0759448E-01,1.76758E+00,9.76562E-03
-8.0757600E-01,1.72852E+00,4.88281E-02
-8.0755752E-01,1.74805E+00,4.88281E-02
-8.0753904E-01,1.66992E+00,4.88281E-02
-8.0752056E-01,1.65039E+00,2.92969E-02
-8.0750208E-01,1.72852E+00,9.76562E-03
-8.0748360E-01,1.66992E+00,4.88281E-02
-8.0746512E-01,1.74805E+00,2.92969E-02
-8.0744664E-01,1.66992E+00,4.88281E-02
-8.0742816E-01,1.70898E+00,9.76562E-03
-8.0740968E-01,1.74805E+00,2.92969E-02
-8.0739120E-01,1.70898E+00,9.76562E-03
-8.0737272E-01,1.66992E+00,9.76562E-03
-8.0735424E-01,1.70898E+00,8.78906E-02
-8.0733576E-01,1.70898E+00,9.76562E-03
-8.0731728E-01,1.70898E+00,2.92969E-02
-8.0729880E-01,1.74805E+00,9.76562E-03
-8.0728032E-01,1.72852E+00,9.76562E-03
-8.0726184E-01,1.65039E+00,4.88281E-02
-8.0724336E-01,1.70898E+00,4.88281E-02
-8.0722488E-01,1.72852E+00,2.92969E-02
-8.0720640E-01,1.66992E+00,2.92969E-02
-8.0718792E-01,1.72852E+00,9.76562E-03
-8.0716944E-01,1.66992E+00,4.88281E-02
-8.0715096E-01,1.66992E+00,4.88281E-02
-8.0713248E-01,1.66992E+00,4.88281E-02
-8.0711400E-01,1.65039E+00,2.92969E-02
-8.0709552E-01,1.66992E+00,1.07422E-01
-8.0707704E-01,1.78711E+00,9.76562E-03
-8.0705856E-01,1.65039E+00,9.76562E-03
-8.0704008E-01,1.66992E+00,9.76562E-03
-8.0702160E-01,1.70898E+00,2.92969E-02
-8.0700312E-01,1.70898E+00,4.88281E-02
-8.0698464E-01,1.68945E+00,1.26953E-01
-8.0696616E-01,1.72852E+00,9.76562E-03
-8.0694768E-01,1.68945E+00,8.78906E-02
-8.0692920E-01,1.76758E+00,8.78906E-02
-8.0691072E-01,1.74805E+00,2.92969E-02
-8.0689224E-01,1.66992E+00,2.92969E-02
-8.0687376E-01,1.74805E+00,4.88281E-02
-8.0685528E-01,1.66992E+00,9.76562E-03
-8.0683680E-01,1.72852E+00,6.83594E-02
-8.0681832E-01,1.68945E+00,-9.76562E-03
-8.0679984E-01,1.72852E+00,2.92969E-02
-8.0678136E-01,1.72852E+00,1.07422E-01
-8.0676288E-01,1.68945E+00,2.92969E-02
-8.0674440E-01,1.74805E+00,4.88281E-02
-8.0672592E-01,1.66992E+00,6.83594E-02
-8.0670744E-01,1.68945E+00,6.83594E-02
-8.0668896E-01,1.74805E+00,6.83594E-02
-8.0667048E-01,1.76758E+00,4.88281E-02
-8.0665200E-01,1.59180E+00,9.76562E-03
-8.0663352E-01,1.66992E+00,4.88281E-02
-8.0661504E-01,1.68945E+00,8.78906E-02
-8.0659656E-01,1.78711E+00,4.88281E-02
-8.0657808E-01,1.65039E+00,1.26953E-01
-8.0655960E-01,1.68945E+00,4.88281E-02
-8.0654112E-01,1.68945E+00,4.88281E-02
-8.0652264E-01,1.72852E+00,9.76562E-03
-8.0650416E-01,1.70898E+00,2.92969E-02
-8.0648568E-01,1.66992E+00,-9.76562E-03
-8.0646720E-01,1.66992E+00,2.92969E-02
-8.0644872E-01,1.65039E+00,2.92969E-02
-8.0643024E-01,1.72852E+00,4.88281E-02
-8.0641176E-01,1.74805E+00,2.92969E-02
-8.0639328E-01,1.66992E+00,4.88281E-02
-8.0637480E-01,1.70898E+00,2.92969E-02
-8.0635632E-01,1.68945E+00,6.83594E-02
-8.0633784E-01,1.72852E+00,-2.92969E-02
-8.0631936E-01,1.66992E+00,1.26953E-01
-8.0630088E-01,1.72852E+00,-4.88281E-02
-8.0628240E-01,1.70898E+00,1.07422E-01
-8.0626392E-01,1.76758E+00,2.92969E-02
-8.0624544E-01,1.72852E+00,8.78906E-02
-8.0622696E-01,1.66992E+00,-9.76562E-03
-8.0620848E-01,1.66992E+00,2.92969E-02
-8.0619000E-01,1.65039E+00,2.92969E-02
-8.0617152E-01,1.65039E+00,8.78906E-02
-8.0615304E-01,1.70898E+00,6.83594E-02
-8.0613456E-01,1.66992E+00,6.83594E-02
-8.0611608E-01,1.76758E+00,4.88281E-02
-8.0609760E-01,1.72852E+00,4.88281E-02
-8.0607912E-01,1.65039E+00,-2.92969E-02
-8.0606064E-01,1.70898E+00,6.83594E-02
-8.0604216E-01,1.66992E+00,9.76562E-03
-8.0602368E-01,1.65039E+00,4.88281E-02
-8.0600520E-01,1.66992E+00,4.88281E-02
-8.0598672E-01,1.65039E+00,4.88281E-02
-8.0596824E-01,1.66992E+00,4.88281E-02
-8.0594976E-01,1.66992E+00,4.88281E-02
-8.0593128E-01,1.70898E+00,9.76562E-03
-8.0591280E-01,1.72852E+00,6.83594E-02
-8.0589432E-01,1.72852E+00,2.92969E-02
-8.0587584E-01,1.65039E+00,4.88281E-02
-8.0585736E-01,1.76758E+00,2.92969E-02
-8.0583888E-01,1.70898E+00,8.78906E-02
-8.0582040E-01,1.68945E+00,-9.76562E-03
-8.0580192E-01,1.70898E+00,4.88281E-02
-8.0578344E-01,1.70898E+00,4.88281E-02
-8.0576496E-01,1.68945E+00,9.76562E-03
-8.0574648E-01,1.68945E+00,-9.76562E-03
-8.0572800E-01,1.70898E+00,6.83594E-02
-8.0570952E-01,1.66992E+00,4.88281E-02
-8.0569104E-01,1.66992E+00,4.88281E-02
-8.0567256E-01,1.72852E+00,9.76562E-03
-8.0565408E-01,1.78711E+00,6.83594E-02
-8.0563560E-01,1.76758E+00,9.76562E-03
-8.0561712E-01,1.68945E+00,4.88281E-02
-8.0559864E-01,1.78711E+00,9.76562E-03
-8.0558016E-01,1.66992E+00,6.83594E-02
-8.0556168E-01,1.72852E+00,4.88281E-02
-8.0554320E-01,1.68945E+00,6.83594E-02
-8.0552472E-01,1.66992E+00,2.92969E-02
-8.0550624E-01,1.66992E+00,4.88281E-02
-8.0548776E-01,1.74805E+00,9.76562E-03
-8.0546928E-01,1.65039E+00,4.88281E-02
-8.0545080E-01,1.72852E+00,2.92969E-02
-8.0543232E-01,1.70898E+00,4.88281E-02
-8.0541384E-01,1.70898E+00,2.92969E-02
-8.0539536E-01,1.72852E+00,6.83594E-02
-8.0537688E-01,1.72852E+00,-9.76562E-03
-8.0535840E-01,1.72852E+00,2.92969E-02
-8.0533992E-01,1.68945E+00,9.76562E-03
-8.0532144E-01,1.70898E+00,4.88281E-02
-8.0530296E-01,1.65039E+00,2.92969E-02
-8.0528448E-01,1.70898E+00,4.88281E-02
-8.0526600E-01,1.76758E+00,4.88281E-02
-8.0524752E-01,1.66992E+00,4.88281E-02
-8.0522904E-01,1.74805E+00,4.88281E-02
-8.0521056E-01,1.68945E+00,2.92969E-02
-8.0519208E-01,1.78711E+00,9.76562E-03
-8.0517360E-01,1.68945E+00,2.92969E-02
-8.0515512E-01,1.74805E+00,4.88281E-02
-8.0513664E-01,1.61133E+00,-4.88281E-02
-8.0511816E-01,1.68945E+00,2.92969E-02
-8.0509968E-01,1.74805E+00,8.78906E-02
-8.0508120E-01,1.66992E+00,9.76562E-03
-8.0506272E-01,1.70898E+00,2.92969E-02
-8.0504424E-01,1.66992E+00,1.07422E-01
-8.0502576E-01,1.70898E+00,2.92969E-02
-8.0500728E-01,1.72852E+00,4.88281E-02
-8.0498880E-01,1.72852E+00,4.88281E-02
-8.0497032E-01,1.65039E+00,2.92969E-02
-8.0495184E-01,1.72852E+00,6.83594E-02
-8.0493336E-01,1.76758E+00,2.92969E-02
-8.0491488E-01,1.72852E+00,8.78906E-02
-8.0489640E-01,1.76758E+00,2.92969E-02
-8.0487792E-01,1.76758E+00,6.83594E-02
-8.0485944E-01,1.76758E+00,4.88281E-02
-8.0484096E-01,1.72852E+00,2.92969E-02
-8.0482248E-01,1.66992E+00,9.76562E-03
-8.0480400E-01,1.72852E+00,9.76562E-03
-8.0478552E-01,1.68945E+00,4.88281E-02
-8.0476704E-01,1.72852E+00,1.07422E-01
-8.0474856E-01,1.74805E+00,4.88281E-02
-8.0473008E-01,1.65039E+00,6.83594E-02
-8.0471160E-01,1.78711E+00,9.76562E-03
-8.0469312E-01,1.72852E+00,1.07422E-01
-8.0467464E-01,1.66992E+00,-9.76562E-03
-8.0465616E-01,1.72852E+00,6.83594E-02
-8.0463768E-01,1.65039E+00,9.76562E-03
-8.0461920E-01,1.70898E+00,2.92969E-02
-8.0460072E-01,1.74805E+00,9.76562E-03
-8.0458224E-01,1.68945E+00,4.88281E-02
-8.0456376E-01,1.68945E+00,9.76562E-03
-8.0454528E-01,1.72852E+00,2.92969E-02
-8.0452680E-01,1.66992E+00,6.83594E-02
-8.0450832E-01,1.76758E+00,6.83594E-02
-8.0448984E-01,1.70898E+00,4.88281E-02
-8.0447136E-01,1.65039E+00,4.88281E-02
-8.0445288E-01,1.74805E+00,2.92969E-02
-8.0443440E-01,1.72852E+00,6.83594E-02
-8.0441592E-01,1.72852E+00,2.92969E-02
-8.0439744E-01,1.72852E+00,2.92969E-02
-8.0437896E-01,1.66992E+00,-9.76562E-03
-8.0436048E-01,1.68945E+00,2.92969E-02
-8.0434200E-01,1.70898E+00,4.88281E-02
-8.0432352E-01,1.72852E+00,2.92969E-02
-8.0430504E-01,1.70898E+00,2.92969E-02
-8.0428656E-01,1.72852E+00,1.07422E-01
-8.0426808E-01,1.72852E+00,4.88281E-02
-8.0424960E-01,1.70898E+00,4.88281E-02
-8.0423112E-01,1.76758E+00,4.88281E-02
-8.0421264E-01,1.65039E+00,9.76562E-03
-8.0419416E-01,1.70898E+00,9.76562E-03
-8.0417568E-01,1.72852E+00,-4.88281E-02
-8.0415720E-01,1.78711E+00,2.92969E-02
-8.0413872E-01,1.70898E+00,2.92969E-02
-8.0412024E-01,1.68945E+00,6.83594E-02
-8.0410176E-01,1.70898E+00,8.78906E-02
-8.0408328E-01,1.72852E+00,4.88281E-02
-8.0406480E-01,1.70898E+00,9.76562E-03
-8.0404632E-01,1.78711E+00,4.88281E-02
-8.0402784E-01,1.66992E+00,2.92969E-02
-8.0400936E-01,1.76758E+00,2.92969E-02
-8.0399088E-01,1.70898E+00,4.88281E-02
-8.0397240E-01,1.68945E+00,2.92969E-02
-8.0395392E-01,1.72852E+00,6.83594E-02
-8.0393544E-01,1.70898E+00,2.92969E-02
-8.0391696E-01,1.72852E+00,4.88281E-02
-8.0389848E-01,1.70898E+00,4.88281E-02
-8.0388000E-01,1.74805E+00,4.88281E-02
-8.0386152E-01,1.68945E+00,8.78906E-02
-8.0384304E-01,1.72852E+00,9.76562E-03
-8.0382456E-01,1.70898E+00,2.92969E-02
-8.0380608E-01,1.66992E+00,9.76562E-03
-8.0378760E-01,1.78711E+00,1.07422E-01
-8.0376912E-01,1.70898E+00,9.76562E-03
-8.0375064E-01,1.68945E+00,2.92969E-02
-8.0373216E-01,1.72852E+00,4.88281E-02
-8.0371368E-01,1.68945E+00,9.76562E-03
-8.0369520E-01,1.70898E+00,4.88281E-02
-8.0367672E-01,1.76758E+00,4.88281E-02
-8.0365824E-01,1.66992E+00,4.88281E-02
-8.0363976E-01,1.63086E+00,2.92969E-02
-8.0362128E-01,1.68945E+00,6.83594E-02
-8.0360280E-01,1.72852E+00,9.76562E-03
-8.0358432E-01,1.68945E+00,6.83594E-02
-8.0356584E-01,1.76758E+00,9.76562E-03
-8.0354736E-01,1.70898E+00,9.76562E-03
-8.0352888E-01,1.74805E+00,4.88281E-02
-8.0351040E-01,1.66992E+00,2.92969E-02
-8.0349192E-01,1.72852E+00,2.92969E-02
-8.0347344E-01,1.65039E+00,4.88281E-02
-8.0345496E-01,1.76758E+00,9.76562E-03
-8.0343648E-01,1.72852E+00,8.78906E-02
-8.0341800E-01,1.74805E+00,6.83594E-02
-8.0339952E-01,1.61133E+00,6.83594E-02
-8.0338104E-01,1.78711E+00,4.88281E-02
-8.0336256E-01,1.74805E+00,4.88281E-02
-8.0334408E-01,1.72852E+00,4.88281E-02
-8.0332560E-01,1.70898E+00,9.76562E-03
-8.0330712E-01,1.70898E+00,4.88281E-02
-8.0328864E-01,1.70898E+00,-2.92969E-02
-8.0327016E-01,1.74805E+00,4.88281E-02
-8.0325168E-01,1.66992E+00,9.76562E-03
-8.0323320E-01,1.70898E+00,9.76562E-03
-8.0321472E-01,1.65039E+00,6.83594E-02
-8.0319624E-01,1.66992E+00,-9.76562E-03
-8.0317776E-01,1.68945E+00,-9.76562E-03
-8.0315928E-01,1.74805E+00,9.76562E-03
-8.0314080E-01,1.68945E+00,6.83594E-02
-8.0312232E-01,1.72852E+00,2.92969E-02
-8.0310384E-01,1.68945E+00,2.92969E-02
-8.0308536E-01,1.72852E+00,9.76562E-03
-8.0306688E-01,1.74805E+00,4.88281E-02
-8.0304840E-01,1.74805E+00,6.83594E-02
-8.0302992E-01,1.76758E+00,4.88281E-02
-8.0301144E-01,1.66992E+00,9.76562E-03
-8.0299296E-01,1.65039E+00,9.76562E-03
-8.0297448E-01,1.78711E+00,4.88281E-02
-8.0295600E-01,1.68945E+00,9.76562E-03
-8.0293752E-01,1.76758E+00,9.76562E-03
-8.0291904E-01,1.72852E+00,2.92969E-02
-8.0290056E-01,1.76758E+00,4.88281E-02
-8.0288208E-01,1.72852E+00,8.78906E-02
-8.0286360E-01,1.68945E+00,9.76562E-03
-8.0284512E-01,1.65039E+00,4.88281E-02
-8.0282664E-01,1.72852E+00,2.92969E-02
-8.0280816E-01,1.65039E+00,8.78906E-02
-8.0278968E-01,1.68945E+00,9.76562E-03
-8.0277120E-01,1.72852E+00,9.76562E-03
-8.0275272E-01,1.72852E+00,6.83594E-02
-8.0273424E-01,1.65039E+00,4.88281E-02
-8.0271576E-01,1.76758E+00,2.92969E-02
-8.0269728E-01,1.68945E+00,9.76562E-03
-8.0267880E-01,1.68945E+00,2.92969E-02
-8.0266032E-01,1.66992E+00,2.92969E-02
-8.0264184E-01,1.66992E+00,2.92969E-02
-8.0262336E-01,1.70898E+00,2.92969E-02
-8.0260488E-01,1.74805E+00,9.76562E-03
-8.0258640E-01,1.65039E+00,4.88281E-02
-8.0256792E-01,1.70898E+00,6.83594E-02
-8.0254944E-01,1.66992E+00,9.76562E-03
-8.0253096E-01,1.74805E+00,-9.76562E-03
-8.0251248E-01,1.70898E+00,8.78906E-02
-8.0249400E-01,1.74805E+00,4.88281E-02
-8.0247552E-01,1.70898E+00,-9.76562E-03
-8.0245704E-01,1.76758E+00,-2.92969E-02
-8.0243856E-01,1.70898E+00,6.83594E-02
-8.0242008E-01,1.78711E+00,2.92969E-02
-8.0240160E-01,1.61133E+00,9.76562E-03
-8.0238312E-01,1.70898E+00,-4.88281E-02
-8.0236464E-01,1.61133E+00,6.83594E-02
-8.0234616E-01,1.66992E+00,9.76562E-03
-8.0232768E-01,1.70898E+00,4.88281E-02
-8.0230920E-01,1.68945E+00,-4.88281E-02
-8.0229072E-01,1.68945E+00,9.76562E-03
-8.0227224E-01,1.68945E+00,9.76562E-03
-8.0225376E-01,1.70898E+00,6.83594E-02
-8.0223528E-01,1.76758E+00,9.76562E-03
-8.0221680E-01,1.72852E+00,4.88281E-02
-8.0219832E-01,1.74805E+00,4.88281E-02
-8.0217984E-01,1.65039E+00,2.92969E-02
-8.0216136E-01,1.72852E+00,-9.76562E-03
-8.0214288E-01,1.72852E+00,6.83594E-02
-8.0212440E-01,1.74805E+00,4.88281E-02
-8.0210592E-01,1.72852E+00,2.92969E-02
-8.0208744E-01,1.70898E+00,-2.92969E-02
-8.0206896E-01,1.72852E+00,9.76562E-03
-8.0205048E-01,1.70898E+00,9.76562E-03
-8.0203200E-01,1.76758E+00,4.88281E-02
-8.0201352E-01,1.72852E+00,-9.76562E-03
-8.0199504E-01,1.72852E+00,6.83594E-02
-8.0197656E-01,1.78711E+00,2.92969E-02
-8.0195808E-01,1.72852E+00,4.88281E-02
-8.0193960E-01,1.65039E+00,-9.76562E-03
-8.0192112E-01,1.74805E+00,4.88281E-02
-8.0190264E-01,1.70898E+00,6.83594E-02
-8.0188416E-01,1.66992E+00,6.83594E-02
-8.0186568E-01,1.74805E+00,9.76562E-03
-8.0184720E-01,1.68945E+00,9.76562E-03
-8.0182872E-01,1.72852E+00,4.88281E-02
-8.0181024E-01,1.72852E+00,2.92969E-02
-8.0179176E-01,1.74805E+00,2.92969E-02
-8.0177328E-01,1.70898E+00,2.92969E-02
-8.0175480E-01,1.72852E+00,2.92969E-02
-8.0173632E-01,1.74805E+00,6.83594E-02
-8.0171784E-01,1.66992E+00,9.76562E-03
-8.0169936E-01,1.72852E+00,2.92969E-02
-8.0168088E-01,1.66992E+00,4.88281E-02
-8.0166240E-01,1.72852E+00,2.92969E-02
-8.0164392E-01,1.72852E+00,4.88281E-02
-8.0162544E-01,1.68945E+00,4.88281E-02
-8.0160696E-01,1.78711E+00,6.83594E-02
-8.0158848E-01,1.70898E+00,6.83594E-02
-8.0157000E-01,1.66992E+00,2.92969E-02
-8.0155152E-01,1.72852E+00,4.88281E-02
-8.0153304E-01,1.70898E+00,2.92969E-02
-8.0151456E-01,1.72852E+00,9.76562E-03
-8.0149608E-01,1.72852E+00,9.76562E-03
-8.0147760E-01,1.72852E+00,1.07422E-01
-8.0145912E-01,1.72852E+00,4.88281E-02
-8.0144064E-01,1.70898E+00,9.76562E-03
-8.0142216E-01,1.86523E+00,4.88281E-02
-8.0140368E-01,1.66992E+00,2.92969E-02
-8.0138520E-01,1.70898E+00,2.92969E-02
-8.0136672E-01,1.72852E+00,2.92969E-02
-8.0134824E-01,1.74805E+00,6.83594E-02
-8.0132976E-01,1.74805E+00,4.88281E-02
-8.0131128E-01,1.74805E+00,9.76562E-03
-8.0129280E-01,1.70898E+00,8.78906E-02
-8.0127432E-01,1.70898E+00,9.76562E-03
-8.0125584E-01,1.72852E+00,-9.76562E-03
-8.0123736E-01,1.66992E+00,9.76562E-03
-8.0121888E-01,1.72852E+00,2.92969E-02
-8.0120040E-01,1.76758E+00,1.07422E-01
-8.0118192E-01,1.70898E+00,4.88281E-02
-8.0116344E-01,1.74805E+00,4.88281E-02
-8.0114496E-01,1.65039E+00,6.83594E-02
-8.0112648E-01,1.72852E+00,2.92969E-02
-8.0110800E-01,1.68945E+00,4.88281E-02
-8.0108952E-01,1.70898E+00,6.83594E-02
-8.0107104E-01,1.70898E+00,8.78906E-02
-8.0105256E-01,1.72852E+00,4.88281E-02
-8.0103408E-01,1.72852E+00,6.83594E-02
-8.0101560E-01,1.76758E+00,2.92969E-02
-8.0099712E-01,1.70898E+00,6.83594E-02
-8.0097864E-01,1.72852E+00,9.76562E-03
-8.0096016E-01,1.76758E+00,2.92969E-02
-8.0094168E-01,1.72852E+00,9.76562E-03
-8.0092320E-01,1.70898E+00,4.88281E-02
-8.0090472E-01,1.72852E+00,-2.92969E-02
-8.0088624E-01,1.66992E+00,8.78906E-02
-8.0086776E-01,1.63086E+00,4.88281E-02
-8.0084928E-01,1.72852E+00,2.92969E-02
-8.0083080E-01,1.74805E+00,9.76562E-03
-8.0081232E-01,1.72852E+00,4.88281E-02
-8.0079384E-01,1.74805E+00,9.76562E-03
-8.0077536E-01,1.65039E+00,4.88281E-02
-8.0075688E-01,1.70898E+00,4.88281E-02
-8.0073840E-01,1.74805E+00,6.83594E-02
-8.0071992E-01,1.74805E+00,4.88281E-02
-8.0070144E-01,1.74805E+00,2.92969E-02
-8.0068296E-01,1.70898E+00,6.83594E-02
-8.0066448E-01,1.68945E+00,4.88281E-02
-8.0064600E-01,1.74805E+00,9.76562E-03
-8.0062752E-01,1.68945E+00,1.07422E-01
-8.0060904E-01,1.65039E+00,4.88281E-02
-8.0059056E-01,1.72852E+00,9.76562E-03
-8.0057208E-01,1.70898E+00,2.92969E-02
-8.0055360E-01,1.70898E+00,6.83594E-02
-8.0053512E-01,1.76758E+00,-9.76562E-03
-8.0051664E-01,1.66992E+00,6.83594E-02
-8.0049816E-01,1.66992E+00,4.88281E-02
-8.0047968E-01,1.68945E+00,6.83594E-02
-8.0046120E-01,1.70898E+00,4.88281E-02
-8.0044272E-01,1.65039E+00,1.07422E-01
-8.0042424E-01,1.76758E+00,2.92969E-02
-8.0040576E-01,1.68945E+00,2.92969E-02
-8.0038728E-01,1.72852E+00,9.76562E-03
-8.0036880E-01,1.72852E+00,9.76562E-03
-8.0035032E-01,1.72852E+00,9.76562E-03
-8.0033184E-01,1.72852E+00,9.76562E-03
-8.0031336E-01,1.70898E+00,2.92969E-02
-8.0029488E-01,1.70898E+00,2.92969E-02
-8.0027640E-01,1.66992E+00,9.76562E-03
-8.0025792E-01,1.65039E+00,6.83594E-02
-8.0023944E-01,1.78711E+00,4.88281E-02
-8.0022096E-01,1.74805E+00,9.76562E-03
-8.0020248E-01,1.70898E+00,2.92969E-02
-8.0018400E-01,1.72852E+00,2.92969E-02
-8.0016552E-01,1.74805E+00,-9.76562E-03
-8.0014704E-01,1.65039E+00,9.76562E-03
-8.0012856E-01,1.74805E+00,4.88281E-02
-8.0011008E-01,1.70898E+00,4.88281E-02
-8.0009160E-01,1.78711E+00,9.76562E-03
-8.0007312E-01,1.65039E+00,4.88281E-02
-8.0005464E-01,1.65039E+00,4.88281E-02
-8.0003616E-01,1.68945E+00,2.92969E-02
-8.0001768E-01,1.78711E+00,2.92969E-02
-7.9999920E-01,1.66992E+00,4.88281E-02
-7.9998072E-01,1.76758E+00,9.76562E-03
-7.9996224E-01,1.74805E+00,2.92969E-02
-7.9994376E-01,1.76758E+00,-9.76562E-03
-7.9992528E-01,1.70898E+00,4.88281E-02
-7.9990680E-01,1.76758E+00,-9.76562E-03
-7.9988832E-01,1.65039E+00,4.88281E-02
-7.9986984E-01,1.72852E+00,2.92969E-02
-7.9985136E-01,1.72852E+00,4.88281E-02
-7.9983288E-01,1.72852E+00,4.88281E-02
-7.9981440E-01,1.74805E+00,9.76562E-03
-7.9979592E-01,1.76758E+00,-9.76562E-03
-7.9977744E-01,1.72852E+00,4.88281E-02
-7.9975896E-01,1.76758E+00,-9.76562E-03
-7.9974048E-01,1.72852E+00,4.88281E-02
-7.9972200E-01,1.78711E+00,2.92969E-02
-7.9970352E-01,1.68945E+00,6.83594E-02
-7.9968504E-01,1.70898E+00,9.76562E-03
-7.9966656E-01,1.74805E+00,8.78906E-02
-7.9964808E-01,1.76758E+00,2.92969E-02
-7.9962960E-01,1.70898E+00,4.88281E-02
-7.9961112E-01,1.72852E+00,4.88281E-02
-7.9959264E-01,1.74805E+00,2.92969E-02
-7.9957416E-01,1.76758E+00,-9.76562E-03
-7.9955568E-01,1.70898E+00,2.92969E-02
-7.9953720E-01,1.80664E+00,6.83594E-02
-7.9951872E-01,1.72852E+00,9.76562E-03
-7.9950024E-01,1.76758E+00,-4.88281E-02
-7.9948176E-01,1.66992E+00,9.76562E-03
-7.9946328E-01,1.70898E+00,-9.76562E-03
-7.9944480E-01,1.68945E+00,6.83594E-02
-7.9942632E-01,1.80664E+00,4.88281E-02
-7.9940784E-01,1.72852E+00,2.92969E-02
-7.9938936E-01,1.68945E+00,4.88281E-02
-7.9937088E-01,1.70898E+00,4.88281E-02
-7.9935240E-01,1.76758E+00,6.83594E-02
-7.9933392E-01,1.72852E+00,4.88281E-02
-7.9931544E-01,1.80664E+00,2.92969E-02
-7.9929696E-01,1.74805E+00,2.92969E-02
-7.9927848E-01,1.70898E+00,9.76562E-03
-7.9926000E-01,1.66992E+00,4.88281E-02
-7.9924152E-01,1.76758E+00,9.76562E-03
-7.9922304E-01,1.70898E+00,8.78906E-02
-7.9920456E-01,1.68945E+00,2.92969E-02
-7.9918608E-01,1.74805E+00,6.83594E-02
-7.9916760E-01,1.78711E+00,4.88281E-02
-7.9914912E-01,1.65039E+00,9.76562E-03
-7.9913064E-01,1.78711E+00,2.92969E-02
-7.9911216E-01,1.68945E+00,2.92969E-02
-7.9909368E-01,1.82617E+00,9.76562E-03
-7.9907520E-01,1.72852E+00,2.92969E-02
-7.9905672E-01,1.80664E+00,4.88281E-02
-7.9903824E-01,1.70898E+00,9.76562E-03
-7.9901976E-01,1.74805E+00,4.88281E-02
-7.9900128E-01,1.72852E+00,4.88281E-02
-7.9898280E-01,1.72852E+00,4.88281E-02
-7.9896432E-01,1.72852E+00,4.88281E-02
-7.9894584E-01,1.74805E+00,-2.92969E-02
-7.9892736E-01,1.66992E+00,6.83594E-02
-7.9890888E-01,1.74805E+00,4.88281E-02
-7.9889040E-01,1.74805E+00,6.83594E-02
-7.9887192E-01,1.76758E+00,9.76562E-03
-7.9885344E-01,1.74805E+00,9.76562E-03
-7.9883496E-01,1.72852E+00,9.76562E-03
-7.9881648E-01,1.76758E+00,9.76562E-03
-7.9879800E-01,1.72852E+00,-9.76562E-03
-7.9877952E-01,1.70898E+00,4.88281E-02
-7.9876104E-01,1.74805E+00,4.88281E-02
-7.9874256E-01,1.68945E+00,9.76562E-03
-7.9872408E-01,1.74805E+00,4.88281E-02
-7.9870560E-01,1.70898E+00,1.07422E-01
-7.9868712E-01,1.65039E+00,9.76562E-03
-7.9866864E-01,1.66992E+00,4.88281E-02
-7.9865016E-01,1.78711E+00,4.88281E-02
-7.9863168E-01,1.70898E+00,4.88281E-02
-7.9861320E-01,1.78711E+00,2.92969E-02
-7.9859472E-01,1.66992E+00,8.78906E-02
-7.9857624E-01,1.80664E+00,-9.76562E-03
-7.9855776E-01,1.66992E+00,4.88281E-02
-7.9853928E-01,1.80664E+00,-9.76562E-03
-7.9852080E-01,1.72852E+00,6.83594E-02
-7.9850232E-01,1.72852E+00,9.76562E-03
-7.9848384E-01,1.70898E+00,6.83594E-02
-7.9846536E-01,1.72852E+00,2.92969E-02
-7.9844688E-01,1.70898E+00,4.88281E-02
-7.9842840E-01,1.74805E+00,4.88281E-02
-7.9840992E-01,1.74805E+00,4.88281E-02
-7.9839144E-01,1.72852E+00,4.88281E-02
-7.9837296E-01,1.70898E+00,4.88281E-02
-7.9835448E-01,1.76758E+00,4.88281E-02
-7.9833600E-01,1.72852E+00,4.88281E-02
-7.9831752E-01,1.72852E+00,-9.76562E-03
-7.9829904E-01,1.65039E+00,9.76562E-03
-7.9828056E-01,1.74805E+00,9.76562E-03
-7.9826208E-01,1.72852E+00,2.92969E-02
-7.9824360E-01,1.72852E+00,9.76562E-03
-7.9822512E-01,1.72852E+00,9.76562E-03
-7.9820664E-01,1.66992E+00,9.76562E-03
-7.9818816E-01,1.72852E+00,8.78906E-02
-7.9816968E-01,1.74805E+00,6.83594E-02
-7.9815120E-01,1.72852E+00,9.76562E-03
-7.9813272E-01,1.72852E+00,9.76562E-03
-7.9811424E-01,1.78711E+00,9.76562E-03
-7.9809576E-01,1.78711E+00,4.88281E-02
-7.9807728E-01,1.70898E+00,4.88281E-02
-7.9805880E-01,1.72852E+00,-9.76562E-03
-7.9804032E-01,1.68945E+00,9.76562E-03
-7.9802184E-01,1.74805E+00,4.88281E-02
-7.9800336E-01,1.66992E+00,6.83594E-02
-7.9798488E-01,1.76758E+00,9.76562E-03
-7.9796640E-01,1.72852E+00,4.88281E-02
-7.9794792E-01,1.76758E+00,4.88281E-02
-7.9792944E-01,1.74805E+00,6.83594E-02
-7.9791096E-01,1.80664E+00,4.88281E-02
-7.9789248E-01,1.72852E+00,2.92969E-02
-7.9787400E-01,1.66992E+00,-9.76562E-03
-7.9785552E-01,1.78711E+00,1.26953E-01
-7.9783704E-01,1.70898E+00,9.76562E-03
-7.9781856E-01,1.74805E+00,2.92969E-02
-7.9780008E-01,1.80664E+00,4.88281E-02
-7.9778160E-01,1.74805E+00,9.76562E-03
-7.9776312E-01,1.76758E+00,6.83594E-02
-7.9774464E-01,1.72852E+00,2.92969E-02
-7.9772616E-01,1.76758E+00,9.76562E-03
-7.9770768E-01,1.66992E+00,-9.76562E-03
-7.9768920E-01,1.74805E+00,6.83594E-02
-7.9767072E-01,1.72852E+00,2.92969E-02
-7.9765224E-01,1.80664E+00,2.92969E-02
-7.9763376E-01,1.78711E+00,8.78906E-02
-7.9761528E-01,1.74805E+00,2.92969E-02
-7.9759680E-01,1.66992E+00,4.88281E-02
-7.9757832E-01,1.74805E+00,9.76562E-03
-7.9755984E-01,1.66992E+00,2.92969E-02
-7.9754136E-01,1.74805E+00,4.88281E-02
-7.9752288E-01,1.72852E+00,4.88281E-02
-7.9750440E-01,1.72852E+00,1.26953E-01
-7.9748592E-01,1.70898E+00,4.88281E-02
-7.9746744E-01,1.66992E+00,4.88281E-02
-7.9744896E-01,1.74805E+00,6.83594E-02
-7.9743048E-01,1.70898E+00,8.78906E-02
-7.9741200E-01,1.66992E+00,8.78906E-02
-7.9739352E-01,1.76758E+00,9.76562E-03
-7.9737504E-01,1.74805E+00,4.88281E-02
-7.9735656E-01,1.72852E+00,4.88281E-02
-7.9733808E-01,1.68945E+00,4.88281E-02
-7.9731960E-01,1.78711E+00,4.88281E-02
-7.9730112E-01,1.72852E+00,9.76562E-03
-7.9728264E-01,1.72852E+00,4.88281E-02
-7.9726416E-01,1.72852E+00,4.88281E-02
-7.9724568E-01,1.68945E+00,4.88281E-02
-7.9722720E-01,1.74805E+00,2.92969E-02
-7.9720872E-01,1.84570E+00,-2.92969E-02
-7.9719024E-01,1.68945E+00,4.88281E-02
-7.9717176E-01,1.82617E+00,4.88281E-02
-7.9715328E-01,1.76758E+00,9.76562E-03
-7.9713480E-01,1.82617E+00,2.92969E-02
-7.9711632E-01,1.66992E+00,2.92969E-02
-7.9709784E-01,1.74805E+00,-9.76562E-03
-7.9707936E-01,1.66992E+00,1.07422E-01
-7.9706088E-01,1.76758E+00,2.92969E-02
-7.9704240E-01,1.74805E+00,9.76562E-03
-7.9702392E-01,1.72852E+00,9.76562E-03
-7.9700544E-01,1.72852E+00,9.76562E-03
-7.9698696E-01,1.70898E+00,2.92969E-02
-7.9696848E-01,1.72852E+00,6.83594E-02
-7.9695000E-01,1.70898E+00,9.76562E-03
-7.9693152E-01,1.66992E+00,-2.92969E-02
-7.9691304E-01,1.76758E+00,-2.92969E-02
-7.9689456E-01,1.70898E+00,9.76562E-03
-7.9687608E-01,1.80664E+00,4.88281E-02
-7.9685760E-01,1.72852E+00,6.83594E-02
-7.9683912E-01,1.70898E+00,9.76562E-03
-7.9682064E-01,1.72852E+00,9.76562E-03
-7.9680216E-01,1.74805E+00,4.88281E-02
-7.9678368E-01,1.72852E+00,9.76562E-03
-7.9676520E-01,1.78711E+00,9.76562E-03
-7.9674672E-01,1.76758E+00,9.76562E-03
-7.9672824E-01,1.72852E+00,2.92969E-02
-7.9670976E-01,1.76758E+00,6.83594E-02
-7.9669128E-01,1.76758E+00,1.07422E-01
-7.9667280E-01,1.78711E+00,2.92969E-02
-7.9665432E-01,1.78711E+00,6.83594E-02
-7.9663584E-01,1.68945E+00,6.83594E-02
-7.9661736E-01,1.74805E+00,9.76562E-03
-7.9659888E-01,1.68945E+00,4.88281E-02
-7.9658040E-01,1.74805E+00,4.88281E-02
-7.9656192E-01,1.72852E+00,4.88281E-02
-7.9654344E-01,1.70898E+00,9.76562E-03
-7.9652496E-01,1.72852E+00,4.88281E-02
-7.9650648E-01,1.68945E+00,9.76562E-03
-7.9648800E-01,1.78711E+00,2.92969E-02
-7.9646952E-01,1.74805E+00,9.76562E-03
-7.9645104E-01,1.70898E+00,1.07422E-01
-7.9643256E-01,1.72852E+00,4.88281E-02
-7.9641408E-01,1.78711E+00,6.83594E-02
-7.9639560E-01,1.72852E+00,-9.76562E-03
-7.9637712E-01,1.72852E+00,4.88281E-02
-7.9635864E-01,1.74805E+00,4.88281E-02
-7.9634016E-01,1.74805E+00,8.78906E-02
-7.9632168E-01,1.72852E+00,4.88281E-02
-7.9630320E-01,1.78711E+00,9.76562E-03
-7.9628472E-01,1.78711E+00,2.92969E-02
-7.9626624E-01,1.74805E+00,4.88281E-02
-7.9624776E-01,1.80664E+00,6.83594E-02
-7.9622928E-01,1.76758E+00,1.46484E-01
-7.9621080E-01,1.78711E+00,2.92969E-02
-7.9619232E-01,1.66992E+00,6.83594E-02
-7.9617384E-01,1.74805E+00,4.88281E-02
-7.9615536E-01,1.66992E+00,2.92969E-02
-7.9613688E-01,1.76758E+00,9.76562E-03
-7.9611840E-01,1.70898E+00,4.88281E-02
-7.9609992E-01,1.72852E+00,-9.76562E-03
-7.9608144E-01,1.78711E+00,6.83594E-02
-7.9606296E-01,1.78711E+00,2.92969E-02
-7.9604448E-01,1.74805E+00,8.78906E-02
-7.9602600E-01,1.76758E+00,2.92969E-02
-7.9600752E-01,1.74805E+00,6.83594E-02
-7.9598904E-01,1.82617E+00,6.83594E-02
-7.9597056E-01,1.74805E+00,2.92969E-02
-7.9595208E-01,1.76758E+00,-9.76562E-03
-7.9593360E-01,1.74805E+00,2.92969E-02
-7.9591512E-01,1.70898E+00,-2.92969E-02
-7.9589664E-01,1.74805E+00,2.92969E-02
-7.9587816E-01,1.74805E+00,9.76562E-03
-7.9585968E-01,1.72852E+00,4.88281E-02
-7.9584120E-01,1.74805E+00,2.92969E-02
-7.9582272E-01,1.68945E+00,4.88281E-02
-7.9580424E-01,1.74805E+00,2.92969E-02
-7.9578576E-01,1.76758E+00,4.88281E-02
-7.9576728E-01,1.76758E+00,6.83594E-02
-7.9574880E-01,1.74805E+00,2.92969E-02
-7.9573032E-01,1.78711E+00,6.83594E-02
-7.9571184E-01,1.78711E+00,2.92969E-02
-7.9569336E-01,1.80664E+00,4.88281E-02
-7.9567488E-01,1.72852E+00,1.07422E-01
-7.9565640E-01,1.72852E+00,9.76562E-03
-7.9563792E-01,1.76758E+00,6.83594E-02
-7.9561944E-01,1.72852E+00,9.76562E-03
-7.9560096E-01,1.68945E+00,2.92969E-02
-7.9558248E-01,1.74805E+00,2.92969E-02
-7.9556400E-01,1.70898E+00,6.83594E-02
-7.9554552E-01,1.74805E+00,2.92969E-02
-7.9552704E-01,1.70898E+00,2.92969E-02
-7.9550856E-01,1.80664E+00,-2.92969E-02
-7.9549008E-01,1.70898E+00,1.07422E-01
-7.9547160E-01,1.76758E+00,2.92969E-02
-7.9545312E-01,1.65039E+00,8.78906E-02
-7.9543464E-01,1.72852E+00,9.76562E-03
-7.9541616E-01,1.74805E+00,2.92969E-02
-7.9539768E-01,1.76758E+00,-2.92969E-02
-7.9537920E-01,1.72852E+00,2.92969E-02
-7.9536072E-01,1.70898E+00,6.83594E-02
-7.9534224E-01,1.72852E+00,4.88281E-02
-7.9532376E-01,1.72852E+00,-2.92969E-02
-7.9530528E-01,1.76758E+00,4.88281E-02
-7.9528680E-01,1.78711E+00,6.83594E-02
-7.9526832E-01,1.65039E+00,4.88281E-02
-7.9524984E-01,1.70898E+00,9.76562E-03
-7.9523136E-01,1.72852E+00,4.88281E-02
-7.9521288E-01,1.76758E+00,9.76562E-03
-7.9519440E-01,1.72852E+00,6.83594E-02
-7.9517592E-01,1.78711E+00,9.76562E-03
-7.9515744E-01,1.72852E+00,2.92969E-02
-7.9513896E-01,1.76758E+00,2.92969E-02
-7.9512048E-01,1.74805E+00,4.88281E-02
-7.9510200E-01,1.80664E+00,-9.76562E-03
-7.9508352E-01,1.72852E+00,9.76562E-03
-7.9506504E-01,1.74805E+00,9.76562E-03
-7.9504656E-01,1.70898E+00,4.88281E-02
-7.9502808E-01,1.68945E+00,2.92969E-02
-7.9500960E-01,1.78711E+00,6.83594E-02
-7.9499112E-01,1.80664E+00,4.88281E-02
-7.9497264E-01,1.72852E+00,9.76562E-03
-7.9495416E-01,1.78711E+00,9.76562E-03
-7.9493568E-01,1.74805E+00,2.92969E-02
-7.9491720E-01,1.74805E+00,-9.76562E-03
-7.9489872E-01,1.72852E+00,2.92969E-02
-7.9488024E-01,1.72852E+00,2.92969E-02
-7.9486176E-01,1.72852E+00,6.83594E-02
-7.9484328E-01,1.78711E+00,6.83594E-02
-7.9482480E-01,1.76758E+00,-2.92969E-02
-7.9480632E-01,1.76758E+00,4.88281E-02
-7.9478784E-01,1.74805E+00,6.83594E-02
-7.9476936E-01,1.78711E+00,2.92969E-02
-7.9475088E-01,1.76758E+00,4.88281E-02
-7.9473240E-01,1.78711E+00,4.88281E-02
-7.9471392E-01,1.70898E+00,6.83594E-02
-7.9469544E-01,1.72852E+00,6.83594E-02
-7.9467696E-01,1.80664E+00,-2.92969E-02
-7.9465848E-01,1.76758E+00,9.76562E-03
-7.9464000E-01,1.72852E+00,9.76562E-03
-7.9462152E-01,1.76758E+00,9.76562E-03
-7.9460304E-01,1.78711E+00,2.92969E-02
-7.9458456E-01,1.70898E+00,-2.92969E-02
-7.9456608E-01,1.72852E+00,6.83594E-02
-7.9454760E-01,1.74805E+00,4.88281E-02
-7.9452912E-01,1.70898E+00,9.76562E-03
-7.9451064E-01,1.78711E+00,4.88281E-02
-7.9449216E-01,1.78711E+00,6.83594E-02
-7.9447368E-01,1.78711E+00,9.76562E-03
-7.9445520E-01,1.74805E+00,2.92969E-02
-7.9443672E-01,1.80664E+00,2.92969E-02
-7.9441824E-01,1.72852E+00,8.78906E-02
-7.9439976E-01,1.76758E+00,4.88281E-02
-7.9438128E-01,1.66992E+00,4.88281E-02
-7.9436280E-01,1.74805E+00,9.76562E-03
-7.9434432E-01,1.76758E+00,6.83594E-02
-7.9432584E-01,1.80664E+00,4.88281E-02
-7.9430736E-01,1.72852E+00,-9.76562E-03
-7.9428888E-01,1.72852E+00,2.92969E-02
-7.9427040E-01,1.70898E+00,1.26953E-01
-7.9425192E-01,1.80664E+00,9.76562E-03
-7.9423344E-01,1.65039E+00,-4.88281E-02
-7.9421496E-01,1.74805E+00,9.76562E-03
-7.9419648E-01,1.74805E+00,6.83594E-02
-7.9417800E-01,1.66992E+00,4.88281E-02
-7.9415952E-01,1.76758E+00,2.92969E-02
-7.9414104E-01,1.72852E+00,-2.92969E-02
-7.9412256E-01,1.65039E+00,6.83594E-02
-7.9410408E-01,1.76758E+00,4.88281E-02
-7.9408560E-01,1.76758E+00,4.88281E-02
-7.9406712E-01,1.72852E+00,9.76562E-03
-7.9404864E-01,1.76758E+00,2.92969E-02
-7.9403016E-01,1.72852E+00,9.76562E-03
-7.9401168E-01,1.74805E+00,9.76562E-03
-7.9399320E-01,1.74805E+00,-9.76562E-03
-7.9397472E-01,1.66992E+00,6.83594E-02
-7.9395624E-01,1.78711E+00,2.92969E-02
-7.9393776E-01,1.70898E+00,1.26953E-01
-7.9391928E-01,1.78711E+00,-9.76562E-03
-7.9390080E-01,1.74805E+00,6.83594E-02
-7.9388232E-01,1.76758E+00,6.83594E-02
-7.9386384E-01,1.72852E+00,9.76562E-03
-7.9384536E-01,1.80664E+00,9.76562E-03
-7.9382688E-01,1.68945E+00,2.92969E-02
-7.9380840E-01,1.78711E+00,6.83594E-02
-7.9378992E-01,1.72852E+00,1.07422E-01
-7.9377144E-01,1.70898E+00,-9.76562E-03
-7.9375296E-01,1.66992E+00,4.88281E-02
-7.9373448E-01,1.78711E+00,4.88281E-02
-7.9371600E-01,1.76758E+00,2.92969E-02
-7.9369752E-01,1.76758E+00,4.88281E-02
-7.9367904E-01,1.66992E+00,2.92969E-02
-7.9366056E-01,1.74805E+00,2.92969E-02
-7.9364208E-01,1.80664E+00,1.26953E-01
-7.9362360E-01,1.82617E+00,-9.76562E-03
-7.9360512E-01,1.76758E+00,6.83594E-02
-7.9358664E-01,1.72852E+00,9.76562E-03
-7.9356816E-01,1.70898E+00,2.92969E-02
-7.9354968E-01,1.76758E+00,6.83594E-02
-7.9353120E-01,1.80664E+00,2.92969E-02
-7.9351272E-01,1.76758E+00,9.76562E-03
-7.9349424E-01,1.66992E+00,8.78906E-02
-7.9347576E-01,1.80664E+00,4.88281E-02
-7.9345728E-01,1.72852E+00,-9.76562E-03
-7.9343880E-01,1.78711E+00,-2.92969E-02
-7.9342032E-01,1.70898E+00,4.88281E-02
-7.9340184E-01,1.76758E+00,6.83594E-02
-7.9338336E-01,1.80664E+00,2.92969E-02
-7.9336488E-01,1.70898E+00,2.92969E-02
-7.9334640E-01,1.72852E+00,2.92969E-02
-7.9332792E-01,1.76758E+00,9.76562E-03
-7.9330944E-01,1.72852E+00,6.83594E-02
-7.9329096E-01,1.74805E+00,4.88281E-02
-7.9327248E-01,1.70898E+00,6.83594E-02
-7.9325400E-01,1.76758E+00,2.92969E-02
-7.9323552E-01,1.72852E+00,6.83594E-02
-7.9321704E-01,1.76758E+00,2.92969E-02
-7.9319856E-01,1.70898E+00,-2.92969E-02
-7.9318008E-01,1.80664E+00,9.76562E-03
-7.9316160E-01,1.68945E+00,4.88281E-02
-7.9314312E-01,1.76758E+00,6.83594E-02
-7.9312464E-01,1.72852E+00,9.76562E-03
-7.9310616E-01,1.78711E+00,9.76562E-03
-7.9308768E-01,1.72852E+00,6.83594E-02
-7.9306920E-01,1.80664E+00,9.76562E-03
-7.9305072E-01,1.70898E+00,9.76562E-03
-7.9303224E-01,1.76758E+00,4.88281E-02
-7.9301376E-01,1.70898E+00,4.88281E-02
-7.9299528E-01,1.78711E+00,2.92969E-02
-7.9297680E-01,1.72852E+00,6.83594E-02
-7.9295832E-01,1.78711E+00,6.83594E-02
-7.9293984E-01,1.68945E+00,6.83594E-02
-7.9292136E-01,1.74805E+00,4.88281E-02
-7.9290288E-01,1.72852E+00,2.92969E-02
-7.9288440E-01,1.76758E+00,4.88281E-02
-7.9286592E-01,1.78711E+00,-9.76562E-03
-7.9284744E-01,1.76758E+00,9.76562E-03
-7.9282896E-01,1.70898E+00,6.83594E-02
-7.9281048E-01,1.80664E+00,9.76562E-03
-7.9279200E-01,1.72852E+00,4.88281E-02
-7.9277352E-01,1.74805E+00,2.92969E-02
-7.9275504E-01,1.72852E+00,6.83594E-02
-7.9273656E-01,1.70898E+00,9.76562E-03
-7.9271808E-01,1.72852E+00,9.76562E-03
-7.9269960E-01,1.82617E+00,2.92969E-02
-7.9268112E-01,1.78711E+00,2.92969E-02
-7.9266264E-01,1.80664E+00,2.92969E-02
-7.9264416E-01,1.66992E+00,4.88281E-02
-7.9262568E-01,1.78711E+00,9.76562E-03
-7.9260720E-01,1.78711E+00,4.88281E-02
-7.9258872E-01,1.82617E+00,-9.76562E-03
-7.9257024E-01,1.76758E+00,9.76562E-03
-7.9255176E-01,1.82617E+00,2.92969E-02
-7.9253328E-01,1.72852E+00,4.88281E-02
-7.9251480E-01,1.72852E+00,9.76562E-03
-7.9249632E-01,1.72852E+00,9.76562E-03
-7.9247784E-01,1.78711E+00,9.76562E-03
-7.9245936E-01,1.76758E+00,6.83594E-02
-7.9244088E-01,1.80664E+00,2.92969E-02
-7.9242240E-01,1.72852E+00,4.88281E-02
-7.9240392E-01,1.80664E+00,2.92969E-02
-7.9238544E-01,1.80664E+00,2.92969E-02
-7.9236696E-01,1.80664E+00,9.76562E-03
-7.9234848E-01,1.74805E+00,6.83594E-02
-7.9233000E-01,1.72852E+00,4.88281E-02
-7.9231152E-01,1.78711E+00,-2.92969E-02
-7.9229304E-01,1.82617E+00,-9.76562E-03
-7.9227456E-01,1.72852E+00,4.88281E-02
-7.9225608E-01,1.80664E+00,9.76562E-03
-7.9223760E-01,1.84570E+00,-9.76562E-03
-7.9221912E-01,1.74805E+00,-9.76562E-03
-7.9220064E-01,1.78711E+00,9.76562E-03
-7.9218216E-01,1.70898E+00,4.88281E-02
-7.9216368E-01,1.74805E+00,4.88281E-02
-7.9214520E-01,1.74805E+00,4.88281E-02
-7.9212672E-01,1.76758E+00,2.92969E-02
-7.9210824E-01,1.74805E+00,4.88281E-02
-7.9208976E-01,1.78711E+00,2.92969E-02
-7.9207128E-01,1.74805E+00,4.88281E-02
-7.9205280E-01,1.80664E+00,9.76562E-03
-7.9203432E-01,1.66992E+00,6.83594E-02
-7.9201584E-01,1.72852E+00,4.88281E-02
-7.9199736E-01,1.80664E+00,4.88281E-02
-7.9197888E-01,1.76758E+00,-9.76562E-03
-7.9196040E-01,1.76758E+00,9.76562E-03
-7.9194192E-01,1.82617E+00,-2.92969E-02
-7.9192344E-01,1.76758E+00,6.83594E-02
-7.9190496E-01,1.74805E+00,4.88281E-02
-7.9188648E-01,1.72852E+00,4.88281E-02
-7.9186800E-01,1.78711E+00,2.92969E-02
-7.9184952E-01,1.76758E+00,1.07422E-01
-7.9183104E-01,1.76758E+00,4.88281E-02
-7.9181256E-01,1.80664E+00,8.78906E-02
-7.9179408E-01,1.72852E+00,2.92969E-02
-7.9177560E-01,1.68945E+00,2.92969E-02
-7.9175712E-01,1.72852E+00,4.88281E-02
-7.9173864E-01,1.68945E+00,4.88281E-02
-7.9172016E-01,1.76758E+00,-9.76562E-03
-7.9170168E-01,1.74805E+00,2.92969E-02
-7.9168320E-01,1.80664E+00,4.88281E-02
-7.9166472E-01,1.76758E+00,4.88281E-02
-7.9164624E-01,1.80664E+00,4.88281E-02
-7.9162776E-01,1.76758E+00,9.76562E-03
-7.9160928E-01,1.72852E+00,9.76562E-03
-7.9159080E-01,1.76758E+00,6.83594E-02
-7.9157232E-01,1.76758E+00,4.88281E-02
-7.9155384E-01,1.72852E+00,8.78906E-02
-7.9153536E-01,1.84570E+00,4.88281E-02
-7.9151688E-01,1.76758E+00,4.88281E-02
-7.9149840E-01,1.80664E+00,9.76562E-03
-7.9147992E-01,1.76758E+00,6.83594E-02
-7.9146144E-01,1.74805E+00,9.76562E-03
-7.9144296E-01,1.80664E+00,9.76562E-03
-7.9142448E-01,1.78711E+00,-2.92969E-02
-7.9140600E-01,1.72852E+00,4.88281E-02
-7.9138752E-01,1.80664E+00,6.83594E-02
-7.9136904E-01,1.80664E+00,6.83594E-02
-7.9135056E-01,1.86523E+00,4.88281E-02
-7.9133208E-01,1.72852E+00,9.76562E-03
-7.9131360E-01,1.80664E+00,-9.76562E-03
-7.9129512E-01,1.78711E+00,8.78906E-02
-7.9127664E-01,1.74805E+00,9.76562E-03
-7.9125816E-01,1.78711E+00,9.76562E-03
-7.9123968E-01,1.80664E+00,2.92969E-02
-7.9122120E-01,1.72852E+00,4.88281E-02
-7.9120272E-01,1.78711E+00,9.76562E-03
-7.9118424E-01,1.70898E+00,6.83594E-02
-7.9116576E-01,1.84570E+00,4.88281E-02
-7.9114728E-01,1.78711E+00,1.26953E-01
-7.9112880E-01,1.74805E+00,-9.76562E-03
-7.9111032E-01,1.74805E+00,6.83594E-02
-7.9109184E-01,1.76758E+00,2.92969E-02
-7.9107336E-01,1.76758E+00,9.76562E-03
-7.9105488E-01,1.86523E+00,-9.76562E-03
-7.9103640E-01,1.78711E+00,2.92969E-02
-7.9101792E-01,1.78711E+00,-9.76562E-03
-7.9099944E-01,1.78711E+00,6.83594E-02
-7.9098096E-01,1.80664E+00,6.83594E-02
-7.9096248E-01,1.72852E+00,9.76562E-03
-7.9094400E-01,1.76758E+00,9.76562E-03
-7.9092552E-01,1.84570E+00,2.92969E-02
-7.9090704E-01,1.78711E+00,2.92969E-02
-7.9088856E-01,1.76758E+00,8.78906E-02
-7.9087008E-01,1.74805E+00,2.92969E-02
-7.9085160E-01,1.70898E+00,8.78906E-02
-7.9083312E-01,1.82617E+00,6.83594E-02
-7.9081464E-01,1.72852E+00,2.92969E-02
-7.9079616E-01,1.78711E+00,2.92969E-02
-7.9077768E-01,1.72852E+00,4.88281E-02
-7.9075920E-01,1.78711E+00,-9.76562E-03
-7.9074072E-01,1.74805E+00,2.92969E-02
-7.9072224E-01,1.78711E+00,2.92969E-02
-7.9070376E-01,1.72852E+00,9.76562E-03
-7.9068528E-01,1.78711E+00,2.92969E-02
-7.9066680E-01,1.78711E+00,9.76562E-03
-7.9064832E-01,1.78711E+00,2.92969E-02
-7.9062984E-01,1.72852E+00,4.88281E-02
-7.9061136E-01,1.80664E+00,2.92969E-02
-7.9059288E-01,1.74805E+00,6.83594E-02
-7.9057440E-01,1.86523E+00,4.88281E-02
-7.9055592E-01,1.72852E+00,6.83594E-02
-7.9053744E-01,1.74805E+00,2.92969E-02
-7.9051896E-01,1.78711E+00,8.78906E-02
-7.9050048E-01,1.82617E+00,-9.76562E-03
-7.9048200E-01,1.70898E+00,6.83594E-02
-7.9046352E-01,1.72852E+00,4.88281E-02
-7.9044504E-01,1.76758E+00,6.83594E-02
-7.9042656E-01,1.80664E+00,-2.92969E-02
-7.9040808E-01,1.68945E+00,6.83594E-02
-7.9038960E-01,1.80664E+00,-9.76562E-03
-7.9037112E-01,1.72852E+00,1.07422E-01
-7.9035264E-01,1.78711E+00,-9.76562E-03
-7.9033416E-01,1.74805E+00,6.83594E-02
-7.9031568E-01,1.80664E+00,9.76562E-03
-7.9029720E-01,1.72852E+00,2.92969E-02
-7.9027872E-01,1.78711E+00,4.88281E-02
-7.9026024E-01,1.68945E+00,9.76562E-03
-7.9024176E-01,1.74805E+00,2.92969E-02
-7.9022328E-01,1.74805E+00,1.07422E-01
-7.9020480E-01,1.74805E+00,9.76562E-03
-7.9018632E-01,1.72852E+00,2.92969E-02
-7.9016784E-01,1.70898E+00,9.76562E-03
-7.9014936E-01,1.72852E+00,4.88281E-02
-7.9013088E-01,1.78711E+00,-9.76562E-03
-7.9011240E-01,1.72852E+00,6.83594E-02
-7.9009392E-01,1.80664E+00,4.88281E-02
-7.9007544E-01,1.78711E+00,2.92969E-02
-7.9005696E-01,1.82617E+00,9.76562E-03
-7.9003848E-01,1.72852E+00,6.83594E-02
-7.9002000E-01,1.76758E+00,4.88281E-02
-7.9000152E-01,1.78711E+00,4.88281E-02
-7.8998304E-01,1.80664E+00,2.92969E-02
-7.8996456E-01,1.84570E+00,2.92969E-02
-7.8994608E-01,1.76758E+00,9.76562E-03
-7.8992760E-01,1.70898E+00,6.83594E-02
-7.8990912E-01,1.70898E+00,4.88281E-02
-7.8989064E-01,1.70898E+00,9.76562E-03
-7.8987216E-01,1.80664E+00,6.83594E-02
-7.8985368E-01,1.78711E+00,8.78906E-02
-7.8983520E-01,1.80664E+00,2.92969E-02
-7.8981672E-01,1.76758E+00,4.88281E-02
-7.8979824E-01,1.78711E+00,4.88281E-02
-7.8977976E-01,1.72852E+00,6.83594E-02
-7.8976128E-01,1.80664E+00,4.88281E-02
-7.8974280E-01,1.74805E+00,4.88281E-02
-7.8972432E-01,1.78711E+00,9.76562E-03
-7.8970584E-01,1.78711E+00,6.83594E-02
-7.8968736E-01,1.72852E+00,9.76562E-03
-7.8966888E-01,1.70898E+00,2.92969E-02
-7.8965040E-01,1.80664E+00,2.92969E-02
-7.8963192E-01,1.78711E+00,6.83594E-02
-7.8961344E-01,1.74805E+00,9.76562E-03
-7.8959496E-01,1.76758E+00,9.76562E-03
-7.8957648E-01,1.76758E+00,9.76562E-03
-7.8955800E-01,1.78711E+00,2.92969E-02
-7.8953952E-01,1.74805E+00,6.83594E-02
-7.8952104E-01,1.74805E+00,2.92969E-02
-7.8950256E-01,1.74805E+00,-2.92969E-02
-7.8948408E-01,1.78711E+00,6.83594E-02
-7.8946560E-01,1.78711E+00,4.88281E-02
-7.8944712E-01,1.76758E+00,2.92969E-02
-7.8942864E-01,1.80664E+00,4.88281E-02
-7.8941016E-01,1.76758E+00,4.88281E-02
-7.8939168E-01,1.82617E+00,4.88281E-02
-7.8937320E-01,1.74805E+00,2.92969E-02
-7.8935472E-01,1.72852E+00,4.88281E-02
-7.8933624E-01,1.72852E+00,2.92969E-02
-7.8931776E-01,1.76758E+00,4.88281E-02
-7.8929928E-01,1.78711E+00,2.92969E-02
-7.8928080E-01,1.76758E+00,9.76562E-03
-7.8926232E-01,1.78711E+00,4.88281E-02
-7.8924384E-01,1.78711E+00,8.78906E-02
-7.8922536E-01,1.78711E+00,6.83594E-02
-7.8920688E-01,1.76758E+00,9.76562E-03
-7.8918840E-01,1.72852E+00,2.92969E-02
-7.8916992E-01,1.82617E+00,2.92969E-02
-7.8915144E-01,1.72852E+00,2.92969E-02
-7.8913296E-01,1.78711E+00,9.76562E-03
-7.8911448E-01,1.76758E+00,4.88281E-02
-7.8909600E-01,1.78711E+00,9.76562E-03
-7.8907752E-01,1.80664E+00,4.88281E-02
-7.8905904E-01,1.76758E+00,2.92969E-02
-7.8904056E-01,1.72852E+00,4.88281E-02
-7.8902208E-01,1.78711E+00,9.76562E-03
-7.8900360E-01,1.72852E+00,2.92969E-02
-7.8898512E-01,1.82617E+00,-9.76562E-03
-7.8896664E-01,1.70898E+00,2.92969E-02
-7.8894816E-01,1.74805E+00,2.92969E-02
-7.8892968E-01,1.72852E+00,2.92969E-02
-7.8891120E-01,1.82617E+00,-9.76562E-03
-7.8889272E-01,1.74805E+00,6.83594E-02
-7.8887424E-01,1.80664E+00,9.76562E-03
-7.8885576E-01,1.74805E+00,2.92969E-02
-7.8883728E-01,1.78711E+00,2.92969E-02
-7.8881880E-01,1.74805E+00,2.92969E-02
-7.8880032E-01,1.80664E+00,-9.76562E-03
-7.8878184E-01,1.72852E+00,9.76562E-03
-7.8876336E-01,1.70898E+00,2.92969E-02
-7.8874488E-01,1.74805E+00,1.07422E-01
-7.8872640E-01,1.78711E+00,9.76562E-03
-7.8870792E-01,1.74805E+00,6.83594E-02
-7.8868944E-01,1.76758E+00,-9.76562E-03
-7.8867096E-01,1.82617E+00,4.88281E-02
-7.8865248E-01,1.80664E+00,9.76562E-03
-7.8863400E-01,1.78711E+00,2.92969E-02
-7.8861552E-01,1.72852E+00,9.76562E-03
-7.8859704E-01,1.76758E+00,9.76562E-03
-7.8857856E-01,1.80664E+00,9.76562E-03
-7.8856008E-01,1.72852E+00,6.83594E-02
-7.8854160E-01,1.90430E+00,-2.92969E-02
-7.8852312E-01,1.84570E+00,-9.76562E-03
-7.8850464E-01,1.84570E+00,2.92969E-02
-7.8848616E-01,1.72852E+00,2.92969E-02
-7.8846768E-01,1.74805E+00,-9.76562E-03
-7.8844920E-01,1.74805E+00,2.92969E-02
-7.8843072E-01,1.84570E+00,9.76562E-03
-7.8841224E-01,1.72852E+00,2.92969E-02
-7.8839376E-01,1.72852E+00,9.76562E-03
-7.8837528E-01,1.74805E+00,9.76562E-03
-7.8835680E-01,1.80664E+00,2.92969E-02
-7.8833832E-01,1.76758E+00,-4.88281E-02
-7.8831984E-01,1.80664E+00,9.76562E-03
-7.8830136E-01,1.84570E+00,2.92969E-02
-7.8828288E-01,1.72852E+00,-9.76562E-03
-7.8826440E-01,1.74805E+00,4.88281E-02
-7.8824592E-01,1.78711E+00,9.76562E-03
-7.8822744E-01,1.72852E+00,8.78906E-02
-7.8820896E-01,1.78711E+00,9.76562E-03
-7.8819048E-01,1.74805E+00,2.92969E-02
-7.8817200E-01,1.78711E+00,4.88281E-02
-7.8815352E-01,1.82617E+00,1.07422E-01
-7.8813504E-01,1.78711E+00,9.76562E-03
-7.8811656E-01,1.84570E+00,4.88281E-02
-7.8809808E-01,1.80664E+00,9.76562E-03
-7.8807960E-01,1.72852E+00,6.83594E-02
-7.8806112E-01,1.80664E+00,2.92969E-02
-7.8804264E-01,1.74805E+00,4.88281E-02
-7.8802416E-01,1.80664E+00,4.88281E-02
-7.8800568E-01,1.80664E+00,4.88281E-02
-7.8798720E-01,1.78711E+00,4.88281E-02
-7.8796872E-01,1.72852E+00,9.76562E-03
-7.8795024E-01,1.78711E+00,4.88281E-02
-7.8793176E-01,1.78711E+00,8.78906E-02
-7.8791328E-01,1.76758E+00,2.92969E-02
-7.8789480E-01,1.70898E+00,4.88281E-02
-7.8787632E-01,1.80664E+00,4.88281E-02
-7.8785784E-01,1.74805E+00,4.88281E-02
-7.8783936E-01,1.74805E+00,4.88281E-02
-7.8782088E-01,1.76758E+00,4.88281E-02
-7.8780240E-01,1.78711E+00,2.92969E-02
-7.8778392E-01,1.80664E+00,9.76562E-03
-7.8776544E-01,1.82617E+00,6.83594E-02
-7.8774696E-01,1.84570E+00,2.92969E-02
-7.8772848E-01,1.72852E+00,2.92969E-02
-7.8771000E-01,1.76758E+00,4.88281E-02
-7.8769152E-01,1.78711E+00,-9.76562E-03
-7.8767304E-01,1.72852E+00,4.88281E-02
-7.8765456E-01,1.76758E+00,6.83594E-02
-7.8763608E-01,1.76758E+00,2.92969E-02
-7.8761760E-01,1.78711E+00,-2.92969E-02
-7.8759912E-01,1.66992E+00,4.88281E-02
-7.8758064E-01,1.84570E+00,6.83594E-02
-7.8756216E-01,1.76758E+00,6.83594E-02
-7.8754368E-01,1.70898E+00,4.88281E-02
-7.8752520E-01,1.76758E+00,9.76562E-03
-7.8750672E-01,1.80664E+00,9.76562E-03
-7.8748824E-01,1.80664E+00,2.92969E-02
-7.8746976E-01,1.78711E+00,1.07422E-01
-7.8745128E-01,1.82617E+00,2.92969E-02
-7.8743280E-01,1.86523E+00,9.76562E-03
-7.8741432E-01,1.72852E+00,9.76562E-03
-7.8739584E-01,1.76758E+00,6.83594E-02
-7.8737736E-01,1.74805E+00,4.88281E-02
-7.8735888E-01,1.74805E+00,2.92969E-02
-7.8734040E-01,1.78711E+00,9.76562E-03
-7.8732192E-01,1.78711E+00,6.83594E-02
-7.8730344E-01,1.80664E+00,4.88281E-02
-7.8728496E-01,1.80664E+00,4.88281E-02
-7.8726648E-01,1.76758E+00,2.92969E-02
-7.8724800E-01,1.78711E+00,2.92969E-02
-7.8722952E-01,1.78711E+00,6.83594E-02
-7.8721104E-01,1.74805E+00,2.92969E-02
-7.8719256E-01,1.76758E+00,8.78906E-02
-7.8717408E-01,1.80664E+00,9.76562E-03
-7.8715560E-01,1.78711E+00,2.92969E-02
-7.8713712E-01,1.80664E+00,9.76562E-03
-7.8711864E-01,1.72852E+00,4.88281E-02
-7.8710016E-01,1.80664E+00,4.88281E-02
-7.8708168E-01,1.84570E+00,4.88281E-02
-7.8706320E-01,1.72852E+00,2.92969E-02
-7.8704472E-01,1.74805E+00,4.88281E-02
-7.8702624E-01,1.80664E+00,2.92969E-02
-7.8700776E-01,1.76758E+00,2.92969E-02
-7.8698928E-01,1.76758E+00,4.88281E-02
-7.8697080E-01,1.72852E+00,4.88281E-02
-7.8695232E-01,1.80664E+00,4.88281E-02
-7.8693384E-01,1.76758E+00,1.26953E-01
-7.8691536E-01,1.72852E+00,9.76562E-03
-7.8689688E-01,1.74805E+00,6.83594E-02
-7.8687840E-01,1.84570E+00,4.88281E-02
-7.8685992E-01,1.78711E+00,2.92969E-02
-7.8684144E-01,1.78711E+00,1.07422E-01
-7.8682296E-01,1.74805E+00,6.83594E-02
-7.8680448E-01,1.82617E+00,9.76562E-03
-7.8678600E-01,1.70898E+00,4.88281E-02
-7.8676752E-01,1.82617E+00,4.88281E-02
-7.8674904E-01,1.80664E+00,-6.83594E-02
-7.8673056E-01,1.80664E+00,-2.92969E-02
-7.8671208E-01,1.84570E+00,4.88281E-02
-7.8669360E-01,1.78711E+00,2.92969E-02
-7.8667512E-01,1.76758E+00,9.76562E-03
-7.8665664E-01,1.84570E+00,9.76562E-03
-7.8663816E-01,1.78711E+00,2.92969E-02
-7.8661968E-01,1.80664E+00,-9.76562E-03
-7.8660120E-01,1.82617E+00,6.83594E-02
-7.8658272E-01,1.72852E+00,4.88281E-02
-7.8656424E-01,1.78711E+00,6.83594E-02
-7.8654576E-01,1.76758E+00,4.88281E-02
-7.8652728E-01,1.72852E+00,4.88281E-02
-7.8650880E-01,1.76758E+00,-9.76562E-03
-7.8649032E-01,1.74805E+00,1.07422E-01
-7.8647184E-01,1.76758E+00,6.83594E-02
-7.8645336E-01,1.78711E+00,9.76562E-03
-7.8643488E-01,1.80664E+00,-9.76562E-03
-7.8641640E-01,1.80664E+00,1.26953E-01
-7.8639792E-01,1.76758E+00,4.88281E-02
-7.8637944E-01,1.74805E+00,2.92969E-02
-7.8636096E-01,1.74805E+00,9.76562E-03
-7.8634248E-01,1.72852E+00,9.76562E-03
-7.8632400E-01,1.80664E+00,2.92969E-02
-7.8630552E-01,1.86523E+00,-4.88281E-02
-7.8628704E-01,1.76758E+00,9.76562E-03
-7.8626856E-01,1.72852E+00,9.76562E-03
-7.8625008E-01,1.82617E+00,9.76562E-03
-7.8623160E-01,1.74805E+00,4.88281E-02
-7.8621312E-01,1.78711E+00,-2.92969E-02
-7.8619464E-01,1.74805E+00,4.88281E-02
-7.8617616E-01,1.74805E+00,9.76562E-03
-7.8615768E-01,1.78711E+00,9.76562E-03
-7.8613920E-01,1.80664E+00,-9.76562E-03
-7.8612072E-01,1.72852E+00,9.76562E-03
-7.8610224E-01,1.84570E+00,9.76562E-03
-7.8608376E-01,1.78711E+00,9.76562E-03
-7.8606528E-01,1.78711E+00,2.92969E-02
-7.8604680E-01,1.80664E+00,9.76562E-03
-7.8602832E-01,1.82617E+00,-4.88281E-02
-7.8600984E-01,1.72852E+00,4.88281E-02
-7.8599136E-01,1.86523E+00,2.92969E-02
-7.8597288E-01,1.76758E+00,1.07422E-01
-7.8595440E-01,1.78711E+00,-9.76562E-03
-7.8593592E-01,1.78711E+00,-9.76562E-03
-7.8591744E-01,1.80664E+00,4.88281E-02
-7.8589896E-01,1.74805E+00,6.83594E-02
-7.8588048E-01,1.80664E+00,9.76562E-03
-7.8586200E-01,1.70898E+00,2.92969E-02
-7.8584352E-01,1.74805E+00,-9.76562E-03
-7.8582504E-01,1.74805E+00,2.92969E-02
-7.8580656E-01,1.80664E+00,9.76562E-03
-7.8578808E-01,1.72852E+00,6.83594E-02
-7.8576960E-01,1.82617E+00,9.76562E-03
-7.8575112E-01,1.74805E+00,2.92969E-02
-7.8573264E-01,1.82617E+00,-9.76562E-03
-7.8571416E-01,1.78711E+00,6.83594E-02
-7.8569568E-01,1.74805E+00,-2.92969E-02
-7.8567720E-01,1.72852E+00,-4.88281E-02
-7.8565872E-01,1.78711E+00,2.92969E-02
-7.8564024E-01,1.72852E+00,9.76562E-03
-7.8562176E-01,1.78711E+00,-9.76562E-03
-7.8560328E-01,1.72852E+00,2.92969E-02
-7.8558480E-01,1.80664E+00,-9.76562E-03
-7.8556632E-01,1.72852E+00,6.83594E-02
-7.8554784E-01,1.80664E+00,-9.76562E-03
-7.8552936E-01,1.76758E+00,4.88281E-02
-7.8551088E-01,1.82617E+00,2.92969E-02
-7.8549240E-01,1.74805E+00,8.78906E-02
-7.8547392E-01,1.86523E+00,9.76562E-03
-7.8545544E-01,1.74805E+00,9.76562E-03
-7.8543696E-01,1.78711E+00,9.76562E-03
-7.8541848E-01,1.76758E+00,9.76562E-03
-7.8540000E-01,1.78711E+00,9.76562E-03
-7.8538152E-01,1.74805E+00,8.78906E-02
-7.8536304E-01,1.72852E+00,2.92969E-02
-7.8534456E-01,1.72852E+00,4.88281E-02
-7.8532608E-01,1.78711E+00,2.92969E-02
-7.8530760E-01,1.72852E+00,6.83594E-02
-7.8528912E-01,1.78711E+00,4.88281E-02
-7.8527064E-01,1.78711E+00,2.92969E-02
-7.8525216E-01,1.84570E+00,-4.88281E-02
-7.8523368E-01,1.74805E+00,6.83594E-02
-7.8521520E-01,1.82617E+00,4.88281E-02
-7.8519672E-01,1.76758E+00,6.83594E-02
-7.8517824E-01,1.78711E+00,4.88281E-02
-7.8515976E-01,1.78711E+00,6.83594E-02
-7.8514128E-01,1.78711E+00,2.92969E-02
-7.8512280E-01,1.74805E+00,4.88281E-02
-7.8510432E-01,1.82617E+00,4.88281E-02
-7.8508584E-01,1.82617E+00,6.83594E-02
-7.8506736E-01,1.82617E+00,4.88281E-02
-7.8504888E-01,1.78711E+00,6.83594E-02
-7.8503040E-01,1.78711E+00,4.88281E-02
-7.8501192E-01,1.82617E+00,4.88281E-02
-7.8499344E-01,1.86523E+00,2.92969E-02
-7.8497496E-01,1.78711E+00,2.92969E-02
-7.8495648E-01,1.78711E+00,4.88281E-02
-7.8493800E-01,1.82617E+00,6.83594E-02
-7.8491952E-01,1.82617E+00,2.92969E-02
-7.8490104E-01,1.72852E+00,9.76562E-03
-7.8488256E-01,1.84570E+00,-2.92969E-02
-7.8486408E-01,1.84570E+00,6.83594E-02
-7.8484560E-01,1.82617E+00,9.76562E-03
-7.8482712E-01,1.76758E+00,1.26953E-01
-7.8480864E-01,1.82617E+00,-9.76562E-03
-7.8479016E-01,1.84570E+00,6.83594E-02
-7.8477168E-01,1.82617E+00,9.76562E-03
-7.8475320E-01,1.76758E+00,6.83594E-02
-7.8473472E-01,1.80664E+00,-9.76562E-03
-7.8471624E-01,1.78711E+00,9.76562E-03
-7.8469776E-01,1.80664E+00,9.76562E-03
-7.8467928E-01,1.74805E+00,1.07422E-01
-7.8466080E-01,1.82617E+00,9.76562E-03
-7.8464232E-01,1.74805E+00,6.83594E-02
-7.8462384E-01,1.80664E+00,4.88281E-02
-7.8460536E-01,1.78711E+00,6.83594E-02
-7.8458688E-01,1.74805E+00,4.88281E-02
-7.8456840E-01,1.72852E+00,1.07422E-01
-7.8454992E-01,1.70898E+00,2.92969E-02
-7.8453144E-01,1.78711E+00,2.92969E-02
-7.8451296E-01,1.78711E+00,9.76562E-03
-7.8449448E-01,1.72852E+00,2.92969E-02
-7.8447600E-01,1.80664E+00,4.88281E-02
-7.8445752E-01,1.76758E+00,9.76562E-03
-7.8443904E-01,1.78711E+00,2.92969E-02
-7.8442056E-01,1.72852E+00,9.76562E-03
-7.8440208E-01,1.74805E+00,-2.92969E-02
-7.8438360E-01,1.76758E+00,2.92969E-02
-7.8436512E-01,1.78711E+00,4.88281E-02
-7.8434664E-01,1.76758E+00,4.88281E-02
-7.8432816E-01,1.82617E+00,2.92969E-02
-7.8430968E-01,1.78711E+00,2.92969E-02
-7.8429120E-01,1.82617E+00,2.92969E-02
-7.8427272E-01,1.74805E+00,9.76562E-03
-7.8425424E-01,1.72852E+00,9.76562E-03
-7.8423576E-01,1.84570E+00,8.78906E-02
-7.8421728E-01,1.80664E+00,-9.76562E-03
-7.8419880E-01,1.78711E+00,9.76562E-03
-7.8418032E-01,1.82617E+00,2.92969E-02
-7.8416184E-01,1.82617E+00,4.88281E-02
-7.8414336E-01,1.80664E+00,2.92969E-02
-7.8412488E-01,1.84570E+00,6.83594E-02
-7.8410640E-01,1.72852E+00,9.76562E-03
-7.8408792E-01,1.74805E+00,2.92969E-02
-7.8406944E-01,1.80664E+00,9.76562E-03
-7.8405096E-01,1.72852E+00,9.76562E-03
-7.8403248E-01,1.78711E+00,-9.76562E-03
-7.8401400E-01,1.76758E+00,1.07422E-01
-7.8399552E-01,1.78711E+00,9.76562E-03
-7.8397704E-01,1.76758E+00,-9.76562E-03
-7.8395856E-01,1.82617E+00,-9.76562E-03
-7.8394008E-01,1.80664E+00,6.83594E-02
-7.8392160E-01,1.80664E+00,2.92969E-02
-7.8390312E-01,1.84570E+00,2.92969E-02
-7.8388464E-01,1.76758E+00,9.76562E-03
-7.8386616E-01,1.72852E+00,6.83594E-02
-7.8384768E-01,1.82617E+00,9.76562E-03
-7.8382920E-01,1.78711E+00,9.76562E-03
-7.8381072E-01,1.80664E+00,4.88281E-02
-7.8379224E-01,1.76758E+00,2.92969E-02
-7.8377376E-01,1.78711E+00,4.88281E-02
-7.8375528E-01,1.78711E+00,1.26953E-01
-7.8373680E-01,1.82617E+00,2.92969E-02
-7.8371832E-01,1.72852E+00,9.76562E-03
-7.8369984E-01,1.76758E+00,9.76562E-03
-7.8368136E-01,1.72852E+00,4.88281E-02
-7.8366288E-01,1.80664E+00,9.76562E-03
-7.8364440E-01,1.74805E+00,4.88281E-02
-7.8362592E-01,1.82617E+00,2.92969E-02
-7.8360744E-01,1.78711E+00,2.92969E-02
-7.8358896E-01,1.86523E+00,9.76562E-03
-7.8357048E-01,1.74805E+00,6.83594E-02
-7.8355200E-01,1.82617E+00,2.92969E-02
-7.8353352E-01,1.76758E+00,2.92969E-02
-7.8351504E-01,1.80664E+00,2.92969E-02
-7.8349656E-01,1.80664E+00,6.83594E-02
-7.8347808E-01,1.80664E+00,2.92969E-02
-7.8345960E-01,1.72852E+00,6.83594E-02
-7.8344112E-01,1.78711E+00,-9.76562E-03
-7.8342264E-01,1.72852E+00,4.88281E-02
-7.8340416E-01,1.86523E+00,2.92969E-02
-7.8338568E-01,1.80664E+00,9.76562E-03
-7.8336720E-01,1.80664E+00,4.88281E-02
-7.8334872E-01,1.78711E+00,4.88281E-02
-7.8333024E-01,1.78711E+00,4.88281E-02
-7.8331176E-01,1.82617E+00,6.83594E-02
-7.8329328E-01,1.86523E+00,9.76562E-03
-7.8327480E-01,1.80664E+00,6.83594E-02
-7.8325632E-01,1.82617E+00,9.76562E-03
-7.8323784E-01,1.76758E+00,2.92969E-02
-7.8321936E-01,1.82617E+00,-9.76562E-03
-7.8320088E-01,1.82617E+00,6.83594E-02
-7.8318240E-01,1.80664E+00,9.76562E-03
-7.8316392E-01,1.84570E+00,4.88281E-02
-7.8314544E-01,1.80664E+00,4.88281E-02
-7.8312696E-01,1.78711E+00,4.88281E-02
-7.8310848E-01,1.78711E+00,-9.76562E-03
-7.8309000E-01,1.84570E+00,4.88281E-02
-7.8307152E-01,1.86523E+00,9.76562E-03
-7.8305304E-01,1.72852E+00,6.83594E-02
-7.8303456E-01,1.78711E+00,9.76562E-03
-7.8301608E-01,1.82617E+00,4.88281E-02
-7.8299760E-01,1.82617E+00,2.92969E-02
-7.8297912E-01,1.76758E+00,6.83594E-02
-7.8296064E-01,1.82617E+00,4.88281E-02
-7.8294216E-01,1.80664E+00,4.88281E-02
-7.8292368E-01,1.86523E+00,-9.76562E-03
-7.8290520E-01,1.82617E+00,-9.76562E-03
-7.8288672E-01,1.74805E+00,9.76562E-03
-7.8286824E-01,1.70898E+00,2.92969E-02
-7.8284976E-01,1.74805E+00,2.92969E-02
-7.8283128E-01,1.80664E+00,4.88281E-02
-7.8281280E-01,1.94336E+00,2.92969E-02
-7.8279432E-01,1.82617E+00,4.88281E-02
-7.8277584E-01,1.80664E+00,-9.76562E-03
-7.8275736E-01,1.82617E+00,4.88281E-02
-7.8273888E-01,1.72852E+00,6.83594E-02
-7.8272040E-01,1.74805E+00,6.83594E-02
-7.8270192E-01,1.82617E+00,9.76562E-03
-7.8268344E-01,1.74805E+00,4.88281E-02
-7.8266496E-01,1.80664E+00,9.76562E-03
-7.8264648E-01,1.72852E+00,6.83594E-02
-7.8262800E-01,1.80664E+00,4.88281E-02
-7.8260952E-01,1.72852E+00,4.88281E-02
-7.8259104E-01,1.84570E+00,4.88281E-02
-7.8257256E-01,1.80664E+00,2.92969E-02
-7.8255408E-01,1.76758E+00,9.76562E-03
-7.8253560E-01,1.76758E+00,9.76562E-03
-7.8251712E-01,1.74805E+00,2.92969E-02
-7.8249864E-01,1.72852E+00,4.88281E-02
-7.8248016E-01,1.80664E+00,9.76562E-03
-7.8246168E-01,1.74805E+00,4.88281E-02
-7.8244320E-01,1.78711E+00,4.88281E-02
-7.8242472E-01,1.76758E+00,9.76562E-03
-7.8240624E-01,1.78711E+00,-2.92969E-02
-7.8238776E-01,1.78711E+00,9.76562E-03
-7.8236928E-01,1.80664E+00,9.76562E-03
-7.8235080E-01,1.74805E+00,-4.88281E-02
-7.8233232E-01,1.88477E+00,2.92969E-02
-7.8231384E-01,1.80664E+00,1.07422E-01
-7.8229536E-01,1.74805E+00,9.76562E-03
-7.8227688E-01,1.76758E+00,4.88281E-02
-7.8225840E-01,1.84570E+00,4.88281E-02
-7.8223992E-01,1.80664E+00,2.92969E-02
-7.8222144E-01,1.78711E+00,4.88281E-02
-7.8220296E-01,1.76758E+00,2.92969E-02
-7.8218448E-01,1.86523E+00,-9.76562E-03
-7.8216600E-01,1.74805E+00,8.78906E-02
-7.8214752E-01,1.78711E+00,9.76562E-03
-7.8212904E-01,1.78711E+00,2.92969E-02
-7.8211056E-01,1.80664E+00,4.88281E-02
-7.8209208E-01,1.74805E+00,-9.76562E-03
-7.8207360E-01,1.84570E+00,6.83594E-02
-7.8205512E-01,1.84570E+00,2.92969E-02
-7.8203664E-01,1.78711E+00,-9.76562E-03
-7.8201816E-01,1.80664E+00,8.78906E-02
-7.8199968E-01,1.80664E+00,2.92969E-02
-7.8198120E-01,1.82617E+00,2.92969E-02
-7.8196272E-01,1.86523E+00,1.07422E-01
-7.8194424E-01,1.78711E+00,2.92969E-02
-7.8192576E-01,1.74805E+00,1.07422E-01
-7.8190728E-01,1.88477E+00,4.88281E-02
-7.8188880E-01,1.80664E+00,2.92969E-02
-7.8187032E-01,1.90430E+00,4.88281E-02
-7.8185184E-01,1.84570E+00,2.92969E-02
-7.8183336E-01,1.72852E+00,4.88281E-02
-7.8181488E-01,1.80664E+00,2.92969E-02
-7.8179640E-01,1.82617E+00,6.83594E-02
-7.8177792E-01,1.80664E+00,9.76562E-03
-7.8175944E-01,1.78711E+00,8.78906E-02
-7.8174096E-01,1.82617E+00,4.88281E-02
-7.8172248E-01,1.84570E+00,6.83594E-02
-7.8170400E-01,1.74805E+00,4.88281E-02
-7.8168552E-01,1.76758E+00,2.92969E-02
-7.8166704E-01,1.80664E+00,2.92969E-02
-7.8164856E-01,1.80664E+00,4.88281E-02
-7.8163008E-01,1.78711E+00,9.76562E-03
-7.8161160E-01,1.80664E+00,2.92969E-02
-7.8159312E-01,1.80664E+00,4.88281E-02
-7.8157464E-01,1.78711E+00,2.92969E-02
-7.8155616E-01,1.80664E+00,2.92969E-02
-7.8153768E-01,1.78711E+00,9.76562E-03
-7.8151920E-01,1.82617E+00,-9.76562E-03
-7.8150072E-01,1.78711E+00,2.92969E-02
-7.8148224E-01,1.84570E+00,-9.76562E-03
-7.8146376E-01,1.80664E+00,6.83594E-02
-7.8144528E-01,1.82617E+00,2.92969E-02
-7.8142680E-01,1.86523E+00,4.88281E-02
-7.8140832E-01,1.84570E+00,9.76562E-03
-7.8138984E-01,1.84570E+00,2.92969E-02
-7.8137136E-01,1.78711E+00,2.92969E-02
-7.8135288E-01,1.84570E+00,2.92969E-02
-7.8133440E-01,1.78711E+00,4.88281E-02
-7.8131592E-01,1.78711E+00,9.76562E-03
-7.8129744E-01,1.82617E+00,-2.92969E-02
-7.8127896E-01,1.80664E+00,2.92969E-02
-7.8126048E-01,1.86523E+00,9.76562E-03
-7.8124200E-01,1.78711E+00,9.76562E-03
-7.8122352E-01,1.80664E+00,4.88281E-02
-7.8120504E-01,1.78711E+00,6.83594E-02
-7.8118656E-01,1.74805E+00,2.92969E-02
-7.8116808E-01,1.82617E+00,8.78906E-02
-7.8114960E-01,1.84570E+00,4.88281E-02
-7.8113112E-01,1.78711E+00,6.83594E-02
-7.8111264E-01,1.80664E+00,6.83594E-02
-7.8109416E-01,1.76758E+00,6.83594E-02
-7.8107568E-01,1.82617E+00,-9.76562E-03
-7.8105720E-01,1.84570E+00,9.76562E-03
-7.8103872E-01,1.80664E+00,4.88281E-02
-7.8102024E-01,1.80664E+00,4.88281E-02
-7.8100176E-01,1.76758E+00,4.88281E-02
-7.8098328E-01,1.78711E+00,2.92969E-02
-7.8096480E-01,1.84570E+00,9.76562E-03
-7.8094632E-01,1.80664E+00,-9.76562E-03
-7.8092784E-01,1.80664E+00,4.88281E-02
-7.8090936E-01,1.78711E+00,9.76562E-03
-7.8089088E-01,1.80664E+00,2.92969E-02
-7.8087240E-01,1.72852E+00,6.83594E-02
-7.8085392E-01,1.82617E+00,4.88281E-02
-7.8083544E-01,1.78711E+00,2.92969E-02
-7.8081696E-01,1.82617E+00,9.76562E-03
-7.8079848E-01,1.84570E+00,6.83594E-02
-7.8078000E-01,1.86523E+00,4.88281E-02
-7.8076152E-01,1.72852E+00,1.26953E-01
-7.8074304E-01,1.80664E+00,9.76562E-03
-7.8072456E-01,1.78711E+00,4.88281E-02
-7.8070608E-01,1.82617E+00,4.88281E-02
-7.8068760E-01,1.74805E+00,9.76562E-03
-7.8066912E-01,1.80664E+00,4.88281E-02
-7.8065064E-01,1.80664E+00,6.83594E-02
-7.8063216E-01,1.80664E+00,-9.76562E-03
-7.8061368E-01,1.80664E+00,6.83594E-02
-7.8059520E-01,1.92383E+00,9.76562E-03
-7.8057672E-01,1.80664E+00,6.83594E-02
-7.8055824E-01,1.86523E+00,9.76562E-03
-7.8053976E-01,1.86523E+00,9.76562E-03
-7.8052128E-01,1.88477E+00,4.88281E-02
-7.8050280E-01,1.76758E+00,6.83594E-02
-7.8048432E-01,1.80664E+00,4.88281E-02
-7.8046584E-01,1.78711E+00,2.92969E-02
-7.8044736E-01,1.80664E+00,-4.88281E-02
-7.8042888E-01,1.76758E+00,-2.92969E-02
-7.8041040E-01,1.80664E+00,9.76562E-03
-7.8039192E-01,1.76758E+00,6.83594E-02
-7.8037344E-01,1.82617E+00,2.92969E-02
-7.8035496E-01,1.78711E+00,6.83594E-02
-7.8033648E-01,1.82617E+00,-2.92969E-02
-7.8031800E-01,1.84570E+00,8.78906E-02
-7.8029952E-01,1.82617E+00,9.76562E-03
-7.8028104E-01,1.72852E+00,-9.76562E-03
-7.8026256E-01,1.80664E+00,-2.92969E-02
-7.8024408E-01,1.74805E+00,4.88281E-02
-7.8022560E-01,1.72852E+00,4.88281E-02
-7.8020712E-01,1.74805E+00,1.26953E-01
-7.8018864E-01,1.76758E+00,2.92969E-02
-7.8017016E-01,1.76758E+00,4.88281E-02
-7.8015168E-01,1.80664E+00,4.88281E-02
-7.8013320E-01,1.80664E+00,2.92969E-02
-7.8011472E-01,1.82617E+00,-9.76562E-03
-7.8009624E-01,1.84570E+00,2.92969E-02
-7.8007776E-01,1.84570E+00,6.83594E-02
-7.8005928E-01,1.78711E+00,2.92969E-02
-7.8004080E-01,1.92383E+00,6.83594E-02
-7.8002232E-01,1.82617E+00,6.83594E-02
-7.8000384E-01,1.82617E+00,4.88281E-02
-7.7998536E-01,1.84570E+00,6.83594E-02
-7.7996688E-01,1.82617E+00,2.92969E-02
-7.7994840E-01,1.82617E+00,6.83594E-02
-7.7992992E-01,1.80664E+00,9.76562E-03
-7.7991144E-01,1.82617E+00,4.88281E-02
-7.7989296E-01,1.76758E+00,9.76562E-03
-7.7987448E-01,1.80664E+00,2.92969E-02
-7.7985600E-01,1.76758E+00,6.83594E-02
-7.7983752E-01,1.76758E+00,9.76562E-03
-7.7981904E-01,1.86523E+00,9.76562E-03
-7.7980056E-01,1.84570E+00,1.26953E-01
-7.7978208E-01,1.82617E+00,-2.92969E-02
-7.7976360E-01,1.84570E+00,1.07422E-01
-7.7974512E-01,1.86523E+00,4.88281E-02
-7.7972664E-01,1.74805E+00,6.83594E-02
-7.7970816E-01,1.80664E+00,9.76562E-03
-7.7968968E-01,1.80664E+00,4.88281E-02
-7.7967120E-01,1.86523E+00,2.92969E-02
-7.7965272E-01,1.72852E+00,6.83594E-02
-7.7963424E-01,1.76758E+00,6.83594E-02
-7.7961576E-01,1.76758E+00,2.92969E-02
-7.7959728E-01,1.78711E+00,4.88281E-02
-7.7957880E-01,1.84570E+00,9.76562E-03
-7.7956032E-01,1.86523E+00,6.83594E-02
-7.7954184E-01,1.82617E+00,6.83594E-02
-7.7952336E-01,1.88477E+00,9.76562E-03
-7.7950488E-01,1.82617E+00,-4.88281E-02
-7.7948640E-01,1.84570E+00,2.92969E-02
-7.7946792E-01,1.84570E+00,9.76562E-03
-7.7944944E-01,1.84570E+00,4.88281E-02
-7.7943096E-01,1.72852E+00,4.88281E-02
-7.7941248E-01,1.86523E+00,4.88281E-02
-7.7939400E-01,1.72852E+00,6.83594E-02
-7.7937552E-01,1.80664E+00,2.92969E-02
-7.7935704E-01,1.74805E+00,4.88281E-02
-7.7933856E-01,1.78711E+00,2.92969E-02
-7.7932008E-01,1.84570E+00,6.83594E-02
-7.7930160E-01,1.84570E+00,-9.76562E-03
-7.7928312E-01,1.82617E+00,1.26953E-01
-7.7926464E-01,1.74805E+00,4.88281E-02
-7.7924616E-01,1.82617E+00,4.88281E-02
-7.7922768E-01,1.80664E+00,9.76562E-03
-7.7920920E-01,1.76758E+00,1.07422E-01
-7.7919072E-01,1.86523E+00,2.92969E-02
-7.7917224E-01,1.84570E+00,6.83594E-02
-7.7915376E-01,1.80664E+00,4.88281E-02
-7.7913528E-01,1.84570E+00,6.83594E-02
-7.7911680E-01,1.88477E+00,-2.92969E-02
-7.7909832E-01,1.78711E+00,-9.76562E-03
-7.7907984E-01,1.80664E+00,9.76562E-03
-7.7906136E-01,1.72852E+00,2.92969E-02
-7.7904288E-01,1.80664E+00,9.76562E-03
-7.7902440E-01,1.78711E+00,9.76562E-03
-7.7900592E-01,1.84570E+00,9.76562E-03
-7.7898744E-01,1.80664E+00,2.92969E-02
-7.7896896E-01,1.82617E+00,2.92969E-02
-7.7895048E-01,1.82617E+00,6.83594E-02
-7.7893200E-01,1.82617E+00,9.76562E-03
-7.7891352E-01,1.74805E+00,2.92969E-02
-7.7889504E-01,1.80664E+00,2.92969E-02
-7.7887656E-01,1.76758E+00,4.88281E-02
-7.7885808E-01,1.80664E+00,4.88281E-02
-7.7883960E-01,1.80664E+00,6.83594E-02
-7.7882112E-01,1.90430E+00,2.92969E-02
-7.7880264E-01,1.78711E+00,4.88281E-02
-7.7878416E-01,1.84570E+00,4.88281E-02
-7.7876568E-01,1.80664E+00,6.83594E-02
-7.7874720E-01,1.84570E+00,4.88281E-02
-7.7872872E-01,1.78711E+00,6.83594E-02
-7.7871024E-01,1.80664E+00,4.88281E-02
-7.7869176E-01,1.86523E+00,4.88281E-02
-7.7867328E-01,1.82617E+00,9.76562E-03
-7.7865480E-01,1.80664E+00,6.83594E-02
-7.7863632E-01,1.80664E+00,4.88281E-02
-7.7861784E-01,1.82617E+00,4.88281E-02
-7.7859936E-01,1.80664E+00,2.92969E-02
-7.7858088E-01,1.72852E+00,1.07422E-01
-7.7856240E-01,1.80664E+00,2.92969E-02
-7.7854392E-01,1.80664E+00,6.83594E-02
-7.7852544E-01,1.80664E+00,-4.88281E-02
-7.7850696E-01,1.78711E+00,2.92969E-02
-7.7848848E-01,1.80664E+00,2.92969E-02
-7.7847000E-01,1.92383E+00,4.88281E-02
-7.7845152E-01,1.80664E+00,2.92969E-02
-7.7843304E-01,1.78711E+00,2.92969E-02
-7.7841456E-01,1.82617E+00,4.88281E-02
-7.7839608E-01,1.74805E+00,6.83594E-02
-7.7837760E-01,1.84570E+00,9.76562E-03
-7.7835912E-01,1.78711E+00,2.92969E-02
-7.7834064E-01,1.88477E+00,9.76562E-03
-7.7832216E-01,1.82617E+00,4.88281E-02
-7.7830368E-01,1.78711E+00,4.88281E-02
-7.7828520E-01,1.82617E+00,6.83594E-02
-7.7826672E-01,1.74805E+00,6.83594E-02
-7.7824824E-01,1.78711E+00,6.83594E-02
-7.7822976E-01,1.80664E+00,-9.76562E-03
-7.7821128E-01,1.80664E+00,1.07422E-01
-7.7819280E-01,1.84570E+00,9.76562E-03
-7.7817432E-01,1.76758E+00,2.92969E-02
-7.7815584E-01,1.80664E+00,-2.92969E-02
-7.7813736E-01,1.86523E+00,4.88281E-02
-7.7811888E-01,1.82617E+00,9.76562E-03
-7.7810040E-01,1.84570E+00,4.88281E-02
-7.7808192E-01,1.80664E+00,-9.76562E-03
-7.7806344E-01,1.72852E+00,6.83594E-02
-7.7804496E-01,1.86523E+00,4.88281E-02
-7.7802648E-01,1.76758E+00,2.92969E-02
-7.7800800E-01,1.80664E+00,2.92969E-02
-7.7798952E-01,1.84570E+00,4.88281E-02
-7.7797104E-01,1.78711E+00,1.07422E-01
-7.7795256E-01,1.76758E+00,8.78906E-02
-7.7793408E-01,1.86523E+00,6.83594E-02
-7.7791560E-01,1.80664E+00,-9.76562E-03
-7.7789712E-01,1.80664E+00,-2.92969E-02
-7.7787864E-01,1.86523E+00,6.83594E-02
-7.7786016E-01,1.84570E+00,9.76562E-03
-7.7784168E-01,1.78711E+00,6.83594E-02
-7.7782320E-01,1.88477E+00,2.92969E-02
-7.7780472E-01,1.78711E+00,4.88281E-02
-7.7778624E-01,1.88477E+00,9.76562E-03
-7.7776776E-01,1.80664E+00,6.83594E-02
-7.7774928E-01,1.82617E+00,-9.76562E-03
-7.7773080E-01,1.78711E+00,6.83594E-02
-7.7771232E-01,1.72852E+00,9.76562E-03
-7.7769384E-01,1.88477E+00,4.88281E-02
-7.7767536E-01,1.82617E+00,2.92969E-02
-7.7765688E-01,1.78711E+00,2.92969E-02
-7.7763840E-01,1.78711E+00,6.83594E-02
-7.7761992E-01,1.80664E+00,9.76562E-03
-7.7760144E-01,1.80664E+00,2.92969E-02
-7.7758296E-01,1.78711E+00,6.83594E-02
-7.7756448E-01,1.78711E+00,-2.92969E-02
-7.7754600E-01,1.78711E+00,4.88281E-02
-7.7752752E-01,1.86523E+00,6.83594E-02
-7.7750904E-01,1.78711E+00,2.92969E-02
-7.7749056E-01,1.80664E+00,-9.76562E-03
-7.7747208E-01,1.78711E+00,4.88281E-02
-7.7745360E-01,1.84570E+00,2.92969E-02
-7.7743512E-01,1.78711E+00,2.92969E-02
-7.7741664E-01,1.80664E+00,-9.76562E-03
-7.7739816E-01,1.82617E+00,2.92969E-02
-7.7737968E-01,1.80664E+00,9.76562E-03
-7.7736120E-01,1.78711E+00,6.83594E-02
-7.7734272E-01,1.80664E+00,2.92969E-02
-7.7732424E-01,1.84570E+00,9.76562E-03
-7.7730576E-01,1.90430E+00,9.76562E-03
-7.7728728E-01,1.84570E+00,4.88281E-02
-7.7726880E-01,1.82617E+00,2.92969E-02
-7.7725032E-01,1.82617E+00,4.88281E-02
-7.7723184E-01,1.84570E+00,4.88281E-02
-7.7721336E-01,1.76758E+00,6.83594E-02
-7.7719488E-01,1.84570E+00,-9.76562E-03
-7.7717640E-01,1.76758E+00,-2.92969E-02
-7.7715792E-01,1.84570E+00,9.76562E-03
-7.7713944E-01,1.76758E+00,4.88281E-02
-7.7712096E-01,1.80664E+00,-6.83594E-02
-7.7710248E-01,1.86523E+00,2.92969E-02
-7.7708400E-01,1.82617E+00,2.92969E-02
-7.7706552E-01,1.78711E+00,4.88281E-02
-7.7704704E-01,1.80664E+00,-4.88281E-02
-7.7702856E-01,1.84570E+00,2.92969E-02
-7.7701008E-01,1.86523E+00,-9.76562E-03
-7.7699160E-01,1.78711E+00,2.92969E-02
-7.7697312E-01,1.82617E+00,4.88281E-02
-7.7695464E-01,1.82617E+00,2.92969E-02
-7.7693616E-01,1.86523E+00,-9.76562E-03
-7.7691768E-01,1.78711E+00,2.92969E-02
-7.7689920E-01,1.84570E+00,4.88281E-02
-7.7688072E-01,1.80664E+00,1.07422E-01
-7.7686224E-01,1.74805E+00,9.76562E-03
-7.7684376E-01,1.80664E+00,6.83594E-02
-7.7682528E-01,1.88477E+00,9.76562E-03
-7.7680680E-01,1.86523E+00,-4.88281E-02
-7.7678832E-01,1.84570E+00,-9.76562E-03
-7.7676984E-01,1.74805E+00,2.92969E-02
-7.7675136E-01,1.84570E+00,-2.92969E-02
-7.7673288E-01,1.86523E+00,6.83594E-02
-7.7671440E-01,1.80664E+00,2.92969E-02
-7.7669592E-01,1.84570E+00,4.88281E-02
-7.7667744E-01,1.82617E+00,9.76562E-03
-7.7665896E-01,1.82617E+00,2.92969E-02
-7.7664048E-01,1.82617E+00,2.92969E-02
-7.7662200E-01,1.82617E+00,4.88281E-02
-7.7660352E-01,1.82617E+00,9.76562E-03
-7.7658504E-01,1.82617E+00,4.88281E-02
-7.7656656E-01,1.80664E+00,-2.92969E-02
-7.7654808E-01,1.90430E+00,-9.76562E-03
-7.7652960E-01,1.80664E+00,2.92969E-02
-7.7651112E-01,1.76758E+00,9.76562E-03
-7.7649264E-01,1.86523E+00,2.92969E-02
-7.7647416E-01,1.74805E+00,6.83594E-02
-7.7645568E-01,1.84570E+00,2.92969E-02
-7.7643720E-01,1.82617E+00,2.92969E-02
-7.7641872E-01,1.78711E+00,6.83594E-02
-7.7640024E-01,1.80664E+00,-4.88281E-02
-7.7638176E-01,1.80664E+00,2.92969E-02
-7.7636328E-01,1.82617E+00,4.88281E-02
-7.7634480E-01,1.82617E+00,9.76562E-03
-7.7632632E-01,1.72852E+00,2.92969E-02
-7.7630784E-01,1.84570E+00,9.76562E-03
-7.7628936E-01,1.80664E+00,1.26953E-01
-7.7627088E-01,1.84570E+00,9.76562E-03
-7.7625240E-01,1.92383E+00,6.83594E-02
-7.7623392E-01,1.80664E+00,2.92969E-02
-7.7621544E-01,1.84570E+00,4.88281E-02
-7.7619696E-01,1.74805E+00,-2.92969E-02
-7.7617848E-01,1.82617E+00,-2.92969E-02
-7.7616000E-01,1.92383E+00,4.88281E-02
-7.7614152E-01,1.86523E+00,2.92969E-02
-7.7612304E-01,1.80664E+00,2.92969E-02
-7.7610456E-01,1.84570E+00,9.76562E-03
-7.7608608E-01,1.78711E+00,4.88281E-02
-7.7606760E-01,1.88477E+00,4.88281E-02
-7.7604912E-01,1.84570E+00,-9.76562E-03
-7.7603064E-01,1.86523E+00,6.83594E-02
-7.7601216E-01,1.88477E+00,9.76562E-03
-7.7599368E-01,1.84570E+00,2.92969E-02
-7.7597520E-01,1.92383E+00,8.78906E-02
-7.7595672E-01,1.86523E+00,6.83594E-02
-7.7593824E-01,1.80664E+00,2.92969E-02
-7.7591976E-01,1.76758E+00,6.83594E-02
-7.7590128E-01,1.92383E+00,2.92969E-02
-7.7588280E-01,1.80664E+00,9.76562E-03
-7.7586432E-01,1.82617E+00,6.83594E-02
-7.7584584E-01,1.78711E+00,6.83594E-02
-7.7582736E-01,1.84570E+00,9.76562E-03
-7.7580888E-01,1.84570E+00,4.88281E-02
-7.7579040E-01,1.82617E+00,8.78906E-02
-7.7577192E-01,1.82617E+00,6.83594E-02
-7.7575344E-01,1.80664E+00,-9.76562E-03
-7.7573496E-01,1.82617E+00,6.83594E-02
-7.7571648E-01,1.80664E+00,9.76562E-03
-7.7569800E-01,1.78711E+00,2.92969E-02
-7.7567952E-01,1.80664E+00,9.76562E-03
-7.7566104E-01,1.78711E+00,4.88281E-02
-7.7564256E-01,1.86523E+00,-9.76562E-03
-7.7562408E-01,1.86523E+00,9.76562E-03
-7.7560560E-01,1.88477E+00,4.88281E-02
-7.7558712E-01,1.84570E+00,4.88281E-02
-7.7556864E-01,1.78711E+00,9.76562E-03
-7.7555016E-01,1.78711E+00,2.92969E-02
-7.7553168E-01,1.84570E+00,9.76562E-03
-7.7551320E-01,1.76758E+00,4.88281E-02
-7.7549472E-01,1.78711E+00,-9.76562E-03
-7.7547624E-01,1.74805E+00,9.76562E-03
-7.7545776E-01,1.82617E+00,4.88281E-02
-7.7543928E-01,1.80664E+00,6.83594E-02
-7.7542080E-01,1.84570E+00,4.88281E-02
-7.7540232E-01,1.88477E+00,4.88281E-02
-7.7538384E-01,1.80664E+00,9.76562E-03
-7.7536536E-01,1.76758E+00,4.88281E-02
-7.7534688E-01,1.78711E+00,9.76562E-03
-7.7532840E-01,1.78711E+00,9.76562E-03
-7.7530992E-01,1.86523E+00,9.76562E-03
-7.7529144E-01,1.84570E+00,8.78906E-02
-7.7527296E-01,1.84570E+00,9.76562E-03
-7.7525448E-01,1.82617E+00,9.76562E-03
-7.7523600E-01,1.80664E+00,9.76562E-03
-7.7521752E-01,1.84570E+00,4.88281E-02
-7.7519904E-01,1.80664E+00,-9.76562E-03
-7.7518056E-01,1.78711E+00,2.92969E-02
-7.7516208E-01,1.84570E+00,2.92969E-02
-7.7514360E-01,1.76758E+00,6.83594E-02
-7.7512512E-01,1.82617E+00,-9.76562E-03
-7.7510664E-01,1.72852E+00,2.92969E-02
-7.7508816E-01,1.86523E+00,8.78906E-02
-7.7506968E-01,1.76758E+00,4.88281E-02
-7.7505120E-01,1.88477E+00,-9.76562E-03
-7.7503272E-01,1.84570E+00,2.92969E-02
-7.7501424E-01,1.86523E+00,9.76562E-03
-7.7499576E-01,1.80664E+00,4.88281E-02
-7.7497728E-01,1.86523E+00,9.76562E-03
-7.7495880E-01,1.78711E+00,6.83594E-02
-7.7494032E-01,1.80664E+00,2.92969E-02
-7.7492184E-01,1.80664E+00,1.07422E-01
-7.7490336E-01,1.86523E+00,4.88281E-02
-7.7488488E-01,1.80664E+00,8.78906E-02
-7.7486640E-01,1.80664E+00,-9.76562E-03
-7.7484792E-01,1.86523E+00,2.92969E-02
-7.7482944E-01,1.78711E+00,9.76562E-03
-7.7481096E-01,1.84570E+00,6.83594E-02
-7.7479248E-01,1.88477E+00,2.92969E-02
-7.7477400E-01,1.86523E+00,6.83594E-02
-7.7475552E-01,1.82617E+00,4.88281E-02
-7.7473704E-01,1.78711E+00,4.88281E-02
-7.7471856E-01,1.82617E+00,2.92969E-02
-7.7470008E-01,1.78711E+00,6.83594E-02
-7.7468160E-01,1.78711E+00,-2.92969E-02
-7.7466312E-01,1.82617E+00,2.92969E-02
-7.7464464E-01,1.88477E+00,9.76562E-03
-7.7462616E-01,1.84570E+00,4.88281E-02
-7.7460768E-01,1.90430E+00,4.88281E-02
-7.7458920E-01,1.82617E+00,4.88281E-02
-7.7457072E-01,1.80664E+00,9.76562E-03
-7.7455224E-01,1.84570E+00,9.76562E-03
-7.7453376E-01,1.84570E+00,9.76562E-03
-7.7451528E-01,1.76758E+00,4.88281E-02
-7.7449680E-01,1.80664E+00,4.88281E-02
-7.7447832E-01,1.82617E+00,2.92969E-02
-7.7445984E-01,1.82617E+00,-2.92969E-02
-7.7444136E-01,1.84570E+00,4.88281E-02
-7.7442288E-01,1.80664E+00,2.92969E-02
-7.7440440E-01,1.82617E+00,6.83594E-02
-7.7438592E-01,1.80664E+00,2.92969E-02
-7.7436744E-01,1.78711E+00,6.83594E-02
-7.7434896E-01,1.86523E+00,2.92969E-02
-7.7433048E-01,1.84570E+00,9.76562E-03
-7.7431200E-01,1.82617E+00,6.83594E-02
-7.7429352E-01,1.82617E+00,9.76562E-03
-7.7427504E-01,1.86523E+00,-9.76562E-03
-7.7425656E-01,1.82617E+00,2.92969E-02
-7.7423808E-01,1.80664E+00,9.76562E-03
-7.7421960E-01,1.84570E+00,4.88281E-02
-7.7420112E-01,1.80664E+00,4.88281E-02
-7.7418264E-01,1.80664E+00,6.83594E-02
-7.7416416E-01,1.74805E+00,2.92969E-02
-7.7414568E-01,1.82617E+00,9.76562E-03
-7.7412720E-01,1.86523E+00,8.78906E-02
-7.7410872E-01,1.78711E+00,9.76562E-03
-7.7409024E-01,1.80664E+00,2.92969E-02
-7.7407176E-01,1.84570E+00,8.78906E-02
-7.7405328E-01,1.82617E+00,9.76562E-03
-7.7403480E-01,1.90430E+00,4.88281E-02
-7.7401632E-01,1.80664E+00,4.88281E-02
-7.7399784E-01,1.84570E+00,6.83594E-02
-7.7397936E-01,1.86523E+00,-9.76562E-03
-7.7396088E-01,1.86523E+00,4.88281E-02
-7.7394240E-01,1.84570E+00,9.76562E-03
-7.7392392E-01,1.84570E+00,2.92969E-02
-7.7390544E-01,1.84570E+00,4.88281E-02
-7.7388696E-01,1.84570E+00,2.92969E-02
-7.7386848E-01,1.80664E+00,9.76562E-03
-7.7385000E-01,1.78711E+00,8.78906E-02
-7.7383152E-01,1.88477E+00,6.83594E-02
-7.7381304E-01,1.78711E+00,2.92969E-02
-7.7379456E-01,1.80664E+00,2.92969E-02
-7.7377608E-01,1.80664E+00,6.83594E-02
-7.7375760E-01,1.78711E+00,2.92969E-02
-7.7373912E-01,1.78711E+00,2.92969E-02
-7.7372064E-01,1.86523E+00,4.88281E-02
-7.7370216E-01,1.82617E+00,6.83594E-02
-7.7368368E-01,1.84570E+00,9.76562E-03
-7.7366520E-01,1.84570E+00,2.92969E-02
-7.7364672E-01,1.82617E+00,4.88281E-02
-7.7362824E-01,1.86523E+00,2.92969E-02
-7.7360976E-01,1.80664E+00,4.88281E-02
-7.7359128E-01,1.74805E+00,6.83594E-02
-7.7357280E-01,1.80664E+00,4.88281E-02
-7.7355432E-01,1.78711E+00,6.83594E-02
-7.7353584E-01,1.82617E+00,-9.76562E-03
-7.7351736E-01,1.78711E+00,4.88281E-02
-7.7349888E-01,1.84570E+00,2.92969E-02
-7.7348040E-01,1.82617E+00,4.88281E-02
-7.7346192E-01,1.82617E+00,9.76562E-03
-7.7344344E-01,1.84570E+00,6.83594E-02
-7.7342496E-01,1.90430E+00,2.92969E-02
-7.7340648E-01,1.84570E+00,8.78906E-02
-7.7338800E-01,1.88477E+00,2.92969E-02
-7.7336952E-01,1.82617E+00,4.88281E-02
-7.7335104E-01,1.88477E+00,9.76562E-03
-7.7333256E-01,1.82617E+00,6.83594E-02
-7.7331408E-01,1.90430E+00,4.88281E-02
-7.7329560E-01,1.86523E+00,2.92969E-02
-7.7327712E-01,1.90430E+00,9.76562E-03
-7.7325864E-01,1.80664E+00,9.76562E-03
-7.7324016E-01,1.88477E+00,9.76562E-03
-7.7322168E-01,1.80664E+00,2.92969E-02
-7.7320320E-01,1.78711E+00,9.76562E-03
-7.7318472E-01,1.86523E+00,9.76562E-03
-7.7316624E-01,1.80664E+00,2.92969E-02
-7.7314776E-01,1.84570E+00,-9.76562E-03
-7.7312928E-01,1.92383E+00,8.78906E-02
-7.7311080E-01,1.90430E+00,2.92969E-02
-7.7309232E-01,1.82617E+00,6.83594E-02
-7.7307384E-01,1.88477E+00,6.83594E-02
-7.7305536E-01,1.88477E+00,2.92969E-02
-7.7303688E-01,1.78711E+00,-2.92969E-02
-7.7301840E-01,1.80664E+00,9.76562E-03
-7.7299992E-01,1.80664E+00,4.88281E-02
-7.7298144E-01,1.80664E+00,9.76562E-03
-7.7296296E-01,1.84570E+00,9.76562E-03
-7.7294448E-01,1.82617E+00,9.76562E-03
-7.7292600E-01,1.84570E+00,2.92969E-02
-7.7290752E-01,1.86523E+00,9.76562E-03
-7.7288904E-01,1.84570E+00,9.76562E-03
-7.7287056E-01,1.86523E+00,9.76562E-03
-7.7285208E-01,1.82617E+00,9.76562E-03
-7.7283360E-01,1.88477E+00,4.88281E-02
-7.7281512E-01,1.82617E+00,9.76562E-03
-7.7279664E-01,1.90430E+00,-6.83594E-02
-7.7277816E-01,1.82617E+00,2.92969E-02
-7.7275968E-01,1.80664E+00,9.76562E-03
-7.7274120E-01,1.74805E+00,6.83594E-02
-7.7272272E-01,1.90430E+00,2.92969E-02
-7.7270424E-01,1.80664E+00,8.78906E-02
-7.7268576E-01,1.80664E+00,2.92969E-02
-7.7266728E-01,1.84570E+00,8.78906E-02
-7.7264880E-01,1.90430E+00,4.88281E-02
-7.7263032E-01,1.88477E+00,4.88281E-02
-7.7261184E-01,1.84570E+00,2.92969E-02
-7.7259336E-01,1.82617E+00,1.26953E-01
-7.7257488E-01,1.88477E+00,2.92969E-02
-7.7255640E-01,1.76758E+00,8.78906E-02
-7.7253792E-01,1.84570E+00,4.88281E-02
-7.7251944E-01,1.82617E+00,4.88281E-02
-7.7250096E-01,1.86523E+00,-9.76562E-03
-7.7248248E-01,1.78711E+00,4.88281E-02
-7.7246400E-01,1.86523E+00,9.76562E-03
-7.7244552E-01,1.74805E+00,9.76562E-03
-7.7242704E-01,1.82617E+00,4.88281E-02
-7.7240856E-01,1.76758E+00,9.76562E-03
-7.7239008E-01,1.86523E+00,4.88281E-02
-7.7237160E-01,1.84570E+00,2.92969E-02
-7.7235312E-01,1.92383E+00,4.88281E-02
-7.7233464E-01,1.78711E+00,6.83594E-02
-7.7231616E-01,1.84570E+00,9.76562E-03
-7.7229768E-01,1.82617E+00,6.83594E-02
-7.7227920E-01,1.80664E+00,2.92969E-02
-7.7226072E-01,1.86523E+00,2.92969E-02
-7.7224224E-01,1.86523E+00,2.92969E-02
-7.7222376E-01,1.82617E+00,6.83594E-02
-7.7220528E-01,1.92383E+00,9.76562E-03
-7.7218680E-01,1.94336E+00,2.92969E-02
-7.7216832E-01,1.90430E+00,9.76562E-03
-7.7214984E-01,1.80664E+00,2.92969E-02
-7.7213136E-01,1.82617E+00,4.88281E-02
-7.7211288E-01,1.76758E+00,6.83594E-02
-7.7209440E-01,1.88477E+00,9.76562E-03
-7.7207592E-01,1.84570E+00,6.83594E-02
-7.7205744E-01,1.86523E+00,4.88281E-02
-7.7203896E-01,1.88477E+00,1.07422E-01
-7.7202048E-01,1.84570E+00,-4.88281E-02
-7.7200200E-01,1.84570E+00,4.88281E-02
-7.7198352E-01,1.76758E+00,2.92969E-02
-7.7196504E-01,1.78711E+00,-4.88281E-02
-7.7194656E-01,1.82617E+00,6.83594E-02
-7.7192808E-01,1.78711E+00,6.83594E-02
-7.7190960E-01,1.84570E+00,9.76562E-03
-7.7189112E-01,1.82617E+00,1.26953E-01
-7.7187264E-01,1.84570E+00,2.92969E-02
-7.7185416E-01,1.80664E+00,4.88281E-02
-7.7183568E-01,1.86523E+00,2.92969E-02
-7.7181720E-01,1.82617E+00,6.83594E-02
-7.7179872E-01,1.92383E+00,-4.88281E-02
-7.7178024E-01,1.78711E+00,6.83594E-02
-7.7176176E-01,1.86523E+00,-9.76562E-03
-7.7174328E-01,1.84570E+00,4.88281E-02
-7.7172480E-01,1.88477E+00,9.76562E-03
-7.7170632E-01,1.88477E+00,6.83594E-02
-7.7168784E-01,1.80664E+00,4.88281E-02
-7.7166936E-01,1.84570E+00,9.76562E-03
-7.7165088E-01,1.80664E+00,-2.92969E-02
-7.7163240E-01,1.76758E+00,4.88281E-02
-7.7161392E-01,1.84570E+00,4.88281E-02
-7.7159544E-01,1.82617E+00,8.78906E-02
-7.7157696E-01,1.86523E+00,9.76562E-03
-7.7155848E-01,1.84570E+00,6.83594E-02
-7.7154000E-01,1.82617E+00,9.76562E-03
-7.7152152E-01,1.84570E+00,2.92969E-02
-7.7150304E-01,1.86523E+00,-9.76562E-03
-7.7148456E-01,1.84570E+00,6.83594E-02
-7.7146608E-01,1.88477E+00,9.76562E-03
-7.7144760E-01,1.80664E+00,2.92969E-02
-7.7142912E-01,1.82617E+00,9.76562E-03
-7.7141064E-01,1.76758E+00,6.83594E-02
-7.7139216E-01,1.82617E+00,-9.76562E-03
-7.7137368E-01,1.86523E+00,4.88281E-02
-7.7135520E-01,1.82617E+00,6.83594E-02
-7.7133672E-01,1.76758E+00,6.83594E-02
-7.7131824E-01,1.88477E+00,9.76562E-03
-7.7129976E-01,1.80664E+00,4.88281E-02
-7.7128128E-01,1.86523E+00,4.88281E-02
-7.7126280E-01,1.84570E+00,4.88281E-02
-7.7124432E-01,1.82617E+00,2.92969E-02
-7.7122584E-01,1.86523E+00,4.88281E-02
-7.7120736E-01,1.80664E+00,2.92969E-02
-7.7118888E-01,1.82617E+00,2.92969E-02
-7.7117040E-01,1.86523E+00,9.76562E-03
-7.7115192E-01,1.86523E+00,2.92969E-02
-7.7113344E-01,1.84570E+00,-9.76562E-03
-7.7111496E-01,1.88477E+00,1.07422E-01
-7.7109648E-01,1.80664E+00,9.76562E-03
-7.7107800E-01,1.86523E+00,6.83594E-02
-7.7105952E-01,1.80664E+00,9.76562E-03
-7.7104104E-01,1.90430E+00,2.92969E-02
-7.7102256E-01,1.90430E+00,2.92969E-02
-7.7100408E-01,1.90430E+00,4.88281E-02
-7.7098560E-01,1.86523E+00,2.92969E-02
-7.7096712E-01,1.84570E+00,2.92969E-02
-7.7094864E-01,1.92383E+00,9.76562E-03
-7.7093016E-01,1.84570E+00,4.88281E-02
-7.7091168E-01,1.94336E+00,2.92969E-02
-7.7089320E-01,1.78711E+00,-4.88281E-02
-7.7087472E-01,1.86523E+00,9.76562E-03
-7.7085624E-01,1.84570E+00,8.78906E-02
-7.7083776E-01,1.84570E+00,9.76562E-03
-7.7081928E-01,1.86523E+00,9.76562E-03
-7.7080080E-01,1.86523E+00,9.76562E-03
-7.7078232E-01,1.86523E+00,9.76562E-03
-7.7076384E-01,1.80664E+00,9.76562E-03
-7.7074536E-01,1.84570E+00,4.88281E-02
-7.7072688E-01,1.82617E+00,4.88281E-02
-7.7070840E-01,1.84570E+00,-9.76562E-03
-7.7068992E-01,1.82617E+00,2.92969E-02
-7.7067144E-01,1.86523E+00,2.92969E-02
-7.7065296E-01,1.90430E+00,-2.92969E-02
-7.7063448E-01,1.86523E+00,9.76562E-03
-7.7061600E-01,1.94336E+00,9.76562E-03
-7.7059752E-01,1.74805E+00,2.92969E-02
-7.7057904E-01,1.82617E+00,-2.92969E-02
-7.7056056E-01,1.86523E+00,-2.92969E-02
-7.7054208E-01,1.80664E+00,2.92969E-02
-7.7052360E-01,1.88477E+00,-2.92969E-02
-7.7050512E-01,1.84570E+00,4.88281E-02
-7.7048664E-01,1.88477E+00,4.88281E-02
-7.7046816E-01,1.86523E+00,4.88281E-02
-7.7044968E-01,1.88477E+00,4.88281E-02
-7.7043120E-01,1.88477E+00,-6.83594E-02
-7.7041272E-01,1.84570E+00,6.83594E-02
-7.7039424E-01,1.80664E+00,-9.76562E-03
-7.7037576E-01,1.80664E+00,2.92969E-02
-7.7035728E-01,1.86523E+00,4.88281E-02
-7.7033880E-01,1.86523E+00,2.92969E-02
-7.7032032E-01,1.90430E+00,2.92969E-02
-7.7030184E-01,1.82617E+00,9.76562E-03
-7.7028336E-01,1.82617E+00,2.92969E-02
-7.7026488E-01,1.82617E+00,6.83594E-02
-7.7024640E-01,1.86523E+00,6.83594E-02
-7.7022792E-01,1.84570E+00,2.92969E-02
-7.7020944E-01,1.96289E+00,-9.76562E-03
-7.7019096E-01,1.80664E+00,8.78906E-02
-7.7017248E-01,1.88477E+00,2.92969E-02
-7.7015400E-01,1.84570E+00,4.88281E-02
-7.7013552E-01,1.82617E+00,2.92969E-02
-7.7011704E-01,1.82617E+00,2.92969E-02
-7.7009856E-01,1.86523E+00,-2.92969E-02
-7.7008008E-01,1.90430E+00,6.83594E-02
-7.7006160E-01,1.82617E+00,4.88281E-02
-7.7004312E-01,1.86523E+00,6.83594E-02
-7.7002464E-01,1.84570E+00,-9.76562E-03
-7.7000616E-01,1.84570E+00,4.88281E-02
-7.6998768E-01,1.86523E+00,2.92969E-02
-7.6996920E-01,1.88477E+00,4.88281E-02
-7.6995072E-01,1.86523E+00,2.92969E-02
-7.6993224E-01,1.84570E+00,6.83594E-02
-7.6991376E-01,1.86523E+00,9.76562E-03
-7.6989528E-01,1.80664E+00,4.88281E-02
-7.6987680E-01,1.82617E+00,2.92969E-02
-7.6985832E-01,1.80664E+00,6.83594E-02
-7.6983984E-01,1.84570E+00,9.76562E-03
-7.6982136E-01,1.80664E+00,4.88281E-02
-7.6980288E-01,1.92383E+00,2.92969E-02
-7.6978440E-01,1.86523E+00,4.88281E-02
-7.6976592E-01,1.86523E+00,9.76562E-03
-7.6974744E-01,1.84570E+00,-4.88281E-02
-7.6972896E-01,1.94336E+00,2.92969E-02
-7.6971048E-01,1.82617E+00,-4.88281E-02
-7.6969200E-01,1.92383E+00,6.83594E-02
-7.6967352E-01,1.86523E+00,6.83594E-02
-7.6965504E-01,1.84570E+00,6.83594E-02
-7.6963656E-01,1.86523E+00,-2.92969E-02
-7.6961808E-01,1.84570E+00,4.88281E-02
-7.6959960E-01,1.84570E+00,4.88281E-02
-7.6958112E-01,1.86523E+00,4.88281E-02
-7.6956264E-01,1.86523E+00,6.83594E-02
-7.6954416E-01,1.86523E+00,-9.76562E-03
-7.6952568E-01,1.84570E+00,6.83594E-02
-7.6950720E-01,1.86523E+00,-2.92969E-02
-7.6948872E-01,1.78711E+00,2.92969E-02
-7.6947024E-01,1.82617E+00,2.92969E-02
-7.6945176E-01,1.86523E+00,4.88281E-02
-7.6943328E-01,1.78711E+00,4.88281E-02
-7.6941480E-01,1.82617E+00,2.92969E-02
-7.6939632E-01,1.88477E+00,4.88281E-02
-7.6937784E-01,1.86523E+00,4.88281E-02
-7.6935936E-01,1.80664E+00,2.92969E-02
-7.6934088E-01,1.82617E+00,2.92969E-02
-7.6932240E-01,1.80664E+00,9.76562E-03
-7.6930392E-01,1.84570E+00,2.92969E-02
-7.6928544E-01,1.92383E+00,2.92969E-02
-7.6926696E-01,1.82617E+00,4.88281E-02
-7.6924848E-01,1.84570E+00,9.76562E-03
-7.6923000E-01,1.82617E+00,2.92969E-02
-7.6921152E-01,1.84570E+00,9.76562E-03
-7.6919304E-01,1.86523E+00,8.78906E-02
-7.6917456E-01,1.86523E+00,-9.76562E-03
-7.6915608E-01,1.86523E+00,6.83594E-02
-7.6913760E-01,1.88477E+00,2.92969E-02
-7.6911912E-01,1.82617E+00,4.88281E-02
-7.6910064E-01,1.88477E+00,-9.76562E-03
-7.6908216E-01,1.80664E+00,2.92969E-02
-7.6906368E-01,1.82617E+00,9.76562E-03
-7.6904520E-01,1.80664E+00,6.83594E-02
-7.6902672E-01,1.84570E+00,-9.76562E-03
-7.6900824E-01,1.80664E+00,6.83594E-02
-7.6898976E-01,1.84570E+00,6.83594E-02
-7.6897128E-01,1.86523E+00,2.92969E-02
-7.6895280E-01,1.84570E+00,9.76562E-03
-7.6893432E-01,1.82617E+00,6.83594E-02
-7.6891584E-01,1.94336E+00,2.92969E-02
-7.6889736E-01,1.82617E+00,4.88281E-02
-7.6887888E-01,1.86523E+00,4.88281E-02
-7.6886040E-01,1.82617E+00,6.83594E-02
-7.6884192E-01,1.90430E+00,2.92969E-02
-7.6882344E-01,1.84570E+00,8.78906E-02
-7.6880496E-01,1.88477E+00,9.76562E-03
-7.6878648E-01,1.86523E+00,2.92969E-02
-7.6876800E-01,1.90430E+00,4.88281E-02
-7.6874952E-01,1.86523E+00,2.92969E-02
-7.6873104E-01,1.82617E+00,9.76562E-03
-7.6871256E-01,1.86523E+00,1.26953E-01
-7.6869408E-01,1.88477E+00,9.76562E-03
-7.6867560E-01,1.80664E+00,2.92969E-02
-7.6865712E-01,1.92383E+00,9.76562E-03
-7.6863864E-01,1.84570E+00,4.88281E-02
-7.6862016E-01,1.84570E+00,4.88281E-02
-7.6860168E-01,1.88477E+00,1.26953E-01
-7.6858320E-01,1.94336E+00,9.76562E-03
-7.6856472E-01,1.82617E+00,4.88281E-02
-7.6854624E-01,1.84570E+00,2.92969E-02
-7.6852776E-01,1.82617E+00,4.88281E-02
-7.6850928E-01,1.86523E+00,2.92969E-02
-7.6849080E-01,1.86523E+00,1.26953E-01
-7.6847232E-01,1.80664E+00,2.92969E-02
-7.6845384E-01,1.86523E+00,4.88281E-02
-7.6843536E-01,1.86523E+00,-9.76562E-03
-7.6841688E-01,1.84570E+00,6.83594E-02
-7.6839840E-01,1.90430E+00,-9.76562E-03
-7.6837992E-01,1.78711E+00,2.92969E-02
-7.6836144E-01,1.90430E+00,9.76562E-03
-7.6834296E-01,1.86523E+00,6.83594E-02
-7.6832448E-01,1.80664E+00,2.92969E-02
-7.6830600E-01,1.84570E+00,9.76562E-03
-7.6828752E-01,1.86523E+00,9.76562E-03
-7.6826904E-01,1.84570E+00,2.92969E-02
-7.6825056E-01,1.92383E+00,9.76562E-03
-7.6823208E-01,1.84570E+00,6.83594E-02
-7.6821360E-01,1.90430E+00,2.92969E-02
-7.6819512E-01,1.88477E+00,2.92969E-02
-7.6817664E-01,1.82617E+00,-9.76562E-03
-7.6815816E-01,1.84570E+00,1.26953E-01
-7.6813968E-01,1.86523E+00,9.76562E-03
-7.6812120E-01,1.88477E+00,9.76562E-03
-7.6810272E-01,1.86523E+00,-9.76562E-03
-7.6808424E-01,1.82617E+00,2.92969E-02
-7.6806576E-01,1.90430E+00,4.88281E-02
-7.6804728E-01,1.84570E+00,2.92969E-02
-7.6802880E-01,1.86523E+00,9.76562E-03
-7.6801032E-01,1.90430E+00,6.83594E-02
-7.6799184E-01,1.82617E+00,9.76562E-03
-7.6797336E-01,1.78711E+00,4.88281E-02
-7.6795488E-01,1.84570E+00,-2.92969E-02
-7.6793640E-01,1.82617E+00,6.83594E-02
-7.6791792E-01,1.86523E+00,2.92969E-02
-7.6789944E-01,1.86523E+00,-9.76562E-03
-7.6788096E-01,1.84570E+00,4.88281E-02
-7.6786248E-01,1.78711E+00,4.88281E-02
-7.6784400E-01,1.80664E+00,4.88281E-02
-7.6782552E-01,1.82617E+00,4.88281E-02
-7.6780704E-01,1.90430E+00,6.83594E-02
-7.6778856E-01,1.78711E+00,2.92969E-02
-7.6777008E-01,1.92383E+00,9.76562E-03
-7.6775160E-01,1.76758E+00,6.83594E-02
-7.6773312E-01,1.86523E+00,9.76562E-03
-7.6771464E-01,1.86523E+00,2.92969E-02
-7.6769616E-01,1.86523E+00,-2.92969E-02
-7.6767768E-01,1.82617E+00,4.88281E-02
-7.6765920E-01,1.86523E+00,1.07422E-01
-7.6764072E-01,1.76758E+00,1.07422E-01
-7.6762224E-01,1.86523E+00,4.88281E-02
-7.6760376E-01,1.84570E+00,9.76562E-03
-7.6758528E-01,1.82617E+00,-9.76562E-03
-7.6756680E-01,1.86523E+00,2.92969E-02
-7.6754832E-01,1.80664E+00,4.88281E-02
-7.6752984E-01,1.82617E+00,6.83594E-02
-7.6751136E-01,1.86523E+00,-4.88281E-02
-7.6749288E-01,1.84570E+00,4.88281E-02
-7.6747440E-01,1.88477E+00,6.83594E-02
-7.6745592E-01,1.90430E+00,9.76562E-03
-7.6743744E-01,1.82617E+00,4.88281E-02
-7.6741896E-01,1.78711E+00,9.76562E-03
-7.6740048E-01,1.86523E+00,4.88281E-02
-7.6738200E-01,1.84570E+00,6.83594E-02
-7.6736352E-01,1.90430E+00,2.92969E-02
-7.6734504E-01,1.82617E+00,1.07422E-01
-7.6732656E-01,1.86523E+00,2.92969E-02
-7.6730808E-01,1.86523E+00,4.88281E-02
-7.6728960E-01,1.92383E+00,-9.76562E-03
-7.6727112E-01,1.80664E+00,4.88281E-02
-7.6725264E-01,1.86523E+00,4.88281E-02
-7.6723416E-01,1.82617E+00,6.83594E-02
-7.6721568E-01,1.82617E+00,-9.76562E-03
-7.6719720E-01,1.86523E+00,4.88281E-02
-7.6717872E-01,1.80664E+00,2.92969E-02
-7.6716024E-01,1.90430E+00,9.76562E-03
-7.6714176E-01,1.84570E+00,9.76562E-03
-7.6712328E-01,1.84570E+00,2.92969E-02
-7.6710480E-01,1.84570E+00,9.76562E-03
-7.6708632E-01,1.86523E+00,4.88281E-02
-7.6706784E-01,1.90430E+00,9.76562E-03
-7.6704936E-01,1.74805E+00,2.92969E-02
-7.6703088E-01,1.88477E+00,2.92969E-02
-7.6701240E-01,1.88477E+00,2.92969E-02
-7.6699392E-01,1.80664E+00,2.92969E-02
-7.6697544E-01,1.88477E+00,4.88281E-02
-7.6695696E-01,1.90430E+00,4.88281E-02
-7.6693848E-01,1.82617E+00,2.92969E-02
-7.6692000E-01,1.88477E+00,-6.83594E-02
-7.6690152E-01,1.86523E+00,2.92969E-02
-7.6688304E-01,1.84570E+00,-9.76562E-03
-7.6686456E-01,1.80664E+00,4.88281E-02
-7.6684608E-01,1.80664E+00,4.88281E-02
-7.6682760E-01,1.84570E+00,4.88281E-02
-7.6680912E-01,1.92383E+00,4.88281E-02
-7.6679064E-01,1.88477E+00,6.83594E-02
-7.6677216E-01,1.84570E+00,4.88281E-02
-7.6675368E-01,1.84570E+00,9.76562E-03
-7.6673520E-01,1.88477E+00,-9.76562E-03
-7.6671672E-01,1.76758E+00,4.88281E-02
-7.6669824E-01,1.88477E+00,2.92969E-02
-7.6667976E-01,1.84570E+00,-9.76562E-03
-7.6666128E-01,1.88477E+00,-9.76562E-03
-7.6664280E-01,1.96289E+00,9.76562E-03
-7.6662432E-01,1.90430E+00,2.92969E-02
-7.6660584E-01,1.88477E+00,6.83594E-02
-7.6658736E-01,1.86523E+00,4.88281E-02
-7.6656888E-01,1.84570E+00,4.88281E-02
-7.6655040E-01,1.88477E+00,9.76562E-03
-7.6653192E-01,1.76758E+00,1.07422E-01
-7.6651344E-01,1.84570E+00,6.83594E-02
-7.6649496E-01,1.84570E+00,2.92969E-02
-7.6647648E-01,1.94336E+00,-9.76562E-03
-7.6645800E-01,1.84570E+00,8.78906E-02
-7.6643952E-01,1.90430E+00,4.88281E-02
-7.6642104E-01,1.86523E+00,6.83594E-02
-7.6640256E-01,1.86523E+00,6.83594E-02
-7.6638408E-01,1.80664E+00,6.83594E-02
-7.6636560E-01,1.88477E+00,9.76562E-03
-7.6634712E-01,1.84570E+00,6.83594E-02
-7.6632864E-01,1.94336E+00,-2.92969E-02
-7.6631016E-01,1.88477E+00,6.83594E-02
-7.6629168E-01,1.86523E+00,6.83594E-02
-7.6627320E-01,1.84570E+00,6.83594E-02
-7.6625472E-01,1.86523E+00,9.76562E-03
-7.6623624E-01,1.84570E+00,6.83594E-02
-7.6621776E-01,1.92383E+00,2.92969E-02
-7.6619928E-01,1.78711E+00,6.83594E-02
-7.6618080E-01,1.78711E+00,-2.92969E-02
-7.6616232E-01,1.90430E+00,8.78906E-02
-7.6614384E-01,1.86523E+00,4.88281E-02
-7.6612536E-01,1.86523E+00,4.88281E-02
-7.6610688E-01,1.90430E+00,4.88281E-02
-7.6608840E-01,1.78711E+00,8.78906E-02
-7.6606992E-01,1.86523E+00,9.76562E-03
-7.6605144E-01,1.84570E+00,6.83594E-02
-7.6603296E-01,1.82617E+00,9.76562E-03
-7.6601448E-01,1.84570E+00,4.88281E-02
-7.6599600E-01,1.92383E+00,4.88281E-02
-7.6597752E-01,1.84570E+00,8.78906E-02
-7.6595904E-01,1.86523E+00,2.92969E-02
-7.6594056E-01,1.88477E+00,6.83594E-02
-7.6592208E-01,1.88477E+00,4.88281E-02
-7.6590360E-01,1.82617E+00,8.78906E-02
-7.6588512E-01,1.90430E+00,9.76562E-03
-7.6586664E-01,1.84570E+00,4.88281E-02
-7.6584816E-01,1.86523E+00,4.88281E-02
-7.6582968E-01,1.84570E+00,4.88281E-02
-7.6581120E-01,1.90430E+00,6.83594E-02
-7.6579272E-01,1.82617E+00,6.83594E-02
-7.6577424E-01,1.84570E+00,6.83594E-02
-7.6575576E-01,1.86523E+00,9.76562E-03
-7.6573728E-01,1.90430E+00,9.76562E-03
-7.6571880E-01,1.90430E+00,2.92969E-02
-7.6570032E-01,1.90430E+00,9.76562E-03
-7.6568184E-01,1.88477E+00,8.78906E-02
-7.6566336E-01,1.84570E+00,2.92969E-02
-7.6564488E-01,1.80664E+00,1.07422E-01
-7.6562640E-01,1.82617E+00,4.88281E-02
-7.6560792E-01,1.86523E+00,2.92969E-02
-7.6558944E-01,1.90430E+00,6.83594E-02
-7.6557096E-01,1.90430E+00,2.92969E-02
-7.6555248E-01,1.84570E+00,-4.88281E-02
-7.6553400E-01,1.88477E+00,2.92969E-02
-7.6551552E-01,1.82617E+00,9.76562E-03
-7.6549704E-01,1.84570E+00,1.26953E-01
-7.6547856E-01,1.92383E+00,4.88281E-02
-7.6546008E-01,1.84570E+00,4.88281E-02
-7.6544160E-01,1.84570E+00,-9.76562E-03
-7.6542312E-01,1.86523E+00,4.88281E-02
-7.6540464E-01,1.92383E+00,6.83594E-02
-7.6538616E-01,1.80664E+00,2.92969E-02
-7.6536768E-01,1.94336E+00,-4.88281E-02
-7.6534920E-01,1.96289E+00,6.83594E-02
-7.6533072E-01,1.92383E+00,9.76562E-03
-7.6531224E-01,1.80664E+00,-6.83594E-02
-7.6529376E-01,1.92383E+00,-9.76562E-03
-7.6527528E-01,1.84570E+00,4.88281E-02
-7.6525680E-01,1.82617E+00,6.83594E-02
-7.6523832E-01,1.90430E+00,-9.76562E-03
-7.6521984E-01,1.88477E+00,9.76562E-03
-7.6520136E-01,1.90430E+00,9.76562E-03
-7.6518288E-01,1.86523E+00,2.92969E-02
-7.6516440E-01,1.90430E+00,6.83594E-02
-7.6514592E-01,1.90430E+00,9.76562E-03
-7.6512744E-01,1.80664E+00,6.83594E-02
-7.6510896E-01,1.92383E+00,4.88281E-02
-7.6509048E-01,1.86523E+00,4.88281E-02
-7.6507200E-01,1.90430E+00,9.76562E-03
-7.6505352E-01,1.80664E+00,2.92969E-02
-7.6503504E-01,1.88477E+00,9.76562E-03
-7.6501656E-01,1.80664E+00,6.83594E-02
-7.6499808E-01,1.86523E+00,9.76562E-03
-7.6497960E-01,1.80664E+00,6.83594E-02
-7.6496112E-01,1.84570E+00,2.92969E-02
-7.6494264E-01,1.80664E+00,9.76562E-03
-7.6492416E-01,1.86523E+00,2.92969E-02
-7.6490568E-01,1.88477E+00,6.83594E-02
-7.6488720E-01,1.86523E+00,2.92969E-02
-7.6486872E-01,1.86523E+00,2.92969E-02
-7.6485024E-01,1.86523E+00,2.92969E-02
-7.6483176E-01,1.82617E+00,6.83594E-02
-7.6481328E-01,1.88477E+00,4.88281E-02
-7.6479480E-01,1.88477E+00,2.92969E-02
-7.6477632E-01,1.92383E+00,4.88281E-02
-7.6475784E-01,1.88477E+00,2.92969E-02
-7.6473936E-01,1.90430E+00,2.92969E-02
-7.6472088E-01,1.84570E+00,2.92969E-02
-7.6470240E-01,1.86523E+00,9.76562E-03
-7.6468392E-01,1.94336E+00,-9.76562E-03
-7.6466544E-01,1.90430E+00,6.83594E-02
-7.6464696E-01,1.80664E+00,4.88281E-02
-7.6462848E-01,1.88477E+00,-9.76562E-03
-7.6461000E-01,1.88477E+00,9.76562E-03
-7.6459152E-01,1.88477E+00,6.83594E-02
-7.6457304E-01,1.86523E+00,6.83594E-02
-7.6455456E-01,1.94336E+00,4.88281E-02
-7.6453608E-01,1.84570E+00,2.92969E-02
-7.6451760E-01,1.86523E+00,9.76562E-03
-7.6449912E-01,1.88477E+00,1.07422E-01
-7.6448064E-01,1.90430E+00,9.76562E-03
-7.6446216E-01,1.82617E+00,9.76562E-03
-7.6444368E-01,1.92383E+00,4.88281E-02
-7.6442520E-01,1.80664E+00,4.88281E-02
-7.6440672E-01,1.88477E+00,6.83594E-02
-7.6438824E-01,1.88477E+00,8.78906E-02
-7.6436976E-01,1.92383E+00,2.92969E-02
-7.6435128E-01,1.82617E+00,2.92969E-02
-7.6433280E-01,1.86523E+00,6.83594E-02
-7.6431432E-01,1.92383E+00,4.88281E-02
-7.6429584E-01,1.82617E+00,-9.76562E-03
-7.6427736E-01,1.86523E+00,-9.76562E-03
-7.6425888E-01,1.86523E+00,9.76562E-03
-7.6424040E-01,1.86523E+00,4.88281E-02
-7.6422192E-01,1.80664E+00,4.88281E-02
-7.6420344E-01,1.88477E+00,2.92969E-02
-7.6418496E-01,1.88477E+00,9.76562E-03
-7.6416648E-01,1.84570E+00,2.92969E-02
-7.6414800E-01,1.82617E+00,2.92969E-02
-7.6412952E-01,1.84570E+00,2.92969E-02
-7.6411104E-01,1.80664E+00,6.83594E-02
-7.6409256E-01,1.84570E+00,4.88281E-02
-7.6407408E-01,1.92383E+00,-9.76562E-03
-7.6405560E-01,1.88477E+00,9.76562E-03
-7.6403712E-01,1.90430E+00,2.92969E-02
-7.6401864E-01,1.82617E+00,4.88281E-02
-7.6400016E-01,1.84570E+00,9.76562E-03
-7.6398168E-01,1.84570E+00,6.83594E-02
-7.6396320E-01,1.80664E+00,4.88281E-02
-7.6394472E-01,1.84570E+00,4.88281E-02
-7.6392624E-01,1.96289E+00,9.76562E-03
-7.6390776E-01,1.84570E+00,2.92969E-02
-7.6388928E-01,1.88477E+00,2.92969E-02
-7.6387080E-01,1.90430E+00,9.76562E-03
-7.6385232E-01,1.82617E+00,2.92969E-02
-7.6383384E-01,1.88477E+00,4.88281E-02
-7.6381536E-01,1.92383E+00,-9.76562E-03
-7.6379688E-01,1.92383E+00,2.92969E-02
-7.6377840E-01,1.82617E+00,4.88281E-02
-7.6375992E-01,1.88477E+00,4.88281E-02
-7.6374144E-01,1.92383E+00,-9.76562E-03
-7.6372296E-01,1.88477E+00,6.83594E-02
-7.6370448E-01,1.84570E+00,4.88281E-02
-7.6368600E-01,1.86523E+00,2.92969E-02
-7.6366752E-01,1.80664E+00,2.92969E-02
-7.6364904E-01,1.90430E+00,2.92969E-02
-7.6363056E-01,1.82617E+00,9.76562E-03
-7.6361208E-01,1.90430E+00,9.76562E-03
-7.6359360E-01,1.86523E+00,-9.76562E-03
-7.6357512E-01,1.80664E+00,6.83594E-02
-7.6355664E-01,1.84570E+00,4.88281E-02
-7.6353816E-01,1.84570E+00,6.83594E-02
-7.6351968E-01,1.86523E+00,9.76562E-03
-7.6350120E-01,1.92383E+00,6.83594E-02
-7.6348272E-01,1.86523E+00,9.76562E-03
-7.6346424E-01,1.82617E+00,9.76562E-03
-7.6344576E-01,1.88477E+00,-9.76562E-03
-7.6342728E-01,1.84570E+00,6.83594E-02
-7.6340880E-01,1.88477E+00,4.88281E-02
-7.6339032E-01,1.84570E+00,6.83594E-02
-7.6337184E-01,1.90430E+00,4.88281E-02
-7.6335336E-01,1.92383E+00,4.88281E-02
-7.6333488E-01,1.92383E+00,9.76562E-03
-7.6331640E-01,1.88477E+00,2.92969E-02
-7.6329792E-01,1.92383E+00,9.76562E-03
-7.6327944E-01,1.90430E+00,6.83594E-02
-7.6326096E-01,1.94336E+00,2.92969E-02
-7.6324248E-01,1.88477E+00,2.92969E-02
-7.6322400E-01,1.86523E+00,4.88281E-02
-7.6320552E-01,1.84570E+00,1.07422E-01
-7.6318704E-01,1.82617E+00,-9.76562E-03
-7.6316856E-01,1.82617E+00,6.83594E-02
-7.6315008E-01,1.96289E+00,2.92969E-02
-7.6313160E-01,1.86523E+00,4.88281E-02
-7.6311312E-01,1.92383E+00,6.83594E-02
-7.6309464E-01,1.84570E+00,4.88281E-02
-7.6307616E-01,1.92383E+00,4.88281E-02
-7.6305768E-01,1.86523E+00,2.92969E-02
-7.6303920E-01,1.88477E+00,6.83594E-02
-7.6302072E-01,1.78711E+00,6.83594E-02
-7.6300224E-01,1.88477E+00,4.88281E-02
-7.6298376E-01,1.86523E+00,4.88281E-02
-7.6296528E-01,1.82617E+00,9.76562E-03
-7.6294680E-01,1.86523E+00,4.88281E-02
-7.6292832E-01,1.84570E+00,-2.92969E-02
-7.6290984E-01,1.84570E+00,2.92969E-02
-7.6289136E-01,1.86523E+00,9.76562E-03
-7.6287288E-01,1.84570E+00,2.92969E-02
-7.6285440E-01,1.84570E+00,-2.92969E-02
-7.6283592E-01,1.84570E+00,2.92969E-02
-7.6281744E-01,1.92383E+00,2.92969E-02
-7.6279896E-01,1.86523E+00,4.88281E-02
-7.6278048E-01,1.92383E+00,9.76562E-03
-7.6276200E-01,1.84570E+00,1.07422E-01
-7.6274352E-01,1.86523E+00,2.92969E-02
-7.6272504E-01,1.94336E+00,6.83594E-02
-7.6270656E-01,1.84570E+00,4.88281E-02
-7.6268808E-01,1.86523E+00,9.76562E-03
-7.6266960E-01,1.80664E+00,9.76562E-03
-7.6265112E-01,1.88477E+00,6.83594E-02
-7.6263264E-01,1.86523E+00,4.88281E-02
-7.6261416E-01,1.88477E+00,2.92969E-02
-7.6259568E-01,1.90430E+00,4.88281E-02
-7.6257720E-01,1.84570E+00,4.88281E-02
-7.6255872E-01,1.82617E+00,9.76562E-03
-7.6254024E-01,1.90430E+00,4.88281E-02
-7.6252176E-01,1.88477E+00,4.88281E-02
-7.6250328E-01,1.84570E+00,9.76562E-03
-7.6248480E-01,1.88477E+00,-4.88281E-02
-7.6246632E-01,1.90430E+00,1.07422E-01
-7.6244784E-01,1.92383E+00,4.88281E-02
-7.6242936E-01,1.88477E+00,2.92969E-02
-7.6241088E-01,1.80664E+00,4.88281E-02
-7.6239240E-01,1.82617E+00,4.88281E-02
-7.6237392E-01,1.98242E+00,9.76562E-03
-7.6235544E-01,1.86523E+00,2.92969E-02
-7.6233696E-01,1.86523E+00,4.88281E-02
-7.6231848E-01,1.86523E+00,8.78906E-02
-7.6230000E-01,1.84570E+00,9.76562E-03
-7.6228152E-01,1.84570E+00,2.92969E-02
-7.6226304E-01,1.86523E+00,2.92969E-02
-7.6224456E-01,1.84570E+00,4.88281E-02
-7.6222608E-01,1.86523E+00,4.88281E-02
-7.6220760E-01,1.86523E+00,1.07422E-01
-7.6218912E-01,1.80664E+00,9.76562E-03
-7.6217064E-01,1.86523E+00,4.88281E-02
-7.6215216E-01,1.90430E+00,8.78906E-02
-7.6213368E-01,1.82617E+00,8.78906E-02
-7.6211520E-01,1.86523E+00,-9.76562E-03
-7.6209672E-01,1.80664E+00,6.83594E-02
-7.6207824E-01,1.88477E+00,9.76562E-03
-7.6205976E-01,1.82617E+00,9.76562E-03
-7.6204128E-01,1.92383E+00,9.76562E-03
-7.6202280E-01,1.74805E+00,1.07422E-01
-7.6200432E-01,1.84570E+00,9.76562E-03
-7.6198584E-01,1.86523E+00,9.76562E-03
-7.6196736E-01,1.92383E+00,4.88281E-02
-7.6194888E-01,1.82617E+00,2.92969E-02
-7.6193040E-01,1.92383E+00,4.88281E-02
-7.6191192E-01,1.76758E+00,6.83594E-02
-7.6189344E-01,1.92383E+00,6.83594E-02
-7.6187496E-01,1.86523E+00,6.83594E-02
-7.6185648E-01,1.92383E+00,9.76562E-03
-7.6183800E-01,1.86523E+00,9.76562E-03
-7.6181952E-01,1.90430E+00,2.92969E-02
-7.6180104E-01,1.94336E+00,2.92969E-02
-7.6178256E-01,1.96289E+00,2.92969E-02
-7.6176408E-01,1.86523E+00,9.76562E-03
-7.6174560E-01,1.84570E+00,-9.76562E-03
-7.6172712E-01,1.86523E+00,9.76562E-03
-7.6170864E-01,1.94336E+00,9.76562E-03
-7.6169016E-01,1.86523E+00,2.92969E-02
-7.6167168E-01,1.88477E+00,2.92969E-02
-7.6165320E-01,1.88477E+00,4.88281E-02
-7.6163472E-01,1.98242E+00,-6.83594E-02
-7.6161624E-01,1.88477E+00,4.88281E-02
-7.6159776E-01,1.92383E+00,9.76562E-03
-7.6157928E-01,1.90430E+00,1.46484E-01
-7.6156080E-01,1.88477E+00,6.83594E-02
-7.6154232E-01,1.86523E+00,4.88281E-02
-7.6152384E-01,1.88477E+00,9.76562E-03
-7.6150536E-01,1.84570E+00,9.76562E-03
-7.6148688E-01,1.86523E+00,2.92969E-02
-7.6146840E-01,1.86523E+00,2.92969E-02
-7.6144992E-01,1.92383E+00,4.88281E-02
-7.6143144E-01,1.86523E+00,8.78906E-02
-7.6141296E-01,1.88477E+00,2.92969E-02
-7.6139448E-01,1.84570E+00,4.88281E-02
-7.6137600E-01,1.88477E+00,4.88281E-02
-7.6135752E-01,1.88477E+00,9.76562E-03
-7.6133904E-01,2.02148E+00,4.88281E-02
-7.6132056E-01,1.88477E+00,4.88281E-02
-7.6130208E-01,1.90430E+00,9.76562E-03
-7.6128360E-01,1.88477E+00,9.76562E-03
-7.6126512E-01,1.94336E+00,9.76562E-03
-7.6124664E-01,1.88477E+00,9.76562E-03
-7.6122816E-01,1.86523E+00,2.92969E-02
-7.6120968E-01,1.84570E+00,4.88281E-02
-7.6119120E-01,1.92383E+00,4.88281E-02
-7.6117272E-01,1.86523E+00,9.76562E-03
-7.6115424E-01,1.86523E+00,2.92969E-02
-7.6113576E-01,1.86523E+00,4.88281E-02
-7.6111728E-01,1.90430E+00,4.88281E-02
-7.6109880E-01,1.86523E+00,4.88281E-02
-7.6108032E-01,1.88477E+00,-9.76562E-03
-7.6106184E-01,1.88477E+00,2.92969E-02
-7.6104336E-01,1.94336E+00,9.76562E-03
-7.6102488E-01,1.90430E+00,8.78906E-02
-7.6100640E-01,1.80664E+00,2.92969E-02
-7.6098792E-01,1.88477E+00,9.76562E-03
-7.6096944E-01,1.90430E+00,6.83594E-02
-7.6095096E-01,1.92383E+00,8.78906E-02
-7.6093248E-01,1.96289E+00,-9.76562E-03
-7.6091400E-01,1.94336E+00,2.92969E-02
-7.6089552E-01,1.94336E+00,2.92969E-02
-7.6087704E-01,1.88477E+00,6.83594E-02
-7.6085856E-01,1.88477E+00,4.88281E-02
-7.6084008E-01,1.82617E+00,9.76562E-03
-7.6082160E-01,1.86523E+00,2.92969E-02
-7.6080312E-01,1.90430E+00,9.76562E-03
-7.6078464E-01,1.90430E+00,4.88281E-02
-7.6076616E-01,1.96289E+00,6.83594E-02
-7.6074768E-01,1.90430E+00,9.76562E-03
-7.6072920E-01,1.82617E+00,2.92969E-02
-7.6071072E-01,1.92383E+00,9.76562E-03
-7.6069224E-01,1.84570E+00,1.07422E-01
-7.6067376E-01,1.88477E+00,9.76562E-03
-7.6065528E-01,1.92383E+00,4.88281E-02
-7.6063680E-01,1.86523E+00,2.92969E-02
-7.6061832E-01,1.84570E+00,4.88281E-02
-7.6059984E-01,1.88477E+00,6.83594E-02
-7.6058136E-01,1.90430E+00,6.83594E-02
-7.6056288E-01,1.90430E+00,9.76562E-03
-7.6054440E-01,1.86523E+00,8.78906E-02
-7.6052592E-01,1.88477E+00,2.92969E-02
-7.6050744E-01,1.84570E+00,6.83594E-02
-7.6048896E-01,1.88477E+00,4.88281E-02
-7.6047048E-01,1.92383E+00,2.92969E-02
-7.6045200E-01,1.90430E+00,9.76562E-03
-7.6043352E-01,1.84570E+00,4.88281E-02
-7.6041504E-01,1.92383E+00,2.92969E-02
-7.6039656E-01,1.84570E+00,4.88281E-02
-7.6037808E-01,1.96289E+00,2.92969E-02
-7.6035960E-01,1.94336E+00,2.92969E-02
-7.6034112E-01,1.96289E+00,9.76562E-03
-7.6032264E-01,1.88477E+00,9.76562E-03
-7.6030416E-01,1.86523E+00,4.88281E-02
-7.6028568E-01,1.88477E+00,4.88281E-02
-7.6026720E-01,1.92383E+00,-9.76562E-03
-7.6024872E-01,1.92383E+00,2.92969E-02
-7.6023024E-01,1.90430E+00,9.76562E-03
-7.6021176E-01,1.86523E+00,4.88281E-02
-7.6019328E-01,1.92383E+00,-9.76562E-03
-7.6017480E-01,1.88477E+00,9.76562E-03
-7.6015632E-01,1.90430E+00,9.76562E-03
-7.6013784E-01,1.84570E+00,4.88281E-02
-7.6011936E-01,1.98242E+00,8.78906E-02
-7.6010088E-01,1.84570E+00,9.76562E-03
-7.6008240E-01,1.94336E+00,-9.76562E-03
-7.6006392E-01,1.86523E+00,9.76562E-03
-7.6004544E-01,1.92383E+00,2.92969E-02
-7.6002696E-01,1.86523E+00,4.88281E-02
-7.6000848E-01,1.94336E+00,4.88281E-02
-7.5999000E-01,1.88477E+00,4.88281E-02
-7.5997152E-01,1.94336E+00,4.88281E-02
-7.5995304E-01,1.88477E+00,6.83594E-02
-7.5993456E-01,1.88477E+00,2.92969E-02
-7.5991608E-01,1.90430E+00,4.88281E-02
-7.5989760E-01,1.86523E+00,2.92969E-02
-7.5987912E-01,1.82617E+00,-2.92969E-02
-7.5986064E-01,1.94336E+00,4.88281E-02
-7.5984216E-01,1.82617E+00,9.76562E-03
-7.5982368E-01,1.86523E+00,4.88281E-02
-7.5980520E-01,1.88477E+00,6.83594E-02
-7.5978672E-01,1.80664E+00,4.88281E-02
-7.5976824E-01,1.90430E+00,8.78906E-02
-7.5974976E-01,1.82617E+00,6.83594E-02
-7.5973128E-01,1.86523E+00,8.78906E-02
-7.5971280E-01,1.90430E+00,-2.92969E-02
-7.5969432E-01,1.88477E+00,2.92969E-02
-7.5967584E-01,1.88477E+00,9.76562E-03
-7.5965736E-01,1.94336E+00,6.83594E-02
-7.5963888E-01,1.92383E+00,9.76562E-03
-7.5962040E-01,1.84570E+00,6.83594E-02
-7.5960192E-01,1.84570E+00,9.76562E-03
-7.5958344E-01,1.86523E+00,6.83594E-02
-7.5956496E-01,1.86523E+00,2.92969E-02
-7.5954648E-01,1.92383E+00,9.76562E-03
-7.5952800E-01,1.96289E+00,-9.76562E-03
-7.5950952E-01,1.94336E+00,6.83594E-02
-7.5949104E-01,1.86523E+00,6.83594E-02
-7.5947256E-01,1.90430E+00,8.78906E-02
-7.5945408E-01,1.94336E+00,9.76562E-03
-7.5943560E-01,1.94336E+00,1.07422E-01
-7.5941712E-01,1.94336E+00,9.76562E-03
-7.5939864E-01,1.84570E+00,4.88281E-02
-7.5938016E-01,1.92383E+00,9.76562E-03
-7.5936168E-01,1.86523E+00,9.76562E-03
-7.5934320E-01,1.86523E+00,2.92969E-02
-7.5932472E-01,1.84570E+00,6.83594E-02
-7.5930624E-01,1.94336E+00,2.92969E-02
-7.5928776E-01,1.94336E+00,1.26953E-01
-7.5926928E-01,1.86523E+00,-2.92969E-02
-7.5925080E-01,1.92383E+00,6.83594E-02
-7.5923232E-01,1.86523E+00,4.88281E-02
-7.5921384E-01,1.86523E+00,2.92969E-02
-7.5919536E-01,1.92383E+00,6.83594E-02
-7.5917688E-01,1.92383E+00,4.88281E-02
-7.5915840E-01,1.86523E+00,4.88281E-02
-7.5913992E-01,1.82617E+00,4.88281E-02
-7.5912144E-01,1.96289E+00,9.76562E-03
-7.5910296E-01,1.88477E+00,6.83594E-02
-7.5908448E-01,1.86523E+00,4.88281E-02
-7.5906600E-01,1.92383E+00,4.88281E-02
-7.5904752E-01,1.80664E+00,2.92969E-02
-7.5902904E-01,1.88477E+00,4.88281E-02
-7.5901056E-01,1.88477E+00,2.92969E-02
-7.5899208E-01,1.80664E+00,4.88281E-02
-7.5897360E-01,1.86523E+00,9.76562E-03
-7.5895512E-01,1.84570E+00,9.76562E-03
-7.5893664E-01,1.86523E+00,4.88281E-02
-7.5891816E-01,1.82617E+00,4.88281E-02
-7.5889968E-01,1.92383E+00,2.92969E-02
-7.5888120E-01,1.92383E+00,2.92969E-02
-7.5886272E-01,1.94336E+00,2.92969E-02
-7.5884424E-01,1.90430E+00,4.88281E-02
-7.5882576E-01,1.80664E+00,6.83594E-02
-7.5880728E-01,1.86523E+00,9.76562E-03
-7.5878880E-01,1.80664E+00,-2.92969E-02
-7.5877032E-01,1.94336E+00,6.83594E-02
-7.5875184E-01,1.88477E+00,9.76562E-03
-7.5873336E-01,2.00195E+00,6.83594E-02
-7.5871488E-01,1.92383E+00,-2.92969E-02
-7.5869640E-01,1.88477E+00,4.88281E-02
-7.5867792E-01,1.92383E+00,4.88281E-02
-7.5865944E-01,1.86523E+00,9.76562E-03
-7.5864096E-01,1.86523E+00,2.92969E-02
-7.5862248E-01,1.94336E+00,4.88281E-02
-7.5860400E-01,1.88477E+00,4.88281E-02
-7.5858552E-01,1.84570E+00,4.88281E-02
-7.5856704E-01,1.90430E+00,6.83594E-02
-7.5854856E-01,1.86523E+00,4.88281E-02
-7.5853008E-01,1.86523E+00,4.88281E-02
-7.5851160E-01,1.92383E+00,4.88281E-02
-7.5849312E-01,1.86523E+00,9.76562E-03
-7.5847464E-01,1.86523E+00,4.88281E-02
-7.5845616E-01,1.86523E+00,9.76562E-03
-7.5843768E-01,1.86523E+00,9.76562E-03
-7.5841920E-01,1.88477E+00,8.78906E-02
-7.5840072E-01,1.92383E+00,6.83594E-02
-7.5838224E-01,1.86523E+00,2.92969E-02
-7.5836376E-01,1.96289E+00,4.88281E-02
-7.5834528E-01,1.92383E+00,2.92969E-02
-7.5832680E-01,1.98242E+00,9.76562E-03
-7.5830832E-01,1.88477E+00,4.88281E-02
-7.5828984E-01,1.84570E+00,1.07422E-01
-7.5827136E-01,1.94336E+00,9.76562E-03
-7.5825288E-01,1.94336E+00,4.88281E-02
-7.5823440E-01,1.94336E+00,2.92969E-02
-7.5821592E-01,1.86523E+00,2.92969E-02
-7.5819744E-01,1.88477E+00,6.83594E-02
-7.5817896E-01,1.88477E+00,6.83594E-02
-7.5816048E-01,1.94336E+00,9.76562E-03
-7.5814200E-01,1.82617E+00,6.83594E-02
-7.5812352E-01,1.94336E+00,-9.76562E-03
-7.5810504E-01,1.88477E+00,2.92969E-02
-7.5808656E-01,1.96289E+00,9.76562E-03
-7.5806808E-01,1.86523E+00,9.76562E-03
-7.5804960E-01,1.86523E+00,4.88281E-02
-7.5803112E-01,1.84570E+00,4.88281E-02
-7.5801264E-01,1.86523E+00,9.76562E-03
-7.5799416E-01,1.94336E+00,9.76562E-03
-7.5797568E-01,1.88477E+00,9.76562E-03
-7.5795720E-01,1.90430E+00,6.83594E-02
-7.5793872E-01,1.90430E+00,9.76562E-03
-7.5792024E-01,1.86523E+00,4.88281E-02
-7.5790176E-01,1.92383E+00,2.92969E-02
-7.5788328E-01,1.84570E+00,2.92969E-02
-7.5786480E-01,1.94336E+00,9.76562E-03
-7.5784632E-01,1.84570E+00,9.76562E-03
-7.5782784E-01,1.92383E+00,4.88281E-02
-7.5780936E-01,1.88477E+00,2.92969E-02
-7.5779088E-01,1.96289E+00,9.76562E-03
-7.5777240E-01,1.86523E+00,8.78906E-02
-7.5775392E-01,1.98242E+00,4.88281E-02
-7.5773544E-01,1.92383E+00,2.92969E-02
-7.5771696E-01,1.94336E+00,6.83594E-02
-7.5769848E-01,1.88477E+00,6.83594E-02
-7.5768000E-01,1.90430E+00,4.88281E-02
-7.5766152E-01,1.86523E+00,2.92969E-02
-7.5764304E-01,1.94336E+00,-2.92969E-02
-7.5762456E-01,1.94336E+00,4.88281E-02
-7.5760608E-01,1.96289E+00,4.88281E-02
-7.5758760E-01,1.94336E+00,9.76562E-03
-7.5756912E-01,1.92383E+00,-9.76562E-03
-7.5755064E-01,1.86523E+00,4.88281E-02
-7.5753216E-01,1.94336E+00,9.76562E-03
-7.5751368E-01,1.88477E+00,4.88281E-02
-7.5749520E-01,1.90430E+00,2.92969E-02
-7.5747672E-01,1.88477E+00,-9.76562E-03
-7.5745824E-01,1.88477E+00,-9.76562E-03
-7.5743976E-01,1.88477E+00,6.83594E-02
-7.5742128E-01,1.96289E+00,-9.76562E-03
-7.5740280E-01,1.92383E+00,2.92969E-02
-7.5738432E-01,1.92383E+00,9.76562E-03
-7.5736584E-01,1.90430E+00,9.76562E-03
-7.5734736E-01,1.92383E+00,-9.76562E-03
-7.5732888E-01,1.86523E+00,9.76562E-03
-7.5731040E-01,2.00195E+00,2.92969E-02
-7.5729192E-01,1.86523E+00,4.88281E-02
-7.5727344E-01,1.98242E+00,9.76562E-03
-7.5725496E-01,1.86523E+00,4.88281E-02
-7.5723648E-01,1.90430E+00,4.88281E-02
-7.5721800E-01,1.82617E+00,2.92969E-02
-7.5719952E-01,1.94336E+00,4.88281E-02
-7.5718104E-01,1.92383E+00,6.83594E-02
-7.5716256E-01,1.94336E+00,-9.76562E-03
-7.5714408E-01,1.84570E+00,4.88281E-02
-7.5712560E-01,1.94336E+00,9.76562E-03
-7.5710712E-01,1.90430E+00,9.76562E-03
-7.5708864E-01,1.86523E+00,2.92969E-02
-7.5707016E-01,1.92383E+00,4.88281E-02
-7.5705168E-01,1.94336E+00,9.76562E-03
-7.5703320E-01,1.90430E+00,4.88281E-02
-7.5701472E-01,1.92383E+00,4.88281E-02
-7.5699624E-01,1.92383E+00,4.88281E-02
-7.5697776E-01,1.90430E+00,4.88281E-02
-7.5695928E-01,1.90430E+00,4.88281E-02
-7.5694080E-01,1.88477E+00,-9.76562E-03
-7.5692232E-01,1.90430E+00,2.92969E-02
-7.5690384E-01,1.90430E+00,9.76562E-03
-7.5688536E-01,1.90430E+00,4.88281E-02
-7.5686688E-01,1.90430E+00,9.76562E-03
-7.5684840E-01,1.82617E+00,6.83594E-02
-7.5682992E-01,1.94336E+00,4.88281E-02
-7.5681144E-01,1.92383E+00,2.92969E-02
-7.5679296E-01,1.92383E+00,2.92969E-02
-7.5677448E-01,1.84570E+00,4.88281E-02
-7.5675600E-01,1.94336E+00,4.88281E-02
-7.5673752E-01,1.86523E+00,1.07422E-01
-7.5671904E-01,1.90430E+00,6.83594E-02
-7.5670056E-01,1.92383E+00,2.92969E-02
-7.5668208E-01,1.90430E+00,9.76562E-03
-7.5666360E-01,1.96289E+00,4.88281E-02
-7.5664512E-01,1.94336E+00,2.92969E-02
-7.5662664E-01,1.94336E+00,4.88281E-02
-7.5660816E-01,1.94336E+00,9.76562E-03
-7.5658968E-01,1.90430E+00,2.92969E-02
-7.5657120E-01,1.86523E+00,2.92969E-02
-7.5655272E-01,2.00195E+00,4.88281E-02
-7.5653424E-01,1.90430E+00,-9.76562E-03
-7.5651576E-01,1.88477E+00,2.92969E-02
-7.5649728E-01,1.94336E+00,9.76562E-03
-7.5647880E-01,1.86523E+00,9.76562E-03
-7.5646032E-01,1.92383E+00,2.92969E-02
-7.5644184E-01,1.92383E+00,2.92969E-02
-7.5642336E-01,1.92383E+00,9.76562E-03
-7.5640488E-01,1.84570E+00,9.76562E-03
-7.5638640E-01,1.86523E+00,4.88281E-02
-7.5636792E-01,1.82617E+00,2.92969E-02
-7.5634944E-01,1.92383E+00,-9.76562E-03
-7.5633096E-01,1.88477E+00,2.92969E-02
-7.5631248E-01,1.90430E+00,4.88281E-02
-7.5629400E-01,1.90430E+00,4.88281E-02
-7.5627552E-01,1.94336E+00,2.92969E-02
-7.5625704E-01,1.92383E+00,4.88281E-02
-7.5623856E-01,1.88477E+00,4.88281E-02
-7.5622008E-01,1.82617E+00,-9.76562E-03
-7.5620160E-01,1.88477E+00,9.76562E-03
-7.5618312E-01,1.86523E+00,2.92969E-02
-7.5616464E-01,1.96289E+00,9.76562E-03
-7.5614616E-01,1.92383E+00,4.88281E-02
-7.5612768E-01,1.86523E+00,4.88281E-02
-7.5610920E-01,1.92383E+00,6.83594E-02
-7.5609072E-01,1.94336E+00,2.92969E-02
-7.5607224E-01,1.98242E+00,4.88281E-02
-7.5605376E-01,1.92383E+00,1.07422E-01
-7.5603528E-01,1.88477E+00,4.88281E-02
-7.5601680E-01,1.92383E+00,2.92969E-02
-7.5599832E-01,1.90430E+00,9.76562E-03
-7.5597984E-01,1.90430E+00,4.88281E-02
-7.5596136E-01,1.84570E+00,4.88281E-02
-7.5594288E-01,1.94336E+00,9.76562E-03
-7.5592440E-01,1.92383E+00,4.88281E-02
-7.5590592E-01,1.86523E+00,2.92969E-02
-7.5588744E-01,1.90430E+00,4.88281E-02
-7.5586896E-01,1.92383E+00,9.76562E-03
-7.5585048E-01,1.98242E+00,8.78906E-02
-7.5583200E-01,1.94336E+00,-9.76562E-03
-7.5581352E-01,1.94336E+00,8.78906E-02
-7.5579504E-01,1.90430E+00,4.88281E-02
-7.5577656E-01,1.84570E+00,2.92969E-02
-7.5575808E-01,1.82617E+00,9.76562E-03
-7.5573960E-01,1.84570E+00,4.88281E-02
-7.5572112E-01,1.86523E+00,-2.92969E-02
-7.5570264E-01,1.90430E+00,6.83594E-02
-7.5568416E-01,1.88477E+00,6.83594E-02
-7.5566568E-01,1.82617E+00,6.83594E-02
-7.5564720E-01,1.86523E+00,2.92969E-02
-7.5562872E-01,1.86523E+00,6.83594E-02
-7.5561024E-01,1.96289E+00,6.83594E-02
-7.5559176E-01,1.84570E+00,4.88281E-02
-7.5557328E-01,1.88477E+00,9.76562E-03
-7.5555480E-01,1.84570E+00,4.88281E-02
-7.5553632E-01,1.94336E+00,4.88281E-02
-7.5551784E-01,1.94336E+00,9.76562E-03
-7.5549936E-01,1.88477E+00,2.92969E-02
-7.5548088E-01,1.84570E+00,9.76562E-03
-7.5546240E-01,1.92383E+00,4.88281E-02
-7.5544392E-01,1.88477E+00,4.88281E-02
-7.5542544E-01,1.86523E+00,6.83594E-02
-7.5540696E-01,1.86523E+00,1.07422E-01
-7.5538848E-01,1.96289E+00,4.88281E-02
-7.5537000E-01,1.90430E+00,1.26953E-01
-7.5535152E-01,1.90430E+00,4.88281E-02
-7.5533304E-01,1.84570E+00,2.92969E-02
-7.5531456E-01,1.94336E+00,9.76562E-03
-7.5529608E-01,1.88477E+00,9.76562E-03
-7.5527760E-01,1.92383E+00,6.83594E-02
-7.5525912E-01,1.88477E+00,8.78906E-02
-7.5524064E-01,1.94336E+00,6.83594E-02
-7.5522216E-01,1.84570E+00,2.92969E-02
-7.5520368E-01,1.90430E+00,4.88281E-02
-7.5518520E-01,1.84570E+00,2.92969E-02
-7.5516672E-01,1.92383E+00,4.88281E-02
-7.5514824E-01,1.92383E+00,2.92969E-02
-7.5512976E-01,1.92383E+00,4.88281E-02
-7.5511128E-01,1.94336E+00,2.92969E-02
-7.5509280E-01,1.96289E+00,6.83594E-02
-7.5507432E-01,1.86523E+00,4.88281E-02
-7.5505584E-01,1.94336E+00,9.76562E-03
-7.5503736E-01,1.98242E+00,9.76562E-03
-7.5501888E-01,1.90430E+00,9.76562E-03
-7.5500040E-01,1.90430E+00,4.88281E-02
-7.5498192E-01,1.92383E+00,4.88281E-02
-7.5496344E-01,1.96289E+00,4.88281E-02
-7.5494496E-01,1.92383E+00,2.92969E-02
-7.5492648E-01,1.88477E+00,9.76562E-03
-7.5490800E-01,1.92383E+00,4.88281E-02
-7.5488952E-01,1.86523E+00,2.92969E-02
-7.5487104E-01,1.96289E+00,2.92969E-02
-7.5485256E-01,1.96289E+00,6.83594E-02
-7.5483408E-01,1.88477E+00,4.88281E-02
-7.5481560E-01,1.94336E+00,8.78906E-02
-7.5479712E-01,1.92383E+00,2.92969E-02
-7.5477864E-01,1.92383E+00,-2.92969E-02
-7.5476016E-01,1.94336E+00,4.88281E-02
-7.5474168E-01,1.86523E+00,4.88281E-02
-7.5472320E-01,1.86523E+00,2.92969E-02
-7.5470472E-01,1.90430E+00,4.88281E-02
-7.5468624E-01,1.90430E+00,2.92969E-02
-7.5466776E-01,1.90430E+00,6.83594E-02
-7.5464928E-01,1.92383E+00,4.88281E-02
-7.5463080E-01,1.88477E+00,4.88281E-02
-7.5461232E-01,1.96289E+00,6.83594E-02
-7.5459384E-01,1.94336E+00,2.92969E-02
-7.5457536E-01,1.92383E+00,9.76562E-03
-7.5455688E-01,1.96289E+00,1.07422E-01
-7.5453840E-01,1.94336E+00,-2.92969E-02
-7.5451992E-01,1.88477E+00,2.92969E-02
-7.5450144E-01,1.94336E+00,2.92969E-02
-7.5448296E-01,1.88477E+00,2.92969E-02
-7.5446448E-01,1.90430E+00,2.92969E-02
-7.5444600E-01,1.86523E+00,4.88281E-02
-7.5442752E-01,1.96289E+00,8.78906E-02
-7.5440904E-01,1.96289E+00,2.92969E-02
-7.5439056E-01,1.94336E+00,-2.92969E-02
-7.5437208E-01,1.86523E+00,4.88281E-02
-7.5435360E-01,1.86523E+00,4.88281E-02
-7.5433512E-01,1.94336E+00,4.88281E-02
-7.5431664E-01,1.94336E+00,4.88281E-02
-7.5429816E-01,1.90430E+00,2.92969E-02
-7.5427968E-01,1.96289E+00,4.88281E-02
-7.5426120E-01,1.88477E+00,6.83594E-02
-7.5424272E-01,1.92383E+00,4.88281E-02
-7.5422424E-01,1.92383E+00,9.76562E-03
-7.5420576E-01,1.94336E+00,-9.76562E-03
-7.5418728E-01,1.90430E+00,8.78906E-02
-7.5416880E-01,1.92383E+00,-9.76562E-03
-7.5415032E-01,1.94336E+00,2.92969E-02
-7.5413184E-01,1.86523E+00,-9.76562E-03
-7.5411336E-01,1.94336E+00,2.92969E-02
-7.5409488E-01,1.94336E+00,9.76562E-03
-7.5407640E-01,1.90430E+00,6.83594E-02
-7.5405792E-01,1.88477E+00,4.88281E-02
-7.5403944E-01,1.86523E+00,4.88281E-02
-7.5402096E-01,1.92383E+00,4.88281E-02
-7.5400248E-01,1.92383E+00,2.92969E-02
-7.5398400E-01,1.92383E+00,-9.76562E-03
-7.5396552E-01,1.90430E+00,4.88281E-02
-7.5394704E-01,1.90430E+00,9.76562E-03
-7.5392856E-01,1.82617E+00,1.07422E-01
-7.5391008E-01,1.94336E+00,-9.76562E-03
-7.5389160E-01,1.90430E+00,9.76562E-03
-7.5387312E-01,1.90430E+00,2.92969E-02
-7.5385464E-01,1.84570E+00,4.88281E-02
-7.5383616E-01,1.86523E+00,4.88281E-02
-7.5381768E-01,1.88477E+00,4.88281E-02
-7.5379920E-01,1.94336E+00,6.83594E-02
-7.5378072E-01,1.88477E+00,6.83594E-02
-7.5376224E-01,1.90430E+00,4.88281E-02
-7.5374376E-01,1.86523E+00,1.46484E-01
-7.5372528E-01,2.00195E+00,2.92969E-02
-7.5370680E-01,1.88477E+00,6.83594E-02
-7.5368832E-01,1.92383E+00,-9.76562E-03
-7.5366984E-01,1.92383E+00,-9.76562E-03
-7.5365136E-01,1.92383E+00,4.88281E-02
-7.5363288E-01,1.98242E+00,6.83594E-02
-7.5361440E-01,1.94336E+00,2.92969E-02
-7.5359592E-01,1.96289E+00,1.26953E-01
-7.5357744E-01,1.90430E+00,9.76562E-03
-7.5355896E-01,1.86523E+00,2.92969E-02
-7.5354048E-01,1.94336E+00,2.92969E-02
-7.5352200E-01,1.90430E+00,4.88281E-02
-7.5350352E-01,1.92383E+00,2.92969E-02
-7.5348504E-01,1.92383E+00,2.92969E-02
-7.5346656E-01,1.92383E+00,9.76562E-03
-7.5344808E-01,1.86523E+00,2.92969E-02
-7.5342960E-01,1.96289E+00,4.88281E-02
-7.5341112E-01,1.94336E+00,4.88281E-02
-7.5339264E-01,1.92383E+00,2.92969E-02
-7.5337416E-01,1.90430E+00,4.88281E-02
-7.5335568E-01,1.94336E+00,-4.88281E-02
-7.5333720E-01,1.90430E+00,2.92969E-02
-7.5331872E-01,1.98242E+00,2.92969E-02
-7.5330024E-01,1.92383E+00,6.83594E-02
-7.5328176E-01,1.94336E+00,2.92969E-02
-7.5326328E-01,1.92383E+00,9.76562E-03
-7.5324480E-01,1.94336E+00,2.92969E-02
-7.5322632E-01,1.96289E+00,6.83594E-02
-7.5320784E-01,1.84570E+00,4.88281E-02
-7.5318936E-01,1.92383E+00,6.83594E-02
-7.5317088E-01,1.94336E+00,2.92969E-02
-7.5315240E-01,1.94336E+00,1.26953E-01
-7.5313392E-01,1.88477E+00,9.76562E-03
-7.5311544E-01,1.90430E+00,9.76562E-03
-7.5309696E-01,1.86523E+00,2.92969E-02
-7.5307848E-01,1.90430E+00,4.88281E-02
-7.5306000E-01,1.96289E+00,9.76562E-03
-7.5304152E-01,1.92383E+00,2.92969E-02
-7.5302304E-01,1.94336E+00,6.83594E-02
-7.5300456E-01,1.94336E+00,9.76562E-03
-7.5298608E-01,1.90430E+00,-9.76562E-03
-7.5296760E-01,1.94336E+00,2.92969E-02
-7.5294912E-01,1.92383E+00,2.92969E-02
-7.5293064E-01,1.86523E+00,6.83594E-02
-7.5291216E-01,1.98242E+00,4.88281E-02
-7.5289368E-01,1.92383E+00,4.88281E-02
-7.5287520E-01,1.94336E+00,9.76562E-03
-7.5285672E-01,1.94336E+00,2.92969E-02
-7.5283824E-01,1.92383E+00,2.92969E-02
-7.5281976E-01,1.90430E+00,4.88281E-02
-7.5280128E-01,1.86523E+00,9.76562E-03
-7.5278280E-01,1.90430E+00,2.92969E-02
-7.5276432E-01,1.94336E+00,2.92969E-02
-7.5274584E-01,1.88477E+00,6.83594E-02
-7.5272736E-01,1.92383E+00,-9.76562E-03
-7.5270888E-01,1.94336E+00,2.92969E-02
-7.5269040E-01,1.88477E+00,2.92969E-02
-7.5267192E-01,1.94336E+00,2.92969E-02
-7.5265344E-01,1.88477E+00,-9.76562E-03
-7.5263496E-01,1.86523E+00,4.88281E-02
-7.5261648E-01,1.90430E+00,2.92969E-02
-7.5259800E-01,1.92383E+00,8.78906E-02
-7.5257952E-01,1.94336E+00,9.76562E-03
-7.5256104E-01,1.90430E+00,4.88281E-02
-7.5254256E-01,1.88477E+00,2.92969E-02
-7.5252408E-01,1.90430E+00,4.88281E-02
-7.5250560E-01,1.94336E+00,9.76562E-03
-7.5248712E-01,1.92383E+00,2.92969E-02
-7.5246864E-01,1.92383E+00,-2.92969E-02
-7.5245016E-01,1.90430E+00,4.88281E-02
-7.5243168E-01,1.92383E+00,-9.76562E-03
-7.5241320E-01,1.88477E+00,4.88281E-02
-7.5239472E-01,1.94336E+00,-2.92969E-02
-7.5237624E-01,1.90430E+00,6.83594E-02
-7.5235776E-01,1.92383E+00,9.76562E-03
-7.5233928E-01,1.96289E+00,4.88281E-02
-7.5232080E-01,1.96289E+00,4.88281E-02
-7.5230232E-01,1.92383E+00,2.92969E-02
-7.5228384E-01,1.92383E+00,9.76562E-03
-7.5226536E-01,1.92383E+00,4.88281E-02
-7.5224688E-01,1.94336E+00,4.88281E-02
-7.5222840E-01,1.96289E+00,1.26953E-01
-7.5220992E-01,1.94336E+00,4.88281E-02
-7.5219144E-01,1.90430E+00,4.88281E-02
-7.5217296E-01,1.86523E+00,4.88281E-02
-7.5215448E-01,1.88477E+00,4.88281E-02
-7.5213600E-01,1.90430E+00,2.92969E-02
-7.5211752E-01,1.92383E+00,9.76562E-03
-7.5209904E-01,1.92383E+00,4.88281E-02
-7.5208056E-01,1.90430E+00,9.76562E-03
-7.5206208E-01,2.02148E+00,6.83594E-02
-7.5204360E-01,1.96289E+00,9.76562E-03
-7.5202512E-01,1.96289E+00,2.92969E-02
-7.5200664E-01,1.82617E+00,9.76562E-03
-7.5198816E-01,1.88477E+00,2.92969E-02
-7.5196968E-01,1.92383E+00,6.83594E-02
-7.5195120E-01,1.94336E+00,4.88281E-02
-7.5193272E-01,1.88477E+00,6.83594E-02
-7.5191424E-01,1.98242E+00,-4.88281E-02
-7.5189576E-01,1.92383E+00,8.78906E-02
-7.5187728E-01,1.90430E+00,4.88281E-02
-7.5185880E-01,1.92383E+00,9.76562E-03
-7.5184032E-01,1.96289E+00,9.76562E-03
-7.5182184E-01,1.90430E+00,4.88281E-02
-7.5180336E-01,1.92383E+00,2.92969E-02
-7.5178488E-01,1.94336E+00,1.26953E-01
-7.5176640E-01,1.96289E+00,2.92969E-02
-7.5174792E-01,1.90430E+00,2.92969E-02
-7.5172944E-01,1.92383E+00,9.76562E-03
-7.5171096E-01,1.94336E+00,6.83594E-02
-7.5169248E-01,1.94336E+00,-2.92969E-02
-7.5167400E-01,2.00195E+00,6.83594E-02
-7.5165552E-01,2.00195E+00,9.76562E-03
-7.5163704E-01,1.94336E+00,9.76562E-03
-7.5161856E-01,1.90430E+00,9.76562E-03
-7.5160008E-01,1.88477E+00,6.83594E-02
-7.5158160E-01,1.96289E+00,2.92969E-02
-7.5156312E-01,1.96289E+00,9.76562E-03
-7.5154464E-01,1.94336E+00,9.76562E-03
-7.5152616E-01,1.90430E+00,2.92969E-02
-7.5150768E-01,1.94336E+00,2.92969E-02
-7.5148920E-01,1.90430E+00,4.88281E-02
-7.5147072E-01,1.88477E+00,8.78906E-02
-7.5145224E-01,1.88477E+00,4.88281E-02
-7.5143376E-01,1.92383E+00,9.76562E-03
-7.5141528E-01,1.90430E+00,4.88281E-02
-7.5139680E-01,2.00195E+00,2.92969E-02
-7.5137832E-01,1.86523E+00,9.76562E-03
-7.5135984E-01,1.90430E+00,-9.76562E-03
-7.5134136E-01,1.94336E+00,1.07422E-01
-7.5132288E-01,1.94336E+00,9.76562E-03
-7.5130440E-01,1.88477E+00,8.78906E-02
-7.5128592E-01,1.88477E+00,4.88281E-02
-7.5126744E-01,1.94336E+00,8.78906E-02
-7.5124896E-01,1.96289E+00,4.88281E-02
-7.5123048E-01,1.96289E+00,4.88281E-02
-7.5121200E-01,1.94336E+00,4.88281E-02
-7.5119352E-01,1.92383E+00,2.92969E-02
-7.5117504E-01,1.90430E+00,-9.76562E-03
-7.5115656E-01,1.94336E+00,2.92969E-02
-7.5113808E-01,1.88477E+00,6.83594E-02
-7.5111960E-01,1.94336E+00,6.83594E-02
-7.5110112E-01,1.96289E+00,4.88281E-02
-7.5108264E-01,1.92383E+00,8.78906E-02
-7.5106416E-01,1.94336E+00,9.76562E-03
-7.5104568E-01,1.94336E+00,4.88281E-02
-7.5102720E-01,1.92383E+00,9.76562E-03
-7.5100872E-01,1.88477E+00,6.83594E-02
-7.5099024E-01,1.94336E+00,2.92969E-02
-7.5097176E-01,1.92383E+00,4.88281E-02
-7.5095328E-01,1.94336E+00,9.76562E-03
-7.5093480E-01,1.90430E+00,9.76562E-03
-7.5091632E-01,1.90430E+00,9.76562E-03
-7.5089784E-01,1.96289E+00,9.76562E-03
-7.5087936E-01,1.94336E+00,-9.76562E-03
-7.5086088E-01,1.92383E+00,6.83594E-02
-7.5084240E-01,2.00195E+00,4.88281E-02
-7.5082392E-01,1.86523E+00,4.88281E-02
-7.5080544E-01,1.94336E+00,4.88281E-02
-7.5078696E-01,1.90430E+00,2.92969E-02
-7.5076848E-01,1.94336E+00,6.83594E-02
-7.5075000E-01,1.94336E+00,6.83594E-02
-7.5073152E-01,1.94336E+00,-2.92969E-02
-7.5071304E-01,1.94336E+00,9.76562E-03
-7.5069456E-01,1.92383E+00,4.88281E-02
-7.5067608E-01,1.92383E+00,6.83594E-02
-7.5065760E-01,1.96289E+00,4.88281E-02
-7.5063912E-01,1.92383E+00,9.76562E-03
-7.5062064E-01,1.92383E+00,-9.76562E-03
-7.5060216E-01,1.92383E+00,2.92969E-02
-7.5058368E-01,1.94336E+00,9.76562E-03
-7.5056520E-01,1.80664E+00,9.76562E-03
-7.5054672E-01,1.98242E+00,-9.76562E-03
-7.5052824E-01,1.86523E+00,1.07422E-01
-7.5050976E-01,1.90430E+00,4.88281E-02
-7.5049128E-01,1.94336E+00,4.88281E-02
-7.5047280E-01,1.98242E+00,-2.92969E-02
-7.5045432E-01,1.86523E+00,-9.76562E-03
-7.5043584E-01,1.96289E+00,2.92969E-02
-7.5041736E-01,1.88477E+00,4.88281E-02
-7.5039888E-01,1.94336E+00,4.88281E-02
-7.5038040E-01,1.84570E+00,9.76562E-03
-7.5036192E-01,1.92383E+00,-9.76562E-03
-7.5034344E-01,1.90430E+00,4.88281E-02
-7.5032496E-01,1.94336E+00,9.76562E-03
-7.5030648E-01,1.92383E+00,4.88281E-02
-7.5028800E-01,1.94336E+00,9.76562E-03
-7.5026952E-01,1.98242E+00,9.76562E-03
-7.5025104E-01,1.92383E+00,9.76562E-03
-7.5023256E-01,1.86523E+00,4.88281E-02
-7.5021408E-01,2.00195E+00,6.83594E-02
-7.5019560E-01,1.90430E+00,2.92969E-02
-7.5017712E-01,1.94336E+00,9.76562E-03
-7.5015864E-01,1.94336E+00,4.88281E-02
-7.5014016E-01,2.00195E+00,-2.92969E-02
-7.5012168E-01,1.94336E+00,8.78906E-02
-7.5010320E-01,1.86523E+00,6.83594E-02
-7.5008472E-01,1.86523E+00,4.88281E-02
-7.5006624E-01,1.92383E+00,4.88281E-02
-7.5004776E-01,1.94336E+00,2.92969E-02
-7.5002928E-01,1.94336E+00,-9.76562E-03
-7.5001080E-01,1.92383E+00,9.76562E-03
-7.4999232E-01,1.92383E+00,2.92969E-02
-7.4997384E-01,1.94336E+00,-9.76562E-03
-7.4995536E-01,1.98242E+00,9.76562E-03
-7.4993688E-01,1.94336E+00,9.76562E-03
-7.4991840E-01,1.94336E+00,2.92969E-02
-7.4989992E-01,1.88477E+00,9.76562E-03
-7.4988144E-01,1.92383E+00,-9.76562E-03
-7.4986296E-01,1.96289E+00,4.88281E-02
-7.4984448E-01,1.96289E+00,9.76562E-03
-7.4982600E-01,1.88477E+00,4.88281E-02
-7.4980752E-01,1.98242E+00,9.76562E-03
-7.4978904E-01,1.94336E+00,4.88281E-02
-7.4977056E-01,1.94336E+00,2.92969E-02
-7.4975208E-01,1.92383E+00,6.83594E-02
-7.4973360E-01,1.92383E+00,9.76562E-03
-7.4971512E-01,1.98242E+00,6.83594E-02
-7.4969664E-01,1.96289E+00,4.88281E-02
-7.4967816E-01,1.94336E+00,6.83594E-02
-7.4965968E-01,2.00195E+00,6.83594E-02
-7.4964120E-01,1.98242E+00,6.83594E-02
-7.4962272E-01,1.94336E+00,4.88281E-02
-7.4960424E-01,1.92383E+00,2.92969E-02
-7.4958576E-01,2.00195E+00,4.88281E-02
-7.4956728E-01,1.90430E+00,8.78906E-02
-7.4954880E-01,1.94336E+00,6.83594E-02
-7.4953032E-01,1.94336E+00,6.83594E-02
-7.4951184E-01,1.94336E+00,2.92969E-02
-7.4949336E-01,1.88477E+00,2.92969E-02
-7.4947488E-01,2.00195E+00,-9.76562E-03
-7.4945640E-01,1.84570E+00,6.83594E-02
-7.4943792E-01,1.92383E+00,6.83594E-02
-7.4941944E-01,1.92383E+00,6.83594E-02
-7.4940096E-01,1.88477E+00,4.88281E-02
-7.4938248E-01,1.86523E+00,2.92969E-02
-7.4936400E-01,1.92383E+00,2.92969E-02
-7.4934552E-01,1.92383E+00,2.92969E-02
-7.4932704E-01,1.94336E+00,9.76562E-03
-7.4930856E-01,1.88477E+00,4.88281E-02
-7.4929008E-01,1.94336E+00,9.76562E-03
-7.4927160E-01,1.94336E+00,2.92969E-02
-7.4925312E-01,1.92383E+00,6.83594E-02
-7.4923464E-01,1.86523E+00,1.07422E-01
-7.4921616E-01,1.98242E+00,2.92969E-02
-7.4919768E-01,1.94336E+00,4.88281E-02
-7.4917920E-01,1.94336E+00,-9.76562E-03
-7.4916072E-01,1.88477E+00,2.92969E-02
-7.4914224E-01,1.92383E+00,2.92969E-02
-7.4912376E-01,1.94336E+00,2.92969E-02
-7.4910528E-01,1.98242E+00,2.92969E-02
-7.4908680E-01,1.94336E+00,6.83594E-02
-7.4906832E-01,1.94336E+00,-9.76562E-03
-7.4904984E-01,1.98242E+00,4.88281E-02
-7.4903136E-01,1.94336E+00,9.76562E-03
-7.4901288E-01,1.98242E+00,6.83594E-02
-7.4899440E-01,1.86523E+00,9.76562E-03
-7.4897592E-01,1.94336E+00,4.88281E-02
-7.4895744E-01,1.96289E+00,-2.92969E-02
-7.4893896E-01,1.94336E+00,4.88281E-02
-7.4892048E-01,1.98242E+00,9.76562E-03
-7.4890200E-01,1.94336E+00,8.78906E-02
-7.4888352E-01,1.92383E+00,6.83594E-02
-7.4886504E-01,1.84570E+00,8.78906E-02
-7.4884656E-01,1.96289E+00,9.76562E-03
-7.4882808E-01,1.92383E+00,2.92969E-02
-7.4880960E-01,1.92383E+00,4.88281E-02
-7.4879112E-01,1.88477E+00,4.88281E-02
-7.4877264E-01,1.92383E+00,9.76562E-03
-7.4875416E-01,1.90430E+00,4.88281E-02
-7.4873568E-01,1.98242E+00,2.92969E-02
-7.4871720E-01,1.96289E+00,4.88281E-02
-7.4869872E-01,1.88477E+00,9.76562E-03
-7.4868024E-01,1.88477E+00,4.88281E-02
-7.4866176E-01,1.92383E+00,-4.88281E-02
-7.4864328E-01,1.92383E+00,9.76562E-03
-7.4862480E-01,1.86523E+00,6.83594E-02
-7.4860632E-01,1.96289E+00,8.78906E-02
-7.4858784E-01,1.94336E+00,6.83594E-02
-7.4856936E-01,1.98242E+00,4.88281E-02
-7.4855088E-01,1.94336E+00,4.88281E-02
-7.4853240E-01,1.96289E+00,1.07422E-01
-7.4851392E-01,2.00195E+00,6.83594E-02
-7.4849544E-01,1.94336E+00,2.92969E-02
-7.4847696E-01,1.94336E+00,-9.76562E-03
-7.4845848E-01,1.94336E+00,4.88281E-02
-7.4844000E-01,1.96289E+00,4.88281E-02
-7.4842152E-01,1.94336E+00,2.92969E-02
-7.4840304E-01,1.92383E+00,6.83594E-02
-7.4838456E-01,1.98242E+00,4.88281E-02
-7.4836608E-01,1.92383E+00,2.92969E-02
-7.4834760E-01,1.94336E+00,9.76562E-03
-7.4832912E-01,1.94336E+00,6.83594E-02
-7.4831064E-01,1.96289E+00,6.83594E-02
-7.4829216E-01,1.94336E+00,9.76562E-03
-7.4827368E-01,1.98242E+00,4.88281E-02
-7.4825520E-01,2.00195E+00,9.76562E-03
-7.4823672E-01,1.88477E+00,1.26953E-01
-7.4821824E-01,1.94336E+00,2.92969E-02
-7.4819976E-01,2.00195E+00,6.83594E-02
-7.4818128E-01,1.88477E+00,4.88281E-02
-7.4816280E-01,1.96289E+00,9.76562E-03
-7.4814432E-01,2.00195E+00,9.76562E-03
-7.4812584E-01,1.96289E+00,6.83594E-02
-7.4810736E-01,1.96289E+00,2.92969E-02
-7.4808888E-01,1.94336E+00,9.76562E-03
-7.4807040E-01,1.94336E+00,4.88281E-02
-7.4805192E-01,1.88477E+00,8.78906E-02
-7.4803344E-01,1.90430E+00,4.88281E-02
-7.4801496E-01,2.00195E+00,2.92969E-02
-7.4799648E-01,1.94336E+00,9.76562E-03
-7.4797800E-01,1.86523E+00,6.83594E-02
-7.4795952E-01,1.98242E+00,-2.92969E-02
-7.4794104E-01,1.96289E+00,4.88281E-02
-7.4792256E-01,1.96289E+00,4.88281E-02
-7.4790408E-01,1.92383E+00,2.92969E-02
-7.4788560E-01,1.96289E+00,-9.76562E-03
-7.4786712E-01,1.90430E+00,4.88281E-02
-7.4784864E-01,1.86523E+00,9.76562E-03
-7.4783016E-01,1.94336E+00,4.88281E-02
-7.4781168E-01,1.94336E+00,9.76562E-03
-7.4779320E-01,1.92383E+00,6.83594E-02
-7.4777472E-01,1.90430E+00,2.92969E-02
-7.4775624E-01,1.94336E+00,4.88281E-02
-7.4773776E-01,2.00195E+00,2.92969E-02
-7.4771928E-01,1.92383E+00,2.92969E-02
-7.4770080E-01,1.94336E+00,2.92969E-02
-7.4768232E-01,2.06055E+00,2.92969E-02
-7.4766384E-01,2.00195E+00,-9.76562E-03
-7.4764536E-01,1.92383E+00,6.83594E-02
-7.4762688E-01,1.94336E+00,9.76562E-03
-7.4760840E-01,1.98242E+00,4.88281E-02
-7.4758992E-01,1.88477E+00,2.92969E-02
-7.4757144E-01,1.86523E+00,-2.92969E-02
-7.4755296E-01,1.94336E+00,9.76562E-03
-7.4753448E-01,1.88477E+00,1.26953E-01
-7.4751600E-01,1.90430E+00,-9.76562E-03
-7.4749752E-01,1.88477E+00,2.92969E-02
-7.4747904E-01,1.96289E+00,2.92969E-02
-7.4746056E-01,2.00195E+00,9.76562E-03
-7.4744208E-01,1.94336E+00,-2.92969E-02
-7.4742360E-01,1.94336E+00,6.83594E-02
-7.4740512E-01,1.92383E+00,-9.76562E-03
-7.4738664E-01,1.94336E+00,4.88281E-02
-7.4736816E-01,1.96289E+00,4.88281E-02
-7.4734968E-01,1.94336E+00,4.88281E-02
-7.4733120E-01,1.86523E+00,-9.76562E-03
-7.4731272E-01,1.94336E+00,2.92969E-02
-7.4729424E-01,2.00195E+00,4.88281E-02
-7.4727576E-01,1.98242E+00,9.76562E-03
-7.4725728E-01,2.00195E+00,9.76562E-03
-7.4723880E-01,1.88477E+00,2.92969E-02
-7.4722032E-01,1.98242E+00,4.88281E-02
-7.4720184E-01,1.94336E+00,6.83594E-02
-7.4718336E-01,1.94336E+00,9.76562E-03
-7.4716488E-01,1.92383E+00,-9.76562E-03
-7.4714640E-01,1.92383E+00,4.88281E-02
-7.4712792E-01,1.98242E+00,9.76562E-03
-7.4710944E-01,1.96289E+00,2.92969E-02
-7.4709096E-01,1.92383E+00,6.83594E-02
-7.4707248E-01,1.92383E+00,6.83594E-02
-7.4705400E-01,1.96289E+00,2.92969E-02
-7.4703552E-01,1.90430E+00,9.76562E-03
-7.4701704E-01,1.96289E+00,6.83594E-02
-7.4699856E-01,1.94336E+00,2.92969E-02
-7.4698008E-01,1.92383E+00,8.78906E-02
-7.4696160E-01,1.90430E+00,8.78906E-02
-7.4694312E-01,1.94336E+00,4.88281E-02
-7.4692464E-01,1.92383E+00,9.76562E-03
-7.4690616E-01,1.94336E+00,6.83594E-02
-7.4688768E-01,1.96289E+00,-9.76562E-03
-7.4686920E-01,1.90430E+00,2.92969E-02
-7.4685072E-01,1.92383E+00,4.88281E-02
-7.4683224E-01,1.94336E+00,6.83594E-02
-7.4681376E-01,1.92383E+00,9.76562E-03
-7.4679528E-01,1.92383E+00,2.92969E-02
-7.4677680E-01,1.86523E+00,4.88281E-02
-7.4675832E-01,1.92383E+00,6.83594E-02
-7.4673984E-01,1.94336E+00,-9.76562E-03
-7.4672136E-01,2.00195E+00,4.88281E-02
-7.4670288E-01,1.90430E+00,-9.76562E-03
-7.4668440E-01,1.84570E+00,8.78906E-02
-7.4666592E-01,1.94336E+00,4.88281E-02
-7.4664744E-01,1.90430E+00,9.76562E-03
-7.4662896E-01,2.00195E+00,-9.76562E-03
-7.4661048E-01,1.88477E+00,4.88281E-02
-7.4659200E-01,1.94336E+00,2.92969E-02
-7.4657352E-01,1.92383E+00,6.83594E-02
-7.4655504E-01,1.98242E+00,9.76562E-03
-7.4653656E-01,1.90430E+00,4.88281E-02
-7.4651808E-01,1.96289E+00,4.88281E-02
-7.4649960E-01,1.88477E+00,6.83594E-02
-7.4648112E-01,2.00195E+00,6.83594E-02
-7.4646264E-01,1.94336E+00,9.76562E-03
-7.4644416E-01,1.94336E+00,4.88281E-02
-7.4642568E-01,1.96289E+00,1.07422E-01
-7.4640720E-01,1.98242E+00,2.92969E-02
-7.4638872E-01,1.96289E+00,6.83594E-02
-7.4637024E-01,1.92383E+00,8.78906E-02
-7.4635176E-01,1.94336E+00,4.88281E-02
-7.4633328E-01,1.94336E+00,9.76562E-03
-7.4631480E-01,1.90430E+00,2.92969E-02
-7.4629632E-01,1.94336E+00,4.88281E-02
-7.4627784E-01,1.94336E+00,9.76562E-03
-7.4625936E-01,1.94336E+00,9.76562E-03
-7.4624088E-01,1.98242E+00,2.92969E-02
-7.4622240E-01,1.92383E+00,9.76562E-03
-7.4620392E-01,1.94336E+00,4.88281E-02
-7.4618544E-01,1.94336E+00,4.88281E-02
-7.4616696E-01,1.92383E+00,2.92969E-02
-7.4614848E-01,1.94336E+00,2.92969E-02
-7.4613000E-01,1.90430E+00,6.83594E-02
-7.4611152E-01,1.98242E+00,2.92969E-02
-7.4609304E-01,1.92383E+00,4.88281E-02
-7.4607456E-01,1.96289E+00,4.88281E-02
-7.4605608E-01,1.94336E+00,2.92969E-02
-7.4603760E-01,1.94336E+00,4.88281E-02
-7.4601912E-01,2.00195E+00,4.88281E-02
-7.4600064E-01,1.96289E+00,9.76562E-03
-7.4598216E-01,1.88477E+00,9.76562E-03
-7.4596368E-01,1.96289E+00,4.88281E-02
-7.4594520E-01,2.00195E+00,6.83594E-02
-7.4592672E-01,1.96289E+00,9.76562E-03
-7.4590824E-01,1.94336E+00,4.88281E-02
-7.4588976E-01,1.94336E+00,-9.76562E-03
-7.4587128E-01,1.94336E+00,4.88281E-02
-7.4585280E-01,2.00195E+00,6.83594E-02
-7.4583432E-01,2.00195E+00,6.83594E-02
-7.4581584E-01,1.96289E+00,9.76562E-03
-7.4579736E-01,2.00195E+00,8.78906E-02
-7.4577888E-01,1.90430E+00,4.88281E-02
-7.4576040E-01,1.98242E+00,-4.88281E-02
-7.4574192E-01,1.96289E+00,4.88281E-02
-7.4572344E-01,1.92383E+00,4.88281E-02
-7.4570496E-01,2.00195E+00,9.76562E-03
-7.4568648E-01,2.00195E+00,4.88281E-02
-7.4566800E-01,1.98242E+00,2.92969E-02
-7.4564952E-01,1.98242E+00,9.76562E-03
-7.4563104E-01,1.92383E+00,2.92969E-02
-7.4561256E-01,1.96289E+00,4.88281E-02
-7.4559408E-01,1.96289E+00,2.92969E-02
-7.4557560E-01,1.94336E+00,9.76562E-03
-7.4555712E-01,1.94336E+00,9.76562E-03
-7.4553864E-01,1.92383E+00,4.88281E-02
-7.4552016E-01,1.88477E+00,9.76562E-03
-7.4550168E-01,1.88477E+00,2.92969E-02
-7.4548320E-01,1.88477E+00,2.92969E-02
-7.4546472E-01,1.94336E+00,4.88281E-02
-7.4544624E-01,2.00195E+00,2.92969E-02
-7.4542776E-01,1.84570E+00,4.88281E-02
-7.4540928E-01,1.92383E+00,2.92969E-02
-7.4539080E-01,1.94336E+00,1.07422E-01
-7.4537232E-01,1.90430E+00,2.92969E-02
-7.4535384E-01,1.94336E+00,4.88281E-02
-7.4533536E-01,1.90430E+00,9.76562E-03
-7.4531688E-01,1.86523E+00,9.76562E-03
-7.4529840E-01,1.92383E+00,9.76562E-03
-7.4527992E-01,1.94336E+00,2.92969E-02
-7.4526144E-01,1.94336E+00,2.92969E-02
-7.4524296E-01,1.92383E+00,6.83594E-02
-7.4522448E-01,1.96289E+00,6.83594E-02
-7.4520600E-01,1.90430E+00,9.76562E-03
-7.4518752E-01,1.92383E+00,9.76562E-03
-7.4516904E-01,1.88477E+00,6.83594E-02
-7.4515056E-01,1.98242E+00,-9.76562E-03
-7.4513208E-01,1.98242E+00,4.88281E-02
-7.4511360E-01,1.94336E+00,9.76562E-03
-7.4509512E-01,1.92383E+00,4.88281E-02
-7.4507664E-01,2.00195E+00,9.76562E-03
-7.4505816E-01,1.96289E+00,8.78906E-02
-7.4503968E-01,1.94336E+00,2.92969E-02
-7.4502120E-01,1.90430E+00,2.92969E-02
-7.4500272E-01,1.94336E+00,4.88281E-02
-7.4498424E-01,1.94336E+00,4.88281E-02
-7.4496576E-01,1.96289E+00,6.83594E-02
-7.4494728E-01,1.94336E+00,9.76562E-03
-7.4492880E-01,1.98242E+00,2.92969E-02
-7.4491032E-01,1.94336E+00,1.07422E-01
-7.4489184E-01,1.96289E+00,-6.83594E-02
-7.4487336E-01,1.96289E+00,2.92969E-02
-7.4485488E-01,2.08008E+00,9.76562E-03
-7.4483640E-01,1.94336E+00,2.92969E-02
-7.4481792E-01,2.00195E+00,2.92969E-02
-7.4479944E-01,1.94336E+00,4.88281E-02
-7.4478096E-01,2.00195E+00,9.76562E-03
-7.4476248E-01,1.94336E+00,4.88281E-02
-7.4474400E-01,1.92383E+00,1.07422E-01
-7.4472552E-01,1.94336E+00,2.92969E-02
-7.4470704E-01,1.94336E+00,8.78906E-02
-7.4468856E-01,1.94336E+00,2.92969E-02
-7.4467008E-01,1.94336E+00,9.76562E-03
-7.4465160E-01,1.94336E+00,4.88281E-02
-7.4463312E-01,1.98242E+00,6.83594E-02
-7.4461464E-01,1.94336E+00,9.76562E-03
-7.4459616E-01,1.86523E+00,6.83594E-02
-7.4457768E-01,2.00195E+00,9.76562E-03
-7.4455920E-01,2.00195E+00,9.76562E-03
-7.4454072E-01,1.94336E+00,2.92969E-02
-7.4452224E-01,1.94336E+00,9.76562E-03
-7.4450376E-01,1.92383E+00,2.92969E-02
-7.4448528E-01,1.94336E+00,9.76562E-03
-7.4446680E-01,1.98242E+00,6.83594E-02
-7.4444832E-01,1.98242E+00,4.88281E-02
-7.4442984E-01,2.00195E+00,9.76562E-03
-7.4441136E-01,1.92383E+00,4.88281E-02
-7.4439288E-01,1.94336E+00,4.88281E-02
-7.4437440E-01,2.02148E+00,2.92969E-02
-7.4435592E-01,1.94336E+00,8.78906E-02
-7.4433744E-01,1.96289E+00,2.92969E-02
-7.4431896E-01,1.90430E+00,4.88281E-02
-7.4430048E-01,1.88477E+00,-9.76562E-03
-7.4428200E-01,1.96289E+00,9.76562E-03
-7.4426352E-01,1.94336E+00,4.88281E-02
-7.4424504E-01,2.00195E+00,9.76562E-03
-7.4422656E-01,2.06055E+00,2.92969E-02
-7.4420808E-01,1.96289E+00,2.92969E-02
-7.4418960E-01,2.02148E+00,9.76562E-03
-7.4417112E-01,1.92383E+00,9.76562E-03
-7.4415264E-01,1.96289E+00,2.92969E-02
-7.4413416E-01,1.94336E+00,2.92969E-02
-7.4411568E-01,1.94336E+00,2.92969E-02
-7.4409720E-01,1.94336E+00,2.92969E-02
-7.4407872E-01,1.94336E+00,9.76562E-03
-7.4406024E-01,1.92383E+00,9.76562E-03
-7.4404176E-01,1.94336E+00,9.76562E-03
-7.4402328E-01,1.96289E+00,4.88281E-02
-7.4400480E-01,1.92383E+00,2.92969E-02
-7.4398632E-01,1.88477E+00,2.92969E-02
-7.4396784E-01,1.96289E+00,4.88281E-02
-7.4394936E-01,1.98242E+00,6.83594E-02
-7.4393088E-01,1.96289E+00,-2.92969E-02
-7.4391240E-01,1.96289E+00,4.88281E-02
-7.4389392E-01,1.94336E+00,9.76562E-03
-7.4387544E-01,1.90430E+00,9.76562E-03
-7.4385696E-01,1.94336E+00,9.76562E-03
-7.4383848E-01,1.94336E+00,9.76562E-03
-7.4382000E-01,1.92383E+00,9.76562E-03
-7.4380152E-01,1.90430E+00,4.88281E-02
-7.4378304E-01,1.96289E+00,2.92969E-02
-7.4376456E-01,1.94336E+00,-4.88281E-02
-7.4374608E-01,1.98242E+00,2.92969E-02
-7.4372760E-01,1.96289E+00,2.92969E-02
-7.4370912E-01,2.00195E+00,9.76562E-03
-7.4369064E-01,1.98242E+00,6.83594E-02
-7.4367216E-01,1.96289E+00,4.88281E-02
-7.4365368E-01,1.88477E+00,4.88281E-02
-7.4363520E-01,2.00195E+00,6.83594E-02
-7.4361672E-01,1.92383E+00,1.07422E-01
-7.4359824E-01,1.92383E+00,6.83594E-02
-7.4357976E-01,1.94336E+00,6.83594E-02
-7.4356128E-01,2.02148E+00,4.88281E-02
-7.4354280E-01,1.92383E+00,-2.92969E-02
-7.4352432E-01,2.04102E+00,9.76562E-03
-7.4350584E-01,1.94336E+00,6.83594E-02
-7.4348736E-01,1.94336E+00,2.92969E-02
-7.4346888E-01,1.96289E+00,2.92969E-02
-7.4345040E-01,1.92383E+00,2.92969E-02
-7.4343192E-01,1.94336E+00,6.83594E-02
-7.4341344E-01,1.88477E+00,-9.76562E-03
-7.4339496E-01,1.94336E+00,4.88281E-02
-7.4337648E-01,1.98242E+00,6.83594E-02
-7.4335800E-01,1.94336E+00,2.92969E-02
-7.4333952E-01,1.94336E+00,6.83594E-02
-7.4332104E-01,1.82617E+00,4.88281E-02
-7.4330256E-01,1.98242E+00,9.76562E-03
-7.4328408E-01,1.88477E+00,4.88281E-02
-7.4326560E-01,2.00195E+00,-6.83594E-02
-7.4324712E-01,1.94336E+00,6.83594E-02
-7.4322864E-01,2.04102E+00,-2.92969E-02
-7.4321016E-01,1.96289E+00,9.76562E-03
-7.4319168E-01,2.00195E+00,6.83594E-02
-7.4317320E-01,1.94336E+00,6.83594E-02
-7.4315472E-01,1.94336E+00,9.76562E-03
-7.4313624E-01,1.96289E+00,9.76562E-03
-7.4311776E-01,1.90430E+00,9.76562E-03
-7.4309928E-01,1.96289E+00,4.88281E-02
-7.4308080E-01,1.94336E+00,9.76562E-03
-7.4306232E-01,1.98242E+00,1.26953E-01
-7.4304384E-01,1.94336E+00,2.92969E-02
-7.4302536E-01,1.96289E+00,4.88281E-02
-7.4300688E-01,2.00195E+00,4.88281E-02
-7.4298840E-01,1.90430E+00,4.88281E-02
-7.4296992E-01,1.94336E+00,4.88281E-02
-7.4295144E-01,1.98242E+00,2.92969E-02
-7.4293296E-01,2.00195E+00,9.76562E-03
-7.4291448E-01,1.98242E+00,9.76562E-03
-7.4289600E-01,1.96289E+00,-9.76562E-03
-7.4287752E-01,1.94336E+00,2.92969E-02
-7.4285904E-01,1.94336E+00,-4.88281E-02
-7.4284056E-01,1.96289E+00,4.88281E-02
-7.4282208E-01,1.90430E+00,9.76562E-03
-7.4280360E-01,2.06055E+00,9.76562E-03
-7.4278512E-01,1.90430E+00,4.88281E-02
-7.4276664E-01,2.00195E+00,6.83594E-02
-7.4274816E-01,1.90430E+00,4.88281E-02
-7.4272968E-01,1.94336E+00,4.88281E-02
-7.4271120E-01,1.98242E+00,-9.76562E-03
-7.4269272E-01,1.98242E+00,6.83594E-02
-7.4267424E-01,2.00195E+00,2.92969E-02
-7.4265576E-01,2.00195E+00,2.92969E-02
-7.4263728E-01,1.92383E+00,1.07422E-01
-7.4261880E-01,2.00195E+00,2.92969E-02
-7.4260032E-01,1.98242E+00,9.76562E-03
-7.4258184E-01,1.98242E+00,6.83594E-02
-7.4256336E-01,1.96289E+00,6.83594E-02
-7.4254488E-01,1.92383E+00,8.78906E-02
-7.4252640E-01,2.00195E+00,-9.76562E-03
-7.4250792E-01,1.94336E+00,4.88281E-02
-7.4248944E-01,1.94336E+00,-9.76562E-03
-7.4247096E-01,1.94336E+00,4.88281E-02
-7.4245248E-01,1.96289E+00,2.92969E-02
-7.4243400E-01,1.94336E+00,6.83594E-02
-7.4241552E-01,2.00195E+00,9.76562E-03
-7.4239704E-01,1.86523E+00,9.76562E-03
-7.4237856E-01,1.90430E+00,4.88281E-02
-7.4236008E-01,1.96289E+00,2.92969E-02
-7.4234160E-01,1.94336E+00,9.76562E-03
-7.4232312E-01,1.96289E+00,2.92969E-02
-7.4230464E-01,1.94336E+00,2.92969E-02
-7.4228616E-01,1.96289E+00,9.76562E-03
-7.4226768E-01,2.00195E+00,9.76562E-03
-7.4224920E-01,1.94336E+00,6.83594E-02
-7.4223072E-01,1.94336E+00,9.76562E-03
-7.4221224E-01,1.94336E+00,6.83594E-02
-7.4219376E-01,2.00195E+00,2.92969E-02
-7.4217528E-01,1.96289E+00,8.78906E-02
-7.4215680E-01,1.94336E+00,6.83594E-02
-7.4213832E-01,1.94336E+00,2.92969E-02
-7.4211984E-01,1.94336E+00,2.92969E-02
-7.4210136E-01,1.92383E+00,1.07422E-01
-7.4208288E-01,1.98242E+00,9.76562E-03
-7.4206440E-01,1.86523E+00,6.83594E-02
-7.4204592E-01,1.98242E+00,6.83594E-02
-7.4202744E-01,2.00195E+00,1.07422E-01
-7.4200896E-01,1.96289E+00,-9.76562E-03
-7.4199048E-01,1.94336E+00,2.92969E-02
-7.4197200E-01,2.02148E+00,9.76562E-03
-7.4195352E-01,2.00195E+00,2.92969E-02
-7.4193504E-01,2.00195E+00,4.88281E-02
-7.4191656E-01,2.02148E+00,4.88281E-02
-7.4189808E-01,1.90430E+00,9.76562E-03
-7.4187960E-01,1.96289E+00,2.92969E-02
-7.4186112E-01,1.94336E+00,4.88281E-02
-7.4184264E-01,1.94336E+00,1.07422E-01
-7.4182416E-01,2.02148E+00,6.83594E-02
-7.4180568E-01,1.94336E+00,2.92969E-02
-7.4178720E-01,1.94336E+00,6.83594E-02
-7.4176872E-01,2.00195E+00,2.92969E-02
-7.4175024E-01,1.92383E+00,4.88281E-02
-7.4173176E-01,1.94336E+00,4.88281E-02
-7.4171328E-01,2.02148E+00,9.76562E-03
-7.4169480E-01,2.00195E+00,6.83594E-02
-7.4167632E-01,2.00195E+00,9.76562E-03
-7.4165784E-01,1.94336E+00,4.88281E-02
-7.4163936E-01,2.08008E+00,9.76562E-03
-7.4162088E-01,2.00195E+00,2.92969E-02
-7.4160240E-01,2.08008E+00,4.88281E-02
-7.4158392E-01,1.96289E+00,4.88281E-02
-7.4156544E-01,2.04102E+00,2.92969E-02
-7.4154696E-01,2.00195E+00,9.76562E-03
-7.4152848E-01,1.98242E+00,6.83594E-02
-7.4151000E-01,2.02148E+00,4.88281E-02
-7.4149152E-01,1.98242E+00,6.83594E-02
-7.4147304E-01,1.98242E+00,6.83594E-02
-7.4145456E-01,2.00195E+00,2.92969E-02
-7.4143608E-01,1.96289E+00,4.88281E-02
-7.4141760E-01,1.98242E+00,2.92969E-02
-7.4139912E-01,1.98242E+00,4.88281E-02
-7.4138064E-01,2.00195E+00,6.83594E-02
-7.4136216E-01,2.00195E+00,2.92969E-02
-7.4134368E-01,1.98242E+00,-2.92969E-02
-7.4132520E-01,2.02148E+00,4.88281E-02
-7.4130672E-01,1.94336E+00,9.76562E-03
-7.4128824E-01,1.98242E+00,6.83594E-02
-7.4126976E-01,2.00195E+00,9.76562E-03
-7.4125128E-01,1.94336E+00,2.92969E-02
-7.4123280E-01,1.96289E+00,2.92969E-02
-7.4121432E-01,2.00195E+00,9.76562E-03
-7.4119584E-01,1.92383E+00,9.76562E-03
-7.4117736E-01,1.94336E+00,-9.76562E-03
-7.4115888E-01,1.92383E+00,9.76562E-03
-7.4114040E-01,1.98242E+00,6.83594E-02
-7.4112192E-01,1.94336E+00,9.76562E-03
-7.4110344E-01,1.98242E+00,1.26953E-01
-7.4108496E-01,2.00195E+00,2.92969E-02
-7.4106648E-01,1.88477E+00,9.76562E-03
-7.4104800E-01,1.94336E+00,4.88281E-02
-7.4102952E-01,1.94336E+00,2.92969E-02
-7.4101104E-01,1.94336E+00,9.76562E-03
-7.4099256E-01,1.86523E+00,8.78906E-02
-7.4097408E-01,1.92383E+00,2.92969E-02
-7.4095560E-01,1.96289E+00,2.92969E-02
-7.4093712E-01,2.02148E+00,-9.76562E-03
-7.4091864E-01,1.94336E+00,6.83594E-02
-7.4090016E-01,2.06055E+00,2.92969E-02
-7.4088168E-01,1.94336E+00,9.76562E-03
-7.4086320E-01,1.96289E+00,4.88281E-02
-7.4084472E-01,2.04102E+00,9.76562E-03
-7.4082624E-01,1.94336E+00,6.83594E-02
-7.4080776E-01,1.88477E+00,9.76562E-03
-7.4078928E-01,1.98242E+00,2.92969E-02
-7.4077080E-01,2.00195E+00,8.78906E-02
-7.4075232E-01,2.02148E+00,2.92969E-02
-7.4073384E-01,1.98242E+00,1.07422E-01
-7.4071536E-01,1.94336E+00,2.92969E-02
-7.4069688E-01,1.98242E+00,6.83594E-02
-7.4067840E-01,2.00195E+00,2.92969E-02
-7.4065992E-01,2.04102E+00,8.78906E-02
-7.4064144E-01,2.02148E+00,2.92969E-02
-7.4062296E-01,2.04102E+00,-9.76562E-03
-7.4060448E-01,2.02148E+00,-9.76562E-03
-7.4058600E-01,2.00195E+00,1.07422E-01
-7.4056752E-01,1.96289E+00,9.76562E-03
-7.4054904E-01,1.94336E+00,4.88281E-02
-7.4053056E-01,1.94336E+00,4.88281E-02
-7.4051208E-01,1.96289E+00,4.88281E-02
-7.4049360E-01,2.00195E+00,9.76562E-03
-7.4047512E-01,1.88477E+00,4.88281E-02
-7.4045664E-01,1.94336E+00,9.76562E-03
-7.4043816E-01,1.94336E+00,-9.76562E-03
-7.4041968E-01,1.98242E+00,6.83594E-02
-7.4040120E-01,2.04102E+00,9.76562E-03
-7.4038272E-01,1.98242E+00,6.83594E-02
-7.4036424E-01,1.94336E+00,6.83594E-02
-7.4034576E-01,1.96289E+00,9.76562E-03
-7.4032728E-01,1.96289E+00,4.88281E-02
-7.4030880E-01,2.00195E+00,-4.88281E-02
-7.4029032E-01,1.98242E+00,-4.88281E-02
-7.4027184E-01,1.94336E+00,2.92969E-02
-7.4025336E-01,1.94336E+00,2.92969E-02
-7.4023488E-01,2.00195E+00,9.76562E-03
-7.4021640E-01,1.92383E+00,4.88281E-02
-7.4019792E-01,2.00195E+00,9.76562E-03
-7.4017944E-01,1.88477E+00,2.92969E-02
-7.4016096E-01,2.00195E+00,4.88281E-02
-7.4014248E-01,2.00195E+00,9.76562E-03
-7.4012400E-01,1.94336E+00,2.92969E-02
-7.4010552E-01,2.00195E+00,2.92969E-02
-7.4008704E-01,1.94336E+00,2.92969E-02
-7.4006856E-01,2.00195E+00,4.88281E-02
-7.4005008E-01,1.92383E+00,4.88281E-02
-7.4003160E-01,1.96289E+00,4.88281E-02
-7.4001312E-01,1.94336E+00,9.76562E-03
-7.3999464E-01,1.88477E+00,4.88281E-02
-7.3997616E-01,1.98242E+00,4.88281E-02
-7.3995768E-01,2.06055E+00,4.88281E-02
-7.3993920E-01,2.00195E+00,6.83594E-02
-7.3992072E-01,1.92383E+00,2.92969E-02
-7.3990224E-01,2.00195E+00,9.76562E-03
-7.3988376E-01,1.96289E+00,2.92969E-02
-7.3986528E-01,1.98242E+00,-9.76562E-03
-7.3984680E-01,2.06055E+00,4.88281E-02
-7.3982832E-01,1.96289E+00,4.88281E-02
-7.3980984E-01,1.94336E+00,2.92969E-02
-7.3979136E-01,1.96289E+00,6.83594E-02
-7.3977288E-01,1.96289E+00,6.83594E-02
-7.3975440E-01,2.00195E+00,2.92969E-02
-7.3973592E-01,1.96289E+00,6.83594E-02
-7.3971744E-01,1.92383E+00,9.76562E-03
-7.3969896E-01,1.94336E+00,2.92969E-02
-7.3968048E-01,2.00195E+00,-9.76562E-03
-7.3966200E-01,2.00195E+00,-9.76562E-03
-7.3964352E-01,1.94336E+00,-9.76562E-03
-7.3962504E-01,2.00195E+00,6.83594E-02
-7.3960656E-01,1.94336E+00,2.92969E-02
-7.3958808E-01,1.92383E+00,9.76562E-03
-7.3956960E-01,1.94336E+00,2.92969E-02
-7.3955112E-01,1.94336E+00,4.88281E-02
-7.3953264E-01,1.98242E+00,9.76562E-03
-7.3951416E-01,1.90430E+00,2.92969E-02
-7.3949568E-01,2.00195E+00,2.92969E-02
-7.3947720E-01,1.96289E+00,9.76562E-03
-7.3945872E-01,1.98242E+00,9.76562E-03
-7.3944024E-01,1.94336E+00,8.78906E-02
-7.3942176E-01,1.92383E+00,9.76562E-03
-7.3940328E-01,1.94336E+00,4.88281E-02
-7.3938480E-01,1.94336E+00,9.76562E-03
-7.3936632E-01,1.94336E+00,9.76562E-03
-7.3934784E-01,1.94336E+00,2.92969E-02
-7.3932936E-01,1.94336E+00,-4.88281E-02
-7.3931088E-01,2.00195E+00,6.83594E-02
-7.3929240E-01,1.90430E+00,4.88281E-02
-7.3927392E-01,2.00195E+00,-9.76562E-03
-7.3925544E-01,1.98242E+00,9.76562E-03
-7.3923696E-01,2.02148E+00,9.76562E-03
-7.3921848E-01,1.94336E+00,6.83594E-02
-7.3920000E-01,1.94336E+00,6.83594E-02
-7.3918152E-01,2.00195E+00,4.88281E-02
-7.3916304E-01,2.00195E+00,2.92969E-02
-7.3914456E-01,1.98242E+00,4.88281E-02
-7.3912608E-01,1.94336E+00,4.88281E-02
-7.3910760E-01,1.94336E+00,-4.88281E-02
-7.3908912E-01,2.00195E+00,9.76562E-03
-7.3907064E-01,1.92383E+00,6.83594E-02
-7.3905216E-01,1.96289E+00,9.76562E-03
-7.3903368E-01,2.00195E+00,9.76562E-03
-7.3901520E-01,1.96289E+00,2.92969E-02
-7.3899672E-01,1.94336E+00,4.88281E-02
-7.3897824E-01,1.94336E+00,9.76562E-03
-7.3895976E-01,1.94336E+00,2.92969E-02
-7.3894128E-01,1.94336E+00,4.88281E-02
-7.3892280E-01,1.94336E+00,8.78906E-02
-7.3890432E-01,1.96289E+00,-9.76562E-03
-7.3888584E-01,1.94336E+00,-9.76562E-03
-7.3886736E-01,2.00195E+00,4.88281E-02
-7.3884888E-01,1.96289E+00,4.88281E-02
-7.3883040E-01,1.92383E+00,9.76562E-03
-7.3881192E-01,1.94336E+00,4.88281E-02
-7.3879344E-01,2.00195E+00,-9.76562E-03
-7.3877496E-01,2.00195E+00,9.76562E-03
-7.3875648E-01,1.98242E+00,2.92969E-02
-7.3873800E-01,1.96289E+00,6.83594E-02
-7.3871952E-01,1.96289E+00,9.76562E-03
-7.3870104E-01,1.94336E+00,4.88281E-02
-7.3868256E-01,2.00195E+00,4.88281E-02
-7.3866408E-01,1.86523E+00,4.88281E-02
-7.3864560E-01,2.00195E+00,-2.92969E-02
-7.3862712E-01,1.92383E+00,4.88281E-02
-7.3860864E-01,1.94336E+00,-2.92969E-02
-7.3859016E-01,1.96289E+00,4.88281E-02
-7.3857168E-01,1.98242E+00,2.92969E-02
-7.3855320E-01,1.94336E+00,6.83594E-02
-7.3853472E-01,1.98242E+00,9.76562E-03
-7.3851624E-01,1.94336E+00,-9.76562E-03
-7.3849776E-01,2.00195E+00,2.92969E-02
-7.3847928E-01,1.98242E+00,6.83594E-02
-7.3846080E-01,2.00195E+00,9.76562E-03
-7.3844232E-01,1.98242E+00,6.83594E-02
-7.3842384E-01,1.98242E+00,2.92969E-02
-7.3840536E-01,1.98242E+00,9.76562E-03
-7.3838688E-01,2.00195E+00,9.76562E-03
-7.3836840E-01,2.00195E+00,9.76562E-03
-7.3834992E-01,2.02148E+00,-9.76562E-03
-7.3833144E-01,1.98242E+00,6.83594E-02
-7.3831296E-01,2.00195E+00,9.76562E-03
-7.3829448E-01,1.94336E+00,4.88281E-02
-7.3827600E-01,2.00195E+00,-9.76562E-03
-7.3825752E-01,2.02148E+00,4.88281E-02
-7.3823904E-01,1.98242E+00,6.83594E-02
-7.3822056E-01,1.94336E+00,6.83594E-02
-7.3820208E-01,2.04102E+00,9.76562E-03
-7.3818360E-01,1.98242E+00,6.83594E-02
-7.3816512E-01,2.06055E+00,8.78906E-02
-7.3814664E-01,2.04102E+00,4.88281E-02
-7.3812816E-01,2.00195E+00,2.92969E-02
-7.3810968E-01,1.98242E+00,2.92969E-02
-7.3809120E-01,2.00195E+00,-2.92969E-02
-7.3807272E-01,1.94336E+00,4.88281E-02
-7.3805424E-01,2.00195E+00,2.92969E-02
-7.3803576E-01,1.94336E+00,1.07422E-01
-7.3801728E-01,2.00195E+00,9.76562E-03
-7.3799880E-01,1.96289E+00,1.07422E-01
-7.3798032E-01,1.98242E+00,2.92969E-02
-7.3796184E-01,1.92383E+00,-9.76562E-03
-7.3794336E-01,2.02148E+00,2.92969E-02
-7.3792488E-01,2.06055E+00,6.83594E-02
-7.3790640E-01,2.04102E+00,4.88281E-02
-7.3788792E-01,2.00195E+00,9.76562E-03
-7.3786944E-01,2.02148E+00,4.88281E-02
-7.3785096E-01,1.94336E+00,4.88281E-02
-7.3783248E-01,2.00195E+00,2.92969E-02
-7.3781400E-01,1.94336E+00,4.88281E-02
-7.3779552E-01,1.90430E+00,-9.76562E-03
-7.3777704E-01,1.90430E+00,4.88281E-02
-7.3775856E-01,1.92383E+00,-2.92969E-02
-7.3774008E-01,2.00195E+00,2.92969E-02
-7.3772160E-01,1.88477E+00,-9.76562E-03
-7.3770312E-01,2.02148E+00,9.76562E-03
-7.3768464E-01,1.94336E+00,-9.76562E-03
-7.3766616E-01,1.98242E+00,6.83594E-02
-7.3764768E-01,1.94336E+00,2.92969E-02
-7.3762920E-01,1.98242E+00,6.83594E-02
-7.3761072E-01,1.94336E+00,9.76562E-03
-7.3759224E-01,1.94336E+00,4.88281E-02
-7.3757376E-01,1.94336E+00,4.88281E-02
-7.3755528E-01,1.92383E+00,2.92969E-02
-7.3753680E-01,2.04102E+00,1.26953E-01
-7.3751832E-01,1.98242E+00,6.83594E-02
-7.3749984E-01,2.00195E+00,2.92969E-02
-7.3748136E-01,2.00195E+00,6.83594E-02
-7.3746288E-01,2.02148E+00,4.88281E-02
-7.3744440E-01,1.96289E+00,4.88281E-02
-7.3742592E-01,2.00195E+00,-4.88281E-02
-7.3740744E-01,1.98242E+00,4.88281E-02
-7.3738896E-01,2.04102E+00,2.92969E-02
-7.3737048E-01,1.98242E+00,2.92969E-02
-7.3735200E-01,2.00195E+00,-2.92969E-02
-7.3733352E-01,2.00195E+00,8.78906E-02
-7.3731504E-01,2.02148E+00,9.76562E-03
-7.3729656E-01,2.06055E+00,4.88281E-02
-7.3727808E-01,2.02148E+00,4.88281E-02
-7.3725960E-01,2.00195E+00,4.88281E-02
-7.3724112E-01,1.88477E+00,9.76562E-03
-7.3722264E-01,1.98242E+00,8.78906E-02
-7.3720416E-01,2.00195E+00,4.88281E-02
-7.3718568E-01,1.94336E+00,2.92969E-02
-7.3716720E-01,1.94336E+00,9.76562E-03
-7.3714872E-01,1.88477E+00,8.78906E-02
-7.3713024E-01,1.98242E+00,4.88281E-02
-7.3711176E-01,1.92383E+00,1.26953E-01
-7.3709328E-01,2.08008E+00,-9.76562E-03
-7.3707480E-01,1.98242E+00,2.92969E-02
-7.3705632E-01,1.98242E+00,6.83594E-02
-7.3703784E-01,1.98242E+00,6.83594E-02
-7.3701936E-01,2.00195E+00,4.88281E-02
-7.3700088E-01,1.96289E+00,6.83594E-02
-7.3698240E-01,2.00195E+00,9.76562E-03
-7.3696392E-01,1.96289E+00,8.78906E-02
-7.3694544E-01,2.00195E+00,4.88281E-02
-7.3692696E-01,1.94336E+00,6.83594E-02
-7.3690848E-01,1.94336E+00,2.92969E-02
-7.3689000E-01,2.00195E+00,4.88281E-02
-7.3687152E-01,2.00195E+00,2.92969E-02
-7.3685304E-01,2.00195E+00,9.76562E-03
-7.3683456E-01,2.06055E+00,-9.76562E-03
-7.3681608E-01,2.00195E+00,-2.92969E-02
-7.3679760E-01,1.96289E+00,9.76562E-03
-7.3677912E-01,1.98242E+00,4.88281E-02
-7.3676064E-01,2.00195E+00,9.76562E-03
-7.3674216E-01,1.92383E+00,9.76562E-03
-7.3672368E-01,2.08008E+00,2.92969E-02
-7.3670520E-01,1.88477E+00,1.07422E-01
-7.3668672E-01,2.02148E+00,4.88281E-02
-7.3666824E-01,2.06055E+00,-2.92969E-02
-7.3664976E-01,1.94336E+00,4.88281E-02
-7.3663128E-01,2.02148E+00,9.76562E-03
-7.3661280E-01,2.00195E+00,6.83594E-02
-7.3659432E-01,1.94336E+00,2.92969E-02
-7.3657584E-01,2.04102E+00,9.76562E-03
-7.3655736E-01,1.94336E+00,6.83594E-02
-7.3653888E-01,2.04102E+00,4.88281E-02
-7.3652040E-01,1.96289E+00,9.76562E-03
-7.3650192E-01,1.98242E+00,4.88281E-02
-7.3648344E-01,1.92383E+00,6.83594E-02
-7.3646496E-01,1.98242E+00,-2.92969E-02
-7.3644648E-01,2.00195E+00,6.83594E-02
-7.3642800E-01,2.00195E+00,6.83594E-02
-7.3640952E-01,1.96289E+00,4.88281E-02
-7.3639104E-01,2.00195E+00,-9.76562E-03
-7.3637256E-01,2.00195E+00,2.92969E-02
-7.3635408E-01,1.94336E+00,2.92969E-02
-7.3633560E-01,1.90430E+00,4.88281E-02
-7.3631712E-01,2.06055E+00,2.92969E-02
-7.3629864E-01,1.96289E+00,-9.76562E-03
-7.3628016E-01,2.00195E+00,2.92969E-02
-7.3626168E-01,1.94336E+00,6.83594E-02
-7.3624320E-01,1.98242E+00,-2.92969E-02
-7.3622472E-01,1.96289E+00,8.78906E-02
-7.3620624E-01,2.00195E+00,-2.92969E-02
-7.3618776E-01,1.98242E+00,6.83594E-02
-7.3616928E-01,2.06055E+00,4.88281E-02
-7.3615080E-01,1.90430E+00,6.83594E-02
-7.3613232E-01,2.00195E+00,2.92969E-02
-7.3611384E-01,1.94336E+00,1.07422E-01
-7.3609536E-01,2.04102E+00,6.83594E-02
-7.3607688E-01,2.06055E+00,1.26953E-01
-7.3605840E-01,1.92383E+00,2.92969E-02
-7.3603992E-01,1.96289E+00,2.92969E-02
-7.3602144E-01,1.96289E+00,-9.76562E-03
-7.3600296E-01,2.04102E+00,4.88281E-02
-7.3598448E-01,2.04102E+00,2.92969E-02
-7.3596600E-01,1.94336E+00,2.92969E-02
-7.3594752E-01,2.00195E+00,6.83594E-02
-7.3592904E-01,1.86523E+00,4.88281E-02
-7.3591056E-01,1.96289E+00,4.88281E-02
-7.3589208E-01,1.96289E+00,9.76562E-03
-7.3587360E-01,2.02148E+00,9.76562E-03
-7.3585512E-01,2.00195E+00,4.88281E-02
-7.3583664E-01,1.94336E+00,4.88281E-02
-7.3581816E-01,1.98242E+00,2.92969E-02
-7.3579968E-01,1.94336E+00,9.76562E-03
-7.3578120E-01,1.96289E+00,2.92969E-02
-7.3576272E-01,2.00195E+00,2.92969E-02
-7.3574424E-01,1.90430E+00,9.76562E-03
-7.3572576E-01,2.08008E+00,4.88281E-02
-7.3570728E-01,2.00195E+00,9.76562E-03
-7.3568880E-01,1.94336E+00,4.88281E-02
-7.3567032E-01,1.98242E+00,9.76562E-03
-7.3565184E-01,2.00195E+00,9.76562E-03
-7.3563336E-01,1.98242E+00,6.83594E-02
-7.3561488E-01,1.98242E+00,9.76562E-03
-7.3559640E-01,1.98242E+00,4.88281E-02
-7.3557792E-01,1.96289E+00,9.76562E-03
-7.3555944E-01,1.88477E+00,6.83594E-02
-7.3554096E-01,1.96289E+00,4.88281E-02
-7.3552248E-01,1.94336E+00,2.92969E-02
-7.3550400E-01,2.00195E+00,2.92969E-02
-7.3548552E-01,2.00195E+00,2.92969E-02
-7.3546704E-01,1.98242E+00,6.83594E-02
-7.3544856E-01,1.98242E+00,2.92969E-02
-7.3543008E-01,1.96289E+00,9.76562E-03
-7.3541160E-01,2.02148E+00,2.92969E-02
-7.3539312E-01,2.00195E+00,9.76562E-03
-7.3537464E-01,2.00195E+00,6.83594E-02
-7.3535616E-01,1.94336E+00,9.76562E-03
-7.3533768E-01,1.94336E+00,6.83594E-02
-7.3531920E-01,1.98242E+00,6.83594E-02
-7.3530072E-01,1.98242E+00,2.92969E-02
-7.3528224E-01,1.98242E+00,9.76562E-03
-7.3526376E-01,1.96289E+00,4.88281E-02
-7.3524528E-01,2.00195E+00,6.83594E-02
-7.3522680E-01,2.02148E+00,9.76562E-03
-7.3520832E-01,1.98242E+00,2.92969E-02
-7.3518984E-01,1.94336E+00,2.92969E-02
-7.3517136E-01,1.94336E+00,8.78906E-02
-7.3515288E-01,2.00195E+00,2.92969E-02
-7.3513440E-01,2.02148E+00,4.88281E-02
-7.3511592E-01,2.00195E+00,2.92969E-02
-7.3509744E-01,2.00195E+00,4.88281E-02
-7.3507896E-01,1.96289E+00,1.07422E-01
-7.3506048E-01,2.04102E+00,9.76562E-03
-7.3504200E-01,1.96289E+00,4.88281E-02
-7.3502352E-01,2.00195E+00,9.76562E-03
-7.3500504E-01,1.92383E+00,1.07422E-01
-7.3498656E-01,2.06055E+00,2.92969E-02
-7.3496808E-01,1.96289E+00,4.88281E-02
-7.3494960E-01,2.00195E+00,2.92969E-02
-7.3493112E-01,1.94336E+00,4.88281E-02
-7.3491264E-01,2.02148E+00,4.88281E-02
-7.3489416E-01,1.98242E+00,9.76562E-03
-7.3487568E-01,1.96289E+00,4.88281E-02
-7.3485720E-01,1.98242E+00,6.83594E-02
-7.3483872E-01,2.00195E+00,9.76562E-03
-7.3482024E-01,2.04102E+00,8.78906E-02
-7.3480176E-01,2.08008E+00,2.92969E-02
-7.3478328E-01,1.94336E+00,2.92969E-02
-7.3476480E-01,1.98242E+00,9.76562E-03
-7.3474632E-01,1.94336E+00,4.88281E-02
-7.3472784E-01,1.96289E+00,4.88281E-02
-7.3470936E-01,1.98242E+00,4.88281E-02
-7.3469088E-01,2.00195E+00,4.88281E-02
-7.3467240E-01,1.96289E+00,4.88281E-02
-7.3465392E-01,2.00195E+00,9.76562E-03
-7.3463544E-01,2.00195E+00,4.88281E-02
-7.3461696E-01,1.98242E+00,9.76562E-03
-7.3459848E-01,1.98242E+00,6.83594E-02
-7.3458000E-01,2.00195E+00,9.76562E-03
-7.3456152E-01,2.02148E+00,6.83594E-02
-7.3454304E-01,1.98242E+00,2.92969E-02
-7.3452456E-01,2.00195E+00,8.78906E-02
-7.3450608E-01,1.96289E+00,2.92969E-02
-7.3448760E-01,2.00195E+00,4.88281E-02
-7.3446912E-01,2.00195E+00,4.88281E-02
-7.3445064E-01,1.94336E+00,-9.76562E-03
-7.3443216E-01,2.06055E+00,9.76562E-03
-7.3441368E-01,1.94336E+00,1.07422E-01
-7.3439520E-01,1.96289E+00,2.92969E-02
-7.3437672E-01,2.00195E+00,6.83594E-02
-7.3435824E-01,2.09961E+00,4.88281E-02
-7.3433976E-01,1.98242E+00,4.88281E-02
-7.3432128E-01,2.02148E+00,9.76562E-03
-7.3430280E-01,1.98242E+00,9.76562E-03
-7.3428432E-01,1.98242E+00,8.78906E-02
-7.3426584E-01,1.92383E+00,6.83594E-02
-7.3424736E-01,2.00195E+00,2.92969E-02
-7.3422888E-01,2.00195E+00,4.88281E-02
-7.3421040E-01,1.94336E+00,9.76562E-03
-7.3419192E-01,2.00195E+00,6.83594E-02
-7.3417344E-01,1.96289E+00,9.76562E-03
-7.3415496E-01,2.04102E+00,2.92969E-02
-7.3413648E-01,2.00195E+00,4.88281E-02
-7.3411800E-01,1.94336E+00,2.92969E-02
-7.3409952E-01,2.02148E+00,9.76562E-03
-7.3408104E-01,1.98242E+00,2.92969E-02
-7.3406256E-01,1.96289E+00,1.07422E-01
-7.3404408E-01,2.06055E+00,6.83594E-02
-7.3402560E-01,2.02148E+00,9.76562E-03
-7.3400712E-01,2.00195E+00,6.83594E-02
-7.3398864E-01,1.98242E+00,6.83594E-02
-7.3397016E-01,1.96289E+00,2.92969E-02
-7.3395168E-01,2.04102E+00,9.76562E-03
-7.3393320E-01,2.00195E+00,4.88281E-02
-7.3391472E-01,1.94336E+00,9.76562E-03
-7.3389624E-01,1.98242E+00,8.78906E-02
-7.3387776E-01,2.00195E+00,4.88281E-02
-7.3385928E-01,1.98242E+00,9.76562E-03
-7.3384080E-01,2.00195E+00,8.78906E-02
-7.3382232E-01,1.94336E+00,9.76562E-03
-7.3380384E-01,1.96289E+00,-2.92969E-02
-7.3378536E-01,2.02148E+00,-9.76562E-03
-7.3376688E-01,1.94336E+00,-9.76562E-03
-7.3374840E-01,2.04102E+00,9.76562E-03
-7.3372992E-01,2.06055E+00,9.76562E-03
-7.3371144E-01,1.94336E+00,-9.76562E-03
-7.3369296E-01,2.06055E+00,6.83594E-02
-7.3367448E-01,1.96289E+00,-9.76562E-03
-7.3365600E-01,2.06055E+00,4.88281E-02
-7.3363752E-01,1.90430E+00,9.76562E-03
-7.3361904E-01,2.06055E+00,9.76562E-03
-7.3360056E-01,2.00195E+00,2.92969E-02
-7.3358208E-01,2.02148E+00,2.92969E-02
-7.3356360E-01,2.06055E+00,2.92969E-02
-7.3354512E-01,1.98242E+00,2.92969E-02
-7.3352664E-01,2.02148E+00,2.92969E-02
-7.3350816E-01,1.96289E+00,9.76562E-03
-7.3348968E-01,1.96289E+00,6.83594E-02
-7.3347120E-01,2.00195E+00,9.76562E-03
-7.3345272E-01,1.98242E+00,4.88281E-02
-7.3343424E-01,2.08008E+00,4.88281E-02
-7.3341576E-01,1.96289E+00,4.88281E-02
-7.3339728E-01,2.08008E+00,2.92969E-02
-7.3337880E-01,2.00195E+00,6.83594E-02
-7.3336032E-01,1.94336E+00,9.76562E-03
-7.3334184E-01,2.06055E+00,4.88281E-02
-7.3332336E-01,1.98242E+00,-9.76562E-03
-7.3330488E-01,2.00195E+00,2.92969E-02
-7.3328640E-01,1.94336E+00,9.76562E-03
-7.3326792E-01,1.94336E+00,1.07422E-01
-7.3324944E-01,2.06055E+00,-9.76562E-03
-7.3323096E-01,2.00195E+00,4.88281E-02
-7.3321248E-01,2.00195E+00,9.76562E-03
-7.3319400E-01,2.00195E+00,2.92969E-02
-7.3317552E-01,1.98242E+00,4.88281E-02
-7.3315704E-01,1.96289E+00,4.88281E-02
-7.3313856E-01,1.94336E+00,9.76562E-03
-7.3312008E-01,2.02148E+00,4.88281E-02
-7.3310160E-01,1.98242E+00,4.88281E-02
-7.3308312E-01,1.98242E+00,4.88281E-02
-7.3306464E-01,1.94336E+00,9.76562E-03
-7.3304616E-01,2.02148E+00,6.83594E-02
-7.3302768E-01,2.04102E+00,4.88281E-02
-7.3300920E-01,1.94336E+00,4.88281E-02
-7.3299072E-01,1.96289E+00,2.92969E-02
-7.3297224E-01,2.04102E+00,9.76562E-03
-7.3295376E-01,1.94336E+00,1.26953E-01
-7.3293528E-01,1.98242E+00,-4.88281E-02
-7.3291680E-01,2.00195E+00,2.92969E-02
-7.3289832E-01,1.98242E+00,6.83594E-02
-7.3287984E-01,2.04102E+00,9.76562E-03
-7.3286136E-01,2.06055E+00,9.76562E-03
-7.3284288E-01,2.04102E+00,4.88281E-02
-7.3282440E-01,1.92383E+00,9.76562E-03
-7.3280592E-01,2.08008E+00,6.83594E-02
-7.3278744E-01,1.96289E+00,-4.88281E-02
-7.3276896E-01,2.09961E+00,4.88281E-02
-7.3275048E-01,1.96289E+00,6.83594E-02
-7.3273200E-01,2.00195E+00,9.76562E-03
-7.3271352E-01,2.04102E+00,-9.76562E-03
-7.3269504E-01,2.00195E+00,9.76562E-03
-7.3267656E-01,2.06055E+00,1.66016E-01
-7.3265808E-01,1.98242E+00,9.76562E-03
-7.3263960E-01,1.96289E+00,1.26953E-01
-7.3262112E-01,2.00195E+00,6.83594E-02
-7.3260264E-01,1.98242E+00,4.88281E-02
-7.3258416E-01,2.04102E+00,4.88281E-02
-7.3256568E-01,2.08008E+00,6.83594E-02
-7.3254720E-01,2.00195E+00,4.88281E-02
-7.3252872E-01,2.00195E+00,4.88281E-02
-7.3251024E-01,2.08008E+00,-9.76562E-03
-7.3249176E-01,1.96289E+00,6.83594E-02
-7.3247328E-01,1.98242E+00,9.76562E-03
-7.3245480E-01,1.98242E+00,2.92969E-02
-7.3243632E-01,1.94336E+00,4.88281E-02
-7.3241784E-01,1.96289E+00,8.78906E-02
-7.3239936E-01,1.98242E+00,4.88281E-02
-7.3238088E-01,1.96289E+00,8.78906E-02
-7.3236240E-01,1.98242E+00,9.76562E-03
-7.3234392E-01,2.00195E+00,9.76562E-03
-7.3232544E-01,2.00195E+00,9.76562E-03
-7.3230696E-01,2.02148E+00,1.07422E-01
-7.3228848E-01,1.96289E+00,-2.92969E-02
-7.3227000E-01,1.92383E+00,9.76562E-03
-7.3225152E-01,2.02148E+00,2.92969E-02
-7.3223304E-01,2.04102E+00,9.76562E-03
-7.3221456E-01,2.08008E+00,-9.76562E-03
-7.3219608E-01,1.96289E+00,9.76562E-03
-7.3217760E-01,2.00195E+00,4.88281E-02
-7.3215912E-01,2.06055E+00,9.76562E-03
-7.3214064E-01,2.02148E+00,6.83594E-02
-7.3212216E-01,2.00195E+00,9.76562E-03
-7.3210368E-01,2.06055E+00,-9.76562E-03
-7.3208520E-01,1.96289E+00,4.88281E-02
-7.3206672E-01,1.98242E+00,4.88281E-02
-7.3204824E-01,1.94336E+00,6.83594E-02
-7.3202976E-01,2.00195E+00,-9.76562E-03
-7.3201128E-01,2.00195E+00,6.83594E-02
-7.3199280E-01,2.00195E+00,4.88281E-02
-7.3197432E-01,1.98242E+00,2.92969E-02
-7.3195584E-01,1.98242E+00,9.76562E-03
-7.3193736E-01,2.02148E+00,4.88281E-02
-7.3191888E-01,2.06055E+00,-9.76562E-03
-7.3190040E-01,2.00195E+00,6.83594E-02
-7.3188192E-01,1.94336E+00,-9.76562E-03
-7.3186344E-01,2.02148E+00,2.92969E-02
-7.3184496E-01,2.04102E+00,-9.76562E-03
-7.3182648E-01,2.06055E+00,6.83594E-02
-7.3180800E-01,2.00195E+00,9.76562E-03
-7.3178952E-01,1.98242E+00,6.83594E-02
-7.3177104E-01,2.00195E+00,2.92969E-02
-7.3175256E-01,1.92383E+00,2.92969E-02
-7.3173408E-01,1.98242E+00,2.92969E-02
-7.3171560E-01,1.94336E+00,6.83594E-02
-7.3169712E-01,1.94336E+00,4.88281E-02
-7.3167864E-01,1.98242E+00,4.88281E-02
-7.3166016E-01,2.00195E+00,2.92969E-02
-7.3164168E-01,2.00195E+00,9.76562E-03
-7.3162320E-01,2.00195E+00,2.92969E-02
-7.3160472E-01,2.02148E+00,9.76562E-03
-7.3158624E-01,2.02148E+00,2.92969E-02
-7.3156776E-01,1.96289E+00,6.83594E-02
-7.3154928E-01,2.08008E+00,4.88281E-02
-7.3153080E-01,2.00195E+00,6.83594E-02
-7.3151232E-01,2.02148E+00,4.88281E-02
-7.3149384E-01,1.98242E+00,2.92969E-02
-7.3147536E-01,2.04102E+00,2.92969E-02
-7.3145688E-01,2.00195E+00,4.88281E-02
-7.3143840E-01,2.02148E+00,9.76562E-03
-7.3141992E-01,2.00195E+00,4.88281E-02
-7.3140144E-01,2.08008E+00,6.83594E-02
-7.3138296E-01,1.96289E+00,6.83594E-02
-7.3136448E-01,2.00195E+00,2.92969E-02
-7.3134600E-01,1.96289E+00,9.76562E-03
-7.3132752E-01,2.02148E+00,6.83594E-02
-7.3130904E-01,2.00195E+00,4.88281E-02
-7.3129056E-01,2.00195E+00,2.92969E-02
-7.3127208E-01,2.08008E+00,9.76562E-03
-7.3125360E-01,1.94336E+00,4.88281E-02
-7.3123512E-01,1.96289E+00,8.78906E-02
-7.3121664E-01,2.00195E+00,6.83594E-02
-7.3119816E-01,1.98242E+00,4.88281E-02
-7.3117968E-01,2.06055E+00,2.92969E-02
-7.3116120E-01,2.00195E+00,9.76562E-03
-7.3114272E-01,2.04102E+00,6.83594E-02
-7.3112424E-01,2.00195E+00,4.88281E-02
-7.3110576E-01,2.08008E+00,4.88281E-02
-7.3108728E-01,2.02148E+00,4.88281E-02
-7.3106880E-01,1.94336E+00,-9.76562E-03
-7.3105032E-01,2.02148E+00,9.76562E-03
-7.3103184E-01,1.98242E+00,9.76562E-03
-7.3101336E-01,1.98242E+00,2.92969E-02
-7.3099488E-01,2.00195E+00,2.92969E-02
-7.3097640E-01,1.96289E+00,6.83594E-02
-7.3095792E-01,2.02148E+00,2.92969E-02
-7.3093944E-01,1.98242E+00,4.88281E-02
-7.3092096E-01,2.02148E+00,2.92969E-02
-7.3090248E-01,2.00195E+00,6.83594E-02
-7.3088400E-01,2.06055E+00,6.83594E-02
-7.3086552E-01,1.96289E+00,4.88281E-02
-7.3084704E-01,2.00195E+00,4.88281E-02
-7.3082856E-01,2.00195E+00,2.92969E-02
-7.3081008E-01,2.00195E+00,9.76562E-03
-7.3079160E-01,2.00195E+00,1.07422E-01
-7.3077312E-01,2.00195E+00,9.76562E-03
-7.3075464E-01,1.94336E+00,-9.76562E-03
-7.3073616E-01,2.00195E+00,4.88281E-02
-7.3071768E-01,2.04102E+00,6.83594E-02
-7.3069920E-01,2.04102E+00,1.07422E-01
-7.3068072E-01,1.98242E+00,6.83594E-02
-7.3066224E-01,2.00195E+00,4.88281E-02
-7.3064376E-01,1.98242E+00,8.78906E-02
-7.3062528E-01,2.08008E+00,9.76562E-03
-7.3060680E-01,2.00195E+00,9.76562E-03
-7.3058832E-01,2.09961E+00,9.76562E-03
-7.3056984E-01,2.00195E+00,2.92969E-02
-7.3055136E-01,2.06055E+00,2.92969E-02
-7.3053288E-01,1.98242E+00,6.83594E-02
-7.3051440E-01,1.96289E+00,2.92969E-02
-7.3049592E-01,2.00195E+00,2.92969E-02
-7.3047744E-01,2.02148E+00,2.92969E-02
-7.3045896E-01,2.00195E+00,2.92969E-02
-7.3044048E-01,2.00195E+00,4.88281E-02
-7.3042200E-01,1.98242E+00,4.88281E-02
-7.3040352E-01,2.02148E+00,-9.76562E-03
-7.3038504E-01,1.94336E+00,8.78906E-02
-7.3036656E-01,2.00195E+00,4.88281E-02
-7.3034808E-01,2.06055E+00,9.76562E-03
-7.3032960E-01,2.02148E+00,4.88281E-02
-7.3031112E-01,2.00195E+00,2.92969E-02
-7.3029264E-01,2.09961E+00,9.76562E-03
-7.3027416E-01,2.06055E+00,8.78906E-02
-7.3025568E-01,2.04102E+00,9.76562E-03
-7.3023720E-01,2.00195E+00,2.92969E-02
-7.3021872E-01,2.08008E+00,-9.76562E-03
-7.3020024E-01,2.00195E+00,4.88281E-02
-7.3018176E-01,2.08008E+00,9.76562E-03
-7.3016328E-01,2.04102E+00,6.83594E-02
-7.3014480E-01,1.98242E+00,2.92969E-02
-7.3012632E-01,2.02148E+00,9.76562E-03
-7.3010784E-01,2.04102E+00,9.76562E-03
-7.3008936E-01,2.00195E+00,1.07422E-01
-7.3007088E-01,2.06055E+00,-9.76562E-03
-7.3005240E-01,1.94336E+00,4.88281E-02
-7.3003392E-01,2.06055E+00,9.76562E-03
-7.3001544E-01,1.96289E+00,2.92969E-02
-7.2999696E-01,2.08008E+00,-2.92969E-02
-7.2997848E-01,1.94336E+00,9.76562E-03
-7.2996000E-01,1.94336E+00,2.92969E-02
-7.2994152E-01,2.00195E+00,6.83594E-02
-7.2992304E-01,2.00195E+00,9.76562E-03
-7.2990456E-01,1.96289E+00,9.76562E-03
-7.2988608E-01,2.00195E+00,-9.76562E-03
-7.2986760E-01,1.98242E+00,6.83594E-02
-7.2984912E-01,1.94336E+00,4.88281E-02
-7.2983064E-01,1.96289E+00,2.92969E-02
-7.2981216E-01,2.02148E+00,6.83594E-02
-7.2979368E-01,1.94336E+00,6.83594E-02
-7.2977520E-01,2.00195E+00,2.92969E-02
-7.2975672E-01,2.00195E+00,6.83594E-02
-7.2973824E-01,2.00195E+00,9.76562E-03
-7.2971976E-01,1.98242E+00,6.83594E-02
-7.2970128E-01,2.06055E+00,-9.76562E-03
-7.2968280E-01,1.98242E+00,4.88281E-02
-7.2966432E-01,2.00195E+00,4.88281E-02
-7.2964584E-01,1.98242E+00,6.83594E-02
-7.2962736E-01,2.04102E+00,2.92969E-02
-7.2960888E-01,2.00195E+00,6.83594E-02
-7.2959040E-01,2.08008E+00,4.88281E-02
-7.2957192E-01,1.98242E+00,4.88281E-02
-7.2955344E-01,2.00195E+00,6.83594E-02
-7.2953496E-01,2.00195E+00,2.92969E-02
-7.2951648E-01,1.96289E+00,9.76562E-03
-7.2949800E-01,1.96289E+00,4.88281E-02
-7.2947952E-01,2.00195E+00,9.76562E-03
-7.2946104E-01,1.96289E+00,8.78906E-02
-7.2944256E-01,1.94336E+00,9.76562E-03
-7.2942408E-01,1.94336E+00,4.88281E-02
-7.2940560E-01,1.98242E+00,2.92969E-02
-7.2938712E-01,2.02148E+00,-4.88281E-02
-7.2936864E-01,1.96289E+00,2.92969E-02
-7.2935016E-01,2.00195E+00,4.88281E-02
-7.2933168E-01,2.00195E+00,6.83594E-02
-7.2931320E-01,2.04102E+00,4.88281E-02
-7.2929472E-01,2.06055E+00,2.92969E-02
-7.2927624E-01,2.08008E+00,6.83594E-02
-7.2925776E-01,2.08008E+00,-2.92969E-02
-7.2923928E-01,1.98242E+00,1.26953E-01
-7.2922080E-01,2.04102E+00,2.92969E-02
-7.2920232E-01,2.02148E+00,9.76562E-03
-7.2918384E-01,2.04102E+00,9.76562E-03
-7.2916536E-01,2.00195E+00,2.92969E-02
-7.2914688E-01,1.94336E+00,2.92969E-02
-7.2912840E-01,2.06055E+00,4.88281E-02
-7.2910992E-01,2.00195E+00,9.76562E-03
-7.2909144E-01,1.94336E+00,9.76562E-03
-7.2907296E-01,2.02148E+00,-9.76562E-03
-7.2905448E-01,2.00195E+00,6.83594E-02
-7.2903600E-01,2.00195E+00,-2.92969E-02
-7.2901752E-01,1.98242E+00,6.83594E-02
-7.2899904E-01,2.09961E+00,2.92969E-02
-7.2898056E-01,2.02148E+00,2.92969E-02
-7.2896208E-01,1.98242E+00,4.88281E-02
-7.2894360E-01,2.00195E+00,4.88281E-02
-7.2892512E-01,2.06055E+00,2.92969E-02
-7.2890664E-01,2.02148E+00,-2.92969E-02
-7.2888816E-01,1.94336E+00,2.92969E-02
-7.2886968E-01,2.06055E+00,1.26953E-01
-7.2885120E-01,2.02148E+00,2.92969E-02
-7.2883272E-01,1.98242E+00,-4.88281E-02
-7.2881424E-01,2.04102E+00,9.76562E-03
-7.2879576E-01,2.06055E+00,4.88281E-02
-7.2877728E-01,2.04102E+00,4.88281E-02
-7.2875880E-01,2.06055E+00,1.07422E-01
-7.2874032E-01,2.02148E+00,2.92969E-02
-7.2872184E-01,2.00195E+00,-4.88281E-02
-7.2870336E-01,2.04102E+00,9.76562E-03
-7.2868488E-01,1.98242E+00,2.92969E-02
-7.2866640E-01,2.02148E+00,9.76562E-03
-7.2864792E-01,1.96289E+00,8.78906E-02
-7.2862944E-01,2.00195E+00,6.83594E-02
-7.2861096E-01,1.96289E+00,4.88281E-02
-7.2859248E-01,2.00195E+00,-9.76562E-03
-7.2857400E-01,2.04102E+00,2.92969E-02
-7.2855552E-01,2.02148E+00,9.76562E-03
-7.2853704E-01,1.98242E+00,4.88281E-02
-7.2851856E-01,2.02148E+00,2.92969E-02
-7.2850008E-01,2.02148E+00,4.88281E-02
-7.2848160E-01,2.04102E+00,9.76562E-03
-7.2846312E-01,2.00195E+00,4.88281E-02
-7.2844464E-01,2.00195E+00,4.88281E-02
-7.2842616E-01,1.94336E+00,9.76562E-03
-7.2840768E-01,2.02148E+00,9.76562E-03
-7.2838920E-01,2.00195E+00,6.83594E-02
-7.2837072E-01,2.08008E+00,9.76562E-03
-7.2835224E-01,2.00195E+00,2.92969E-02
-7.2833376E-01,2.00195E+00,-4.88281E-02
-7.2831528E-01,2.02148E+00,4.88281E-02
-7.2829680E-01,2.02148E+00,8.78906E-02
-7.2827832E-01,2.04102E+00,9.76562E-03
-7.2825984E-01,2.02148E+00,9.76562E-03
-7.2824136E-01,1.88477E+00,4.88281E-02
-7.2822288E-01,2.08008E+00,9.76562E-03
-7.2820440E-01,1.92383E+00,6.83594E-02
-7.2818592E-01,1.96289E+00,2.92969E-02
-7.2816744E-01,1.96289E+00,9.76562E-03
-7.2814896E-01,1.98242E+00,-2.92969E-02
-7.2813048E-01,2.04102E+00,6.83594E-02
-7.2811200E-01,2.02148E+00,4.88281E-02
-7.2809352E-01,2.02148E+00,6.83594E-02
-7.2807504E-01,1.98242E+00,4.88281E-02
-7.2805656E-01,2.06055E+00,9.76562E-03
-7.2803808E-01,2.00195E+00,4.88281E-02
-7.2801960E-01,2.04102E+00,4.88281E-02
-7.2800112E-01,2.00195E+00,4.88281E-02
-7.2798264E-01,2.02148E+00,2.92969E-02
-7.2796416E-01,2.02148E+00,-9.76562E-03
-7.2794568E-01,2.00195E+00,4.88281E-02
-7.2792720E-01,2.00195E+00,9.76562E-03
-7.2790872E-01,2.00195E+00,4.88281E-02
-7.2789024E-01,1.98242E+00,4.88281E-02
-7.2787176E-01,2.00195E+00,2.92969E-02
-7.2785328E-01,2.02148E+00,4.88281E-02
-7.2783480E-01,2.02148E+00,4.88281E-02
-7.2781632E-01,2.02148E+00,-9.76562E-03
-7.2779784E-01,2.04102E+00,2.92969E-02
-7.2777936E-01,2.04102E+00,9.76562E-03
-7.2776088E-01,1.98242E+00,4.88281E-02
-7.2774240E-01,2.00195E+00,9.76562E-03
-7.2772392E-01,2.02148E+00,9.76562E-03
-7.2770544E-01,1.98242E+00,9.76562E-03
-7.2768696E-01,2.02148E+00,2.92969E-02
-7.2766848E-01,2.06055E+00,9.76562E-03
-7.2765000E-01,2.06055E+00,4.88281E-02
-7.2763152E-01,2.00195E+00,6.83594E-02
-7.2761304E-01,1.98242E+00,9.76562E-03
-7.2759456E-01,1.94336E+00,2.92969E-02
-7.2757608E-01,1.94336E+00,2.92969E-02
-7.2755760E-01,2.02148E+00,9.76562E-03
-7.2753912E-01,2.04102E+00,4.88281E-02
-7.2752064E-01,1.98242E+00,9.76562E-03
-7.2750216E-01,1.98242E+00,6.83594E-02
-7.2748368E-01,2.02148E+00,4.88281E-02
-7.2746520E-01,2.06055E+00,4.88281E-02
-7.2744672E-01,2.08008E+00,9.76562E-03
-7.2742824E-01,2.08008E+00,6.83594E-02
-7.2740976E-01,2.06055E+00,4.88281E-02
-7.2739128E-01,1.98242E+00,9.76562E-03
-7.2737280E-01,2.08008E+00,2.92969E-02
-7.2735432E-01,1.98242E+00,2.92969E-02
-7.2733584E-01,2.04102E+00,4.88281E-02
-7.2731736E-01,2.00195E+00,4.88281E-02
-7.2729888E-01,2.00195E+00,2.92969E-02
-7.2728040E-01,1.96289E+00,6.83594E-02
-7.2726192E-01,2.00195E+00,2.92969E-02
-7.2724344E-01,1.96289E+00,4.88281E-02
-7.2722496E-01,1.96289E+00,2.92969E-02
-7.2720648E-01,2.00195E+00,2.92969E-02
-7.2718800E-01,2.02148E+00,-9.76562E-03
-7.2716952E-01,2.04102E+00,2.92969E-02
-7.2715104E-01,2.00195E+00,4.88281E-02
-7.2713256E-01,1.94336E+00,6.83594E-02
-7.2711408E-01,2.00195E+00,2.92969E-02
-7.2709560E-01,2.02148E+00,9.76562E-03
-7.2707712E-01,2.04102E+00,6.83594E-02
-7.2705864E-01,1.98242E+00,4.88281E-02
-7.2704016E-01,2.02148E+00,4.88281E-02
-7.2702168E-01,2.04102E+00,9.76562E-03
-7.2700320E-01,2.04102E+00,4.88281E-02
-7.2698472E-01,2.02148E+00,9.76562E-03
-7.2696624E-01,2.02148E+00,9.76562E-03
-7.2694776E-01,2.08008E+00,4.88281E-02
-7.2692928E-01,2.06055E+00,9.76562E-03
-7.2691080E-01,2.09961E+00,6.83594E-02
-7.2689232E-01,1.98242E+00,6.83594E-02
-7.2687384E-01,1.94336E+00,6.83594E-02
-7.2685536E-01,2.09961E+00,4.88281E-02
-7.2683688E-01,2.08008E+00,4.88281E-02
-7.2681840E-01,2.00195E+00,4.88281E-02
-7.2679992E-01,2.00195E+00,4.88281E-02
-7.2678144E-01,2.06055E+00,2.92969E-02
-7.2676296E-01,2.00195E+00,6.83594E-02
-7.2674448E-01,2.06055E+00,9.76562E-03
-7.2672600E-01,2.00195E+00,4.88281E-02
-7.2670752E-01,2.04102E+00,9.76562E-03
-7.2668904E-01,2.04102E+00,4.88281E-02
-7.2667056E-01,2.04102E+00,6.83594E-02
-7.2665208E-01,2.00195E+00,2.92969E-02
-7.2663360E-01,2.08008E+00,2.92969E-02
-7.2661512E-01,1.98242E+00,6.83594E-02
-7.2659664E-01,2.08008E+00,2.92969E-02
-7.2657816E-01,2.00195E+00,9.76562E-03
-7.2655968E-01,2.08008E+00,-4.88281E-02
-7.2654120E-01,2.08008E+00,2.92969E-02
-7.2652272E-01,2.04102E+00,4.88281E-02
-7.2650424E-01,2.02148E+00,1.26953E-01
-7.2648576E-01,2.04102E+00,-4.88281E-02
-7.2646728E-01,2.02148E+00,2.92969E-02
-7.2644880E-01,1.98242E+00,-9.76562E-03
-7.2643032E-01,2.02148E+00,6.83594E-02
-7.2641184E-01,2.00195E+00,-2.92969E-02
-7.2639336E-01,1.96289E+00,4.88281E-02
-7.2637488E-01,2.00195E+00,9.76562E-03
-7.2635640E-01,1.98242E+00,9.76562E-03
-7.2633792E-01,2.09961E+00,-4.88281E-02
-7.2631944E-01,1.94336E+00,4.88281E-02
-7.2630096E-01,2.08008E+00,9.76562E-03
-7.2628248E-01,2.11914E+00,-2.92969E-02
-7.2626400E-01,2.00195E+00,9.76562E-03
-7.2624552E-01,2.06055E+00,-9.76562E-03
-7.2622704E-01,2.06055E+00,-9.76562E-03
-7.2620856E-01,2.00195E+00,6.83594E-02
-7.2619008E-01,2.06055E+00,9.76562E-03
-7.2617160E-01,2.02148E+00,-2.92969E-02
-7.2615312E-01,2.09961E+00,9.76562E-03
-7.2613464E-01,2.04102E+00,6.83594E-02
-7.2611616E-01,2.00195E+00,2.92969E-02
-7.2609768E-01,2.02148E+00,6.83594E-02
-7.2607920E-01,2.08008E+00,-2.92969E-02
-7.2606072E-01,2.02148E+00,-9.76562E-03
-7.2604224E-01,2.00195E+00,9.76562E-03
-7.2602376E-01,2.08008E+00,6.83594E-02
-7.2600528E-01,2.04102E+00,-2.92969E-02
-7.2598680E-01,2.02148E+00,1.07422E-01
-7.2596832E-01,2.04102E+00,-2.92969E-02
-7.2594984E-01,2.04102E+00,4.88281E-02
-7.2593136E-01,2.00195E+00,9.76562E-03
-7.2591288E-01,2.00195E+00,4.88281E-02
-7.2589440E-01,2.04102E+00,4.88281E-02
-7.2587592E-01,2.02148E+00,9.76562E-03
-7.2585744E-01,2.00195E+00,4.88281E-02
-7.2583896E-01,1.94336E+00,-2.92969E-02
-7.2582048E-01,2.08008E+00,9.76562E-03
-7.2580200E-01,1.98242E+00,4.88281E-02
-7.2578352E-01,2.08008E+00,2.92969E-02
-7.2576504E-01,2.08008E+00,4.88281E-02
-7.2574656E-01,2.08008E+00,9.76562E-03
-7.2572808E-01,2.00195E+00,6.83594E-02
-7.2570960E-01,2.00195E+00,9.76562E-03
-7.2569112E-01,2.02148E+00,2.92969E-02
-7.2567264E-01,2.06055E+00,2.92969E-02
-7.2565416E-01,1.98242E+00,6.83594E-02
-7.2563568E-01,2.00195E+00,-9.76562E-03
-7.2561720E-01,2.02148E+00,-6.83594E-02
-7.2559872E-01,2.08008E+00,4.88281E-02
-7.2558024E-01,2.02148E+00,6.83594E-02
-7.2556176E-01,2.02148E+00,9.76562E-03
-7.2554328E-01,1.98242E+00,1.26953E-01
-7.2552480E-01,2.00195E+00,9.76562E-03
-7.2550632E-01,2.02148E+00,2.92969E-02
-7.2548784E-01,2.06055E+00,9.76562E-03
-7.2546936E-01,1.96289E+00,4.88281E-02
-7.2545088E-01,1.94336E+00,9.76562E-03
-7.2543240E-01,2.00195E+00,2.92969E-02
-7.2541392E-01,2.08008E+00,2.92969E-02
-7.2539544E-01,2.02148E+00,2.92969E-02
-7.2537696E-01,2.04102E+00,2.92969E-02
-7.2535848E-01,2.00195E+00,4.88281E-02
-7.2534000E-01,2.02148E+00,9.76562E-03
-7.2532152E-01,2.00195E+00,6.83594E-02
-7.2530304E-01,2.08008E+00,6.83594E-02
-7.2528456E-01,1.96289E+00,9.76562E-03
-7.2526608E-01,2.02148E+00,-9.76562E-03
-7.2524760E-01,2.02148E+00,8.78906E-02
-7.2522912E-01,2.00195E+00,6.83594E-02
-7.2521064E-01,2.00195E+00,9.76562E-03
-7.2519216E-01,2.11914E+00,4.88281E-02
-7.2517368E-01,2.00195E+00,4.88281E-02
-7.2515520E-01,2.09961E+00,2.92969E-02
-7.2513672E-01,2.09961E+00,4.88281E-02
-7.2511824E-01,2.08008E+00,2.92969E-02
-7.2509976E-01,2.02148E+00,2.92969E-02
-7.2508128E-01,2.00195E+00,2.92969E-02
-7.2506280E-01,2.02148E+00,2.92969E-02
-7.2504432E-01,2.06055E+00,9.76562E-03
-7.2502584E-01,2.06055E+00,6.83594E-02
-7.2500736E-01,2.02148E+00,4.88281E-02
-7.2498888E-01,2.00195E+00,2.92969E-02
-7.2497040E-01,2.06055E+00,8.78906E-02
-7.2495192E-01,2.00195E+00,1.07422E-01
-7.2493344E-01,2.08008E+00,2.92969E-02
-7.2491496E-01,1.96289E+00,4.88281E-02
-7.2489648E-01,2.08008E+00,9.76562E-03
-7.2487800E-01,1.94336E+00,2.92969E-02
-7.2485952E-01,2.06055E+00,-9.76562E-03
-7.2484104E-01,2.06055E+00,4.88281E-02
-7.2482256E-01,2.09961E+00,2.92969E-02
-7.2480408E-01,2.02148E+00,4.88281E-02
-7.2478560E-01,2.06055E+00,6.83594E-02
-7.2476712E-01,2.08008E+00,9.76562E-03
-7.2474864E-01,2.02148E+00,2.92969E-02
-7.2473016E-01,2.00195E+00,4.88281E-02
-7.2471168E-01,2.08008E+00,9.76562E-03
-7.2469320E-01,2.00195E+00,4.88281E-02
-7.2467472E-01,2.02148E+00,2.92969E-02
-7.2465624E-01,2.08008E+00,2.92969E-02
-7.2463776E-01,2.06055E+00,4.88281E-02
-7.2461928E-01,1.98242E+00,2.92969E-02
-7.2460080E-01,2.08008E+00,4.88281E-02
-7.2458232E-01,2.08008E+00,2.92969E-02
-7.2456384E-01,2.09961E+00,9.76562E-03
-7.2454536E-01,2.04102E+00,6.83594E-02
-7.2452688E-01,2.06055E+00,4.88281E-02
-7.2450840E-01,2.04102E+00,2.92969E-02
-7.2448992E-01,2.04102E+00,4.88281E-02
-7.2447144E-01,2.04102E+00,4.88281E-02
-7.2445296E-01,2.08008E+00,9.76562E-03
-7.2443448E-01,2.08008E+00,6.83594E-02
-7.2441600E-01,2.00195E+00,-9.76562E-03
-7.2439752E-01,1.98242E+00,-2.92969E-02
-7.2437904E-01,2.00195E+00,9.76562E-03
-7.2436056E-01,2.00195E+00,4.88281E-02
-7.2434208E-01,2.04102E+00,2.92969E-02
-7.2432360E-01,1.94336E+00,2.92969E-02
-7.2430512E-01,1.98242E+00,-9.76562E-03
-7.2428664E-01,2.06055E+00,1.26953E-01
-7.2426816E-01,2.06055E+00,9.76562E-03
-7.2424968E-01,2.00195E+00,2.92969E-02
-7.2423120E-01,2.09961E+00,9.76562E-03
-7.2421272E-01,2.00195E+00,6.83594E-02
-7.2419424E-01,2.06055E+00,9.76562E-03
-7.2417576E-01,2.00195E+00,4.88281E-02
-7.2415728E-01,2.00195E+00,9.76562E-03
-7.2413880E-01,1.98242E+00,6.83594E-02
-7.2412032E-01,2.02148E+00,-9.76562E-03
-7.2410184E-01,2.02148E+00,1.26953E-01
-7.2408336E-01,2.08008E+00,9.76562E-03
-7.2406488E-01,2.06055E+00,9.76562E-03
-7.2404640E-01,2.06055E+00,2.92969E-02
-7.2402792E-01,2.04102E+00,2.92969E-02
-7.2400944E-01,2.06055E+00,9.76562E-03
-7.2399096E-01,2.08008E+00,4.88281E-02
-7.2397248E-01,2.08008E+00,9.76562E-03
-7.2395400E-01,2.00195E+00,6.83594E-02
-7.2393552E-01,2.02148E+00,2.92969E-02
-7.2391704E-01,2.02148E+00,2.92969E-02
-7.2389856E-01,2.02148E+00,9.76562E-03
-7.2388008E-01,1.96289E+00,6.83594E-02
-7.2386160E-01,2.00195E+00,6.83594E-02
-7.2384312E-01,2.08008E+00,9.76562E-03
-7.2382464E-01,2.08008E+00,2.92969E-02
-7.2380616E-01,2.00195E+00,9.76562E-03
-7.2378768E-01,2.02148E+00,9.76562E-03
-7.2376920E-01,2.04102E+00,4.88281E-02
-7.2375072E-01,2.04102E+00,9.76562E-03
-7.2373224E-01,2.04102E+00,4.88281E-02
-7.2371376E-01,2.08008E+00,9.76562E-03
-7.2369528E-01,2.02148E+00,4.88281E-02
-7.2367680E-01,2.08008E+00,4.88281E-02
-7.2365832E-01,2.06055E+00,-2.92969E-02
-7.2363984E-01,2.06055E+00,6.83594E-02
-7.2362136E-01,2.00195E+00,6.83594E-02
-7.2360288E-01,2.08008E+00,2.92969E-02
-7.2358440E-01,2.08008E+00,1.07422E-01
-7.2356592E-01,2.08008E+00,4.88281E-02
-7.2354744E-01,2.06055E+00,9.76562E-03
-7.2352896E-01,2.08008E+00,1.07422E-01
-7.2351048E-01,2.06055E+00,8.78906E-02
-7.2349200E-01,2.02148E+00,4.88281E-02
-7.2347352E-01,2.00195E+00,4.88281E-02
-7.2345504E-01,2.02148E+00,-2.92969E-02
-7.2343656E-01,2.06055E+00,6.83594E-02
-7.2341808E-01,2.06055E+00,4.88281E-02
-7.2339960E-01,2.00195E+00,2.92969E-02
-7.2338112E-01,2.08008E+00,2.92969E-02
-7.2336264E-01,2.06055E+00,2.92969E-02
-7.2334416E-01,2.08008E+00,4.88281E-02
-7.2332568E-01,2.08008E+00,6.83594E-02
-7.2330720E-01,2.02148E+00,2.92969E-02
-7.2328872E-01,2.02148E+00,4.88281E-02
-7.2327024E-01,2.00195E+00,2.92969E-02
-7.2325176E-01,2.06055E+00,6.83594E-02
-7.2323328E-01,2.00195E+00,9.76562E-03
-7.2321480E-01,2.00195E+00,2.92969E-02
-7.2319632E-01,2.04102E+00,9.76562E-03
-7.2317784E-01,2.06055E+00,6.83594E-02
-7.2315936E-01,2.02148E+00,4.88281E-02
-7.2314088E-01,1.96289E+00,4.88281E-02
-7.2312240E-01,2.09961E+00,4.88281E-02
-7.2310392E-01,2.00195E+00,6.83594E-02
-7.2308544E-01,2.04102E+00,9.76562E-03
-7.2306696E-01,2.02148E+00,2.92969E-02
-7.2304848E-01,2.08008E+00,4.88281E-02
-7.2303000E-01,2.00195E+00,6.83594E-02
-7.2301152E-01,2.02148E+00,9.76562E-03
-7.2299304E-01,2.11914E+00,9.76562E-03
-7.2297456E-01,2.04102E+00,6.83594E-02
-7.2295608E-01,2.06055E+00,2.92969E-02
-7.2293760E-01,1.98242E+00,9.76562E-03
-7.2291912E-01,2.00195E+00,9.76562E-03
-7.2290064E-01,2.08008E+00,9.76562E-03
-7.2288216E-01,2.00195E+00,9.76562E-03
-7.2286368E-01,2.02148E+00,-9.76562E-03
-7.2284520E-01,2.06055E+00,2.92969E-02
-7.2282672E-01,2.08008E+00,2.92969E-02
-7.2280824E-01,2.00195E+00,8.78906E-02
-7.2278976E-01,2.09961E+00,4.88281E-02
-7.2277128E-01,2.06055E+00,6.83594E-02
-7.2275280E-01,2.09961E+00,2.92969E-02
-7.2273432E-01,2.06055E+00,2.92969E-02
-7.2271584E-01,2.02148E+00,-6.83594E-02
-7.2269736E-01,2.02148E+00,4.88281E-02
-7.2267888E-01,2.08008E+00,9.76562E-03
-7.2266040E-01,2.08008E+00,9.76562E-03
-7.2264192E-01,2.08008E+00,9.76562E-03
-7.2262344E-01,2.02148E+00,2.92969E-02
-7.2260496E-01,2.08008E+00,9.76562E-03
-7.2258648E-01,2.06055E+00,1.07422E-01
-7.2256800E-01,2.00195E+00,4.88281E-02
-7.2254952E-01,2.00195E+00,4.88281E-02
-7.2253104E-01,2.02148E+00,2.92969E-02
-7.2251256E-01,2.06055E+00,4.88281E-02
-7.2249408E-01,2.06055E+00,-2.92969E-02
-7.2247560E-01,2.00195E+00,9.76562E-03
-7.2245712E-01,2.00195E+00,6.83594E-02
-7.2243864E-01,2.08008E+00,9.76562E-03
-7.2242016E-01,2.04102E+00,4.88281E-02
-7.2240168E-01,2.00195E+00,4.88281E-02
-7.2238320E-01,2.08008E+00,4.88281E-02
-7.2236472E-01,2.00195E+00,6.83594E-02
-7.2234624E-01,2.00195E+00,-2.92969E-02
-7.2232776E-01,2.08008E+00,1.07422E-01
-7.2230928E-01,2.00195E+00,2.92969E-02
-7.2229080E-01,2.08008E+00,2.92969E-02
-7.2227232E-01,1.98242E+00,-2.92969E-02
-7.2225384E-01,2.00195E+00,2.92969E-02
-7.2223536E-01,2.08008E+00,9.76562E-03
-7.2221688E-01,2.02148E+00,9.76562E-03
-7.2219840E-01,2.02148E+00,6.83594E-02
-7.2217992E-01,1.98242E+00,4.88281E-02
-7.2216144E-01,2.08008E+00,4.88281E-02
-7.2214296E-01,2.02148E+00,6.83594E-02
-7.2212448E-01,2.08008E+00,4.88281E-02
-7.2210600E-01,2.02148E+00,2.92969E-02
-7.2208752E-01,1.98242E+00,-9.76562E-03
-7.2206904E-01,2.02148E+00,-2.92969E-02
-7.2205056E-01,2.04102E+00,2.92969E-02
-7.2203208E-01,2.00195E+00,6.83594E-02
-7.2201360E-01,2.06055E+00,8.78906E-02
-7.2199512E-01,2.08008E+00,6.83594E-02
-7.2197664E-01,2.08008E+00,4.88281E-02
-7.2195816E-01,2.08008E+00,6.83594E-02
-7.2193968E-01,2.06055E+00,-9.76562E-03
-7.2192120E-01,2.04102E+00,2.92969E-02
-7.2190272E-01,2.04102E+00,-9.76562E-03
-7.2188424E-01,2.02148E+00,1.46484E-01
-7.2186576E-01,2.04102E+00,4.88281E-02
-7.2184728E-01,2.06055E+00,4.88281E-02
-7.2182880E-01,2.00195E+00,9.76562E-03
-7.2181032E-01,1.94336E+00,2.92969E-02
-7.2179184E-01,2.04102E+00,4.88281E-02
-7.2177336E-01,2.00195E+00,6.83594E-02
-7.2175488E-01,1.94336E+00,9.76562E-03
-7.2173640E-01,2.04102E+00,2.92969E-02
-7.2171792E-01,2.08008E+00,2.92969E-02
-7.2169944E-01,2.04102E+00,6.83594E-02
-7.2168096E-01,2.04102E+00,6.83594E-02
-7.2166248E-01,2.08008E+00,9.76562E-03
-7.2164400E-01,2.08008E+00,9.76562E-03
-7.2162552E-01,1.96289E+00,4.88281E-02
-7.2160704E-01,2.08008E+00,4.88281E-02
-7.2158856E-01,2.00195E+00,4.88281E-02
-7.2157008E-01,2.00195E+00,4.88281E-02
-7.2155160E-01,1.98242E+00,6.83594E-02
-7.2153312E-01,1.98242E+00,4.88281E-02
-7.2151464E-01,2.06055E+00,2.92969E-02
-7.2149616E-01,2.00195E+00,4.88281E-02
-7.2147768E-01,2.06055E+00,6.83594E-02
-7.2145920E-01,2.00195E+00,9.76562E-03
-7.2144072E-01,2.06055E+00,2.92969E-02
-7.2142224E-01,2.04102E+00,9.76562E-03
-7.2140376E-01,2.06055E+00,8.78906E-02
-7.2138528E-01,2.08008E+00,-9.76562E-03
-7.2136680E-01,2.02148E+00,2.92969E-02
-7.2134832E-01,2.06055E+00,4.88281E-02
-7.2132984E-01,2.06055E+00,6.83594E-02
-7.2131136E-01,2.00195E+00,2.92969E-02
-7.2129288E-01,2.00195E+00,6.83594E-02
-7.2127440E-01,2.02148E+00,-9.76562E-03
-7.2125592E-01,2.02148E+00,2.92969E-02
-7.2123744E-01,2.02148E+00,4.88281E-02
-7.2121896E-01,2.02148E+00,2.92969E-02
-7.2120048E-01,2.08008E+00,4.88281E-02
-7.2118200E-01,2.08008E+00,9.76562E-03
-7.2116352E-01,2.06055E+00,-9.76562E-03
-7.2114504E-01,2.00195E+00,4.88281E-02
-7.2112656E-01,2.04102E+00,9.76562E-03
-7.2110808E-01,2.02148E+00,-4.88281E-02
-7.2108960E-01,2.11914E+00,2.92969E-02
-7.2107112E-01,2.06055E+00,8.78906E-02
-7.2105264E-01,2.02148E+00,4.88281E-02
-7.2103416E-01,2.06055E+00,2.92969E-02
-7.2101568E-01,2.08008E+00,-9.76562E-03
-7.2099720E-01,2.02148E+00,4.88281E-02
-7.2097872E-01,2.06055E+00,4.88281E-02
-7.2096024E-01,2.00195E+00,9.76562E-03
-7.2094176E-01,2.09961E+00,2.92969E-02
-7.2092328E-01,2.02148E+00,4.88281E-02
-7.2090480E-01,2.08008E+00,9.76562E-03
-7.2088632E-01,2.06055E+00,4.88281E-02
-7.2086784E-01,2.08008E+00,6.83594E-02
-7.2084936E-01,2.02148E+00,6.83594E-02
-7.2083088E-01,2.06055E+00,-4.88281E-02
-7.2081240E-01,2.08008E+00,-9.76562E-03
-7.2079392E-01,2.04102E+00,9.76562E-03
-7.2077544E-01,2.08008E+00,9.76562E-03
-7.2075696E-01,2.04102E+00,9.76562E-03
-7.2073848E-01,2.06055E+00,-4.88281E-02
-7.2072000E-01,2.02148E+00,4.88281E-02
-7.2070152E-01,1.98242E+00,6.83594E-02
-7.2068304E-01,2.08008E+00,4.88281E-02
-7.2066456E-01,2.00195E+00,9.76562E-03
-7.2064608E-01,2.06055E+00,2.92969E-02
-7.2062760E-01,2.11914E+00,9.76562E-03
-7.2060912E-01,2.08008E+00,2.92969E-02
-7.2059064E-01,2.08008E+00,9.76562E-03
-7.2057216E-01,2.06055E+00,4.88281E-02
-7.2055368E-01,2.08008E+00,2.92969E-02
-7.2053520E-01,2.08008E+00,2.92969E-02
-7.2051672E-01,2.04102E+00,1.07422E-01
-7.2049824E-01,2.08008E+00,-9.76562E-03
-7.2047976E-01,1.98242E+00,9.76562E-03
-7.2046128E-01,2.04102E+00,2.92969E-02
-7.2044280E-01,2.00195E+00,2.92969E-02
-7.2042432E-01,2.08008E+00,-9.76562E-03
-7.2040584E-01,2.02148E+00,8.78906E-02
-7.2038736E-01,2.08008E+00,1.07422E-01
-7.2036888E-01,2.02148E+00,6.83594E-02
-7.2035040E-01,2.04102E+00,9.76562E-03
-7.2033192E-01,2.08008E+00,8.78906E-02
-7.2031344E-01,2.06055E+00,1.07422E-01
-7.2029496E-01,1.98242E+00,4.88281E-02
-7.2027648E-01,2.11914E+00,4.88281E-02
-7.2025800E-01,2.08008E+00,9.76562E-03
-7.2023952E-01,2.08008E+00,2.92969E-02
-7.2022104E-01,2.02148E+00,8.78906E-02
-7.2020256E-01,2.04102E+00,4.88281E-02
-7.2018408E-01,2.00195E+00,6.83594E-02
-7.2016560E-01,2.06055E+00,6.83594E-02
-7.2014712E-01,2.06055E+00,4.88281E-02
-7.2012864E-01,2.06055E+00,9.76562E-03
-7.2011016E-01,2.13867E+00,6.83594E-02
-7.2009168E-01,2.08008E+00,9.76562E-03
-7.2007320E-01,2.02148E+00,-9.76562E-03
-7.2005472E-01,2.08008E+00,4.88281E-02
-7.2003624E-01,2.02148E+00,4.88281E-02
-7.2001776E-01,2.08008E+00,4.88281E-02
-7.1999928E-01,2.08008E+00,6.83594E-02
-7.1998080E-01,2.11914E+00,9.76562E-03
-7.1996232E-01,2.04102E+00,4.88281E-02
-7.1994384E-01,2.02148E+00,-9.76562E-03
-7.1992536E-01,2.09961E+00,8.78906E-02
-7.1990688E-01,2.08008E+00,4.88281E-02
-7.1988840E-01,2.02148E+00,2.92969E-02
-7.1986992E-01,2.08008E+00,9.76562E-03
-7.1985144E-01,2.04102E+00,9.76562E-03
-7.1983296E-01,2.04102E+00,-9.76562E-03
-7.1981448E-01,2.06055E+00,4.88281E-02
-7.1979600E-01,2.04102E+00,4.88281E-02
-7.1977752E-01,2.02148E+00,4.88281E-02
-7.1975904E-01,2.08008E+00,9.76562E-03
-7.1974056E-01,2.06055E+00,6.83594E-02
-7.1972208E-01,2.04102E+00,4.88281E-02
-7.1970360E-01,2.08008E+00,6.83594E-02
-7.1968512E-01,2.06055E+00,-9.76562E-03
-7.1966664E-01,2.04102E+00,-2.92969E-02
-7.1964816E-01,2.02148E+00,2.92969E-02
-7.1962968E-01,2.02148E+00,6.83594E-02
-7.1961120E-01,2.11914E+00,2.92969E-02
-7.1959272E-01,1.98242E+00,6.83594E-02
-7.1957424E-01,2.08008E+00,2.92969E-02
-7.1955576E-01,1.94336E+00,4.88281E-02
-7.1953728E-01,2.06055E+00,-9.76562E-03
-7.1951880E-01,2.11914E+00,6.83594E-02
-7.1950032E-01,2.13867E+00,4.88281E-02
-7.1948184E-01,2.00195E+00,2.92969E-02
-7.1946336E-01,2.06055E+00,9.76562E-03
-7.1944488E-01,2.06055E+00,2.92969E-02
-7.1942640E-01,1.94336E+00,4.88281E-02
-7.1940792E-01,2.00195E+00,6.83594E-02
-7.1938944E-01,2.08008E+00,4.88281E-02
-7.1937096E-01,2.08008E+00,4.88281E-02
-7.1935248E-01,2.00195E+00,-9.76562E-03
-7.1933400E-01,2.02148E+00,2.92969E-02
-7.1931552E-01,2.06055E+00,9.76562E-03
-7.1929704E-01,2.06055E+00,2.92969E-02
-7.1927856E-01,2.08008E+00,2.92969E-02
-7.1926008E-01,2.08008E+00,6.83594E-02
-7.1924160E-01,2.02148E+00,2.92969E-02
-7.1922312E-01,2.00195E+00,8.78906E-02
-7.1920464E-01,2.08008E+00,4.88281E-02
-7.1918616E-01,2.06055E+00,6.83594E-02
-7.1916768E-01,2.00195E+00,-9.76562E-03
-7.1914920E-01,2.00195E+00,6.83594E-02
-7.1913072E-01,2.04102E+00,9.76562E-03
-7.1911224E-01,2.04102E+00,2.92969E-02
-7.1909376E-01,2.06055E+00,9.76562E-03
-7.1907528E-01,2.02148E+00,6.83594E-02
-7.1905680E-01,2.08008E+00,6.83594E-02
-7.1903832E-01,2.02148E+00,4.88281E-02
-7.1901984E-01,2.00195E+00,9.76562E-03
-7.1900136E-01,2.04102E+00,2.92969E-02
-7.1898288E-01,2.02148E+00,2.92969E-02
-7.1896440E-01,2.00195E+00,9.76562E-03
-7.1894592E-01,2.00195E+00,4.88281E-02
-7.1892744E-01,2.02148E+00,4.88281E-02
-7.1890896E-01,2.11914E+00,6.83594E-02
-7.1889048E-01,2.06055E+00,8.78906E-02
-7.1887200E-01,2.08008E+00,9.76562E-03
-7.1885352E-01,2.04102E+00,4.88281E-02
-7.1883504E-01,2.04102E+00,4.88281E-02
-7.1881656E-01,2.02148E+00,9.76562E-03
-7.1879808E-01,2.02148E+00,4.88281E-02
-7.1877960E-01,2.04102E+00,9.76562E-03
-7.1876112E-01,2.11914E+00,4.88281E-02
-7.1874264E-01,2.06055E+00,9.76562E-03
-7.1872416E-01,2.08008E+00,9.76562E-03
-7.1870568E-01,2.04102E+00,2.92969E-02
-7.1868720E-01,2.02148E+00,2.92969E-02
-7.1866872E-01,2.00195E+00,6.83594E-02
-7.1865024E-01,2.08008E+00,9.76562E-03
-7.1863176E-01,2.00195E+00,6.83594E-02
-7.1861328E-01,2.08008E+00,2.92969E-02
-7.1859480E-01,2.04102E+00,8.78906E-02
-7.1857632E-01,2.08008E+00,4.88281E-02
-7.1855784E-01,2.06055E+00,6.83594E-02
-7.1853936E-01,2.08008E+00,4.88281E-02
-7.1852088E-01,2.08008E+00,1.26953E-01
-7.1850240E-01,2.08008E+00,4.88281E-02
-7.1848392E-01,2.06055E+00,9.76562E-03
-7.1846544E-01,2.13867E+00,4.88281E-02
-7.1844696E-01,2.06055E+00,2.92969E-02
-7.1842848E-01,2.08008E+00,4.88281E-02
-7.1841000E-01,2.00195E+00,9.76562E-03
-7.1839152E-01,2.08008E+00,9.76562E-03
-7.1837304E-01,2.09961E+00,4.88281E-02
-7.1835456E-01,2.08008E+00,2.92969E-02
-7.1833608E-01,2.08008E+00,4.88281E-02
-7.1831760E-01,2.08008E+00,4.88281E-02
-7.1829912E-01,2.00195E+00,2.92969E-02
-7.1828064E-01,2.13867E+00,2.92969E-02
-7.1826216E-01,2.08008E+00,6.83594E-02
-7.1824368E-01,2.04102E+00,6.83594E-02
-7.1822520E-01,2.00195E+00,4.88281E-02
-7.1820672E-01,2.04102E+00,6.83594E-02
-7.1818824E-01,2.06055E+00,4.88281E-02
-7.1816976E-01,2.02148E+00,4.88281E-02
-7.1815128E-01,2.08008E+00,4.88281E-02
-7.1813280E-01,2.08008E+00,9.76562E-03
-7.1811432E-01,2.02148E+00,6.83594E-02
-7.1809584E-01,2.06055E+00,9.76562E-03
-7.1807736E-01,2.04102E+00,2.92969E-02
-7.1805888E-01,2.08008E+00,2.92969E-02
-7.1804040E-01,2.04102E+00,1.26953E-01
-7.1802192E-01,2.02148E+00,9.76562E-03
-7.1800344E-01,1.98242E+00,1.07422E-01
-7.1798496E-01,2.02148E+00,-9.76562E-03
-7.1796648E-01,2.06055E+00,9.76562E-03
-7.1794800E-01,2.08008E+00,-9.76562E-03
-7.1792952E-01,2.02148E+00,2.92969E-02
-7.1791104E-01,2.00195E+00,-2.92969E-02
-7.1789256E-01,2.08008E+00,8.78906E-02
-7.1787408E-01,2.08008E+00,6.83594E-02
-7.1785560E-01,2.04102E+00,9.76562E-03
-7.1783712E-01,2.17773E+00,9.76562E-03
-7.1781864E-01,2.00195E+00,6.83594E-02
-7.1780016E-01,2.11914E+00,9.76562E-03
-7.1778168E-01,2.02148E+00,9.76562E-03
-7.1776320E-01,2.08008E+00,9.76562E-03
-7.1774472E-01,2.08008E+00,2.92969E-02
-7.1772624E-01,2.09961E+00,2.92969E-02
-7.1770776E-01,2.08008E+00,6.83594E-02
-7.1768928E-01,2.06055E+00,2.92969E-02
-7.1767080E-01,2.04102E+00,2.92969E-02
-7.1765232E-01,2.04102E+00,4.88281E-02
-7.1763384E-01,2.00195E+00,9.76562E-03
-7.1761536E-01,2.09961E+00,2.92969E-02
-7.1759688E-01,2.06055E+00,4.88281E-02
-7.1757840E-01,2.06055E+00,9.76562E-03
-7.1755992E-01,2.09961E+00,1.07422E-01
-7.1754144E-01,2.11914E+00,9.76562E-03
-7.1752296E-01,2.08008E+00,4.88281E-02
-7.1750448E-01,2.09961E+00,4.88281E-02
-7.1748600E-01,2.02148E+00,6.83594E-02
-7.1746752E-01,2.08008E+00,2.92969E-02
-7.1744904E-01,2.02148E+00,4.88281E-02
-7.1743056E-01,2.08008E+00,-9.76562E-03
-7.1741208E-01,2.08008E+00,2.92969E-02
-7.1739360E-01,2.06055E+00,4.88281E-02
-7.1737512E-01,2.00195E+00,4.88281E-02
-7.1735664E-01,2.04102E+00,9.76562E-03
-7.1733816E-01,2.04102E+00,1.07422E-01
-7.1731968E-01,2.08008E+00,-4.88281E-02
-7.1730120E-01,2.00195E+00,4.88281E-02
-7.1728272E-01,2.02148E+00,-4.88281E-02
-7.1726424E-01,2.09961E+00,2.92969E-02
-7.1724576E-01,2.09961E+00,9.76562E-03
-7.1722728E-01,2.13867E+00,9.76562E-03
-7.1720880E-01,2.08008E+00,4.88281E-02
-7.1719032E-01,2.08008E+00,2.92969E-02
-7.1717184E-01,2.08008E+00,9.76562E-03
-7.1715336E-01,2.06055E+00,9.76562E-03
-7.1713488E-01,2.15820E+00,4.88281E-02
-7.1711640E-01,2.04102E+00,2.92969E-02
-7.1709792E-01,2.06055E+00,-2.92969E-02
-7.1707944E-01,2.06055E+00,4.88281E-02
-7.1706096E-01,2.02148E+00,4.88281E-02
-7.1704248E-01,2.04102E+00,2.92969E-02
-7.1702400E-01,2.04102E+00,9.76562E-03
-7.1700552E-01,1.96289E+00,2.92969E-02
-7.1698704E-01,2.08008E+00,6.83594E-02
-7.1696856E-01,2.00195E+00,9.76562E-03
-7.1695008E-01,2.08008E+00,9.76562E-03
-7.1693160E-01,2.08008E+00,2.92969E-02
-7.1691312E-01,2.08008E+00,2.92969E-02
-7.1689464E-01,2.08008E+00,9.76562E-03
-7.1687616E-01,2.09961E+00,4.88281E-02
-7.1685768E-01,2.04102E+00,8.78906E-02
-7.1683920E-01,2.09961E+00,9.76562E-03
-7.1682072E-01,2.08008E+00,2.92969E-02
-7.1680224E-01,2.04102E+00,4.88281E-02
-7.1678376E-01,2.08008E+00,8.78906E-02
-7.1676528E-01,2.08008E+00,4.88281E-02
-7.1674680E-01,2.09961E+00,2.92969E-02
-7.1672832E-01,2.08008E+00,9.76562E-03
-7.1670984E-01,2.08008E+00,9.76562E-03
-7.1669136E-01,2.02148E+00,9.76562E-03
-7.1667288E-01,2.11914E+00,4.88281E-02
-7.1665440E-01,2.06055E+00,6.83594E-02
-7.1663592E-01,2.02148E+00,2.92969E-02
-7.1661744E-01,2.08008E+00,4.88281E-02
-7.1659896E-01,2.08008E+00,2.92969E-02
-7.1658048E-01,2.09961E+00,2.92969E-02
-7.1656200E-01,2.06055E+00,6.83594E-02
-7.1654352E-01,2.08008E+00,2.92969E-02
-7.1652504E-01,2.04102E+00,2.92969E-02
-7.1650656E-01,2.13867E+00,4.88281E-02
-7.1648808E-01,2.11914E+00,4.88281E-02
-7.1646960E-01,2.02148E+00,-9.76562E-03
-7.1645112E-01,2.09961E+00,2.92969E-02
-7.1643264E-01,2.08008E+00,-2.92969E-02
-7.1641416E-01,2.08008E+00,6.83594E-02
-7.1639568E-01,2.08008E+00,9.76562E-03
-7.1637720E-01,2.08008E+00,2.92969E-02
-7.1635872E-01,2.08008E+00,6.83594E-02
-7.1634024E-01,2.08008E+00,8.78906E-02
-7.1632176E-01,2.09961E+00,2.92969E-02
-7.1630328E-01,2.08008E+00,9.76562E-03
-7.1628480E-01,2.02148E+00,2.92969E-02
-7.1626632E-01,2.13867E+00,9.76562E-03
-7.1624784E-01,2.06055E+00,2.92969E-02
-7.1622936E-01,2.08008E+00,6.83594E-02
-7.1621088E-01,2.08008E+00,9.76562E-03
-7.1619240E-01,2.11914E+00,4.88281E-02
-7.1617392E-01,2.04102E+00,-9.76562E-03
-7.1615544E-01,2.06055E+00,2.92969E-02
-7.1613696E-01,2.11914E+00,9.76562E-03
-7.1611848E-01,2.02148E+00,2.92969E-02
-7.1610000E-01,2.08008E+00,9.76562E-03
-7.1608152E-01,2.08008E+00,2.92969E-02
-7.1606304E-01,2.08008E+00,6.83594E-02
-7.1604456E-01,2.02148E+00,2.92969E-02
-7.1602608E-01,2.08008E+00,-9.76562E-03
-7.1600760E-01,2.08008E+00,2.92969E-02
-7.1598912E-01,2.04102E+00,9.76562E-03
-7.1597064E-01,2.04102E+00,2.92969E-02
-7.1595216E-01,2.04102E+00,9.76562E-03
-7.1593368E-01,2.08008E+00,2.92969E-02
-7.1591520E-01,2.08008E+00,4.88281E-02
-7.1589672E-01,2.06055E+00,2.92969E-02
-7.1587824E-01,2.09961E+00,-9.76562E-03
-7.1585976E-01,2.02148E+00,2.92969E-02
-7.1584128E-01,2.08008E+00,4.88281E-02
-7.1582280E-01,2.09961E+00,4.88281E-02
-7.1580432E-01,1.98242E+00,6.83594E-02
-7.1578584E-01,2.08008E+00,9.76562E-03
-7.1576736E-01,2.09961E+00,4.88281E-02
-7.1574888E-01,2.08008E+00,4.88281E-02
-7.1573040E-01,2.04102E+00,4.88281E-02
-7.1571192E-01,2.04102E+00,9.76562E-03
-7.1569344E-01,2.04102E+00,2.92969E-02
-7.1567496E-01,2.09961E+00,-9.76562E-03
-7.1565648E-01,2.09961E+00,6.83594E-02
-7.1563800E-01,2.02148E+00,-9.76562E-03
-7.1561952E-01,2.08008E+00,9.76562E-03
-7.1560104E-01,2.08008E+00,4.88281E-02
-7.1558256E-01,2.06055E+00,4.88281E-02
-7.1556408E-01,2.08008E+00,4.88281E-02
-7.1554560E-01,2.11914E+00,2.92969E-02
-7.1552712E-01,2.04102E+00,2.92969E-02
-7.1550864E-01,2.02148E+00,9.76562E-03
-7.1549016E-01,2.02148E+00,9.76562E-03
-7.1547168E-01,2.09961E+00,8.78906E-02
-7.1545320E-01,2.02148E+00,2.92969E-02
-7.1543472E-01,2.09961E+00,2.92969E-02
-7.1541624E-01,2.06055E+00,4.88281E-02
-7.1539776E-01,2.08008E+00,8.78906E-02
-7.1537928E-01,2.02148E+00,4.88281E-02
-7.1536080E-01,2.08008E+00,2.92969E-02
-7.1534232E-01,2.11914E+00,2.92969E-02
-7.1532384E-01,2.06055E+00,-9.76562E-03
-7.1530536E-01,2.06055E+00,4.88281E-02
-7.1528688E-01,2.02148E+00,-9.76562E-03
-7.1526840E-01,2.06055E+00,9.76562E-03
-7.1524992E-01,2.15820E+00,9.76562E-03
-7.1523144E-01,2.08008E+00,2.92969E-02
-7.1521296E-01,2.09961E+00,9.76562E-03
-7.1519448E-01,2.06055E+00,2.92969E-02
-7.1517600E-01,2.09961E+00,9.76562E-03
-7.1515752E-01,2.02148E+00,2.92969E-02
-7.1513904E-01,2.09961E+00,2.92969E-02
-7.1512056E-01,2.11914E+00,6.83594E-02
-7.1510208E-01,2.15820E+00,9.76562E-03
-7.1508360E-01,2.15820E+00,4.88281E-02
-7.1506512E-01,2.09961E+00,2.92969E-02
-7.1504664E-01,2.02148E+00,6.83594E-02
-7.1502816E-01,2.02148E+00,-9.76562E-03
-7.1500968E-01,2.08008E+00,8.78906E-02
-7.1499120E-01,2.08008E+00,-9.76562E-03
-7.1497272E-01,2.08008E+00,6.83594E-02
-7.1495424E-01,2.13867E+00,4.88281E-02
-7.1493576E-01,2.04102E+00,1.26953E-01
-7.1491728E-01,2.13867E+00,4.88281E-02
-7.1489880E-01,2.06055E+00,4.88281E-02
-7.1488032E-01,2.06055E+00,9.76562E-03
-7.1486184E-01,2.02148E+00,4.88281E-02
-7.1484336E-01,2.08008E+00,6.83594E-02
-7.1482488E-01,2.08008E+00,-2.92969E-02
-7.1480640E-01,2.08008E+00,-9.76562E-03
-7.1478792E-01,2.13867E+00,2.92969E-02
-7.1476944E-01,2.08008E+00,9.76562E-03
-7.1475096E-01,2.00195E+00,9.76562E-03
-7.1473248E-01,2.13867E+00,4.88281E-02
-7.1471400E-01,2.06055E+00,6.83594E-02
-7.1469552E-01,2.13867E+00,4.88281E-02
-7.1467704E-01,2.00195E+00,2.92969E-02
-7.1465856E-01,2.08008E+00,-9.76562E-03
-7.1464008E-01,2.06055E+00,8.78906E-02
-7.1462160E-01,2.08008E+00,-9.76562E-03
-7.1460312E-01,2.02148E+00,2.92969E-02
-7.1458464E-01,2.08008E+00,2.92969E-02
-7.1456616E-01,2.09961E+00,8.78906E-02
-7.1454768E-01,2.02148E+00,2.92969E-02
-7.1452920E-01,2.04102E+00,4.88281E-02
-7.1451072E-01,2.08008E+00,-9.76562E-03
-7.1449224E-01,1.98242E+00,2.92969E-02
-7.1447376E-01,2.15820E+00,4.88281E-02
-7.1445528E-01,2.06055E+00,4.88281E-02
-7.1443680E-01,2.08008E+00,9.76562E-03
-7.1441832E-01,2.09961E+00,2.92969E-02
-7.1439984E-01,2.11914E+00,1.07422E-01
-7.1438136E-01,2.13867E+00,1.07422E-01
-7.1436288E-01,2.13867E+00,2.92969E-02
-7.1434440E-01,2.08008E+00,-2.92969E-02
-7.1432592E-01,2.04102E+00,9.76562E-03
-7.1430744E-01,2.08008E+00,4.88281E-02
-7.1428896E-01,2.09961E+00,8.78906E-02
-7.1427048E-01,2.09961E+00,4.88281E-02
-7.1425200E-01,2.04102E+00,4.88281E-02
-7.1423352E-01,2.04102E+00,6.83594E-02
-7.1421504E-01,2.17773E+00,4.88281E-02
-7.1419656E-01,2.08008E+00,4.88281E-02
-7.1417808E-01,2.08008E+00,2.92969E-02
-7.1415960E-01,2.08008E+00,4.88281E-02
-7.1414112E-01,2.13867E+00,9.76562E-03
-7.1412264E-01,2.13867E+00,6.83594E-02
-7.1410416E-01,2.08008E+00,4.88281E-02
-7.1408568E-01,2.02148E+00,9.76562E-03
-7.1406720E-01,2.08008E+00,6.83594E-02
-7.1404872E-01,2.02148E+00,4.88281E-02
-7.1403024E-01,2.13867E+00,2.92969E-02
-7.1401176E-01,2.13867E+00,6.83594E-02
-7.1399328E-01,2.08008E+00,4.88281E-02
-7.1397480E-01,2.00195E+00,6.83594E-02
-7.1395632E-01,2.11914E+00,4.88281E-02
-7.1393784E-01,2.00195E+00,6.83594E-02
-7.1391936E-01,2.08008E+00,4.88281E-02
-7.1390088E-01,2.08008E+00,6.83594E-02
-7.1388240E-01,2.08008E+00,-9.76562E-03
-7.1386392E-01,2.08008E+00,9.76562E-03
-7.1384544E-01,2.15820E+00,9.76562E-03
-7.1382696E-01,2.09961E+00,-9.76562E-03
-7.1380848E-01,2.06055E+00,4.88281E-02
-7.1379000E-01,2.06055E+00,6.83594E-02
-7.1377152E-01,2.08008E+00,-9.76562E-03
-7.1375304E-01,2.11914E+00,-4.88281E-02
-7.1373456E-01,2.08008E+00,2.92969E-02
-7.1371608E-01,2.04102E+00,4.88281E-02
-7.1369760E-01,2.02148E+00,-9.76562E-03
-7.1367912E-01,2.08008E+00,2.92969E-02
-7.1366064E-01,2.09961E+00,9.76562E-03
-7.1364216E-01,2.02148E+00,2.92969E-02
-7.1362368E-01,2.02148E+00,4.88281E-02
-7.1360520E-01,2.11914E+00,6.83594E-02
-7.1358672E-01,2.06055E+00,2.92969E-02
-7.1356824E-01,2.11914E+00,4.88281E-02
-7.1354976E-01,2.02148E+00,9.76562E-03
-7.1353128E-01,2.00195E+00,9.76562E-03
-7.1351280E-01,2.08008E+00,9.76562E-03
-7.1349432E-01,2.09961E+00,4.88281E-02
-7.1347584E-01,2.08008E+00,9.76562E-03
-7.1345736E-01,2.13867E+00,6.83594E-02
-7.1343888E-01,2.08008E+00,4.88281E-02
-7.1342040E-01,2.11914E+00,6.83594E-02
-7.1340192E-01,2.09961E+00,6.83594E-02
-7.1338344E-01,2.08008E+00,2.92969E-02
-7.1336496E-01,2.08008E+00,4.88281E-02
-7.1334648E-01,2.08008E+00,4.88281E-02
-7.1332800E-01,2.08008E+00,-9.76562E-03
-7.1330952E-01,2.08008E+00,9.76562E-03
-7.1329104E-01,2.08008E+00,-9.76562E-03
-7.1327256E-01,2.08008E+00,2.92969E-02
-7.1325408E-01,2.11914E+00,9.76562E-03
-7.1323560E-01,2.00195E+00,-9.76562E-03
-7.1321712E-01,2.08008E+00,9.76562E-03
-7.1319864E-01,2.06055E+00,2.92969E-02
-7.1318016E-01,2.06055E+00,-9.76562E-03
-7.1316168E-01,2.00195E+00,6.83594E-02
-7.1314320E-01,2.00195E+00,4.88281E-02
-7.1312472E-01,2.08008E+00,9.76562E-03
-7.1310624E-01,2.08008E+00,-9.76562E-03
-7.1308776E-01,2.13867E+00,6.83594E-02
-7.1306928E-01,2.08008E+00,4.88281E-02
-7.1305080E-01,2.06055E+00,8.78906E-02
-7.1303232E-01,2.13867E+00,2.92969E-02
-7.1301384E-01,2.04102E+00,2.92969E-02
-7.1299536E-01,2.08008E+00,2.92969E-02
-7.1297688E-01,2.08008E+00,2.92969E-02
-7.1295840E-01,2.06055E+00,9.76562E-03
-7.1293992E-01,2.08008E+00,8.78906E-02
-7.1292144E-01,2.09961E+00,9.76562E-03
-7.1290296E-01,2.04102E+00,2.92969E-02
-7.1288448E-01,2.06055E+00,2.92969E-02
-7.1286600E-01,2.06055E+00,1.46484E-01
-7.1284752E-01,2.11914E+00,2.92969E-02
-7.1282904E-01,2.00195E+00,2.92969E-02
-7.1281056E-01,2.08008E+00,9.76562E-03
-7.1279208E-01,2.04102E+00,6.83594E-02
-7.1277360E-01,2.13867E+00,-9.76562E-03
-7.1275512E-01,2.11914E+00,2.92969E-02
-7.1273664E-01,2.08008E+00,4.88281E-02
-7.1271816E-01,2.00195E+00,9.76562E-03
-7.1269968E-01,2.09961E+00,-9.76562E-03
-7.1268120E-01,2.08008E+00,6.83594E-02
-7.1266272E-01,2.09961E+00,9.76562E-03
-7.1264424E-01,2.08008E+00,6.83594E-02
-7.1262576E-01,2.08008E+00,4.88281E-02
-7.1260728E-01,2.00195E+00,6.83594E-02
-7.1258880E-01,2.11914E+00,9.76562E-03
-7.1257032E-01,2.13867E+00,2.92969E-02
-7.1255184E-01,2.08008E+00,2.92969E-02
-7.1253336E-01,2.09961E+00,8.78906E-02
-7.1251488E-01,2.08008E+00,9.76562E-03
-7.1249640E-01,2.08008E+00,2.92969E-02
-7.1247792E-01,2.17773E+00,-4.88281E-02
-7.1245944E-01,2.08008E+00,6.83594E-02
-7.1244096E-01,2.11914E+00,6.83594E-02
-7.1242248E-01,2.06055E+00,2.92969E-02
-7.1240400E-01,2.13867E+00,4.88281E-02
-7.1238552E-01,2.13867E+00,4.88281E-02
-7.1236704E-01,2.08008E+00,6.83594E-02
-7.1234856E-01,2.11914E+00,4.88281E-02
-7.1233008E-01,2.13867E+00,-9.76562E-03
-7.1231160E-01,2.08008E+00,2.92969E-02
-7.1229312E-01,2.11914E+00,4.88281E-02
-7.1227464E-01,2.08008E+00,1.26953E-01
-7.1225616E-01,2.09961E+00,9.76562E-03
-7.1223768E-01,2.08008E+00,4.88281E-02
-7.1221920E-01,2.11914E+00,2.92969E-02
-7.1220072E-01,2.13867E+00,4.88281E-02
-7.1218224E-01,2.09961E+00,-2.92969E-02
-7.1216376E-01,2.00195E+00,6.83594E-02
-7.1214528E-01,2.11914E+00,-2.92969E-02
-7.1212680E-01,2.08008E+00,4.88281E-02
-7.1210832E-01,2.08008E+00,4.88281E-02
-7.1208984E-01,2.08008E+00,8.78906E-02
-7.1207136E-01,2.09961E+00,2.92969E-02
-7.1205288E-01,2.09961E+00,9.76562E-03
-7.1203440E-01,2.09961E+00,4.88281E-02
-7.1201592E-01,2.11914E+00,-4.88281E-02
-7.1199744E-01,2.08008E+00,6.83594E-02
-7.1197896E-01,2.08008E+00,2.92969E-02
-7.1196048E-01,2.06055E+00,9.76562E-03
-7.1194200E-01,2.08008E+00,4.88281E-02
-7.1192352E-01,2.04102E+00,-9.76562E-03
-7.1190504E-01,2.13867E+00,9.76562E-03
-7.1188656E-01,2.11914E+00,-9.76562E-03
-7.1186808E-01,2.09961E+00,4.88281E-02
-7.1184960E-01,2.09961E+00,4.88281E-02
-7.1183112E-01,2.09961E+00,6.83594E-02
-7.1181264E-01,2.08008E+00,4.88281E-02
-7.1179416E-01,2.08008E+00,9.76562E-03
-7.1177568E-01,2.15820E+00,9.76562E-03
-7.1175720E-01,2.02148E+00,6.83594E-02
-7.1173872E-01,2.08008E+00,4.88281E-02
-7.1172024E-01,2.08008E+00,2.92969E-02
-7.1170176E-01,2.13867E+00,9.76562E-03
-7.1168328E-01,2.08008E+00,6.83594E-02
-7.1166480E-01,2.08008E+00,9.76562E-03
-7.1164632E-01,2.06055E+00,6.83594E-02
-7.1162784E-01,2.11914E+00,6.83594E-02
-7.1160936E-01,2.13867E+00,9.76562E-03
-7.1159088E-01,2.11914E+00,4.88281E-02
-7.1157240E-01,2.08008E+00,6.83594E-02
-7.1155392E-01,2.09961E+00,-4.88281E-02
-7.1153544E-01,2.08008E+00,2.92969E-02
-7.1151696E-01,2.08008E+00,6.83594E-02
-7.1149848E-01,2.02148E+00,8.78906E-02
-7.1148000E-01,2.09961E+00,2.92969E-02
-7.1146152E-01,2.06055E+00,2.92969E-02
-7.1144304E-01,2.08008E+00,-2.92969E-02
-7.1142456E-01,2.06055E+00,2.92969E-02
-7.1140608E-01,2.11914E+00,-9.76562E-03
-7.1138760E-01,2.09961E+00,4.88281E-02
-7.1136912E-01,2.08008E+00,2.92969E-02
-7.1135064E-01,2.08008E+00,2.92969E-02
-7.1133216E-01,2.09961E+00,2.92969E-02
-7.1131368E-01,2.08008E+00,1.07422E-01
-7.1129520E-01,2.08008E+00,6.83594E-02
-7.1127672E-01,2.08008E+00,-4.88281E-02
-7.1125824E-01,2.08008E+00,6.83594E-02
-7.1123976E-01,2.09961E+00,2.92969E-02
-7.1122128E-01,2.11914E+00,4.88281E-02
-7.1120280E-01,2.17773E+00,4.88281E-02
-7.1118432E-01,2.00195E+00,2.92969E-02
-7.1116584E-01,2.08008E+00,9.76562E-03
-7.1114736E-01,2.08008E+00,1.26953E-01
-7.1112888E-01,2.02148E+00,4.88281E-02
-7.1111040E-01,2.08008E+00,6.83594E-02
-7.1109192E-01,2.09961E+00,4.88281E-02
-7.1107344E-01,2.08008E+00,-9.76562E-03
-7.1105496E-01,2.15820E+00,-4.88281E-02
-7.1103648E-01,2.13867E+00,4.88281E-02
-7.1101800E-01,2.11914E+00,9.76562E-03
-7.1099952E-01,2.08008E+00,9.76562E-03
-7.1098104E-01,2.08008E+00,6.83594E-02
-7.1096256E-01,2.09961E+00,4.88281E-02
-7.1094408E-01,2.00195E+00,2.92969E-02
-7.1092560E-01,2.08008E+00,9.76562E-03
-7.1090712E-01,2.08008E+00,2.92969E-02
-7.1088864E-01,2.09961E+00,2.92969E-02
-7.1087016E-01,2.04102E+00,4.88281E-02
-7.1085168E-01,2.11914E+00,6.83594E-02
-7.1083320E-01,2.08008E+00,2.92969E-02
-7.1081472E-01,2.11914E+00,6.83594E-02
-7.1079624E-01,2.02148E+00,9.76562E-03
-7.1077776E-01,2.13867E+00,-9.76562E-03
-7.1075928E-01,2.08008E+00,2.92969E-02
-7.1074080E-01,2.08008E+00,4.88281E-02
-7.1072232E-01,2.13867E+00,2.92969E-02
-7.1070384E-01,2.00195E+00,9.76562E-03
-7.1068536E-01,2.06055E+00,9.76562E-03
-7.1066688E-01,2.13867E+00,2.92969E-02
-7.1064840E-01,2.02148E+00,6.83594E-02
-7.1062992E-01,2.08008E+00,8.78906E-02
-7.1061144E-01,2.08008E+00,6.83594E-02
-7.1059296E-01,2.11914E+00,2.92969E-02
-7.1057448E-01,2.06055E+00,8.78906E-02
-7.1055600E-01,2.09961E+00,4.88281E-02
-7.1053752E-01,2.11914E+00,1.26953E-01
-7.1051904E-01,2.09961E+00,9.76562E-03
-7.1050056E-01,2.08008E+00,1.07422E-01
-7.1048208E-01,2.09961E+00,2.92969E-02
-7.1046360E-01,2.04102E+00,2.92969E-02
-7.1044512E-01,2.09961E+00,8.78906E-02
-7.1042664E-01,2.08008E+00,6.83594E-02
-7.1040816E-01,2.08008E+00,2.92969E-02
-7.1038968E-01,2.08008E+00,2.92969E-02
-7.1037120E-01,2.09961E+00,4.88281E-02
-7.1035272E-01,2.00195E+00,4.88281E-02
-7.1033424E-01,2.11914E+00,9.76562E-03
-7.1031576E-01,2.02148E+00,6.83594E-02
-7.1029728E-01,2.11914E+00,2.92969E-02
-7.1027880E-01,2.09961E+00,6.83594E-02
-7.1026032E-01,2.13867E+00,9.76562E-03
-7.1024184E-01,2.08008E+00,2.92969E-02
-7.1022336E-01,2.08008E+00,6.83594E-02
-7.1020488E-01,2.02148E+00,6.83594E-02
-7.1018640E-01,2.09961E+00,6.83594E-02
-7.1016792E-01,2.08008E+00,2.92969E-02
-7.1014944E-01,2.11914E+00,9.76562E-03
-7.1013096E-01,2.13867E+00,4.88281E-02
-7.1011248E-01,2.06055E+00,6.83594E-02
-7.1009400E-01,2.11914E+00,6.83594E-02
-7.1007552E-01,2.23633E+00,2.92969E-02
-7.1005704E-01,2.02148E+00,6.83594E-02
-7.1003856E-01,2.17773E+00,9.76562E-03
-7.1002008E-01,2.08008E+00,6.83594E-02
-7.1000160E-01,2.06055E+00,4.88281E-02
-7.0998312E-01,2.06055E+00,4.88281E-02
-7.0996464E-01,2.08008E+00,1.26953E-01
-7.0994616E-01,2.00195E+00,4.88281E-02
-7.0992768E-01,2.08008E+00,1.07422E-01
-7.0990920E-01,2.08008E+00,6.83594E-02
-7.0989072E-01,2.11914E+00,6.83594E-02
-7.0987224E-01,2.11914E+00,6.83594E-02
-7.0985376E-01,2.09961E+00,9.76562E-03
-7.0983528E-01,2.11914E+00,4.88281E-02
-7.0981680E-01,2.08008E+00,4.88281E-02
-7.0979832E-01,2.06055E+00,6.83594E-02
-7.0977984E-01,2.06055E+00,9.76562E-03
-7.0976136E-01,2.04102E+00,2.92969E-02
-7.0974288E-01,2.11914E+00,9.76562E-03
-7.0972440E-01,2.15820E+00,2.92969E-02
-7.0970592E-01,2.13867E+00,2.92969E-02
-7.0968744E-01,2.04102E+00,4.88281E-02
-7.0966896E-01,2.04102E+00,-2.92969E-02
-7.0965048E-01,2.08008E+00,9.76562E-03
-7.0963200E-01,2.13867E+00,9.76562E-03
-7.0961352E-01,2.09961E+00,2.92969E-02
-7.0959504E-01,2.09961E+00,9.76562E-03
-7.0957656E-01,2.13867E+00,2.92969E-02
-7.0955808E-01,2.08008E+00,6.83594E-02
-7.0953960E-01,2.02148E+00,8.78906E-02
-7.0952112E-01,2.09961E+00,2.92969E-02
-7.0950264E-01,2.02148E+00,1.26953E-01
-7.0948416E-01,2.02148E+00,-9.76562E-03
-7.0946568E-01,2.06055E+00,6.83594E-02
-7.0944720E-01,2.02148E+00,-9.76562E-03
-7.0942872E-01,2.06055E+00,8.78906E-02
-7.0941024E-01,2.17773E+00,4.88281E-02
-7.0939176E-01,2.13867E+00,1.07422E-01
-7.0937328E-01,2.08008E+00,9.76562E-03
-7.0935480E-01,2.06055E+00,8.78906E-02
-7.0933632E-01,2.11914E+00,9.76562E-03
-7.0931784E-01,2.06055E+00,4.88281E-02
-7.0929936E-01,2.09961E+00,2.92969E-02
-7.0928088E-01,2.09961E+00,6.83594E-02
-7.0926240E-01,2.06055E+00,4.88281E-02
-7.0924392E-01,2.13867E+00,6.83594E-02
-7.0922544E-01,2.09961E+00,2.92969E-02
-7.0920696E-01,2.13867E+00,8.78906E-02
-7.0918848E-01,2.09961E+00,4.88281E-02
-7.0917000E-01,2.06055E+00,6.83594E-02
-7.0915152E-01,2.08008E+00,2.92969E-02
-7.0913304E-01,2.08008E+00,2.92969E-02
-7.0911456E-01,2.11914E+00,9.76562E-03
-7.0909608E-01,2.08008E+00,6.83594E-02
-7.0907760E-01,2.08008E+00,9.76562E-03
-7.0905912E-01,2.08008E+00,9.76562E-03
-7.0904064E-01,2.13867E+00,9.76562E-03
-7.0902216E-01,2.09961E+00,8.78906E-02
-7.0900368E-01,2.19727E+00,2.92969E-02
-7.0898520E-01,2.08008E+00,4.88281E-02
-7.0896672E-01,2.06055E+00,9.76562E-03
-7.0894824E-01,2.08008E+00,2.92969E-02
-7.0892976E-01,2.08008E+00,-9.76562E-03
-7.0891128E-01,2.06055E+00,6.83594E-02
-7.0889280E-01,2.08008E+00,4.88281E-02
-7.0887432E-01,2.04102E+00,2.92969E-02
-7.0885584E-01,2.08008E+00,4.88281E-02
-7.0883736E-01,2.06055E+00,6.83594E-02
-7.0881888E-01,2.11914E+00,4.88281E-02
-7.0880040E-01,2.06055E+00,9.76562E-03
-7.0878192E-01,2.08008E+00,2.92969E-02
-7.0876344E-01,2.08008E+00,4.88281E-02
-7.0874496E-01,2.08008E+00,-9.76562E-03
-7.0872648E-01,2.08008E+00,4.88281E-02
-7.0870800E-01,2.08008E+00,2.92969E-02
-7.0868952E-01,2.02148E+00,2.92969E-02
-7.0867104E-01,2.08008E+00,9.76562E-03
-7.0865256E-01,2.08008E+00,2.92969E-02
-7.0863408E-01,2.08008E+00,9.76562E-03
-7.0861560E-01,2.08008E+00,4.88281E-02
-7.0859712E-01,2.08008E+00,4.88281E-02
-7.0857864E-01,2.06055E+00,6.83594E-02
-7.0856016E-01,2.08008E+00,4.88281E-02
-7.0854168E-01,2.08008E+00,1.07422E-01
-7.0852320E-01,2.11914E+00,8.78906E-02
-7.0850472E-01,2.13867E+00,2.92969E-02
-7.0848624E-01,2.11914E+00,4.88281E-02
-7.0846776E-01,2.08008E+00,6.83594E-02
-7.0844928E-01,2.09961E+00,2.92969E-02
-7.0843080E-01,2.09961E+00,4.88281E-02
-7.0841232E-01,2.06055E+00,9.76562E-03
-7.0839384E-01,2.11914E+00,6.83594E-02
-7.0837536E-01,2.08008E+00,2.92969E-02
-7.0835688E-01,2.08008E+00,2.92969E-02
-7.0833840E-01,2.08008E+00,9.76562E-03
-7.0831992E-01,2.11914E+00,9.76562E-03
-7.0830144E-01,2.09961E+00,9.76562E-03
-7.0828296E-01,2.06055E+00,6.83594E-02
-7.0826448E-01,2.11914E+00,9.76562E-03
-7.0824600E-01,2.11914E+00,1.07422E-01
-7.0822752E-01,2.08008E+00,2.92969E-02
-7.0820904E-01,2.04102E+00,9.76562E-03
-7.0819056E-01,2.19727E+00,4.88281E-02
-7.0817208E-01,2.13867E+00,6.83594E-02
-7.0815360E-01,2.06055E+00,4.88281E-02
-7.0813512E-01,2.08008E+00,1.07422E-01
-7.0811664E-01,2.08008E+00,-9.76562E-03
-7.0809816E-01,2.08008E+00,-9.76562E-03
-7.0807968E-01,2.08008E+00,6.83594E-02
-7.0806120E-01,2.09961E+00,2.92969E-02
-7.0804272E-01,2.11914E+00,4.88281E-02
-7.0802424E-01,2.09961E+00,2.92969E-02
-7.0800576E-01,2.09961E+00,2.92969E-02
-7.0798728E-01,2.04102E+00,6.83594E-02
-7.0796880E-01,2.13867E+00,-9.76562E-03
-7.0795032E-01,2.11914E+00,8.78906E-02
-7.0793184E-01,2.09961E+00,1.07422E-01
-7.0791336E-01,2.08008E+00,4.88281E-02
-7.0789488E-01,2.15820E+00,-9.76562E-03
-7.0787640E-01,2.09961E+00,2.92969E-02
-7.0785792E-01,2.13867E+00,4.88281E-02
-7.0783944E-01,2.13867E+00,9.76562E-03
-7.0782096E-01,2.15820E+00,2.92969E-02
-7.0780248E-01,2.00195E+00,2.92969E-02
-7.0778400E-01,2.17773E+00,9.76562E-03
-7.0776552E-01,2.08008E+00,2.92969E-02
-7.0774704E-01,2.13867E+00,-9.76562E-03
-7.0772856E-01,2.17773E+00,2.92969E-02
-7.0771008E-01,2.13867E+00,2.92969E-02
-7.0769160E-01,2.13867E+00,-9.76562E-03
-7.0767312E-01,2.09961E+00,9.76562E-03
-7.0765464E-01,2.08008E+00,6.83594E-02
-7.0763616E-01,2.08008E+00,4.88281E-02
-7.0761768E-01,2.13867E+00,6.83594E-02
-7.0759920E-01,2.08008E+00,-9.76562E-03
-7.0758072E-01,2.06055E+00,-9.76562E-03
-7.0756224E-01,2.08008E+00,4.88281E-02
-7.0754376E-01,2.11914E+00,9.76562E-03
-7.0752528E-01,2.17773E+00,8.78906E-02
-7.0750680E-01,2.08008E+00,4.88281E-02
-7.0748832E-01,2.15820E+00,2.92969E-02
-7.0746984E-01,2.08008E+00,6.83594E-02
-7.0745136E-01,2.04102E+00,2.92969E-02
-7.0743288E-01,2.08008E+00,2.92969E-02
-7.0741440E-01,2.11914E+00,6.83594E-02
-7.0739592E-01,2.09961E+00,2.92969E-02
-7.0737744E-01,2.08008E+00,2.92969E-02
-7.0735896E-01,2.08008E+00,4.88281E-02
-7.0734048E-01,2.13867E+00,2.92969E-02
-7.0732200E-01,2.13867E+00,6.83594E-02
-7.0730352E-01,2.08008E+00,2.92969E-02
-7.0728504E-01,2.08008E+00,1.07422E-01
-7.0726656E-01,2.13867E+00,4.88281E-02
-7.0724808E-01,2.09961E+00,6.83594E-02
-7.0722960E-01,2.09961E+00,4.88281E-02
-7.0721112E-01,2.13867E+00,4.88281E-02
-7.0719264E-01,2.02148E+00,2.92969E-02
-7.0717416E-01,2.08008E+00,4.88281E-02
-7.0715568E-01,2.15820E+00,2.92969E-02
-7.0713720E-01,2.08008E+00,2.92969E-02
-7.0711872E-01,2.09961E+00,8.78906E-02
-7.0710024E-01,2.15820E+00,2.92969E-02
-7.0708176E-01,2.08008E+00,4.88281E-02
-7.0706328E-01,2.04102E+00,9.76562E-03
-7.0704480E-01,2.15820E+00,2.92969E-02
-7.0702632E-01,2.08008E+00,2.92969E-02
-7.0700784E-01,2.13867E+00,-2.92969E-02
-7.0698936E-01,2.00195E+00,4.88281E-02
-7.0697088E-01,2.04102E+00,6.83594E-02
-7.0695240E-01,2.02148E+00,2.92969E-02
-7.0693392E-01,2.09961E+00,4.88281E-02
-7.0691544E-01,2.08008E+00,4.88281E-02
-7.0689696E-01,2.09961E+00,4.88281E-02
-7.0687848E-01,2.02148E+00,6.83594E-02
-7.0686000E-01,2.08008E+00,9.76562E-03
-7.0684152E-01,2.08008E+00,6.83594E-02
-7.0682304E-01,2.08008E+00,9.76562E-03
-7.0680456E-01,2.00195E+00,9.76562E-03
-7.0678608E-01,2.13867E+00,6.83594E-02
-7.0676760E-01,2.08008E+00,8.78906E-02
-7.0674912E-01,2.15820E+00,9.76562E-03
-7.0673064E-01,2.13867E+00,2.92969E-02
-7.0671216E-01,2.15820E+00,4.88281E-02
-7.0669368E-01,2.15820E+00,4.88281E-02
-7.0667520E-01,2.08008E+00,-9.76562E-03
-7.0665672E-01,2.08008E+00,2.92969E-02
-7.0663824E-01,2.13867E+00,9.76562E-03
-7.0661976E-01,2.02148E+00,2.92969E-02
-7.0660128E-01,2.09961E+00,2.92969E-02
-7.0658280E-01,2.04102E+00,4.88281E-02
-7.0656432E-01,2.08008E+00,9.76562E-03
-7.0654584E-01,2.08008E+00,9.76562E-03
-7.0652736E-01,2.13867E+00,2.92969E-02
-7.0650888E-01,2.08008E+00,4.88281E-02
-7.0649040E-01,2.08008E+00,4.88281E-02
-7.0647192E-01,2.08008E+00,4.88281E-02
-7.0645344E-01,2.13867E+00,-2.92969E-02
-7.0643496E-01,2.11914E+00,6.83594E-02
-7.0641648E-01,2.13867E+00,4.88281E-02
-7.0639800E-01,2.08008E+00,-4.88281E-02
-7.0637952E-01,2.09961E+00,2.92969E-02
-7.0636104E-01,2.08008E+00,4.88281E-02
-7.0634256E-01,2.06055E+00,4.88281E-02
-7.0632408E-01,2.13867E+00,2.92969E-02
-7.0630560E-01,2.11914E+00,-2.92969E-02
-7.0628712E-01,2.13867E+00,9.76562E-03
-7.0626864E-01,2.11914E+00,-2.92969E-02
-7.0625016E-01,2.11914E+00,4.88281E-02
-7.0623168E-01,2.13867E+00,4.88281E-02
-7.0621320E-01,2.06055E+00,2.92969E-02
-7.0619472E-01,2.15820E+00,9.76562E-03
-7.0617624E-01,2.08008E+00,2.92969E-02
-7.0615776E-01,2.13867E+00,6.83594E-02
-7.0613928E-01,2.06055E+00,2.92969E-02
-7.0612080E-01,2.09961E+00,2.92969E-02
-7.0610232E-01,2.06055E+00,8.78906E-02
-7.0608384E-01,2.06055E+00,2.92969E-02
-7.0606536E-01,2.11914E+00,6.83594E-02
-7.0604688E-01,2.13867E+00,9.76562E-03
-7.0602840E-01,2.06055E+00,9.76562E-03
-7.0600992E-01,2.08008E+00,9.76562E-03
-7.0599144E-01,2.08008E+00,9.76562E-03
-7.0597296E-01,2.15820E+00,6.83594E-02
-7.0595448E-01,2.13867E+00,9.76562E-03
-7.0593600E-01,2.09961E+00,4.88281E-02
-7.0591752E-01,2.21680E+00,9.76562E-03
-7.0589904E-01,2.08008E+00,1.07422E-01
-7.0588056E-01,2.13867E+00,9.76562E-03
-7.0586208E-01,2.08008E+00,9.76562E-03
-7.0584360E-01,2.06055E+00,-9.76562E-03
-7.0582512E-01,2.09961E+00,6.83594E-02
-7.0580664E-01,2.11914E+00,4.88281E-02
-7.0578816E-01,2.04102E+00,4.88281E-02
-7.0576968E-01,2.13867E+00,1.07422E-01
-7.0575120E-01,2.13867E+00,2.92969E-02
-7.0573272E-01,2.02148E+00,2.92969E-02
-7.0571424E-01,2.08008E+00,4.88281E-02
-7.0569576E-01,2.06055E+00,6.83594E-02
-7.0567728E-01,2.13867E+00,2.92969E-02
-7.0565880E-01,2.08008E+00,4.88281E-02
-7.0564032E-01,2.08008E+00,9.76562E-03
-7.0562184E-01,2.09961E+00,8.78906E-02
-7.0560336E-01,2.11914E+00,4.88281E-02
-7.0558488E-01,2.09961E+00,2.92969E-02
-7.0556640E-01,2.15820E+00,9.76562E-03
-7.0554792E-01,2.13867E+00,2.92969E-02
-7.0552944E-01,2.08008E+00,-9.76562E-03
-7.0551096E-01,2.13867E+00,6.83594E-02
-7.0549248E-01,2.15820E+00,4.88281E-02
-7.0547400E-01,2.08008E+00,4.88281E-02
-7.0545552E-01,2.09961E+00,2.92969E-02
-7.0543704E-01,2.09961E+00,6.83594E-02
-7.0541856E-01,2.15820E+00,4.88281E-02
-7.0540008E-01,2.06055E+00,4.88281E-02
-7.0538160E-01,2.15820E+00,-9.76562E-03
-7.0536312E-01,2.08008E+00,2.92969E-02
-7.0534464E-01,2.11914E+00,-2.92969E-02
-7.0532616E-01,2.08008E+00,9.76562E-03
-7.0530768E-01,2.11914E+00,2.92969E-02
-7.0528920E-01,2.13867E+00,6.83594E-02
-7.0527072E-01,2.06055E+00,-4.88281E-02
-7.0525224E-01,2.13867E+00,4.88281E-02
-7.0523376E-01,2.13867E+00,2.92969E-02
-7.0521528E-01,2.11914E+00,9.76562E-03
-7.0519680E-01,2.13867E+00,9.76562E-03
-7.0517832E-01,2.19727E+00,2.92969E-02
-7.0515984E-01,2.13867E+00,2.92969E-02
-7.0514136E-01,2.08008E+00,6.83594E-02
-7.0512288E-01,2.09961E+00,2.92969E-02
-7.0510440E-01,2.08008E+00,6.83594E-02
-7.0508592E-01,2.06055E+00,-2.92969E-02
-7.0506744E-01,2.15820E+00,8.78906E-02
-7.0504896E-01,2.08008E+00,6.83594E-02
-7.0503048E-01,2.13867E+00,4.88281E-02
-7.0501200E-01,2.00195E+00,2.92969E-02
-7.0499352E-01,2.06055E+00,6.83594E-02
-7.0497504E-01,2.15820E+00,9.76562E-03
-7.0495656E-01,2.13867E+00,6.83594E-02
-7.0493808E-01,2.09961E+00,4.88281E-02
-7.0491960E-01,2.09961E+00,1.07422E-01
-7.0490112E-01,2.11914E+00,9.76562E-03
-7.0488264E-01,2.11914E+00,2.92969E-02
-7.0486416E-01,2.13867E+00,6.83594E-02
-7.0484568E-01,2.13867E+00,2.92969E-02
-7.0482720E-01,2.15820E+00,-2.92969E-02
-7.0480872E-01,2.11914E+00,6.83594E-02
-7.0479024E-01,2.04102E+00,6.83594E-02
-7.0477176E-01,2.04102E+00,1.07422E-01
-7.0475328E-01,2.17773E+00,6.83594E-02
-7.0473480E-01,2.08008E+00,4.88281E-02
-7.0471632E-01,2.09961E+00,-4.88281E-02
-7.0469784E-01,2.08008E+00,4.88281E-02
-7.0467936E-01,2.11914E+00,4.88281E-02
-7.0466088E-01,2.11914E+00,2.92969E-02
-7.0464240E-01,2.08008E+00,4.88281E-02
-7.0462392E-01,2.19727E+00,9.76562E-03
-7.0460544E-01,2.19727E+00,4.88281E-02
-7.0458696E-01,2.09961E+00,4.88281E-02
-7.0456848E-01,2.13867E+00,2.92969E-02
-7.0455000E-01,2.11914E+00,4.88281E-02
-7.0453152E-01,2.11914E+00,-9.76562E-03
-7.0451304E-01,2.11914E+00,2.92969E-02
-7.0449456E-01,2.15820E+00,9.76562E-03
-7.0447608E-01,2.08008E+00,2.92969E-02
-7.0445760E-01,2.06055E+00,4.88281E-02
-7.0443912E-01,2.13867E+00,4.88281E-02
-7.0442064E-01,2.11914E+00,6.83594E-02
-7.0440216E-01,2.13867E+00,9.76562E-03
-7.0438368E-01,2.08008E+00,9.76562E-03
-7.0436520E-01,2.11914E+00,6.83594E-02
-7.0434672E-01,2.09961E+00,2.92969E-02
-7.0432824E-01,2.13867E+00,4.88281E-02
-7.0430976E-01,2.11914E+00,6.83594E-02
-7.0429128E-01,2.08008E+00,2.92969E-02
-7.0427280E-01,2.15820E+00,-9.76562E-03
-7.0425432E-01,2.15820E+00,4.88281E-02
-7.0423584E-01,2.21680E+00,4.88281E-02
-7.0421736E-01,2.09961E+00,6.83594E-02
-7.0419888E-01,2.09961E+00,9.76562E-03
-7.0418040E-01,2.13867E+00,2.92969E-02
-7.0416192E-01,2.11914E+00,9.76562E-03
-7.0414344E-01,2.09961E+00,6.83594E-02
-7.0412496E-01,2.08008E+00,4.88281E-02
-7.0410648E-01,2.09961E+00,4.88281E-02
-7.0408800E-01,2.06055E+00,4.88281E-02
-7.0406952E-01,2.09961E+00,6.83594E-02
-7.0405104E-01,2.08008E+00,9.76562E-03
-7.0403256E-01,2.13867E+00,2.92969E-02
-7.0401408E-01,2.09961E+00,4.88281E-02
-7.0399560E-01,2.09961E+00,6.83594E-02
-7.0397712E-01,2.17773E+00,-9.76562E-03
-7.0395864E-01,2.13867E+00,2.92969E-02
-7.0394016E-01,2.08008E+00,-4.88281E-02
-7.0392168E-01,2.02148E+00,2.92969E-02
-7.0390320E-01,2.11914E+00,2.92969E-02
-7.0388472E-01,2.11914E+00,9.76562E-03
-7.0386624E-01,2.15820E+00,9.76562E-03
-7.0384776E-01,2.11914E+00,9.76562E-03
-7.0382928E-01,2.04102E+00,4.88281E-02
-7.0381080E-01,2.13867E+00,4.88281E-02
-7.0379232E-01,2.09961E+00,2.92969E-02
-7.0377384E-01,2.08008E+00,2.92969E-02
-7.0375536E-01,2.08008E+00,2.92969E-02
-7.0373688E-01,2.09961E+00,4.88281E-02
-7.0371840E-01,2.15820E+00,4.88281E-02
-7.0369992E-01,2.13867E+00,1.26953E-01
-7.0368144E-01,2.09961E+00,6.83594E-02
-7.0366296E-01,2.08008E+00,-9.76562E-03
-7.0364448E-01,2.17773E+00,2.92969E-02
-7.0362600E-01,2.13867E+00,2.92969E-02
-7.0360752E-01,2.15820E+00,-9.76562E-03
-7.0358904E-01,2.19727E+00,2.92969E-02
-7.0357056E-01,2.11914E+00,4.88281E-02
-7.0355208E-01,2.04102E+00,6.83594E-02
-7.0353360E-01,2.13867E+00,9.76562E-03
-7.0351512E-01,2.08008E+00,9.76562E-03
-7.0349664E-01,2.19727E+00,2.92969E-02
-7.0347816E-01,2.08008E+00,4.88281E-02
-7.0345968E-01,2.11914E+00,4.88281E-02
-7.0344120E-01,2.08008E+00,2.92969E-02
-7.0342272E-01,2.11914E+00,4.88281E-02
-7.0340424E-01,2.09961E+00,9.76562E-03
-7.0338576E-01,2.15820E+00,4.88281E-02
-7.0336728E-01,2.02148E+00,2.92969E-02
-7.0334880E-01,2.13867E+00,9.76562E-03
-7.0333032E-01,2.08008E+00,2.92969E-02
-7.0331184E-01,2.08008E+00,9.76562E-03
-7.0329336E-01,2.08008E+00,4.88281E-02
-7.0327488E-01,2.15820E+00,9.76562E-03
-7.0325640E-01,2.17773E+00,4.88281E-02
-7.0323792E-01,2.11914E+00,9.76562E-03
-7.0321944E-01,2.08008E+00,6.83594E-02
-7.0320096E-01,2.13867E+00,2.92969E-02
-7.0318248E-01,2.08008E+00,1.26953E-01
-7.0316400E-01,2.17773E+00,-4.88281E-02
-7.0314552E-01,2.08008E+00,9.76562E-03
-7.0312704E-01,2.09961E+00,6.83594E-02
-7.0310856E-01,2.06055E+00,6.83594E-02
-7.0309008E-01,2.09961E+00,2.92969E-02
-7.0307160E-01,2.13867E+00,8.78906E-02
-7.0305312E-01,2.11914E+00,9.76562E-03
-7.0303464E-01,2.09961E+00,2.92969E-02
-7.0301616E-01,2.15820E+00,2.92969E-02
-7.0299768E-01,2.04102E+00,4.88281E-02
-7.0297920E-01,2.11914E+00,4.88281E-02
-7.0296072E-01,2.13867E+00,4.88281E-02
-7.0294224E-01,2.21680E+00,2.92969E-02
-7.0292376E-01,2.13867E+00,-9.76562E-03
-7.0290528E-01,2.09961E+00,8.78906E-02
-7.0288680E-01,2.09961E+00,4.88281E-02
-7.0286832E-01,2.11914E+00,9.76562E-03
-7.0284984E-01,2.13867E+00,1.26953E-01
-7.0283136E-01,2.09961E+00,4.88281E-02
-7.0281288E-01,2.08008E+00,6.83594E-02
-7.0279440E-01,2.13867E+00,4.88281E-02
-7.0277592E-01,2.11914E+00,4.88281E-02
-7.0275744E-01,2.11914E+00,9.76562E-03
-7.0273896E-01,2.13867E+00,1.07422E-01
-7.0272048E-01,2.08008E+00,2.92969E-02
-7.0270200E-01,2.13867E+00,1.07422E-01
-7.0268352E-01,2.11914E+00,8.78906E-02
-7.0266504E-01,2.17773E+00,9.76562E-03
-7.0264656E-01,2.15820E+00,2.92969E-02
-7.0262808E-01,2.13867E+00,4.88281E-02
-7.0260960E-01,2.11914E+00,9.76562E-03
-7.0259112E-01,2.08008E+00,2.92969E-02
-7.0257264E-01,2.09961E+00,9.76562E-03
-7.0255416E-01,2.13867E+00,2.92969E-02
-7.0253568E-01,2.11914E+00,9.76562E-03
-7.0251720E-01,2.09961E+00,2.92969E-02
-7.0249872E-01,2.19727E+00,4.88281E-02
-7.0248024E-01,2.11914E+00,4.88281E-02
-7.0246176E-01,2.08008E+00,6.83594E-02
-7.0244328E-01,2.15820E+00,2.92969E-02
-7.0242480E-01,2.08008E+00,9.76562E-03
-7.0240632E-01,2.06055E+00,6.83594E-02
-7.0238784E-01,2.09961E+00,4.88281E-02
-7.0236936E-01,2.11914E+00,6.83594E-02
-7.0235088E-01,2.08008E+00,-9.76562E-03
-7.0233240E-01,2.13867E+00,4.88281E-02
-7.0231392E-01,2.13867E+00,6.83594E-02
-7.0229544E-01,2.13867E+00,2.92969E-02
-7.0227696E-01,2.11914E+00,2.92969E-02
-7.0225848E-01,2.17773E+00,6.83594E-02
-7.0224000E-01,2.08008E+00,6.83594E-02
-7.0222152E-01,2.11914E+00,2.92969E-02
-7.0220304E-01,2.15820E+00,4.88281E-02
-7.0218456E-01,2.11914E+00,2.92969E-02
-7.0216608E-01,2.21680E+00,9.76562E-03
-7.0214760E-01,2.13867E+00,4.88281E-02
-7.0212912E-01,2.11914E+00,2.92969E-02
-7.0211064E-01,2.08008E+00,8.78906E-02
-7.0209216E-01,2.08008E+00,4.88281E-02
-7.0207368E-01,2.08008E+00,4.88281E-02
-7.0205520E-01,2.02148E+00,-2.92969E-02
-7.0203672E-01,2.06055E+00,4.88281E-02
-7.0201824E-01,2.11914E+00,2.92969E-02
-7.0199976E-01,2.08008E+00,9.76562E-03
-7.0198128E-01,2.17773E+00,-9.76562E-03
-7.0196280E-01,2.06055E+00,4.88281E-02
-7.0194432E-01,2.17773E+00,2.92969E-02
-7.0192584E-01,2.08008E+00,-9.76562E-03
-7.0190736E-01,2.09961E+00,9.76562E-03
-7.0188888E-01,2.08008E+00,6.83594E-02
-7.0187040E-01,2.13867E+00,2.92969E-02
-7.0185192E-01,2.13867E+00,4.88281E-02
-7.0183344E-01,2.11914E+00,9.76562E-03
-7.0181496E-01,2.08008E+00,9.76562E-03
-7.0179648E-01,2.11914E+00,9.76562E-03
-7.0177800E-01,2.08008E+00,6.83594E-02
-7.0175952E-01,2.15820E+00,9.76562E-03
-7.0174104E-01,2.13867E+00,2.92969E-02
-7.0172256E-01,2.09961E+00,6.83594E-02
-7.0170408E-01,2.11914E+00,8.78906E-02
-7.0168560E-01,2.11914E+00,9.76562E-03
-7.0166712E-01,2.13867E+00,6.83594E-02
-7.0164864E-01,2.15820E+00,4.88281E-02
-7.0163016E-01,2.11914E+00,9.76562E-03
-7.0161168E-01,2.15820E+00,-9.76562E-03
-7.0159320E-01,2.11914E+00,8.78906E-02
-7.0157472E-01,2.09961E+00,2.92969E-02
-7.0155624E-01,2.13867E+00,2.92969E-02
-7.0153776E-01,2.17773E+00,4.88281E-02
-7.0151928E-01,2.17773E+00,1.07422E-01
-7.0150080E-01,2.13867E+00,9.76562E-03
-7.0148232E-01,2.08008E+00,8.78906E-02
-7.0146384E-01,2.19727E+00,-9.76562E-03
-7.0144536E-01,2.13867E+00,6.83594E-02
-7.0142688E-01,2.15820E+00,2.92969E-02
-7.0140840E-01,2.13867E+00,4.88281E-02
-7.0138992E-01,2.08008E+00,2.92969E-02
-7.0137144E-01,2.17773E+00,6.83594E-02
-7.0135296E-01,2.08008E+00,9.76562E-03
-7.0133448E-01,1.98242E+00,-9.76562E-03
-7.0131600E-01,2.11914E+00,2.92969E-02
-7.0129752E-01,2.17773E+00,6.83594E-02
-7.0127904E-01,2.11914E+00,9.76562E-03
-7.0126056E-01,2.13867E+00,1.07422E-01
-7.0124208E-01,2.13867E+00,4.88281E-02
-7.0122360E-01,2.13867E+00,6.83594E-02
-7.0120512E-01,2.15820E+00,6.83594E-02
-7.0118664E-01,2.13867E+00,6.83594E-02
-7.0116816E-01,2.06055E+00,-9.76562E-03
-7.0114968E-01,2.08008E+00,6.83594E-02
-7.0113120E-01,2.17773E+00,-2.92969E-02
-7.0111272E-01,2.08008E+00,6.83594E-02
-7.0109424E-01,2.09961E+00,4.88281E-02
-7.0107576E-01,2.13867E+00,4.88281E-02
-7.0105728E-01,2.11914E+00,4.88281E-02
-7.0103880E-01,2.13867E+00,9.76562E-03
-7.0102032E-01,2.09961E+00,2.92969E-02
-7.0100184E-01,2.08008E+00,6.83594E-02
-7.0098336E-01,2.15820E+00,2.92969E-02
-7.0096488E-01,2.09961E+00,4.88281E-02
-7.0094640E-01,2.09961E+00,9.76562E-03
-7.0092792E-01,2.13867E+00,9.76562E-03
-7.0090944E-01,2.11914E+00,4.88281E-02
-7.0089096E-01,2.15820E+00,6.83594E-02
-7.0087248E-01,2.08008E+00,9.76562E-03
-7.0085400E-01,2.08008E+00,2.92969E-02
-7.0083552E-01,2.08008E+00,4.88281E-02
-7.0081704E-01,2.08008E+00,6.83594E-02
-7.0079856E-01,2.15820E+00,9.76562E-03
-7.0078008E-01,2.13867E+00,6.83594E-02
-7.0076160E-01,2.08008E+00,6.83594E-02
-7.0074312E-01,2.08008E+00,9.76562E-03
-7.0072464E-01,2.09961E+00,4.88281E-02
-7.0070616E-01,2.11914E+00,6.83594E-02
-7.0068768E-01,2.09961E+00,6.83594E-02
-7.0066920E-01,2.11914E+00,2.92969E-02
-7.0065072E-01,2.11914E+00,9.76562E-03
-7.0063224E-01,2.09961E+00,4.88281E-02
-7.0061376E-01,2.15820E+00,6.83594E-02
-7.0059528E-01,2.13867E+00,4.88281E-02
-7.0057680E-01,2.15820E+00,2.92969E-02
-7.0055832E-01,2.09961E+00,8.78906E-02
-7.0053984E-01,2.11914E+00,4.88281E-02
-7.0052136E-01,2.13867E+00,6.83594E-02
-7.0050288E-01,2.11914E+00,9.76562E-03
-7.0048440E-01,2.13867E+00,4.88281E-02
-7.0046592E-01,2.09961E+00,2.92969E-02
-7.0044744E-01,2.08008E+00,6.83594E-02
-7.0042896E-01,2.09961E+00,2.92969E-02
-7.0041048E-01,2.11914E+00,6.83594E-02
-7.0039200E-01,2.11914E+00,2.92969E-02
-7.0037352E-01,2.08008E+00,6.83594E-02
-7.0035504E-01,2.09961E+00,2.92969E-02
-7.0033656E-01,2.11914E+00,4.88281E-02
-7.0031808E-01,2.15820E+00,2.92969E-02
-7.0029960E-01,2.08008E+00,2.92969E-02
-7.0028112E-01,2.11914E+00,9.76562E-03
-7.0026264E-01,2.11914E+00,9.76562E-03
-7.0024416E-01,2.17773E+00,-2.92969E-02
-7.0022568E-01,2.06055E+00,6.83594E-02
-7.0020720E-01,2.09961E+00,6.83594E-02
-7.0018872E-01,2.13867E+00,1.07422E-01
-7.0017024E-01,2.15820E+00,2.92969E-02
-7.0015176E-01,2.13867E+00,2.92969E-02
-7.0013328E-01,2.15820E+00,4.88281E-02
-7.0011480E-01,2.13867E+00,8.78906E-02
-7.0009632E-01,2.21680E+00,2.92969E-02
-7.0007784E-01,2.13867E+00,6.83594E-02
-7.0005936E-01,2.15820E+00,-9.76562E-03
-7.0004088E-01,2.13867E+00,6.83594E-02
-7.0002240E-01,2.11914E+00,4.88281E-02
-7.0000392E-01,2.19727E+00,2.92969E-02
-6.9998544E-01,2.13867E+00,-9.76562E-03
-6.9996696E-01,2.02148E+00,2.92969E-02
-6.9994848E-01,2.11914E+00,2.92969E-02
-6.9993000E-01,2.11914E+00,9.76562E-03
-6.9991152E-01,2.13867E+00,9.76562E-03
-6.9989304E-01,2.09961E+00,4.88281E-02
-6.9987456E-01,2.19727E+00,4.88281E-02
-6.9985608E-01,2.08008E+00,9.76562E-03
-6.9983760E-01,2.15820E+00,-9.76562E-03
-6.9981912E-01,2.11914E+00,9.76562E-03
-6.9980064E-01,2.11914E+00,4.88281E-02
-6.9978216E-01,2.04102E+00,6.83594E-02
-6.9976368E-01,2.13867E+00,-9.76562E-03
-6.9974520E-01,2.13867E+00,4.88281E-02
-6.9972672E-01,2.19727E+00,4.88281E-02
-6.9970824E-01,2.08008E+00,2.92969E-02
-6.9968976E-01,2.13867E+00,9.76562E-03
-6.9967128E-01,2.09961E+00,6.83594E-02
-6.9965280E-01,2.09961E+00,-9.76562E-03
-6.9963432E-01,2.08008E+00,8.78906E-02
-6.9961584E-01,2.19727E+00,9.76562E-03
-6.9959736E-01,2.11914E+00,4.88281E-02
-6.9957888E-01,2.09961E+00,9.76562E-03
-6.9956040E-01,2.04102E+00,4.88281E-02
-6.9954192E-01,2.21680E+00,9.76562E-03
-6.9952344E-01,2.13867E+00,2.92969E-02
-6.9950496E-01,2.13867E+00,4.88281E-02
-6.9948648E-01,2.11914E+00,9.76562E-03
-6.9946800E-01,2.17773E+00,9.76562E-03
-6.9944952E-01,2.09961E+00,8.78906E-02
-6.9943104E-01,2.21680E+00,2.92969E-02
-6.9941256E-01,2.13867E+00,4.88281E-02
-6.9939408E-01,2.11914E+00,2.92969E-02
-6.9937560E-01,2.11914E+00,1.07422E-01
-6.9935712E-01,2.13867E+00,4.88281E-02
-6.9933864E-01,2.08008E+00,4.88281E-02
-6.9932016E-01,2.17773E+00,4.88281E-02
-6.9930168E-01,2.13867E+00,9.76562E-03
-6.9928320E-01,2.09961E+00,-9.76562E-03
-6.9926472E-01,2.13867E+00,4.88281E-02
-6.9924624E-01,2.15820E+00,2.92969E-02
-6.9922776E-01,2.15820E+00,2.92969E-02
-6.9920928E-01,2.25586E+00,2.92969E-02
-6.9919080E-01,2.09961E+00,1.26953E-01
-6.9917232E-01,2.15820E+00,9.76562E-03
-6.9915384E-01,2.15820E+00,1.85547E-01
-6.9913536E-01,2.09961E+00,-9.76562E-03
-6.9911688E-01,2.09961E+00,8.78906E-02
-6.9909840E-01,2.09961E+00,6.83594E-02
-6.9907992E-01,2.15820E+00,6.83594E-02
-6.9906144E-01,2.13867E+00,8.78906E-02
-6.9904296E-01,2.17773E+00,1.07422E-01
-6.9902448E-01,2.11914E+00,9.76562E-03
-6.9900600E-01,2.15820E+00,6.83594E-02
-6.9898752E-01,2.13867E+00,2.92969E-02
-6.9896904E-01,2.08008E+00,1.07422E-01
-6.9895056E-01,2.13867E+00,9.76562E-03
-6.9893208E-01,2.08008E+00,4.88281E-02
-6.9891360E-01,2.15820E+00,2.92969E-02
-6.9889512E-01,2.11914E+00,1.07422E-01
-6.9887664E-01,2.15820E+00,6.83594E-02
-6.9885816E-01,2.15820E+00,9.76562E-03
-6.9883968E-01,2.19727E+00,2.92969E-02
-6.9882120E-01,2.09961E+00,8.78906E-02
-6.9880272E-01,2.09961E+00,9.76562E-03
-6.9878424E-01,2.13867E+00,2.92969E-02
-6.9876576E-01,2.13867E+00,9.76562E-03
-6.9874728E-01,2.13867E+00,6.83594E-02
-6.9872880E-01,2.08008E+00,2.92969E-02
-6.9871032E-01,2.08008E+00,1.26953E-01
-6.9869184E-01,2.13867E+00,9.76562E-03
-6.9867336E-01,2.08008E+00,6.83594E-02
-6.9865488E-01,2.08008E+00,2.92969E-02
-6.9863640E-01,2.09961E+00,9.76562E-03
-6.9861792E-01,2.09961E+00,-6.83594E-02
-6.9859944E-01,2.17773E+00,2.92969E-02
-6.9858096E-01,2.15820E+00,2.92969E-02
-6.9856248E-01,2.13867E+00,9.76562E-03
-6.9854400E-01,2.08008E+00,-9.76562E-03
-6.9852552E-01,2.13867E+00,4.88281E-02
-6.9850704E-01,2.08008E+00,-9.76562E-03
-6.9848856E-01,2.08008E+00,4.88281E-02
-6.9847008E-01,2.15820E+00,9.76562E-03
-6.9845160E-01,2.13867E+00,4.88281E-02
-6.9843312E-01,2.17773E+00,4.88281E-02
-6.9841464E-01,2.08008E+00,-2.92969E-02
-6.9839616E-01,2.21680E+00,4.88281E-02
-6.9837768E-01,2.11914E+00,2.92969E-02
-6.9835920E-01,2.17773E+00,9.76562E-03
-6.9834072E-01,2.17773E+00,4.88281E-02
-6.9832224E-01,2.08008E+00,-2.92969E-02
-6.9830376E-01,2.13867E+00,4.88281E-02
-6.9828528E-01,2.15820E+00,9.76562E-03
-6.9826680E-01,2.08008E+00,4.88281E-02
-6.9824832E-01,2.15820E+00,4.88281E-02
-6.9822984E-01,2.19727E+00,4.88281E-02
-6.9821136E-01,2.15820E+00,6.83594E-02
-6.9819288E-01,2.13867E+00,6.83594E-02
-6.9817440E-01,2.15820E+00,-2.92969E-02
-6.9815592E-01,2.09961E+00,2.92969E-02
-6.9813744E-01,2.17773E+00,2.92969E-02
-6.9811896E-01,2.15820E+00,6.83594E-02
-6.9810048E-01,2.13867E+00,9.76562E-03
-6.9808200E-01,2.08008E+00,6.83594E-02
-6.9806352E-01,2.15820E+00,1.07422E-01
-6.9804504E-01,2.06055E+00,6.83594E-02
-6.9802656E-01,2.15820E+00,2.92969E-02
-6.9800808E-01,2.15820E+00,1.07422E-01
-6.9798960E-01,2.15820E+00,-9.76562E-03
-6.9797112E-01,2.13867E+00,2.92969E-02
-6.9795264E-01,2.08008E+00,-9.76562E-03
-6.9793416E-01,2.13867E+00,2.92969E-02
-6.9791568E-01,2.13867E+00,-9.76562E-03
-6.9789720E-01,2.09961E+00,2.92969E-02
-6.9787872E-01,2.15820E+00,-2.92969E-02
-6.9786024E-01,2.11914E+00,6.83594E-02
-6.9784176E-01,2.11914E+00,6.83594E-02
-6.9782328E-01,2.11914E+00,6.83594E-02
-6.9780480E-01,2.15820E+00,2.92969E-02
-6.9778632E-01,2.13867E+00,6.83594E-02
-6.9776784E-01,2.13867E+00,2.92969E-02
-6.9774936E-01,2.11914E+00,-2.92969E-02
-6.9773088E-01,2.15820E+00,4.88281E-02
-6.9771240E-01,2.11914E+00,2.92969E-02
-6.9769392E-01,2.08008E+00,2.92969E-02
-6.9767544E-01,2.11914E+00,2.92969E-02
-6.9765696E-01,2.11914E+00,9.76562E-03
-6.9763848E-01,2.13867E+00,4.88281E-02
-6.9762000E-01,2.13867E+00,9.76562E-03
-6.9760152E-01,2.09961E+00,6.83594E-02
-6.9758304E-01,2.15820E+00,9.76562E-03
-6.9756456E-01,2.17773E+00,2.92969E-02
-6.9754608E-01,2.13867E+00,2.92969E-02
-6.9752760E-01,2.11914E+00,1.07422E-01
-6.9750912E-01,2.15820E+00,-9.76562E-03
-6.9749064E-01,2.13867E+00,4.88281E-02
-6.9747216E-01,2.15820E+00,2.92969E-02
-6.9745368E-01,2.15820E+00,-2.92969E-02
-6.9743520E-01,2.13867E+00,-9.76562E-03
-6.9741672E-01,2.13867E+00,6.83594E-02
-6.9739824E-01,2.11914E+00,9.76562E-03
-6.9737976E-01,2.09961E+00,6.83594E-02
-6.9736128E-01,2.11914E+00,2.92969E-02
-6.9734280E-01,2.15820E+00,2.92969E-02
-6.9732432E-01,2.09961E+00,1.07422E-01
-6.9730584E-01,2.13867E+00,8.78906E-02
-6.9728736E-01,2.17773E+00,4.88281E-02
-6.9726888E-01,2.08008E+00,9.76562E-03
-6.9725040E-01,2.11914E+00,4.88281E-02
-6.9723192E-01,2.08008E+00,6.83594E-02
-6.9721344E-01,2.19727E+00,6.83594E-02
-6.9719496E-01,2.15820E+00,9.76562E-03
-6.9717648E-01,2.06055E+00,9.76562E-03
-6.9715800E-01,2.15820E+00,4.88281E-02
-6.9713952E-01,2.11914E+00,4.88281E-02
-6.9712104E-01,2.11914E+00,6.83594E-02
-6.9710256E-01,2.15820E+00,2.92969E-02
-6.9708408E-01,2.08008E+00,-4.88281E-02
-6.9706560E-01,2.19727E+00,9.76562E-03
-6.9704712E-01,2.13867E+00,4.88281E-02
-6.9702864E-01,2.19727E+00,2.92969E-02
-6.9701016E-01,2.09961E+00,4.88281E-02
-6.9699168E-01,2.15820E+00,-9.76562E-03
-6.9697320E-01,2.08008E+00,-4.88281E-02
-6.9695472E-01,2.19727E+00,2.92969E-02
-6.9693624E-01,2.13867E+00,6.83594E-02
-6.9691776E-01,2.15820E+00,2.92969E-02
-6.9689928E-01,2.15820E+00,4.88281E-02
-6.9688080E-01,2.19727E+00,9.76562E-03
-6.9686232E-01,2.09961E+00,9.76562E-03
-6.9684384E-01,2.19727E+00,9.76562E-03
-6.9682536E-01,2.17773E+00,4.88281E-02
-6.9680688E-01,2.08008E+00,9.76562E-03
-6.9678840E-01,2.13867E+00,8.78906E-02
-6.9676992E-01,2.11914E+00,2.92969E-02
-6.9675144E-01,2.08008E+00,4.88281E-02
-6.9673296E-01,2.09961E+00,9.76562E-03
-6.9671448E-01,2.15820E+00,6.83594E-02
-6.9669600E-01,2.08008E+00,-6.83594E-02
-6.9667752E-01,2.11914E+00,2.92969E-02
-6.9665904E-01,2.19727E+00,9.76562E-03
-6.9664056E-01,2.15820E+00,2.92969E-02
-6.9662208E-01,2.21680E+00,9.76562E-03
-6.9660360E-01,2.13867E+00,4.88281E-02
-6.9658512E-01,2.11914E+00,4.88281E-02
-6.9656664E-01,2.15820E+00,9.76562E-03
-6.9654816E-01,2.11914E+00,9.76562E-03
-6.9652968E-01,2.11914E+00,4.88281E-02
-6.9651120E-01,2.15820E+00,9.76562E-03
-6.9649272E-01,2.17773E+00,4.88281E-02
-6.9647424E-01,2.15820E+00,2.92969E-02
-6.9645576E-01,2.11914E+00,2.92969E-02
-6.9643728E-01,2.13867E+00,2.92969E-02
-6.9641880E-01,2.13867E+00,4.88281E-02
-6.9640032E-01,2.15820E+00,4.88281E-02
-6.9638184E-01,2.21680E+00,1.07422E-01
-6.9636336E-01,2.15820E+00,9.76562E-03
-6.9634488E-01,2.13867E+00,4.88281E-02
-6.9632640E-01,2.13867E+00,4.88281E-02
-6.9630792E-01,2.08008E+00,2.92969E-02
-6.9628944E-01,2.19727E+00,-4.88281E-02
-6.9627096E-01,2.13867E+00,-4.88281E-02
-6.9625248E-01,2.15820E+00,2.92969E-02
-6.9623400E-01,2.13867E+00,4.88281E-02
-6.9621552E-01,2.13867E+00,9.76562E-03
-6.9619704E-01,2.19727E+00,6.83594E-02
-6.9617856E-01,2.13867E+00,-4.88281E-02
-6.9616008E-01,2.09961E+00,6.83594E-02
-6.9614160E-01,2.17773E+00,9.76562E-03
-6.9612312E-01,2.13867E+00,4.88281E-02
-6.9610464E-01,2.15820E+00,-2.92969E-02
-6.9608616E-01,2.11914E+00,2.92969E-02
-6.9606768E-01,2.09961E+00,9.76562E-03
-6.9604920E-01,2.11914E+00,2.92969E-02
-6.9603072E-01,2.17773E+00,9.76562E-03
-6.9601224E-01,2.19727E+00,6.83594E-02
-6.9599376E-01,2.13867E+00,2.92969E-02
-6.9597528E-01,2.09961E+00,6.83594E-02
-6.9595680E-01,2.15820E+00,6.83594E-02
-6.9593832E-01,2.11914E+00,8.78906E-02
-6.9591984E-01,2.21680E+00,2.92969E-02
-6.9590136E-01,2.11914E+00,4.88281E-02
-6.9588288E-01,2.21680E+00,2.92969E-02
-6.9586440E-01,2.25586E+00,6.83594E-02
-6.9584592E-01,2.27539E+00,1.07422E-01
-6.9582744E-01,2.15820E+00,2.92969E-02
-6.9580896E-01,2.15820E+00,9.76562E-03
-6.9579048E-01,2.19727E+00,2.92969E-02
-6.9577200E-01,2.15820E+00,9.76562E-03
-6.9575352E-01,2.09961E+00,1.07422E-01
-6.9573504E-01,2.15820E+00,2.92969E-02
-6.9571656E-01,2.15820E+00,1.26953E-01
-6.9569808E-01,2.13867E+00,9.76562E-03
-6.9567960E-01,2.17773E+00,1.26953E-01
-6.9566112E-01,2.13867E+00,2.92969E-02
-6.9564264E-01,2.15820E+00,9.76562E-03
-6.9562416E-01,2.13867E+00,9.76562E-03
-6.9560568E-01,2.08008E+00,8.78906E-02
-6.9558720E-01,2.21680E+00,4.88281E-02
-6.9556872E-01,2.09961E+00,4.88281E-02
-6.9555024E-01,2.25586E+00,8.78906E-02
-6.9553176E-01,2.08008E+00,4.88281E-02
-6.9551328E-01,2.15820E+00,4.88281E-02
-6.9549480E-01,2.19727E+00,4.88281E-02
-6.9547632E-01,2.13867E+00,9.76562E-03
-6.9545784E-01,2.21680E+00,6.83594E-02
-6.9543936E-01,2.15820E+00,2.92969E-02
-6.9542088E-01,2.17773E+00,4.88281E-02
-6.9540240E-01,2.15820E+00,2.92969E-02
-6.9538392E-01,2.13867E+00,6.83594E-02
-6.9536544E-01,2.15820E+00,4.88281E-02
-6.9534696E-01,2.09961E+00,9.76562E-03
-6.9532848E-01,2.17773E+00,-9.76562E-03
-6.9531000E-01,2.15820E+00,9.76562E-03
-6.9529152E-01,2.15820E+00,4.88281E-02
-6.9527304E-01,2.13867E+00,1.07422E-01
-6.9525456E-01,2.13867E+00,2.92969E-02
-6.9523608E-01,2.13867E+00,4.88281E-02
-6.9521760E-01,2.15820E+00,4.88281E-02
-6.9519912E-01,2.13867E+00,4.88281E-02
-6.9518064E-01,2.19727E+00,-2.92969E-02
-6.9516216E-01,2.17773E+00,-9.76562E-03
-6.9514368E-01,2.15820E+00,9.76562E-03
-6.9512520E-01,2.11914E+00,4.88281E-02
-6.9510672E-01,2.19727E+00,2.92969E-02
-6.9508824E-01,2.13867E+00,6.83594E-02
-6.9506976E-01,2.13867E+00,9.76562E-03
-6.9505128E-01,2.11914E+00,1.26953E-01
-6.9503280E-01,2.17773E+00,9.76562E-03
-6.9501432E-01,2.08008E+00,4.88281E-02
-6.9499584E-01,2.17773E+00,9.76562E-03
-6.9497736E-01,2.15820E+00,2.92969E-02
-6.9495888E-01,2.08008E+00,2.92969E-02
-6.9494040E-01,2.13867E+00,2.92969E-02
-6.9492192E-01,2.15820E+00,9.76562E-03
-6.9490344E-01,2.09961E+00,4.88281E-02
-6.9488496E-01,2.19727E+00,9.76562E-03
-6.9486648E-01,2.11914E+00,9.76562E-03
-6.9484800E-01,2.08008E+00,-9.76562E-03
-6.9482952E-01,2.17773E+00,9.76562E-03
-6.9481104E-01,2.17773E+00,2.92969E-02
-6.9479256E-01,2.08008E+00,2.92969E-02
-6.9477408E-01,2.11914E+00,-9.76562E-03
-6.9475560E-01,2.13867E+00,8.78906E-02
-6.9473712E-01,2.15820E+00,2.92969E-02
-6.9471864E-01,2.19727E+00,4.88281E-02
-6.9470016E-01,2.17773E+00,2.92969E-02
-6.9468168E-01,2.08008E+00,2.92969E-02
-6.9466320E-01,2.19727E+00,6.83594E-02
-6.9464472E-01,2.13867E+00,4.88281E-02
-6.9462624E-01,2.15820E+00,9.76562E-03
-6.9460776E-01,2.11914E+00,2.92969E-02
-6.9458928E-01,2.19727E+00,9.76562E-03
-6.9457080E-01,2.21680E+00,2.92969E-02
-6.9455232E-01,2.13867E+00,4.88281E-02
-6.9453384E-01,2.19727E+00,4.88281E-02
-6.9451536E-01,2.11914E+00,9.76562E-03
-6.9449688E-01,2.09961E+00,6.83594E-02
-6.9447840E-01,2.17773E+00,2.92969E-02
-6.9445992E-01,2.17773E+00,2.92969E-02
-6.9444144E-01,2.19727E+00,9.76562E-03
-6.9442296E-01,2.13867E+00,2.92969E-02
-6.9440448E-01,2.19727E+00,2.92969E-02
-6.9438600E-01,2.13867E+00,8.78906E-02
-6.9436752E-01,2.15820E+00,4.88281E-02
-6.9434904E-01,2.13867E+00,2.92969E-02
-6.9433056E-01,2.17773E+00,2.92969E-02
-6.9431208E-01,2.13867E+00,6.83594E-02
-6.9429360E-01,2.21680E+00,2.92969E-02
-6.9427512E-01,2.08008E+00,9.76562E-03
-6.9425664E-01,2.08008E+00,2.92969E-02
-6.9423816E-01,2.11914E+00,2.92969E-02
-6.9421968E-01,2.11914E+00,-9.76562E-03
-6.9420120E-01,2.13867E+00,2.92969E-02
-6.9418272E-01,2.13867E+00,-9.76562E-03
-6.9416424E-01,2.15820E+00,9.76562E-03
-6.9414576E-01,2.13867E+00,9.76562E-03
-6.9412728E-01,2.13867E+00,2.92969E-02
-6.9410880E-01,2.21680E+00,4.88281E-02
-6.9409032E-01,2.13867E+00,6.83594E-02
-6.9407184E-01,2.21680E+00,6.83594E-02
-6.9405336E-01,2.15820E+00,9.76562E-03
-6.9403488E-01,2.15820E+00,4.88281E-02
-6.9401640E-01,2.11914E+00,1.07422E-01
-6.9399792E-01,2.09961E+00,2.92969E-02
-6.9397944E-01,2.08008E+00,9.76562E-03
-6.9396096E-01,2.23633E+00,4.88281E-02
-6.9394248E-01,2.08008E+00,4.88281E-02
-6.9392400E-01,2.15820E+00,2.92969E-02
-6.9390552E-01,2.11914E+00,4.88281E-02
-6.9388704E-01,2.09961E+00,9.76562E-03
-6.9386856E-01,2.13867E+00,4.88281E-02
-6.9385008E-01,2.19727E+00,9.76562E-03
-6.9383160E-01,2.15820E+00,4.88281E-02
-6.9381312E-01,2.15820E+00,9.76562E-03
-6.9379464E-01,2.11914E+00,2.92969E-02
-6.9377616E-01,2.15820E+00,9.76562E-03
-6.9375768E-01,2.13867E+00,8.78906E-02
-6.9373920E-01,2.09961E+00,4.88281E-02
-6.9372072E-01,2.11914E+00,4.88281E-02
-6.9370224E-01,2.15820E+00,-9.76562E-03
-6.9368376E-01,2.13867E+00,2.92969E-02
-6.9366528E-01,2.17773E+00,9.76562E-03
-6.9364680E-01,2.13867E+00,6.83594E-02
-6.9362832E-01,2.13867E+00,2.92969E-02
-6.9360984E-01,2.15820E+00,2.92969E-02
-6.9359136E-01,2.11914E+00,-9.76562E-03
-6.9357288E-01,2.09961E+00,9.76562E-03
-6.9355440E-01,2.11914E+00,9.76562E-03
-6.9353592E-01,2.13867E+00,6.83594E-02
-6.9351744E-01,2.13867E+00,2.92969E-02
-6.9349896E-01,2.08008E+00,2.92969E-02
-6.9348048E-01,2.11914E+00,2.92969E-02
-6.9346200E-01,2.15820E+00,1.07422E-01
-6.9344352E-01,2.13867E+00,9.76562E-03
-6.9342504E-01,2.13867E+00,-9.76562E-03
-6.9340656E-01,2.13867E+00,2.92969E-02
-6.9338808E-01,2.11914E+00,8.78906E-02
-6.9336960E-01,2.09961E+00,9.76562E-03
-6.9335112E-01,2.13867E+00,9.76562E-03
-6.9333264E-01,2.11914E+00,4.88281E-02
-6.9331416E-01,2.17773E+00,9.76562E-03
-6.9329568E-01,2.19727E+00,4.88281E-02
-6.9327720E-01,2.08008E+00,4.88281E-02
-6.9325872E-01,2.19727E+00,9.76562E-03
-6.9324024E-01,2.11914E+00,8.78906E-02
-6.9322176E-01,2.19727E+00,9.76562E-03
-6.9320328E-01,2.19727E+00,2.92969E-02
-6.9318480E-01,2.13867E+00,2.92969E-02
-6.9316632E-01,2.17773E+00,6.83594E-02
-6.9314784E-01,2.15820E+00,2.92969E-02
-6.9312936E-01,2.13867E+00,4.88281E-02
-6.9311088E-01,2.13867E+00,9.76562E-03
-6.9309240E-01,2.13867E+00,4.88281E-02
-6.9307392E-01,2.21680E+00,4.88281E-02
-6.9305544E-01,2.19727E+00,9.76562E-03
-6.9303696E-01,2.19727E+00,9.76562E-03
-6.9301848E-01,2.21680E+00,2.92969E-02
-6.9300000E-01,2.19727E+00,4.88281E-02
-6.9298152E-01,2.19727E+00,4.88281E-02
-6.9296304E-01,2.13867E+00,4.88281E-02
-6.9294456E-01,2.13867E+00,4.88281E-02
-6.9292608E-01,2.11914E+00,2.92969E-02
-6.9290760E-01,2.15820E+00,6.83594E-02
-6.9288912E-01,2.19727E+00,9.76562E-03
-6.9287064E-01,2.13867E+00,4.88281E-02
-6.9285216E-01,2.13867E+00,-2.92969E-02
-6.9283368E-01,2.15820E+00,6.83594E-02
-6.9281520E-01,2.09961E+00,9.76562E-03
-6.9279672E-01,2.13867E+00,4.88281E-02
-6.9277824E-01,2.17773E+00,9.76562E-03
-6.9275976E-01,2.13867E+00,4.88281E-02
-6.9274128E-01,2.23633E+00,9.76562E-03
-6.9272280E-01,2.09961E+00,2.92969E-02
-6.9270432E-01,2.21680E+00,2.92969E-02
-6.9268584E-01,2.11914E+00,6.83594E-02
-6.9266736E-01,2.13867E+00,6.83594E-02
-6.9264888E-01,2.15820E+00,6.83594E-02
-6.9263040E-01,2.13867E+00,2.92969E-02
-6.9261192E-01,2.08008E+00,9.76562E-03
-6.9259344E-01,2.19727E+00,4.88281E-02
-6.9257496E-01,2.11914E+00,4.88281E-02
-6.9255648E-01,2.08008E+00,8.78906E-02
-6.9253800E-01,2.11914E+00,2.92969E-02
-6.9251952E-01,2.13867E+00,-4.88281E-02
-6.9250104E-01,2.04102E+00,4.88281E-02
-6.9248256E-01,2.17773E+00,9.76562E-03
-6.9246408E-01,2.13867E+00,2.92969E-02
-6.9244560E-01,2.15820E+00,9.76562E-03
-6.9242712E-01,2.13867E+00,2.92969E-02
-6.9240864E-01,2.15820E+00,2.92969E-02
-6.9239016E-01,2.17773E+00,4.88281E-02
-6.9237168E-01,2.23633E+00,4.88281E-02
-6.9235320E-01,2.19727E+00,-4.88281E-02
-6.9233472E-01,2.21680E+00,4.88281E-02
-6.9231624E-01,2.11914E+00,8.78906E-02
-6.9229776E-01,2.15820E+00,9.76562E-03
-6.9227928E-01,2.11914E+00,9.76562E-03
-6.9226080E-01,2.21680E+00,9.76562E-03
-6.9224232E-01,2.13867E+00,1.07422E-01
-6.9222384E-01,2.21680E+00,4.88281E-02
-6.9220536E-01,2.17773E+00,6.83594E-02
-6.9218688E-01,2.15820E+00,6.83594E-02
-6.9216840E-01,2.19727E+00,2.92969E-02
-6.9214992E-01,2.17773E+00,2.92969E-02
-6.9213144E-01,2.17773E+00,2.92969E-02
-6.9211296E-01,2.15820E+00,2.92969E-02
-6.9209448E-01,2.17773E+00,9.76562E-03
-6.9207600E-01,2.08008E+00,6.83594E-02
-6.9205752E-01,2.19727E+00,1.07422E-01
-6.9203904E-01,2.13867E+00,6.83594E-02
-6.9202056E-01,2.17773E+00,2.92969E-02
-6.9200208E-01,2.09961E+00,4.88281E-02
-6.9198360E-01,2.19727E+00,2.92969E-02
-6.9196512E-01,2.19727E+00,4.88281E-02
-6.9194664E-01,2.15820E+00,2.92969E-02
-6.9192816E-01,2.15820E+00,9.76562E-03
-6.9190968E-01,2.15820E+00,4.88281E-02
-6.9189120E-01,2.15820E+00,6.83594E-02
-6.9187272E-01,2.17773E+00,4.88281E-02
-6.9185424E-01,2.15820E+00,9.76562E-03
-6.9183576E-01,2.15820E+00,4.88281E-02
-6.9181728E-01,2.17773E+00,2.92969E-02
-6.9179880E-01,2.13867E+00,4.88281E-02
-6.9178032E-01,2.13867E+00,4.88281E-02
-6.9176184E-01,2.13867E+00,6.83594E-02
-6.9174336E-01,2.19727E+00,9.76562E-03
-6.9172488E-01,2.17773E+00,1.07422E-01
-6.9170640E-01,2.15820E+00,2.92969E-02
-6.9168792E-01,2.17773E+00,2.92969E-02
-6.9166944E-01,2.11914E+00,2.92969E-02
-6.9165096E-01,2.08008E+00,-2.92969E-02
-6.9163248E-01,2.11914E+00,9.76562E-03
-6.9161400E-01,2.09961E+00,1.26953E-01
-6.9159552E-01,2.11914E+00,9.76562E-03
-6.9157704E-01,2.15820E+00,6.83594E-02
-6.9155856E-01,2.17773E+00,4.88281E-02
-6.9154008E-01,2.09961E+00,6.83594E-02
-6.9152160E-01,2.21680E+00,9.76562E-03
-6.9150312E-01,2.09961E+00,4.88281E-02
-6.9148464E-01,2.09961E+00,9.76562E-03
-6.9146616E-01,2.13867E+00,1.07422E-01
-6.9144768E-01,2.17773E+00,2.92969E-02
-6.9142920E-01,2.19727E+00,2.92969E-02
-6.9141072E-01,2.11914E+00,2.92969E-02
-6.9139224E-01,2.17773E+00,4.88281E-02
-6.9137376E-01,2.17773E+00,9.76562E-03
-6.9135528E-01,2.17773E+00,2.92969E-02
-6.9133680E-01,2.13867E+00,9.76562E-03
-6.9131832E-01,2.15820E+00,4.88281E-02
-6.9129984E-01,2.13867E+00,2.92969E-02
-6.9128136E-01,2.15820E+00,2.92969E-02
-6.9126288E-01,2.15820E+00,-9.76562E-03
-6.9124440E-01,2.08008E+00,6.83594E-02
-6.9122592E-01,2.15820E+00,6.83594E-02
-6.9120744E-01,2.19727E+00,8.78906E-02
-6.9118896E-01,2.17773E+00,9.76562E-03
-6.9117048E-01,2.13867E+00,6.83594E-02
-6.9115200E-01,2.17773E+00,2.92969E-02
-6.9113352E-01,2.11914E+00,8.78906E-02
-6.9111504E-01,2.13867E+00,4.88281E-02
-6.9109656E-01,2.21680E+00,6.83594E-02
-6.9107808E-01,2.15820E+00,6.83594E-02
-6.9105960E-01,2.19727E+00,2.92969E-02
-6.9104112E-01,2.25586E+00,4.88281E-02
-6.9102264E-01,2.13867E+00,2.92969E-02
-6.9100416E-01,2.13867E+00,-6.83594E-02
-6.9098568E-01,2.13867E+00,2.92969E-02
-6.9096720E-01,2.21680E+00,6.83594E-02
-6.9094872E-01,2.15820E+00,8.78906E-02
-6.9093024E-01,2.21680E+00,4.88281E-02
-6.9091176E-01,2.13867E+00,6.83594E-02
-6.9089328E-01,2.17773E+00,4.88281E-02
-6.9087480E-01,2.17773E+00,8.78906E-02
-6.9085632E-01,2.15820E+00,9.76562E-03
-6.9083784E-01,2.15820E+00,2.92969E-02
-6.9081936E-01,2.21680E+00,-2.92969E-02
-6.9080088E-01,2.13867E+00,2.92969E-02
-6.9078240E-01,2.15820E+00,9.76562E-03
-6.9076392E-01,2.19727E+00,6.83594E-02
-6.9074544E-01,2.23633E+00,9.76562E-03
-6.9072696E-01,2.21680E+00,2.92969E-02
-6.9070848E-01,2.15820E+00,2.92969E-02
-6.9069000E-01,2.13867E+00,4.88281E-02
-6.9067152E-01,2.21680E+00,2.92969E-02
-6.9065304E-01,2.13867E+00,4.88281E-02
-6.9063456E-01,2.11914E+00,4.88281E-02
-6.9061608E-01,2.19727E+00,-9.76562E-03
-6.9059760E-01,2.25586E+00,9.76562E-03
-6.9057912E-01,2.13867E+00,9.76562E-03
-6.9056064E-01,2.19727E+00,2.92969E-02
-6.9054216E-01,2.11914E+00,4.88281E-02
-6.9052368E-01,2.08008E+00,4.88281E-02
-6.9050520E-01,2.13867E+00,4.88281E-02
-6.9048672E-01,2.17773E+00,4.88281E-02
-6.9046824E-01,2.15820E+00,6.83594E-02
-6.9044976E-01,2.23633E+00,2.92969E-02
-6.9043128E-01,2.08008E+00,2.92969E-02
-6.9041280E-01,2.15820E+00,2.92969E-02
-6.9039432E-01,2.15820E+00,6.83594E-02
-6.9037584E-01,2.19727E+00,4.88281E-02
-6.9035736E-01,2.11914E+00,4.88281E-02
-6.9033888E-01,2.27539E+00,9.76562E-03
-6.9032040E-01,2.17773E+00,6.83594E-02
-6.9030192E-01,2.25586E+00,4.88281E-02
-6.9028344E-01,2.21680E+00,4.88281E-02
-6.9026496E-01,2.15820E+00,-9.76562E-03
-6.9024648E-01,2.19727E+00,9.76562E-03
-6.9022800E-01,2.13867E+00,2.92969E-02
-6.9020952E-01,2.13867E+00,4.88281E-02
-6.9019104E-01,2.15820E+00,4.88281E-02
-6.9017256E-01,2.21680E+00,6.83594E-02
-6.9015408E-01,2.21680E+00,-9.76562E-03
-6.9013560E-01,2.13867E+00,2.92969E-02
-6.9011712E-01,2.13867E+00,4.88281E-02
-6.9009864E-01,2.19727E+00,6.83594E-02
-6.9008016E-01,2.19727E+00,9.76562E-03
-6.9006168E-01,2.17773E+00,2.92969E-02
-6.9004320E-01,2.11914E+00,6.83594E-02
-6.9002472E-01,2.15820E+00,8.78906E-02
-6.9000624E-01,2.21680E+00,-9.76562E-03
-6.8998776E-01,2.13867E+00,9.76562E-03
-6.8996928E-01,2.25586E+00,2.92969E-02
-6.8995080E-01,2.23633E+00,6.83594E-02
-6.8993232E-01,2.23633E+00,9.76562E-03
-6.8991384E-01,2.19727E+00,9.76562E-03
-6.8989536E-01,2.15820E+00,2.92969E-02
-6.8987688E-01,2.25586E+00,4.88281E-02
-6.8985840E-01,2.15820E+00,4.88281E-02
-6.8983992E-01,2.15820E+00,2.92969E-02
-6.8982144E-01,2.23633E+00,8.78906E-02
-6.8980296E-01,2.21680E+00,4.88281E-02
-6.8978448E-01,2.15820E+00,1.07422E-01
-6.8976600E-01,2.15820E+00,-4.88281E-02
-6.8974752E-01,2.19727E+00,2.92969E-02
-6.8972904E-01,2.15820E+00,9.76562E-03
-6.8971056E-01,2.13867E+00,-2.92969E-02
-6.8969208E-01,2.08008E+00,8.78906E-02
-6.8967360E-01,2.25586E+00,4.88281E-02
-6.8965512E-01,2.11914E+00,4.88281E-02
-6.8963664E-01,2.13867E+00,2.92969E-02
-6.8961816E-01,2.25586E+00,6.83594E-02
-6.8959968E-01,2.15820E+00,9.76562E-03
-6.8958120E-01,2.19727E+00,6.83594E-02
-6.8956272E-01,2.15820E+00,9.76562E-03
-6.8954424E-01,2.17773E+00,6.83594E-02
-6.8952576E-01,2.19727E+00,4.88281E-02
-6.8950728E-01,2.13867E+00,4.88281E-02
-6.8948880E-01,2.17773E+00,4.88281E-02
-6.8947032E-01,2.13867E+00,2.92969E-02
-6.8945184E-01,2.21680E+00,2.92969E-02
-6.8943336E-01,2.17773E+00,4.88281E-02
-6.8941488E-01,2.17773E+00,2.92969E-02
-6.8939640E-01,2.23633E+00,2.92969E-02
-6.8937792E-01,2.19727E+00,9.76562E-03
-6.8935944E-01,2.21680E+00,9.76562E-03
-6.8934096E-01,2.17773E+00,6.83594E-02
-6.8932248E-01,2.17773E+00,2.92969E-02
-6.8930400E-01,2.15820E+00,4.88281E-02
-6.8928552E-01,2.25586E+00,9.76562E-03
-6.8926704E-01,2.17773E+00,4.88281E-02
-6.8924856E-01,2.17773E+00,2.92969E-02
-6.8923008E-01,2.23633E+00,2.92969E-02
-6.8921160E-01,2.17773E+00,2.92969E-02
-6.8919312E-01,2.23633E+00,9.76562E-03
-6.8917464E-01,2.13867E+00,1.07422E-01
-6.8915616E-01,2.11914E+00,4.88281E-02
-6.8913768E-01,2.15820E+00,2.92969E-02
-6.8911920E-01,2.25586E+00,9.76562E-03
-6.8910072E-01,2.19727E+00,2.92969E-02
-6.8908224E-01,2.19727E+00,-9.76562E-03
-6.8906376E-01,2.21680E+00,9.76562E-03
-6.8904528E-01,2.19727E+00,-9.76562E-03
-6.8902680E-01,2.17773E+00,4.88281E-02
-6.8900832E-01,2.11914E+00,4.88281E-02
-6.8898984E-01,2.13867E+00,2.92969E-02
-6.8897136E-01,2.25586E+00,9.76562E-03
-6.8895288E-01,2.15820E+00,2.92969E-02
-6.8893440E-01,2.17773E+00,4.88281E-02
-6.8891592E-01,2.11914E+00,2.92969E-02
-6.8889744E-01,2.19727E+00,4.88281E-02
-6.8887896E-01,2.19727E+00,2.92969E-02
-6.8886048E-01,2.19727E+00,9.76562E-03
-6.8884200E-01,2.25586E+00,4.88281E-02
-6.8882352E-01,2.25586E+00,9.76562E-03
-6.8880504E-01,2.19727E+00,4.88281E-02
-6.8878656E-01,2.21680E+00,4.88281E-02
-6.8876808E-01,2.15820E+00,6.83594E-02
-6.8874960E-01,2.15820E+00,2.92969E-02
-6.8873112E-01,2.11914E+00,4.88281E-02
-6.8871264E-01,2.19727E+00,-9.76562E-03
-6.8869416E-01,2.19727E+00,1.07422E-01
-6.8867568E-01,2.17773E+00,-9.76562E-03
-6.8865720E-01,2.13867E+00,6.83594E-02
-6.8863872E-01,2.17773E+00,9.76562E-03
-6.8862024E-01,2.13867E+00,8.78906E-02
-6.8860176E-01,2.21680E+00,6.83594E-02
-6.8858328E-01,2.17773E+00,-4.88281E-02
-6.8856480E-01,2.21680E+00,9.76562E-03
-6.8854632E-01,2.17773E+00,6.83594E-02
-6.8852784E-01,2.25586E+00,-2.92969E-02
-6.8850936E-01,2.23633E+00,9.76562E-03
-6.8849088E-01,2.25586E+00,9.76562E-03
-6.8847240E-01,2.19727E+00,1.07422E-01
-6.8845392E-01,2.19727E+00,-6.83594E-02
-6.8843544E-01,2.13867E+00,2.92969E-02
-6.8841696E-01,2.27539E+00,2.92969E-02
-6.8839848E-01,2.13867E+00,6.83594E-02
-6.8838000E-01,2.25586E+00,-9.76562E-03
-6.8836152E-01,2.19727E+00,4.88281E-02
-6.8834304E-01,2.21680E+00,9.76562E-03
-6.8832456E-01,2.19727E+00,-9.76562E-03
-6.8830608E-01,2.27539E+00,9.76562E-03
-6.8828760E-01,2.11914E+00,4.88281E-02
-6.8826912E-01,2.17773E+00,9.76562E-03
-6.8825064E-01,2.17773E+00,2.92969E-02
-6.8823216E-01,2.17773E+00,9.76562E-03
-6.8821368E-01,2.21680E+00,9.76562E-03
-6.8819520E-01,2.17773E+00,-9.76562E-03
-6.8817672E-01,2.13867E+00,2.92969E-02
-6.8815824E-01,2.21680E+00,6.83594E-02
-6.8813976E-01,2.13867E+00,4.88281E-02
-6.8812128E-01,2.21680E+00,9.76562E-03
-6.8810280E-01,2.13867E+00,2.92969E-02
-6.8808432E-01,2.23633E+00,2.92969E-02
-6.8806584E-01,2.19727E+00,2.92969E-02
-6.8804736E-01,2.15820E+00,9.76562E-03
-6.8802888E-01,2.15820E+00,6.83594E-02
-6.8801040E-01,2.23633E+00,-2.92969E-02
-6.8799192E-01,2.17773E+00,4.88281E-02
-6.8797344E-01,2.21680E+00,4.88281E-02
-6.8795496E-01,2.25586E+00,6.83594E-02
-6.8793648E-01,2.21680E+00,9.76562E-03
-6.8791800E-01,2.19727E+00,6.83594E-02
-6.8789952E-01,2.21680E+00,9.76562E-03
-6.8788104E-01,2.15820E+00,4.88281E-02
-6.8786256E-01,2.23633E+00,9.76562E-03
-6.8784408E-01,2.17773E+00,2.92969E-02
-6.8782560E-01,2.15820E+00,2.92969E-02
-6.8780712E-01,2.17773E+00,1.07422E-01
-6.8778864E-01,2.21680E+00,-2.92969E-02
-6.8777016E-01,2.09961E+00,9.76562E-03
-6.8775168E-01,2.23633E+00,2.92969E-02
-6.8773320E-01,2.13867E+00,2.92969E-02
-6.8771472E-01,2.21680E+00,4.88281E-02
-6.8769624E-01,2.17773E+00,2.92969E-02
-6.8767776E-01,2.13867E+00,2.92969E-02
-6.8765928E-01,2.17773E+00,2.92969E-02
-6.8764080E-01,2.13867E+00,9.76562E-03
-6.8762232E-01,2.13867E+00,1.07422E-01
-6.8760384E-01,2.13867E+00,9.76562E-03
-6.8758536E-01,2.21680E+00,4.88281E-02
-6.8756688E-01,2.13867E+00,2.92969E-02
-6.8754840E-01,2.17773E+00,6.83594E-02
-6.8752992E-01,2.17773E+00,9.76562E-03
-6.8751144E-01,2.17773E+00,2.92969E-02
-6.8749296E-01,2.21680E+00,9.76562E-03
-6.8747448E-01,2.15820E+00,6.83594E-02
-6.8745600E-01,2.21680E+00,9.76562E-03
-6.8743752E-01,2.13867E+00,6.83594E-02
-6.8741904E-01,2.21680E+00,-9.76562E-03
-6.8740056E-01,2.17773E+00,4.88281E-02
-6.8738208E-01,2.27539E+00,6.83594E-02
-6.8736360E-01,2.11914E+00,6.83594E-02
-6.8734512E-01,2.17773E+00,-9.76562E-03
-6.8732664E-01,2.15820E+00,6.83594E-02
-6.8730816E-01,2.15820E+00,-4.88281E-02
-6.8728968E-01,2.15820E+00,9.76562E-03
-6.8727120E-01,2.29492E+00,4.88281E-02
-6.8725272E-01,2.17773E+00,2.92969E-02
-6.8723424E-01,2.21680E+00,6.83594E-02
-6.8721576E-01,2.13867E+00,4.88281E-02
-6.8719728E-01,2.21680E+00,4.88281E-02
-6.8717880E-01,2.13867E+00,8.78906E-02
-6.8716032E-01,2.11914E+00,-4.88281E-02
-6.8714184E-01,2.19727E+00,1.07422E-01
-6.8712336E-01,2.13867E+00,9.76562E-03
-6.8710488E-01,2.15820E+00,-2.92969E-02
-6.8708640E-01,2.21680E+00,-2.92969E-02
-6.8706792E-01,2.15820E+00,2.92969E-02
-6.8704944E-01,2.15820E+00,9.76562E-03
-6.8703096E-01,2.13867E+00,2.92969E-02
-6.8701248E-01,2.19727E+00,9.76562E-03
-6.8699400E-01,2.13867E+00,4.88281E-02
-6.8697552E-01,2.17773E+00,4.88281E-02
-6.8695704E-01,2.21680E+00,-6.83594E-02
-6.8693856E-01,2.19727E+00,4.88281E-02
-6.8692008E-01,2.13867E+00,4.88281E-02
-6.8690160E-01,2.21680E+00,9.76562E-03
-6.8688312E-01,2.21680E+00,6.83594E-02
-6.8686464E-01,2.21680E+00,4.88281E-02
-6.8684616E-01,2.15820E+00,6.83594E-02
-6.8682768E-01,2.21680E+00,9.76562E-03
-6.8680920E-01,2.13867E+00,4.88281E-02
-6.8679072E-01,2.19727E+00,2.92969E-02
-6.8677224E-01,2.13867E+00,6.83594E-02
-6.8675376E-01,2.17773E+00,2.92969E-02
-6.8673528E-01,2.19727E+00,2.92969E-02
-6.8671680E-01,2.23633E+00,-9.76562E-03
-6.8669832E-01,2.13867E+00,4.88281E-02
-6.8667984E-01,2.23633E+00,4.88281E-02
-6.8666136E-01,2.15820E+00,1.07422E-01
-6.8664288E-01,2.23633E+00,9.76562E-03
-6.8662440E-01,2.13867E+00,6.83594E-02
-6.8660592E-01,2.21680E+00,2.92969E-02
-6.8658744E-01,2.21680E+00,2.92969E-02
-6.8656896E-01,2.21680E+00,2.92969E-02
-6.8655048E-01,2.15820E+00,4.88281E-02
-6.8653200E-01,2.27539E+00,9.76562E-03
-6.8651352E-01,2.13867E+00,2.92969E-02
-6.8649504E-01,2.21680E+00,4.88281E-02
-6.8647656E-01,2.17773E+00,6.83594E-02
-6.8645808E-01,2.19727E+00,9.76562E-03
-6.8643960E-01,2.15820E+00,2.92969E-02
-6.8642112E-01,2.21680E+00,9.76562E-03
-6.8640264E-01,2.15820E+00,4.88281E-02
-6.8638416E-01,2.25586E+00,9.76562E-03
-6.8636568E-01,2.19727E+00,4.88281E-02
-6.8634720E-01,2.21680E+00,9.76562E-03
-6.8632872E-01,2.15820E+00,6.83594E-02
-6.8631024E-01,2.21680E+00,4.88281E-02
-6.8629176E-01,2.13867E+00,2.92969E-02
-6.8627328E-01,2.21680E+00,4.88281E-02
-6.8625480E-01,2.11914E+00,2.92969E-02
-6.8623632E-01,2.19727E+00,2.92969E-02
-6.8621784E-01,2.17773E+00,2.92969E-02
-6.8619936E-01,2.25586E+00,9.76562E-03
-6.8618088E-01,2.15820E+00,6.83594E-02
-6.8616240E-01,2.13867E+00,4.88281E-02
-6.8614392E-01,2.25586E+00,9.76562E-03
-6.8612544E-01,2.21680E+00,6.83594E-02
-6.8610696E-01,2.21680E+00,6.83594E-02
-6.8608848E-01,2.19727E+00,6.83594E-02
-6.8607000E-01,2.11914E+00,9.76562E-03
-6.8605152E-01,2.23633E+00,-9.76562E-03
-6.8603304E-01,2.15820E+00,-8.78906E-02
-6.8601456E-01,2.15820E+00,-2.92969E-02
-6.8599608E-01,2.15820E+00,2.92969E-02
-6.8597760E-01,2.15820E+00,6.83594E-02
-6.8595912E-01,2.11914E+00,1.26953E-01
-6.8594064E-01,2.15820E+00,-2.92969E-02
-6.8592216E-01,2.21680E+00,6.83594E-02
-6.8590368E-01,2.19727E+00,4.88281E-02
-6.8588520E-01,2.15820E+00,1.26953E-01
-6.8586672E-01,2.17773E+00,-9.76562E-03
-6.8584824E-01,2.19727E+00,2.92969E-02
-6.8582976E-01,2.27539E+00,2.92969E-02
-6.8581128E-01,2.21680E+00,-9.76562E-03
-6.8579280E-01,2.27539E+00,4.88281E-02
-6.8577432E-01,2.17773E+00,6.83594E-02
-6.8575584E-01,2.15820E+00,2.92969E-02
-6.8573736E-01,2.19727E+00,6.83594E-02
-6.8571888E-01,2.15820E+00,2.92969E-02
-6.8570040E-01,2.15820E+00,1.07422E-01
-6.8568192E-01,2.23633E+00,9.76562E-03
-6.8566344E-01,2.15820E+00,8.78906E-02
-6.8564496E-01,2.21680E+00,6.83594E-02
-6.8562648E-01,2.15820E+00,2.92969E-02
-6.8560800E-01,2.21680E+00,6.83594E-02
-6.8558952E-01,2.13867E+00,2.92969E-02
-6.8557104E-01,2.19727E+00,-9.76562E-03
-6.8555256E-01,2.11914E+00,2.92969E-02
-6.8553408E-01,2.21680E+00,4.88281E-02
-6.8551560E-01,2.23633E+00,2.92969E-02
-6.8549712E-01,2.27539E+00,1.26953E-01
-6.8547864E-01,2.19727E+00,6.83594E-02
-6.8546016E-01,2.19727E+00,4.88281E-02
-6.8544168E-01,2.19727E+00,4.88281E-02
-6.8542320E-01,2.17773E+00,4.88281E-02
-6.8540472E-01,2.11914E+00,-6.83594E-02
-6.8538624E-01,2.15820E+00,4.88281E-02
-6.8536776E-01,2.17773E+00,6.83594E-02
-6.8534928E-01,2.21680E+00,2.92969E-02
-6.8533080E-01,2.19727E+00,6.83594E-02
-6.8531232E-01,2.21680E+00,2.92969E-02
-6.8529384E-01,2.17773E+00,4.88281E-02
-6.8527536E-01,2.27539E+00,-9.76562E-03
-6.8525688E-01,2.17773E+00,8.78906E-02
-6.8523840E-01,2.27539E+00,6.83594E-02
-6.8521992E-01,2.15820E+00,4.88281E-02
-6.8520144E-01,2.21680E+00,4.88281E-02
-6.8518296E-01,2.21680E+00,6.83594E-02
-6.8516448E-01,2.27539E+00,-2.92969E-02
-6.8514600E-01,2.13867E+00,4.88281E-02
-6.8512752E-01,2.21680E+00,2.92969E-02
-6.8510904E-01,2.15820E+00,6.83594E-02
-6.8509056E-01,2.23633E+00,4.88281E-02
-6.8507208E-01,2.19727E+00,-9.76562E-03
-6.8505360E-01,2.23633E+00,9.76562E-03
-6.8503512E-01,2.23633E+00,4.88281E-02
-6.8501664E-01,2.23633E+00,9.76562E-03
-6.8499816E-01,2.17773E+00,6.83594E-02
-6.8497968E-01,2.23633E+00,9.76562E-03
-6.8496120E-01,2.17773E+00,2.92969E-02
-6.8494272E-01,2.27539E+00,-9.76562E-03
-6.8492424E-01,2.19727E+00,4.88281E-02
-6.8490576E-01,2.23633E+00,9.76562E-03
-6.8488728E-01,2.19727E+00,4.88281E-02
-6.8486880E-01,2.21680E+00,2.92969E-02
-6.8485032E-01,2.27539E+00,6.83594E-02
-6.8483184E-01,2.21680E+00,-9.76562E-03
-6.8481336E-01,2.21680E+00,8.78906E-02
-6.8479488E-01,2.23633E+00,9.76562E-03
-6.8477640E-01,2.21680E+00,2.92969E-02
-6.8475792E-01,2.23633E+00,-9.76562E-03
-6.8473944E-01,2.11914E+00,2.92969E-02
-6.8472096E-01,2.15820E+00,2.92969E-02
-6.8470248E-01,2.19727E+00,2.92969E-02
-6.8468400E-01,2.19727E+00,2.92969E-02
-6.8466552E-01,2.17773E+00,1.07422E-01
-6.8464704E-01,2.15820E+00,6.83594E-02
-6.8462856E-01,2.15820E+00,6.83594E-02
-6.8461008E-01,2.19727E+00,4.88281E-02
-6.8459160E-01,2.15820E+00,2.92969E-02
-6.8457312E-01,2.11914E+00,9.76562E-03
-6.8455464E-01,2.19727E+00,6.83594E-02
-6.8453616E-01,2.21680E+00,2.92969E-02
-6.8451768E-01,2.25586E+00,6.83594E-02
-6.8449920E-01,2.21680E+00,4.88281E-02
-6.8448072E-01,2.21680E+00,2.92969E-02
-6.8446224E-01,2.25586E+00,9.76562E-03
-6.8444376E-01,2.19727E+00,2.92969E-02
-6.8442528E-01,2.15820E+00,4.88281E-02
-6.8440680E-01,2.15820E+00,2.92969E-02
-6.8438832E-01,2.21680E+00,9.76562E-03
-6.8436984E-01,2.19727E+00,6.83594E-02
-6.8435136E-01,2.21680E+00,4.88281E-02
-6.8433288E-01,2.19727E+00,2.92969E-02
-6.8431440E-01,2.21680E+00,-9.76562E-03
-6.8429592E-01,2.19727E+00,2.92969E-02
-6.8427744E-01,2.23633E+00,9.76562E-03
-6.8425896E-01,2.21680E+00,2.92969E-02
-6.8424048E-01,2.23633E+00,9.76562E-03
-6.8422200E-01,2.13867E+00,4.88281E-02
-6.8420352E-01,2.15820E+00,4.88281E-02
-6.8418504E-01,2.17773E+00,4.88281E-02
-6.8416656E-01,2.19727E+00,9.76562E-03
-6.8414808E-01,2.21680E+00,6.83594E-02
-6.8412960E-01,2.25586E+00,-9.76562E-03
-6.8411112E-01,2.17773E+00,9.76562E-03
-6.8409264E-01,2.15820E+00,4.88281E-02
-6.8407416E-01,2.15820E+00,9.76562E-03
-6.8405568E-01,2.27539E+00,8.78906E-02
-6.8403720E-01,2.17773E+00,6.83594E-02
-6.8401872E-01,2.21680E+00,9.76562E-03
-6.8400024E-01,2.17773E+00,1.26953E-01
-6.8398176E-01,2.17773E+00,2.92969E-02
-6.8396328E-01,2.25586E+00,8.78906E-02
-6.8394480E-01,2.21680E+00,-2.92969E-02
-6.8392632E-01,2.17773E+00,9.76562E-03
-6.8390784E-01,2.19727E+00,9.76562E-03
-6.8388936E-01,2.19727E+00,6.83594E-02
-6.8387088E-01,2.17773E+00,4.88281E-02
-6.8385240E-01,2.23633E+00,9.76562E-03
-6.8383392E-01,2.17773E+00,4.88281E-02
-6.8381544E-01,2.19727E+00,6.83594E-02
-6.8379696E-01,2.23633E+00,9.76562E-03
-6.8377848E-01,2.15820E+00,6.83594E-02
-6.8376000E-01,2.23633E+00,-2.92969E-02
-6.8374152E-01,2.13867E+00,2.92969E-02
-6.8372304E-01,2.25586E+00,6.83594E-02
-6.8370456E-01,2.21680E+00,2.92969E-02
-6.8368608E-01,2.25586E+00,4.88281E-02
-6.8366760E-01,2.13867E+00,6.83594E-02
-6.8364912E-01,2.21680E+00,4.88281E-02
-6.8363064E-01,2.15820E+00,2.92969E-02
-6.8361216E-01,2.23633E+00,-9.76562E-03
-6.8359368E-01,2.15820E+00,9.76562E-03
-6.8357520E-01,2.19727E+00,8.78906E-02
-6.8355672E-01,2.21680E+00,4.88281E-02
-6.8353824E-01,2.15820E+00,4.88281E-02
-6.8351976E-01,2.15820E+00,2.92969E-02
-6.8350128E-01,2.19727E+00,9.76562E-03
-6.8348280E-01,2.21680E+00,2.92969E-02
-6.8346432E-01,2.19727E+00,1.26953E-01
-6.8344584E-01,2.15820E+00,2.92969E-02
-6.8342736E-01,2.25586E+00,2.92969E-02
-6.8340888E-01,2.21680E+00,2.92969E-02
-6.8339040E-01,2.23633E+00,-9.76562E-03
-6.8337192E-01,2.13867E+00,6.83594E-02
-6.8335344E-01,2.23633E+00,4.88281E-02
-6.8333496E-01,2.27539E+00,2.92969E-02
-6.8331648E-01,2.23633E+00,9.76562E-03
-6.8329800E-01,2.17773E+00,-2.92969E-02
-6.8327952E-01,2.21680E+00,2.92969E-02
-6.8326104E-01,2.19727E+00,6.83594E-02
-6.8324256E-01,2.27539E+00,4.88281E-02
-6.8322408E-01,2.15820E+00,9.76562E-03
-6.8320560E-01,2.25586E+00,6.83594E-02
-6.8318712E-01,2.21680E+00,1.07422E-01
-6.8316864E-01,2.23633E+00,9.76562E-03
-6.8315016E-01,2.11914E+00,2.92969E-02
-6.8313168E-01,2.25586E+00,4.88281E-02
-6.8311320E-01,2.19727E+00,4.88281E-02
-6.8309472E-01,2.15820E+00,4.88281E-02
-6.8307624E-01,2.17773E+00,2.92969E-02
-6.8305776E-01,2.17773E+00,4.88281E-02
-6.8303928E-01,2.08008E+00,-2.92969E-02
-6.8302080E-01,2.25586E+00,2.92969E-02
-6.8300232E-01,2.25586E+00,6.83594E-02
-6.8298384E-01,2.15820E+00,9.76562E-03
-6.8296536E-01,2.09961E+00,9.76562E-03
-6.8294688E-01,2.19727E+00,4.88281E-02
-6.8292840E-01,2.19727E+00,1.07422E-01
-6.8290992E-01,2.17773E+00,9.76562E-03
-6.8289144E-01,2.23633E+00,9.76562E-03
-6.8287296E-01,2.27539E+00,4.88281E-02
-6.8285448E-01,2.15820E+00,4.88281E-02
-6.8283600E-01,2.17773E+00,2.92969E-02
-6.8281752E-01,2.17773E+00,8.78906E-02
-6.8279904E-01,2.13867E+00,9.76562E-03
-6.8278056E-01,2.19727E+00,6.83594E-02
-6.8276208E-01,2.15820E+00,4.88281E-02
-6.8274360E-01,2.19727E+00,4.88281E-02
-6.8272512E-01,2.19727E+00,9.76562E-03
-6.8270664E-01,2.15820E+00,4.88281E-02
-6.8268816E-01,2.13867E+00,4.88281E-02
-6.8266968E-01,2.19727E+00,2.92969E-02
-6.8265120E-01,2.23633E+00,9.76562E-03
-6.8263272E-01,2.15820E+00,4.88281E-02
-6.8261424E-01,2.21680E+00,4.88281E-02
-6.8259576E-01,2.19727E+00,4.88281E-02
-6.8257728E-01,2.27539E+00,-9.76562E-03
-6.8255880E-01,2.19727E+00,6.83594E-02
-6.8254032E-01,2.15820E+00,4.88281E-02
-6.8252184E-01,2.25586E+00,4.88281E-02
-6.8250336E-01,2.15820E+00,2.92969E-02
-6.8248488E-01,2.27539E+00,6.83594E-02
-6.8246640E-01,2.23633E+00,2.92969E-02
-6.8244792E-01,2.29492E+00,4.88281E-02
-6.8242944E-01,2.19727E+00,2.92969E-02
-6.8241096E-01,2.13867E+00,-2.92969E-02
-6.8239248E-01,2.25586E+00,-9.76562E-03
-6.8237400E-01,2.23633E+00,2.92969E-02
-6.8235552E-01,2.17773E+00,9.76562E-03
-6.8233704E-01,2.21680E+00,2.92969E-02
-6.8231856E-01,2.21680E+00,9.76562E-03
-6.8230008E-01,2.21680E+00,6.83594E-02
-6.8228160E-01,2.19727E+00,1.07422E-01
-6.8226312E-01,2.27539E+00,8.78906E-02
-6.8224464E-01,2.21680E+00,2.92969E-02
-6.8222616E-01,2.21680E+00,6.83594E-02
-6.8220768E-01,2.23633E+00,-9.76562E-03
-6.8218920E-01,2.21680E+00,9.76562E-03
-6.8217072E-01,2.21680E+00,2.92969E-02
-6.8215224E-01,2.23633E+00,4.88281E-02
-6.8213376E-01,2.25586E+00,2.92969E-02
-6.8211528E-01,2.17773E+00,6.83594E-02
-6.8209680E-01,2.27539E+00,9.76562E-03
-6.8207832E-01,2.17773E+00,9.76562E-03
-6.8205984E-01,2.15820E+00,4.88281E-02
-6.8204136E-01,2.19727E+00,2.92969E-02
-6.8202288E-01,2.15820E+00,-9.76562E-03
-6.8200440E-01,2.27539E+00,6.83594E-02
-6.8198592E-01,2.17773E+00,9.76562E-03
-6.8196744E-01,2.17773E+00,1.07422E-01
-6.8194896E-01,2.21680E+00,-2.92969E-02
-6.8193048E-01,2.17773E+00,2.92969E-02
-6.8191200E-01,2.23633E+00,9.76562E-03
-6.8189352E-01,2.17773E+00,9.76562E-03
-6.8187504E-01,2.25586E+00,8.78906E-02
-6.8185656E-01,2.21680E+00,6.83594E-02
-6.8183808E-01,2.23633E+00,2.92969E-02
-6.8181960E-01,2.19727E+00,6.83594E-02
-6.8180112E-01,2.25586E+00,9.76562E-03
-6.8178264E-01,2.17773E+00,6.83594E-02
-6.8176416E-01,2.27539E+00,2.92969E-02
-6.8174568E-01,2.17773E+00,1.07422E-01
-6.8172720E-01,2.21680E+00,4.88281E-02
-6.8170872E-01,2.21680E+00,6.83594E-02
-6.8169024E-01,2.17773E+00,4.88281E-02
-6.8167176E-01,2.25586E+00,9.76562E-03
-6.8165328E-01,2.23633E+00,2.92969E-02
-6.8163480E-01,2.23633E+00,4.88281E-02
-6.8161632E-01,2.19727E+00,9.76562E-03
-6.8159784E-01,2.17773E+00,4.88281E-02
-6.8157936E-01,2.13867E+00,4.88281E-02
-6.8156088E-01,2.13867E+00,1.07422E-01
-6.8154240E-01,2.15820E+00,9.76562E-03
-6.8152392E-01,2.21680E+00,6.83594E-02
-6.8150544E-01,2.27539E+00,4.88281E-02
-6.8148696E-01,2.15820E+00,4.88281E-02
-6.8146848E-01,2.17773E+00,-2.92969E-02
-6.8145000E-01,2.19727E+00,9.76562E-03
-6.8143152E-01,2.21680E+00,-9.76562E-03
-6.8141304E-01,2.15820E+00,2.92969E-02
-6.8139456E-01,2.21680E+00,6.83594E-02
-6.8137608E-01,2.23633E+00,4.88281E-02
-6.8135760E-01,2.17773E+00,2.92969E-02
-6.8133912E-01,2.25586E+00,4.88281E-02
-6.8132064E-01,2.25586E+00,2.92969E-02
-6.8130216E-01,2.08008E+00,6.83594E-02
-6.8128368E-01,2.13867E+00,-9.76562E-03
-6.8126520E-01,2.09961E+00,9.76562E-03
-6.8124672E-01,2.19727E+00,4.88281E-02
-6.8122824E-01,2.23633E+00,6.83594E-02
-6.8120976E-01,2.15820E+00,4.88281E-02
-6.8119128E-01,2.23633E+00,4.88281E-02
-6.8117280E-01,2.23633E+00,-9.76562E-03
-6.8115432E-01,2.17773E+00,8.78906E-02
-6.8113584E-01,2.19727E+00,1.26953E-01
-6.8111736E-01,2.15820E+00,6.83594E-02
-6.8109888E-01,2.27539E+00,9.76562E-03
-6.8108040E-01,2.21680E+00,1.07422E-01
-6.8106192E-01,2.21680E+00,2.92969E-02
-6.8104344E-01,2.17773E+00,6.83594E-02
-6.8102496E-01,2.25586E+00,9.76562E-03
-6.8100648E-01,2.23633E+00,2.92969E-02
-6.8098800E-01,2.27539E+00,9.76562E-03
-6.8096952E-01,2.17773E+00,2.92969E-02
-6.8095104E-01,2.17773E+00,4.88281E-02
-6.8093256E-01,2.17773E+00,4.88281E-02
-6.8091408E-01,2.19727E+00,4.88281E-02
-6.8089560E-01,2.21680E+00,9.76562E-03
-6.8087712E-01,2.23633E+00,9.76562E-03
-6.8085864E-01,2.19727E+00,1.26953E-01
-6.8084016E-01,2.17773E+00,9.76562E-03
-6.8082168E-01,2.23633E+00,8.78906E-02
-6.8080320E-01,2.23633E+00,9.76562E-03
-6.8078472E-01,2.17773E+00,6.83594E-02
-6.8076624E-01,2.25586E+00,2.92969E-02
-6.8074776E-01,2.21680E+00,1.07422E-01
-6.8072928E-01,2.23633E+00,2.92969E-02
-6.8071080E-01,2.21680E+00,2.92969E-02
-6.8069232E-01,2.21680E+00,2.92969E-02
-6.8067384E-01,2.23633E+00,6.83594E-02
-6.8065536E-01,2.25586E+00,4.88281E-02
-6.8063688E-01,2.19727E+00,8.78906E-02
-6.8061840E-01,2.23633E+00,2.92969E-02
-6.8059992E-01,2.27539E+00,2.92969E-02
-6.8058144E-01,2.23633E+00,9.76562E-03
-6.8056296E-01,2.23633E+00,6.83594E-02
-6.8054448E-01,2.27539E+00,-9.76562E-03
-6.8052600E-01,2.17773E+00,4.88281E-02
-6.8050752E-01,2.15820E+00,4.88281E-02
-6.8048904E-01,2.17773E+00,2.92969E-02
-6.8047056E-01,2.21680E+00,8.78906E-02
-6.8045208E-01,2.15820E+00,2.92969E-02
-6.8043360E-01,2.23633E+00,9.76562E-03
-6.8041512E-01,2.19727E+00,4.88281E-02
-6.8039664E-01,2.21680E+00,6.83594E-02
-6.8037816E-01,2.25586E+00,2.92969E-02
-6.8035968E-01,2.27539E+00,2.92969E-02
-6.8034120E-01,2.13867E+00,6.83594E-02
-6.8032272E-01,2.21680E+00,9.76562E-03
-6.8030424E-01,2.21680E+00,2.92969E-02
-6.8028576E-01,2.19727E+00,2.92969E-02
-6.8026728E-01,2.15820E+00,4.88281E-02
-6.8024880E-01,2.21680E+00,-2.92969E-02
-6.8023032E-01,2.21680E+00,2.92969E-02
-6.8021184E-01,2.23633E+00,6.83594E-02
-6.8019336E-01,2.21680E+00,2.92969E-02
-6.8017488E-01,2.17773E+00,2.92969E-02
-6.8015640E-01,2.21680E+00,4.88281E-02
-6.8013792E-01,2.21680E+00,2.92969E-02
-6.8011944E-01,2.19727E+00,-9.76562E-03
-6.8010096E-01,2.23633E+00,9.76562E-03
-6.8008248E-01,2.17773E+00,6.83594E-02
-6.8006400E-01,2.19727E+00,2.92969E-02
-6.8004552E-01,2.11914E+00,2.92969E-02
-6.8002704E-01,2.17773E+00,-9.76562E-03
-6.8000856E-01,2.21680E+00,6.83594E-02
-6.7999008E-01,2.19727E+00,9.76562E-03
-6.7997160E-01,2.21680E+00,4.88281E-02
-6.7995312E-01,2.15820E+00,2.92969E-02
-6.7993464E-01,2.21680E+00,2.92969E-02
-6.7991616E-01,2.21680E+00,9.76562E-03
-6.7989768E-01,2.21680E+00,8.78906E-02
-6.7987920E-01,2.27539E+00,-9.76562E-03
-6.7986072E-01,2.15820E+00,1.07422E-01
-6.7984224E-01,2.27539E+00,4.88281E-02
-6.7982376E-01,2.19727E+00,-4.88281E-02
-6.7980528E-01,2.17773E+00,-2.92969E-02
-6.7978680E-01,2.13867E+00,8.78906E-02
-6.7976832E-01,2.19727E+00,4.88281E-02
-6.7974984E-01,2.21680E+00,6.83594E-02
-6.7973136E-01,2.27539E+00,9.76562E-03
-6.7971288E-01,2.25586E+00,1.26953E-01
-6.7969440E-01,2.21680E+00,-9.76562E-03
-6.7967592E-01,2.19727E+00,4.88281E-02
-6.7965744E-01,2.21680E+00,-9.76562E-03
-6.7963896E-01,2.17773E+00,6.83594E-02
-6.7962048E-01,2.19727E+00,6.83594E-02
-6.7960200E-01,2.19727E+00,9.76562E-03
-6.7958352E-01,2.23633E+00,2.92969E-02
-6.7956504E-01,2.25586E+00,2.92969E-02
-6.7954656E-01,2.19727E+00,4.88281E-02
-6.7952808E-01,2.17773E+00,1.07422E-01
-6.7950960E-01,2.19727E+00,9.76562E-03
-6.7949112E-01,2.19727E+00,-2.92969E-02
-6.7947264E-01,2.19727E+00,9.76562E-03
-6.7945416E-01,2.21680E+00,6.83594E-02
-6.7943568E-01,2.25586E+00,9.76562E-03
-6.7941720E-01,2.21680E+00,4.88281E-02
-6.7939872E-01,2.23633E+00,1.07422E-01
-6.7938024E-01,2.23633E+00,2.92969E-02
-6.7936176E-01,2.21680E+00,6.83594E-02
-6.7934328E-01,2.23633E+00,6.83594E-02
-6.7932480E-01,2.21680E+00,4.88281E-02
-6.7930632E-01,2.17773E+00,4.88281E-02
-6.7928784E-01,2.21680E+00,2.92969E-02
-6.7926936E-01,2.25586E+00,1.07422E-01
-6.7925088E-01,2.25586E+00,8.78906E-02
-6.7923240E-01,2.19727E+00,2.92969E-02
-6.7921392E-01,2.23633E+00,4.88281E-02
-6.7919544E-01,2.23633E+00,8.78906E-02
-6.7917696E-01,2.25586E+00,-6.83594E-02
-6.7915848E-01,2.23633E+00,4.88281E-02
-6.7914000E-01,2.23633E+00,2.92969E-02
-6.7912152E-01,2.23633E+00,8.78906E-02
-6.7910304E-01,2.29492E+00,-9.76562E-03
-6.7908456E-01,2.25586E+00,2.92969E-02
-6.7906608E-01,2.23633E+00,9.76562E-03
-6.7904760E-01,2.13867E+00,1.26953E-01
-6.7902912E-01,2.29492E+00,1.07422E-01
-6.7901064E-01,2.15820E+00,4.88281E-02
-6.7899216E-01,2.21680E+00,-4.88281E-02
-6.7897368E-01,2.25586E+00,4.88281E-02
-6.7895520E-01,2.25586E+00,-9.76562E-03
-6.7893672E-01,2.19727E+00,9.76562E-03
-6.7891824E-01,2.17773E+00,8.78906E-02
-6.7889976E-01,2.13867E+00,4.88281E-02
-6.7888128E-01,2.21680E+00,9.76562E-03
-6.7886280E-01,2.17773E+00,4.88281E-02
-6.7884432E-01,2.15820E+00,4.88281E-02
-6.7882584E-01,2.21680E+00,4.88281E-02
-6.7880736E-01,2.25586E+00,2.92969E-02
-6.7878888E-01,2.21680E+00,2.92969E-02
-6.7877040E-01,2.29492E+00,2.92969E-02
-6.7875192E-01,2.17773E+00,6.83594E-02
-6.7873344E-01,2.23633E+00,4.88281E-02
-6.7871496E-01,2.15820E+00,2.92969E-02
-6.7869648E-01,2.23633E+00,2.92969E-02
-6.7867800E-01,2.19727E+00,4.88281E-02
-6.7865952E-01,2.25586E+00,9.76562E-03
-6.7864104E-01,2.17773E+00,6.83594E-02
-6.7862256E-01,2.25586E+00,4.88281E-02
-6.7860408E-01,2.13867E+00,6.83594E-02
-6.7858560E-01,2.21680E+00,9.76562E-03
-6.7856712E-01,2.17773E+00,6.83594E-02
-6.7854864E-01,2.23633E+00,-9.76562E-03
-6.7853016E-01,2.17773E+00,6.83594E-02
-6.7851168E-01,2.21680E+00,-2.92969E-02
-6.7849320E-01,2.25586E+00,4.88281E-02
-6.7847472E-01,2.17773E+00,8.78906E-02
-6.7845624E-01,2.25586E+00,4.88281E-02
-6.7843776E-01,2.23633E+00,9.76562E-03
-6.7841928E-01,2.19727E+00,2.92969E-02
-6.7840080E-01,2.17773E+00,2.92969E-02
-6.7838232E-01,2.19727E+00,2.92969E-02
-6.7836384E-01,2.27539E+00,8.78906E-02
-6.7834536E-01,2.19727E+00,-2.92969E-02
-6.7832688E-01,2.27539E+00,9.76562E-03
-6.7830840E-01,2.19727E+00,8.78906E-02
-6.7828992E-01,2.23633E+00,9.76562E-03
-6.7827144E-01,2.21680E+00,9.76562E-03
-6.7825296E-01,2.21680E+00,-9.76562E-03
-6.7823448E-01,2.21680E+00,4.88281E-02
-6.7821600E-01,2.19727E+00,2.92969E-02
-6.7819752E-01,2.23633E+00,9.76562E-03
-6.7817904E-01,2.29492E+00,-9.76562E-03
-6.7816056E-01,2.21680E+00,8.78906E-02
-6.7814208E-01,2.25586E+00,1.07422E-01
-6.7812360E-01,2.11914E+00,9.76562E-03
-6.7810512E-01,2.21680E+00,4.88281E-02
-6.7808664E-01,2.15820E+00,2.92969E-02
-6.7806816E-01,2.19727E+00,-9.76562E-03
-6.7804968E-01,2.21680E+00,2.92969E-02
-6.7803120E-01,2.25586E+00,4.88281E-02
-6.7801272E-01,2.13867E+00,2.92969E-02
-6.7799424E-01,2.27539E+00,-9.76562E-03
-6.7797576E-01,2.23633E+00,2.92969E-02
-6.7795728E-01,2.15820E+00,2.92969E-02
-6.7793880E-01,2.23633E+00,2.92969E-02
-6.7792032E-01,2.27539E+00,6.83594E-02
-6.7790184E-01,2.17773E+00,4.88281E-02
-6.7788336E-01,2.17773E+00,9.76562E-03
-6.7786488E-01,2.21680E+00,9.76562E-03
-6.7784640E-01,2.23633E+00,2.92969E-02
-6.7782792E-01,2.15820E+00,4.88281E-02
-6.7780944E-01,2.29492E+00,2.92969E-02
-6.7779096E-01,2.17773E+00,2.92969E-02
-6.7777248E-01,2.15820E+00,2.92969E-02
-6.7775400E-01,2.21680E+00,2.92969E-02
-6.7773552E-01,2.21680E+00,-9.76562E-03
-6.7771704E-01,2.27539E+00,-2.92969E-02
-6.7769856E-01,2.27539E+00,4.88281E-02
-6.7768008E-01,2.21680E+00,6.83594E-02
-6.7766160E-01,2.29492E+00,6.83594E-02
-6.7764312E-01,2.25586E+00,4.88281E-02
-6.7762464E-01,2.19727E+00,4.88281E-02
-6.7760616E-01,2.17773E+00,9.76562E-03
-6.7758768E-01,2.21680E+00,9.76562E-03
-6.7756920E-01,2.23633E+00,6.83594E-02
-6.7755072E-01,2.21680E+00,9.76562E-03
-6.7753224E-01,2.15820E+00,6.83594E-02
-6.7751376E-01,2.23633E+00,4.88281E-02
-6.7749528E-01,2.27539E+00,4.88281E-02
-6.7747680E-01,2.17773E+00,2.92969E-02
-6.7745832E-01,2.21680E+00,2.92969E-02
-6.7743984E-01,2.25586E+00,9.76562E-03
-6.7742136E-01,2.15820E+00,2.92969E-02
-6.7740288E-01,2.21680E+00,9.76562E-03
-6.7738440E-01,2.23633E+00,6.83594E-02
-6.7736592E-01,2.21680E+00,2.92969E-02
-6.7734744E-01,2.17773E+00,4.88281E-02
-6.7732896E-01,2.25586E+00,-9.76562E-03
-6.7731048E-01,2.15820E+00,4.88281E-02
-6.7729200E-01,2.21680E+00,9.76562E-03
-6.7727352E-01,2.27539E+00,6.83594E-02
-6.7725504E-01,2.17773E+00,9.76562E-03
-6.7723656E-01,2.21680E+00,6.83594E-02
-6.7721808E-01,2.23633E+00,-2.92969E-02
-6.7719960E-01,2.21680E+00,4.88281E-02
-6.7718112E-01,2.13867E+00,-9.76562E-03
-6.7716264E-01,2.23633E+00,6.83594E-02
-6.7714416E-01,2.29492E+00,4.88281E-02
-6.7712568E-01,2.23633E+00,2.92969E-02
-6.7710720E-01,2.25586E+00,-9.76562E-03
-6.7708872E-01,2.17773E+00,9.76562E-03
-6.7707024E-01,2.23633E+00,4.88281E-02
-6.7705176E-01,2.23633E+00,2.92969E-02
-6.7703328E-01,2.25586E+00,9.76562E-03
-6.7701480E-01,2.19727E+00,2.92969E-02
-6.7699632E-01,2.21680E+00,2.92969E-02
-6.7697784E-01,2.17773E+00,4.88281E-02
-6.7695936E-01,2.27539E+00,4.88281E-02
-6.7694088E-01,2.15820E+00,6.83594E-02
-6.7692240E-01,2.23633E+00,6.83594E-02
-6.7690392E-01,2.17773E+00,8.78906E-02
-6.7688544E-01,2.27539E+00,6.83594E-02
-6.7686696E-01,2.15820E+00,1.26953E-01
-6.7684848E-01,2.23633E+00,8.78906E-02
-6.7683000E-01,2.15820E+00,6.83594E-02
-6.7681152E-01,2.25586E+00,4.88281E-02
-6.7679304E-01,2.23633E+00,2.92969E-02
-6.7677456E-01,2.21680E+00,2.92969E-02
-6.7675608E-01,2.21680E+00,8.78906E-02
-6.7673760E-01,2.27539E+00,-9.76562E-03
-6.7671912E-01,2.21680E+00,8.78906E-02
-6.7670064E-01,2.21680E+00,2.92969E-02
-6.7668216E-01,2.19727E+00,4.88281E-02
-6.7666368E-01,2.19727E+00,9.76562E-03
-6.7664520E-01,2.27539E+00,4.88281E-02
-6.7662672E-01,2.21680E+00,9.76562E-03
-6.7660824E-01,2.15820E+00,2.92969E-02
-6.7658976E-01,2.21680E+00,2.92969E-02
-6.7657128E-01,2.23633E+00,6.83594E-02
-6.7655280E-01,2.21680E+00,4.88281E-02
-6.7653432E-01,2.21680E+00,4.88281E-02
-6.7651584E-01,2.21680E+00,-9.76562E-03
-6.7649736E-01,2.23633E+00,2.92969E-02
-6.7647888E-01,2.13867E+00,9.76562E-03
-6.7646040E-01,2.17773E+00,4.88281E-02
-6.7644192E-01,2.27539E+00,2.92969E-02
-6.7642344E-01,2.19727E+00,6.83594E-02
-6.7640496E-01,2.19727E+00,4.88281E-02
-6.7638648E-01,2.19727E+00,4.88281E-02
-6.7636800E-01,2.19727E+00,9.76562E-03
-6.7634952E-01,2.15820E+00,4.88281E-02
-6.7633104E-01,2.15820E+00,6.83594E-02
-6.7631256E-01,2.21680E+00,4.88281E-02
-6.7629408E-01,2.21680E+00,2.92969E-02
-6.7627560E-01,2.19727E+00,6.83594E-02
-6.7625712E-01,2.27539E+00,9.76562E-03
-6.7623864E-01,2.17773E+00,2.92969E-02
-6.7622016E-01,2.25586E+00,4.88281E-02
-6.7620168E-01,2.17773E+00,-2.92969E-02
-6.7618320E-01,2.25586E+00,9.76562E-03
-6.7616472E-01,2.23633E+00,2.92969E-02
-6.7614624E-01,2.33398E+00,2.92969E-02
-6.7612776E-01,2.23633E+00,-2.92969E-02
-6.7610928E-01,2.27539E+00,4.88281E-02
-6.7609080E-01,2.21680E+00,4.88281E-02
-6.7607232E-01,2.25586E+00,-9.76562E-03
-6.7605384E-01,2.27539E+00,1.07422E-01
-6.7603536E-01,2.29492E+00,6.83594E-02
-6.7601688E-01,2.23633E+00,1.07422E-01
-6.7599840E-01,2.27539E+00,8.78906E-02
-6.7597992E-01,2.19727E+00,6.83594E-02
-6.7596144E-01,2.25586E+00,-9.76562E-03
-6.7594296E-01,2.21680E+00,9.76562E-03
-6.7592448E-01,2.29492E+00,9.76562E-03
-6.7590600E-01,2.21680E+00,4.88281E-02
-6.7588752E-01,2.27539E+00,-9.76562E-03
-6.7586904E-01,2.27539E+00,9.76562E-03
-6.7585056E-01,2.27539E+00,2.92969E-02
-6.7583208E-01,2.25586E+00,4.88281E-02
-6.7581360E-01,2.27539E+00,2.92969E-02
-6.7579512E-01,2.25586E+00,6.83594E-02
-6.7577664E-01,2.27539E+00,9.76562E-03
-6.7575816E-01,2.29492E+00,4.88281E-02
-6.7573968E-01,2.25586E+00,6.83594E-02
-6.7572120E-01,2.23633E+00,6.83594E-02
-6.7570272E-01,2.17773E+00,9.76562E-03
-6.7568424E-01,2.19727E+00,8.78906E-02
-6.7566576E-01,2.29492E+00,9.76562E-03
-6.7564728E-01,2.17773E+00,9.76562E-03
-6.7562880E-01,2.25586E+00,9.76562E-03
-6.7561032E-01,2.25586E+00,9.76562E-03
-6.7559184E-01,2.27539E+00,-2.92969E-02
-6.7557336E-01,2.19727E+00,2.92969E-02
-6.7555488E-01,2.29492E+00,9.76562E-03
-6.7553640E-01,2.31445E+00,6.83594E-02
-6.7551792E-01,2.25586E+00,2.92969E-02
-6.7549944E-01,2.21680E+00,4.88281E-02
-6.7548096E-01,2.21680E+00,4.88281E-02
-6.7546248E-01,2.19727E+00,6.83594E-02
-6.7544400E-01,2.21680E+00,-9.76562E-03
-6.7542552E-01,2.23633E+00,2.92969E-02
-6.7540704E-01,2.25586E+00,-9.76562E-03
-6.7538856E-01,2.23633E+00,1.07422E-01
-6.7537008E-01,2.13867E+00,9.76562E-03
-6.7535160E-01,2.19727E+00,2.92969E-02
-6.7533312E-01,2.21680E+00,-9.76562E-03
-6.7531464E-01,2.27539E+00,9.76562E-03
-6.7529616E-01,2.23633E+00,2.92969E-02
-6.7527768E-01,2.25586E+00,2.92969E-02
-6.7525920E-01,2.27539E+00,9.76562E-03
-6.7524072E-01,2.23633E+00,4.88281E-02
-6.7522224E-01,2.21680E+00,-9.76562E-03
-6.7520376E-01,2.23633E+00,2.92969E-02
-6.7518528E-01,2.25586E+00,2.92969E-02
-6.7516680E-01,2.23633E+00,6.83594E-02
-6.7514832E-01,2.27539E+00,-9.76562E-03
-6.7512984E-01,2.21680E+00,8.78906E-02
-6.7511136E-01,2.25586E+00,2.92969E-02
-6.7509288E-01,2.19727E+00,6.83594E-02
-6.7507440E-01,2.27539E+00,9.76562E-03
-6.7505592E-01,2.23633E+00,4.88281E-02
-6.7503744E-01,2.25586E+00,4.88281E-02
-6.7501896E-01,2.23633E+00,6.83594E-02
-6.7500048E-01,2.21680E+00,-9.76562E-03
-6.7498200E-01,2.19727E+00,-2.92969E-02
-6.7496352E-01,2.21680E+00,2.92969E-02
-6.7494504E-01,2.23633E+00,2.92969E-02
-6.7492656E-01,2.23633E+00,-2.92969E-02
-6.7490808E-01,2.23633E+00,4.88281E-02
-6.7488960E-01,2.19727E+00,-9.76562E-03
-6.7487112E-01,2.23633E+00,6.83594E-02
-6.7485264E-01,2.27539E+00,-9.76562E-03
-6.7483416E-01,2.15820E+00,4.88281E-02
-6.7481568E-01,2.27539E+00,2.92969E-02
-6.7479720E-01,2.25586E+00,2.92969E-02
-6.7477872E-01,2.19727E+00,2.92969E-02
-6.7476024E-01,2.27539E+00,9.76562E-03
-6.7474176E-01,2.25586E+00,9.76562E-03
-6.7472328E-01,2.25586E+00,4.88281E-02
-6.7470480E-01,2.25586E+00,4.88281E-02
-6.7468632E-01,2.13867E+00,8.78906E-02
-6.7466784E-01,2.27539E+00,4.88281E-02
-6.7464936E-01,2.21680E+00,1.07422E-01
-6.7463088E-01,2.23633E+00,6.83594E-02
-6.7461240E-01,2.23633E+00,4.88281E-02
-6.7459392E-01,2.25586E+00,6.83594E-02
-6.7457544E-01,2.19727E+00,6.83594E-02
-6.7455696E-01,2.23633E+00,4.88281E-02
-6.7453848E-01,2.25586E+00,6.83594E-02
-6.7452000E-01,2.21680E+00,2.92969E-02
-6.7450152E-01,2.21680E+00,2.92969E-02
-6.7448304E-01,2.27539E+00,9.76562E-03
-6.7446456E-01,2.25586E+00,-4.88281E-02
-6.7444608E-01,2.23633E+00,9.76562E-03
-6.7442760E-01,2.21680E+00,4.88281E-02
-6.7440912E-01,2.25586E+00,8.78906E-02
-6.7439064E-01,2.25586E+00,2.92969E-02
-6.7437216E-01,2.23633E+00,9.76562E-03
-6.7435368E-01,2.21680E+00,6.83594E-02
-6.7433520E-01,2.21680E+00,2.92969E-02
-6.7431672E-01,2.19727E+00,6.83594E-02
-6.7429824E-01,2.25586E+00,9.76562E-03
-6.7427976E-01,2.27539E+00,6.83594E-02
-6.7426128E-01,2.21680E+00,-9.76562E-03
-6.7424280E-01,2.25586E+00,6.83594E-02
-6.7422432E-01,2.27539E+00,2.92969E-02
-6.7420584E-01,2.23633E+00,9.76562E-03
-6.7418736E-01,2.27539E+00,-2.92969E-02
-6.7416888E-01,2.23633E+00,8.78906E-02
-6.7415040E-01,2.25586E+00,4.88281E-02
-6.7413192E-01,2.27539E+00,6.83594E-02
-6.7411344E-01,2.25586E+00,2.92969E-02
-6.7409496E-01,2.27539E+00,4.88281E-02
-6.7407648E-01,2.21680E+00,9.76562E-03
-6.7405800E-01,2.25586E+00,8.78906E-02
-6.7403952E-01,2.25586E+00,6.83594E-02
-6.7402104E-01,2.25586E+00,4.88281E-02
-6.7400256E-01,2.25586E+00,-9.76562E-03
-6.7398408E-01,2.17773E+00,8.78906E-02
-6.7396560E-01,2.27539E+00,2.92969E-02
-6.7394712E-01,2.23633E+00,6.83594E-02
-6.7392864E-01,2.21680E+00,-9.76562E-03
-6.7391016E-01,2.23633E+00,4.88281E-02
-6.7389168E-01,2.25586E+00,4.88281E-02
-6.7387320E-01,2.21680E+00,9.76562E-03
-6.7385472E-01,2.27539E+00,2.92969E-02
-6.7383624E-01,2.21680E+00,4.88281E-02
-6.7381776E-01,2.27539E+00,6.83594E-02
-6.7379928E-01,2.21680E+00,9.76562E-03
-6.7378080E-01,2.21680E+00,4.88281E-02
-6.7376232E-01,2.17773E+00,4.88281E-02
-6.7374384E-01,2.21680E+00,2.92969E-02
-6.7372536E-01,2.17773E+00,4.88281E-02
-6.7370688E-01,2.25586E+00,2.92969E-02
-6.7368840E-01,2.21680E+00,2.92969E-02
-6.7366992E-01,2.27539E+00,6.83594E-02
-6.7365144E-01,2.17773E+00,1.07422E-01
-6.7363296E-01,2.29492E+00,9.76562E-03
-6.7361448E-01,2.25586E+00,9.76562E-03
-6.7359600E-01,2.25586E+00,4.88281E-02
-6.7357752E-01,2.15820E+00,2.92969E-02
-6.7355904E-01,2.25586E+00,2.92969E-02
-6.7354056E-01,2.23633E+00,6.83594E-02
-6.7352208E-01,2.19727E+00,2.92969E-02
-6.7350360E-01,2.27539E+00,6.83594E-02
-6.7348512E-01,2.25586E+00,9.76562E-03
-6.7346664E-01,2.27539E+00,2.92969E-02
-6.7344816E-01,2.27539E+00,9.76562E-03
-6.7342968E-01,2.15820E+00,8.78906E-02
-6.7341120E-01,2.23633E+00,2.92969E-02
-6.7339272E-01,2.19727E+00,8.78906E-02
-6.7337424E-01,2.21680E+00,4.88281E-02
-6.7335576E-01,2.15820E+00,6.83594E-02
-6.7333728E-01,2.29492E+00,9.76562E-03
-6.7331880E-01,2.19727E+00,6.83594E-02
-6.7330032E-01,2.27539E+00,2.92969E-02
-6.7328184E-01,2.21680E+00,2.92969E-02
-6.7326336E-01,2.21680E+00,-9.76562E-03
-6.7324488E-01,2.19727E+00,6.83594E-02
-6.7322640E-01,2.21680E+00,9.76562E-03
-6.7320792E-01,2.31445E+00,2.92969E-02
-6.7318944E-01,2.29492E+00,4.88281E-02
-6.7317096E-01,2.21680E+00,4.88281E-02
-6.7315248E-01,2.23633E+00,4.88281E-02
-6.7313400E-01,2.25586E+00,2.92969E-02
-6.7311552E-01,2.25586E+00,4.88281E-02
-6.7309704E-01,2.21680E+00,4.88281E-02
-6.7307856E-01,2.25586E+00,4.88281E-02
-6.7306008E-01,2.27539E+00,6.83594E-02
-6.7304160E-01,2.15820E+00,9.76562E-03
-6.7302312E-01,2.27539E+00,6.83594E-02
-6.7300464E-01,2.29492E+00,2.92969E-02
-6.7298616E-01,2.23633E+00,6.83594E-02
-6.7296768E-01,2.15820E+00,9.76562E-03
-6.7294920E-01,2.17773E+00,4.88281E-02
-6.7293072E-01,2.23633E+00,4.88281E-02
-6.7291224E-01,2.23633E+00,1.07422E-01
-6.7289376E-01,2.29492E+00,-9.76562E-03
-6.7287528E-01,2.23633E+00,4.88281E-02
-6.7285680E-01,2.23633E+00,-9.76562E-03
-6.7283832E-01,2.21680E+00,4.88281E-02
-6.7281984E-01,2.23633E+00,6.83594E-02
-6.7280136E-01,2.29492E+00,6.83594E-02
-6.7278288E-01,2.25586E+00,-9.76562E-03
-6.7276440E-01,2.25586E+00,6.83594E-02
-6.7274592E-01,2.33398E+00,2.92969E-02
-6.7272744E-01,2.25586E+00,4.88281E-02
-6.7270896E-01,2.23633E+00,2.92969E-02
-6.7269048E-01,2.31445E+00,2.92969E-02
-6.7267200E-01,2.25586E+00,6.83594E-02
-6.7265352E-01,2.25586E+00,4.88281E-02
-6.7263504E-01,2.27539E+00,6.83594E-02
-6.7261656E-01,2.25586E+00,4.88281E-02
-6.7259808E-01,2.27539E+00,6.83594E-02
-6.7257960E-01,2.27539E+00,4.88281E-02
-6.7256112E-01,2.25586E+00,1.07422E-01
-6.7254264E-01,2.21680E+00,6.83594E-02
-6.7252416E-01,2.27539E+00,9.76562E-03
-6.7250568E-01,2.25586E+00,2.92969E-02
-6.7248720E-01,2.27539E+00,4.88281E-02
-6.7246872E-01,2.27539E+00,4.88281E-02
-6.7245024E-01,2.29492E+00,2.92969E-02
-6.7243176E-01,2.25586E+00,2.92969E-02
-6.7241328E-01,2.21680E+00,4.88281E-02
-6.7239480E-01,2.21680E+00,6.83594E-02
-6.7237632E-01,2.23633E+00,-6.83594E-02
-6.7235784E-01,2.23633E+00,4.88281E-02
-6.7233936E-01,2.31445E+00,9.76562E-03
-6.7232088E-01,2.27539E+00,4.88281E-02
-6.7230240E-01,2.21680E+00,9.76562E-03
-6.7228392E-01,2.21680E+00,9.76562E-03
-6.7226544E-01,2.23633E+00,4.88281E-02
-6.7224696E-01,2.21680E+00,4.88281E-02
-6.7222848E-01,2.27539E+00,4.88281E-02
-6.7221000E-01,2.19727E+00,9.76562E-03
-6.7219152E-01,2.25586E+00,6.83594E-02
-6.7217304E-01,2.25586E+00,4.88281E-02
-6.7215456E-01,2.27539E+00,9.76562E-03
-6.7213608E-01,2.27539E+00,-4.88281E-02
-6.7211760E-01,2.25586E+00,9.76562E-03
-6.7209912E-01,2.23633E+00,6.83594E-02
-6.7208064E-01,2.29492E+00,2.92969E-02
-6.7206216E-01,2.25586E+00,-9.76562E-03
-6.7204368E-01,2.25586E+00,6.83594E-02
-6.7202520E-01,2.21680E+00,4.88281E-02
-6.7200672E-01,2.23633E+00,4.88281E-02
-6.7198824E-01,2.21680E+00,1.07422E-01
-6.7196976E-01,2.27539E+00,-9.76562E-03
-6.7195128E-01,2.15820E+00,1.07422E-01
-6.7193280E-01,2.33398E+00,2.92969E-02
-6.7191432E-01,2.21680E+00,9.76562E-03
-6.7189584E-01,2.27539E+00,2.92969E-02
-6.7187736E-01,2.21680E+00,2.92969E-02
-6.7185888E-01,2.25586E+00,2.92969E-02
-6.7184040E-01,2.21680E+00,6.83594E-02
-6.7182192E-01,2.23633E+00,-9.76562E-03
-6.7180344E-01,2.23633E+00,6.83594E-02
-6.7178496E-01,2.27539E+00,9.76562E-03
-6.7176648E-01,2.23633E+00,2.92969E-02
-6.7174800E-01,2.21680E+00,2.92969E-02
-6.7172952E-01,2.25586E+00,4.88281E-02
-6.7171104E-01,2.21680E+00,2.92969E-02
-6.7169256E-01,2.19727E+00,4.88281E-02
-6.7167408E-01,2.23633E+00,2.92969E-02
-6.7165560E-01,2.19727E+00,8.78906E-02
-6.7163712E-01,2.27539E+00,4.88281E-02
-6.7161864E-01,2.19727E+00,1.26953E-01
-6.7160016E-01,2.23633E+00,2.92969E-02
-6.7158168E-01,2.21680E+00,9.76562E-03
-6.7156320E-01,2.25586E+00,4.88281E-02
-6.7154472E-01,2.25586E+00,9.76562E-03
-6.7152624E-01,2.27539E+00,2.92969E-02
-6.7150776E-01,2.23633E+00,2.92969E-02
-6.7148928E-01,2.27539E+00,2.92969E-02
-6.7147080E-01,2.29492E+00,4.88281E-02
-6.7145232E-01,2.27539E+00,4.88281E-02
-6.7143384E-01,2.23633E+00,9.76562E-03
-6.7141536E-01,2.21680E+00,9.76562E-03
-6.7139688E-01,2.25586E+00,6.83594E-02
-6.7137840E-01,2.23633E+00,2.92969E-02
-6.7135992E-01,2.23633E+00,2.92969E-02
-6.7134144E-01,2.25586E+00,4.88281E-02
-6.7132296E-01,2.27539E+00,6.83594E-02
-6.7130448E-01,2.25586E+00,2.92969E-02
-6.7128600E-01,2.25586E+00,9.76562E-03
-6.7126752E-01,2.25586E+00,2.92969E-02
-6.7124904E-01,2.29492E+00,6.83594E-02
-6.7123056E-01,2.23633E+00,4.88281E-02
-6.7121208E-01,2.25586E+00,6.83594E-02
-6.7119360E-01,2.31445E+00,4.88281E-02
-6.7117512E-01,2.23633E+00,6.83594E-02
-6.7115664E-01,2.25586E+00,9.76562E-03
-6.7113816E-01,2.17773E+00,4.88281E-02
-6.7111968E-01,2.25586E+00,9.76562E-03
-6.7110120E-01,2.25586E+00,-9.76562E-03
-6.7108272E-01,2.25586E+00,2.92969E-02
-6.7106424E-01,2.21680E+00,2.92969E-02
-6.7104576E-01,2.21680E+00,4.88281E-02
-6.7102728E-01,2.21680E+00,2.92969E-02
-6.7100880E-01,2.23633E+00,-9.76562E-03
-6.7099032E-01,2.17773E+00,6.83594E-02
-6.7097184E-01,2.21680E+00,4.88281E-02
-6.7095336E-01,2.23633E+00,9.76562E-03
-6.7093488E-01,2.33398E+00,9.76562E-03
-6.7091640E-01,2.23633E+00,9.76562E-03
-6.7089792E-01,2.23633E+00,2.92969E-02
-6.7087944E-01,2.17773E+00,6.83594E-02
-6.7086096E-01,2.27539E+00,4.88281E-02
-6.7084248E-01,2.17773E+00,4.88281E-02
-6.7082400E-01,2.29492E+00,4.88281E-02
-6.7080552E-01,2.27539E+00,2.92969E-02
-6.7078704E-01,2.25586E+00,6.83594E-02
-6.7076856E-01,2.21680E+00,6.83594E-02
-6.7075008E-01,2.29492E+00,6.83594E-02
-6.7073160E-01,2.23633E+00,4.88281E-02
-6.7071312E-01,2.27539E+00,2.92969E-02
-6.7069464E-01,2.23633E+00,6.83594E-02
-6.7067616E-01,2.21680E+00,4.88281E-02
-6.7065768E-01,2.23633E+00,9.76562E-03
-6.7063920E-01,2.29492E+00,-9.76562E-03
-6.7062072E-01,2.19727E+00,6.83594E-02
-6.7060224E-01,2.23633E+00,9.76562E-03
-6.7058376E-01,2.25586E+00,2.92969E-02
-6.7056528E-01,2.27539E+00,-9.76562E-03
-6.7054680E-01,2.27539E+00,6.83594E-02
-6.7052832E-01,2.21680E+00,2.92969E-02
-6.7050984E-01,2.23633E+00,1.07422E-01
-6.7049136E-01,2.23633E+00,9.76562E-03
-6.7047288E-01,2.21680E+00,-4.88281E-02
-6.7045440E-01,2.23633E+00,-9.76562E-03
-6.7043592E-01,2.21680E+00,6.83594E-02
-6.7041744E-01,2.29492E+00,2.92969E-02
-6.7039896E-01,2.23633E+00,2.92969E-02
-6.7038048E-01,2.21680E+00,2.92969E-02
-6.7036200E-01,2.23633E+00,2.92969E-02
-6.7034352E-01,2.21680E+00,2.92969E-02
-6.7032504E-01,2.21680E+00,9.76562E-03
-6.7030656E-01,2.27539E+00,9.76562E-03
-6.7028808E-01,2.25586E+00,1.07422E-01
-6.7026960E-01,2.25586E+00,-2.92969E-02
-6.7025112E-01,2.23633E+00,6.83594E-02
-6.7023264E-01,2.23633E+00,9.76562E-03
-6.7021416E-01,2.27539E+00,6.83594E-02
-6.7019568E-01,2.31445E+00,9.76562E-03
-6.7017720E-01,2.23633E+00,6.83594E-02
-6.7015872E-01,2.23633E+00,2.92969E-02
-6.7014024E-01,2.29492E+00,9.76562E-03
-6.7012176E-01,2.23633E+00,4.88281E-02
-6.7010328E-01,2.23633E+00,4.88281E-02
-6.7008480E-01,2.35352E+00,2.92969E-02
-6.7006632E-01,2.23633E+00,4.88281E-02
-6.7004784E-01,2.25586E+00,2.92969E-02
-6.7002936E-01,2.25586E+00,6.83594E-02
-6.7001088E-01,2.25586E+00,9.76562E-03
-6.6999240E-01,2.27539E+00,2.92969E-02
-6.6997392E-01,2.29492E+00,4.88281E-02
-6.6995544E-01,2.17773E+00,2.92969E-02
-6.6993696E-01,2.25586E+00,4.88281E-02
-6.6991848E-01,2.25586E+00,6.83594E-02
-6.6990000E-01,2.27539E+00,-9.76562E-03
-6.6988152E-01,2.25586E+00,6.83594E-02
-6.6986304E-01,2.33398E+00,9.76562E-03
-6.6984456E-01,2.27539E+00,6.83594E-02
-6.6982608E-01,2.25586E+00,6.83594E-02
-6.6980760E-01,2.17773E+00,4.88281E-02
-6.6978912E-01,2.21680E+00,2.92969E-02
-6.6977064E-01,2.23633E+00,1.07422E-01
-6.6975216E-01,2.27539E+00,6.83594E-02
-6.6973368E-01,2.25586E+00,8.78906E-02
-6.6971520E-01,2.27539E+00,9.76562E-03
-6.6969672E-01,2.27539E+00,4.88281E-02
-6.6967824E-01,2.25586E+00,-6.83594E-02
-6.6965976E-01,2.27539E+00,6.83594E-02
-6.6964128E-01,2.17773E+00,4.88281E-02
-6.6962280E-01,2.23633E+00,4.88281E-02
-6.6960432E-01,2.29492E+00,4.88281E-02
-6.6958584E-01,2.23633E+00,6.83594E-02
-6.6956736E-01,2.25586E+00,-9.76562E-03
-6.6954888E-01,2.27539E+00,4.88281E-02
-6.6953040E-01,2.25586E+00,4.88281E-02
-6.6951192E-01,2.27539E+00,4.88281E-02
-6.6949344E-01,2.27539E+00,9.76562E-03
-6.6947496E-01,2.27539E+00,4.88281E-02
-6.6945648E-01,2.31445E+00,2.92969E-02
-6.6943800E-01,2.29492E+00,1.26953E-01
-6.6941952E-01,2.21680E+00,2.92969E-02
-6.6940104E-01,2.23633E+00,1.07422E-01
-6.6938256E-01,2.25586E+00,2.92969E-02
-6.6936408E-01,2.21680E+00,4.88281E-02
-6.6934560E-01,2.29492E+00,9.76562E-03
-6.6932712E-01,2.23633E+00,-2.92969E-02
-6.6930864E-01,2.25586E+00,4.88281E-02
-6.6929016E-01,2.19727E+00,2.92969E-02
-6.6927168E-01,2.29492E+00,6.83594E-02
-6.6925320E-01,2.25586E+00,2.92969E-02
-6.6923472E-01,2.27539E+00,9.76562E-03
-6.6921624E-01,2.21680E+00,2.92969E-02
-6.6919776E-01,2.27539E+00,4.88281E-02
-6.6917928E-01,2.27539E+00,6.83594E-02
-6.6916080E-01,2.27539E+00,9.76562E-03
-6.6914232E-01,2.25586E+00,6.83594E-02
-6.6912384E-01,2.29492E+00,9.76562E-03
-6.6910536E-01,2.23633E+00,4.88281E-02
-6.6908688E-01,2.33398E+00,4.88281E-02
-6.6906840E-01,2.25586E+00,4.88281E-02
-6.6904992E-01,2.31445E+00,-9.76562E-03
-6.6903144E-01,2.23633E+00,2.92969E-02
-6.6901296E-01,2.27539E+00,4.88281E-02
-6.6899448E-01,2.25586E+00,9.76562E-03
-6.6897600E-01,2.21680E+00,2.92969E-02
-6.6895752E-01,2.29492E+00,-9.76562E-03
-6.6893904E-01,2.27539E+00,9.76562E-03
-6.6892056E-01,2.21680E+00,4.88281E-02
-6.6890208E-01,2.25586E+00,-9.76562E-03
-6.6888360E-01,2.29492E+00,2.92969E-02
-6.6886512E-01,2.27539E+00,-9.76562E-03
-6.6884664E-01,2.25586E+00,2.92969E-02
-6.6882816E-01,2.29492E+00,2.92969E-02
-6.6880968E-01,2.19727E+00,4.88281E-02
-6.6879120E-01,2.31445E+00,9.76562E-03
-6.6877272E-01,2.23633E+00,6.83594E-02
-6.6875424E-01,2.29492E+00,2.92969E-02
-6.6873576E-01,2.25586E+00,2.92969E-02
-6.6871728E-01,2.17773E+00,4.88281E-02
-6.6869880E-01,2.31445E+00,2.92969E-02
-6.6868032E-01,2.23633E+00,8.78906E-02
-6.6866184E-01,2.23633E+00,2.92969E-02
-6.6864336E-01,2.27539E+00,-9.76562E-03
-6.6862488E-01,2.27539E+00,6.83594E-02
-6.6860640E-01,2.29492E+00,-2.92969E-02
-6.6858792E-01,2.21680E+00,9.76562E-03
-6.6856944E-01,2.25586E+00,2.92969E-02
-6.6855096E-01,2.23633E+00,2.92969E-02
-6.6853248E-01,2.25586E+00,9.76562E-03
-6.6851400E-01,2.23633E+00,8.78906E-02
-6.6849552E-01,2.25586E+00,4.88281E-02
-6.6847704E-01,2.23633E+00,9.76562E-03
-6.6845856E-01,2.23633E+00,-9.76562E-03
-6.6844008E-01,2.23633E+00,4.88281E-02
-6.6842160E-01,2.25586E+00,-2.92969E-02
-6.6840312E-01,2.27539E+00,9.76562E-03
-6.6838464E-01,2.23633E+00,4.88281E-02
-6.6836616E-01,2.27539E+00,4.88281E-02
-6.6834768E-01,2.27539E+00,9.76562E-03
-6.6832920E-01,2.21680E+00,2.92969E-02
-6.6831072E-01,2.25586E+00,2.92969E-02
-6.6829224E-01,2.15820E+00,2.92969E-02
-6.6827376E-01,2.27539E+00,2.92969E-02
-6.6825528E-01,2.27539E+00,-9.76562E-03
-6.6823680E-01,2.29492E+00,-2.92969E-02
-6.6821832E-01,2.25586E+00,8.78906E-02
-6.6819984E-01,2.25586E+00,1.07422E-01
-6.6818136E-01,2.25586E+00,1.07422E-01
-6.6816288E-01,2.29492E+00,4.88281E-02
-6.6814440E-01,2.23633E+00,6.83594E-02
-6.6812592E-01,2.27539E+00,2.92969E-02
-6.6810744E-01,2.29492E+00,2.92969E-02
-6.6808896E-01,2.27539E+00,9.76562E-03
-6.6807048E-01,2.27539E+00,9.76562E-03
-6.6805200E-01,2.29492E+00,9.76562E-03
-6.6803352E-01,2.27539E+00,4.88281E-02
-6.6801504E-01,2.29492E+00,-9.76562E-03
-6.6799656E-01,2.29492E+00,2.92969E-02
-6.6797808E-01,2.25586E+00,9.76562E-03
-6.6795960E-01,2.25586E+00,1.07422E-01
-6.6794112E-01,2.29492E+00,-4.88281E-02
-6.6792264E-01,2.27539E+00,6.83594E-02
-6.6790416E-01,2.27539E+00,9.76562E-03
-6.6788568E-01,2.21680E+00,-9.76562E-03
-6.6786720E-01,2.27539E+00,4.88281E-02
-6.6784872E-01,2.27539E+00,1.07422E-01
-6.6783024E-01,2.33398E+00,-9.76562E-03
-6.6781176E-01,2.23633E+00,4.88281E-02
-6.6779328E-01,2.31445E+00,9.76562E-03
-6.6777480E-01,2.23633E+00,6.83594E-02
-6.6775632E-01,2.25586E+00,2.92969E-02
-6.6773784E-01,2.27539E+00,9.76562E-03
-6.6771936E-01,2.25586E+00,9.76562E-03
-6.6770088E-01,2.25586E+00,4.88281E-02
-6.6768240E-01,2.27539E+00,9.76562E-03
-6.6766392E-01,2.23633E+00,6.83594E-02
-6.6764544E-01,2.25586E+00,6.83594E-02
-6.6762696E-01,2.23633E+00,2.92969E-02
-6.6760848E-01,2.25586E+00,9.76562E-03
-6.6759000E-01,2.25586E+00,8.78906E-02
-6.6757152E-01,2.29492E+00,9.76562E-03
-6.6755304E-01,2.33398E+00,1.07422E-01
-6.6753456E-01,2.23633E+00,9.76562E-03
-6.6751608E-01,2.21680E+00,8.78906E-02
-6.6749760E-01,2.31445E+00,9.76562E-03
-6.6747912E-01,2.27539E+00,4.88281E-02
-6.6746064E-01,2.19727E+00,9.76562E-03
-6.6744216E-01,2.27539E+00,6.83594E-02
-6.6742368E-01,2.27539E+00,2.92969E-02
-6.6740520E-01,2.21680E+00,2.92969E-02
-6.6738672E-01,2.27539E+00,4.88281E-02
-6.6736824E-01,2.21680E+00,1.07422E-01
-6.6734976E-01,2.25586E+00,9.76562E-03
-6.6733128E-01,2.29492E+00,2.92969E-02
-6.6731280E-01,2.23633E+00,4.88281E-02
-6.6729432E-01,2.21680E+00,9.76562E-03
-6.6727584E-01,2.25586E+00,-9.76562E-03
-6.6725736E-01,2.27539E+00,2.92969E-02
-6.6723888E-01,2.21680E+00,9.76562E-03
-6.6722040E-01,2.23633E+00,6.83594E-02
-6.6720192E-01,2.27539E+00,9.76562E-03
-6.6718344E-01,2.27539E+00,4.88281E-02
-6.6716496E-01,2.27539E+00,-2.92969E-02
-6.6714648E-01,2.29492E+00,6.83594E-02
-6.6712800E-01,2.31445E+00,2.92969E-02
-6.6710952E-01,2.23633E+00,2.92969E-02
-6.6709104E-01,2.25586E+00,9.76562E-03
-6.6707256E-01,2.21680E+00,6.83594E-02
-6.6705408E-01,2.27539E+00,4.88281E-02
-6.6703560E-01,2.19727E+00,2.92969E-02
-6.6701712E-01,2.27539E+00,2.92969E-02
-6.6699864E-01,2.23633E+00,-9.76562E-03
-6.6698016E-01,2.25586E+00,9.76562E-03
-6.6696168E-01,2.27539E+00,4.88281E-02
-6.6694320E-01,2.25586E+00,9.76562E-03
-6.6692472E-01,2.23633E+00,9.76562E-03
-6.6690624E-01,2.23633E+00,-9.76562E-03
-6.6688776E-01,2.27539E+00,4.88281E-02
-6.6686928E-01,2.25586E+00,6.83594E-02
-6.6685080E-01,2.23633E+00,2.92969E-02
-6.6683232E-01,2.25586E+00,-2.92969E-02
-6.6681384E-01,2.25586E+00,9.76562E-03
-6.6679536E-01,2.27539E+00,2.92969E-02
-6.6677688E-01,2.25586E+00,9.76562E-03
-6.6675840E-01,2.27539E+00,9.76562E-03
-6.6673992E-01,2.27539E+00,2.92969E-02
-6.6672144E-01,2.25586E+00,2.92969E-02
-6.6670296E-01,2.23633E+00,9.76562E-03
-6.6668448E-01,2.29492E+00,2.92969E-02
-6.6666600E-01,2.27539E+00,2.92969E-02
-6.6664752E-01,2.29492E+00,2.92969E-02
-6.6662904E-01,2.31445E+00,2.92969E-02
-6.6661056E-01,2.33398E+00,2.92969E-02
-6.6659208E-01,2.23633E+00,2.92969E-02
-6.6657360E-01,2.29492E+00,9.76562E-03
-6.6655512E-01,2.27539E+00,4.88281E-02
-6.6653664E-01,2.33398E+00,-4.88281E-02
-6.6651816E-01,2.25586E+00,4.88281E-02
-6.6649968E-01,2.29492E+00,2.92969E-02
-6.6648120E-01,2.19727E+00,9.76562E-03
-6.6646272E-01,2.25586E+00,6.83594E-02
-6.6644424E-01,2.27539E+00,4.88281E-02
-6.6642576E-01,2.21680E+00,4.88281E-02
-6.6640728E-01,2.15820E+00,2.92969E-02
-6.6638880E-01,2.31445E+00,-9.76562E-03
-6.6637032E-01,2.27539E+00,8.78906E-02
-6.6635184E-01,2.27539E+00,9.76562E-03
-6.6633336E-01,2.23633E+00,-2.92969E-02
-6.6631488E-01,2.27539E+00,9.76562E-03
-6.6629640E-01,2.27539E+00,2.92969E-02
-6.6627792E-01,2.25586E+00,4.88281E-02
-6.6625944E-01,2.23633E+00,9.76562E-03
-6.6624096E-01,2.27539E+00,4.88281E-02
-6.6622248E-01,2.23633E+00,6.83594E-02
-6.6620400E-01,2.27539E+00,9.76562E-03
-6.6618552E-01,2.23633E+00,8.78906E-02
-6.6616704E-01,2.31445E+00,4.88281E-02
-6.6614856E-01,2.23633E+00,8.78906E-02
-6.6613008E-01,2.21680E+00,-9.76562E-03
-6.6611160E-01,2.23633E+00,4.88281E-02
-6.6609312E-01,2.25586E+00,-4.88281E-02
-6.6607464E-01,2.27539E+00,6.83594E-02
-6.6605616E-01,2.27539E+00,6.83594E-02
-6.6603768E-01,2.29492E+00,6.83594E-02
-6.6601920E-01,2.27539E+00,-9.76562E-03
-6.6600072E-01,2.25586E+00,2.92969E-02
-6.6598224E-01,2.21680E+00,-9.76562E-03
-6.6596376E-01,2.19727E+00,4.88281E-02
-6.6594528E-01,2.29492E+00,9.76562E-03
-6.6592680E-01,2.23633E+00,6.83594E-02
-6.6590832E-01,2.25586E+00,2.92969E-02
-6.6588984E-01,2.21680E+00,9.76562E-03
-6.6587136E-01,2.27539E+00,-9.76562E-03
-6.6585288E-01,2.23633E+00,4.88281E-02
-6.6583440E-01,2.27539E+00,6.83594E-02
-6.6581592E-01,2.31445E+00,8.78906E-02
-6.6579744E-01,2.29492E+00,9.76562E-03
-6.6577896E-01,2.21680E+00,4.88281E-02
-6.6576048E-01,2.31445E+00,6.83594E-02
-6.6574200E-01,2.21680E+00,4.88281E-02
-6.6572352E-01,2.25586E+00,9.76562E-03
-6.6570504E-01,2.33398E+00,2.92969E-02
-6.6568656E-01,2.27539E+00,-9.76562E-03
-6.6566808E-01,2.23633E+00,4.88281E-02
-6.6564960E-01,2.29492E+00,-9.76562E-03
-6.6563112E-01,2.25586E+00,2.92969E-02
-6.6561264E-01,2.27539E+00,4.88281E-02
-6.6559416E-01,2.27539E+00,6.83594E-02
-6.6557568E-01,2.25586E+00,-9.76562E-03
-6.6555720E-01,2.27539E+00,4.88281E-02
-6.6553872E-01,2.27539E+00,2.92969E-02
-6.6552024E-01,2.29492E+00,9.76562E-03
-6.6550176E-01,2.35352E+00,4.88281E-02
-6.6548328E-01,2.35352E+00,1.07422E-01
-6.6546480E-01,2.27539E+00,6.83594E-02
-6.6544632E-01,2.23633E+00,6.83594E-02
-6.6542784E-01,2.31445E+00,-6.83594E-02
-6.6540936E-01,2.29492E+00,1.07422E-01
-6.6539088E-01,2.31445E+00,9.76562E-03
-6.6537240E-01,2.25586E+00,4.88281E-02
-6.6535392E-01,2.27539E+00,2.92969E-02
-6.6533544E-01,2.33398E+00,2.92969E-02
-6.6531696E-01,2.21680E+00,4.88281E-02
-6.6529848E-01,2.21680E+00,6.83594E-02
-6.6528000E-01,2.25586E+00,9.76562E-03
-6.6526152E-01,2.23633E+00,2.92969E-02
-6.6524304E-01,2.33398E+00,6.83594E-02
-6.6522456E-01,2.23633E+00,8.78906E-02
-6.6520608E-01,2.27539E+00,9.76562E-03
-6.6518760E-01,2.29492E+00,4.88281E-02
-6.6516912E-01,2.33398E+00,9.76562E-03
-6.6515064E-01,2.21680E+00,6.83594E-02
-6.6513216E-01,2.31445E+00,-9.76562E-03
-6.6511368E-01,2.23633E+00,8.78906E-02
-6.6509520E-01,2.23633E+00,1.46484E-01
-6.6507672E-01,2.27539E+00,4.88281E-02
-6.6505824E-01,2.29492E+00,2.92969E-02
-6.6503976E-01,2.27539E+00,4.88281E-02
-6.6502128E-01,2.31445E+00,-9.76562E-03
-6.6500280E-01,2.21680E+00,6.83594E-02
-6.6498432E-01,2.33398E+00,2.92969E-02
-6.6496584E-01,2.23633E+00,6.83594E-02
-6.6494736E-01,2.31445E+00,-9.76562E-03
-6.6492888E-01,2.27539E+00,6.83594E-02
-6.6491040E-01,2.27539E+00,2.92969E-02
-6.6489192E-01,2.27539E+00,4.88281E-02
-6.6487344E-01,2.25586E+00,-9.76562E-03
-6.6485496E-01,2.25586E+00,2.92969E-02
-6.6483648E-01,2.33398E+00,6.83594E-02
-6.6481800E-01,2.17773E+00,-4.88281E-02
-6.6479952E-01,2.31445E+00,2.92969E-02
-6.6478104E-01,2.21680E+00,9.76562E-03
-6.6476256E-01,2.27539E+00,4.88281E-02
-6.6474408E-01,2.23633E+00,9.76562E-03
-6.6472560E-01,2.29492E+00,9.76562E-03
-6.6470712E-01,2.29492E+00,6.83594E-02
-6.6468864E-01,2.35352E+00,4.88281E-02
-6.6467016E-01,2.21680E+00,2.92969E-02
-6.6465168E-01,2.35352E+00,4.88281E-02
-6.6463320E-01,2.27539E+00,2.92969E-02
-6.6461472E-01,2.25586E+00,-9.76562E-03
-6.6459624E-01,2.23633E+00,4.88281E-02
-6.6457776E-01,2.33398E+00,-2.92969E-02
-6.6455928E-01,2.29492E+00,4.88281E-02
-6.6454080E-01,2.35352E+00,4.88281E-02
-6.6452232E-01,2.25586E+00,6.83594E-02
-6.6450384E-01,2.29492E+00,9.76562E-03
-6.6448536E-01,2.29492E+00,4.88281E-02
-6.6446688E-01,2.29492E+00,2.92969E-02
-6.6444840E-01,2.19727E+00,2.92969E-02
-6.6442992E-01,2.29492E+00,2.92969E-02
-6.6441144E-01,2.31445E+00,2.92969E-02
-6.6439296E-01,2.25586E+00,4.88281E-02
-6.6437448E-01,2.33398E+00,2.92969E-02
-6.6435600E-01,2.25586E+00,4.88281E-02
-6.6433752E-01,2.27539E+00,8.78906E-02
-6.6431904E-01,2.27539E+00,2.92969E-02
-6.6430056E-01,2.31445E+00,4.88281E-02
-6.6428208E-01,2.27539E+00,2.92969E-02
-6.6426360E-01,2.21680E+00,2.92969E-02
-6.6424512E-01,2.29492E+00,-9.76562E-03
-6.6422664E-01,2.29492E+00,6.83594E-02
-6.6420816E-01,2.31445E+00,-2.92969E-02
-6.6418968E-01,2.29492E+00,4.88281E-02
-6.6417120E-01,2.33398E+00,9.76562E-03
-6.6415272E-01,2.13867E+00,2.92969E-02
-6.6413424E-01,2.25586E+00,9.76562E-03
-6.6411576E-01,2.23633E+00,2.92969E-02
-6.6409728E-01,2.27539E+00,9.76562E-03
-6.6407880E-01,2.29492E+00,1.07422E-01
-6.6406032E-01,2.29492E+00,4.88281E-02
-6.6404184E-01,2.27539E+00,4.88281E-02
-6.6402336E-01,2.31445E+00,-9.76562E-03
-6.6400488E-01,2.25586E+00,4.88281E-02
-6.6398640E-01,2.23633E+00,9.76562E-03
-6.6396792E-01,2.27539E+00,4.88281E-02
-6.6394944E-01,2.27539E+00,8.78906E-02
-6.6393096E-01,2.31445E+00,6.83594E-02
-6.6391248E-01,2.33398E+00,4.88281E-02
-6.6389400E-01,2.31445E+00,4.88281E-02
-6.6387552E-01,2.29492E+00,9.76562E-03
-6.6385704E-01,2.25586E+00,6.83594E-02
-6.6383856E-01,2.25586E+00,4.88281E-02
-6.6382008E-01,2.27539E+00,2.92969E-02
-6.6380160E-01,2.29492E+00,-9.76562E-03
-6.6378312E-01,2.23633E+00,6.83594E-02
-6.6376464E-01,2.27539E+00,4.88281E-02
-6.6374616E-01,2.25586E+00,2.92969E-02
-6.6372768E-01,2.25586E+00,2.92969E-02
-6.6370920E-01,2.31445E+00,2.92969E-02
-6.6369072E-01,2.31445E+00,9.76562E-03
-6.6367224E-01,2.23633E+00,9.76562E-03
-6.6365376E-01,2.33398E+00,9.76562E-03
-6.6363528E-01,2.19727E+00,2.92969E-02
-6.6361680E-01,2.23633E+00,2.92969E-02
-6.6359832E-01,2.17773E+00,2.92969E-02
-6.6357984E-01,2.35352E+00,4.88281E-02
-6.6356136E-01,2.33398E+00,9.76562E-03
-6.6354288E-01,2.25586E+00,4.88281E-02
-6.6352440E-01,2.23633E+00,4.88281E-02
-6.6350592E-01,2.27539E+00,9.76562E-03
-6.6348744E-01,2.27539E+00,1.07422E-01
-6.6346896E-01,2.31445E+00,2.92969E-02
-6.6345048E-01,2.23633E+00,4.88281E-02
-6.6343200E-01,2.25586E+00,-9.76562E-03
-6.6341352E-01,2.23633E+00,6.83594E-02
-6.6339504E-01,2.25586E+00,2.92969E-02
-6.6337656E-01,2.17773E+00,2.92969E-02
-6.6335808E-01,2.25586E+00,9.76562E-03
-6.6333960E-01,2.31445E+00,4.88281E-02
-6.6332112E-01,2.33398E+00,2.92969E-02
-6.6330264E-01,2.25586E+00,4.88281E-02
-6.6328416E-01,2.29492E+00,-2.92969E-02
-6.6326568E-01,2.33398E+00,9.76562E-03
-6.6324720E-01,2.25586E+00,2.92969E-02
-6.6322872E-01,2.23633E+00,2.92969E-02
-6.6321024E-01,2.29492E+00,2.92969E-02
-6.6319176E-01,2.23633E+00,4.88281E-02
-6.6317328E-01,2.29492E+00,-9.76562E-03
-6.6315480E-01,2.27539E+00,6.83594E-02
-6.6313632E-01,2.27539E+00,9.76562E-03
-6.6311784E-01,2.25586E+00,2.92969E-02
-6.6309936E-01,2.35352E+00,9.76562E-03
-6.6308088E-01,2.33398E+00,8.78906E-02
-6.6306240E-01,2.35352E+00,2.92969E-02
-6.6304392E-01,2.21680E+00,4.88281E-02
-6.6302544E-01,2.23633E+00,2.92969E-02
-6.6300696E-01,2.33398E+00,2.92969E-02
-6.6298848E-01,2.29492E+00,4.88281E-02
-6.6297000E-01,2.27539E+00,4.88281E-02
-6.6295152E-01,2.29492E+00,2.92969E-02
-6.6293304E-01,2.29492E+00,4.88281E-02
-6.6291456E-01,2.27539E+00,-9.76562E-03
-6.6289608E-01,2.31445E+00,4.88281E-02
-6.6287760E-01,2.27539E+00,4.88281E-02
-6.6285912E-01,2.23633E+00,9.76562E-03
-6.6284064E-01,2.29492E+00,9.76562E-03
-6.6282216E-01,2.31445E+00,2.92969E-02
-6.6280368E-01,2.35352E+00,-9.76562E-03
-6.6278520E-01,2.25586E+00,4.88281E-02
-6.6276672E-01,2.29492E+00,2.92969E-02
-6.6274824E-01,2.23633E+00,-2.92969E-02
-6.6272976E-01,2.27539E+00,4.88281E-02
-6.6271128E-01,2.21680E+00,2.92969E-02
-6.6269280E-01,2.29492E+00,-9.76562E-03
-6.6267432E-01,2.21680E+00,2.92969E-02
-6.6265584E-01,2.25586E+00,4.88281E-02
-6.6263736E-01,2.31445E+00,6.83594E-02
-6.6261888E-01,2.33398E+00,4.88281E-02
-6.6260040E-01,2.23633E+00,4.88281E-02
-6.6258192E-01,2.25586E+00,9.76562E-03
-6.6256344E-01,2.23633E+00,6.83594E-02
-6.6254496E-01,2.27539E+00,4.88281E-02
-6.6252648E-01,2.25586E+00,6.83594E-02
-6.6250800E-01,2.27539E+00,2.92969E-02
-6.6248952E-01,2.17773E+00,4.88281E-02
-6.6247104E-01,2.37305E+00,2.92969E-02
-6.6245256E-01,2.23633E+00,4.88281E-02
-6.6243408E-01,2.33398E+00,9.76562E-03
-6.6241560E-01,2.25586E+00,6.83594E-02
-6.6239712E-01,2.33398E+00,9.76562E-03
-6.6237864E-01,2.33398E+00,4.88281E-02
-6.6236016E-01,2.27539E+00,2.92969E-02
-6.6234168E-01,2.23633E+00,4.88281E-02
-6.6232320E-01,2.27539E+00,2.92969E-02
-6.6230472E-01,2.33398E+00,6.83594E-02
-6.6228624E-01,2.29492E+00,4.88281E-02
-6.6226776E-01,2.31445E+00,9.76562E-03
-6.6224928E-01,2.29492E+00,4.88281E-02
-6.6223080E-01,2.27539E+00,4.88281E-02
-6.6221232E-01,2.31445E+00,9.76562E-03
-6.6219384E-01,2.31445E+00,2.92969E-02
-6.6217536E-01,2.25586E+00,4.88281E-02
-6.6215688E-01,2.25586E+00,4.88281E-02
-6.6213840E-01,2.35352E+00,2.92969E-02
-6.6211992E-01,2.25586E+00,9.76562E-03
-6.6210144E-01,2.29492E+00,-9.76562E-03
-6.6208296E-01,2.25586E+00,6.83594E-02
-6.6206448E-01,2.21680E+00,9.76562E-03
-6.6204600E-01,2.27539E+00,8.78906E-02
-6.6202752E-01,2.31445E+00,9.76562E-03
-6.6200904E-01,2.27539E+00,2.92969E-02
-6.6199056E-01,2.33398E+00,-6.83594E-02
-6.6197208E-01,2.35352E+00,6.83594E-02
-6.6195360E-01,2.29492E+00,6.83594E-02
-6.6193512E-01,2.23633E+00,8.78906E-02
-6.6191664E-01,2.31445E+00,9.76562E-03
-6.6189816E-01,2.29492E+00,1.07422E-01
-6.6187968E-01,2.33398E+00,9.76562E-03
-6.6186120E-01,2.29492E+00,6.83594E-02
-6.6184272E-01,2.35352E+00,9.76562E-03
-6.6182424E-01,2.29492E+00,4.88281E-02
-6.6180576E-01,2.27539E+00,4.88281E-02
-6.6178728E-01,2.23633E+00,6.83594E-02
-6.6176880E-01,2.27539E+00,-9.76562E-03
-6.6175032E-01,2.31445E+00,2.92969E-02
-6.6173184E-01,2.21680E+00,6.83594E-02
-6.6171336E-01,2.23633E+00,2.92969E-02
-6.6169488E-01,2.29492E+00,-9.76562E-03
-6.6167640E-01,2.29492E+00,8.78906E-02
-6.6165792E-01,2.27539E+00,4.88281E-02
-6.6163944E-01,2.27539E+00,6.83594E-02
-6.6162096E-01,2.35352E+00,9.76562E-03
-6.6160248E-01,2.27539E+00,6.83594E-02
-6.6158400E-01,2.35352E+00,2.92969E-02
-6.6156552E-01,2.27539E+00,4.88281E-02
-6.6154704E-01,2.29492E+00,9.76562E-03
-6.6152856E-01,2.29492E+00,6.83594E-02
-6.6151008E-01,2.25586E+00,1.26953E-01
-6.6149160E-01,2.21680E+00,1.46484E-01
-6.6147312E-01,2.29492E+00,4.88281E-02
-6.6145464E-01,2.29492E+00,8.78906E-02
-6.6143616E-01,2.25586E+00,-2.92969E-02
-6.6141768E-01,2.23633E+00,8.78906E-02
-6.6139920E-01,2.29492E+00,2.92969E-02
-6.6138072E-01,2.29492E+00,-2.92969E-02
-6.6136224E-01,2.29492E+00,-9.76562E-03
-6.6134376E-01,2.31445E+00,6.83594E-02
-6.6132528E-01,2.31445E+00,-9.76562E-03
-6.6130680E-01,2.27539E+00,6.83594E-02
-6.6128832E-01,2.23633E+00,2.92969E-02
-6.6126984E-01,2.23633E+00,9.76562E-03
-6.6125136E-01,2.25586E+00,4.88281E-02
-6.6123288E-01,2.29492E+00,6.83594E-02
-6.6121440E-01,2.27539E+00,9.76562E-03
-6.6119592E-01,2.21680E+00,2.92969E-02
-6.6117744E-01,2.31445E+00,4.88281E-02
-6.6115896E-01,2.27539E+00,9.76562E-03
-6.6114048E-01,2.29492E+00,-2.92969E-02
-6.6112200E-01,2.33398E+00,2.92969E-02
-6.6110352E-01,2.35352E+00,2.92969E-02
-6.6108504E-01,2.37305E+00,6.83594E-02
-6.6106656E-01,2.29492E+00,-9.76562E-03
-6.6104808E-01,2.23633E+00,4.88281E-02
-6.6102960E-01,2.37305E+00,9.76562E-03
-6.6101112E-01,2.25586E+00,6.83594E-02
-6.6099264E-01,2.29492E+00,2.92969E-02
-6.6097416E-01,2.27539E+00,6.83594E-02
-6.6095568E-01,2.25586E+00,9.76562E-03
-6.6093720E-01,2.31445E+00,6.83594E-02
-6.6091872E-01,2.31445E+00,4.88281E-02
-6.6090024E-01,2.25586E+00,4.88281E-02
-6.6088176E-01,2.37305E+00,2.92969E-02
-6.6086328E-01,2.23633E+00,4.88281E-02
-6.6084480E-01,2.39258E+00,4.88281E-02
-6.6082632E-01,2.23633E+00,2.92969E-02
-6.6080784E-01,2.27539E+00,2.92969E-02
-6.6078936E-01,2.35352E+00,4.88281E-02
-6.6077088E-01,2.31445E+00,2.92969E-02
-6.6075240E-01,2.21680E+00,1.07422E-01
-6.6073392E-01,2.35352E+00,2.92969E-02
-6.6071544E-01,2.21680E+00,-9.76562E-03
-6.6069696E-01,2.29492E+00,2.92969E-02
-6.6067848E-01,2.27539E+00,2.92969E-02
-6.6066000E-01,2.29492E+00,4.88281E-02
-6.6064152E-01,2.25586E+00,9.76562E-03
-6.6062304E-01,2.23633E+00,-9.76562E-03
-6.6060456E-01,2.27539E+00,4.88281E-02
-6.6058608E-01,2.29492E+00,9.76562E-03
-6.6056760E-01,2.35352E+00,4.88281E-02
-6.6054912E-01,2.35352E+00,9.76562E-03
-6.6053064E-01,2.25586E+00,6.83594E-02
-6.6051216E-01,2.25586E+00,2.92969E-02
-6.6049368E-01,2.25586E+00,6.83594E-02
-6.6047520E-01,2.25586E+00,4.88281E-02
-6.6045672E-01,2.31445E+00,-4.88281E-02
-6.6043824E-01,2.35352E+00,6.83594E-02
-6.6041976E-01,2.31445E+00,6.83594E-02
-6.6040128E-01,2.33398E+00,2.92969E-02
-6.6038280E-01,2.25586E+00,4.88281E-02
-6.6036432E-01,2.31445E+00,2.92969E-02
-6.6034584E-01,2.25586E+00,4.88281E-02
-6.6032736E-01,2.29492E+00,2.92969E-02
-6.6030888E-01,2.35352E+00,2.92969E-02
-6.6029040E-01,2.33398E+00,-9.76562E-03
-6.6027192E-01,2.23633E+00,9.76562E-03
-6.6025344E-01,2.31445E+00,9.76562E-03
-6.6023496E-01,2.23633E+00,2.92969E-02
-6.6021648E-01,2.33398E+00,9.76562E-03
-6.6019800E-01,2.31445E+00,2.92969E-02
-6.6017952E-01,2.25586E+00,4.88281E-02
-6.6016104E-01,2.33398E+00,-2.92969E-02
-6.6014256E-01,2.39258E+00,2.92969E-02
-6.6012408E-01,2.33398E+00,4.88281E-02
-6.6010560E-01,2.35352E+00,-9.76562E-03
-6.6008712E-01,2.27539E+00,9.76562E-03
-6.6006864E-01,2.29492E+00,9.76562E-03
-6.6005016E-01,2.25586E+00,4.88281E-02
-6.6003168E-01,2.25586E+00,2.92969E-02
-6.6001320E-01,2.25586E+00,6.83594E-02
-6.5999472E-01,2.31445E+00,2.92969E-02
-6.5997624E-01,2.23633E+00,-9.76562E-03
-6.5995776E-01,2.35352E+00,4.88281E-02
-6.5993928E-01,2.21680E+00,6.83594E-02
-6.5992080E-01,2.29492E+00,-4.88281E-02
-6.5990232E-01,2.29492E+00,-2.92969E-02
-6.5988384E-01,2.35352E+00,2.92969E-02
-6.5986536E-01,2.23633E+00,6.83594E-02
-6.5984688E-01,2.25586E+00,9.76562E-03
-6.5982840E-01,2.33398E+00,1.26953E-01
-6.5980992E-01,2.27539E+00,4.88281E-02
-6.5979144E-01,2.27539E+00,6.83594E-02
-6.5977296E-01,2.31445E+00,9.76562E-03
-6.5975448E-01,2.25586E+00,4.88281E-02
-6.5973600E-01,2.29492E+00,6.83594E-02
-6.5971752E-01,2.29492E+00,2.92969E-02
-6.5969904E-01,2.25586E+00,2.92969E-02
-6.5968056E-01,2.29492E+00,4.88281E-02
-6.5966208E-01,2.29492E+00,9.76562E-03
-6.5964360E-01,2.27539E+00,-9.76562E-03
-6.5962512E-01,2.35352E+00,2.92969E-02
-6.5960664E-01,2.27539E+00,6.83594E-02
-6.5958816E-01,2.29492E+00,2.92969E-02
-6.5956968E-01,2.21680E+00,2.92969E-02
-6.5955120E-01,2.27539E+00,9.76562E-03
-6.5953272E-01,2.33398E+00,9.76562E-03
-6.5951424E-01,2.33398E+00,2.92969E-02
-6.5949576E-01,2.23633E+00,4.88281E-02
-6.5947728E-01,2.33398E+00,9.76562E-03
-6.5945880E-01,2.27539E+00,2.92969E-02
-6.5944032E-01,2.35352E+00,4.88281E-02
-6.5942184E-01,2.23633E+00,-9.76562E-03
-6.5940336E-01,2.29492E+00,2.92969E-02
-6.5938488E-01,2.35352E+00,2.92969E-02
-6.5936640E-01,2.29492E+00,2.92969E-02
-6.5934792E-01,2.33398E+00,1.07422E-01
-6.5932944E-01,2.29492E+00,2.92969E-02
-6.5931096E-01,2.25586E+00,2.92969E-02
-6.5929248E-01,2.33398E+00,2.92969E-02
-6.5927400E-01,2.31445E+00,6.83594E-02
-6.5925552E-01,2.29492E+00,2.92969E-02
-6.5923704E-01,2.21680E+00,2.92969E-02
-6.5921856E-01,2.27539E+00,2.92969E-02
-6.5920008E-01,2.27539E+00,1.07422E-01
-6.5918160E-01,2.29492E+00,-2.92969E-02
-6.5916312E-01,2.27539E+00,1.07422E-01
-6.5914464E-01,2.33398E+00,-9.76562E-03
-6.5912616E-01,2.29492E+00,4.88281E-02
-6.5910768E-01,2.33398E+00,-2.92969E-02
-6.5908920E-01,2.31445E+00,9.76562E-03
-6.5907072E-01,2.29492E+00,-9.76562E-03
-6.5905224E-01,2.29492E+00,2.92969E-02
-6.5903376E-01,2.25586E+00,9.76562E-03
-6.5901528E-01,2.23633E+00,-4.88281E-02
-6.5899680E-01,2.29492E+00,9.76562E-03
-6.5897832E-01,2.25586E+00,4.88281E-02
-6.5895984E-01,2.27539E+00,4.88281E-02
-6.5894136E-01,2.31445E+00,2.92969E-02
-6.5892288E-01,2.33398E+00,4.88281E-02
-6.5890440E-01,2.27539E+00,4.88281E-02
-6.5888592E-01,2.33398E+00,-9.76562E-03
-6.5886744E-01,2.35352E+00,4.88281E-02
-6.5884896E-01,2.35352E+00,9.76562E-03
-6.5883048E-01,2.23633E+00,-9.76562E-03
-6.5881200E-01,2.33398E+00,6.83594E-02
-6.5879352E-01,2.33398E+00,4.88281E-02
-6.5877504E-01,2.33398E+00,4.88281E-02
-6.5875656E-01,2.35352E+00,4.88281E-02
-6.5873808E-01,2.29492E+00,9.76562E-03
-6.5871960E-01,2.27539E+00,1.26953E-01
-6.5870112E-01,2.35352E+00,6.83594E-02
-6.5868264E-01,2.31445E+00,4.88281E-02
-6.5866416E-01,2.35352E+00,-9.76562E-03
-6.5864568E-01,2.21680E+00,2.92969E-02
-6.5862720E-01,2.35352E+00,2.92969E-02
-6.5860872E-01,2.25586E+00,-2.92969E-02
-6.5859024E-01,2.29492E+00,2.92969E-02
-6.5857176E-01,2.27539E+00,8.78906E-02
-6.5855328E-01,2.29492E+00,9.76562E-03
-6.5853480E-01,2.29492E+00,6.83594E-02
-6.5851632E-01,2.37305E+00,-9.76562E-03
-6.5849784E-01,2.27539E+00,4.88281E-02
-6.5847936E-01,2.25586E+00,9.76562E-03
-6.5846088E-01,2.37305E+00,4.88281E-02
-6.5844240E-01,2.37305E+00,2.92969E-02
-6.5842392E-01,2.27539E+00,4.88281E-02
-6.5840544E-01,2.33398E+00,6.83594E-02
-6.5838696E-01,2.29492E+00,2.92969E-02
-6.5836848E-01,2.31445E+00,9.76562E-03
-6.5835000E-01,2.31445E+00,4.88281E-02
-6.5833152E-01,2.31445E+00,4.88281E-02
-6.5831304E-01,2.25586E+00,4.88281E-02
-6.5829456E-01,2.35352E+00,9.76562E-03
-6.5827608E-01,2.27539E+00,2.92969E-02
-6.5825760E-01,2.35352E+00,-2.92969E-02
-6.5823912E-01,2.21680E+00,2.92969E-02
-6.5822064E-01,2.39258E+00,8.78906E-02
-6.5820216E-01,2.25586E+00,6.83594E-02
-6.5818368E-01,2.35352E+00,4.88281E-02
-6.5816520E-01,2.35352E+00,2.92969E-02
-6.5814672E-01,2.35352E+00,6.83594E-02
-6.5812824E-01,2.29492E+00,2.92969E-02
-6.5810976E-01,2.35352E+00,4.88281E-02
-6.5809128E-01,2.27539E+00,4.88281E-02
-6.5807280E-01,2.33398E+00,9.76562E-03
-6.5805432E-01,2.25586E+00,6.83594E-02
-6.5803584E-01,2.37305E+00,-9.76562E-03
-6.5801736E-01,2.25586E+00,6.83594E-02
-6.5799888E-01,2.37305E+00,-9.76562E-03
-6.5798040E-01,2.29492E+00,9.76562E-03
-6.5796192E-01,2.25586E+00,4.88281E-02
-6.5794344E-01,2.31445E+00,-2.92969E-02
-6.5792496E-01,2.37305E+00,2.92969E-02
-6.5790648E-01,2.23633E+00,6.83594E-02
-6.5788800E-01,2.29492E+00,2.92969E-02
-6.5786952E-01,2.27539E+00,6.83594E-02
-6.5785104E-01,2.29492E+00,2.92969E-02
-6.5783256E-01,2.29492E+00,6.83594E-02
-6.5781408E-01,2.25586E+00,9.76562E-03
-6.5779560E-01,2.27539E+00,9.76562E-03
-6.5777712E-01,2.29492E+00,2.92969E-02
-6.5775864E-01,2.33398E+00,9.76562E-03
-6.5774016E-01,2.31445E+00,6.83594E-02
-6.5772168E-01,2.29492E+00,4.88281E-02
-6.5770320E-01,2.35352E+00,-9.76562E-03
-6.5768472E-01,2.31445E+00,6.83594E-02
-6.5766624E-01,2.39258E+00,2.92969E-02
-6.5764776E-01,2.29492E+00,9.76562E-03
-6.5762928E-01,2.29492E+00,9.76562E-03
-6.5761080E-01,2.23633E+00,4.88281E-02
-6.5759232E-01,2.31445E+00,2.92969E-02
-6.5757384E-01,2.33398E+00,4.88281E-02
-6.5755536E-01,2.35352E+00,-9.76562E-03
-6.5753688E-01,2.35352E+00,6.83594E-02
-6.5751840E-01,2.35352E+00,4.88281E-02
-6.5749992E-01,2.29492E+00,4.88281E-02
-6.5748144E-01,2.35352E+00,-9.76562E-03
-6.5746296E-01,2.27539E+00,2.92969E-02
-6.5744448E-01,2.29492E+00,2.92969E-02
-6.5742600E-01,2.31445E+00,4.88281E-02
-6.5740752E-01,2.31445E+00,-2.92969E-02
-6.5738904E-01,2.27539E+00,9.76562E-03
-6.5737056E-01,2.33398E+00,4.88281E-02
-6.5735208E-01,2.25586E+00,9.76562E-03
-6.5733360E-01,2.29492E+00,9.76562E-03
-6.5731512E-01,2.27539E+00,2.92969E-02
-6.5729664E-01,2.31445E+00,2.92969E-02
-6.5727816E-01,2.33398E+00,1.26953E-01
-6.5725968E-01,2.37305E+00,-9.76562E-03
-6.5724120E-01,2.29492E+00,2.92969E-02
-6.5722272E-01,2.31445E+00,9.76562E-03
-6.5720424E-01,2.33398E+00,6.83594E-02
-6.5718576E-01,2.29492E+00,4.88281E-02
-6.5716728E-01,2.29492E+00,2.92969E-02
-6.5714880E-01,2.29492E+00,9.76562E-03
-6.5713032E-01,2.31445E+00,2.92969E-02
-6.5711184E-01,2.35352E+00,-2.92969E-02
-6.5709336E-01,2.31445E+00,4.88281E-02
-6.5707488E-01,2.35352E+00,9.76562E-03
-6.5705640E-01,2.35352E+00,6.83594E-02
-6.5703792E-01,2.33398E+00,2.92969E-02
-6.5701944E-01,2.33398E+00,8.78906E-02
-6.5700096E-01,2.35352E+00,4.88281E-02
-6.5698248E-01,2.25586E+00,4.88281E-02
-6.5696400E-01,2.27539E+00,2.92969E-02
-6.5694552E-01,2.33398E+00,2.92969E-02
-6.5692704E-01,2.33398E+00,9.76562E-03
-6.5690856E-01,2.35352E+00,4.88281E-02
-6.5689008E-01,2.37305E+00,4.88281E-02
-6.5687160E-01,2.25586E+00,2.92969E-02
-6.5685312E-01,2.35352E+00,9.76562E-03
-6.5683464E-01,2.27539E+00,2.92969E-02
-6.5681616E-01,2.29492E+00,9.76562E-03
-6.5679768E-01,2.33398E+00,4.88281E-02
-6.5677920E-01,2.35352E+00,9.76562E-03
-6.5676072E-01,2.29492E+00,6.83594E-02
-6.5674224E-01,2.31445E+00,9.76562E-03
-6.5672376E-01,2.31445E+00,2.92969E-02
-6.5670528E-01,2.29492E+00,4.88281E-02
-6.5668680E-01,2.23633E+00,4.88281E-02
-6.5666832E-01,2.33398E+00,-4.88281E-02
-6.5664984E-01,2.23633E+00,6.83594E-02
-6.5663136E-01,2.35352E+00,9.76562E-03
-6.5661288E-01,2.31445E+00,6.83594E-02
-6.5659440E-01,2.29492E+00,1.07422E-01
-6.5657592E-01,2.31445E+00,2.92969E-02
-6.5655744E-01,2.31445E+00,-9.76562E-03
-6.5653896E-01,2.27539E+00,-9.76562E-03
-6.5652048E-01,2.29492E+00,2.92969E-02
-6.5650200E-01,2.35352E+00,4.88281E-02
-6.5648352E-01,2.33398E+00,2.92969E-02
-6.5646504E-01,2.27539E+00,6.83594E-02
-6.5644656E-01,2.27539E+00,4.88281E-02
-6.5642808E-01,2.27539E+00,4.88281E-02
-6.5640960E-01,2.31445E+00,9.76562E-03
-6.5639112E-01,2.33398E+00,9.76562E-03
-6.5637264E-01,2.35352E+00,-9.76562E-03
-6.5635416E-01,2.33398E+00,6.83594E-02
-6.5633568E-01,2.35352E+00,2.92969E-02
-6.5631720E-01,2.29492E+00,9.76562E-03
-6.5629872E-01,2.27539E+00,9.76562E-03
-6.5628024E-01,2.33398E+00,2.92969E-02
-6.5626176E-01,2.35352E+00,2.92969E-02
-6.5624328E-01,2.33398E+00,4.88281E-02
-6.5622480E-01,2.27539E+00,9.76562E-03
-6.5620632E-01,2.37305E+00,1.07422E-01
-6.5618784E-01,2.35352E+00,8.78906E-02
-6.5616936E-01,2.25586E+00,1.07422E-01
-6.5615088E-01,2.29492E+00,2.92969E-02
-6.5613240E-01,2.27539E+00,2.92969E-02
-6.5611392E-01,2.29492E+00,9.76562E-03
-6.5609544E-01,2.37305E+00,2.92969E-02
-6.5607696E-01,2.29492E+00,9.76562E-03
-6.5605848E-01,2.29492E+00,8.78906E-02
-6.5604000E-01,2.31445E+00,6.83594E-02
-6.5602152E-01,2.33398E+00,2.92969E-02
-6.5600304E-01,2.23633E+00,-9.76562E-03
-6.5598456E-01,2.33398E+00,2.92969E-02
-6.5596608E-01,2.29492E+00,-2.92969E-02
-6.5594760E-01,2.27539E+00,2.92969E-02
-6.5592912E-01,2.35352E+00,9.76562E-03
-6.5591064E-01,2.29492E+00,8.78906E-02
-6.5589216E-01,2.31445E+00,9.76562E-03
-6.5587368E-01,2.29492E+00,4.88281E-02
-6.5585520E-01,2.31445E+00,9.76562E-03
-6.5583672E-01,2.33398E+00,4.88281E-02
-6.5581824E-01,2.35352E+00,9.76562E-03
-6.5579976E-01,2.27539E+00,8.78906E-02
-6.5578128E-01,2.29492E+00,9.76562E-03
-6.5576280E-01,2.31445E+00,2.92969E-02
-6.5574432E-01,2.37305E+00,9.76562E-03
-6.5572584E-01,2.33398E+00,9.76562E-03
-6.5570736E-01,2.25586E+00,4.88281E-02
-6.5568888E-01,2.27539E+00,2.92969E-02
-6.5567040E-01,2.29492E+00,-9.76562E-03
-6.5565192E-01,2.25586E+00,6.83594E-02
-6.5563344E-01,2.27539E+00,2.92969E-02
-6.5561496E-01,2.27539E+00,4.88281E-02
-6.5559648E-01,2.29492E+00,8.78906E-02
-6.5557800E-01,2.27539E+00,2.92969E-02
-6.5555952E-01,2.35352E+00,4.88281E-02
-6.5554104E-01,2.27539E+00,6.83594E-02
-6.5552256E-01,2.35352E+00,6.83594E-02
-6.5550408E-01,2.33398E+00,1.26953E-01
-6.5548560E-01,2.29492E+00,9.76562E-03
-6.5546712E-01,2.27539E+00,2.92969E-02
-6.5544864E-01,2.29492E+00,9.76562E-03
-6.5543016E-01,2.27539E+00,6.83594E-02
-6.5541168E-01,2.31445E+00,1.07422E-01
-6.5539320E-01,2.33398E+00,1.07422E-01
-6.5537472E-01,2.27539E+00,-9.76562E-03
-6.5535624E-01,2.31445E+00,4.88281E-02
-6.5533776E-01,2.29492E+00,4.88281E-02
-6.5531928E-01,2.33398E+00,4.88281E-02
-6.5530080E-01,2.29492E+00,6.83594E-02
-6.5528232E-01,2.29492E+00,9.76562E-03
-6.5526384E-01,2.37305E+00,9.76562E-03
-6.5524536E-01,2.25586E+00,2.92969E-02
-6.5522688E-01,2.27539E+00,9.76562E-03
-6.5520840E-01,2.29492E+00,4.88281E-02
-6.5518992E-01,2.29492E+00,9.76562E-03
-6.5517144E-01,2.25586E+00,-2.92969E-02
-6.5515296E-01,2.27539E+00,2.92969E-02
-6.5513448E-01,2.33398E+00,6.83594E-02
-6.5511600E-01,2.33398E+00,-2.92969E-02
-6.5509752E-01,2.33398E+00,1.07422E-01
-6.5507904E-01,2.37305E+00,9.76562E-03
-6.5506056E-01,2.35352E+00,2.92969E-02
-6.5504208E-01,2.33398E+00,4.88281E-02
-6.5502360E-01,2.35352E+00,6.83594E-02
-6.5500512E-01,2.31445E+00,-4.88281E-02
-6.5498664E-01,2.33398E+00,6.83594E-02
-6.5496816E-01,2.27539E+00,9.76562E-03
-6.5494968E-01,2.29492E+00,6.83594E-02
-6.5493120E-01,2.29492E+00,2.92969E-02
-6.5491272E-01,2.27539E+00,6.83594E-02
-6.5489424E-01,2.27539E+00,4.88281E-02
-6.5487576E-01,2.25586E+00,4.88281E-02
-6.5485728E-01,2.31445E+00,-9.76562E-03
-6.5483880E-01,2.35352E+00,1.26953E-01
-6.5482032E-01,2.35352E+00,-9.76562E-03
-6.5480184E-01,2.35352E+00,4.88281E-02
-6.5478336E-01,2.31445E+00,-9.76562E-03
-6.5476488E-01,2.35352E+00,9.76562E-03
-6.5474640E-01,2.27539E+00,4.88281E-02
-6.5472792E-01,2.33398E+00,2.92969E-02
-6.5470944E-01,2.33398E+00,6.83594E-02
-6.5469096E-01,2.23633E+00,2.92969E-02
-6.5467248E-01,2.35352E+00,2.92969E-02
-6.5465400E-01,2.35352E+00,4.88281E-02
-6.5463552E-01,2.29492E+00,2.92969E-02
-6.5461704E-01,2.37305E+00,1.26953E-01
-6.5459856E-01,2.35352E+00,4.88281E-02
-6.5458008E-01,2.25586E+00,8.78906E-02
-6.5456160E-01,2.35352E+00,4.88281E-02
-6.5454312E-01,2.27539E+00,4.88281E-02
-6.5452464E-01,2.35352E+00,4.88281E-02
-6.5450616E-01,2.27539E+00,2.92969E-02
-6.5448768E-01,2.33398E+00,9.76562E-03
-6.5446920E-01,2.35352E+00,6.83594E-02
-6.5445072E-01,2.31445E+00,2.92969E-02
-6.5443224E-01,2.27539E+00,4.88281E-02
-6.5441376E-01,2.31445E+00,4.88281E-02
-6.5439528E-01,2.33398E+00,9.76562E-03
-6.5437680E-01,2.37305E+00,9.76562E-03
-6.5435832E-01,2.35352E+00,6.83594E-02
-6.5433984E-01,2.35352E+00,-9.76562E-03
-6.5432136E-01,2.25586E+00,4.88281E-02
-6.5430288E-01,2.31445E+00,2.92969E-02
-6.5428440E-01,2.33398E+00,1.26953E-01
-6.5426592E-01,2.29492E+00,4.88281E-02
-6.5424744E-01,2.27539E+00,4.88281E-02
-6.5422896E-01,2.31445E+00,4.88281E-02
-6.5421048E-01,2.35352E+00,9.76562E-03
-6.5419200E-01,2.29492E+00,2.92969E-02
-6.5417352E-01,2.33398E+00,9.76562E-03
-6.5415504E-01,2.25586E+00,-2.92969E-02
-6.5413656E-01,2.33398E+00,9.76562E-03
-6.5411808E-01,2.33398E+00,2.92969E-02
-6.5409960E-01,2.33398E+00,6.83594E-02
-6.5408112E-01,2.35352E+00,9.76562E-03
-6.5406264E-01,2.29492E+00,4.88281E-02
-6.5404416E-01,2.35352E+00,9.76562E-03
-6.5402568E-01,2.31445E+00,9.76562E-03
-6.5400720E-01,2.31445E+00,-9.76562E-03
-6.5398872E-01,2.29492E+00,-9.76562E-03
-6.5397024E-01,2.23633E+00,9.76562E-03
-6.5395176E-01,2.27539E+00,6.83594E-02
-6.5393328E-01,2.29492E+00,4.88281E-02
-6.5391480E-01,2.35352E+00,4.88281E-02
-6.5389632E-01,2.35352E+00,6.83594E-02
-6.5387784E-01,2.29492E+00,4.88281E-02
-6.5385936E-01,2.35352E+00,9.76562E-03
-6.5384088E-01,2.33398E+00,4.88281E-02
-6.5382240E-01,2.31445E+00,6.83594E-02
-6.5380392E-01,2.27539E+00,6.83594E-02
-6.5378544E-01,2.29492E+00,2.92969E-02
-6.5376696E-01,2.27539E+00,-4.88281E-02
-6.5374848E-01,2.39258E+00,9.76562E-03
-6.5373000E-01,2.33398E+00,2.92969E-02
-6.5371152E-01,2.31445E+00,4.88281E-02
-6.5369304E-01,2.33398E+00,4.88281E-02
-6.5367456E-01,2.33398E+00,9.76562E-03
-6.5365608E-01,2.33398E+00,9.76562E-03
-6.5363760E-01,2.33398E+00,-9.76562E-03
-6.5361912E-01,2.35352E+00,-9.76562E-03
-6.5360064E-01,2.37305E+00,1.07422E-01
-6.5358216E-01,2.29492E+00,2.92969E-02
-6.5356368E-01,2.31445E+00,4.88281E-02
-6.5354520E-01,2.25586E+00,6.83594E-02
-6.5352672E-01,2.31445E+00,-2.92969E-02
-6.5350824E-01,2.33398E+00,4.88281E-02
-6.5348976E-01,2.29492E+00,4.88281E-02
-6.5347128E-01,2.33398E+00,-2.92969E-02
-6.5345280E-01,2.29492E+00,-9.76562E-03
-6.5343432E-01,2.31445E+00,4.88281E-02
-6.5341584E-01,2.35352E+00,4.88281E-02
-6.5339736E-01,2.33398E+00,9.76562E-03
-6.5337888E-01,2.27539E+00,-9.76562E-03
-6.5336040E-01,2.31445E+00,6.83594E-02
-6.5334192E-01,2.33398E+00,2.92969E-02
-6.5332344E-01,2.35352E+00,4.88281E-02
-6.5330496E-01,2.31445E+00,4.88281E-02
-6.5328648E-01,2.35352E+00,2.92969E-02
-6.5326800E-01,2.27539E+00,9.76562E-03
-6.5324952E-01,2.33398E+00,4.88281E-02
-6.5323104E-01,2.29492E+00,2.92969E-02
-6.5321256E-01,2.27539E+00,-4.88281E-02
-6.5319408E-01,2.33398E+00,9.76562E-03
-6.5317560E-01,2.31445E+00,-9.76562E-03
-6.5315712E-01,2.35352E+00,9.76562E-03
-6.5313864E-01,2.31445E+00,4.88281E-02
-6.5312016E-01,2.37305E+00,9.76562E-03
-6.5310168E-01,2.27539E+00,6.83594E-02
-6.5308320E-01,2.37305E+00,6.83594E-02
-6.5306472E-01,2.33398E+00,4.88281E-02
-6.5304624E-01,2.33398E+00,9.76562E-03
-6.5302776E-01,2.33398E+00,6.83594E-02
-6.5300928E-01,2.37305E+00,9.76562E-03
-6.5299080E-01,2.27539E+00,2.92969E-02
-6.5297232E-01,2.29492E+00,9.76562E-03
-6.5295384E-01,2.33398E+00,6.83594E-02
-6.5293536E-01,2.31445E+00,-9.76562E-03
-6.5291688E-01,2.35352E+00,2.92969E-02
-6.5289840E-01,2.35352E+00,2.92969E-02
-6.5287992E-01,2.29492E+00,4.88281E-02
-6.5286144E-01,2.31445E+00,9.76562E-03
-6.5284296E-01,2.27539E+00,6.83594E-02
-6.5282448E-01,2.31445E+00,2.92969E-02
-6.5280600E-01,2.29492E+00,2.92969E-02
-6.5278752E-01,2.37305E+00,2.92969E-02
-6.5276904E-01,2.33398E+00,-6.83594E-02
-6.5275056E-01,2.31445E+00,4.88281E-02
-6.5273208E-01,2.37305E+00,2.92969E-02
-6.5271360E-01,2.35352E+00,-9.76562E-03
-6.5269512E-01,2.27539E+00,2.92969E-02
-6.5267664E-01,2.33398E+00,-2.92969E-02
-6.5265816E-01,2.35352E+00,8.78906E-02
-6.5263968E-01,2.35352E+00,2.92969E-02
-6.5262120E-01,2.41211E+00,6.83594E-02
-6.5260272E-01,2.29492E+00,9.76562E-03
-6.5258424E-01,2.27539E+00,4.88281E-02
-6.5256576E-01,2.39258E+00,9.76562E-03
-6.5254728E-01,2.35352E+00,8.78906E-02
-6.5252880E-01,2.25586E+00,9.76562E-03
-6.5251032E-01,2.33398E+00,6.83594E-02
-6.5249184E-01,2.35352E+00,9.76562E-03
-6.5247336E-01,2.35352E+00,9.76562E-03
-6.5245488E-01,2.35352E+00,2.92969E-02
-6.5243640E-01,2.33398E+00,9.76562E-03
-6.5241792E-01,2.31445E+00,4.88281E-02
-6.5239944E-01,2.35352E+00,9.76562E-03
-6.5238096E-01,2.37305E+00,4.88281E-02
-6.5236248E-01,2.29492E+00,-2.92969E-02
-6.5234400E-01,2.29492E+00,-2.92969E-02
-6.5232552E-01,2.31445E+00,2.92969E-02
-6.5230704E-01,2.37305E+00,2.92969E-02
-6.5228856E-01,2.31445E+00,4.88281E-02
-6.5227008E-01,2.37305E+00,2.92969E-02
-6.5225160E-01,2.29492E+00,2.92969E-02
-6.5223312E-01,2.37305E+00,2.92969E-02
-6.5221464E-01,2.31445E+00,9.76562E-03
-6.5219616E-01,2.35352E+00,4.88281E-02
-6.5217768E-01,2.25586E+00,8.78906E-02
-6.5215920E-01,2.35352E+00,4.88281E-02
-6.5214072E-01,2.31445E+00,1.07422E-01
-6.5212224E-01,2.37305E+00,-9.76562E-03
-6.5210376E-01,2.35352E+00,2.92969E-02
-6.5208528E-01,2.37305E+00,2.92969E-02
-6.5206680E-01,2.31445E+00,9.76562E-03
-6.5204832E-01,2.35352E+00,-9.76562E-03
-6.5202984E-01,2.29492E+00,4.88281E-02
-6.5201136E-01,2.39258E+00,2.92969E-02
-6.5199288E-01,2.33398E+00,2.92969E-02
-6.5197440E-01,2.31445E+00,4.88281E-02
-6.5195592E-01,2.29492E+00,6.83594E-02
-6.5193744E-01,2.31445E+00,2.92969E-02
-6.5191896E-01,2.31445E+00,6.83594E-02
-6.5190048E-01,2.41211E+00,-9.76562E-03
-6.5188200E-01,2.31445E+00,6.83594E-02
-6.5186352E-01,2.35352E+00,1.07422E-01
-6.5184504E-01,2.25586E+00,4.88281E-02
-6.5182656E-01,2.35352E+00,9.76562E-03
-6.5180808E-01,2.27539E+00,1.07422E-01
-6.5178960E-01,2.35352E+00,-9.76562E-03
-6.5177112E-01,2.29492E+00,6.83594E-02
-6.5175264E-01,2.31445E+00,4.88281E-02
-6.5173416E-01,2.29492E+00,4.88281E-02
-6.5171568E-01,2.31445E+00,9.76562E-03
-6.5169720E-01,2.29492E+00,4.88281E-02
-6.5167872E-01,2.29492E+00,-9.76562E-03
-6.5166024E-01,2.33398E+00,6.83594E-02
-6.5164176E-01,2.33398E+00,2.92969E-02
-6.5162328E-01,2.33398E+00,2.92969E-02
-6.5160480E-01,2.35352E+00,4.88281E-02
-6.5158632E-01,2.31445E+00,6.83594E-02
-6.5156784E-01,2.43164E+00,4.88281E-02
-6.5154936E-01,2.33398E+00,6.83594E-02
-6.5153088E-01,2.37305E+00,9.76562E-03
-6.5151240E-01,2.37305E+00,2.92969E-02
-6.5149392E-01,2.37305E+00,-4.88281E-02
-6.5147544E-01,2.27539E+00,2.92969E-02
-6.5145696E-01,2.29492E+00,-2.92969E-02
-6.5143848E-01,2.29492E+00,4.88281E-02
-6.5142000E-01,2.37305E+00,9.76562E-03
-6.5140152E-01,2.23633E+00,6.83594E-02
-6.5138304E-01,2.37305E+00,9.76562E-03
-6.5136456E-01,2.31445E+00,9.76562E-03
-6.5134608E-01,2.29492E+00,2.92969E-02
-6.5132760E-01,2.31445E+00,4.88281E-02
-6.5130912E-01,2.33398E+00,4.88281E-02
-6.5129064E-01,2.35352E+00,8.78906E-02
-6.5127216E-01,2.35352E+00,4.88281E-02
-6.5125368E-01,2.33398E+00,6.83594E-02
-6.5123520E-01,2.35352E+00,9.76562E-03
-6.5121672E-01,2.33398E+00,6.83594E-02
-6.5119824E-01,2.37305E+00,-9.76562E-03
-6.5117976E-01,2.29492E+00,9.76562E-03
-6.5116128E-01,2.33398E+00,-9.76562E-03
-6.5114280E-01,2.31445E+00,6.83594E-02
-6.5112432E-01,2.35352E+00,9.76562E-03
-6.5110584E-01,2.33398E+00,2.92969E-02
-6.5108736E-01,2.37305E+00,9.76562E-03
-6.5106888E-01,2.29492E+00,6.83594E-02
-6.5105040E-01,2.29492E+00,9.76562E-03
-6.5103192E-01,2.29492E+00,9.76562E-03
-6.5101344E-01,2.35352E+00,9.76562E-03
-6.5099496E-01,2.27539E+00,9.76562E-03
-6.5097648E-01,2.37305E+00,9.76562E-03
-6.5095800E-01,2.35352E+00,6.83594E-02
-6.5093952E-01,2.37305E+00,2.92969E-02
-6.5092104E-01,2.33398E+00,6.83594E-02
-6.5090256E-01,2.35352E+00,2.92969E-02
-6.5088408E-01,2.35352E+00,9.76562E-03
-6.5086560E-01,2.27539E+00,9.76562E-03
-6.5084712E-01,2.33398E+00,4.88281E-02
-6.5082864E-01,2.29492E+00,2.92969E-02
-6.5081016E-01,2.29492E+00,2.92969E-02
-6.5079168E-01,2.33398E+00,4.88281E-02
-6.5077320E-01,2.27539E+00,6.83594E-02
-6.5075472E-01,2.35352E+00,-9.76562E-03
-6.5073624E-01,2.33398E+00,2.92969E-02
-6.5071776E-01,2.37305E+00,2.92969E-02
-6.5069928E-01,2.29492E+00,1.07422E-01
-6.5068080E-01,2.31445E+00,2.92969E-02
-6.5066232E-01,2.31445E+00,8.78906E-02
-6.5064384E-01,2.41211E+00,2.92969E-02
-6.5062536E-01,2.31445E+00,9.76562E-03
-6.5060688E-01,2.35352E+00,6.83594E-02
-6.5058840E-01,2.35352E+00,2.92969E-02
-6.5056992E-01,2.27539E+00,9.76562E-03
-6.5055144E-01,2.29492E+00,2.92969E-02
-6.5053296E-01,2.35352E+00,-2.92969E-02
-6.5051448E-01,2.33398E+00,4.88281E-02
-6.5049600E-01,2.29492E+00,-9.76562E-03
-6.5047752E-01,2.31445E+00,4.88281E-02
-6.5045904E-01,2.31445E+00,2.92969E-02
-6.5044056E-01,2.33398E+00,6.83594E-02
-6.5042208E-01,2.37305E+00,9.76562E-03
-6.5040360E-01,2.31445E+00,9.76562E-03
-6.5038512E-01,2.25586E+00,9.76562E-03
-6.5036664E-01,2.43164E+00,4.88281E-02
-6.5034816E-01,2.29492E+00,2.92969E-02
-6.5032968E-01,2.31445E+00,9.76562E-03
-6.5031120E-01,2.29492E+00,-2.92969E-02
-6.5029272E-01,2.33398E+00,9.76562E-03
-6.5027424E-01,2.33398E+00,-2.92969E-02
-6.5025576E-01,2.27539E+00,-9.76562E-03
-6.5023728E-01,2.29492E+00,2.92969E-02
-6.5021880E-01,2.35352E+00,4.88281E-02
-6.5020032E-01,2.33398E+00,2.92969E-02
-6.5018184E-01,2.31445E+00,2.92969E-02
-6.5016336E-01,2.37305E+00,9.76562E-03
-6.5014488E-01,2.43164E+00,1.07422E-01
-6.5012640E-01,2.35352E+00,-9.76562E-03
-6.5010792E-01,2.33398E+00,9.76562E-03
-6.5008944E-01,2.43164E+00,4.88281E-02
-6.5007096E-01,2.29492E+00,2.92969E-02
-6.5005248E-01,2.29492E+00,9.76562E-03
-6.5003400E-01,2.35352E+00,2.92969E-02
-6.5001552E-01,2.33398E+00,4.88281E-02
-6.4999704E-01,2.25586E+00,9.76562E-03
-6.4997856E-01,2.31445E+00,4.88281E-02
-6.4996008E-01,2.27539E+00,2.92969E-02
-6.4994160E-01,2.37305E+00,2.92969E-02
-6.4992312E-01,2.31445E+00,4.88281E-02
-6.4990464E-01,2.33398E+00,9.76562E-03
-6.4988616E-01,2.35352E+00,6.83594E-02
-6.4986768E-01,2.31445E+00,6.83594E-02
-6.4984920E-01,2.33398E+00,9.76562E-03
-6.4983072E-01,2.41211E+00,4.88281E-02
-6.4981224E-01,2.33398E+00,9.76562E-03
-6.4979376E-01,2.33398E+00,-9.76562E-03
-6.4977528E-01,2.35352E+00,2.92969E-02
-6.4975680E-01,2.37305E+00,9.76562E-03
-6.4973832E-01,2.27539E+00,8.78906E-02
-6.4971984E-01,2.33398E+00,2.92969E-02
-6.4970136E-01,2.35352E+00,4.88281E-02
-6.4968288E-01,2.29492E+00,4.88281E-02
-6.4966440E-01,2.31445E+00,4.88281E-02
-6.4964592E-01,2.31445E+00,2.92969E-02
-6.4962744E-01,2.31445E+00,8.78906E-02
-6.4960896E-01,2.39258E+00,2.92969E-02
-6.4959048E-01,2.29492E+00,2.92969E-02
-6.4957200E-01,2.29492E+00,9.76562E-03
-6.4955352E-01,2.31445E+00,2.92969E-02
-6.4953504E-01,2.35352E+00,9.76562E-03
-6.4951656E-01,2.35352E+00,8.78906E-02
-6.4949808E-01,2.35352E+00,4.88281E-02
-6.4947960E-01,2.37305E+00,9.76562E-03
-6.4946112E-01,2.33398E+00,9.76562E-03
-6.4944264E-01,2.35352E+00,-9.76562E-03
-6.4942416E-01,2.37305E+00,-9.76562E-03
-6.4940568E-01,2.35352E+00,8.78906E-02
-6.4938720E-01,2.35352E+00,2.92969E-02
-6.4936872E-01,2.35352E+00,2.92969E-02
-6.4935024E-01,2.35352E+00,4.88281E-02
-6.4933176E-01,2.37305E+00,6.83594E-02
-6.4931328E-01,2.31445E+00,-2.92969E-02
-6.4929480E-01,2.29492E+00,4.88281E-02
-6.4927632E-01,2.33398E+00,-9.76562E-03
-6.4925784E-01,2.35352E+00,2.92969E-02
-6.4923936E-01,2.35352E+00,6.83594E-02
-6.4922088E-01,2.31445E+00,6.83594E-02
-6.4920240E-01,2.33398E+00,9.76562E-03
-6.4918392E-01,2.35352E+00,9.76562E-03
-6.4916544E-01,2.39258E+00,-6.83594E-02
-6.4914696E-01,2.35352E+00,8.78906E-02
-6.4912848E-01,2.31445E+00,-4.88281E-02
-6.4911000E-01,2.35352E+00,6.83594E-02
-6.4909152E-01,2.39258E+00,4.88281E-02
-6.4907304E-01,2.33398E+00,2.92969E-02
-6.4905456E-01,2.31445E+00,9.76562E-03
-6.4903608E-01,2.35352E+00,9.76562E-03
-6.4901760E-01,2.33398E+00,9.76562E-03
-6.4899912E-01,2.29492E+00,9.76562E-03
-6.4898064E-01,2.23633E+00,2.92969E-02
-6.4896216E-01,2.25586E+00,2.92969E-02
-6.4894368E-01,2.37305E+00,-9.76562E-03
-6.4892520E-01,2.33398E+00,6.83594E-02
-6.4890672E-01,2.33398E+00,4.88281E-02
-6.4888824E-01,2.35352E+00,6.83594E-02
-6.4886976E-01,2.31445E+00,2.92969E-02
-6.4885128E-01,2.33398E+00,6.83594E-02
-6.4883280E-01,2.29492E+00,9.76562E-03
-6.4881432E-01,2.31445E+00,4.88281E-02
-6.4879584E-01,2.43164E+00,4.88281E-02
-6.4877736E-01,2.23633E+00,2.92969E-02
-6.4875888E-01,2.35352E+00,4.88281E-02
-6.4874040E-01,2.27539E+00,2.92969E-02
-6.4872192E-01,2.35352E+00,-9.76562E-03
-6.4870344E-01,2.35352E+00,4.88281E-02
-6.4868496E-01,2.35352E+00,9.76562E-03
-6.4866648E-01,2.25586E+00,6.83594E-02
-6.4864800E-01,2.39258E+00,4.88281E-02
-6.4862952E-01,2.29492E+00,6.83594E-02
-6.4861104E-01,2.33398E+00,9.76562E-03
-6.4859256E-01,2.39258E+00,2.92969E-02
-6.4857408E-01,2.37305E+00,2.92969E-02
-6.4855560E-01,2.33398E+00,4.88281E-02
-6.4853712E-01,2.39258E+00,4.88281E-02
-6.4851864E-01,2.27539E+00,2.92969E-02
-6.4850016E-01,2.37305E+00,9.76562E-03
-6.4848168E-01,2.35352E+00,4.88281E-02
-6.4846320E-01,2.37305E+00,4.88281E-02
-6.4844472E-01,2.33398E+00,2.92969E-02
-6.4842624E-01,2.39258E+00,-2.92969E-02
-6.4840776E-01,2.33398E+00,6.83594E-02
-6.4838928E-01,2.41211E+00,9.76562E-03
-6.4837080E-01,2.39258E+00,6.83594E-02
-6.4835232E-01,2.31445E+00,9.76562E-03
-6.4833384E-01,2.35352E+00,4.88281E-02
-6.4831536E-01,2.37305E+00,6.83594E-02
-6.4829688E-01,2.33398E+00,6.83594E-02
-6.4827840E-01,2.39258E+00,-9.76562E-03
-6.4825992E-01,2.33398E+00,9.76562E-03
-6.4824144E-01,2.37305E+00,2.92969E-02
-6.4822296E-01,2.35352E+00,1.26953E-01
-6.4820448E-01,2.33398E+00,4.88281E-02
-6.4818600E-01,2.33398E+00,4.88281E-02
-6.4816752E-01,2.31445E+00,9.76562E-03
-6.4814904E-01,2.33398E+00,2.92969E-02
-6.4813056E-01,2.37305E+00,-9.76562E-03
-6.4811208E-01,2.29492E+00,9.76562E-03
-6.4809360E-01,2.39258E+00,4.88281E-02
-6.4807512E-01,2.31445E+00,4.88281E-02
-6.4805664E-01,2.39258E+00,2.92969E-02
-6.4803816E-01,2.29492E+00,4.88281E-02
-6.4801968E-01,2.35352E+00,9.76562E-03
-6.4800120E-01,2.35352E+00,9.76562E-03
-6.4798272E-01,2.37305E+00,2.92969E-02
-6.4796424E-01,2.31445E+00,4.88281E-02
-6.4794576E-01,2.37305E+00,-9.76562E-03
-6.4792728E-01,2.35352E+00,9.76562E-03
-6.4790880E-01,2.37305E+00,2.92969E-02
-6.4789032E-01,2.35352E+00,4.88281E-02
-6.4787184E-01,2.37305E+00,9.76562E-03
-6.4785336E-01,2.31445E+00,6.83594E-02
-6.4783488E-01,2.33398E+00,2.92969E-02
-6.4781640E-01,2.25586E+00,9.76562E-03
-6.4779792E-01,2.39258E+00,2.92969E-02
-6.4777944E-01,2.33398E+00,-2.92969E-02
-6.4776096E-01,2.39258E+00,4.88281E-02
-6.4774248E-01,2.35352E+00,4.88281E-02
-6.4772400E-01,2.35352E+00,2.92969E-02
-6.4770552E-01,2.35352E+00,6.83594E-02
-6.4768704E-01,2.31445E+00,9.76562E-03
-6.4766856E-01,2.35352E+00,2.92969E-02
-6.4765008E-01,2.31445E+00,2.92969E-02
-6.4763160E-01,2.33398E+00,1.26953E-01
-6.4761312E-01,2.41211E+00,4.88281E-02
-6.4759464E-01,2.29492E+00,2.92969E-02
-6.4757616E-01,2.29492E+00,-2.92969E-02
-6.4755768E-01,2.33398E+00,1.26953E-01
-6.4753920E-01,2.41211E+00,8.78906E-02
-6.4752072E-01,2.31445E+00,1.26953E-01
-6.4750224E-01,2.29492E+00,2.92969E-02
-6.4748376E-01,2.31445E+00,2.92969E-02
-6.4746528E-01,2.31445E+00,4.88281E-02
-6.4744680E-01,2.29492E+00,9.76562E-03
-6.4742832E-01,2.35352E+00,9.76562E-03
-6.4740984E-01,2.35352E+00,-2.92969E-02
-6.4739136E-01,2.35352E+00,8.78906E-02
-6.4737288E-01,2.35352E+00,9.76562E-03
-6.4735440E-01,2.33398E+00,9.76562E-03
-6.4733592E-01,2.35352E+00,4.88281E-02
-6.4731744E-01,2.33398E+00,-9.76562E-03
-6.4729896E-01,2.35352E+00,9.76562E-03
-6.4728048E-01,2.35352E+00,9.76562E-03
-6.4726200E-01,2.31445E+00,4.88281E-02
-6.4724352E-01,2.33398E+00,9.76562E-03
-6.4722504E-01,2.31445E+00,2.92969E-02
-6.4720656E-01,2.37305E+00,2.92969E-02
-6.4718808E-01,2.33398E+00,1.26953E-01
-6.4716960E-01,2.41211E+00,4.88281E-02
-6.4715112E-01,2.25586E+00,6.83594E-02
-6.4713264E-01,2.35352E+00,9.76562E-03
-6.4711416E-01,2.35352E+00,9.76562E-03
-6.4709568E-01,2.31445E+00,6.83594E-02
-6.4707720E-01,2.35352E+00,6.83594E-02
-6.4705872E-01,2.35352E+00,9.76562E-03
-6.4704024E-01,2.33398E+00,2.92969E-02
-6.4702176E-01,2.37305E+00,2.92969E-02
-6.4700328E-01,2.35352E+00,2.92969E-02
-6.4698480E-01,2.35352E+00,-9.76562E-03
-6.4696632E-01,2.31445E+00,2.92969E-02
-6.4694784E-01,2.39258E+00,4.88281E-02
-6.4692936E-01,2.35352E+00,6.83594E-02
-6.4691088E-01,2.33398E+00,9.76562E-03
-6.4689240E-01,2.33398E+00,-9.76562E-03
-6.4687392E-01,2.39258E+00,-9.76562E-03
-6.4685544E-01,2.35352E+00,2.92969E-02
-6.4683696E-01,2.35352E+00,2.92969E-02
-6.4681848E-01,2.33398E+00,4.88281E-02
-6.4680000E-01,2.37305E+00,9.76562E-03
-6.4678152E-01,2.37305E+00,8.78906E-02
-6.4676304E-01,2.31445E+00,9.76562E-03
-6.4674456E-01,2.35352E+00,4.88281E-02
-6.4672608E-01,2.33398E+00,2.92969E-02
-6.4670760E-01,2.33398E+00,4.88281E-02
-6.4668912E-01,2.35352E+00,9.76562E-03
-6.4667064E-01,2.31445E+00,4.88281E-02
-6.4665216E-01,2.43164E+00,2.92969E-02
-6.4663368E-01,2.25586E+00,9.76562E-03
-6.4661520E-01,2.39258E+00,-9.76562E-03
-6.4659672E-01,2.33398E+00,6.83594E-02
-6.4657824E-01,2.37305E+00,9.76562E-03
-6.4655976E-01,2.27539E+00,6.83594E-02
-6.4654128E-01,2.29492E+00,4.88281E-02
-6.4652280E-01,2.35352E+00,6.83594E-02
-6.4650432E-01,2.37305E+00,2.92969E-02
-6.4648584E-01,2.29492E+00,2.92969E-02
-6.4646736E-01,2.35352E+00,-2.92969E-02
-6.4644888E-01,2.31445E+00,4.88281E-02
-6.4643040E-01,2.37305E+00,-4.88281E-02
-6.4641192E-01,2.33398E+00,-4.88281E-02
-6.4639344E-01,2.29492E+00,2.92969E-02
-6.4637496E-01,2.33398E+00,4.88281E-02
-6.4635648E-01,2.35352E+00,2.92969E-02
-6.4633800E-01,2.33398E+00,2.92969E-02
-6.4631952E-01,2.31445E+00,4.88281E-02
-6.4630104E-01,2.41211E+00,6.83594E-02
-6.4628256E-01,2.35352E+00,2.92969E-02
-6.4626408E-01,2.33398E+00,2.92969E-02
-6.4624560E-01,2.35352E+00,4.88281E-02
-6.4622712E-01,2.33398E+00,4.88281E-02
-6.4620864E-01,2.35352E+00,9.76562E-03
-6.4619016E-01,2.33398E+00,2.92969E-02
-6.4617168E-01,2.41211E+00,4.88281E-02
-6.4615320E-01,2.29492E+00,4.88281E-02
-6.4613472E-01,2.37305E+00,8.78906E-02
-6.4611624E-01,2.31445E+00,4.88281E-02
-6.4609776E-01,2.37305E+00,9.76562E-03
-6.4607928E-01,2.35352E+00,2.92969E-02
-6.4606080E-01,2.35352E+00,4.88281E-02
-6.4604232E-01,2.35352E+00,9.76562E-03
-6.4602384E-01,2.35352E+00,4.88281E-02
-6.4600536E-01,2.35352E+00,8.78906E-02
-6.4598688E-01,2.33398E+00,-9.76562E-03
-6.4596840E-01,2.33398E+00,2.92969E-02
-6.4594992E-01,2.33398E+00,9.76562E-03
-6.4593144E-01,2.35352E+00,1.07422E-01
-6.4591296E-01,2.35352E+00,2.92969E-02
-6.4589448E-01,2.31445E+00,4.88281E-02
-6.4587600E-01,2.41211E+00,4.88281E-02
-6.4585752E-01,2.35352E+00,9.76562E-03
-6.4583904E-01,2.31445E+00,9.76562E-03
-6.4582056E-01,2.29492E+00,9.76562E-03
-6.4580208E-01,2.31445E+00,4.88281E-02
-6.4578360E-01,2.41211E+00,4.88281E-02
-6.4576512E-01,2.39258E+00,-9.76562E-03
-6.4574664E-01,2.31445E+00,6.83594E-02
-6.4572816E-01,2.25586E+00,4.88281E-02
-6.4570968E-01,2.31445E+00,6.83594E-02
-6.4569120E-01,2.35352E+00,9.76562E-03
-6.4567272E-01,2.35352E+00,9.76562E-03
-6.4565424E-01,2.39258E+00,2.92969E-02
-6.4563576E-01,2.35352E+00,6.83594E-02
-6.4561728E-01,2.35352E+00,6.83594E-02
-6.4559880E-01,2.35352E+00,9.76562E-03
-6.4558032E-01,2.29492E+00,9.76562E-03
-6.4556184E-01,2.27539E+00,1.26953E-01
-6.4554336E-01,2.41211E+00,4.88281E-02
-6.4552488E-01,2.35352E+00,-9.76562E-03
-6.4550640E-01,2.29492E+00,4.88281E-02
-6.4548792E-01,2.31445E+00,2.92969E-02
-6.4546944E-01,2.37305E+00,4.88281E-02
-6.4545096E-01,2.29492E+00,-4.88281E-02
-6.4543248E-01,2.33398E+00,-9.76562E-03
-6.4541400E-01,2.41211E+00,2.92969E-02
-6.4539552E-01,2.33398E+00,2.92969E-02
-6.4537704E-01,2.33398E+00,9.76562E-03
-6.4535856E-01,2.29492E+00,9.76562E-03
-6.4534008E-01,2.35352E+00,2.92969E-02
-6.4532160E-01,2.33398E+00,2.92969E-02
-6.4530312E-01,2.39258E+00,9.76562E-03
-6.4528464E-01,2.33398E+00,4.88281E-02
-6.4526616E-01,2.33398E+00,6.83594E-02
-6.4524768E-01,2.39258E+00,9.76562E-03
-6.4522920E-01,2.27539E+00,6.83594E-02
-6.4521072E-01,2.39258E+00,9.76562E-03
-6.4519224E-01,2.35352E+00,6.83594E-02
-6.4517376E-01,2.31445E+00,4.88281E-02
-6.4515528E-01,2.33398E+00,4.88281E-02
-6.4513680E-01,2.31445E+00,4.88281E-02
-6.4511832E-01,2.35352E+00,4.88281E-02
-6.4509984E-01,2.33398E+00,-9.76562E-03
-6.4508136E-01,2.35352E+00,2.92969E-02
-6.4506288E-01,2.39258E+00,9.76562E-03
-6.4504440E-01,2.35352E+00,2.92969E-02
-6.4502592E-01,2.35352E+00,4.88281E-02
-6.4500744E-01,2.35352E+00,2.92969E-02
-6.4498896E-01,2.35352E+00,4.88281E-02
-6.4497048E-01,2.33398E+00,6.83594E-02
-6.4495200E-01,2.35352E+00,-9.76562E-03
-6.4493352E-01,2.37305E+00,2.92969E-02
-6.4491504E-01,2.27539E+00,4.88281E-02
-6.4489656E-01,2.31445E+00,9.76562E-03
-6.4487808E-01,2.31445E+00,9.76562E-03
-6.4485960E-01,2.35352E+00,4.88281E-02
-6.4484112E-01,2.33398E+00,-9.76562E-03
-6.4482264E-01,2.39258E+00,2.92969E-02
-6.4480416E-01,2.31445E+00,6.83594E-02
-6.4478568E-01,2.43164E+00,1.46484E-01
-6.4476720E-01,2.35352E+00,-2.92969E-02
-6.4474872E-01,2.33398E+00,2.92969E-02
-6.4473024E-01,2.41211E+00,2.92969E-02
-6.4471176E-01,2.35352E+00,9.76562E-03
-6.4469328E-01,2.29492E+00,2.92969E-02
-6.4467480E-01,2.31445E+00,4.88281E-02
-6.4465632E-01,2.35352E+00,9.76562E-03
-6.4463784E-01,2.41211E+00,9.76562E-03
-6.4461936E-01,2.39258E+00,4.88281E-02
-6.4460088E-01,2.35352E+00,2.92969E-02
-6.4458240E-01,2.41211E+00,-2.92969E-02
-6.4456392E-01,2.27539E+00,2.92969E-02
-6.4454544E-01,2.37305E+00,2.92969E-02
-6.4452696E-01,2.35352E+00,4.88281E-02
-6.4450848E-01,2.35352E+00,9.76562E-03
-6.4449000E-01,2.35352E+00,4.88281E-02
-6.4447152E-01,2.31445E+00,2.92969E-02
-6.4445304E-01,2.43164E+00,4.88281E-02
-6.4443456E-01,2.37305E+00,-9.76562E-03
-6.4441608E-01,2.29492E+00,9.76562E-03
-6.4439760E-01,2.35352E+00,4.88281E-02
-6.4437912E-01,2.27539E+00,4.88281E-02
-6.4436064E-01,2.35352E+00,-6.83594E-02
-6.4434216E-01,2.35352E+00,9.76562E-03
-6.4432368E-01,2.37305E+00,9.76562E-03
-6.4430520E-01,2.29492E+00,1.07422E-01
-6.4428672E-01,2.37305E+00,9.76562E-03
-6.4426824E-01,2.35352E+00,-2.92969E-02
-6.4424976E-01,2.35352E+00,-9.76562E-03
-6.4423128E-01,2.35352E+00,1.07422E-01
-6.4421280E-01,2.37305E+00,9.76562E-03
-6.4419432E-01,2.31445E+00,9.76562E-03
-6.4417584E-01,2.39258E+00,2.92969E-02
-6.4415736E-01,2.39258E+00,8.78906E-02
-6.4413888E-01,2.39258E+00,4.88281E-02
-6.4412040E-01,2.29492E+00,2.92969E-02
-6.4410192E-01,2.41211E+00,9.76562E-03
-6.4408344E-01,2.33398E+00,6.83594E-02
-6.4406496E-01,2.33398E+00,2.92969E-02
-6.4404648E-01,2.39258E+00,4.88281E-02
-6.4402800E-01,2.37305E+00,9.76562E-03
-6.4400952E-01,2.31445E+00,6.83594E-02
-6.4399104E-01,2.37305E+00,2.92969E-02
-6.4397256E-01,2.35352E+00,4.88281E-02
-6.4395408E-01,2.35352E+00,2.92969E-02
-6.4393560E-01,2.35352E+00,4.88281E-02
-6.4391712E-01,2.41211E+00,9.76562E-03
-6.4389864E-01,2.33398E+00,6.83594E-02
-6.4388016E-01,2.35352E+00,9.76562E-03
-6.4386168E-01,2.29492E+00,2.92969E-02
-6.4384320E-01,2.37305E+00,9.76562E-03
-6.4382472E-01,2.37305E+00,4.88281E-02
-6.4380624E-01,2.35352E+00,9.76562E-03
-6.4378776E-01,2.31445E+00,1.07422E-01
-6.4376928E-01,2.31445E+00,-4.88281E-02
-6.4375080E-01,2.39258E+00,6.83594E-02
-6.4373232E-01,2.29492E+00,4.88281E-02
-6.4371384E-01,2.43164E+00,6.83594E-02
-6.4369536E-01,2.29492E+00,-4.88281E-02
-6.4367688E-01,2.31445E+00,9.76562E-03
-6.4365840E-01,2.39258E+00,9.76562E-03
-6.4363992E-01,2.33398E+00,9.76562E-03
-6.4362144E-01,2.41211E+00,6.83594E-02
-6.4360296E-01,2.35352E+00,6.83594E-02
-6.4358448E-01,2.31445E+00,2.92969E-02
-6.4356600E-01,2.31445E+00,4.88281E-02
-6.4354752E-01,2.37305E+00,2.92969E-02
-6.4352904E-01,2.37305E+00,6.83594E-02
-6.4351056E-01,2.33398E+00,-9.76562E-03
-6.4349208E-01,2.29492E+00,2.92969E-02
-6.4347360E-01,2.37305E+00,9.76562E-03
-6.4345512E-01,2.29492E+00,6.83594E-02
-6.4343664E-01,2.39258E+00,2.92969E-02
-6.4341816E-01,2.35352E+00,9.76562E-03
-6.4339968E-01,2.41211E+00,4.88281E-02
-6.4338120E-01,2.35352E+00,2.92969E-02
-6.4336272E-01,2.37305E+00,-9.76562E-03
-6.4334424E-01,2.35352E+00,2.92969E-02
-6.4332576E-01,2.37305E+00,2.92969E-02
-6.4330728E-01,2.33398E+00,9.76562E-03
-6.4328880E-01,2.37305E+00,2.92969E-02
-6.4327032E-01,2.37305E+00,4.88281E-02
-6.4325184E-01,2.35352E+00,4.88281E-02
-6.4323336E-01,2.43164E+00,2.92969E-02
-6.4321488E-01,2.37305E+00,2.92969E-02
-6.4319640E-01,2.31445E+00,9.76562E-03
-6.4317792E-01,2.35352E+00,-2.92969E-02
-6.4315944E-01,2.35352E+00,4.88281E-02
-6.4314096E-01,2.39258E+00,2.92969E-02
-6.4312248E-01,2.35352E+00,6.83594E-02
-6.4310400E-01,2.37305E+00,9.76562E-03
-6.4308552E-01,2.33398E+00,2.92969E-02
-6.4306704E-01,2.39258E+00,9.76562E-03
-6.4304856E-01,2.37305E+00,4.88281E-02
-6.4303008E-01,2.39258E+00,6.83594E-02
-6.4301160E-01,2.39258E+00,6.83594E-02
-6.4299312E-01,2.37305E+00,9.76562E-03
-6.4297464E-01,2.29492E+00,9.76562E-03
-6.4295616E-01,2.35352E+00,9.76562E-03
-6.4293768E-01,2.31445E+00,4.88281E-02
-6.4291920E-01,2.31445E+00,4.88281E-02
-6.4290072E-01,2.29492E+00,2.92969E-02
-6.4288224E-01,2.35352E+00,-2.92969E-02
-6.4286376E-01,2.27539E+00,9.76562E-03
-6.4284528E-01,2.37305E+00,4.88281E-02
-6.4282680E-01,2.39258E+00,6.83594E-02
-6.4280832E-01,2.33398E+00,9.76562E-03
-6.4278984E-01,2.29492E+00,2.92969E-02
-6.4277136E-01,2.37305E+00,4.88281E-02
-6.4275288E-01,2.31445E+00,9.76562E-03
-6.4273440E-01,2.37305E+00,1.26953E-01
-6.4271592E-01,2.35352E+00,4.88281E-02
-6.4269744E-01,2.35352E+00,6.83594E-02
-6.4267896E-01,2.31445E+00,9.76562E-03
-6.4266048E-01,2.37305E+00,9.76562E-03
-6.4264200E-01,2.37305E+00,8.78906E-02
-6.4262352E-01,2.35352E+00,-9.76562E-03
-6.4260504E-01,2.43164E+00,4.88281E-02
-6.4258656E-01,2.39258E+00,9.76562E-03
-6.4256808E-01,2.43164E+00,2.92969E-02
-6.4254960E-01,2.31445E+00,-4.88281E-02
-6.4253112E-01,2.35352E+00,1.07422E-01
-6.4251264E-01,2.35352E+00,6.83594E-02
-6.4249416E-01,2.35352E+00,4.88281E-02
-6.4247568E-01,2.41211E+00,-2.92969E-02
-6.4245720E-01,2.43164E+00,6.83594E-02
-6.4243872E-01,2.37305E+00,2.92969E-02
-6.4242024E-01,2.37305E+00,6.83594E-02
-6.4240176E-01,2.41211E+00,4.88281E-02
-6.4238328E-01,2.37305E+00,-4.88281E-02
-6.4236480E-01,2.43164E+00,2.92969E-02
-6.4234632E-01,2.33398E+00,4.88281E-02
-6.4232784E-01,2.43164E+00,-9.76562E-03
-6.4230936E-01,2.33398E+00,4.88281E-02
-6.4229088E-01,2.39258E+00,2.92969E-02
-6.4227240E-01,2.29492E+00,4.88281E-02
-6.4225392E-01,2.37305E+00,2.92969E-02
-6.4223544E-01,2.35352E+00,2.92969E-02
-6.4221696E-01,2.37305E+00,4.88281E-02
-6.4219848E-01,2.33398E+00,4.88281E-02
-6.4218000E-01,2.35352E+00,2.92969E-02
-6.4216152E-01,2.35352E+00,4.88281E-02
-6.4214304E-01,2.39258E+00,9.76562E-03
-6.4212456E-01,2.37305E+00,2.92969E-02
-6.4210608E-01,2.35352E+00,2.92969E-02
-6.4208760E-01,2.33398E+00,4.88281E-02
-6.4206912E-01,2.41211E+00,2.92969E-02
-6.4205064E-01,2.37305E+00,4.88281E-02
-6.4203216E-01,2.37305E+00,4.88281E-02
-6.4201368E-01,2.31445E+00,2.92969E-02
-6.4199520E-01,2.39258E+00,2.92969E-02
-6.4197672E-01,2.39258E+00,4.88281E-02
-6.4195824E-01,2.35352E+00,4.88281E-02
-6.4193976E-01,2.39258E+00,2.92969E-02
-6.4192128E-01,2.35352E+00,9.76562E-03
-6.4190280E-01,2.35352E+00,6.83594E-02
-6.4188432E-01,2.35352E+00,4.88281E-02
-6.4186584E-01,2.39258E+00,9.76562E-03
-6.4184736E-01,2.39258E+00,9.76562E-03
-6.4182888E-01,2.29492E+00,2.92969E-02
-6.4181040E-01,2.37305E+00,-4.88281E-02
-6.4179192E-01,2.35352E+00,6.83594E-02
-6.4177344E-01,2.37305E+00,9.76562E-03
-6.4175496E-01,2.39258E+00,6.83594E-02
-6.4173648E-01,2.41211E+00,6.83594E-02
-6.4171800E-01,2.43164E+00,2.92969E-02
-6.4169952E-01,2.37305E+00,6.83594E-02
-6.4168104E-01,2.35352E+00,8.78906E-02
-6.4166256E-01,2.35352E+00,4.88281E-02
-6.4164408E-01,2.35352E+00,4.88281E-02
-6.4162560E-01,2.35352E+00,-9.76562E-03
-6.4160712E-01,2.35352E+00,6.83594E-02
-6.4158864E-01,2.35352E+00,9.76562E-03
-6.4157016E-01,2.35352E+00,9.76562E-03
-6.4155168E-01,2.35352E+00,4.88281E-02
-6.4153320E-01,2.31445E+00,2.92969E-02
-6.4151472E-01,2.39258E+00,2.92969E-02
-6.4149624E-01,2.39258E+00,8.78906E-02
-6.4147776E-01,2.41211E+00,2.92969E-02
-6.4145928E-01,2.43164E+00,9.76562E-03
-6.4144080E-01,2.37305E+00,6.83594E-02
-6.4142232E-01,2.31445E+00,1.07422E-01
-6.4140384E-01,2.35352E+00,4.88281E-02
-6.4138536E-01,2.33398E+00,8.78906E-02
-6.4136688E-01,2.37305E+00,-9.76562E-03
-6.4134840E-01,2.35352E+00,1.07422E-01
-6.4132992E-01,2.37305E+00,4.88281E-02
-6.4131144E-01,2.35352E+00,6.83594E-02
-6.4129296E-01,2.39258E+00,6.83594E-02
-6.4127448E-01,2.35352E+00,4.88281E-02
-6.4125600E-01,2.41211E+00,2.92969E-02
-6.4123752E-01,2.41211E+00,2.92969E-02
-6.4121904E-01,2.33398E+00,2.92969E-02
-6.4120056E-01,2.39258E+00,2.92969E-02
-6.4118208E-01,2.39258E+00,2.92969E-02
-6.4116360E-01,2.39258E+00,2.92969E-02
-6.4114512E-01,2.35352E+00,2.92969E-02
-6.4112664E-01,2.37305E+00,2.92969E-02
-6.4110816E-01,2.37305E+00,2.92969E-02
-6.4108968E-01,2.35352E+00,6.83594E-02
-6.4107120E-01,2.35352E+00,9.76562E-03
-6.4105272E-01,2.37305E+00,4.88281E-02
-6.4103424E-01,2.41211E+00,9.76562E-03
-6.4101576E-01,2.31445E+00,2.92969E-02
-6.4099728E-01,2.29492E+00,-6.83594E-02
-6.4097880E-01,2.31445E+00,2.92969E-02
-6.4096032E-01,2.41211E+00,9.76562E-03
-6.4094184E-01,2.37305E+00,2.92969E-02
-6.4092336E-01,2.39258E+00,2.92969E-02
-6.4090488E-01,2.33398E+00,6.83594E-02
-6.4088640E-01,2.37305E+00,4.88281E-02
-6.4086792E-01,2.37305E+00,4.88281E-02
-6.4084944E-01,2.39258E+00,4.88281E-02
-6.4083096E-01,2.37305E+00,6.83594E-02
-6.4081248E-01,2.39258E+00,2.92969E-02
-6.4079400E-01,2.35352E+00,9.76562E-03
-6.4077552E-01,2.41211E+00,9.76562E-03
-6.4075704E-01,2.33398E+00,4.88281E-02
-6.4073856E-01,2.37305E+00,4.88281E-02
-6.4072008E-01,2.41211E+00,9.76562E-03
-6.4070160E-01,2.33398E+00,6.83594E-02
-6.4068312E-01,2.25586E+00,2.92969E-02
-6.4066464E-01,2.37305E+00,4.88281E-02
-6.4064616E-01,2.37305E+00,9.76562E-03
-6.4062768E-01,2.37305E+00,9.76562E-03
-6.4060920E-01,2.35352E+00,9.76562E-03
-6.4059072E-01,2.39258E+00,4.88281E-02
-6.4057224E-01,2.39258E+00,6.83594E-02
-6.4055376E-01,2.41211E+00,9.76562E-03
-6.4053528E-01,2.35352E+00,4.88281E-02
-6.4051680E-01,2.39258E+00,-9.76562E-03
-6.4049832E-01,2.33398E+00,2.92969E-02
-6.4047984E-01,2.31445E+00,4.88281E-02
-6.4046136E-01,2.37305E+00,6.83594E-02
-6.4044288E-01,2.41211E+00,9.76562E-03
-6.4042440E-01,2.37305E+00,6.83594E-02
-6.4040592E-01,2.50977E+00,9.76562E-03
-6.4038744E-01,2.43164E+00,1.07422E-01
-6.4036896E-01,2.35352E+00,9.76562E-03
-6.4035048E-01,2.43164E+00,4.88281E-02
-6.4033200E-01,2.35352E+00,9.76562E-03
-6.4031352E-01,2.35352E+00,4.88281E-02
-6.4029504E-01,2.43164E+00,-9.76562E-03
-6.4027656E-01,2.29492E+00,2.92969E-02
-6.4025808E-01,2.41211E+00,6.83594E-02
-6.4023960E-01,2.35352E+00,4.88281E-02
-6.4022112E-01,2.47070E+00,-9.76562E-03
-6.4020264E-01,2.35352E+00,-9.76562E-03
-6.4018416E-01,2.37305E+00,4.88281E-02
-6.4016568E-01,2.43164E+00,4.88281E-02
-6.4014720E-01,2.45117E+00,6.83594E-02
-6.4012872E-01,2.35352E+00,2.92969E-02
-6.4011024E-01,2.35352E+00,-9.76562E-03
-6.4009176E-01,2.39258E+00,9.76562E-03
-6.4007328E-01,2.37305E+00,9.76562E-03
-6.4005480E-01,2.35352E+00,8.78906E-02
-6.4003632E-01,2.35352E+00,9.76562E-03
-6.4001784E-01,2.37305E+00,4.88281E-02
-6.3999936E-01,2.45117E+00,9.76562E-03
-6.3998088E-01,2.33398E+00,2.92969E-02
-6.3996240E-01,2.33398E+00,9.76562E-03
-6.3994392E-01,2.35352E+00,8.78906E-02
-6.3992544E-01,2.47070E+00,4.88281E-02
-6.3990696E-01,2.43164E+00,2.92969E-02
-6.3988848E-01,2.33398E+00,9.76562E-03
-6.3987000E-01,2.35352E+00,-9.76562E-03
-6.3985152E-01,2.29492E+00,-9.76562E-03
-6.3983304E-01,2.31445E+00,4.88281E-02
-6.3981456E-01,2.37305E+00,9.76562E-03
-6.3979608E-01,2.41211E+00,2.92969E-02
-6.3977760E-01,2.39258E+00,6.83594E-02
-6.3975912E-01,2.31445E+00,2.92969E-02
-6.3974064E-01,2.41211E+00,9.76562E-03
-6.3972216E-01,2.37305E+00,2.92969E-02
-6.3970368E-01,2.33398E+00,2.92969E-02
-6.3968520E-01,2.35352E+00,6.83594E-02
-6.3966672E-01,2.35352E+00,6.83594E-02
-6.3964824E-01,2.31445E+00,2.92969E-02
-6.3962976E-01,2.47070E+00,2.92969E-02
-6.3961128E-01,2.35352E+00,4.88281E-02
-6.3959280E-01,2.39258E+00,2.92969E-02
-6.3957432E-01,2.33398E+00,4.88281E-02
-6.3955584E-01,2.31445E+00,2.92969E-02
-6.3953736E-01,2.33398E+00,2.92969E-02
-6.3951888E-01,2.43164E+00,-6.83594E-02
-6.3950040E-01,2.33398E+00,4.88281E-02
-6.3948192E-01,2.37305E+00,2.92969E-02
-6.3946344E-01,2.37305E+00,2.92969E-02
-6.3944496E-01,2.41211E+00,-4.88281E-02
-6.3942648E-01,2.43164E+00,-9.76562E-03
-6.3940800E-01,2.31445E+00,4.88281E-02
-6.3938952E-01,2.41211E+00,4.88281E-02
-6.3937104E-01,2.39258E+00,1.07422E-01
-6.3935256E-01,2.31445E+00,9.76562E-03
-6.3933408E-01,2.35352E+00,6.83594E-02
-6.3931560E-01,2.39258E+00,9.76562E-03
-6.3929712E-01,2.39258E+00,2.92969E-02
-6.3927864E-01,2.41211E+00,9.76562E-03
-6.3926016E-01,2.37305E+00,-4.88281E-02
-6.3924168E-01,2.39258E+00,6.83594E-02
-6.3922320E-01,2.37305E+00,6.83594E-02
-6.3920472E-01,2.39258E+00,2.92969E-02
-6.3918624E-01,2.41211E+00,4.88281E-02
-6.3916776E-01,2.27539E+00,6.83594E-02
-6.3914928E-01,2.39258E+00,9.76562E-03
-6.3913080E-01,2.37305E+00,4.88281E-02
-6.3911232E-01,2.39258E+00,-9.76562E-03
-6.3909384E-01,2.35352E+00,1.07422E-01
-6.3907536E-01,2.43164E+00,6.83594E-02
-6.3905688E-01,2.37305E+00,2.92969E-02
-6.3903840E-01,2.37305E+00,9.76562E-03
-6.3901992E-01,2.33398E+00,2.92969E-02
-6.3900144E-01,2.33398E+00,4.88281E-02
-6.3898296E-01,2.31445E+00,4.88281E-02
-6.3896448E-01,2.37305E+00,9.76562E-03
-6.3894600E-01,2.33398E+00,2.92969E-02
-6.3892752E-01,2.33398E+00,9.76562E-03
-6.3890904E-01,2.31445E+00,1.46484E-01
-6.3889056E-01,2.33398E+00,9.76562E-03
-6.3887208E-01,2.35352E+00,6.83594E-02
-6.3885360E-01,2.33398E+00,4.88281E-02
-6.3883512E-01,2.27539E+00,2.92969E-02
-6.3881664E-01,2.35352E+00,-9.76562E-03
-6.3879816E-01,2.33398E+00,6.83594E-02
-6.3877968E-01,2.35352E+00,4.88281E-02
-6.3876120E-01,2.41211E+00,6.83594E-02
-6.3874272E-01,2.37305E+00,9.76562E-03
-6.3872424E-01,2.39258E+00,6.83594E-02
-6.3870576E-01,2.41211E+00,2.92969E-02
-6.3868728E-01,2.35352E+00,6.83594E-02
-6.3866880E-01,2.41211E+00,2.92969E-02
-6.3865032E-01,2.31445E+00,2.92969E-02
-6.3863184E-01,2.45117E+00,2.92969E-02
-6.3861336E-01,2.33398E+00,2.92969E-02
-6.3859488E-01,2.39258E+00,9.76562E-03
-6.3857640E-01,2.31445E+00,6.83594E-02
-6.3855792E-01,2.33398E+00,2.92969E-02
-6.3853944E-01,2.31445E+00,2.92969E-02
-6.3852096E-01,2.41211E+00,4.88281E-02
-6.3850248E-01,2.33398E+00,2.92969E-02
-6.3848400E-01,2.39258E+00,9.76562E-03
-6.3846552E-01,2.43164E+00,4.88281E-02
-6.3844704E-01,2.35352E+00,-9.76562E-03
-6.3842856E-01,2.33398E+00,2.92969E-02
-6.3841008E-01,2.37305E+00,4.88281E-02
-6.3839160E-01,2.35352E+00,8.78906E-02
-6.3837312E-01,2.43164E+00,1.07422E-01
-6.3835464E-01,2.41211E+00,2.92969E-02
-6.3833616E-01,2.35352E+00,4.88281E-02
-6.3831768E-01,2.35352E+00,4.88281E-02
-6.3829920E-01,2.37305E+00,9.76562E-03
-6.3828072E-01,2.37305E+00,6.83594E-02
-6.3826224E-01,2.37305E+00,-9.76562E-03
-6.3824376E-01,2.35352E+00,8.78906E-02
-6.3822528E-01,2.37305E+00,2.92969E-02
-6.3820680E-01,2.35352E+00,-2.92969E-02
-6.3818832E-01,2.43164E+00,4.88281E-02
-6.3816984E-01,2.39258E+00,8.78906E-02
-6.3815136E-01,2.47070E+00,9.76562E-03
-6.3813288E-01,2.37305E+00,6.83594E-02
-6.3811440E-01,2.41211E+00,4.88281E-02
-6.3809592E-01,2.39258E+00,1.07422E-01
-6.3807744E-01,2.35352E+00,6.83594E-02
-6.3805896E-01,2.39258E+00,9.76562E-03
-6.3804048E-01,2.41211E+00,9.76562E-03
-6.3802200E-01,2.37305E+00,8.78906E-02
-6.3800352E-01,2.35352E+00,9.76562E-03
-6.3798504E-01,2.39258E+00,2.92969E-02
-6.3796656E-01,2.35352E+00,2.92969E-02
-6.3794808E-01,2.35352E+00,2.92969E-02
-6.3792960E-01,2.43164E+00,4.88281E-02
-6.3791112E-01,2.35352E+00,1.07422E-01
-6.3789264E-01,2.37305E+00,-9.76562E-03
-6.3787416E-01,2.35352E+00,-9.76562E-03
-6.3785568E-01,2.35352E+00,6.83594E-02
-6.3783720E-01,2.37305E+00,-4.88281E-02
-6.3781872E-01,2.37305E+00,6.83594E-02
-6.3780024E-01,2.39258E+00,2.92969E-02
-6.3778176E-01,2.43164E+00,9.76562E-03
-6.3776328E-01,2.33398E+00,8.78906E-02
-6.3774480E-01,2.47070E+00,9.76562E-03
-6.3772632E-01,2.41211E+00,6.83594E-02
-6.3770784E-01,2.33398E+00,2.92969E-02
-6.3768936E-01,2.35352E+00,2.92969E-02
-6.3767088E-01,2.41211E+00,4.88281E-02
-6.3765240E-01,2.37305E+00,-4.88281E-02
-6.3763392E-01,2.41211E+00,6.83594E-02
-6.3761544E-01,2.37305E+00,2.92969E-02
-6.3759696E-01,2.37305E+00,2.92969E-02
-6.3757848E-01,2.31445E+00,4.88281E-02
-6.3756000E-01,2.37305E+00,2.92969E-02
-6.3754152E-01,2.41211E+00,4.88281E-02
-6.3752304E-01,2.47070E+00,-6.83594E-02
-6.3750456E-01,2.31445E+00,8.78906E-02
-6.3748608E-01,2.39258E+00,4.88281E-02
-6.3746760E-01,2.39258E+00,2.92969E-02
-6.3744912E-01,2.33398E+00,2.92969E-02
-6.3743064E-01,2.35352E+00,-4.88281E-02
-6.3741216E-01,2.39258E+00,2.92969E-02
-6.3739368E-01,2.43164E+00,2.92969E-02
-6.3737520E-01,2.35352E+00,-9.76562E-03
-6.3735672E-01,2.35352E+00,6.83594E-02
-6.3733824E-01,2.35352E+00,2.92969E-02
-6.3731976E-01,2.35352E+00,4.88281E-02
-6.3730128E-01,2.37305E+00,9.76562E-03
-6.3728280E-01,2.35352E+00,-2.92969E-02
-6.3726432E-01,2.33398E+00,9.76562E-03
-6.3724584E-01,2.33398E+00,6.83594E-02
-6.3722736E-01,2.33398E+00,9.76562E-03
-6.3720888E-01,2.43164E+00,-4.88281E-02
-6.3719040E-01,2.47070E+00,4.88281E-02
-6.3717192E-01,2.33398E+00,-4.88281E-02
-6.3715344E-01,2.37305E+00,2.92969E-02
-6.3713496E-01,2.35352E+00,6.83594E-02
-6.3711648E-01,2.37305E+00,2.92969E-02
-6.3709800E-01,2.35352E+00,9.76562E-03
-6.3707952E-01,2.37305E+00,2.92969E-02
-6.3706104E-01,2.35352E+00,6.83594E-02
-6.3704256E-01,2.41211E+00,6.83594E-02
-6.3702408E-01,2.41211E+00,4.88281E-02
-6.3700560E-01,2.41211E+00,2.92969E-02
-6.3698712E-01,2.41211E+00,9.76562E-03
-6.3696864E-01,2.45117E+00,9.76562E-03
-6.3695016E-01,2.29492E+00,4.88281E-02
-6.3693168E-01,2.39258E+00,9.76562E-03
-6.3691320E-01,2.37305E+00,4.88281E-02
-6.3689472E-01,2.39258E+00,9.76562E-03
-6.3687624E-01,2.41211E+00,2.92969E-02
-6.3685776E-01,2.39258E+00,9.76562E-03
-6.3683928E-01,2.35352E+00,2.92969E-02
-6.3682080E-01,2.37305E+00,4.88281E-02
-6.3680232E-01,2.43164E+00,4.88281E-02
-6.3678384E-01,2.43164E+00,9.76562E-03
-6.3676536E-01,2.31445E+00,4.88281E-02
-6.3674688E-01,2.37305E+00,9.76562E-03
-6.3672840E-01,2.35352E+00,6.83594E-02
-6.3670992E-01,2.41211E+00,9.76562E-03
-6.3669144E-01,2.39258E+00,9.76562E-03
-6.3667296E-01,2.41211E+00,4.88281E-02
-6.3665448E-01,2.43164E+00,4.88281E-02
-6.3663600E-01,2.37305E+00,6.83594E-02
-6.3661752E-01,2.43164E+00,4.88281E-02
-6.3659904E-01,2.39258E+00,4.88281E-02
-6.3658056E-01,2.43164E+00,6.83594E-02
-6.3656208E-01,2.39258E+00,9.76562E-03
-6.3654360E-01,2.37305E+00,6.83594E-02
-6.3652512E-01,2.35352E+00,6.83594E-02
-6.3650664E-01,2.41211E+00,9.76562E-03
-6.3648816E-01,2.37305E+00,-2.92969E-02
-6.3646968E-01,2.41211E+00,-4.88281E-02
-6.3645120E-01,2.37305E+00,9.76562E-03
-6.3643272E-01,2.35352E+00,-2.92969E-02
-6.3641424E-01,2.43164E+00,-6.83594E-02
-6.3639576E-01,2.39258E+00,9.76562E-03
-6.3637728E-01,2.37305E+00,4.88281E-02
-6.3635880E-01,2.41211E+00,2.92969E-02
-6.3634032E-01,2.37305E+00,4.88281E-02
-6.3632184E-01,2.39258E+00,6.83594E-02
-6.3630336E-01,2.45117E+00,4.88281E-02
-6.3628488E-01,2.43164E+00,2.92969E-02
-6.3626640E-01,2.43164E+00,9.76562E-03
-6.3624792E-01,2.39258E+00,2.92969E-02
-6.3622944E-01,2.37305E+00,9.76562E-03
-6.3621096E-01,2.37305E+00,2.92969E-02
-6.3619248E-01,2.37305E+00,-9.76562E-03
-6.3617400E-01,2.35352E+00,2.92969E-02
-6.3615552E-01,2.43164E+00,4.88281E-02
-6.3613704E-01,2.41211E+00,2.92969E-02
-6.3611856E-01,2.43164E+00,9.76562E-03
-6.3610008E-01,2.39258E+00,8.78906E-02
-6.3608160E-01,2.35352E+00,4.88281E-02
-6.3606312E-01,2.41211E+00,2.92969E-02
-6.3604464E-01,2.37305E+00,-2.92969E-02
-6.3602616E-01,2.37305E+00,1.26953E-01
-6.3600768E-01,2.37305E+00,9.76562E-03
-6.3598920E-01,2.41211E+00,9.76562E-03
-6.3597072E-01,2.39258E+00,9.76562E-03
-6.3595224E-01,2.37305E+00,2.92969E-02
-6.3593376E-01,2.41211E+00,9.76562E-03
-6.3591528E-01,2.37305E+00,4.88281E-02
-6.3589680E-01,2.45117E+00,9.76562E-03
-6.3587832E-01,2.35352E+00,6.83594E-02
-6.3585984E-01,2.47070E+00,4.88281E-02
-6.3584136E-01,2.37305E+00,6.83594E-02
-6.3582288E-01,2.43164E+00,-4.88281E-02
-6.3580440E-01,2.43164E+00,2.92969E-02
-6.3578592E-01,2.39258E+00,9.76562E-03
-6.3576744E-01,2.41211E+00,6.83594E-02
-6.3574896E-01,2.41211E+00,4.88281E-02
-6.3573048E-01,2.41211E+00,1.07422E-01
-6.3571200E-01,2.43164E+00,-9.76562E-03
-6.3569352E-01,2.43164E+00,1.26953E-01
-6.3567504E-01,2.43164E+00,2.92969E-02
-6.3565656E-01,2.35352E+00,6.83594E-02
-6.3563808E-01,2.45117E+00,9.76562E-03
-6.3561960E-01,2.37305E+00,2.92969E-02
-6.3560112E-01,2.43164E+00,2.92969E-02
-6.3558264E-01,2.33398E+00,9.76562E-03
-6.3556416E-01,2.47070E+00,2.92969E-02
-6.3554568E-01,2.35352E+00,9.76562E-03
-6.3552720E-01,2.45117E+00,4.88281E-02
-6.3550872E-01,2.43164E+00,8.78906E-02
-6.3549024E-01,2.43164E+00,9.76562E-03
-6.3547176E-01,2.41211E+00,2.92969E-02
-6.3545328E-01,2.43164E+00,2.92969E-02
-6.3543480E-01,2.31445E+00,6.83594E-02
-6.3541632E-01,2.43164E+00,9.76562E-03
-6.3539784E-01,2.37305E+00,9.76562E-03
-6.3537936E-01,2.47070E+00,9.76562E-03
-6.3536088E-01,2.45117E+00,2.92969E-02
-6.3534240E-01,2.37305E+00,2.92969E-02
-6.3532392E-01,2.41211E+00,-4.88281E-02
-6.3530544E-01,2.37305E+00,-9.76562E-03
-6.3528696E-01,2.37305E+00,1.07422E-01
-6.3526848E-01,2.45117E+00,-9.76562E-03
-6.3525000E-01,2.29492E+00,1.07422E-01
-6.3523152E-01,2.43164E+00,4.88281E-02
-6.3521304E-01,2.37305E+00,9.76562E-03
-6.3519456E-01,2.37305E+00,-9.76562E-03
-6.3517608E-01,2.41211E+00,6.83594E-02
-6.3515760E-01,2.47070E+00,1.07422E-01
-6.3513912E-01,2.37305E+00,4.88281E-02
-6.3512064E-01,2.35352E+00,4.88281E-02
-6.3510216E-01,2.39258E+00,6.83594E-02
-6.3508368E-01,2.39258E+00,6.83594E-02
-6.3506520E-01,2.35352E+00,1.26953E-01
-6.3504672E-01,2.37305E+00,4.88281E-02
-6.3502824E-01,2.43164E+00,1.07422E-01
-6.3500976E-01,2.45117E+00,-6.83594E-02
-6.3499128E-01,2.39258E+00,2.92969E-02
-6.3497280E-01,2.43164E+00,2.92969E-02
-6.3495432E-01,2.41211E+00,4.88281E-02
-6.3493584E-01,2.37305E+00,9.76562E-03
-6.3491736E-01,2.37305E+00,2.92969E-02
-6.3489888E-01,2.35352E+00,-6.83594E-02
-6.3488040E-01,2.35352E+00,9.76562E-03
-6.3486192E-01,2.45117E+00,4.88281E-02
-6.3484344E-01,2.33398E+00,6.83594E-02
-6.3482496E-01,2.39258E+00,6.83594E-02
-6.3480648E-01,2.39258E+00,2.92969E-02
-6.3478800E-01,2.37305E+00,-9.76562E-03
-6.3476952E-01,2.37305E+00,9.76562E-03
-6.3475104E-01,2.35352E+00,4.88281E-02
-6.3473256E-01,2.37305E+00,4.88281E-02
-6.3471408E-01,2.33398E+00,9.76562E-03
-6.3469560E-01,2.43164E+00,2.92969E-02
-6.3467712E-01,2.39258E+00,2.92969E-02
-6.3465864E-01,2.33398E+00,6.83594E-02
-6.3464016E-01,2.39258E+00,2.92969E-02
-6.3462168E-01,2.39258E+00,6.83594E-02
-6.3460320E-01,2.37305E+00,4.88281E-02
-6.3458472E-01,2.35352E+00,2.92969E-02
-6.3456624E-01,2.47070E+00,9.76562E-03
-6.3454776E-01,2.45117E+00,9.76562E-03
-6.3452928E-01,2.39258E+00,9.76562E-03
-6.3451080E-01,2.33398E+00,4.88281E-02
-6.3449232E-01,2.39258E+00,9.76562E-03
-6.3447384E-01,2.35352E+00,4.88281E-02
-6.3445536E-01,2.43164E+00,9.76562E-03
-6.3443688E-01,2.47070E+00,6.83594E-02
-6.3441840E-01,2.41211E+00,-9.76562E-03
-6.3439992E-01,2.41211E+00,6.83594E-02
-6.3438144E-01,2.37305E+00,9.76562E-03
-6.3436296E-01,2.37305E+00,6.83594E-02
-6.3434448E-01,2.45117E+00,2.92969E-02
-6.3432600E-01,2.37305E+00,9.76562E-03
-6.3430752E-01,2.43164E+00,4.88281E-02
-6.3428904E-01,2.45117E+00,4.88281E-02
-6.3427056E-01,2.39258E+00,4.88281E-02
-6.3425208E-01,2.41211E+00,9.76562E-03
-6.3423360E-01,2.37305E+00,9.76562E-03
-6.3421512E-01,2.43164E+00,9.76562E-03
-6.3419664E-01,2.45117E+00,2.92969E-02
-6.3417816E-01,2.33398E+00,2.92969E-02
-6.3415968E-01,2.45117E+00,2.92969E-02
-6.3414120E-01,2.41211E+00,9.76562E-03
-6.3412272E-01,2.41211E+00,2.92969E-02
-6.3410424E-01,2.35352E+00,9.76562E-03
-6.3408576E-01,2.37305E+00,2.92969E-02
-6.3406728E-01,2.43164E+00,8.78906E-02
-6.3404880E-01,2.39258E+00,4.88281E-02
-6.3403032E-01,2.35352E+00,4.88281E-02
-6.3401184E-01,2.41211E+00,2.92969E-02
-6.3399336E-01,2.37305E+00,6.83594E-02
-6.3397488E-01,2.39258E+00,9.76562E-03
-6.3395640E-01,2.37305E+00,9.76562E-03
-6.3393792E-01,2.37305E+00,2.92969E-02
-6.3391944E-01,2.31445E+00,9.76562E-03
-6.3390096E-01,2.43164E+00,2.92969E-02
-6.3388248E-01,2.37305E+00,1.07422E-01
-6.3386400E-01,2.45117E+00,9.76562E-03
-6.3384552E-01,2.39258E+00,8.78906E-02
-6.3382704E-01,2.37305E+00,2.92969E-02
-6.3380856E-01,2.39258E+00,2.92969E-02
-6.3379008E-01,2.41211E+00,4.88281E-02
-6.3377160E-01,2.43164E+00,6.83594E-02
-6.3375312E-01,2.45117E+00,4.88281E-02
-6.3373464E-01,2.43164E+00,6.83594E-02
-6.3371616E-01,2.39258E+00,9.76562E-03
-6.3369768E-01,2.35352E+00,2.92969E-02
-6.3367920E-01,2.43164E+00,4.88281E-02
-6.3366072E-01,2.37305E+00,4.88281E-02
-6.3364224E-01,2.43164E+00,4.88281E-02
-6.3362376E-01,2.43164E+00,2.92969E-02
-6.3360528E-01,2.43164E+00,-9.76562E-03
-6.3358680E-01,2.45117E+00,2.92969E-02
-6.3356832E-01,2.43164E+00,9.76562E-03
-6.3354984E-01,2.39258E+00,2.92969E-02
-6.3353136E-01,2.43164E+00,4.88281E-02
-6.3351288E-01,2.41211E+00,4.88281E-02
-6.3349440E-01,2.43164E+00,9.76562E-03
-6.3347592E-01,2.39258E+00,4.88281E-02
-6.3345744E-01,2.43164E+00,9.76562E-03
-6.3343896E-01,2.43164E+00,4.88281E-02
-6.3342048E-01,2.37305E+00,-9.76562E-03
-6.3340200E-01,2.37305E+00,4.88281E-02
-6.3338352E-01,2.45117E+00,9.76562E-03
-6.3336504E-01,2.37305E+00,4.88281E-02
-6.3334656E-01,2.45117E+00,4.88281E-02
-6.3332808E-01,2.35352E+00,-9.76562E-03
-6.3330960E-01,2.41211E+00,4.88281E-02
-6.3329112E-01,2.43164E+00,2.92969E-02
-6.3327264E-01,2.41211E+00,4.88281E-02
-6.3325416E-01,2.37305E+00,4.88281E-02
-6.3323568E-01,2.43164E+00,2.92969E-02
-6.3321720E-01,2.37305E+00,2.92969E-02
-6.3319872E-01,2.45117E+00,2.92969E-02
-6.3318024E-01,2.47070E+00,8.78906E-02
-6.3316176E-01,2.49023E+00,4.88281E-02
-6.3314328E-01,2.43164E+00,2.92969E-02
-6.3312480E-01,2.37305E+00,2.92969E-02
-6.3310632E-01,2.37305E+00,6.83594E-02
-6.3308784E-01,2.41211E+00,4.88281E-02
-6.3306936E-01,2.43164E+00,1.26953E-01
-6.3305088E-01,2.43164E+00,4.88281E-02
-6.3303240E-01,2.37305E+00,8.78906E-02
-6.3301392E-01,2.37305E+00,-2.92969E-02
-6.3299544E-01,2.35352E+00,2.92969E-02
-6.3297696E-01,2.37305E+00,9.76562E-03
-6.3295848E-01,2.37305E+00,6.83594E-02
-6.3294000E-01,2.43164E+00,4.88281E-02
-6.3292152E-01,2.37305E+00,6.83594E-02
-6.3290304E-01,2.35352E+00,-9.76562E-03
-6.3288456E-01,2.35352E+00,1.07422E-01
-6.3286608E-01,2.43164E+00,8.78906E-02
-6.3284760E-01,2.43164E+00,4.88281E-02
-6.3282912E-01,2.49023E+00,6.83594E-02
-6.3281064E-01,2.39258E+00,6.83594E-02
-6.3279216E-01,2.37305E+00,4.88281E-02
-6.3277368E-01,2.35352E+00,9.76562E-03
-6.3275520E-01,2.47070E+00,6.83594E-02
-6.3273672E-01,2.35352E+00,6.83594E-02
-6.3271824E-01,2.45117E+00,6.83594E-02
-6.3269976E-01,2.37305E+00,2.92969E-02
-6.3268128E-01,2.43164E+00,8.78906E-02
-6.3266280E-01,2.43164E+00,4.88281E-02
-6.3264432E-01,2.41211E+00,4.88281E-02
-6.3262584E-01,2.43164E+00,9.76562E-03
-6.3260736E-01,2.43164E+00,-9.76562E-03
-6.3258888E-01,2.43164E+00,2.92969E-02
-6.3257040E-01,2.47070E+00,9.76562E-03
-6.3255192E-01,2.37305E+00,2.92969E-02
-6.3253344E-01,2.37305E+00,4.88281E-02
-6.3251496E-01,2.43164E+00,6.83594E-02
-6.3249648E-01,2.41211E+00,6.83594E-02
-6.3247800E-01,2.35352E+00,8.78906E-02
-6.3245952E-01,2.49023E+00,9.76562E-03
-6.3244104E-01,2.47070E+00,4.88281E-02
-6.3242256E-01,2.37305E+00,2.92969E-02
-6.3240408E-01,2.41211E+00,2.92969E-02
-6.3238560E-01,2.43164E+00,4.88281E-02
-6.3236712E-01,2.41211E+00,9.76562E-03
-6.3234864E-01,2.43164E+00,2.92969E-02
-6.3233016E-01,2.41211E+00,2.92969E-02
-6.3231168E-01,2.45117E+00,2.92969E-02
-6.3229320E-01,2.37305E+00,6.83594E-02
-6.3227472E-01,2.39258E+00,9.76562E-03
-6.3225624E-01,2.37305E+00,6.83594E-02
-6.3223776E-01,2.43164E+00,-4.88281E-02
-6.3221928E-01,2.37305E+00,4.88281E-02
-6.3220080E-01,2.39258E+00,2.92969E-02
-6.3218232E-01,2.43164E+00,6.83594E-02
-6.3216384E-01,2.37305E+00,9.76562E-03
-6.3214536E-01,2.33398E+00,6.83594E-02
-6.3212688E-01,2.37305E+00,9.76562E-03
-6.3210840E-01,2.47070E+00,9.76562E-03
-6.3208992E-01,2.43164E+00,-9.76562E-03
-6.3207144E-01,2.39258E+00,6.83594E-02
-6.3205296E-01,2.39258E+00,4.88281E-02
-6.3203448E-01,2.41211E+00,6.83594E-02
-6.3201600E-01,2.49023E+00,4.88281E-02
-6.3199752E-01,2.37305E+00,6.83594E-02
-6.3197904E-01,2.45117E+00,4.88281E-02
-6.3196056E-01,2.41211E+00,4.88281E-02
-6.3194208E-01,2.43164E+00,9.76562E-03
-6.3192360E-01,2.41211E+00,4.88281E-02
-6.3190512E-01,2.41211E+00,2.92969E-02
-6.3188664E-01,2.33398E+00,8.78906E-02
-6.3186816E-01,2.49023E+00,2.92969E-02
-6.3184968E-01,2.43164E+00,-2.92969E-02
-6.3183120E-01,2.50977E+00,-9.76562E-03
-6.3181272E-01,2.37305E+00,1.26953E-01
-6.3179424E-01,2.35352E+00,6.83594E-02
-6.3177576E-01,2.33398E+00,1.07422E-01
-6.3175728E-01,2.43164E+00,-4.88281E-02
-6.3173880E-01,2.41211E+00,2.92969E-02
-6.3172032E-01,2.43164E+00,4.88281E-02
-6.3170184E-01,2.41211E+00,4.88281E-02
-6.3168336E-01,2.45117E+00,6.83594E-02
-6.3166488E-01,2.45117E+00,9.76562E-03
-6.3164640E-01,2.45117E+00,9.76562E-03
-6.3162792E-01,2.35352E+00,9.76562E-03
-6.3160944E-01,2.43164E+00,-9.76562E-03
-6.3159096E-01,2.41211E+00,-4.88281E-02
-6.3157248E-01,2.41211E+00,-9.76562E-03
-6.3155400E-01,2.33398E+00,1.07422E-01
-6.3153552E-01,2.50977E+00,-9.76562E-03
-6.3151704E-01,2.33398E+00,4.88281E-02
-6.3149856E-01,2.47070E+00,9.76562E-03
-6.3148008E-01,2.37305E+00,9.76562E-03
-6.3146160E-01,2.45117E+00,4.88281E-02
-6.3144312E-01,2.37305E+00,4.88281E-02
-6.3142464E-01,2.35352E+00,2.92969E-02
-6.3140616E-01,2.43164E+00,2.92969E-02
-6.3138768E-01,2.37305E+00,9.76562E-03
-6.3136920E-01,2.41211E+00,4.88281E-02
-6.3135072E-01,2.39258E+00,-2.92969E-02
-6.3133224E-01,2.37305E+00,4.88281E-02
-6.3131376E-01,2.37305E+00,-9.76562E-03
-6.3129528E-01,2.37305E+00,6.83594E-02
-6.3127680E-01,2.37305E+00,6.83594E-02
-6.3125832E-01,2.37305E+00,4.88281E-02
-6.3123984E-01,2.39258E+00,9.76562E-03
-6.3122136E-01,2.43164E+00,9.76562E-03
-6.3120288E-01,2.31445E+00,4.88281E-02
-6.3118440E-01,2.49023E+00,4.88281E-02
-6.3116592E-01,2.45117E+00,2.92969E-02
-6.3114744E-01,2.37305E+00,6.83594E-02
-6.3112896E-01,2.43164E+00,4.88281E-02
-6.3111048E-01,2.41211E+00,9.76562E-03
-6.3109200E-01,2.45117E+00,2.92969E-02
-6.3107352E-01,2.43164E+00,-2.92969E-02
-6.3105504E-01,2.39258E+00,9.76562E-03
-6.3103656E-01,2.35352E+00,2.92969E-02
-6.3101808E-01,2.37305E+00,9.76562E-03
-6.3099960E-01,2.37305E+00,4.88281E-02
-6.3098112E-01,2.37305E+00,-4.88281E-02
-6.3096264E-01,2.45117E+00,6.83594E-02
-6.3094416E-01,2.39258E+00,9.76562E-03
-6.3092568E-01,2.33398E+00,-9.76562E-03
-6.3090720E-01,2.43164E+00,2.92969E-02
-6.3088872E-01,2.47070E+00,-2.92969E-02
-6.3087024E-01,2.43164E+00,2.92969E-02
-6.3085176E-01,2.43164E+00,9.76562E-03
-6.3083328E-01,2.39258E+00,2.92969E-02
-6.3081480E-01,2.39258E+00,1.07422E-01
-6.3079632E-01,2.37305E+00,-2.92969E-02
-6.3077784E-01,2.41211E+00,6.83594E-02
-6.3075936E-01,2.43164E+00,4.88281E-02
-6.3074088E-01,2.41211E+00,9.76562E-03
-6.3072240E-01,2.45117E+00,2.92969E-02
-6.3070392E-01,2.39258E+00,-9.76562E-03
-6.3068544E-01,2.43164E+00,-9.76562E-03
-6.3066696E-01,2.39258E+00,4.88281E-02
-6.3064848E-01,2.41211E+00,9.76562E-03
-6.3063000E-01,2.37305E+00,1.07422E-01
-6.3061152E-01,2.37305E+00,2.92969E-02
-6.3059304E-01,2.37305E+00,4.88281E-02
-6.3057456E-01,2.41211E+00,4.88281E-02
-6.3055608E-01,2.39258E+00,2.92969E-02
-6.3053760E-01,2.45117E+00,9.76562E-03
-6.3051912E-01,2.37305E+00,6.83594E-02
-6.3050064E-01,2.41211E+00,2.92969E-02
-6.3048216E-01,2.39258E+00,2.92969E-02
-6.3046368E-01,2.45117E+00,4.88281E-02
-6.3044520E-01,2.35352E+00,6.83594E-02
-6.3042672E-01,2.43164E+00,4.88281E-02
-6.3040824E-01,2.37305E+00,4.88281E-02
-6.3038976E-01,2.43164E+00,4.88281E-02
-6.3037128E-01,2.35352E+00,9.76562E-03
-6.3035280E-01,2.49023E+00,9.76562E-03
-6.3033432E-01,2.43164E+00,1.26953E-01
-6.3031584E-01,2.39258E+00,9.76562E-03
-6.3029736E-01,2.43164E+00,2.92969E-02
-6.3027888E-01,2.49023E+00,-9.76562E-03
-6.3026040E-01,2.47070E+00,4.88281E-02
-6.3024192E-01,2.41211E+00,2.92969E-02
-6.3022344E-01,2.41211E+00,9.76562E-03
-6.3020496E-01,2.43164E+00,2.92969E-02
-6.3018648E-01,2.49023E+00,4.88281E-02
-6.3016800E-01,2.43164E+00,-6.83594E-02
-6.3014952E-01,2.47070E+00,2.92969E-02
-6.3013104E-01,2.41211E+00,-2.92969E-02
-6.3011256E-01,2.33398E+00,6.83594E-02
-6.3009408E-01,2.43164E+00,4.88281E-02
-6.3007560E-01,2.45117E+00,6.83594E-02
-6.3005712E-01,2.41211E+00,1.07422E-01
-6.3003864E-01,2.35352E+00,8.78906E-02
-6.3002016E-01,2.37305E+00,-9.76562E-03
-6.3000168E-01,2.37305E+00,2.92969E-02
-6.2998320E-01,2.43164E+00,-9.76562E-03
-6.2996472E-01,2.35352E+00,8.78906E-02
-6.2994624E-01,2.43164E+00,-9.76562E-03
-6.2992776E-01,2.43164E+00,6.83594E-02
-6.2990928E-01,2.43164E+00,-9.76562E-03
-6.2989080E-01,2.35352E+00,4.88281E-02
-6.2987232E-01,2.35352E+00,9.76562E-03
-6.2985384E-01,2.37305E+00,6.83594E-02
-6.2983536E-01,2.37305E+00,9.76562E-03
-6.2981688E-01,2.43164E+00,2.92969E-02
-6.2979840E-01,2.43164E+00,-2.92969E-02
-6.2977992E-01,2.39258E+00,1.26953E-01
-6.2976144E-01,2.41211E+00,2.92969E-02
-6.2974296E-01,2.37305E+00,2.92969E-02
-6.2972448E-01,2.41211E+00,6.83594E-02
-6.2970600E-01,2.41211E+00,2.92969E-02
-6.2968752E-01,2.43164E+00,9.76562E-03
-6.2966904E-01,2.35352E+00,4.88281E-02
-6.2965056E-01,2.43164E+00,9.76562E-03
-6.2963208E-01,2.43164E+00,4.88281E-02
-6.2961360E-01,2.39258E+00,2.92969E-02
-6.2959512E-01,2.43164E+00,9.76562E-03
-6.2957664E-01,2.56836E+00,1.26953E-01
-6.2955816E-01,2.41211E+00,9.76562E-03
-6.2953968E-01,2.39258E+00,9.76562E-03
-6.2952120E-01,2.35352E+00,2.92969E-02
-6.2950272E-01,2.45117E+00,9.76562E-03
-6.2948424E-01,2.37305E+00,2.92969E-02
-6.2946576E-01,2.43164E+00,2.92969E-02
-6.2944728E-01,2.35352E+00,6.83594E-02
-6.2942880E-01,2.41211E+00,1.26953E-01
-6.2941032E-01,2.37305E+00,6.83594E-02
-6.2939184E-01,2.31445E+00,9.76562E-03
-6.2937336E-01,2.37305E+00,4.88281E-02
-6.2935488E-01,2.49023E+00,4.88281E-02
-6.2933640E-01,2.45117E+00,6.83594E-02
-6.2931792E-01,2.39258E+00,2.92969E-02
-6.2929944E-01,2.39258E+00,4.88281E-02
-6.2928096E-01,2.47070E+00,2.92969E-02
-6.2926248E-01,2.47070E+00,6.83594E-02
-6.2924400E-01,2.50977E+00,6.83594E-02
-6.2922552E-01,2.43164E+00,9.76562E-03
-6.2920704E-01,2.41211E+00,-9.76562E-03
-6.2918856E-01,2.49023E+00,4.88281E-02
-6.2917008E-01,2.37305E+00,9.76562E-03
-6.2915160E-01,2.43164E+00,1.26953E-01
-6.2913312E-01,2.47070E+00,2.92969E-02
-6.2911464E-01,2.43164E+00,2.92969E-02
-6.2909616E-01,2.45117E+00,2.92969E-02
-6.2907768E-01,2.45117E+00,2.92969E-02
-6.2905920E-01,2.37305E+00,-9.76562E-03
-6.2904072E-01,2.43164E+00,4.88281E-02
-6.2902224E-01,2.43164E+00,4.88281E-02
-6.2900376E-01,2.45117E+00,6.83594E-02
-6.2898528E-01,2.41211E+00,-9.76562E-03
-6.2896680E-01,2.41211E+00,4.88281E-02
-6.2894832E-01,2.45117E+00,9.76562E-03
-6.2892984E-01,2.49023E+00,2.92969E-02
-6.2891136E-01,2.50977E+00,9.76562E-03
-6.2889288E-01,2.49023E+00,4.88281E-02
-6.2887440E-01,2.45117E+00,2.92969E-02
-6.2885592E-01,2.41211E+00,9.76562E-03
-6.2883744E-01,2.49023E+00,4.88281E-02
-6.2881896E-01,2.35352E+00,4.88281E-02
-6.2880048E-01,2.45117E+00,-9.76562E-03
-6.2878200E-01,2.37305E+00,2.92969E-02
-6.2876352E-01,2.39258E+00,4.88281E-02
-6.2874504E-01,2.39258E+00,6.83594E-02
-6.2872656E-01,2.41211E+00,9.76562E-03
-6.2870808E-01,2.45117E+00,4.88281E-02
-6.2868960E-01,2.39258E+00,9.76562E-03
-6.2867112E-01,2.43164E+00,8.78906E-02
-6.2865264E-01,2.45117E+00,9.76562E-03
-6.2863416E-01,2.45117E+00,6.83594E-02
-6.2861568E-01,2.35352E+00,9.76562E-03
-6.2859720E-01,2.35352E+00,6.83594E-02
-6.2857872E-01,2.43164E+00,-9.76562E-03
-6.2856024E-01,2.43164E+00,6.83594E-02
-6.2854176E-01,2.43164E+00,2.92969E-02
-6.2852328E-01,2.41211E+00,1.07422E-01
-6.2850480E-01,2.49023E+00,2.92969E-02
-6.2848632E-01,2.37305E+00,6.83594E-02
-6.2846784E-01,2.37305E+00,4.88281E-02
-6.2844936E-01,2.43164E+00,9.76562E-03
-6.2843088E-01,2.47070E+00,9.76562E-03
-6.2841240E-01,2.41211E+00,6.83594E-02
-6.2839392E-01,2.43164E+00,2.92969E-02
-6.2837544E-01,2.37305E+00,2.92969E-02
-6.2835696E-01,2.37305E+00,2.92969E-02
-6.2833848E-01,2.41211E+00,1.46484E-01
-6.2832000E-01,2.49023E+00,9.76562E-03
-6.2830152E-01,2.43164E+00,8.78906E-02
-6.2828304E-01,2.47070E+00,9.76562E-03
-6.2826456E-01,2.49023E+00,6.83594E-02
-6.2824608E-01,2.41211E+00,4.88281E-02
-6.2822760E-01,2.47070E+00,1.07422E-01
-6.2820912E-01,2.37305E+00,9.76562E-03
-6.2819064E-01,2.43164E+00,4.88281E-02
-6.2817216E-01,2.43164E+00,1.07422E-01
-6.2815368E-01,2.39258E+00,-4.88281E-02
-6.2813520E-01,2.45117E+00,-9.76562E-03
-6.2811672E-01,2.43164E+00,8.78906E-02
-6.2809824E-01,2.43164E+00,4.88281E-02
-6.2807976E-01,2.45117E+00,4.88281E-02
-6.2806128E-01,2.41211E+00,4.88281E-02
-6.2804280E-01,2.43164E+00,8.78906E-02
-6.2802432E-01,2.41211E+00,-9.76562E-03
-6.2800584E-01,2.39258E+00,9.76562E-03
-6.2798736E-01,2.41211E+00,4.88281E-02
-6.2796888E-01,2.45117E+00,2.92969E-02
-6.2795040E-01,2.47070E+00,2.92969E-02
-6.2793192E-01,2.41211E+00,4.88281E-02
-6.2791344E-01,2.45117E+00,8.78906E-02
-6.2789496E-01,2.47070E+00,-9.76562E-03
-6.2787648E-01,2.49023E+00,4.88281E-02
-6.2785800E-01,2.37305E+00,6.83594E-02
-6.2783952E-01,2.41211E+00,9.76562E-03
-6.2782104E-01,2.43164E+00,9.76562E-03
-6.2780256E-01,2.47070E+00,9.76562E-03
-6.2778408E-01,2.41211E+00,-4.88281E-02
-6.2776560E-01,2.43164E+00,2.92969E-02
-6.2774712E-01,2.43164E+00,1.26953E-01
-6.2772864E-01,2.43164E+00,2.92969E-02
-6.2771016E-01,2.43164E+00,1.07422E-01
-6.2769168E-01,2.49023E+00,9.76562E-03
-6.2767320E-01,2.37305E+00,4.88281E-02
-6.2765472E-01,2.47070E+00,4.88281E-02
-6.2763624E-01,2.39258E+00,8.78906E-02
-6.2761776E-01,2.37305E+00,9.76562E-03
-6.2759928E-01,2.41211E+00,4.88281E-02
-6.2758080E-01,2.49023E+00,4.88281E-02
-6.2756232E-01,2.43164E+00,4.88281E-02
-6.2754384E-01,2.39258E+00,-4.88281E-02
-6.2752536E-01,2.39258E+00,2.92969E-02
-6.2750688E-01,2.43164E+00,2.92969E-02
-6.2748840E-01,2.37305E+00,9.76562E-03
-6.2746992E-01,2.47070E+00,-4.88281E-02
-6.2745144E-01,2.39258E+00,6.83594E-02
-6.2743296E-01,2.41211E+00,2.92969E-02
-6.2741448E-01,2.43164E+00,4.88281E-02
-6.2739600E-01,2.45117E+00,2.92969E-02
-6.2737752E-01,2.39258E+00,6.83594E-02
-6.2735904E-01,2.39258E+00,4.88281E-02
-6.2734056E-01,2.45117E+00,6.83594E-02
-6.2732208E-01,2.43164E+00,2.92969E-02
-6.2730360E-01,2.43164E+00,2.92969E-02
-6.2728512E-01,2.47070E+00,2.92969E-02
-6.2726664E-01,2.43164E+00,9.76562E-03
-6.2724816E-01,2.39258E+00,4.88281E-02
-6.2722968E-01,2.39258E+00,6.83594E-02
-6.2721120E-01,2.45117E+00,-9.76562E-03
-6.2719272E-01,2.47070E+00,8.78906E-02
-6.2717424E-01,2.41211E+00,9.76562E-03
-6.2715576E-01,2.39258E+00,2.92969E-02
-6.2713728E-01,2.39258E+00,6.83594E-02
-6.2711880E-01,2.33398E+00,6.83594E-02
-6.2710032E-01,2.50977E+00,2.92969E-02
-6.2708184E-01,2.43164E+00,2.92969E-02
-6.2706336E-01,2.37305E+00,-4.88281E-02
-6.2704488E-01,2.47070E+00,6.83594E-02
-6.2702640E-01,2.43164E+00,-9.76562E-03
-6.2700792E-01,2.43164E+00,4.88281E-02
-6.2698944E-01,2.49023E+00,4.88281E-02
-6.2697096E-01,2.43164E+00,-4.88281E-02
-6.2695248E-01,2.47070E+00,4.88281E-02
-6.2693400E-01,2.39258E+00,6.83594E-02
-6.2691552E-01,2.49023E+00,2.92969E-02
-6.2689704E-01,2.43164E+00,9.76562E-03
-6.2687856E-01,2.43164E+00,4.88281E-02
-6.2686008E-01,2.43164E+00,8.78906E-02
-6.2684160E-01,2.47070E+00,4.88281E-02
-6.2682312E-01,2.45117E+00,2.92969E-02
-6.2680464E-01,2.45117E+00,4.88281E-02
-6.2678616E-01,2.43164E+00,2.92969E-02
-6.2676768E-01,2.41211E+00,4.88281E-02
-6.2674920E-01,2.47070E+00,4.88281E-02
-6.2673072E-01,2.39258E+00,9.76562E-03
-6.2671224E-01,2.37305E+00,4.88281E-02
-6.2669376E-01,2.45117E+00,4.88281E-02
-6.2667528E-01,2.45117E+00,6.83594E-02
-6.2665680E-01,2.47070E+00,9.76562E-03
-6.2663832E-01,2.37305E+00,6.83594E-02
-6.2661984E-01,2.45117E+00,4.88281E-02
-6.2660136E-01,2.43164E+00,8.78906E-02
-6.2658288E-01,2.45117E+00,9.76562E-03
-6.2656440E-01,2.47070E+00,9.76562E-03
-6.2654592E-01,2.47070E+00,2.92969E-02
-6.2652744E-01,2.37305E+00,6.83594E-02
-6.2650896E-01,2.39258E+00,9.76562E-03
-6.2649048E-01,2.37305E+00,6.83594E-02
-6.2647200E-01,2.41211E+00,9.76562E-03
-6.2645352E-01,2.31445E+00,2.92969E-02
-6.2643504E-01,2.37305E+00,2.92969E-02
-6.2641656E-01,2.39258E+00,2.92969E-02
-6.2639808E-01,2.47070E+00,2.92969E-02
-6.2637960E-01,2.43164E+00,-4.88281E-02
-6.2636112E-01,2.43164E+00,2.92969E-02
-6.2634264E-01,2.49023E+00,6.83594E-02
-6.2632416E-01,2.49023E+00,4.88281E-02
-6.2630568E-01,2.37305E+00,8.78906E-02
-6.2628720E-01,2.41211E+00,2.92969E-02
-6.2626872E-01,2.41211E+00,4.88281E-02
-6.2625024E-01,2.45117E+00,9.76562E-03
-6.2623176E-01,2.41211E+00,9.76562E-03
-6.2621328E-01,2.47070E+00,2.92969E-02
-6.2619480E-01,2.37305E+00,4.88281E-02
-6.2617632E-01,2.45117E+00,9.76562E-03
-6.2615784E-01,2.41211E+00,-2.92969E-02
-6.2613936E-01,2.37305E+00,9.76562E-03
-6.2612088E-01,2.41211E+00,1.07422E-01
-6.2610240E-01,2.49023E+00,4.88281E-02
-6.2608392E-01,2.43164E+00,2.92969E-02
-6.2606544E-01,2.43164E+00,9.76562E-03
-6.2604696E-01,2.47070E+00,9.76562E-03
-6.2602848E-01,2.39258E+00,9.76562E-03
-6.2601000E-01,2.41211E+00,2.92969E-02
-6.2599152E-01,2.50977E+00,4.88281E-02
-6.2597304E-01,2.41211E+00,9.76562E-03
-6.2595456E-01,2.43164E+00,2.92969E-02
-6.2593608E-01,2.43164E+00,4.88281E-02
-6.2591760E-01,2.47070E+00,6.83594E-02
-6.2589912E-01,2.43164E+00,4.88281E-02
-6.2588064E-01,2.37305E+00,9.76562E-03
-6.2586216E-01,2.47070E+00,4.88281E-02
-6.2584368E-01,2.45117E+00,9.76562E-03
-6.2582520E-01,2.43164E+00,8.78906E-02
-6.2580672E-01,2.45117E+00,-6.83594E-02
-6.2578824E-01,2.45117E+00,9.76562E-03
-6.2576976E-01,2.47070E+00,2.92969E-02
-6.2575128E-01,2.37305E+00,2.92969E-02
-6.2573280E-01,2.43164E+00,9.76562E-03
-6.2571432E-01,2.47070E+00,6.83594E-02
-6.2569584E-01,2.47070E+00,9.76562E-03
-6.2567736E-01,2.41211E+00,6.83594E-02
-6.2565888E-01,2.43164E+00,6.83594E-02
-6.2564040E-01,2.43164E+00,4.88281E-02
-6.2562192E-01,2.43164E+00,2.92969E-02
-6.2560344E-01,2.41211E+00,6.83594E-02
-6.2558496E-01,2.43164E+00,9.76562E-03
-6.2556648E-01,2.39258E+00,6.83594E-02
-6.2554800E-01,2.43164E+00,4.88281E-02
-6.2552952E-01,2.43164E+00,2.92969E-02
-6.2551104E-01,2.49023E+00,2.92969E-02
-6.2549256E-01,2.43164E+00,4.88281E-02
-6.2547408E-01,2.50977E+00,4.88281E-02
-6.2545560E-01,2.45117E+00,2.92969E-02
-6.2543712E-01,2.50977E+00,6.83594E-02
-6.2541864E-01,2.43164E+00,6.83594E-02
-6.2540016E-01,2.43164E+00,4.88281E-02
-6.2538168E-01,2.35352E+00,2.92969E-02
-6.2536320E-01,2.43164E+00,9.76562E-03
-6.2534472E-01,2.49023E+00,4.88281E-02
-6.2532624E-01,2.43164E+00,4.88281E-02
-6.2530776E-01,2.43164E+00,2.92969E-02
-6.2528928E-01,2.37305E+00,9.76562E-03
-6.2527080E-01,2.49023E+00,1.26953E-01
-6.2525232E-01,2.43164E+00,-9.76562E-03
-6.2523384E-01,2.43164E+00,4.88281E-02
-6.2521536E-01,2.47070E+00,9.76562E-03
-6.2519688E-01,2.47070E+00,2.92969E-02
-6.2517840E-01,2.45117E+00,2.92969E-02
-6.2515992E-01,2.37305E+00,6.83594E-02
-6.2514144E-01,2.41211E+00,9.76562E-03
-6.2512296E-01,2.49023E+00,-4.88281E-02
-6.2510448E-01,2.45117E+00,9.76562E-03
-6.2508600E-01,2.37305E+00,6.83594E-02
-6.2506752E-01,2.43164E+00,2.92969E-02
-6.2504904E-01,2.45117E+00,8.78906E-02
-6.2503056E-01,2.47070E+00,2.92969E-02
-6.2501208E-01,2.43164E+00,4.88281E-02
-6.2499360E-01,2.47070E+00,4.88281E-02
-6.2497512E-01,2.43164E+00,1.26953E-01
-6.2495664E-01,2.43164E+00,4.88281E-02
-6.2493816E-01,2.49023E+00,9.76562E-03
-6.2491968E-01,2.43164E+00,9.76562E-03
-6.2490120E-01,2.37305E+00,6.83594E-02
-6.2488272E-01,2.50977E+00,9.76562E-03
-6.2486424E-01,2.39258E+00,9.76562E-03
-6.2484576E-01,2.47070E+00,2.92969E-02
-6.2482728E-01,2.41211E+00,6.83594E-02
-6.2480880E-01,2.47070E+00,9.76562E-03
-6.2479032E-01,2.45117E+00,4.88281E-02
-6.2477184E-01,2.47070E+00,2.92969E-02
-6.2475336E-01,2.41211E+00,8.78906E-02
-6.2473488E-01,2.43164E+00,-9.76562E-03
-6.2471640E-01,2.49023E+00,2.92969E-02
-6.2469792E-01,2.41211E+00,2.92969E-02
-6.2467944E-01,2.37305E+00,6.83594E-02
-6.2466096E-01,2.43164E+00,9.76562E-03
-6.2464248E-01,2.43164E+00,4.88281E-02
-6.2462400E-01,2.47070E+00,2.92969E-02
-6.2460552E-01,2.43164E+00,2.92969E-02
-6.2458704E-01,2.50977E+00,9.76562E-03
-6.2456856E-01,2.43164E+00,2.92969E-02
-6.2455008E-01,2.43164E+00,-2.92969E-02
-6.2453160E-01,2.49023E+00,4.88281E-02
-6.2451312E-01,2.45117E+00,4.88281E-02
-6.2449464E-01,2.49023E+00,2.92969E-02
-6.2447616E-01,2.37305E+00,2.92969E-02
-6.2445768E-01,2.41211E+00,1.26953E-01
-6.2443920E-01,2.49023E+00,4.88281E-02
-6.2442072E-01,2.43164E+00,2.92969E-02
-6.2440224E-01,2.47070E+00,4.88281E-02
-6.2438376E-01,2.47070E+00,9.76562E-03
-6.2436528E-01,2.49023E+00,-4.88281E-02
-6.2434680E-01,2.39258E+00,6.83594E-02
-6.2432832E-01,2.45117E+00,-9.76562E-03
-6.2430984E-01,2.37305E+00,4.88281E-02
-6.2429136E-01,2.41211E+00,2.92969E-02
-6.2427288E-01,2.43164E+00,4.88281E-02
-6.2425440E-01,2.49023E+00,-4.88281E-02
-6.2423592E-01,2.43164E+00,4.88281E-02
-6.2421744E-01,2.47070E+00,2.92969E-02
-6.2419896E-01,2.45117E+00,6.83594E-02
-6.2418048E-01,2.50977E+00,-9.76562E-03
-6.2416200E-01,2.47070E+00,6.83594E-02
-6.2414352E-01,2.43164E+00,4.88281E-02
-6.2412504E-01,2.41211E+00,2.92969E-02
-6.2410656E-01,2.43164E+00,6.83594E-02
-6.2408808E-01,2.39258E+00,6.83594E-02
-6.2406960E-01,2.43164E+00,-2.92969E-02
-6.2405112E-01,2.43164E+00,6.83594E-02
-6.2403264E-01,2.47070E+00,-9.76562E-03
-6.2401416E-01,2.47070E+00,4.88281E-02
-6.2399568E-01,2.45117E+00,2.92969E-02
-6.2397720E-01,2.45117E+00,1.07422E-01
-6.2395872E-01,2.43164E+00,9.76562E-03
-6.2394024E-01,2.49023E+00,1.07422E-01
-6.2392176E-01,2.45117E+00,9.76562E-03
-6.2390328E-01,2.43164E+00,9.76562E-03
-6.2388480E-01,2.45117E+00,4.88281E-02
-6.2386632E-01,2.47070E+00,9.76562E-03
-6.2384784E-01,2.43164E+00,4.88281E-02
-6.2382936E-01,2.43164E+00,9.76562E-03
-6.2381088E-01,2.43164E+00,2.92969E-02
-6.2379240E-01,2.39258E+00,6.83594E-02
-6.2377392E-01,2.47070E+00,9.76562E-03
-6.2375544E-01,2.37305E+00,4.88281E-02
-6.2373696E-01,2.43164E+00,9.76562E-03
-6.2371848E-01,2.39258E+00,6.83594E-02
-6.2370000E-01,2.43164E+00,-9.76562E-03
-6.2368152E-01,2.47070E+00,-2.92969E-02
-6.2366304E-01,2.43164E+00,2.92969E-02
-6.2364456E-01,2.43164E+00,2.92969E-02
-6.2362608E-01,2.50977E+00,9.76562E-03
-6.2360760E-01,2.41211E+00,6.83594E-02
-6.2358912E-01,2.50977E+00,4.88281E-02
-6.2357064E-01,2.43164E+00,9.76562E-03
-6.2355216E-01,2.49023E+00,-9.76562E-03
-6.2353368E-01,2.45117E+00,-9.76562E-03
-6.2351520E-01,2.49023E+00,2.92969E-02
-6.2349672E-01,2.47070E+00,4.88281E-02
-6.2347824E-01,2.47070E+00,9.76562E-03
-6.2345976E-01,2.49023E+00,8.78906E-02
-6.2344128E-01,2.43164E+00,9.76562E-03
-6.2342280E-01,2.47070E+00,4.88281E-02
-6.2340432E-01,2.49023E+00,4.88281E-02
-6.2338584E-01,2.41211E+00,4.88281E-02
-6.2336736E-01,2.45117E+00,2.92969E-02
-6.2334888E-01,2.47070E+00,4.88281E-02
-6.2333040E-01,2.39258E+00,2.92969E-02
-6.2331192E-01,2.39258E+00,4.88281E-02
-6.2329344E-01,2.37305E+00,9.76562E-03
-6.2327496E-01,2.45117E+00,8.78906E-02
-6.2325648E-01,2.45117E+00,9.76562E-03
-6.2323800E-01,2.47070E+00,4.88281E-02
-6.2321952E-01,2.50977E+00,6.83594E-02
-6.2320104E-01,2.39258E+00,6.83594E-02
-6.2318256E-01,2.41211E+00,9.76562E-03
-6.2316408E-01,2.43164E+00,9.76562E-03
-6.2314560E-01,2.41211E+00,-9.76562E-03
-6.2312712E-01,2.39258E+00,2.92969E-02
-6.2310864E-01,2.52930E+00,9.76562E-03
-6.2309016E-01,2.37305E+00,8.78906E-02
-6.2307168E-01,2.49023E+00,9.76562E-03
-6.2305320E-01,2.43164E+00,2.92969E-02
-6.2303472E-01,2.49023E+00,2.92969E-02
-6.2301624E-01,2.43164E+00,9.76562E-03
-6.2299776E-01,2.39258E+00,4.88281E-02
-6.2297928E-01,2.39258E+00,-2.92969E-02
-6.2296080E-01,2.47070E+00,-4.88281E-02
-6.2294232E-01,2.45117E+00,6.83594E-02
-6.2292384E-01,2.47070E+00,2.92969E-02
-6.2290536E-01,2.47070E+00,4.88281E-02
-6.2288688E-01,2.45117E+00,-9.76562E-03
-6.2286840E-01,2.43164E+00,4.88281E-02
-6.2284992E-01,2.50977E+00,4.88281E-02
-6.2283144E-01,2.49023E+00,6.83594E-02
-6.2281296E-01,2.50977E+00,9.76562E-03
-6.2279448E-01,2.49023E+00,2.92969E-02
-6.2277600E-01,2.50977E+00,9.76562E-03
-6.2275752E-01,2.35352E+00,4.88281E-02
-6.2273904E-01,2.41211E+00,2.92969E-02
-6.2272056E-01,2.35352E+00,2.92969E-02
-6.2270208E-01,2.45117E+00,9.76562E-03
-6.2268360E-01,2.37305E+00,1.26953E-01
-6.2266512E-01,2.49023E+00,2.92969E-02
-6.2264664E-01,2.43164E+00,2.92969E-02
-6.2262816E-01,2.49023E+00,4.88281E-02
-6.2260968E-01,2.41211E+00,9.76562E-03
-6.2259120E-01,2.49023E+00,-9.76562E-03
-6.2257272E-01,2.37305E+00,6.83594E-02
-6.2255424E-01,2.45117E+00,2.92969E-02
-6.2253576E-01,2.41211E+00,4.88281E-02
-6.2251728E-01,2.50977E+00,9.76562E-03
-6.2249880E-01,2.43164E+00,1.07422E-01
-6.2248032E-01,2.49023E+00,2.92969E-02
-6.2246184E-01,2.35352E+00,1.07422E-01
-6.2244336E-01,2.47070E+00,-9.76562E-03
-6.2242488E-01,2.45117E+00,4.88281E-02
-6.2240640E-01,2.43164E+00,4.88281E-02
-6.2238792E-01,2.43164E+00,2.92969E-02
-6.2236944E-01,2.49023E+00,-2.92969E-02
-6.2235096E-01,2.43164E+00,4.88281E-02
-6.2233248E-01,2.43164E+00,2.92969E-02
-6.2231400E-01,2.39258E+00,4.88281E-02
-6.2229552E-01,2.49023E+00,4.88281E-02
-6.2227704E-01,2.37305E+00,2.92969E-02
-6.2225856E-01,2.43164E+00,-2.92969E-02
-6.2224008E-01,2.43164E+00,4.88281E-02
-6.2222160E-01,2.47070E+00,9.76562E-03
-6.2220312E-01,2.47070E+00,1.26953E-01
-6.2218464E-01,2.43164E+00,2.92969E-02
-6.2216616E-01,2.47070E+00,2.92969E-02
-6.2214768E-01,2.41211E+00,9.76562E-03
-6.2212920E-01,2.43164E+00,9.76562E-03
-6.2211072E-01,2.43164E+00,9.76562E-03
-6.2209224E-01,2.37305E+00,4.88281E-02
-6.2207376E-01,2.52930E+00,4.88281E-02
-6.2205528E-01,2.49023E+00,2.92969E-02
-6.2203680E-01,2.39258E+00,2.92969E-02
-6.2201832E-01,2.39258E+00,4.88281E-02
-6.2199984E-01,2.45117E+00,4.88281E-02
-6.2198136E-01,2.41211E+00,9.76562E-03
-6.2196288E-01,2.37305E+00,4.88281E-02
-6.2194440E-01,2.50977E+00,6.83594E-02
-6.2192592E-01,2.50977E+00,4.88281E-02
-6.2190744E-01,2.43164E+00,2.92969E-02
-6.2188896E-01,2.50977E+00,4.88281E-02
-6.2187048E-01,2.41211E+00,2.92969E-02
-6.2185200E-01,2.49023E+00,2.92969E-02
-6.2183352E-01,2.39258E+00,4.88281E-02
-6.2181504E-01,2.50977E+00,2.92969E-02
-6.2179656E-01,2.45117E+00,4.88281E-02
-6.2177808E-01,2.49023E+00,2.92969E-02
-6.2175960E-01,2.45117E+00,4.88281E-02
-6.2174112E-01,2.52930E+00,-9.76562E-03
-6.2172264E-01,2.45117E+00,1.07422E-01
-6.2170416E-01,2.50977E+00,9.76562E-03
-6.2168568E-01,2.43164E+00,4.88281E-02
-6.2166720E-01,2.47070E+00,9.76562E-03
-6.2164872E-01,2.39258E+00,6.83594E-02
-6.2163024E-01,2.50977E+00,4.88281E-02
-6.2161176E-01,2.49023E+00,8.78906E-02
-6.2159328E-01,2.37305E+00,2.92969E-02
-6.2157480E-01,2.43164E+00,1.07422E-01
-6.2155632E-01,2.50977E+00,2.92969E-02
-6.2153784E-01,2.49023E+00,6.83594E-02
-6.2151936E-01,2.50977E+00,4.88281E-02
-6.2150088E-01,2.47070E+00,4.88281E-02
-6.2148240E-01,2.49023E+00,9.76562E-03
-6.2146392E-01,2.45117E+00,4.88281E-02
-6.2144544E-01,2.39258E+00,4.88281E-02
-6.2142696E-01,2.47070E+00,6.83594E-02
-6.2140848E-01,2.49023E+00,-9.76562E-03
-6.2139000E-01,2.49023E+00,4.88281E-02
-6.2137152E-01,2.50977E+00,9.76562E-03
-6.2135304E-01,2.35352E+00,4.88281E-02
-6.2133456E-01,2.39258E+00,2.92969E-02
-6.2131608E-01,2.43164E+00,8.78906E-02
-6.2129760E-01,2.49023E+00,-9.76562E-03
-6.2127912E-01,2.43164E+00,6.83594E-02
-6.2126064E-01,2.45117E+00,-4.88281E-02
-6.2124216E-01,2.43164E+00,6.83594E-02
-6.2122368E-01,2.49023E+00,4.88281E-02
-6.2120520E-01,2.39258E+00,2.92969E-02
-6.2118672E-01,2.50977E+00,-9.76562E-03
-6.2116824E-01,2.45117E+00,4.88281E-02
-6.2114976E-01,2.41211E+00,2.92969E-02
-6.2113128E-01,2.43164E+00,8.78906E-02
-6.2111280E-01,2.39258E+00,-9.76562E-03
-6.2109432E-01,2.43164E+00,6.83594E-02
-6.2107584E-01,2.45117E+00,9.76562E-03
-6.2105736E-01,2.43164E+00,9.76562E-03
-6.2103888E-01,2.49023E+00,2.92969E-02
-6.2102040E-01,2.47070E+00,9.76562E-03
-6.2100192E-01,2.45117E+00,9.76562E-03
-6.2098344E-01,2.37305E+00,4.88281E-02
-6.2096496E-01,2.41211E+00,2.92969E-02
-6.2094648E-01,2.47070E+00,2.92969E-02
-6.2092800E-01,2.47070E+00,9.76562E-03
-6.2090952E-01,2.47070E+00,4.88281E-02
-6.2089104E-01,2.45117E+00,4.88281E-02
-6.2087256E-01,2.45117E+00,4.88281E-02
-6.2085408E-01,2.45117E+00,2.92969E-02
-6.2083560E-01,2.45117E+00,2.92969E-02
-6.2081712E-01,2.45117E+00,2.92969E-02
-6.2079864E-01,2.41211E+00,6.83594E-02
-6.2078016E-01,2.47070E+00,6.83594E-02
-6.2076168E-01,2.37305E+00,2.92969E-02
-6.2074320E-01,2.47070E+00,9.76562E-03
-6.2072472E-01,2.39258E+00,2.92969E-02
-6.2070624E-01,2.35352E+00,9.76562E-03
-6.2068776E-01,2.47070E+00,9.76562E-03
-6.2066928E-01,2.52930E+00,2.92969E-02
-6.2065080E-01,2.50977E+00,6.83594E-02
-6.2063232E-01,2.45117E+00,9.76562E-03
-6.2061384E-01,2.43164E+00,4.88281E-02
-6.2059536E-01,2.47070E+00,9.76562E-03
-6.2057688E-01,2.45117E+00,4.88281E-02
-6.2055840E-01,2.45117E+00,2.92969E-02
-6.2053992E-01,2.49023E+00,4.88281E-02
-6.2052144E-01,2.43164E+00,9.76562E-03
-6.2050296E-01,2.50977E+00,4.88281E-02
-6.2048448E-01,2.50977E+00,9.76562E-03
-6.2046600E-01,2.43164E+00,9.76562E-03
-6.2044752E-01,2.49023E+00,4.88281E-02
-6.2042904E-01,2.47070E+00,1.07422E-01
-6.2041056E-01,2.39258E+00,2.92969E-02
-6.2039208E-01,2.37305E+00,1.07422E-01
-6.2037360E-01,2.52930E+00,2.92969E-02
-6.2035512E-01,2.43164E+00,4.88281E-02
-6.2033664E-01,2.49023E+00,9.76562E-03
-6.2031816E-01,2.47070E+00,2.92969E-02
-6.2029968E-01,2.49023E+00,-4.88281E-02
-6.2028120E-01,2.43164E+00,4.88281E-02
-6.2026272E-01,2.43164E+00,2.92969E-02
-6.2024424E-01,2.43164E+00,9.76562E-03
-6.2022576E-01,2.47070E+00,-9.76562E-03
-6.2020728E-01,2.43164E+00,6.83594E-02
-6.2018880E-01,2.52930E+00,2.92969E-02
-6.2017032E-01,2.41211E+00,4.88281E-02
-6.2015184E-01,2.43164E+00,4.88281E-02
-6.2013336E-01,2.47070E+00,9.76562E-03
-6.2011488E-01,2.41211E+00,4.88281E-02
-6.2009640E-01,2.50977E+00,4.88281E-02
-6.2007792E-01,2.45117E+00,6.83594E-02
-6.2005944E-01,2.43164E+00,6.83594E-02
-6.2004096E-01,2.47070E+00,9.76562E-03
-6.2002248E-01,2.45117E+00,9.76562E-03
-6.2000400E-01,2.49023E+00,2.92969E-02
-6.1998552E-01,2.45117E+00,4.88281E-02
-6.1996704E-01,2.50977E+00,2.92969E-02
-6.1994856E-01,2.43164E+00,6.83594E-02
-6.1993008E-01,2.39258E+00,9.76562E-03
-6.1991160E-01,2.45117E+00,1.07422E-01
-6.1989312E-01,2.52930E+00,-2.92969E-02
-6.1987464E-01,2.43164E+00,9.76562E-03
-6.1985616E-01,2.50977E+00,4.88281E-02
-6.1983768E-01,2.47070E+00,4.88281E-02
-6.1981920E-01,2.50977E+00,-9.76562E-03
-6.1980072E-01,2.49023E+00,6.83594E-02
-6.1978224E-01,2.47070E+00,6.83594E-02
-6.1976376E-01,2.43164E+00,9.76562E-03
-6.1974528E-01,2.50977E+00,6.83594E-02
-6.1972680E-01,2.37305E+00,6.83594E-02
-6.1970832E-01,2.43164E+00,-9.76562E-03
-6.1968984E-01,2.47070E+00,6.83594E-02
-6.1967136E-01,2.50977E+00,-9.76562E-03
-6.1965288E-01,2.43164E+00,2.92969E-02
-6.1963440E-01,2.39258E+00,9.76562E-03
-6.1961592E-01,2.45117E+00,6.83594E-02
-6.1959744E-01,2.43164E+00,2.92969E-02
-6.1957896E-01,2.47070E+00,2.92969E-02
-6.1956048E-01,2.45117E+00,4.88281E-02
-6.1954200E-01,2.45117E+00,8.78906E-02
-6.1952352E-01,2.43164E+00,9.76562E-03
-6.1950504E-01,2.43164E+00,9.76562E-03
-6.1948656E-01,2.49023E+00,4.88281E-02
-6.1946808E-01,2.49023E+00,8.78906E-02
-6.1944960E-01,2.45117E+00,2.92969E-02
-6.1943112E-01,2.41211E+00,8.78906E-02
-6.1941264E-01,2.37305E+00,4.88281E-02
-6.1939416E-01,2.41211E+00,6.83594E-02
-6.1937568E-01,2.47070E+00,2.92969E-02
-6.1935720E-01,2.49023E+00,2.92969E-02
-6.1933872E-01,2.37305E+00,2.92969E-02
-6.1932024E-01,2.43164E+00,2.92969E-02
-6.1930176E-01,2.50977E+00,2.92969E-02
-6.1928328E-01,2.47070E+00,6.83594E-02
-6.1926480E-01,2.45117E+00,4.88281E-02
-6.1924632E-01,2.43164E+00,9.76562E-03
-6.1922784E-01,2.43164E+00,9.76562E-03
-6.1920936E-01,2.41211E+00,2.92969E-02
-6.1919088E-01,2.50977E+00,2.92969E-02
-6.1917240E-01,2.43164E+00,9.76562E-03
-6.1915392E-01,2.50977E+00,-9.76562E-03
-6.1913544E-01,2.43164E+00,6.83594E-02
-6.1911696E-01,2.43164E+00,9.76562E-03
-6.1909848E-01,2.43164E+00,4.88281E-02
-6.1908000E-01,2.52930E+00,2.92969E-02
-6.1906152E-01,2.49023E+00,9.76562E-03
-6.1904304E-01,2.50977E+00,9.76562E-03
-6.1902456E-01,2.47070E+00,4.88281E-02
-6.1900608E-01,2.47070E+00,9.76562E-03
-6.1898760E-01,2.45117E+00,2.92969E-02
-6.1896912E-01,2.49023E+00,1.07422E-01
-6.1895064E-01,2.43164E+00,2.92969E-02
-6.1893216E-01,2.49023E+00,2.92969E-02
-6.1891368E-01,2.39258E+00,-9.76562E-03
-6.1889520E-01,2.50977E+00,4.88281E-02
-6.1887672E-01,2.43164E+00,1.07422E-01
-6.1885824E-01,2.56836E+00,6.83594E-02
-6.1883976E-01,2.47070E+00,2.92969E-02
-6.1882128E-01,2.43164E+00,4.88281E-02
-6.1880280E-01,2.47070E+00,4.88281E-02
-6.1878432E-01,2.45117E+00,-4.88281E-02
-6.1876584E-01,2.39258E+00,8.78906E-02
-6.1874736E-01,2.45117E+00,6.83594E-02
-6.1872888E-01,2.45117E+00,6.83594E-02
-6.1871040E-01,2.47070E+00,2.92969E-02
-6.1869192E-01,2.49023E+00,6.83594E-02
-6.1867344E-01,2.52930E+00,4.88281E-02
-6.1865496E-01,2.47070E+00,4.88281E-02
-6.1863648E-01,2.49023E+00,9.76562E-03
-6.1861800E-01,2.47070E+00,6.83594E-02
-6.1859952E-01,2.49023E+00,9.76562E-03
-6.1858104E-01,2.45117E+00,6.83594E-02
-6.1856256E-01,2.50977E+00,6.83594E-02
-6.1854408E-01,2.49023E+00,9.76562E-03
-6.1852560E-01,2.50977E+00,-9.76562E-03
-6.1850712E-01,2.52930E+00,1.07422E-01
-6.1848864E-01,2.47070E+00,-9.76562E-03
-6.1847016E-01,2.49023E+00,2.92969E-02
-6.1845168E-01,2.49023E+00,9.76562E-03
-6.1843320E-01,2.50977E+00,6.83594E-02
-6.1841472E-01,2.56836E+00,-9.76562E-03
-6.1839624E-01,2.37305E+00,4.88281E-02
-6.1837776E-01,2.50977E+00,-9.76562E-03
-6.1835928E-01,2.49023E+00,2.92969E-02
-6.1834080E-01,2.50977E+00,4.88281E-02
-6.1832232E-01,2.45117E+00,2.92969E-02
-6.1830384E-01,2.45117E+00,-2.92969E-02
-6.1828536E-01,2.41211E+00,-2.92969E-02
-6.1826688E-01,2.43164E+00,-9.76562E-03
-6.1824840E-01,2.39258E+00,9.76562E-03
-6.1822992E-01,2.47070E+00,2.92969E-02
-6.1821144E-01,2.54883E+00,2.92969E-02
-6.1819296E-01,2.50977E+00,9.76562E-03
-6.1817448E-01,2.45117E+00,4.88281E-02
-6.1815600E-01,2.43164E+00,4.88281E-02
-6.1813752E-01,2.45117E+00,4.88281E-02
-6.1811904E-01,2.50977E+00,2.92969E-02
-6.1810056E-01,2.47070E+00,1.07422E-01
-6.1808208E-01,2.54883E+00,2.92969E-02
-6.1806360E-01,2.43164E+00,6.83594E-02
-6.1804512E-01,2.50977E+00,9.76562E-03
-6.1802664E-01,2.50977E+00,1.07422E-01
-6.1800816E-01,2.50977E+00,9.76562E-03
-6.1798968E-01,2.47070E+00,9.76562E-03
-6.1797120E-01,2.49023E+00,4.88281E-02
-6.1795272E-01,2.43164E+00,4.88281E-02
-6.1793424E-01,2.50977E+00,-9.76562E-03
-6.1791576E-01,2.47070E+00,8.78906E-02
-6.1789728E-01,2.56836E+00,2.92969E-02
-6.1787880E-01,2.47070E+00,4.88281E-02
-6.1786032E-01,2.50977E+00,6.83594E-02
-6.1784184E-01,2.43164E+00,9.76562E-03
-6.1782336E-01,2.50977E+00,6.83594E-02
-6.1780488E-01,2.50977E+00,4.88281E-02
-6.1778640E-01,2.43164E+00,9.76562E-03
-6.1776792E-01,2.49023E+00,6.83594E-02
-6.1774944E-01,2.56836E+00,9.76562E-03
-6.1773096E-01,2.47070E+00,2.92969E-02
-6.1771248E-01,2.49023E+00,6.83594E-02
-6.1769400E-01,2.43164E+00,2.92969E-02
-6.1767552E-01,2.45117E+00,9.76562E-03
-6.1765704E-01,2.49023E+00,2.92969E-02
-6.1763856E-01,2.49023E+00,-2.92969E-02
-6.1762008E-01,2.50977E+00,2.92969E-02
-6.1760160E-01,2.37305E+00,4.88281E-02
-6.1758312E-01,2.45117E+00,4.88281E-02
-6.1756464E-01,2.50977E+00,4.88281E-02
-6.1754616E-01,2.49023E+00,4.88281E-02
-6.1752768E-01,2.50977E+00,4.88281E-02
-6.1750920E-01,2.49023E+00,4.88281E-02
-6.1749072E-01,2.50977E+00,2.92969E-02
-6.1747224E-01,2.35352E+00,6.83594E-02
-6.1745376E-01,2.47070E+00,4.88281E-02
-6.1743528E-01,2.49023E+00,4.88281E-02
-6.1741680E-01,2.49023E+00,9.76562E-03
-6.1739832E-01,2.47070E+00,2.92969E-02
-6.1737984E-01,2.47070E+00,4.88281E-02
-6.1736136E-01,2.49023E+00,4.88281E-02
-6.1734288E-01,2.45117E+00,9.76562E-03
-6.1732440E-01,2.43164E+00,2.92969E-02
-6.1730592E-01,2.41211E+00,9.76562E-03
-6.1728744E-01,2.43164E+00,4.88281E-02
-6.1726896E-01,2.49023E+00,9.76562E-03
-6.1725048E-01,2.45117E+00,2.92969E-02
-6.1723200E-01,2.45117E+00,4.88281E-02
-6.1721352E-01,2.49023E+00,4.88281E-02
-6.1719504E-01,2.43164E+00,2.92969E-02
-6.1717656E-01,2.45117E+00,4.88281E-02
-6.1715808E-01,2.50977E+00,2.92969E-02
-6.1713960E-01,2.49023E+00,9.76562E-03
-6.1712112E-01,2.50977E+00,9.76562E-03
-6.1710264E-01,2.49023E+00,2.92969E-02
-6.1708416E-01,2.43164E+00,-9.76562E-03
-6.1706568E-01,2.49023E+00,2.92969E-02
-6.1704720E-01,2.50977E+00,2.92969E-02
-6.1702872E-01,2.49023E+00,9.76562E-03
-6.1701024E-01,2.50977E+00,4.88281E-02
-6.1699176E-01,2.37305E+00,4.88281E-02
-6.1697328E-01,2.49023E+00,2.92969E-02
-6.1695480E-01,2.45117E+00,6.83594E-02
-6.1693632E-01,2.47070E+00,6.83594E-02
-6.1691784E-01,2.35352E+00,2.92969E-02
-6.1689936E-01,2.50977E+00,2.92969E-02
-6.1688088E-01,2.50977E+00,2.92969E-02
-6.1686240E-01,2.47070E+00,2.92969E-02
-6.1684392E-01,2.49023E+00,2.92969E-02
-6.1682544E-01,2.50977E+00,-4.88281E-02
-6.1680696E-01,2.43164E+00,4.88281E-02
-6.1678848E-01,2.50977E+00,2.92969E-02
-6.1677000E-01,2.43164E+00,2.92969E-02
-6.1675152E-01,2.45117E+00,4.88281E-02
-6.1673304E-01,2.45117E+00,2.92969E-02
-6.1671456E-01,2.50977E+00,-9.76562E-03
-6.1669608E-01,2.49023E+00,8.78906E-02
-6.1667760E-01,2.50977E+00,2.92969E-02
-6.1665912E-01,2.49023E+00,6.83594E-02
-6.1664064E-01,2.50977E+00,2.92969E-02
-6.1662216E-01,2.52930E+00,4.88281E-02
-6.1660368E-01,2.43164E+00,9.76562E-03
-6.1658520E-01,2.43164E+00,2.92969E-02
-6.1656672E-01,2.50977E+00,9.76562E-03
-6.1654824E-01,2.49023E+00,4.88281E-02
-6.1652976E-01,2.60742E+00,9.76562E-03
-6.1651128E-01,2.49023E+00,2.92969E-02
-6.1649280E-01,2.52930E+00,4.88281E-02
-6.1647432E-01,2.49023E+00,8.78906E-02
-6.1645584E-01,2.50977E+00,2.92969E-02
-6.1643736E-01,2.45117E+00,9.76562E-03
-6.1641888E-01,2.45117E+00,4.88281E-02
-6.1640040E-01,2.49023E+00,4.88281E-02
-6.1638192E-01,2.47070E+00,2.92969E-02
-6.1636344E-01,2.43164E+00,8.78906E-02
-6.1634496E-01,2.50977E+00,2.92969E-02
-6.1632648E-01,2.39258E+00,6.83594E-02
-6.1630800E-01,2.49023E+00,9.76562E-03
-6.1628952E-01,2.47070E+00,4.88281E-02
-6.1627104E-01,2.50977E+00,9.76562E-03
-6.1625256E-01,2.50977E+00,4.88281E-02
-6.1623408E-01,2.49023E+00,9.76562E-03
-6.1621560E-01,2.43164E+00,6.83594E-02
-6.1619712E-01,2.50977E+00,-6.83594E-02
-6.1617864E-01,2.47070E+00,9.76562E-03
-6.1616016E-01,2.49023E+00,4.88281E-02
-6.1614168E-01,2.43164E+00,4.88281E-02
-6.1612320E-01,2.45117E+00,2.92969E-02
-6.1610472E-01,2.49023E+00,8.78906E-02
-6.1608624E-01,2.50977E+00,2.92969E-02
-6.1606776E-01,2.39258E+00,4.88281E-02
-6.1604928E-01,2.47070E+00,2.92969E-02
-6.1603080E-01,2.47070E+00,6.83594E-02
-6.1601232E-01,2.47070E+00,9.76562E-03
-6.1599384E-01,2.47070E+00,4.88281E-02
-6.1597536E-01,2.50977E+00,4.88281E-02
-6.1595688E-01,2.37305E+00,9.76562E-03
-6.1593840E-01,2.49023E+00,9.76562E-03
-6.1591992E-01,2.39258E+00,6.83594E-02
-6.1590144E-01,2.43164E+00,6.83594E-02
-6.1588296E-01,2.49023E+00,2.92969E-02
-6.1586448E-01,2.47070E+00,9.76562E-03
-6.1584600E-01,2.49023E+00,4.88281E-02
-6.1582752E-01,2.50977E+00,-4.88281E-02
-6.1580904E-01,2.49023E+00,4.88281E-02
-6.1579056E-01,2.49023E+00,-9.76562E-03
-6.1577208E-01,2.43164E+00,9.76562E-03
-6.1575360E-01,2.49023E+00,-9.76562E-03
-6.1573512E-01,2.41211E+00,2.92969E-02
-6.1571664E-01,2.50977E+00,4.88281E-02
-6.1569816E-01,2.43164E+00,6.83594E-02
-6.1567968E-01,2.45117E+00,9.76562E-03
-6.1566120E-01,2.47070E+00,4.88281E-02
-6.1564272E-01,2.49023E+00,9.76562E-03
-6.1562424E-01,2.49023E+00,2.92969E-02
-6.1560576E-01,2.49023E+00,2.92969E-02
-6.1558728E-01,2.47070E+00,4.88281E-02
-6.1556880E-01,2.49023E+00,4.88281E-02
-6.1555032E-01,2.43164E+00,4.88281E-02
-6.1553184E-01,2.47070E+00,9.76562E-03
-6.1551336E-01,2.49023E+00,6.83594E-02
-6.1549488E-01,2.50977E+00,-9.76562E-03
-6.1547640E-01,2.45117E+00,6.83594E-02
-6.1545792E-01,2.49023E+00,6.83594E-02
-6.1543944E-01,2.45117E+00,6.83594E-02
-6.1542096E-01,2.49023E+00,2.92969E-02
-6.1540248E-01,2.49023E+00,2.92969E-02
-6.1538400E-01,2.49023E+00,4.88281E-02
-6.1536552E-01,2.43164E+00,2.92969E-02
-6.1534704E-01,2.52930E+00,9.76562E-03
-6.1532856E-01,2.47070E+00,-2.92969E-02
-6.1531008E-01,2.50977E+00,4.88281E-02
-6.1529160E-01,2.45117E+00,4.88281E-02
-6.1527312E-01,2.47070E+00,2.92969E-02
-6.1525464E-01,2.49023E+00,4.88281E-02
-6.1523616E-01,2.50977E+00,4.88281E-02
-6.1521768E-01,2.47070E+00,4.88281E-02
-6.1519920E-01,2.50977E+00,-2.92969E-02
-6.1518072E-01,2.45117E+00,6.83594E-02
-6.1516224E-01,2.50977E+00,2.92969E-02
-6.1514376E-01,2.50977E+00,8.78906E-02
-6.1512528E-01,2.52930E+00,6.83594E-02
-6.1510680E-01,2.47070E+00,9.76562E-03
-6.1508832E-01,2.50977E+00,6.83594E-02
-6.1506984E-01,2.43164E+00,2.92969E-02
-6.1505136E-01,2.50977E+00,4.88281E-02
-6.1503288E-01,2.45117E+00,9.76562E-03
-6.1501440E-01,2.50977E+00,2.92969E-02
-6.1499592E-01,2.52930E+00,4.88281E-02
-6.1497744E-01,2.54883E+00,2.92969E-02
-6.1495896E-01,2.56836E+00,9.76562E-03
-6.1494048E-01,2.47070E+00,2.92969E-02
-6.1492200E-01,2.49023E+00,2.92969E-02
-6.1490352E-01,2.43164E+00,9.76562E-03
-6.1488504E-01,2.56836E+00,1.07422E-01
-6.1486656E-01,2.50977E+00,1.26953E-01
-6.1484808E-01,2.47070E+00,4.88281E-02
-6.1482960E-01,2.50977E+00,2.92969E-02
-6.1481112E-01,2.49023E+00,2.92969E-02
-6.1479264E-01,2.50977E+00,4.88281E-02
-6.1477416E-01,2.45117E+00,4.88281E-02
-6.1475568E-01,2.50977E+00,2.92969E-02
-6.1473720E-01,2.47070E+00,4.88281E-02
-6.1471872E-01,2.50977E+00,-2.92969E-02
-6.1470024E-01,2.49023E+00,4.88281E-02
-6.1468176E-01,2.50977E+00,2.92969E-02
-6.1466328E-01,2.52930E+00,2.92969E-02
-6.1464480E-01,2.50977E+00,4.88281E-02
-6.1462632E-01,2.47070E+00,6.83594E-02
-6.1460784E-01,2.45117E+00,-2.92969E-02
-6.1458936E-01,2.43164E+00,6.83594E-02
-6.1457088E-01,2.50977E+00,6.83594E-02
-6.1455240E-01,2.54883E+00,4.88281E-02
-6.1453392E-01,2.50977E+00,9.76562E-03
-6.1451544E-01,2.45117E+00,4.88281E-02
-6.1449696E-01,2.50977E+00,1.07422E-01
-6.1447848E-01,2.45117E+00,6.83594E-02
-6.1446000E-01,2.47070E+00,6.83594E-02
-6.1444152E-01,2.49023E+00,4.88281E-02
-6.1442304E-01,2.50977E+00,4.88281E-02
-6.1440456E-01,2.49023E+00,2.92969E-02
-6.1438608E-01,2.50977E+00,-9.76562E-03
-6.1436760E-01,2.49023E+00,6.83594E-02
-6.1434912E-01,2.50977E+00,4.88281E-02
-6.1433064E-01,2.43164E+00,9.76562E-03
-6.1431216E-01,2.50977E+00,4.88281E-02
-6.1429368E-01,2.45117E+00,9.76562E-03
-6.1427520E-01,2.41211E+00,2.92969E-02
-6.1425672E-01,2.49023E+00,9.76562E-03
-6.1423824E-01,2.39258E+00,4.88281E-02
-6.1421976E-01,2.45117E+00,2.92969E-02
-6.1420128E-01,2.54883E+00,2.92969E-02
-6.1418280E-01,2.47070E+00,1.07422E-01
-6.1416432E-01,2.43164E+00,4.88281E-02
-6.1414584E-01,2.47070E+00,2.92969E-02
-6.1412736E-01,2.50977E+00,4.88281E-02
-6.1410888E-01,2.49023E+00,6.83594E-02
-6.1409040E-01,2.45117E+00,9.76562E-03
-6.1407192E-01,2.47070E+00,4.88281E-02
-6.1405344E-01,2.50977E+00,6.83594E-02
-6.1403496E-01,2.49023E+00,6.83594E-02
-6.1401648E-01,2.50977E+00,9.76562E-03
-6.1399800E-01,2.47070E+00,4.88281E-02
-6.1397952E-01,2.49023E+00,6.83594E-02
-6.1396104E-01,2.43164E+00,9.76562E-03
-6.1394256E-01,2.54883E+00,-9.76562E-03
-6.1392408E-01,2.43164E+00,9.76562E-03
-6.1390560E-01,2.50977E+00,4.88281E-02
-6.1388712E-01,2.50977E+00,4.88281E-02
-6.1386864E-01,2.50977E+00,-9.76562E-03
-6.1385016E-01,2.49023E+00,4.88281E-02
-6.1383168E-01,2.50977E+00,9.76562E-03
-6.1381320E-01,2.50977E+00,9.76562E-03
-6.1379472E-01,2.56836E+00,2.92969E-02
-6.1377624E-01,2.50977E+00,6.83594E-02
-6.1375776E-01,2.56836E+00,9.76562E-03
-6.1373928E-01,2.45117E+00,2.92969E-02
-6.1372080E-01,2.56836E+00,2.92969E-02
-6.1370232E-01,2.49023E+00,1.26953E-01
-6.1368384E-01,2.49023E+00,4.88281E-02
-6.1366536E-01,2.50977E+00,8.78906E-02
-6.1364688E-01,2.52930E+00,2.92969E-02
-6.1362840E-01,2.43164E+00,2.92969E-02
-6.1360992E-01,2.54883E+00,-6.83594E-02
-6.1359144E-01,2.45117E+00,9.76562E-03
-6.1357296E-01,2.49023E+00,-2.92969E-02
-6.1355448E-01,2.52930E+00,4.88281E-02
-6.1353600E-01,2.50977E+00,-9.76562E-03
-6.1351752E-01,2.50977E+00,4.88281E-02
-6.1349904E-01,2.47070E+00,-6.83594E-02
-6.1348056E-01,2.45117E+00,2.92969E-02
-6.1346208E-01,2.47070E+00,6.83594E-02
-6.1344360E-01,2.54883E+00,6.83594E-02
-6.1342512E-01,2.50977E+00,4.88281E-02
-6.1340664E-01,2.47070E+00,6.83594E-02
-6.1338816E-01,2.45117E+00,-2.92969E-02
-6.1336968E-01,2.45117E+00,4.88281E-02
-6.1335120E-01,2.52930E+00,2.92969E-02
-6.1333272E-01,2.49023E+00,4.88281E-02
-6.1331424E-01,2.47070E+00,6.83594E-02
-6.1329576E-01,2.52930E+00,6.83594E-02
-6.1327728E-01,2.54883E+00,6.83594E-02
-6.1325880E-01,2.49023E+00,4.88281E-02
-6.1324032E-01,2.50977E+00,4.88281E-02
-6.1322184E-01,2.52930E+00,4.88281E-02
-6.1320336E-01,2.41211E+00,2.92969E-02
-6.1318488E-01,2.49023E+00,4.88281E-02
-6.1316640E-01,2.50977E+00,9.76562E-03
-6.1314792E-01,2.47070E+00,2.92969E-02
-6.1312944E-01,2.50977E+00,4.88281E-02
-6.1311096E-01,2.43164E+00,8.78906E-02
-6.1309248E-01,2.49023E+00,2.92969E-02
-6.1307400E-01,2.45117E+00,9.76562E-03
-6.1305552E-01,2.50977E+00,9.76562E-03
-6.1303704E-01,2.50977E+00,6.83594E-02
-6.1301856E-01,2.56836E+00,9.76562E-03
-6.1300008E-01,2.47070E+00,6.83594E-02
-6.1298160E-01,2.45117E+00,2.92969E-02
-6.1296312E-01,2.47070E+00,-9.76562E-03
-6.1294464E-01,2.43164E+00,4.88281E-02
-6.1292616E-01,2.49023E+00,6.83594E-02
-6.1290768E-01,2.56836E+00,2.92969E-02
-6.1288920E-01,2.43164E+00,2.92969E-02
-6.1287072E-01,2.50977E+00,4.88281E-02
-6.1285224E-01,2.49023E+00,6.83594E-02
-6.1283376E-01,2.50977E+00,9.76562E-03
-6.1281528E-01,2.43164E+00,8.78906E-02
-6.1279680E-01,2.54883E+00,-9.76562E-03
-6.1277832E-01,2.47070E+00,9.76562E-03
-6.1275984E-01,2.43164E+00,4.88281E-02
-6.1274136E-01,2.50977E+00,1.07422E-01
-6.1272288E-01,2.47070E+00,2.92969E-02
-6.1270440E-01,2.49023E+00,4.88281E-02
-6.1268592E-01,2.50977E+00,2.92969E-02
-6.1266744E-01,2.43164E+00,6.83594E-02
-6.1264896E-01,2.43164E+00,4.88281E-02
-6.1263048E-01,2.45117E+00,1.07422E-01
-6.1261200E-01,2.50977E+00,2.92969E-02
-6.1259352E-01,2.45117E+00,8.78906E-02
-6.1257504E-01,2.52930E+00,6.83594E-02
-6.1255656E-01,2.43164E+00,6.83594E-02
-6.1253808E-01,2.62695E+00,-2.92969E-02
-6.1251960E-01,2.49023E+00,4.88281E-02
-6.1250112E-01,2.47070E+00,4.88281E-02
-6.1248264E-01,2.47070E+00,6.83594E-02
-6.1246416E-01,2.50977E+00,2.92969E-02
-6.1244568E-01,2.41211E+00,4.88281E-02
-6.1242720E-01,2.50977E+00,4.88281E-02
-6.1240872E-01,2.43164E+00,2.92969E-02
-6.1239024E-01,2.50977E+00,8.78906E-02
-6.1237176E-01,2.49023E+00,1.66016E-01
-6.1235328E-01,2.50977E+00,9.76562E-03
-6.1233480E-01,2.43164E+00,4.88281E-02
-6.1231632E-01,2.56836E+00,4.88281E-02
-6.1229784E-01,2.49023E+00,1.07422E-01
-6.1227936E-01,2.50977E+00,-2.92969E-02
-6.1226088E-01,2.45117E+00,1.46484E-01
-6.1224240E-01,2.43164E+00,-2.92969E-02
-6.1222392E-01,2.50977E+00,6.83594E-02
-6.1220544E-01,2.47070E+00,6.83594E-02
-6.1218696E-01,2.52930E+00,4.88281E-02
-6.1216848E-01,2.47070E+00,6.83594E-02
-6.1215000E-01,2.45117E+00,2.92969E-02
-6.1213152E-01,2.50977E+00,6.83594E-02
-6.1211304E-01,2.52930E+00,2.92969E-02
-6.1209456E-01,2.50977E+00,9.76562E-03
-6.1207608E-01,2.49023E+00,2.92969E-02
-6.1205760E-01,2.50977E+00,2.92969E-02
-6.1203912E-01,2.45117E+00,2.92969E-02
-6.1202064E-01,2.50977E+00,2.92969E-02
-6.1200216E-01,2.49023E+00,6.83594E-02
-6.1198368E-01,2.49023E+00,9.76562E-03
-6.1196520E-01,2.47070E+00,4.88281E-02
-6.1194672E-01,2.47070E+00,-9.76562E-03
-6.1192824E-01,2.47070E+00,6.83594E-02
-6.1190976E-01,2.49023E+00,-9.76562E-03
-6.1189128E-01,2.49023E+00,4.88281E-02
-6.1187280E-01,2.50977E+00,9.76562E-03
-6.1185432E-01,2.49023E+00,6.83594E-02
-6.1183584E-01,2.52930E+00,4.88281E-02
-6.1181736E-01,2.50977E+00,-9.76562E-03
-6.1179888E-01,2.47070E+00,6.83594E-02
-6.1178040E-01,2.47070E+00,2.92969E-02
-6.1176192E-01,2.50977E+00,9.76562E-03
-6.1174344E-01,2.50977E+00,2.92969E-02
-6.1172496E-01,2.58789E+00,4.88281E-02
-6.1170648E-01,2.50977E+00,6.83594E-02
-6.1168800E-01,2.50977E+00,4.88281E-02
-6.1166952E-01,2.49023E+00,2.92969E-02
-6.1165104E-01,2.45117E+00,4.88281E-02
-6.1163256E-01,2.50977E+00,9.76562E-03
-6.1161408E-01,2.50977E+00,2.92969E-02
-6.1159560E-01,2.47070E+00,2.92969E-02
-6.1157712E-01,2.52930E+00,4.88281E-02
-6.1155864E-01,2.49023E+00,4.88281E-02
-6.1154016E-01,2.52930E+00,4.88281E-02
-6.1152168E-01,2.50977E+00,8.78906E-02
-6.1150320E-01,2.54883E+00,8.78906E-02
-6.1148472E-01,2.47070E+00,-2.92969E-02
-6.1146624E-01,2.50977E+00,2.92969E-02
-6.1144776E-01,2.54883E+00,9.76562E-03
-6.1142928E-01,2.49023E+00,9.76562E-03
-6.1141080E-01,2.49023E+00,-2.92969E-02
-6.1139232E-01,2.49023E+00,9.76562E-03
-6.1137384E-01,2.52930E+00,4.88281E-02
-6.1135536E-01,2.45117E+00,4.88281E-02
-6.1133688E-01,2.49023E+00,6.83594E-02
-6.1131840E-01,2.49023E+00,2.92969E-02
-6.1129992E-01,2.49023E+00,6.83594E-02
-6.1128144E-01,2.49023E+00,9.76562E-03
-6.1126296E-01,2.47070E+00,1.26953E-01
-6.1124448E-01,2.50977E+00,4.88281E-02
-6.1122600E-01,2.52930E+00,1.07422E-01
-6.1120752E-01,2.56836E+00,9.76562E-03
-6.1118904E-01,2.43164E+00,1.26953E-01
-6.1117056E-01,2.50977E+00,-2.92969E-02
-6.1115208E-01,2.45117E+00,4.88281E-02
-6.1113360E-01,2.50977E+00,9.76562E-03
-6.1111512E-01,2.45117E+00,9.76562E-03
-6.1109664E-01,2.50977E+00,4.88281E-02
-6.1107816E-01,2.47070E+00,2.92969E-02
-6.1105968E-01,2.50977E+00,2.92969E-02
-6.1104120E-01,2.49023E+00,6.83594E-02
-6.1102272E-01,2.56836E+00,9.76562E-03
-6.1100424E-01,2.47070E+00,2.92969E-02
-6.1098576E-01,2.45117E+00,4.88281E-02
-6.1096728E-01,2.49023E+00,2.92969E-02
-6.1094880E-01,2.50977E+00,2.92969E-02
-6.1093032E-01,2.52930E+00,2.92969E-02
-6.1091184E-01,2.52930E+00,9.76562E-03
-6.1089336E-01,2.50977E+00,9.76562E-03
-6.1087488E-01,2.47070E+00,8.78906E-02
-6.1085640E-01,2.43164E+00,-9.76562E-03
-6.1083792E-01,2.47070E+00,4.88281E-02
-6.1081944E-01,2.47070E+00,6.83594E-02
-6.1080096E-01,2.43164E+00,9.76562E-03
-6.1078248E-01,2.49023E+00,6.83594E-02
-6.1076400E-01,2.45117E+00,2.92969E-02
-6.1074552E-01,2.43164E+00,4.88281E-02
-6.1072704E-01,2.50977E+00,2.92969E-02
-6.1070856E-01,2.49023E+00,6.83594E-02
-6.1069008E-01,2.52930E+00,9.76562E-03
-6.1067160E-01,2.50977E+00,9.76562E-03
-6.1065312E-01,2.45117E+00,9.76562E-03
-6.1063464E-01,2.50977E+00,4.88281E-02
-6.1061616E-01,2.47070E+00,9.76562E-03
-6.1059768E-01,2.50977E+00,2.92969E-02
-6.1057920E-01,2.50977E+00,2.92969E-02
-6.1056072E-01,2.49023E+00,2.92969E-02
-6.1054224E-01,2.56836E+00,9.76562E-03
-6.1052376E-01,2.49023E+00,8.78906E-02
-6.1050528E-01,2.50977E+00,8.78906E-02
-6.1048680E-01,2.45117E+00,4.88281E-02
-6.1046832E-01,2.56836E+00,9.76562E-03
-6.1044984E-01,2.47070E+00,2.92969E-02
-6.1043136E-01,2.54883E+00,4.88281E-02
-6.1041288E-01,2.49023E+00,4.88281E-02
-6.1039440E-01,2.54883E+00,4.88281E-02
-6.1037592E-01,2.47070E+00,8.78906E-02
-6.1035744E-01,2.45117E+00,2.92969E-02
-6.1033896E-01,2.52930E+00,9.76562E-03
-6.1032048E-01,2.49023E+00,2.92969E-02
-6.1030200E-01,2.45117E+00,4.88281E-02
-6.1028352E-01,2.54883E+00,9.76562E-03
-6.1026504E-01,2.43164E+00,4.88281E-02
-6.1024656E-01,2.50977E+00,6.83594E-02
-6.1022808E-01,2.45117E+00,4.88281E-02
-6.1020960E-01,2.50977E+00,4.88281E-02
-6.1019112E-01,2.47070E+00,6.83594E-02
-6.1017264E-01,2.45117E+00,2.92969E-02
-6.1015416E-01,2.52930E+00,4.88281E-02
-6.1013568E-01,2.50977E+00,9.76562E-03
-6.1011720E-01,2.47070E+00,6.83594E-02
-6.1009872E-01,2.60742E+00,6.83594E-02
-6.1008024E-01,2.52930E+00,2.92969E-02
-6.1006176E-01,2.50977E+00,6.83594E-02
-6.1004328E-01,2.45117E+00,4.88281E-02
-6.1002480E-01,2.50977E+00,6.83594E-02
-6.1000632E-01,2.50977E+00,6.83594E-02
-6.0998784E-01,2.56836E+00,9.76562E-03
-6.0996936E-01,2.47070E+00,9.76562E-03
-6.0995088E-01,2.60742E+00,2.92969E-02
-6.0993240E-01,2.45117E+00,2.92969E-02
-6.0991392E-01,2.50977E+00,4.88281E-02
-6.0989544E-01,2.52930E+00,9.76562E-03
-6.0987696E-01,2.50977E+00,2.92969E-02
-6.0985848E-01,2.54883E+00,2.92969E-02
-6.0984000E-01,2.50977E+00,6.83594E-02
-6.0982152E-01,2.45117E+00,2.92969E-02
-6.0980304E-01,2.50977E+00,2.92969E-02
-6.0978456E-01,2.49023E+00,2.92969E-02
-6.0976608E-01,2.47070E+00,1.07422E-01
-6.0974760E-01,2.47070E+00,6.83594E-02
-6.0972912E-01,2.50977E+00,9.76562E-03
-6.0971064E-01,2.50977E+00,2.92969E-02
-6.0969216E-01,2.52930E+00,6.83594E-02
-6.0967368E-01,2.50977E+00,6.83594E-02
-6.0965520E-01,2.49023E+00,4.88281E-02
-6.0963672E-01,2.50977E+00,6.83594E-02
-6.0961824E-01,2.47070E+00,2.92969E-02
-6.0959976E-01,2.52930E+00,6.83594E-02
-6.0958128E-01,2.47070E+00,9.76562E-03
-6.0956280E-01,2.49023E+00,6.83594E-02
-6.0954432E-01,2.45117E+00,4.88281E-02
-6.0952584E-01,2.50977E+00,6.83594E-02
-6.0950736E-01,2.50977E+00,-9.76562E-03
-6.0948888E-01,2.52930E+00,6.83594E-02
-6.0947040E-01,2.47070E+00,6.83594E-02
-6.0945192E-01,2.41211E+00,4.88281E-02
-6.0943344E-01,2.52930E+00,9.76562E-03
-6.0941496E-01,2.49023E+00,9.76562E-03
-6.0939648E-01,2.50977E+00,2.92969E-02
-6.0937800E-01,2.49023E+00,6.83594E-02
-6.0935952E-01,2.49023E+00,4.88281E-02
-6.0934104E-01,2.49023E+00,6.83594E-02
-6.0932256E-01,2.50977E+00,9.76562E-03
-6.0930408E-01,2.43164E+00,4.88281E-02
-6.0928560E-01,2.54883E+00,4.88281E-02
-6.0926712E-01,2.60742E+00,4.88281E-02
-6.0924864E-01,2.50977E+00,9.76562E-03
-6.0923016E-01,2.47070E+00,2.92969E-02
-6.0921168E-01,2.49023E+00,8.78906E-02
-6.0919320E-01,2.52930E+00,2.92969E-02
-6.0917472E-01,2.49023E+00,-9.76562E-03
-6.0915624E-01,2.50977E+00,6.83594E-02
-6.0913776E-01,2.50977E+00,2.92969E-02
-6.0911928E-01,2.47070E+00,4.88281E-02
-6.0910080E-01,2.45117E+00,9.76562E-03
-6.0908232E-01,2.56836E+00,4.88281E-02
-6.0906384E-01,2.43164E+00,9.76562E-03
-6.0904536E-01,2.49023E+00,6.83594E-02
-6.0902688E-01,2.50977E+00,9.76562E-03
-6.0900840E-01,2.43164E+00,9.76562E-03
-6.0898992E-01,2.50977E+00,4.88281E-02
-6.0897144E-01,2.49023E+00,9.76562E-03
-6.0895296E-01,2.50977E+00,9.76562E-03
-6.0893448E-01,2.49023E+00,2.92969E-02
-6.0891600E-01,2.50977E+00,-9.76562E-03
-6.0889752E-01,2.56836E+00,4.88281E-02
-6.0887904E-01,2.50977E+00,6.83594E-02
-6.0886056E-01,2.47070E+00,2.92969E-02
-6.0884208E-01,2.50977E+00,9.76562E-03
-6.0882360E-01,2.52930E+00,8.78906E-02
-6.0880512E-01,2.52930E+00,9.76562E-03
-6.0878664E-01,2.47070E+00,2.92969E-02
-6.0876816E-01,2.60742E+00,6.83594E-02
-6.0874968E-01,2.43164E+00,2.92969E-02
-6.0873120E-01,2.52930E+00,2.92969E-02
-6.0871272E-01,2.54883E+00,4.88281E-02
-6.0869424E-01,2.50977E+00,2.92969E-02
-6.0867576E-01,2.49023E+00,9.76562E-03
-6.0865728E-01,2.52930E+00,9.76562E-03
-6.0863880E-01,2.50977E+00,4.88281E-02
-6.0862032E-01,2.54883E+00,6.83594E-02
-6.0860184E-01,2.49023E+00,9.76562E-03
-6.0858336E-01,2.54883E+00,6.83594E-02
-6.0856488E-01,2.47070E+00,2.92969E-02
-6.0854640E-01,2.50977E+00,2.92969E-02
-6.0852792E-01,2.43164E+00,9.76562E-03
-6.0850944E-01,2.54883E+00,-9.76562E-03
-6.0849096E-01,2.49023E+00,8.78906E-02
-6.0847248E-01,2.56836E+00,4.88281E-02
-6.0845400E-01,2.49023E+00,6.83594E-02
-6.0843552E-01,2.50977E+00,9.76562E-03
-6.0841704E-01,2.47070E+00,6.83594E-02
-6.0839856E-01,2.47070E+00,4.88281E-02
-6.0838008E-01,2.47070E+00,9.76562E-03
-6.0836160E-01,2.52930E+00,4.88281E-02
-6.0834312E-01,2.47070E+00,4.88281E-02
-6.0832464E-01,2.49023E+00,2.92969E-02
-6.0830616E-01,2.54883E+00,8.78906E-02
-6.0828768E-01,2.54883E+00,2.92969E-02
-6.0826920E-01,2.52930E+00,6.83594E-02
-6.0825072E-01,2.54883E+00,2.92969E-02
-6.0823224E-01,2.45117E+00,4.88281E-02
-6.0821376E-01,2.54883E+00,-9.76562E-03
-6.0819528E-01,2.49023E+00,4.88281E-02
-6.0817680E-01,2.49023E+00,2.92969E-02
-6.0815832E-01,2.50977E+00,6.83594E-02
-6.0813984E-01,2.47070E+00,-9.76562E-03
-6.0812136E-01,2.49023E+00,-9.76562E-03
-6.0810288E-01,2.56836E+00,9.76562E-03
-6.0808440E-01,2.49023E+00,4.88281E-02
-6.0806592E-01,2.45117E+00,-9.76562E-03
-6.0804744E-01,2.45117E+00,4.88281E-02
-6.0802896E-01,2.50977E+00,-9.76562E-03
-6.0801048E-01,2.50977E+00,2.92969E-02
-6.0799200E-01,2.56836E+00,-4.88281E-02
-6.0797352E-01,2.47070E+00,2.92969E-02
-6.0795504E-01,2.52930E+00,6.83594E-02
-6.0793656E-01,2.49023E+00,6.83594E-02
-6.0791808E-01,2.50977E+00,4.88281E-02
-6.0789960E-01,2.56836E+00,9.76562E-03
-6.0788112E-01,2.50977E+00,4.88281E-02
-6.0786264E-01,2.50977E+00,2.92969E-02
-6.0784416E-01,2.49023E+00,9.76562E-03
-6.0782568E-01,2.52930E+00,4.88281E-02
-6.0780720E-01,2.50977E+00,2.92969E-02
-6.0778872E-01,2.54883E+00,4.88281E-02
-6.0777024E-01,2.50977E+00,9.76562E-03
-6.0775176E-01,2.47070E+00,1.26953E-01
-6.0773328E-01,2.50977E+00,2.92969E-02
-6.0771480E-01,2.47070E+00,4.88281E-02
-6.0769632E-01,2.52930E+00,9.76562E-03
-6.0767784E-01,2.52930E+00,6.83594E-02
-6.0765936E-01,2.49023E+00,6.83594E-02
-6.0764088E-01,2.49023E+00,4.88281E-02
-6.0762240E-01,2.50977E+00,8.78906E-02
-6.0760392E-01,2.49023E+00,2.92969E-02
-6.0758544E-01,2.52930E+00,-9.76562E-03
-6.0756696E-01,2.47070E+00,6.83594E-02
-6.0754848E-01,2.49023E+00,2.92969E-02
-6.0753000E-01,2.54883E+00,6.83594E-02
-6.0751152E-01,2.54883E+00,4.88281E-02
-6.0749304E-01,2.54883E+00,1.26953E-01
-6.0747456E-01,2.50977E+00,6.83594E-02
-6.0745608E-01,2.52930E+00,1.07422E-01
-6.0743760E-01,2.50977E+00,6.83594E-02
-6.0741912E-01,2.45117E+00,4.88281E-02
-6.0740064E-01,2.50977E+00,9.76562E-03
-6.0738216E-01,2.52930E+00,9.76562E-03
-6.0736368E-01,2.50977E+00,-4.88281E-02
-6.0734520E-01,2.52930E+00,9.76562E-03
-6.0732672E-01,2.60742E+00,4.88281E-02
-6.0730824E-01,2.52930E+00,1.26953E-01
-6.0728976E-01,2.47070E+00,-9.76562E-03
-6.0727128E-01,2.54883E+00,8.78906E-02
-6.0725280E-01,2.56836E+00,2.92969E-02
-6.0723432E-01,2.49023E+00,8.78906E-02
-6.0721584E-01,2.50977E+00,9.76562E-03
-6.0719736E-01,2.47070E+00,6.83594E-02
-6.0717888E-01,2.50977E+00,9.76562E-03
-6.0716040E-01,2.49023E+00,2.92969E-02
-6.0714192E-01,2.45117E+00,9.76562E-03
-6.0712344E-01,2.47070E+00,4.88281E-02
-6.0710496E-01,2.50977E+00,9.76562E-03
-6.0708648E-01,2.45117E+00,4.88281E-02
-6.0706800E-01,2.56836E+00,-2.92969E-02
-6.0704952E-01,2.45117E+00,1.26953E-01
-6.0703104E-01,2.56836E+00,2.92969E-02
-6.0701256E-01,2.56836E+00,6.83594E-02
-6.0699408E-01,2.50977E+00,-4.88281E-02
-6.0697560E-01,2.50977E+00,6.83594E-02
-6.0695712E-01,2.50977E+00,8.78906E-02
-6.0693864E-01,2.52930E+00,6.83594E-02
-6.0692016E-01,2.50977E+00,9.76562E-03
-6.0690168E-01,2.54883E+00,-9.76562E-03
-6.0688320E-01,2.52930E+00,4.88281E-02
-6.0686472E-01,2.52930E+00,8.78906E-02
-6.0684624E-01,2.52930E+00,6.83594E-02
-6.0682776E-01,2.54883E+00,2.92969E-02
-6.0680928E-01,2.50977E+00,4.88281E-02
-6.0679080E-01,2.54883E+00,1.07422E-01
-6.0677232E-01,2.50977E+00,2.92969E-02
-6.0675384E-01,2.52930E+00,4.88281E-02
-6.0673536E-01,2.50977E+00,4.88281E-02
-6.0671688E-01,2.49023E+00,4.88281E-02
-6.0669840E-01,2.50977E+00,6.83594E-02
-6.0667992E-01,2.49023E+00,8.78906E-02
-6.0666144E-01,2.49023E+00,9.76562E-03
-6.0664296E-01,2.47070E+00,9.76562E-03
-6.0662448E-01,2.60742E+00,4.88281E-02
-6.0660600E-01,2.43164E+00,8.78906E-02
-6.0658752E-01,2.50977E+00,4.88281E-02
-6.0656904E-01,2.47070E+00,4.88281E-02
-6.0655056E-01,2.50977E+00,6.83594E-02
-6.0653208E-01,2.52930E+00,8.78906E-02
-6.0651360E-01,2.54883E+00,2.92969E-02
-6.0649512E-01,2.49023E+00,6.83594E-02
-6.0647664E-01,2.56836E+00,2.92969E-02
-6.0645816E-01,2.49023E+00,4.88281E-02
-6.0643968E-01,2.52930E+00,1.07422E-01
-6.0642120E-01,2.50977E+00,4.88281E-02
-6.0640272E-01,2.56836E+00,2.92969E-02
-6.0638424E-01,2.45117E+00,8.78906E-02
-6.0636576E-01,2.50977E+00,9.76562E-03
-6.0634728E-01,2.49023E+00,2.92969E-02
-6.0632880E-01,2.43164E+00,2.92969E-02
-6.0631032E-01,2.49023E+00,9.76562E-03
-6.0629184E-01,2.58789E+00,6.83594E-02
-6.0627336E-01,2.50977E+00,2.92969E-02
-6.0625488E-01,2.50977E+00,9.76562E-03
-6.0623640E-01,2.49023E+00,1.07422E-01
-6.0621792E-01,2.50977E+00,6.83594E-02
-6.0619944E-01,2.47070E+00,1.07422E-01
-6.0618096E-01,2.56836E+00,4.88281E-02
-6.0616248E-01,2.50977E+00,8.78906E-02
-6.0614400E-01,2.50977E+00,4.88281E-02
-6.0612552E-01,2.47070E+00,6.83594E-02
-6.0610704E-01,2.50977E+00,8.78906E-02
-6.0608856E-01,2.49023E+00,2.92969E-02
-6.0607008E-01,2.56836E+00,2.92969E-02
-6.0605160E-01,2.43164E+00,4.88281E-02
-6.0603312E-01,2.50977E+00,6.83594E-02
-6.0601464E-01,2.45117E+00,4.88281E-02
-6.0599616E-01,2.50977E+00,2.92969E-02
-6.0597768E-01,2.49023E+00,8.78906E-02
-6.0595920E-01,2.52930E+00,2.92969E-02
-6.0594072E-01,2.47070E+00,2.92969E-02
-6.0592224E-01,2.52930E+00,4.88281E-02
-6.0590376E-01,2.54883E+00,4.88281E-02
-6.0588528E-01,2.56836E+00,-9.76562E-03
-6.0586680E-01,2.49023E+00,8.78906E-02
-6.0584832E-01,2.50977E+00,4.88281E-02
-6.0582984E-01,2.54883E+00,1.07422E-01
-6.0581136E-01,2.50977E+00,2.92969E-02
-6.0579288E-01,2.47070E+00,8.78906E-02
-6.0577440E-01,2.50977E+00,8.78906E-02
-6.0575592E-01,2.56836E+00,8.78906E-02
-6.0573744E-01,2.52930E+00,2.92969E-02
-6.0571896E-01,2.49023E+00,1.26953E-01
-6.0570048E-01,2.50977E+00,2.92969E-02
-6.0568200E-01,2.56836E+00,1.26953E-01
-6.0566352E-01,2.58789E+00,2.92969E-02
-6.0564504E-01,2.49023E+00,6.83594E-02
-6.0562656E-01,2.58789E+00,1.26953E-01
-6.0560808E-01,2.49023E+00,6.83594E-02
-6.0558960E-01,2.56836E+00,1.26953E-01
-6.0557112E-01,2.50977E+00,6.83594E-02
-6.0555264E-01,2.58789E+00,9.76562E-03
-6.0553416E-01,2.49023E+00,6.83594E-02
-6.0551568E-01,2.45117E+00,6.83594E-02
-6.0549720E-01,2.45117E+00,1.26953E-01
-6.0547872E-01,2.45117E+00,4.88281E-02
-6.0546024E-01,2.47070E+00,6.83594E-02
-6.0544176E-01,2.60742E+00,4.88281E-02
-6.0542328E-01,2.56836E+00,8.78906E-02
-6.0540480E-01,2.49023E+00,8.78906E-02
-6.0538632E-01,2.49023E+00,8.78906E-02
-6.0536784E-01,2.56836E+00,6.83594E-02
-6.0534936E-01,2.54883E+00,6.83594E-02
-6.0533088E-01,2.50977E+00,2.92969E-02
-6.0531240E-01,2.49023E+00,6.83594E-02
-6.0529392E-01,2.50977E+00,8.78906E-02
-6.0527544E-01,2.56836E+00,6.83594E-02
-6.0525696E-01,2.50977E+00,4.88281E-02
-6.0523848E-01,2.50977E+00,1.85547E-01
-6.0522000E-01,2.50977E+00,1.26953E-01
-6.0520152E-01,2.50977E+00,1.26953E-01
-6.0518304E-01,2.56836E+00,6.83594E-02
-6.0516456E-01,2.45117E+00,1.46484E-01
-6.0514608E-01,2.56836E+00,6.83594E-02
-6.0512760E-01,2.54883E+00,1.26953E-01
-6.0510912E-01,2.54883E+00,8.78906E-02
-6.0509064E-01,2.54883E+00,6.83594E-02
-6.0507216E-01,2.56836E+00,1.07422E-01
-6.0505368E-01,2.50977E+00,4.88281E-02
-6.0503520E-01,2.54883E+00,9.76562E-03
-6.0501672E-01,2.50977E+00,4.88281E-02
-6.0499824E-01,2.50977E+00,1.26953E-01
-6.0497976E-01,2.50977E+00,1.26953E-01
-6.0496128E-01,2.50977E+00,6.83594E-02
-6.0494280E-01,2.49023E+00,1.26953E-01
-6.0492432E-01,2.50977E+00,2.92969E-02
-6.0490584E-01,2.41211E+00,6.83594E-02
-6.0488736E-01,2.45117E+00,4.88281E-02
-6.0486888E-01,2.52930E+00,4.88281E-02
-6.0485040E-01,2.58789E+00,8.78906E-02
-6.0483192E-01,2.49023E+00,8.78906E-02
-6.0481344E-01,2.52930E+00,6.83594E-02
-6.0479496E-01,2.47070E+00,1.26953E-01
-6.0477648E-01,2.58789E+00,2.92969E-02
-6.0475800E-01,2.49023E+00,1.26953E-01
-6.0473952E-01,2.49023E+00,9.76562E-03
-6.0472104E-01,2.50977E+00,2.92969E-02
-6.0470256E-01,2.54883E+00,8.78906E-02
-6.0468408E-01,2.56836E+00,8.78906E-02
-6.0466560E-01,2.58789E+00,4.88281E-02
-6.0464712E-01,2.49023E+00,6.83594E-02
-6.0462864E-01,2.50977E+00,2.92969E-02
-6.0461016E-01,2.45117E+00,6.83594E-02
-6.0459168E-01,2.50977E+00,4.88281E-02
-6.0457320E-01,2.58789E+00,8.78906E-02
-6.0455472E-01,2.54883E+00,8.78906E-02
-6.0453624E-01,2.49023E+00,1.46484E-01
-6.0451776E-01,2.50977E+00,4.88281E-02
-6.0449928E-01,2.47070E+00,8.78906E-02
-6.0448080E-01,2.50977E+00,8.78906E-02
-6.0446232E-01,2.60742E+00,1.26953E-01
-6.0444384E-01,2.56836E+00,8.78906E-02
-6.0442536E-01,2.50977E+00,8.78906E-02
-6.0440688E-01,2.52930E+00,2.92969E-02
-6.0438840E-01,2.54883E+00,1.46484E-01
-6.0436992E-01,2.50977E+00,-4.88281E-02
-6.0435144E-01,2.50977E+00,6.83594E-02
-6.0433296E-01,2.54883E+00,4.88281E-02
-6.0431448E-01,2.56836E+00,4.88281E-02
-6.0429600E-01,2.58789E+00,6.83594E-02
-6.0427752E-01,2.47070E+00,4.88281E-02
-6.0425904E-01,2.50977E+00,1.07422E-01
-6.0424056E-01,2.54883E+00,6.83594E-02
-6.0422208E-01,2.56836E+00,1.07422E-01
-6.0420360E-01,2.54883E+00,1.46484E-01
-6.0418512E-01,2.50977E+00,1.46484E-01
-6.0416664E-01,2.58789E+00,8.78906E-02
-6.0414816E-01,2.52930E+00,6.83594E-02
-6.0412968E-01,2.52930E+00,8.78906E-02
-6.0411120E-01,2.50977E+00,1.26953E-01
-6.0409272E-01,2.56836E+00,6.83594E-02
-6.0407424E-01,2.56836E+00,1.07422E-01
-6.0405576E-01,2.54883E+00,6.83594E-02
-6.0403728E-01,2.50977E+00,4.88281E-02
-6.0401880E-01,2.56836E+00,6.83594E-02
-6.0400032E-01,2.52930E+00,6.83594E-02
-6.0398184E-01,2.50977E+00,1.07422E-01
-6.0396336E-01,2.50977E+00,4.88281E-02
-6.0394488E-01,2.49023E+00,4.88281E-02
-6.0392640E-01,2.52930E+00,2.92969E-02
-6.0390792E-01,2.50977E+00,1.26953E-01
-6.0388944E-01,2.58789E+00,6.83594E-02
-6.0387096E-01,2.49023E+00,6.83594E-02
-6.0385248E-01,2.50977E+00,2.92969E-02
-6.0383400E-01,2.43164E+00,1.07422E-01
-6.0381552E-01,2.56836E+00,1.07422E-01
-6.0379704E-01,2.50977E+00,1.07422E-01
-6.0377856E-01,2.54883E+00,6.83594E-02
-6.0376008E-01,2.49023E+00,4.88281E-02
-6.0374160E-01,2.54883E+00,1.07422E-01
-6.0372312E-01,2.45117E+00,8.78906E-02
-6.0370464E-01,2.50977E+00,1.66016E-01
-6.0368616E-01,2.49023E+00,1.46484E-01
-6.0366768E-01,2.56836E+00,2.92969E-02
-6.0364920E-01,2.49023E+00,8.78906E-02
-6.0363072E-01,2.45117E+00,6.83594E-02
-6.0361224E-01,2.47070E+00,1.26953E-01
-6.0359376E-01,2.52930E+00,8.78906E-02
-6.0357528E-01,2.52930E+00,1.07422E-01
-6.0355680E-01,2.50977E+00,4.88281E-02
-6.0353832E-01,2.43164E+00,4.88281E-02
-6.0351984E-01,2.54883E+00,1.26953E-01
-6.0350136E-01,2.54883E+00,4.88281E-02
-6.0348288E-01,2.47070E+00,8.78906E-02
-6.0346440E-01,2.49023E+00,6.83594E-02
-6.0344592E-01,2.54883E+00,1.46484E-01
-6.0342744E-01,2.50977E+00,1.46484E-01
-6.0340896E-01,2.49023E+00,6.83594E-02
-6.0339048E-01,2.49023E+00,1.26953E-01
-6.0337200E-01,2.54883E+00,6.83594E-02
-6.0335352E-01,2.49023E+00,6.83594E-02
-6.0333504E-01,2.54883E+00,6.83594E-02
-6.0331656E-01,2.60742E+00,6.83594E-02
-6.0329808E-01,2.58789E+00,1.07422E-01
-6.0327960E-01,2.52930E+00,1.26953E-01
-6.0326112E-01,2.58789E+00,8.78906E-02
-6.0324264E-01,2.50977E+00,1.26953E-01
-6.0322416E-01,2.50977E+00,1.26953E-01
-6.0320568E-01,2.54883E+00,1.26953E-01
-6.0318720E-01,2.52930E+00,1.26953E-01
-6.0316872E-01,2.50977E+00,1.46484E-01
-6.0315024E-01,2.58789E+00,6.83594E-02
-6.0313176E-01,2.50977E+00,1.07422E-01
-6.0311328E-01,2.54883E+00,1.07422E-01
-6.0309480E-01,2.54883E+00,8.78906E-02
-6.0307632E-01,2.52930E+00,2.92969E-02
-6.0305784E-01,2.50977E+00,8.78906E-02
-6.0303936E-01,2.50977E+00,4.88281E-02
-6.0302088E-01,2.54883E+00,6.83594E-02
-6.0300240E-01,2.50977E+00,6.83594E-02
-6.0298392E-01,2.52930E+00,1.46484E-01
-6.0296544E-01,2.50977E+00,6.83594E-02
-6.0294696E-01,2.52930E+00,6.83594E-02
-6.0292848E-01,2.52930E+00,4.88281E-02
-6.0291000E-01,2.52930E+00,1.26953E-01
-6.0289152E-01,2.50977E+00,1.66016E-01
-6.0287304E-01,2.50977E+00,1.26953E-01
-6.0285456E-01,2.50977E+00,1.07422E-01
-6.0283608E-01,2.60742E+00,1.85547E-01
-6.0281760E-01,2.50977E+00,6.83594E-02
-6.0279912E-01,2.49023E+00,8.78906E-02
-6.0278064E-01,2.56836E+00,6.83594E-02
-6.0276216E-01,2.52930E+00,6.83594E-02
-6.0274368E-01,2.58789E+00,1.46484E-01
-6.0272520E-01,2.52930E+00,8.78906E-02
-6.0270672E-01,2.47070E+00,2.92969E-02
-6.0268824E-01,2.45117E+00,1.46484E-01
-6.0266976E-01,2.52930E+00,2.92969E-02
-6.0265128E-01,2.50977E+00,1.46484E-01
-6.0263280E-01,2.50977E+00,6.83594E-02
-6.0261432E-01,2.56836E+00,1.85547E-01
-6.0259584E-01,2.52930E+00,1.07422E-01
-6.0257736E-01,2.54883E+00,1.85547E-01
-6.0255888E-01,2.52930E+00,1.26953E-01
-6.0254040E-01,2.45117E+00,1.07422E-01
-6.0252192E-01,2.50977E+00,1.07422E-01
-6.0250344E-01,2.50977E+00,2.92969E-02
-6.0248496E-01,2.50977E+00,1.07422E-01
-6.0246648E-01,2.49023E+00,1.07422E-01
-6.0244800E-01,2.50977E+00,4.88281E-02
-6.0242952E-01,2.52930E+00,1.07422E-01
-6.0241104E-01,2.49023E+00,1.26953E-01
-6.0239256E-01,2.47070E+00,8.78906E-02
-6.0237408E-01,2.54883E+00,8.78906E-02
-6.0235560E-01,2.49023E+00,8.78906E-02
-6.0233712E-01,2.52930E+00,1.26953E-01
-6.0231864E-01,2.47070E+00,1.46484E-01
-6.0230016E-01,2.49023E+00,8.78906E-02
-6.0228168E-01,2.49023E+00,1.26953E-01
-6.0226320E-01,2.45117E+00,4.88281E-02
-6.0224472E-01,2.50977E+00,6.83594E-02
-6.0222624E-01,2.56836E+00,6.83594E-02
-6.0220776E-01,2.54883E+00,1.26953E-01
-6.0218928E-01,2.56836E+00,1.07422E-01
-6.0217080E-01,2.54883E+00,1.07422E-01
-6.0215232E-01,2.58789E+00,1.07422E-01
-6.0213384E-01,2.49023E+00,1.66016E-01
-6.0211536E-01,2.56836E+00,1.07422E-01
-6.0209688E-01,2.50977E+00,1.07422E-01
-6.0207840E-01,2.54883E+00,1.26953E-01
-6.0205992E-01,2.56836E+00,1.66016E-01
-6.0204144E-01,2.60742E+00,1.26953E-01
-6.0202296E-01,2.50977E+00,1.26953E-01
-6.0200448E-01,2.56836E+00,8.78906E-02
-6.0198600E-01,2.47070E+00,1.07422E-01
-6.0196752E-01,2.47070E+00,1.26953E-01
-6.0194904E-01,2.45117E+00,1.46484E-01
-6.0193056E-01,2.49023E+00,1.26953E-01
-6.0191208E-01,2.50977E+00,8.78906E-02
-6.0189360E-01,2.52930E+00,8.78906E-02
-6.0187512E-01,2.56836E+00,1.66016E-01
-6.0185664E-01,2.52930E+00,1.26953E-01
-6.0183816E-01,2.47070E+00,8.78906E-02
-6.0181968E-01,2.54883E+00,8.78906E-02
-6.0180120E-01,2.54883E+00,1.07422E-01
-6.0178272E-01,2.52930E+00,8.78906E-02
-6.0176424E-01,2.58789E+00,1.46484E-01
-6.0174576E-01,2.60742E+00,8.78906E-02
-6.0172728E-01,2.52930E+00,1.07422E-01
-6.0170880E-01,2.58789E+00,4.88281E-02
-6.0169032E-01,2.52930E+00,1.66016E-01
-6.0167184E-01,2.56836E+00,1.07422E-01
-6.0165336E-01,2.50977E+00,1.85547E-01
-6.0163488E-01,2.60742E+00,8.78906E-02
-6.0161640E-01,2.54883E+00,1.26953E-01
-6.0159792E-01,2.58789E+00,1.07422E-01
-6.0157944E-01,2.52930E+00,8.78906E-02
-6.0156096E-01,2.56836E+00,8.78906E-02
-6.0154248E-01,2.50977E+00,6.83594E-02
-6.0152400E-01,2.49023E+00,1.46484E-01
-6.0150552E-01,2.54883E+00,1.85547E-01
-6.0148704E-01,2.54883E+00,6.83594E-02
-6.0146856E-01,2.56836E+00,1.46484E-01
-6.0145008E-01,2.50977E+00,1.26953E-01
-6.0143160E-01,2.52930E+00,1.07422E-01
-6.0141312E-01,2.56836E+00,1.26953E-01
-6.0139464E-01,2.49023E+00,1.46484E-01
-6.0137616E-01,2.56836E+00,1.46484E-01
-6.0135768E-01,2.60742E+00,1.46484E-01
-6.0133920E-01,2.58789E+00,1.46484E-01
-6.0132072E-01,2.50977E+00,1.26953E-01
-6.0130224E-01,2.50977E+00,8.78906E-02
-6.0128376E-01,2.50977E+00,1.66016E-01
-6.0126528E-01,2.54883E+00,1.26953E-01
-6.0124680E-01,2.54883E+00,1.26953E-01
-6.0122832E-01,2.54883E+00,8.78906E-02
-6.0120984E-01,2.45117E+00,1.66016E-01
-6.0119136E-01,2.60742E+00,1.07422E-01
-6.0117288E-01,2.47070E+00,8.78906E-02
-6.0115440E-01,2.54883E+00,1.46484E-01
-6.0113592E-01,2.49023E+00,6.83594E-02
-6.0111744E-01,2.64648E+00,1.07422E-01
-6.0109896E-01,2.56836E+00,1.26953E-01
-6.0108048E-01,2.60742E+00,4.88281E-02
-6.0106200E-01,2.50977E+00,1.46484E-01
-6.0104352E-01,2.52930E+00,1.46484E-01
-6.0102504E-01,2.49023E+00,1.85547E-01
-6.0100656E-01,2.60742E+00,1.26953E-01
-6.0098808E-01,2.50977E+00,1.26953E-01
-6.0096960E-01,2.58789E+00,1.46484E-01
-6.0095112E-01,2.56836E+00,1.66016E-01
-6.0093264E-01,2.50977E+00,1.46484E-01
-6.0091416E-01,2.62695E+00,1.66016E-01
-6.0089568E-01,2.60742E+00,1.66016E-01
-6.0087720E-01,2.52930E+00,1.46484E-01
-6.0085872E-01,2.56836E+00,1.46484E-01
-6.0084024E-01,2.49023E+00,1.07422E-01
-6.0082176E-01,2.58789E+00,1.66016E-01
-6.0080328E-01,2.49023E+00,1.26953E-01
-6.0078480E-01,2.50977E+00,1.66016E-01
-6.0076632E-01,2.50977E+00,1.85547E-01
-6.0074784E-01,2.60742E+00,1.07422E-01
-6.0072936E-01,2.49023E+00,1.85547E-01
-6.0071088E-01,2.50977E+00,2.05078E-01
-6.0069240E-01,2.56836E+00,1.26953E-01
-6.0067392E-01,2.50977E+00,1.46484E-01
-6.0065544E-01,2.52930E+00,2.05078E-01
-6.0063696E-01,2.56836E+00,1.46484E-01
-6.0061848E-01,2.50977E+00,8.78906E-02
-6.0060000E-01,2.58789E+00,1.46484E-01
-6.0058152E-01,2.52930E+00,1.46484E-01
-6.0056304E-01,2.50977E+00,6.83594E-02
-6.0054456E-01,2.49023E+00,1.66016E-01
-6.0052608E-01,2.50977E+00,1.26953E-01
-6.0050760E-01,2.52930E+00,1.46484E-01
-6.0048912E-01,2.58789E+00,1.07422E-01
-6.0047064E-01,2.52930E+00,1.07422E-01
-6.0045216E-01,2.58789E+00,1.26953E-01
-6.0043368E-01,2.49023E+00,1.26953E-01
-6.0041520E-01,2.50977E+00,8.78906E-02
-6.0039672E-01,2.45117E+00,1.07422E-01
-6.0037824E-01,2.56836E+00,1.66016E-01
-6.0035976E-01,2.50977E+00,6.83594E-02
-6.0034128E-01,2.54883E+00,1.07422E-01
-6.0032280E-01,2.50977E+00,1.66016E-01
-6.0030432E-01,2.50977E+00,1.26953E-01
-6.0028584E-01,2.50977E+00,1.07422E-01
-6.0026736E-01,2.56836E+00,2.05078E-01
-6.0024888E-01,2.56836E+00,1.46484E-01
-6.0023040E-01,2.58789E+00,1.46484E-01
-6.0021192E-01,2.49023E+00,1.85547E-01
-6.0019344E-01,2.50977E+00,1.46484E-01
-6.0017496E-01,2.54883E+00,1.66016E-01
-6.0015648E-01,2.54883E+00,1.26953E-01
-6.0013800E-01,2.56836E+00,1.85547E-01
-6.0011952E-01,2.56836E+00,1.46484E-01
-6.0010104E-01,2.47070E+00,1.46484E-01
-6.0008256E-01,2.62695E+00,6.83594E-02
-6.0006408E-01,2.50977E+00,6.83594E-02
-6.0004560E-01,2.50977E+00,1.66016E-01
-6.0002712E-01,2.49023E+00,1.46484E-01
-6.0000864E-01,2.54883E+00,1.46484E-01
-5.9999016E-01,2.54883E+00,1.66016E-01
-5.9997168E-01,2.56836E+00,1.46484E-01
-5.9995320E-01,2.50977E+00,1.66016E-01
-5.9993472E-01,2.58789E+00,2.92969E-02
-5.9991624E-01,2.50977E+00,2.24609E-01
-5.9989776E-01,2.56836E+00,1.85547E-01
-5.9987928E-01,2.52930E+00,1.26953E-01
-5.9986080E-01,2.50977E+00,1.66016E-01
-5.9984232E-01,2.49023E+00,1.26953E-01
-5.9982384E-01,2.54883E+00,1.85547E-01
-5.9980536E-01,2.56836E+00,1.85547E-01
-5.9978688E-01,2.58789E+00,1.66016E-01
-5.9976840E-01,2.56836E+00,1.66016E-01
-5.9974992E-01,2.60742E+00,1.85547E-01
-5.9973144E-01,2.56836E+00,1.46484E-01
-5.9971296E-01,2.50977E+00,1.26953E-01
-5.9969448E-01,2.47070E+00,1.66016E-01
-5.9967600E-01,2.56836E+00,1.66016E-01
-5.9965752E-01,2.52930E+00,1.26953E-01
-5.9963904E-01,2.56836E+00,2.05078E-01
-5.9962056E-01,2.49023E+00,1.66016E-01
-5.9960208E-01,2.54883E+00,1.26953E-01
-5.9958360E-01,2.54883E+00,1.26953E-01
-5.9956512E-01,2.58789E+00,1.46484E-01
-5.9954664E-01,2.49023E+00,1.46484E-01
-5.9952816E-01,2.52930E+00,1.46484E-01
-5.9950968E-01,2.49023E+00,1.46484E-01
-5.9949120E-01,2.60742E+00,1.07422E-01
-5.9947272E-01,2.52930E+00,1.85547E-01
-5.9945424E-01,2.50977E+00,1.46484E-01
-5.9943576E-01,2.62695E+00,1.66016E-01
-5.9941728E-01,2.56836E+00,1.66016E-01
-5.9939880E-01,2.50977E+00,1.46484E-01
-5.9938032E-01,2.52930E+00,1.66016E-01
-5.9936184E-01,2.52930E+00,1.85547E-01
-5.9934336E-01,2.50977E+00,1.07422E-01
-5.9932488E-01,2.54883E+00,1.85547E-01
-5.9930640E-01,2.52930E+00,1.26953E-01
-5.9928792E-01,2.50977E+00,1.66016E-01
-5.9926944E-01,2.56836E+00,1.85547E-01
-5.9925096E-01,2.45117E+00,1.66016E-01
-5.9923248E-01,2.58789E+00,1.66016E-01
-5.9921400E-01,2.49023E+00,1.46484E-01
-5.9919552E-01,2.54883E+00,1.46484E-01
-5.9917704E-01,2.52930E+00,1.26953E-01
-5.9915856E-01,2.58789E+00,1.66016E-01
-5.9914008E-01,2.52930E+00,1.46484E-01
-5.9912160E-01,2.54883E+00,1.85547E-01
-5.9910312E-01,2.54883E+00,1.66016E-01
-5.9908464E-01,2.52930E+00,1.26953E-01
-5.9906616E-01,2.45117E+00,1.66016E-01
-5.9904768E-01,2.49023E+00,2.05078E-01
-5.9902920E-01,2.56836E+00,1.07422E-01
-5.9901072E-01,2.58789E+00,1.85547E-01
-5.9899224E-01,2.52930E+00,2.44141E-01
-5.9897376E-01,2.58789E+00,2.05078E-01
-5.9895528E-01,2.56836E+00,1.46484E-01
-5.9893680E-01,2.56836E+00,1.85547E-01
-5.9891832E-01,2.52930E+00,1.85547E-01
-5.9889984E-01,2.56836E+00,1.85547E-01
-5.9888136E-01,2.49023E+00,2.05078E-01
-5.9886288E-01,2.52930E+00,1.46484E-01
-5.9884440E-01,2.52930E+00,1.66016E-01
-5.9882592E-01,2.50977E+00,1.46484E-01
-5.9880744E-01,2.50977E+00,1.85547E-01
-5.9878896E-01,2.62695E+00,1.66016E-01
-5.9877048E-01,2.45117E+00,1.26953E-01
-5.9875200E-01,2.50977E+00,1.07422E-01
-5.9873352E-01,2.50977E+00,2.05078E-01
-5.9871504E-01,2.52930E+00,1.66016E-01
-5.9869656E-01,2.54883E+00,1.07422E-01
-5.9867808E-01,2.50977E+00,1.07422E-01
-5.9865960E-01,2.50977E+00,1.26953E-01
-5.9864112E-01,2.58789E+00,1.26953E-01
-5.9862264E-01,2.47070E+00,1.66016E-01
-5.9860416E-01,2.50977E+00,1.85547E-01
-5.9858568E-01,2.52930E+00,1.66016E-01
-5.9856720E-01,2.58789E+00,2.05078E-01
-5.9854872E-01,2.54883E+00,2.24609E-01
-5.9853024E-01,2.50977E+00,2.05078E-01
-5.9851176E-01,2.52930E+00,1.85547E-01
-5.9849328E-01,2.56836E+00,1.85547E-01
-5.9847480E-01,2.54883E+00,1.85547E-01
-5.9845632E-01,2.58789E+00,1.85547E-01
-5.9843784E-01,2.54883E+00,1.26953E-01
-5.9841936E-01,2.49023E+00,1.46484E-01
-5.9840088E-01,2.49023E+00,1.66016E-01
-5.9838240E-01,2.52930E+00,2.05078E-01
-5.9836392E-01,2.50977E+00,2.63672E-01
-5.9834544E-01,2.50977E+00,1.66016E-01
-5.9832696E-01,2.50977E+00,1.66016E-01
-5.9830848E-01,2.50977E+00,1.66016E-01
-5.9829000E-01,2.54883E+00,1.46484E-01
-5.9827152E-01,2.58789E+00,1.66016E-01
-5.9825304E-01,2.50977E+00,1.46484E-01
-5.9823456E-01,2.52930E+00,1.46484E-01
-5.9821608E-01,2.50977E+00,1.85547E-01
-5.9819760E-01,2.60742E+00,1.26953E-01
-5.9817912E-01,2.54883E+00,2.05078E-01
-5.9816064E-01,2.58789E+00,1.26953E-01
-5.9814216E-01,2.50977E+00,1.07422E-01
-5.9812368E-01,2.52930E+00,1.46484E-01
-5.9810520E-01,2.50977E+00,1.85547E-01
-5.9808672E-01,2.56836E+00,1.46484E-01
-5.9806824E-01,2.50977E+00,1.66016E-01
-5.9804976E-01,2.56836E+00,1.66016E-01
-5.9803128E-01,2.43164E+00,2.24609E-01
-5.9801280E-01,2.56836E+00,1.66016E-01
-5.9799432E-01,2.50977E+00,1.85547E-01
-5.9797584E-01,2.56836E+00,1.66016E-01
-5.9795736E-01,2.60742E+00,2.05078E-01
-5.9793888E-01,2.62695E+00,1.66016E-01
-5.9792040E-01,2.56836E+00,2.05078E-01
-5.9790192E-01,2.52930E+00,1.85547E-01
-5.9788344E-01,2.56836E+00,2.24609E-01
-5.9786496E-01,2.50977E+00,1.26953E-01
-5.9784648E-01,2.52930E+00,1.46484E-01
-5.9782800E-01,2.58789E+00,2.05078E-01
-5.9780952E-01,2.50977E+00,1.26953E-01
-5.9779104E-01,2.56836E+00,2.44141E-01
-5.9777256E-01,2.52930E+00,1.85547E-01
-5.9775408E-01,2.56836E+00,1.07422E-01
-5.9773560E-01,2.54883E+00,2.44141E-01
-5.9771712E-01,2.49023E+00,1.85547E-01
-5.9769864E-01,2.52930E+00,1.85547E-01
-5.9768016E-01,2.56836E+00,1.85547E-01
-5.9766168E-01,2.52930E+00,2.05078E-01
-5.9764320E-01,2.56836E+00,1.46484E-01
-5.9762472E-01,2.45117E+00,1.66016E-01
-5.9760624E-01,2.60742E+00,1.66016E-01
-5.9758776E-01,2.52930E+00,1.46484E-01
-5.9756928E-01,2.60742E+00,1.46484E-01
-5.9755080E-01,2.52930E+00,1.66016E-01
-5.9753232E-01,2.62695E+00,1.26953E-01
-5.9751384E-01,2.49023E+00,1.66016E-01
-5.9749536E-01,2.56836E+00,2.05078E-01
-5.9747688E-01,2.54883E+00,2.24609E-01
-5.9745840E-01,2.56836E+00,2.05078E-01
-5.9743992E-01,2.58789E+00,2.44141E-01
-5.9742144E-01,2.56836E+00,1.46484E-01
-5.9740296E-01,2.60742E+00,2.05078E-01
-5.9738448E-01,2.52930E+00,2.24609E-01
-5.9736600E-01,2.60742E+00,1.66016E-01
-5.9734752E-01,2.54883E+00,2.05078E-01
-5.9732904E-01,2.52930E+00,2.05078E-01
-5.9731056E-01,2.56836E+00,1.26953E-01
-5.9729208E-01,2.54883E+00,1.66016E-01
-5.9727360E-01,2.54883E+00,1.66016E-01
-5.9725512E-01,2.49023E+00,1.66016E-01
-5.9723664E-01,2.54883E+00,2.05078E-01
-5.9721816E-01,2.52930E+00,2.24609E-01
-5.9719968E-01,2.56836E+00,2.05078E-01
-5.9718120E-01,2.62695E+00,2.24609E-01
-5.9716272E-01,2.56836E+00,1.66016E-01
-5.9714424E-01,2.49023E+00,1.66016E-01
-5.9712576E-01,2.56836E+00,1.66016E-01
-5.9710728E-01,2.58789E+00,2.05078E-01
-5.9708880E-01,2.58789E+00,1.26953E-01
-5.9707032E-01,2.56836E+00,1.85547E-01
-5.9705184E-01,2.62695E+00,2.63672E-01
-5.9703336E-01,2.50977E+00,1.66016E-01
-5.9701488E-01,2.64648E+00,1.85547E-01
-5.9699640E-01,2.58789E+00,1.66016E-01
-5.9697792E-01,2.56836E+00,1.66016E-01
-5.9695944E-01,2.50977E+00,2.24609E-01
-5.9694096E-01,2.56836E+00,2.05078E-01
-5.9692248E-01,2.52930E+00,2.05078E-01
-5.9690400E-01,2.58789E+00,1.66016E-01
-5.9688552E-01,2.52930E+00,1.85547E-01
-5.9686704E-01,2.56836E+00,2.05078E-01
-5.9684856E-01,2.62695E+00,2.05078E-01
-5.9683008E-01,2.56836E+00,1.66016E-01
-5.9681160E-01,2.47070E+00,1.85547E-01
-5.9679312E-01,2.50977E+00,2.05078E-01
-5.9677464E-01,2.56836E+00,2.05078E-01
-5.9675616E-01,2.47070E+00,1.66016E-01
-5.9673768E-01,2.50977E+00,2.05078E-01
-5.9671920E-01,2.54883E+00,1.26953E-01
-5.9670072E-01,2.56836E+00,1.66016E-01
-5.9668224E-01,2.54883E+00,1.66016E-01
-5.9666376E-01,2.54883E+00,1.66016E-01
-5.9664528E-01,2.58789E+00,2.05078E-01
-5.9662680E-01,2.45117E+00,2.05078E-01
-5.9660832E-01,2.58789E+00,1.85547E-01
-5.9658984E-01,2.56836E+00,2.05078E-01
-5.9657136E-01,2.60742E+00,1.66016E-01
-5.9655288E-01,2.54883E+00,2.05078E-01
-5.9653440E-01,2.50977E+00,2.05078E-01
-5.9651592E-01,2.60742E+00,1.46484E-01
-5.9649744E-01,2.56836E+00,2.63672E-01
-5.9647896E-01,2.49023E+00,2.24609E-01
-5.9646048E-01,2.54883E+00,2.05078E-01
-5.9644200E-01,2.56836E+00,2.05078E-01
-5.9642352E-01,2.52930E+00,2.05078E-01
-5.9640504E-01,2.49023E+00,2.24609E-01
-5.9638656E-01,2.56836E+00,2.05078E-01
-5.9636808E-01,2.54883E+00,2.24609E-01
-5.9634960E-01,2.58789E+00,1.85547E-01
-5.9633112E-01,2.50977E+00,2.44141E-01
-5.9631264E-01,2.50977E+00,2.05078E-01
-5.9629416E-01,2.47070E+00,1.85547E-01
-5.9627568E-01,2.50977E+00,1.66016E-01
-5.9625720E-01,2.56836E+00,8.78906E-02
-5.9623872E-01,2.56836E+00,1.85547E-01
-5.9622024E-01,2.52930E+00,2.05078E-01
-5.9620176E-01,2.56836E+00,1.46484E-01
-5.9618328E-01,2.50977E+00,1.85547E-01
-5.9616480E-01,2.54883E+00,2.05078E-01
-5.9614632E-01,2.56836E+00,2.44141E-01
-5.9612784E-01,2.58789E+00,2.05078E-01
-5.9610936E-01,2.56836E+00,2.05078E-01
-5.9609088E-01,2.56836E+00,1.46484E-01
-5.9607240E-01,2.49023E+00,1.46484E-01
-5.9605392E-01,2.62695E+00,2.44141E-01
-5.9603544E-01,2.50977E+00,1.85547E-01
-5.9601696E-01,2.60742E+00,1.66016E-01
-5.9599848E-01,2.54883E+00,2.05078E-01
-5.9598000E-01,2.50977E+00,1.66016E-01
-5.9596152E-01,2.56836E+00,1.66016E-01
-5.9594304E-01,2.54883E+00,1.85547E-01
-5.9592456E-01,2.45117E+00,2.05078E-01
-5.9590608E-01,2.50977E+00,2.05078E-01
-5.9588760E-01,2.56836E+00,1.26953E-01
-5.9586912E-01,2.50977E+00,1.85547E-01
-5.9585064E-01,2.45117E+00,2.05078E-01
-5.9583216E-01,2.52930E+00,2.63672E-01
-5.9581368E-01,2.56836E+00,2.44141E-01
-5.9579520E-01,2.58789E+00,1.85547E-01
-5.9577672E-01,2.60742E+00,2.24609E-01
-5.9575824E-01,2.56836E+00,1.66016E-01
-5.9573976E-01,2.54883E+00,2.05078E-01
-5.9572128E-01,2.60742E+00,1.66016E-01
-5.9570280E-01,2.56836E+00,2.05078E-01
-5.9568432E-01,2.54883E+00,1.85547E-01
-5.9566584E-01,2.54883E+00,2.05078E-01
-5.9564736E-01,2.49023E+00,1.85547E-01
-5.9562888E-01,2.56836E+00,2.24609E-01
-5.9561040E-01,2.50977E+00,1.85547E-01
-5.9559192E-01,2.54883E+00,2.05078E-01
-5.9557344E-01,2.56836E+00,2.44141E-01
-5.9555496E-01,2.58789E+00,2.05078E-01
-5.9553648E-01,2.58789E+00,1.66016E-01
-5.9551800E-01,2.56836E+00,2.05078E-01
-5.9549952E-01,2.52930E+00,1.85547E-01
-5.9548104E-01,2.54883E+00,1.85547E-01
-5.9546256E-01,2.62695E+00,2.05078E-01
-5.9544408E-01,2.56836E+00,2.24609E-01
-5.9542560E-01,2.50977E+00,1.85547E-01
-5.9540712E-01,2.60742E+00,2.05078E-01
-5.9538864E-01,2.62695E+00,2.44141E-01
-5.9537016E-01,2.56836E+00,2.44141E-01
-5.9535168E-01,2.60742E+00,2.05078E-01
-5.9533320E-01,2.49023E+00,1.66016E-01
-5.9531472E-01,2.56836E+00,1.66016E-01
-5.9529624E-01,2.52930E+00,1.85547E-01
-5.9527776E-01,2.60742E+00,2.63672E-01
-5.9525928E-01,2.54883E+00,2.44141E-01
-5.9524080E-01,2.54883E+00,2.24609E-01
-5.9522232E-01,2.52930E+00,2.05078E-01
-5.9520384E-01,2.60742E+00,2.63672E-01
-5.9518536E-01,2.50977E+00,2.83203E-01
-5.9516688E-01,2.64648E+00,1.66016E-01
-5.9514840E-01,2.58789E+00,1.85547E-01
-5.9512992E-01,2.60742E+00,2.63672E-01
-5.9511144E-01,2.50977E+00,2.24609E-01
-5.9509296E-01,2.54883E+00,2.05078E-01
-5.9507448E-01,2.56836E+00,2.24609E-01
-5.9505600E-01,2.56836E+00,2.24609E-01
-5.9503752E-01,2.50977E+00,2.44141E-01
-5.9501904E-01,2.56836E+00,2.63672E-01
-5.9500056E-01,2.56836E+00,2.05078E-01
-5.9498208E-01,2.64648E+00,1.85547E-01
-5.9496360E-01,2.47070E+00,1.85547E-01
-5.9494512E-01,2.64648E+00,2.63672E-01
-5.9492664E-01,2.54883E+00,1.46484E-01
-5.9490816E-01,2.60742E+00,1.46484E-01
-5.9488968E-01,2.54883E+00,2.24609E-01
-5.9487120E-01,2.56836E+00,1.85547E-01
-5.9485272E-01,2.56836E+00,2.05078E-01
-5.9483424E-01,2.50977E+00,2.05078E-01
-5.9481576E-01,2.54883E+00,2.05078E-01
-5.9479728E-01,2.54883E+00,1.85547E-01
-5.9477880E-01,2.54883E+00,1.85547E-01
-5.9476032E-01,2.56836E+00,2.05078E-01
-5.9474184E-01,2.54883E+00,2.63672E-01
-5.9472336E-01,2.54883E+00,1.85547E-01
-5.9470488E-01,2.56836E+00,1.66016E-01
-5.9468640E-01,2.62695E+00,1.85547E-01
-5.9466792E-01,2.60742E+00,2.63672E-01
-5.9464944E-01,2.52930E+00,2.63672E-01
-5.9463096E-01,2.62695E+00,2.24609E-01
-5.9461248E-01,2.62695E+00,2.63672E-01
-5.9459400E-01,2.58789E+00,2.05078E-01
-5.9457552E-01,2.50977E+00,1.85547E-01
-5.9455704E-01,2.52930E+00,2.05078E-01
-5.9453856E-01,2.54883E+00,2.05078E-01
-5.9452008E-01,2.50977E+00,2.44141E-01
-5.9450160E-01,2.56836E+00,1.85547E-01
-5.9448312E-01,2.47070E+00,2.24609E-01
-5.9446464E-01,2.58789E+00,2.63672E-01
-5.9444616E-01,2.58789E+00,2.05078E-01
-5.9442768E-01,2.54883E+00,2.44141E-01
-5.9440920E-01,2.60742E+00,2.24609E-01
-5.9439072E-01,2.62695E+00,2.05078E-01
-5.9437224E-01,2.60742E+00,2.63672E-01
-5.9435376E-01,2.54883E+00,2.05078E-01
-5.9433528E-01,2.50977E+00,2.24609E-01
-5.9431680E-01,2.56836E+00,2.24609E-01
-5.9429832E-01,2.52930E+00,1.85547E-01
-5.9427984E-01,2.58789E+00,2.24609E-01
-5.9426136E-01,2.54883E+00,1.85547E-01
-5.9424288E-01,2.52930E+00,1.85547E-01
-5.9422440E-01,2.56836E+00,2.24609E-01
-5.9420592E-01,2.60742E+00,1.85547E-01
-5.9418744E-01,2.56836E+00,2.05078E-01
-5.9416896E-01,2.52930E+00,2.24609E-01
-5.9415048E-01,2.58789E+00,2.05078E-01
-5.9413200E-01,2.64648E+00,2.05078E-01
-5.9411352E-01,2.54883E+00,2.24609E-01
-5.9409504E-01,2.60742E+00,1.85547E-01
-5.9407656E-01,2.60742E+00,2.24609E-01
-5.9405808E-01,2.56836E+00,2.63672E-01
-5.9403960E-01,2.64648E+00,2.05078E-01
-5.9402112E-01,2.54883E+00,2.63672E-01
-5.9400264E-01,2.45117E+00,2.44141E-01
-5.9398416E-01,2.56836E+00,2.63672E-01
-5.9396568E-01,2.62695E+00,2.83203E-01
-5.9394720E-01,2.58789E+00,2.05078E-01
-5.9392872E-01,2.56836E+00,2.63672E-01
-5.9391024E-01,2.58789E+00,2.44141E-01
-5.9389176E-01,2.56836E+00,2.24609E-01
-5.9387328E-01,2.64648E+00,2.44141E-01
-5.9385480E-01,2.54883E+00,2.24609E-01
-5.9383632E-01,2.56836E+00,2.05078E-01
-5.9381784E-01,2.56836E+00,2.24609E-01
-5.9379936E-01,2.56836E+00,2.05078E-01
-5.9378088E-01,2.56836E+00,2.24609E-01
-5.9376240E-01,2.58789E+00,2.83203E-01
-5.9374392E-01,2.56836E+00,2.83203E-01
-5.9372544E-01,2.56836E+00,2.44141E-01
-5.9370696E-01,2.54883E+00,2.63672E-01
-5.9368848E-01,2.54883E+00,2.24609E-01
-5.9367000E-01,2.54883E+00,2.63672E-01
-5.9365152E-01,2.64648E+00,2.05078E-01
-5.9363304E-01,2.52930E+00,2.05078E-01
-5.9361456E-01,2.56836E+00,2.63672E-01
-5.9359608E-01,2.52930E+00,2.05078E-01
-5.9357760E-01,2.54883E+00,1.07422E-01
-5.9355912E-01,2.49023E+00,2.63672E-01
-5.9354064E-01,2.58789E+00,2.05078E-01
-5.9352216E-01,2.54883E+00,2.63672E-01
-5.9350368E-01,2.52930E+00,2.44141E-01
-5.9348520E-01,2.56836E+00,2.24609E-01
-5.9346672E-01,2.52930E+00,3.22266E-01
-5.9344824E-01,2.56836E+00,2.44141E-01
-5.9342976E-01,2.56836E+00,2.05078E-01
-5.9341128E-01,2.50977E+00,2.63672E-01
-5.9339280E-01,2.52930E+00,2.24609E-01
-5.9337432E-01,2.58789E+00,2.05078E-01
-5.9335584E-01,2.54883E+00,2.05078E-01
-5.9333736E-01,2.50977E+00,2.63672E-01
-5.9331888E-01,2.56836E+00,2.63672E-01
-5.9330040E-01,2.56836E+00,2.24609E-01
-5.9328192E-01,2.58789E+00,2.05078E-01
-5.9326344E-01,2.60742E+00,2.83203E-01
-5.9324496E-01,2.54883E+00,2.83203E-01
-5.9322648E-01,2.54883E+00,2.44141E-01
-5.9320800E-01,2.60742E+00,2.05078E-01
-5.9318952E-01,2.56836E+00,2.83203E-01
-5.9317104E-01,2.56836E+00,2.83203E-01
-5.9315256E-01,2.47070E+00,2.44141E-01
-5.9313408E-01,2.54883E+00,2.24609E-01
-5.9311560E-01,2.50977E+00,2.05078E-01
-5.9309712E-01,2.50977E+00,2.05078E-01
-5.9307864E-01,2.56836E+00,2.44141E-01
-5.9306016E-01,2.56836E+00,2.44141E-01
-5.9304168E-01,2.58789E+00,2.63672E-01
-5.9302320E-01,2.50977E+00,2.05078E-01
-5.9300472E-01,2.54883E+00,2.63672E-01
-5.9298624E-01,2.50977E+00,2.05078E-01
-5.9296776E-01,2.58789E+00,2.83203E-01
-5.9294928E-01,2.62695E+00,2.05078E-01
-5.9293080E-01,2.49023E+00,2.63672E-01
-5.9291232E-01,2.56836E+00,2.63672E-01
-5.9289384E-01,2.60742E+00,2.44141E-01
-5.9287536E-01,2.64648E+00,2.05078E-01
-5.9285688E-01,2.54883E+00,2.83203E-01
-5.9283840E-01,2.60742E+00,2.63672E-01
-5.9281992E-01,2.56836E+00,2.24609E-01
-5.9280144E-01,2.58789E+00,2.83203E-01
-5.9278296E-01,2.54883E+00,2.83203E-01
-5.9276448E-01,2.56836E+00,1.66016E-01
-5.9274600E-01,2.58789E+00,2.63672E-01
-5.9272752E-01,2.56836E+00,2.05078E-01
-5.9270904E-01,2.54883E+00,2.44141E-01
-5.9269056E-01,2.58789E+00,2.05078E-01
-5.9267208E-01,2.49023E+00,3.22266E-01
-5.9265360E-01,2.54883E+00,2.24609E-01
-5.9263512E-01,2.54883E+00,2.24609E-01
-5.9261664E-01,2.60742E+00,2.05078E-01
-5.9259816E-01,2.50977E+00,2.24609E-01
-5.9257968E-01,2.56836E+00,2.83203E-01
-5.9256120E-01,2.56836E+00,2.44141E-01
-5.9254272E-01,2.62695E+00,2.83203E-01
-5.9252424E-01,2.52930E+00,2.24609E-01
-5.9250576E-01,2.56836E+00,2.63672E-01
-5.9248728E-01,2.54883E+00,2.44141E-01
-5.9246880E-01,2.60742E+00,2.24609E-01
-5.9245032E-01,2.60742E+00,2.83203E-01
-5.9243184E-01,2.56836E+00,2.44141E-01
-5.9241336E-01,2.49023E+00,2.44141E-01
-5.9239488E-01,2.56836E+00,2.63672E-01
-5.9237640E-01,2.54883E+00,2.44141E-01
-5.9235792E-01,2.56836E+00,2.05078E-01
-5.9233944E-01,2.54883E+00,2.24609E-01
-5.9232096E-01,2.58789E+00,2.83203E-01
-5.9230248E-01,2.56836E+00,2.83203E-01
-5.9228400E-01,2.54883E+00,2.63672E-01
-5.9226552E-01,2.62695E+00,2.63672E-01
-5.9224704E-01,2.56836E+00,1.85547E-01
-5.9222856E-01,2.62695E+00,2.44141E-01
-5.9221008E-01,2.62695E+00,2.44141E-01
-5.9219160E-01,2.52930E+00,2.05078E-01
-5.9217312E-01,2.62695E+00,2.63672E-01
-5.9215464E-01,2.52930E+00,2.44141E-01
-5.9213616E-01,2.54883E+00,2.63672E-01
-5.9211768E-01,2.50977E+00,2.63672E-01
-5.9209920E-01,2.58789E+00,2.05078E-01
-5.9208072E-01,2.56836E+00,3.02734E-01
-5.9206224E-01,2.56836E+00,2.44141E-01
-5.9204376E-01,2.56836E+00,3.02734E-01
-5.9202528E-01,2.62695E+00,1.66016E-01
-5.9200680E-01,2.52930E+00,3.02734E-01
-5.9198832E-01,2.58789E+00,2.05078E-01
-5.9196984E-01,2.58789E+00,2.24609E-01
-5.9195136E-01,2.58789E+00,2.63672E-01
-5.9193288E-01,2.50977E+00,2.24609E-01
-5.9191440E-01,2.60742E+00,2.05078E-01
-5.9189592E-01,2.56836E+00,2.44141E-01
-5.9187744E-01,2.62695E+00,2.63672E-01
-5.9185896E-01,2.52930E+00,2.44141E-01
-5.9184048E-01,2.58789E+00,2.05078E-01
-5.9182200E-01,2.56836E+00,3.02734E-01
-5.9180352E-01,2.50977E+00,2.05078E-01
-5.9178504E-01,2.50977E+00,2.63672E-01
-5.9176656E-01,2.56836E+00,2.05078E-01
-5.9174808E-01,2.52930E+00,2.63672E-01
-5.9172960E-01,2.50977E+00,2.05078E-01
-5.9171112E-01,2.54883E+00,2.63672E-01
-5.9169264E-01,2.56836E+00,2.83203E-01
-5.9167416E-01,2.56836E+00,2.83203E-01
-5.9165568E-01,2.54883E+00,2.44141E-01
-5.9163720E-01,2.56836E+00,2.24609E-01
-5.9161872E-01,2.58789E+00,2.63672E-01
-5.9160024E-01,2.50977E+00,3.41797E-01
-5.9158176E-01,2.60742E+00,2.83203E-01
-5.9156328E-01,2.62695E+00,2.63672E-01
-5.9154480E-01,2.62695E+00,2.24609E-01
-5.9152632E-01,2.52930E+00,2.63672E-01
-5.9150784E-01,2.52930E+00,2.63672E-01
-5.9148936E-01,2.54883E+00,2.44141E-01
-5.9147088E-01,2.60742E+00,2.24609E-01
-5.9145240E-01,2.56836E+00,2.83203E-01
-5.9143392E-01,2.64648E+00,2.83203E-01
-5.9141544E-01,2.60742E+00,3.02734E-01
-5.9139696E-01,2.58789E+00,2.63672E-01
-5.9137848E-01,2.56836E+00,2.24609E-01
-5.9136000E-01,2.66602E+00,2.44141E-01
-5.9134152E-01,2.58789E+00,2.83203E-01
-5.9132304E-01,2.56836E+00,2.83203E-01
-5.9130456E-01,2.56836E+00,2.24609E-01
-5.9128608E-01,2.54883E+00,2.44141E-01
-5.9126760E-01,2.56836E+00,3.02734E-01
-5.9124912E-01,2.64648E+00,2.63672E-01
-5.9123064E-01,2.50977E+00,3.02734E-01
-5.9121216E-01,2.62695E+00,2.83203E-01
-5.9119368E-01,2.62695E+00,2.83203E-01
-5.9117520E-01,2.54883E+00,2.05078E-01
-5.9115672E-01,2.54883E+00,2.83203E-01
-5.9113824E-01,2.60742E+00,2.63672E-01
-5.9111976E-01,2.60742E+00,2.63672E-01
-5.9110128E-01,2.54883E+00,2.83203E-01
-5.9108280E-01,2.54883E+00,2.83203E-01
-5.9106432E-01,2.58789E+00,2.83203E-01
-5.9104584E-01,2.52930E+00,3.02734E-01
-5.9102736E-01,2.58789E+00,2.44141E-01
-5.9100888E-01,2.56836E+00,2.44141E-01
-5.9099040E-01,2.54883E+00,2.44141E-01
-5.9097192E-01,2.62695E+00,3.02734E-01
-5.9095344E-01,2.50977E+00,2.83203E-01
-5.9093496E-01,2.56836E+00,3.02734E-01
-5.9091648E-01,2.62695E+00,2.24609E-01
-5.9089800E-01,2.56836E+00,2.63672E-01
-5.9087952E-01,2.62695E+00,2.63672E-01
-5.9086104E-01,2.52930E+00,2.44141E-01
-5.9084256E-01,2.58789E+00,2.63672E-01
-5.9082408E-01,2.60742E+00,2.83203E-01
-5.9080560E-01,2.58789E+00,2.44141E-01
-5.9078712E-01,2.52930E+00,2.83203E-01
-5.9076864E-01,2.60742E+00,2.83203E-01
-5.9075016E-01,2.56836E+00,3.02734E-01
-5.9073168E-01,2.52930E+00,2.63672E-01
-5.9071320E-01,2.52930E+00,2.83203E-01
-5.9069472E-01,2.56836E+00,2.63672E-01
-5.9067624E-01,2.58789E+00,2.83203E-01
-5.9065776E-01,2.56836E+00,3.41797E-01
-5.9063928E-01,2.54883E+00,3.22266E-01
-5.9062080E-01,2.64648E+00,2.24609E-01
-5.9060232E-01,2.56836E+00,3.41797E-01
-5.9058384E-01,2.56836E+00,2.63672E-01
-5.9056536E-01,2.56836E+00,2.63672E-01
-5.9054688E-01,2.60742E+00,2.44141E-01
-5.9052840E-01,2.56836E+00,3.02734E-01
-5.9050992E-01,2.56836E+00,3.22266E-01
-5.9049144E-01,2.52930E+00,2.83203E-01
-5.9047296E-01,2.58789E+00,3.02734E-01
-5.9045448E-01,2.56836E+00,2.63672E-01
-5.9043600E-01,2.62695E+00,2.44141E-01
-5.9041752E-01,2.52930E+00,3.22266E-01
-5.9039904E-01,2.62695E+00,2.63672E-01
-5.9038056E-01,2.54883E+00,3.22266E-01
-5.9036208E-01,2.56836E+00,3.22266E-01
-5.9034360E-01,2.56836E+00,2.83203E-01
-5.9032512E-01,2.54883E+00,2.63672E-01
-5.9030664E-01,2.58789E+00,2.83203E-01
-5.9028816E-01,2.58789E+00,3.02734E-01
-5.9026968E-01,2.50977E+00,2.83203E-01
-5.9025120E-01,2.56836E+00,2.83203E-01
-5.9023272E-01,2.58789E+00,1.85547E-01
-5.9021424E-01,2.58789E+00,2.63672E-01
-5.9019576E-01,2.54883E+00,3.22266E-01
-5.9017728E-01,2.54883E+00,3.02734E-01
-5.9015880E-01,2.54883E+00,2.63672E-01
-5.9014032E-01,2.58789E+00,2.63672E-01
-5.9012184E-01,2.58789E+00,3.41797E-01
-5.9010336E-01,2.58789E+00,2.05078E-01
-5.9008488E-01,2.56836E+00,2.83203E-01
-5.9006640E-01,2.62695E+00,2.83203E-01
-5.9004792E-01,2.56836E+00,2.44141E-01
-5.9002944E-01,2.56836E+00,2.05078E-01
-5.9001096E-01,2.58789E+00,3.22266E-01
-5.8999248E-01,2.64648E+00,2.44141E-01
-5.8997400E-01,2.54883E+00,2.83203E-01
-5.8995552E-01,2.56836E+00,2.63672E-01
-5.8993704E-01,2.56836E+00,3.22266E-01
-5.8991856E-01,2.54883E+00,2.83203E-01
-5.8990008E-01,2.58789E+00,3.22266E-01
-5.8988160E-01,2.54883E+00,2.83203E-01
-5.8986312E-01,2.56836E+00,3.02734E-01
-5.8984464E-01,2.56836E+00,2.83203E-01
-5.8982616E-01,2.56836E+00,2.44141E-01
-5.8980768E-01,2.52930E+00,2.83203E-01
-5.8978920E-01,2.52930E+00,2.63672E-01
-5.8977072E-01,2.60742E+00,2.83203E-01
-5.8975224E-01,2.47070E+00,2.63672E-01
-5.8973376E-01,2.56836E+00,2.05078E-01
-5.8971528E-01,2.52930E+00,2.44141E-01
-5.8969680E-01,2.56836E+00,2.83203E-01
-5.8967832E-01,2.54883E+00,2.83203E-01
-5.8965984E-01,2.60742E+00,2.83203E-01
-5.8964136E-01,2.66602E+00,3.02734E-01
-5.8962288E-01,2.54883E+00,3.02734E-01
-5.8960440E-01,2.56836E+00,3.22266E-01
-5.8958592E-01,2.62695E+00,2.83203E-01
-5.8956744E-01,2.56836E+00,3.02734E-01
-5.8954896E-01,2.56836E+00,2.63672E-01
-5.8953048E-01,2.56836E+00,2.83203E-01
-5.8951200E-01,2.68555E+00,1.85547E-01
-5.8949352E-01,2.56836E+00,3.02734E-01
-5.8947504E-01,2.60742E+00,2.83203E-01
-5.8945656E-01,2.56836E+00,2.83203E-01
-5.8943808E-01,2.64648E+00,3.02734E-01
-5.8941960E-01,2.54883E+00,2.83203E-01
-5.8940112E-01,2.62695E+00,2.44141E-01
-5.8938264E-01,2.49023E+00,3.02734E-01
-5.8936416E-01,2.64648E+00,2.83203E-01
-5.8934568E-01,2.56836E+00,3.02734E-01
-5.8932720E-01,2.56836E+00,3.41797E-01
-5.8930872E-01,2.54883E+00,3.02734E-01
-5.8929024E-01,2.62695E+00,3.41797E-01
-5.8927176E-01,2.54883E+00,3.22266E-01
-5.8925328E-01,2.56836E+00,3.22266E-01
-5.8923480E-01,2.54883E+00,3.02734E-01
-5.8921632E-01,2.56836E+00,2.63672E-01
-5.8919784E-01,2.56836E+00,3.02734E-01
-5.8917936E-01,2.64648E+00,2.83203E-01
-5.8916088E-01,2.58789E+00,2.83203E-01
-5.8914240E-01,2.58789E+00,2.63672E-01
-5.8912392E-01,2.56836E+00,3.41797E-01
-5.8910544E-01,2.62695E+00,3.02734E-01
-5.8908696E-01,2.54883E+00,2.83203E-01
-5.8906848E-01,2.64648E+00,2.83203E-01
-5.8905000E-01,2.64648E+00,3.22266E-01
-5.8903152E-01,2.54883E+00,2.83203E-01
-5.8901304E-01,2.58789E+00,3.61328E-01
-5.8899456E-01,2.58789E+00,2.24609E-01
-5.8897608E-01,2.52930E+00,3.22266E-01
-5.8895760E-01,2.64648E+00,3.22266E-01
-5.8893912E-01,2.58789E+00,3.02734E-01
-5.8892064E-01,2.62695E+00,2.83203E-01
-5.8890216E-01,2.60742E+00,3.22266E-01
-5.8888368E-01,2.62695E+00,2.05078E-01
-5.8886520E-01,2.54883E+00,2.63672E-01
-5.8884672E-01,2.52930E+00,2.83203E-01
-5.8882824E-01,2.56836E+00,3.41797E-01
-5.8880976E-01,2.58789E+00,2.05078E-01
-5.8879128E-01,2.62695E+00,3.02734E-01
-5.8877280E-01,2.60742E+00,2.83203E-01
-5.8875432E-01,2.56836E+00,2.83203E-01
-5.8873584E-01,2.50977E+00,2.83203E-01
-5.8871736E-01,2.62695E+00,3.02734E-01
-5.8869888E-01,2.56836E+00,3.22266E-01
-5.8868040E-01,2.56836E+00,3.22266E-01
-5.8866192E-01,2.58789E+00,2.63672E-01
-5.8864344E-01,2.56836E+00,3.22266E-01
-5.8862496E-01,2.62695E+00,2.83203E-01
-5.8860648E-01,2.52930E+00,3.02734E-01
-5.8858800E-01,2.56836E+00,3.02734E-01
-5.8856952E-01,2.52930E+00,3.61328E-01
-5.8855104E-01,2.50977E+00,2.63672E-01
-5.8853256E-01,2.56836E+00,2.63672E-01
-5.8851408E-01,2.60742E+00,2.83203E-01
-5.8849560E-01,2.62695E+00,3.41797E-01
-5.8847712E-01,2.56836E+00,2.83203E-01
-5.8845864E-01,2.56836E+00,3.41797E-01
-5.8844016E-01,2.60742E+00,2.83203E-01
-5.8842168E-01,2.56836E+00,2.83203E-01
-5.8840320E-01,2.58789E+00,3.02734E-01
-5.8838472E-01,2.56836E+00,3.41797E-01
-5.8836624E-01,2.62695E+00,3.41797E-01
-5.8834776E-01,2.56836E+00,2.83203E-01
-5.8832928E-01,2.58789E+00,2.63672E-01
-5.8831080E-01,2.64648E+00,2.83203E-01
-5.8829232E-01,2.54883E+00,2.83203E-01
-5.8827384E-01,2.54883E+00,3.02734E-01
-5.8825536E-01,2.62695E+00,2.83203E-01
-5.8823688E-01,2.54883E+00,3.41797E-01
-5.8821840E-01,2.58789E+00,2.63672E-01
-5.8819992E-01,2.60742E+00,3.22266E-01
-5.8818144E-01,2.62695E+00,2.44141E-01
-5.8816296E-01,2.62695E+00,3.22266E-01
-5.8814448E-01,2.56836E+00,3.22266E-01
-5.8812600E-01,2.60742E+00,3.41797E-01
-5.8810752E-01,2.62695E+00,3.22266E-01
-5.8808904E-01,2.56836E+00,3.02734E-01
-5.8807056E-01,2.62695E+00,2.83203E-01
-5.8805208E-01,2.62695E+00,2.63672E-01
-5.8803360E-01,2.60742E+00,3.02734E-01
-5.8801512E-01,2.54883E+00,3.02734E-01
-5.8799664E-01,2.52930E+00,2.63672E-01
-5.8797816E-01,2.56836E+00,3.61328E-01
-5.8795968E-01,2.58789E+00,3.41797E-01
-5.8794120E-01,2.58789E+00,3.41797E-01
-5.8792272E-01,2.50977E+00,3.02734E-01
-5.8790424E-01,2.54883E+00,3.61328E-01
-5.8788576E-01,2.58789E+00,2.83203E-01
-5.8786728E-01,2.58789E+00,3.41797E-01
-5.8784880E-01,2.56836E+00,3.41797E-01
-5.8783032E-01,2.56836E+00,4.00391E-01
-5.8781184E-01,2.60742E+00,3.02734E-01
-5.8779336E-01,2.50977E+00,4.00391E-01
-5.8777488E-01,2.60742E+00,2.83203E-01
-5.8775640E-01,2.54883E+00,3.41797E-01
-5.8773792E-01,2.60742E+00,3.41797E-01
-5.8771944E-01,2.52930E+00,3.80859E-01
-5.8770096E-01,2.58789E+00,2.83203E-01
-5.8768248E-01,2.60742E+00,3.22266E-01
-5.8766400E-01,2.62695E+00,3.02734E-01
-5.8764552E-01,2.58789E+00,3.61328E-01
-5.8762704E-01,2.62695E+00,2.44141E-01
-5.8760856E-01,2.52930E+00,3.41797E-01
-5.8759008E-01,2.56836E+00,3.22266E-01
-5.8757160E-01,2.60742E+00,2.83203E-01
-5.8755312E-01,2.62695E+00,2.83203E-01
-5.8753464E-01,2.56836E+00,3.22266E-01
-5.8751616E-01,2.58789E+00,2.05078E-01
-5.8749768E-01,2.58789E+00,3.41797E-01
-5.8747920E-01,2.64648E+00,2.83203E-01
-5.8746072E-01,2.64648E+00,3.80859E-01
-5.8744224E-01,2.64648E+00,3.02734E-01
-5.8742376E-01,2.56836E+00,3.80859E-01
-5.8740528E-01,2.56836E+00,3.41797E-01
-5.8738680E-01,2.62695E+00,3.02734E-01
-5.8736832E-01,2.56836E+00,3.61328E-01
-5.8734984E-01,2.58789E+00,3.61328E-01
-5.8733136E-01,2.60742E+00,3.41797E-01
-5.8731288E-01,2.56836E+00,3.22266E-01
-5.8729440E-01,2.56836E+00,3.41797E-01
-5.8727592E-01,2.50977E+00,3.61328E-01
-5.8725744E-01,2.54883E+00,2.83203E-01
-5.8723896E-01,2.54883E+00,3.22266E-01
-5.8722048E-01,2.60742E+00,4.00391E-01
-5.8720200E-01,2.56836E+00,2.83203E-01
-5.8718352E-01,2.58789E+00,2.83203E-01
-5.8716504E-01,2.60742E+00,3.41797E-01
-5.8714656E-01,2.62695E+00,2.83203E-01
-5.8712808E-01,2.56836E+00,3.41797E-01
-5.8710960E-01,2.64648E+00,2.83203E-01
-5.8709112E-01,2.60742E+00,3.22266E-01
-5.8707264E-01,2.58789E+00,2.83203E-01
-5.8705416E-01,2.62695E+00,2.83203E-01
-5.8703568E-01,2.64648E+00,2.83203E-01
-5.8701720E-01,2.52930E+00,3.02734E-01
-5.8699872E-01,2.62695E+00,2.24609E-01
-5.8698024E-01,2.56836E+00,3.61328E-01
-5.8696176E-01,2.66602E+00,3.41797E-01
-5.8694328E-01,2.62695E+00,3.22266E-01
-5.8692480E-01,2.64648E+00,3.02734E-01
-5.8690632E-01,2.60742E+00,3.22266E-01
-5.8688784E-01,2.50977E+00,3.41797E-01
-5.8686936E-01,2.56836E+00,3.22266E-01
-5.8685088E-01,2.54883E+00,2.63672E-01
-5.8683240E-01,2.58789E+00,3.22266E-01
-5.8681392E-01,2.56836E+00,3.02734E-01
-5.8679544E-01,2.56836E+00,3.61328E-01
-5.8677696E-01,2.56836E+00,2.83203E-01
-5.8675848E-01,2.58789E+00,3.61328E-01
-5.8674000E-01,2.68555E+00,3.22266E-01
-5.8672152E-01,2.54883E+00,2.44141E-01
-5.8670304E-01,2.58789E+00,3.22266E-01
-5.8668456E-01,2.54883E+00,3.02734E-01
-5.8666608E-01,2.60742E+00,3.41797E-01
-5.8664760E-01,2.58789E+00,4.00391E-01
-5.8662912E-01,2.56836E+00,3.22266E-01
-5.8661064E-01,2.50977E+00,3.61328E-01
-5.8659216E-01,2.60742E+00,2.83203E-01
-5.8657368E-01,2.60742E+00,3.02734E-01
-5.8655520E-01,2.56836E+00,3.02734E-01
-5.8653672E-01,2.60742E+00,4.19922E-01
-5.8651824E-01,2.62695E+00,2.83203E-01
-5.8649976E-01,2.56836E+00,3.61328E-01
-5.8648128E-01,2.58789E+00,3.41797E-01
-5.8646280E-01,2.54883E+00,3.22266E-01
-5.8644432E-01,2.50977E+00,3.02734E-01
-5.8642584E-01,2.60742E+00,3.02734E-01
-5.8640736E-01,2.58789E+00,3.41797E-01
-5.8638888E-01,2.56836E+00,3.22266E-01
-5.8637040E-01,2.52930E+00,3.41797E-01
-5.8635192E-01,2.60742E+00,3.41797E-01
-5.8633344E-01,2.52930E+00,3.41797E-01
-5.8631496E-01,2.56836E+00,3.41797E-01
-5.8629648E-01,2.54883E+00,3.22266E-01
-5.8627800E-01,2.62695E+00,3.61328E-01
-5.8625952E-01,2.64648E+00,3.80859E-01
-5.8624104E-01,2.52930E+00,3.02734E-01
-5.8622256E-01,2.62695E+00,3.22266E-01
-5.8620408E-01,2.47070E+00,3.41797E-01
-5.8618560E-01,2.64648E+00,3.61328E-01
-5.8616712E-01,2.62695E+00,3.61328E-01
-5.8614864E-01,2.60742E+00,2.83203E-01
-5.8613016E-01,2.56836E+00,3.02734E-01
-5.8611168E-01,2.62695E+00,3.02734E-01
-5.8609320E-01,2.50977E+00,3.61328E-01
-5.8607472E-01,2.56836E+00,2.63672E-01
-5.8605624E-01,2.60742E+00,2.83203E-01
-5.8603776E-01,2.54883E+00,3.61328E-01
-5.8601928E-01,2.60742E+00,3.22266E-01
-5.8600080E-01,2.58789E+00,2.83203E-01
-5.8598232E-01,2.56836E+00,2.83203E-01
-5.8596384E-01,2.60742E+00,3.22266E-01
-5.8594536E-01,2.60742E+00,4.19922E-01
-5.8592688E-01,2.50977E+00,3.61328E-01
-5.8590840E-01,2.60742E+00,3.41797E-01
-5.8588992E-01,2.60742E+00,3.41797E-01
-5.8587144E-01,2.58789E+00,3.22266E-01
-5.8585296E-01,2.56836E+00,3.22266E-01
-5.8583448E-01,2.64648E+00,3.41797E-01
-5.8581600E-01,2.56836E+00,3.02734E-01
-5.8579752E-01,2.52930E+00,4.19922E-01
-5.8577904E-01,2.62695E+00,3.02734E-01
-5.8576056E-01,2.62695E+00,4.00391E-01
-5.8574208E-01,2.60742E+00,3.22266E-01
-5.8572360E-01,2.54883E+00,3.80859E-01
-5.8570512E-01,2.58789E+00,4.00391E-01
-5.8568664E-01,2.52930E+00,3.61328E-01
-5.8566816E-01,2.64648E+00,3.02734E-01
-5.8564968E-01,2.64648E+00,4.00391E-01
-5.8563120E-01,2.62695E+00,3.02734E-01
-5.8561272E-01,2.60742E+00,3.22266E-01
-5.8559424E-01,2.54883E+00,3.02734E-01
-5.8557576E-01,2.58789E+00,4.19922E-01
-5.8555728E-01,2.52930E+00,2.83203E-01
-5.8553880E-01,2.54883E+00,3.80859E-01
-5.8552032E-01,2.56836E+00,3.22266E-01
-5.8550184E-01,2.64648E+00,3.61328E-01
-5.8548336E-01,2.58789E+00,3.41797E-01
-5.8546488E-01,2.54883E+00,3.61328E-01
-5.8544640E-01,2.64648E+00,3.41797E-01
-5.8542792E-01,2.56836E+00,3.41797E-01
-5.8540944E-01,2.62695E+00,2.63672E-01
-5.8539096E-01,2.58789E+00,3.61328E-01
-5.8537248E-01,2.56836E+00,3.02734E-01
-5.8535400E-01,2.54883E+00,3.80859E-01
-5.8533552E-01,2.62695E+00,3.22266E-01
-5.8531704E-01,2.66602E+00,3.61328E-01
-5.8529856E-01,2.64648E+00,3.02734E-01
-5.8528008E-01,2.58789E+00,3.61328E-01
-5.8526160E-01,2.64648E+00,3.22266E-01
-5.8524312E-01,2.56836E+00,2.83203E-01
-5.8522464E-01,2.62695E+00,3.41797E-01
-5.8520616E-01,2.56836E+00,4.00391E-01
-5.8518768E-01,2.58789E+00,2.83203E-01
-5.8516920E-01,2.56836E+00,3.61328E-01
-5.8515072E-01,2.62695E+00,3.41797E-01
-5.8513224E-01,2.60742E+00,3.80859E-01
-5.8511376E-01,2.62695E+00,4.00391E-01
-5.8509528E-01,2.58789E+00,3.41797E-01
-5.8507680E-01,2.60742E+00,3.61328E-01
-5.8505832E-01,2.64648E+00,3.61328E-01
-5.8503984E-01,2.64648E+00,3.61328E-01
-5.8502136E-01,2.60742E+00,4.00391E-01
-5.8500288E-01,2.58789E+00,2.83203E-01
-5.8498440E-01,2.58789E+00,3.41797E-01
-5.8496592E-01,2.54883E+00,4.00391E-01
-5.8494744E-01,2.58789E+00,4.19922E-01
-5.8492896E-01,2.60742E+00,3.41797E-01
-5.8491048E-01,2.58789E+00,3.41797E-01
-5.8489200E-01,2.64648E+00,2.83203E-01
-5.8487352E-01,2.60742E+00,3.22266E-01
-5.8485504E-01,2.70508E+00,3.61328E-01
-5.8483656E-01,2.62695E+00,4.00391E-01
-5.8481808E-01,2.64648E+00,3.22266E-01
-5.8479960E-01,2.58789E+00,3.80859E-01
-5.8478112E-01,2.64648E+00,3.61328E-01
-5.8476264E-01,2.54883E+00,3.41797E-01
-5.8474416E-01,2.58789E+00,3.61328E-01
-5.8472568E-01,2.58789E+00,3.61328E-01
-5.8470720E-01,2.62695E+00,3.61328E-01
-5.8468872E-01,2.56836E+00,3.41797E-01
-5.8467024E-01,2.64648E+00,3.61328E-01
-5.8465176E-01,2.60742E+00,3.41797E-01
-5.8463328E-01,2.64648E+00,4.00391E-01
-5.8461480E-01,2.56836E+00,4.19922E-01
-5.8459632E-01,2.56836E+00,3.22266E-01
-5.8457784E-01,2.54883E+00,3.61328E-01
-5.8455936E-01,2.56836E+00,3.22266E-01
-5.8454088E-01,2.58789E+00,3.41797E-01
-5.8452240E-01,2.62695E+00,2.63672E-01
-5.8450392E-01,2.60742E+00,3.61328E-01
-5.8448544E-01,2.62695E+00,3.61328E-01
-5.8446696E-01,2.56836E+00,4.00391E-01
-5.8444848E-01,2.58789E+00,3.80859E-01
-5.8443000E-01,2.56836E+00,3.41797E-01
-5.8441152E-01,2.56836E+00,3.80859E-01
-5.8439304E-01,2.58789E+00,3.80859E-01
-5.8437456E-01,2.60742E+00,3.02734E-01
-5.8435608E-01,2.62695E+00,3.61328E-01
-5.8433760E-01,2.68555E+00,4.00391E-01
-5.8431912E-01,2.58789E+00,3.61328E-01
-5.8430064E-01,2.58789E+00,3.41797E-01
-5.8428216E-01,2.60742E+00,4.19922E-01
-5.8426368E-01,2.56836E+00,4.00391E-01
-5.8424520E-01,2.58789E+00,4.00391E-01
-5.8422672E-01,2.64648E+00,3.80859E-01
-5.8420824E-01,2.56836E+00,4.00391E-01
-5.8418976E-01,2.64648E+00,4.00391E-01
-5.8417128E-01,2.64648E+00,3.80859E-01
-5.8415280E-01,2.56836E+00,3.02734E-01
-5.8413432E-01,2.56836E+00,3.61328E-01
-5.8411584E-01,2.60742E+00,3.22266E-01
-5.8409736E-01,2.54883E+00,4.58984E-01
-5.8407888E-01,2.64648E+00,2.83203E-01
-5.8406040E-01,2.64648E+00,3.22266E-01
-5.8404192E-01,2.64648E+00,3.22266E-01
-5.8402344E-01,2.62695E+00,4.39453E-01
-5.8400496E-01,2.56836E+00,3.61328E-01
-5.8398648E-01,2.50977E+00,4.00391E-01
-5.8396800E-01,2.60742E+00,3.61328E-01
-5.8394952E-01,2.60742E+00,3.61328E-01
-5.8393104E-01,2.62695E+00,3.61328E-01
-5.8391256E-01,2.60742E+00,3.80859E-01
-5.8389408E-01,2.60742E+00,3.02734E-01
-5.8387560E-01,2.64648E+00,4.00391E-01
-5.8385712E-01,2.60742E+00,3.22266E-01
-5.8383864E-01,2.58789E+00,3.61328E-01
-5.8382016E-01,2.64648E+00,4.19922E-01
-5.8380168E-01,2.54883E+00,3.61328E-01
-5.8378320E-01,2.52930E+00,3.22266E-01
-5.8376472E-01,2.54883E+00,3.80859E-01
-5.8374624E-01,2.58789E+00,3.61328E-01
-5.8372776E-01,2.56836E+00,3.80859E-01
-5.8370928E-01,2.60742E+00,3.61328E-01
-5.8369080E-01,2.56836E+00,4.00391E-01
-5.8367232E-01,2.60742E+00,3.22266E-01
-5.8365384E-01,2.56836E+00,3.80859E-01
-5.8363536E-01,2.62695E+00,4.00391E-01
-5.8361688E-01,2.54883E+00,3.61328E-01
-5.8359840E-01,2.66602E+00,2.83203E-01
-5.8357992E-01,2.60742E+00,3.61328E-01
-5.8356144E-01,2.66602E+00,3.61328E-01
-5.8354296E-01,2.58789E+00,3.80859E-01
-5.8352448E-01,2.64648E+00,3.41797E-01
-5.8350600E-01,2.64648E+00,3.80859E-01
-5.8348752E-01,2.64648E+00,3.61328E-01
-5.8346904E-01,2.54883E+00,4.00391E-01
-5.8345056E-01,2.64648E+00,3.61328E-01
-5.8343208E-01,2.56836E+00,4.00391E-01
-5.8341360E-01,2.60742E+00,3.61328E-01
-5.8339512E-01,2.64648E+00,4.19922E-01
-5.8337664E-01,2.62695E+00,3.80859E-01
-5.8335816E-01,2.60742E+00,3.80859E-01
-5.8333968E-01,2.58789E+00,4.00391E-01
-5.8332120E-01,2.62695E+00,4.19922E-01
-5.8330272E-01,2.62695E+00,3.61328E-01
-5.8328424E-01,2.60742E+00,3.61328E-01
-5.8326576E-01,2.64648E+00,3.41797E-01
-5.8324728E-01,2.62695E+00,4.19922E-01
-5.8322880E-01,2.64648E+00,4.00391E-01
-5.8321032E-01,2.62695E+00,4.00391E-01
-5.8319184E-01,2.62695E+00,3.41797E-01
-5.8317336E-01,2.60742E+00,3.80859E-01
-5.8315488E-01,2.62695E+00,4.00391E-01
-5.8313640E-01,2.56836E+00,3.80859E-01
-5.8311792E-01,2.54883E+00,3.61328E-01
-5.8309944E-01,2.52930E+00,3.61328E-01
-5.8308096E-01,2.58789E+00,3.22266E-01
-5.8306248E-01,2.58789E+00,4.19922E-01
-5.8304400E-01,2.62695E+00,3.61328E-01
-5.8302552E-01,2.56836E+00,3.41797E-01
-5.8300704E-01,2.64648E+00,3.61328E-01
-5.8298856E-01,2.62695E+00,3.22266E-01
-5.8297008E-01,2.60742E+00,4.19922E-01
-5.8295160E-01,2.62695E+00,3.80859E-01
-5.8293312E-01,2.56836E+00,3.61328E-01
-5.8291464E-01,2.66602E+00,3.02734E-01
-5.8289616E-01,2.64648E+00,3.80859E-01
-5.8287768E-01,2.64648E+00,4.00391E-01
-5.8285920E-01,2.58789E+00,3.61328E-01
-5.8284072E-01,2.62695E+00,4.58984E-01
-5.8282224E-01,2.58789E+00,3.41797E-01
-5.8280376E-01,2.54883E+00,3.41797E-01
-5.8278528E-01,2.60742E+00,3.61328E-01
-5.8276680E-01,2.60742E+00,3.41797E-01
-5.8274832E-01,2.64648E+00,4.00391E-01
-5.8272984E-01,2.62695E+00,3.80859E-01
-5.8271136E-01,2.64648E+00,3.41797E-01
-5.8269288E-01,2.56836E+00,3.80859E-01
-5.8267440E-01,2.62695E+00,4.19922E-01
-5.8265592E-01,2.56836E+00,3.61328E-01
-5.8263744E-01,2.54883E+00,3.61328E-01
-5.8261896E-01,2.62695E+00,4.00391E-01
-5.8260048E-01,2.66602E+00,3.61328E-01
-5.8258200E-01,2.54883E+00,3.61328E-01
-5.8256352E-01,2.62695E+00,3.61328E-01
-5.8254504E-01,2.60742E+00,4.19922E-01
-5.8252656E-01,2.60742E+00,3.41797E-01
-5.8250808E-01,2.58789E+00,3.80859E-01
-5.8248960E-01,2.64648E+00,3.80859E-01
-5.8247112E-01,2.60742E+00,3.80859E-01
-5.8245264E-01,2.60742E+00,3.41797E-01
-5.8243416E-01,2.56836E+00,4.19922E-01
-5.8241568E-01,2.68555E+00,3.80859E-01
-5.8239720E-01,2.62695E+00,4.19922E-01
-5.8237872E-01,2.62695E+00,3.61328E-01
-5.8236024E-01,2.64648E+00,3.61328E-01
-5.8234176E-01,2.60742E+00,4.00391E-01
-5.8232328E-01,2.52930E+00,4.00391E-01
-5.8230480E-01,2.58789E+00,4.00391E-01
-5.8228632E-01,2.62695E+00,4.39453E-01
-5.8226784E-01,2.60742E+00,4.19922E-01
-5.8224936E-01,2.58789E+00,3.80859E-01
-5.8223088E-01,2.58789E+00,4.00391E-01
-5.8221240E-01,2.56836E+00,3.80859E-01
-5.8219392E-01,2.58789E+00,4.00391E-01
-5.8217544E-01,2.62695E+00,4.00391E-01
-5.8215696E-01,2.64648E+00,3.80859E-01
-5.8213848E-01,2.62695E+00,3.80859E-01
-5.8212000E-01,2.54883E+00,4.00391E-01
-5.8210152E-01,2.58789E+00,4.19922E-01
-5.8208304E-01,2.68555E+00,3.80859E-01
-5.8206456E-01,2.60742E+00,4.19922E-01
-5.8204608E-01,2.56836E+00,3.61328E-01
-5.8202760E-01,2.62695E+00,4.39453E-01
-5.8200912E-01,2.66602E+00,2.83203E-01
-5.8199064E-01,2.68555E+00,4.19922E-01
-5.8197216E-01,2.64648E+00,3.80859E-01
-5.8195368E-01,2.56836E+00,3.61328E-01
-5.8193520E-01,2.60742E+00,3.41797E-01
-5.8191672E-01,2.54883E+00,4.19922E-01
-5.8189824E-01,2.56836E+00,3.80859E-01
-5.8187976E-01,2.58789E+00,3.80859E-01
-5.8186128E-01,2.64648E+00,3.41797E-01
-5.8184280E-01,2.56836E+00,4.19922E-01
-5.8182432E-01,2.60742E+00,2.83203E-01
-5.8180584E-01,2.56836E+00,3.80859E-01
-5.8178736E-01,2.64648E+00,3.61328E-01
-5.8176888E-01,2.56836E+00,4.19922E-01
-5.8175040E-01,2.62695E+00,3.61328E-01
-5.8173192E-01,2.58789E+00,4.39453E-01
-5.8171344E-01,2.64648E+00,3.22266E-01
-5.8169496E-01,2.52930E+00,4.00391E-01
-5.8167648E-01,2.62695E+00,3.80859E-01
-5.8165800E-01,2.56836E+00,4.19922E-01
-5.8163952E-01,2.68555E+00,3.61328E-01
-5.8162104E-01,2.60742E+00,4.00391E-01
-5.8160256E-01,2.60742E+00,4.19922E-01
-5.8158408E-01,2.60742E+00,4.58984E-01
-5.8156560E-01,2.64648E+00,3.80859E-01
-5.8154712E-01,2.64648E+00,4.39453E-01
-5.8152864E-01,2.58789E+00,4.00391E-01
-5.8151016E-01,2.56836E+00,4.00391E-01
-5.8149168E-01,2.62695E+00,3.80859E-01
-5.8147320E-01,2.52930E+00,3.80859E-01
-5.8145472E-01,2.60742E+00,3.80859E-01
-5.8143624E-01,2.64648E+00,3.61328E-01
-5.8141776E-01,2.64648E+00,3.80859E-01
-5.8139928E-01,2.60742E+00,3.80859E-01
-5.8138080E-01,2.58789E+00,4.00391E-01
-5.8136232E-01,2.54883E+00,4.00391E-01
-5.8134384E-01,2.54883E+00,4.19922E-01
-5.8132536E-01,2.60742E+00,3.80859E-01
-5.8130688E-01,2.58789E+00,3.61328E-01
-5.8128840E-01,2.56836E+00,4.00391E-01
-5.8126992E-01,2.64648E+00,4.19922E-01
-5.8125144E-01,2.64648E+00,3.61328E-01
-5.8123296E-01,2.64648E+00,3.61328E-01
-5.8121448E-01,2.68555E+00,4.39453E-01
-5.8119600E-01,2.50977E+00,4.19922E-01
-5.8117752E-01,2.62695E+00,4.00391E-01
-5.8115904E-01,2.62695E+00,3.80859E-01
-5.8114056E-01,2.64648E+00,3.80859E-01
-5.8112208E-01,2.64648E+00,3.80859E-01
-5.8110360E-01,2.56836E+00,4.98047E-01
-5.8108512E-01,2.64648E+00,4.00391E-01
-5.8106664E-01,2.64648E+00,4.00391E-01
-5.8104816E-01,2.60742E+00,3.80859E-01
-5.8102968E-01,2.54883E+00,4.39453E-01
-5.8101120E-01,2.60742E+00,3.80859E-01
-5.8099272E-01,2.62695E+00,4.19922E-01
-5.8097424E-01,2.60742E+00,4.19922E-01
-5.8095576E-01,2.62695E+00,3.61328E-01
-5.8093728E-01,2.58789E+00,4.19922E-01
-5.8091880E-01,2.62695E+00,4.19922E-01
-5.8090032E-01,2.64648E+00,3.41797E-01
-5.8088184E-01,2.58789E+00,4.39453E-01
-5.8086336E-01,2.58789E+00,4.19922E-01
-5.8084488E-01,2.64648E+00,3.61328E-01
-5.8082640E-01,2.64648E+00,4.19922E-01
-5.8080792E-01,2.56836E+00,3.80859E-01
-5.8078944E-01,2.56836E+00,4.00391E-01
-5.8077096E-01,2.56836E+00,4.00391E-01
-5.8075248E-01,2.64648E+00,3.80859E-01
-5.8073400E-01,2.62695E+00,3.41797E-01
-5.8071552E-01,2.64648E+00,4.19922E-01
-5.8069704E-01,2.58789E+00,4.19922E-01
-5.8067856E-01,2.66602E+00,4.19922E-01
-5.8066008E-01,2.64648E+00,4.78516E-01
-5.8064160E-01,2.62695E+00,3.41797E-01
-5.8062312E-01,2.64648E+00,4.39453E-01
-5.8060464E-01,2.56836E+00,4.00391E-01
-5.8058616E-01,2.58789E+00,4.00391E-01
-5.8056768E-01,2.72461E+00,4.58984E-01
-5.8054920E-01,2.64648E+00,4.19922E-01
-5.8053072E-01,2.62695E+00,4.19922E-01
-5.8051224E-01,2.60742E+00,4.39453E-01
-5.8049376E-01,2.70508E+00,3.80859E-01
-5.8047528E-01,2.60742E+00,3.80859E-01
-5.8045680E-01,2.64648E+00,3.80859E-01
-5.8043832E-01,2.60742E+00,4.19922E-01
-5.8041984E-01,2.64648E+00,4.19922E-01
-5.8040136E-01,2.62695E+00,3.61328E-01
-5.8038288E-01,2.52930E+00,3.80859E-01
-5.8036440E-01,2.58789E+00,4.19922E-01
-5.8034592E-01,2.60742E+00,4.39453E-01
-5.8032744E-01,2.58789E+00,4.39453E-01
-5.8030896E-01,2.68555E+00,4.19922E-01
-5.8029048E-01,2.62695E+00,4.00391E-01
-5.8027200E-01,2.68555E+00,3.80859E-01
-5.8025352E-01,2.56836E+00,4.19922E-01
-5.8023504E-01,2.64648E+00,4.19922E-01
-5.8021656E-01,2.64648E+00,4.19922E-01
-5.8019808E-01,2.62695E+00,3.61328E-01
-5.8017960E-01,2.58789E+00,4.00391E-01
-5.8016112E-01,2.62695E+00,3.61328E-01
-5.8014264E-01,2.60742E+00,4.00391E-01
-5.8012416E-01,2.62695E+00,3.80859E-01
-5.8010568E-01,2.66602E+00,4.39453E-01
-5.8008720E-01,2.66602E+00,4.19922E-01
-5.8006872E-01,2.62695E+00,4.78516E-01
-5.8005024E-01,2.58789E+00,4.19922E-01
-5.8003176E-01,2.60742E+00,4.00391E-01
-5.8001328E-01,2.58789E+00,3.80859E-01
-5.7999480E-01,2.56836E+00,4.58984E-01
-5.7997632E-01,2.62695E+00,4.19922E-01
-5.7995784E-01,2.56836E+00,4.19922E-01
-5.7993936E-01,2.68555E+00,4.19922E-01
-5.7992088E-01,2.64648E+00,4.19922E-01
-5.7990240E-01,2.56836E+00,4.39453E-01
-5.7988392E-01,2.52930E+00,4.19922E-01
-5.7986544E-01,2.62695E+00,4.19922E-01
-5.7984696E-01,2.70508E+00,4.78516E-01
-5.7982848E-01,2.60742E+00,4.19922E-01
-5.7981000E-01,2.56836E+00,4.00391E-01
-5.7979152E-01,2.68555E+00,4.58984E-01
-5.7977304E-01,2.64648E+00,4.19922E-01
-5.7975456E-01,2.60742E+00,4.19922E-01
-5.7973608E-01,2.56836E+00,3.80859E-01
-5.7971760E-01,2.64648E+00,3.80859E-01
-5.7969912E-01,2.56836E+00,4.19922E-01
-5.7968064E-01,2.66602E+00,4.00391E-01
-5.7966216E-01,2.56836E+00,4.39453E-01
-5.7964368E-01,2.64648E+00,4.00391E-01
-5.7962520E-01,2.64648E+00,4.58984E-01
-5.7960672E-01,2.64648E+00,4.19922E-01
-5.7958824E-01,2.60742E+00,4.19922E-01
-5.7956976E-01,2.64648E+00,4.39453E-01
-5.7955128E-01,2.60742E+00,4.19922E-01
-5.7953280E-01,2.64648E+00,4.39453E-01
-5.7951432E-01,2.60742E+00,4.00391E-01
-5.7949584E-01,2.64648E+00,3.61328E-01
-5.7947736E-01,2.58789E+00,4.78516E-01
-5.7945888E-01,2.60742E+00,4.19922E-01
-5.7944040E-01,2.64648E+00,4.19922E-01
-5.7942192E-01,2.66602E+00,4.00391E-01
-5.7940344E-01,2.58789E+00,4.00391E-01
-5.7938496E-01,2.58789E+00,3.80859E-01
-5.7936648E-01,2.64648E+00,4.78516E-01
-5.7934800E-01,2.68555E+00,4.58984E-01
-5.7932952E-01,2.56836E+00,4.19922E-01
-5.7931104E-01,2.54883E+00,4.00391E-01
-5.7929256E-01,2.64648E+00,4.78516E-01
-5.7927408E-01,2.64648E+00,4.58984E-01
-5.7925560E-01,2.64648E+00,4.58984E-01
-5.7923712E-01,2.60742E+00,4.98047E-01
-5.7921864E-01,2.58789E+00,4.78516E-01
-5.7920016E-01,2.66602E+00,4.39453E-01
-5.7918168E-01,2.60742E+00,4.19922E-01
-5.7916320E-01,2.64648E+00,4.39453E-01
-5.7914472E-01,2.64648E+00,4.00391E-01
-5.7912624E-01,2.62695E+00,3.80859E-01
-5.7910776E-01,2.58789E+00,4.19922E-01
-5.7908928E-01,2.64648E+00,4.19922E-01
-5.7907080E-01,2.62695E+00,4.39453E-01
-5.7905232E-01,2.64648E+00,3.61328E-01
-5.7903384E-01,2.62695E+00,4.00391E-01
-5.7901536E-01,2.64648E+00,4.19922E-01
-5.7899688E-01,2.54883E+00,4.39453E-01
-5.7897840E-01,2.64648E+00,4.39453E-01
-5.7895992E-01,2.64648E+00,4.39453E-01
-5.7894144E-01,2.60742E+00,4.19922E-01
-5.7892296E-01,2.70508E+00,4.39453E-01
-5.7890448E-01,2.64648E+00,4.19922E-01
-5.7888600E-01,2.60742E+00,4.58984E-01
-5.7886752E-01,2.58789E+00,4.19922E-01
-5.7884904E-01,2.62695E+00,4.39453E-01
-5.7883056E-01,2.56836E+00,3.80859E-01
-5.7881208E-01,2.56836E+00,4.19922E-01
-5.7879360E-01,2.64648E+00,4.19922E-01
-5.7877512E-01,2.54883E+00,4.39453E-01
-5.7875664E-01,2.66602E+00,4.39453E-01
-5.7873816E-01,2.62695E+00,4.78516E-01
-5.7871968E-01,2.52930E+00,3.61328E-01
-5.7870120E-01,2.62695E+00,4.39453E-01
-5.7868272E-01,2.68555E+00,4.00391E-01
-5.7866424E-01,2.56836E+00,4.19922E-01
-5.7864576E-01,2.62695E+00,4.19922E-01
-5.7862728E-01,2.62695E+00,4.39453E-01
-5.7860880E-01,2.62695E+00,4.39453E-01
-5.7859032E-01,2.64648E+00,4.39453E-01
-5.7857184E-01,2.62695E+00,4.19922E-01
-5.7855336E-01,2.60742E+00,4.39453E-01
-5.7853488E-01,2.64648E+00,4.19922E-01
-5.7851640E-01,2.60742E+00,4.19922E-01
-5.7849792E-01,2.64648E+00,4.58984E-01
-5.7847944E-01,2.66602E+00,4.19922E-01
-5.7846096E-01,2.66602E+00,4.19922E-01
-5.7844248E-01,2.58789E+00,4.19922E-01
-5.7842400E-01,2.62695E+00,4.39453E-01
-5.7840552E-01,2.64648E+00,4.58984E-01
-5.7838704E-01,2.62695E+00,4.58984E-01
-5.7836856E-01,2.60742E+00,4.39453E-01
-5.7835008E-01,2.64648E+00,4.39453E-01
-5.7833160E-01,2.62695E+00,4.00391E-01
-5.7831312E-01,2.62695E+00,4.78516E-01
-5.7829464E-01,2.62695E+00,4.00391E-01
-5.7827616E-01,2.64648E+00,4.58984E-01
-5.7825768E-01,2.64648E+00,4.58984E-01
-5.7823920E-01,2.64648E+00,4.39453E-01
-5.7822072E-01,2.62695E+00,4.58984E-01
-5.7820224E-01,2.64648E+00,4.00391E-01
-5.7818376E-01,2.56836E+00,4.78516E-01
-5.7816528E-01,2.64648E+00,4.00391E-01
-5.7814680E-01,2.54883E+00,4.58984E-01
-5.7812832E-01,2.64648E+00,4.19922E-01
-5.7810984E-01,2.60742E+00,3.80859E-01
-5.7809136E-01,2.56836E+00,3.61328E-01
-5.7807288E-01,2.64648E+00,4.58984E-01
-5.7805440E-01,2.68555E+00,4.00391E-01
-5.7803592E-01,2.64648E+00,4.39453E-01
-5.7801744E-01,2.64648E+00,4.78516E-01
-5.7799896E-01,2.62695E+00,4.58984E-01
-5.7798048E-01,2.60742E+00,4.19922E-01
-5.7796200E-01,2.60742E+00,4.39453E-01
-5.7794352E-01,2.58789E+00,4.19922E-01
-5.7792504E-01,2.62695E+00,4.00391E-01
-5.7790656E-01,2.62695E+00,4.19922E-01
-5.7788808E-01,2.62695E+00,4.39453E-01
-5.7786960E-01,2.56836E+00,4.39453E-01
-5.7785112E-01,2.64648E+00,4.39453E-01
-5.7783264E-01,2.64648E+00,4.39453E-01
-5.7781416E-01,2.54883E+00,4.98047E-01
-5.7779568E-01,2.64648E+00,4.39453E-01
-5.7777720E-01,2.64648E+00,4.39453E-01
-5.7775872E-01,2.62695E+00,4.98047E-01
-5.7774024E-01,2.66602E+00,3.80859E-01
-5.7772176E-01,2.64648E+00,4.58984E-01
-5.7770328E-01,2.62695E+00,5.37109E-01
-5.7768480E-01,2.64648E+00,4.58984E-01
-5.7766632E-01,2.64648E+00,4.58984E-01
-5.7764784E-01,2.68555E+00,4.98047E-01
-5.7762936E-01,2.62695E+00,4.58984E-01
-5.7761088E-01,2.64648E+00,4.39453E-01
-5.7759240E-01,2.64648E+00,4.58984E-01
-5.7757392E-01,2.58789E+00,4.19922E-01
-5.7755544E-01,2.62695E+00,4.78516E-01
-5.7753696E-01,2.64648E+00,4.00391E-01
-5.7751848E-01,2.56836E+00,4.19922E-01
-5.7750000E-01,2.68555E+00,4.19922E-01
-5.7748152E-01,2.62695E+00,4.19922E-01
-5.7746304E-01,2.64648E+00,4.39453E-01
-5.7744456E-01,2.54883E+00,4.98047E-01
-5.7742608E-01,2.64648E+00,4.58984E-01
-5.7740760E-01,2.58789E+00,4.58984E-01
-5.7738912E-01,2.68555E+00,4.98047E-01
-5.7737064E-01,2.62695E+00,4.39453E-01
-5.7735216E-01,2.66602E+00,4.39453E-01
-5.7733368E-01,2.60742E+00,4.39453E-01
-5.7731520E-01,2.66602E+00,5.17578E-01
-5.7729672E-01,2.60742E+00,4.39453E-01
-5.7727824E-01,2.64648E+00,4.39453E-01
-5.7725976E-01,2.64648E+00,4.58984E-01
-5.7724128E-01,2.66602E+00,4.39453E-01
-5.7722280E-01,2.60742E+00,4.39453E-01
-5.7720432E-01,2.64648E+00,4.98047E-01
-5.7718584E-01,2.70508E+00,4.39453E-01
-5.7716736E-01,2.58789E+00,4.39453E-01
-5.7714888E-01,2.64648E+00,4.98047E-01
-5.7713040E-01,2.60742E+00,4.39453E-01
-5.7711192E-01,2.62695E+00,4.78516E-01
-5.7709344E-01,2.64648E+00,4.19922E-01
-5.7707496E-01,2.62695E+00,4.39453E-01
-5.7705648E-01,2.64648E+00,4.58984E-01
-5.7703800E-01,2.60742E+00,4.39453E-01
-5.7701952E-01,2.60742E+00,4.78516E-01
-5.7700104E-01,2.68555E+00,4.39453E-01
-5.7698256E-01,2.64648E+00,4.39453E-01
-5.7696408E-01,2.64648E+00,4.98047E-01
-5.7694560E-01,2.64648E+00,4.39453E-01
-5.7692712E-01,2.60742E+00,4.19922E-01
-5.7690864E-01,2.64648E+00,4.00391E-01
-5.7689016E-01,2.62695E+00,5.37109E-01
-5.7687168E-01,2.66602E+00,4.39453E-01
-5.7685320E-01,2.58789E+00,4.98047E-01
-5.7683472E-01,2.60742E+00,4.39453E-01
-5.7681624E-01,2.62695E+00,5.17578E-01
-5.7679776E-01,2.62695E+00,4.19922E-01
-5.7677928E-01,2.64648E+00,4.58984E-01
-5.7676080E-01,2.66602E+00,4.39453E-01
-5.7674232E-01,2.58789E+00,4.98047E-01
-5.7672384E-01,2.60742E+00,4.00391E-01
-5.7670536E-01,2.64648E+00,4.98047E-01
-5.7668688E-01,2.62695E+00,4.58984E-01
-5.7666840E-01,2.70508E+00,4.98047E-01
-5.7664992E-01,2.64648E+00,4.19922E-01
-5.7663144E-01,2.60742E+00,4.98047E-01
-5.7661296E-01,2.68555E+00,5.17578E-01
-5.7659448E-01,2.64648E+00,4.78516E-01
-5.7657600E-01,2.56836E+00,4.58984E-01
-5.7655752E-01,2.62695E+00,4.78516E-01
-5.7653904E-01,2.64648E+00,4.39453E-01
-5.7652056E-01,2.66602E+00,4.78516E-01
-5.7650208E-01,2.68555E+00,4.39453E-01
-5.7648360E-01,2.60742E+00,4.78516E-01
-5.7646512E-01,2.70508E+00,4.19922E-01
-5.7644664E-01,2.64648E+00,4.98047E-01
-5.7642816E-01,2.68555E+00,4.39453E-01
-5.7640968E-01,2.66602E+00,5.37109E-01
-5.7639120E-01,2.74414E+00,4.98047E-01
-5.7637272E-01,2.62695E+00,4.98047E-01
-5.7635424E-01,2.64648E+00,4.39453E-01
-5.7633576E-01,2.70508E+00,4.98047E-01
-5.7631728E-01,2.62695E+00,4.39453E-01
-5.7629880E-01,2.58789E+00,4.98047E-01
-5.7628032E-01,2.68555E+00,4.39453E-01
-5.7626184E-01,2.60742E+00,5.17578E-01
-5.7624336E-01,2.62695E+00,4.39453E-01
-5.7622488E-01,2.70508E+00,4.58984E-01
-5.7620640E-01,2.70508E+00,4.19922E-01
-5.7618792E-01,2.62695E+00,4.39453E-01
-5.7616944E-01,2.58789E+00,4.00391E-01
-5.7615096E-01,2.60742E+00,4.58984E-01
-5.7613248E-01,2.64648E+00,4.39453E-01
-5.7611400E-01,2.58789E+00,4.39453E-01
-5.7609552E-01,2.64648E+00,4.58984E-01
-5.7607704E-01,2.50977E+00,4.98047E-01
-5.7605856E-01,2.64648E+00,4.58984E-01
-5.7604008E-01,2.60742E+00,4.98047E-01
-5.7602160E-01,2.60742E+00,4.00391E-01
-5.7600312E-01,2.64648E+00,4.98047E-01
-5.7598464E-01,2.60742E+00,4.58984E-01
-5.7596616E-01,2.58789E+00,4.98047E-01
-5.7594768E-01,2.70508E+00,4.39453E-01
-5.7592920E-01,2.64648E+00,4.98047E-01
-5.7591072E-01,2.66602E+00,4.19922E-01
-5.7589224E-01,2.64648E+00,5.17578E-01
-5.7587376E-01,2.64648E+00,4.78516E-01
-5.7585528E-01,2.60742E+00,4.00391E-01
-5.7583680E-01,2.66602E+00,4.39453E-01
-5.7581832E-01,2.68555E+00,4.39453E-01
-5.7579984E-01,2.64648E+00,4.00391E-01
-5.7578136E-01,2.60742E+00,4.78516E-01
-5.7576288E-01,2.66602E+00,4.39453E-01
-5.7574440E-01,2.62695E+00,4.98047E-01
-5.7572592E-01,2.66602E+00,4.98047E-01
-5.7570744E-01,2.64648E+00,4.39453E-01
-5.7568896E-01,2.58789E+00,4.39453E-01
-5.7567048E-01,2.56836E+00,4.78516E-01
-5.7565200E-01,2.60742E+00,4.58984E-01
-5.7563352E-01,2.66602E+00,4.39453E-01
-5.7561504E-01,2.64648E+00,4.98047E-01
-5.7559656E-01,2.64648E+00,4.39453E-01
-5.7557808E-01,2.70508E+00,4.78516E-01
-5.7555960E-01,2.64648E+00,4.78516E-01
-5.7554112E-01,2.64648E+00,4.78516E-01
-5.7552264E-01,2.64648E+00,5.17578E-01
-5.7550416E-01,2.66602E+00,4.58984E-01
-5.7548568E-01,2.56836E+00,4.98047E-01
-5.7546720E-01,2.64648E+00,4.98047E-01
-5.7544872E-01,2.62695E+00,5.17578E-01
-5.7543024E-01,2.72461E+00,4.98047E-01
-5.7541176E-01,2.60742E+00,4.39453E-01
-5.7539328E-01,2.60742E+00,4.98047E-01
-5.7537480E-01,2.58789E+00,5.17578E-01
-5.7535632E-01,2.66602E+00,4.98047E-01
-5.7533784E-01,2.58789E+00,5.37109E-01
-5.7531936E-01,2.64648E+00,4.98047E-01
-5.7530088E-01,2.64648E+00,4.98047E-01
-5.7528240E-01,2.66602E+00,4.19922E-01
-5.7526392E-01,2.64648E+00,4.78516E-01
-5.7524544E-01,2.64648E+00,4.98047E-01
-5.7522696E-01,2.64648E+00,4.39453E-01
-5.7520848E-01,2.64648E+00,5.17578E-01
-5.7519000E-01,2.60742E+00,4.98047E-01
-5.7517152E-01,2.66602E+00,5.17578E-01
-5.7515304E-01,2.66602E+00,4.98047E-01
-5.7513456E-01,2.64648E+00,4.98047E-01
-5.7511608E-01,2.64648E+00,5.37109E-01
-5.7509760E-01,2.70508E+00,5.17578E-01
-5.7507912E-01,2.58789E+00,5.56641E-01
-5.7506064E-01,2.58789E+00,5.17578E-01
-5.7504216E-01,2.64648E+00,4.98047E-01
-5.7502368E-01,2.62695E+00,5.17578E-01
-5.7500520E-01,2.58789E+00,4.78516E-01
-5.7498672E-01,2.66602E+00,4.58984E-01
-5.7496824E-01,2.64648E+00,5.37109E-01
-5.7494976E-01,2.66602E+00,5.17578E-01
-5.7493128E-01,2.68555E+00,5.17578E-01
-5.7491280E-01,2.64648E+00,4.98047E-01
-5.7489432E-01,2.58789E+00,4.58984E-01
-5.7487584E-01,2.60742E+00,4.98047E-01
-5.7485736E-01,2.58789E+00,5.17578E-01
-5.7483888E-01,2.68555E+00,4.98047E-01
-5.7482040E-01,2.54883E+00,4.39453E-01
-5.7480192E-01,2.64648E+00,4.98047E-01
-5.7478344E-01,2.64648E+00,5.37109E-01
-5.7476496E-01,2.64648E+00,4.98047E-01
-5.7474648E-01,2.64648E+00,4.58984E-01
-5.7472800E-01,2.66602E+00,5.17578E-01
-5.7470952E-01,2.64648E+00,4.98047E-01
-5.7469104E-01,2.66602E+00,5.37109E-01
-5.7467256E-01,2.64648E+00,4.98047E-01
-5.7465408E-01,2.64648E+00,4.58984E-01
-5.7463560E-01,2.66602E+00,4.98047E-01
-5.7461712E-01,2.66602E+00,4.98047E-01
-5.7459864E-01,2.64648E+00,4.98047E-01
-5.7458016E-01,2.64648E+00,4.39453E-01
-5.7456168E-01,2.60742E+00,5.37109E-01
-5.7454320E-01,2.60742E+00,5.37109E-01
-5.7452472E-01,2.64648E+00,5.37109E-01
-5.7450624E-01,2.68555E+00,4.98047E-01
-5.7448776E-01,2.64648E+00,4.98047E-01
-5.7446928E-01,2.64648E+00,4.39453E-01
-5.7445080E-01,2.58789E+00,5.17578E-01
-5.7443232E-01,2.66602E+00,5.17578E-01
-5.7441384E-01,2.66602E+00,4.98047E-01
-5.7439536E-01,2.60742E+00,4.78516E-01
-5.7437688E-01,2.60742E+00,4.78516E-01
-5.7435840E-01,2.64648E+00,4.98047E-01
-5.7433992E-01,2.64648E+00,4.98047E-01
-5.7432144E-01,2.62695E+00,4.98047E-01
-5.7430296E-01,2.64648E+00,4.98047E-01
-5.7428448E-01,2.64648E+00,4.78516E-01
-5.7426600E-01,2.66602E+00,5.37109E-01
-5.7424752E-01,2.64648E+00,4.98047E-01
-5.7422904E-01,2.60742E+00,4.58984E-01
-5.7421056E-01,2.68555E+00,4.78516E-01
-5.7419208E-01,2.64648E+00,5.37109E-01
-5.7417360E-01,2.74414E+00,4.78516E-01
-5.7415512E-01,2.64648E+00,4.98047E-01
-5.7413664E-01,2.70508E+00,4.19922E-01
-5.7411816E-01,2.58789E+00,4.98047E-01
-5.7409968E-01,2.62695E+00,5.17578E-01
-5.7408120E-01,2.70508E+00,5.17578E-01
-5.7406272E-01,2.64648E+00,4.78516E-01
-5.7404424E-01,2.60742E+00,4.98047E-01
-5.7402576E-01,2.66602E+00,4.98047E-01
-5.7400728E-01,2.62695E+00,5.37109E-01
-5.7398880E-01,2.64648E+00,5.17578E-01
-5.7397032E-01,2.60742E+00,4.98047E-01
-5.7395184E-01,2.72461E+00,4.78516E-01
-5.7393336E-01,2.66602E+00,4.58984E-01
-5.7391488E-01,2.64648E+00,4.39453E-01
-5.7389640E-01,2.62695E+00,5.17578E-01
-5.7387792E-01,2.58789E+00,5.17578E-01
-5.7385944E-01,2.66602E+00,4.98047E-01
-5.7384096E-01,2.62695E+00,4.98047E-01
-5.7382248E-01,2.64648E+00,5.37109E-01
-5.7380400E-01,2.58789E+00,4.39453E-01
-5.7378552E-01,2.62695E+00,4.39453E-01
-5.7376704E-01,2.70508E+00,5.56641E-01
-5.7374856E-01,2.72461E+00,5.17578E-01
-5.7373008E-01,2.66602E+00,4.98047E-01
-5.7371160E-01,2.64648E+00,4.39453E-01
-5.7369312E-01,2.58789E+00,4.58984E-01
-5.7367464E-01,2.66602E+00,5.17578E-01
-5.7365616E-01,2.72461E+00,4.98047E-01
-5.7363768E-01,2.60742E+00,5.56641E-01
-5.7361920E-01,2.62695E+00,4.19922E-01
-5.7360072E-01,2.62695E+00,5.37109E-01
-5.7358224E-01,2.66602E+00,4.98047E-01
-5.7356376E-01,2.64648E+00,5.37109E-01
-5.7354528E-01,2.64648E+00,4.98047E-01
-5.7352680E-01,2.60742E+00,5.17578E-01
-5.7350832E-01,2.66602E+00,4.98047E-01
-5.7348984E-01,2.62695E+00,4.98047E-01
-5.7347136E-01,2.62695E+00,4.78516E-01
-5.7345288E-01,2.64648E+00,5.37109E-01
-5.7343440E-01,2.64648E+00,4.39453E-01
-5.7341592E-01,2.68555E+00,4.98047E-01
-5.7339744E-01,2.64648E+00,4.98047E-01
-5.7337896E-01,2.62695E+00,4.78516E-01
-5.7336048E-01,2.58789E+00,4.39453E-01
-5.7334200E-01,2.64648E+00,4.78516E-01
-5.7332352E-01,2.60742E+00,4.39453E-01
-5.7330504E-01,2.64648E+00,5.17578E-01
-5.7328656E-01,2.66602E+00,4.98047E-01
-5.7326808E-01,2.70508E+00,5.37109E-01
-5.7324960E-01,2.66602E+00,4.39453E-01
-5.7323112E-01,2.58789E+00,4.98047E-01
-5.7321264E-01,2.66602E+00,5.76172E-01
-5.7319416E-01,2.66602E+00,4.98047E-01
-5.7317568E-01,2.64648E+00,4.98047E-01
-5.7315720E-01,2.58789E+00,4.98047E-01
-5.7313872E-01,2.66602E+00,4.98047E-01
-5.7312024E-01,2.66602E+00,5.37109E-01
-5.7310176E-01,2.62695E+00,4.98047E-01
-5.7308328E-01,2.62695E+00,5.17578E-01
-5.7306480E-01,2.64648E+00,5.17578E-01
-5.7304632E-01,2.64648E+00,4.98047E-01
-5.7302784E-01,2.68555E+00,4.98047E-01
-5.7300936E-01,2.66602E+00,5.37109E-01
-5.7299088E-01,2.68555E+00,4.98047E-01
-5.7297240E-01,2.58789E+00,4.78516E-01
-5.7295392E-01,2.64648E+00,4.98047E-01
-5.7293544E-01,2.70508E+00,5.56641E-01
-5.7291696E-01,2.68555E+00,4.98047E-01
-5.7289848E-01,2.54883E+00,5.37109E-01
-5.7288000E-01,2.64648E+00,5.17578E-01
-5.7286152E-01,2.62695E+00,5.37109E-01
-5.7284304E-01,2.66602E+00,5.17578E-01
-5.7282456E-01,2.62695E+00,5.17578E-01
-5.7280608E-01,2.60742E+00,5.56641E-01
-5.7278760E-01,2.62695E+00,5.56641E-01
-5.7276912E-01,2.68555E+00,5.56641E-01
-5.7275064E-01,2.64648E+00,4.78516E-01
-5.7273216E-01,2.64648E+00,4.98047E-01
-5.7271368E-01,2.72461E+00,5.17578E-01
-5.7269520E-01,2.62695E+00,5.17578E-01
-5.7267672E-01,2.66602E+00,5.17578E-01
-5.7265824E-01,2.62695E+00,4.78516E-01
-5.7263976E-01,2.62695E+00,5.17578E-01
-5.7262128E-01,2.64648E+00,5.56641E-01
-5.7260280E-01,2.64648E+00,5.76172E-01
-5.7258432E-01,2.60742E+00,4.98047E-01
-5.7256584E-01,2.58789E+00,5.56641E-01
-5.7254736E-01,2.62695E+00,5.56641E-01
-5.7252888E-01,2.68555E+00,5.17578E-01
-5.7251040E-01,2.64648E+00,5.17578E-01
-5.7249192E-01,2.58789E+00,4.98047E-01
-5.7247344E-01,2.66602E+00,5.37109E-01
-5.7245496E-01,2.60742E+00,4.98047E-01
-5.7243648E-01,2.72461E+00,5.56641E-01
-5.7241800E-01,2.64648E+00,4.98047E-01
-5.7239952E-01,2.66602E+00,5.56641E-01
-5.7238104E-01,2.56836E+00,5.56641E-01
-5.7236256E-01,2.60742E+00,5.37109E-01
-5.7234408E-01,2.60742E+00,5.37109E-01
-5.7232560E-01,2.64648E+00,4.98047E-01
-5.7230712E-01,2.64648E+00,5.17578E-01
-5.7228864E-01,2.64648E+00,5.37109E-01
-5.7227016E-01,2.62695E+00,5.17578E-01
-5.7225168E-01,2.64648E+00,5.56641E-01
-5.7223320E-01,2.66602E+00,5.37109E-01
-5.7221472E-01,2.66602E+00,5.37109E-01
-5.7219624E-01,2.64648E+00,5.56641E-01
-5.7217776E-01,2.70508E+00,4.19922E-01
-5.7215928E-01,2.60742E+00,4.98047E-01
-5.7214080E-01,2.68555E+00,4.58984E-01
-5.7212232E-01,2.60742E+00,4.78516E-01
-5.7210384E-01,2.66602E+00,5.56641E-01
-5.7208536E-01,2.62695E+00,5.56641E-01
-5.7206688E-01,2.64648E+00,5.56641E-01
-5.7204840E-01,2.68555E+00,5.17578E-01
-5.7202992E-01,2.64648E+00,5.17578E-01
-5.7201144E-01,2.62695E+00,5.56641E-01
-5.7199296E-01,2.66602E+00,4.98047E-01
-5.7197448E-01,2.68555E+00,5.37109E-01
-5.7195600E-01,2.76367E+00,5.17578E-01
-5.7193752E-01,2.64648E+00,4.98047E-01
-5.7191904E-01,2.66602E+00,5.56641E-01
-5.7190056E-01,2.64648E+00,4.98047E-01
-5.7188208E-01,2.64648E+00,4.98047E-01
-5.7186360E-01,2.68555E+00,5.76172E-01
-5.7184512E-01,2.60742E+00,4.98047E-01
-5.7182664E-01,2.60742E+00,5.17578E-01
-5.7180816E-01,2.64648E+00,5.37109E-01
-5.7178968E-01,2.60742E+00,5.56641E-01
-5.7177120E-01,2.64648E+00,5.76172E-01
-5.7175272E-01,2.64648E+00,5.17578E-01
-5.7173424E-01,2.64648E+00,4.98047E-01
-5.7171576E-01,2.64648E+00,5.17578E-01
-5.7169728E-01,2.66602E+00,5.37109E-01
-5.7167880E-01,2.60742E+00,5.56641E-01
-5.7166032E-01,2.62695E+00,5.17578E-01
-5.7164184E-01,2.62695E+00,5.76172E-01
-5.7162336E-01,2.64648E+00,4.98047E-01
-5.7160488E-01,2.64648E+00,5.76172E-01
-5.7158640E-01,2.68555E+00,4.98047E-01
-5.7156792E-01,2.58789E+00,5.56641E-01
-5.7154944E-01,2.70508E+00,4.98047E-01
-5.7153096E-01,2.56836E+00,5.17578E-01
-5.7151248E-01,2.64648E+00,4.98047E-01
-5.7149400E-01,2.62695E+00,4.98047E-01
-5.7147552E-01,2.64648E+00,4.58984E-01
-5.7145704E-01,2.70508E+00,5.56641E-01
-5.7143856E-01,2.64648E+00,4.98047E-01
-5.7142008E-01,2.64648E+00,5.37109E-01
-5.7140160E-01,2.66602E+00,4.98047E-01
-5.7138312E-01,2.66602E+00,4.78516E-01
-5.7136464E-01,2.72461E+00,5.56641E-01
-5.7134616E-01,2.54883E+00,5.56641E-01
-5.7132768E-01,2.64648E+00,4.98047E-01
-5.7130920E-01,2.58789E+00,5.56641E-01
-5.7129072E-01,2.62695E+00,5.37109E-01
-5.7127224E-01,2.66602E+00,5.76172E-01
-5.7125376E-01,2.64648E+00,4.98047E-01
-5.7123528E-01,2.62695E+00,5.17578E-01
-5.7121680E-01,2.60742E+00,5.56641E-01
-5.7119832E-01,2.64648E+00,5.17578E-01
-5.7117984E-01,2.64648E+00,5.56641E-01
-5.7116136E-01,2.62695E+00,5.56641E-01
-5.7114288E-01,2.56836E+00,5.17578E-01
-5.7112440E-01,2.58789E+00,5.37109E-01
-5.7110592E-01,2.76367E+00,5.37109E-01
-5.7108744E-01,2.68555E+00,4.78516E-01
-5.7106896E-01,2.66602E+00,5.76172E-01
-5.7105048E-01,2.62695E+00,5.76172E-01
-5.7103200E-01,2.66602E+00,5.17578E-01
-5.7101352E-01,2.70508E+00,5.37109E-01
-5.7099504E-01,2.68555E+00,4.98047E-01
-5.7097656E-01,2.62695E+00,5.76172E-01
-5.7095808E-01,2.58789E+00,5.56641E-01
-5.7093960E-01,2.64648E+00,5.56641E-01
-5.7092112E-01,2.68555E+00,5.56641E-01
-5.7090264E-01,2.64648E+00,4.98047E-01
-5.7088416E-01,2.72461E+00,5.17578E-01
-5.7086568E-01,2.70508E+00,5.17578E-01
-5.7084720E-01,2.70508E+00,5.17578E-01
-5.7082872E-01,2.58789E+00,5.56641E-01
-5.7081024E-01,2.66602E+00,5.56641E-01
-5.7079176E-01,2.60742E+00,5.95703E-01
-5.7077328E-01,2.58789E+00,5.37109E-01
-5.7075480E-01,2.70508E+00,4.98047E-01
-5.7073632E-01,2.68555E+00,5.17578E-01
-5.7071784E-01,2.58789E+00,5.17578E-01
-5.7069936E-01,2.64648E+00,6.15234E-01
-5.7068088E-01,2.62695E+00,6.34766E-01
-5.7066240E-01,2.64648E+00,5.95703E-01
-5.7064392E-01,2.64648E+00,5.37109E-01
-5.7062544E-01,2.66602E+00,5.37109E-01
-5.7060696E-01,2.64648E+00,5.56641E-01
-5.7058848E-01,2.64648E+00,5.76172E-01
-5.7057000E-01,2.62695E+00,5.17578E-01
-5.7055152E-01,2.66602E+00,5.17578E-01
-5.7053304E-01,2.70508E+00,5.76172E-01
-5.7051456E-01,2.66602E+00,5.17578E-01
-5.7049608E-01,2.64648E+00,5.76172E-01
-5.7047760E-01,2.66602E+00,5.37109E-01
-5.7045912E-01,2.56836E+00,6.15234E-01
-5.7044064E-01,2.72461E+00,5.56641E-01
-5.7042216E-01,2.68555E+00,5.17578E-01
-5.7040368E-01,2.62695E+00,5.37109E-01
-5.7038520E-01,2.66602E+00,5.56641E-01
-5.7036672E-01,2.64648E+00,5.56641E-01
-5.7034824E-01,2.66602E+00,5.17578E-01
-5.7032976E-01,2.64648E+00,5.17578E-01
-5.7031128E-01,2.72461E+00,5.56641E-01
-5.7029280E-01,2.66602E+00,5.37109E-01
-5.7027432E-01,2.66602E+00,4.98047E-01
-5.7025584E-01,2.66602E+00,5.56641E-01
-5.7023736E-01,2.64648E+00,5.56641E-01
-5.7021888E-01,2.62695E+00,5.76172E-01
-5.7020040E-01,2.70508E+00,5.76172E-01
-5.7018192E-01,2.64648E+00,5.37109E-01
-5.7016344E-01,2.64648E+00,4.98047E-01
-5.7014496E-01,2.64648E+00,4.98047E-01
-5.7012648E-01,2.62695E+00,5.37109E-01
-5.7010800E-01,2.64648E+00,5.76172E-01
-5.7008952E-01,2.64648E+00,5.56641E-01
-5.7007104E-01,2.62695E+00,4.98047E-01
-5.7005256E-01,2.58789E+00,5.17578E-01
-5.7003408E-01,2.72461E+00,5.56641E-01
-5.7001560E-01,2.66602E+00,5.76172E-01
-5.6999712E-01,2.68555E+00,5.56641E-01
-5.6997864E-01,2.64648E+00,5.56641E-01
-5.6996016E-01,2.68555E+00,5.56641E-01
-5.6994168E-01,2.54883E+00,5.17578E-01
-5.6992320E-01,2.64648E+00,5.17578E-01
-5.6990472E-01,2.64648E+00,5.37109E-01
-5.6988624E-01,2.68555E+00,5.56641E-01
-5.6986776E-01,2.64648E+00,5.37109E-01
-5.6984928E-01,2.62695E+00,5.17578E-01
-5.6983080E-01,2.68555E+00,5.56641E-01
-5.6981232E-01,2.68555E+00,5.95703E-01
-5.6979384E-01,2.56836E+00,5.56641E-01
-5.6977536E-01,2.66602E+00,5.37109E-01
-5.6975688E-01,2.64648E+00,5.17578E-01
-5.6973840E-01,2.70508E+00,5.76172E-01
-5.6971992E-01,2.56836E+00,6.15234E-01
-5.6970144E-01,2.64648E+00,5.56641E-01
-5.6968296E-01,2.64648E+00,5.95703E-01
-5.6966448E-01,2.70508E+00,5.17578E-01
-5.6964600E-01,2.64648E+00,5.17578E-01
-5.6962752E-01,2.66602E+00,5.76172E-01
-5.6960904E-01,2.60742E+00,5.56641E-01
-5.6959056E-01,2.58789E+00,5.56641E-01
-5.6957208E-01,2.66602E+00,5.56641E-01
-5.6955360E-01,2.68555E+00,5.56641E-01
-5.6953512E-01,2.62695E+00,5.76172E-01
-5.6951664E-01,2.68555E+00,5.17578E-01
-5.6949816E-01,2.66602E+00,5.76172E-01
-5.6947968E-01,2.58789E+00,6.15234E-01
-5.6946120E-01,2.62695E+00,6.15234E-01
-5.6944272E-01,2.64648E+00,5.95703E-01
-5.6942424E-01,2.64648E+00,6.15234E-01
-5.6940576E-01,2.64648E+00,5.76172E-01
-5.6938728E-01,2.60742E+00,5.17578E-01
-5.6936880E-01,2.72461E+00,5.56641E-01
-5.6935032E-01,2.66602E+00,5.37109E-01
-5.6933184E-01,2.64648E+00,5.17578E-01
-5.6931336E-01,2.64648E+00,5.76172E-01
-5.6929488E-01,2.64648E+00,5.95703E-01
-5.6927640E-01,2.64648E+00,5.17578E-01
-5.6925792E-01,2.66602E+00,5.76172E-01
-5.6923944E-01,2.52930E+00,5.56641E-01
-5.6922096E-01,2.64648E+00,5.17578E-01
-5.6920248E-01,2.66602E+00,5.37109E-01
-5.6918400E-01,2.64648E+00,5.56641E-01
-5.6916552E-01,2.64648E+00,5.95703E-01
-5.6914704E-01,2.64648E+00,5.76172E-01
-5.6912856E-01,2.58789E+00,6.15234E-01
-5.6911008E-01,2.68555E+00,5.56641E-01
-5.6909160E-01,2.62695E+00,5.17578E-01
-5.6907312E-01,2.68555E+00,5.56641E-01
-5.6905464E-01,2.62695E+00,5.17578E-01
-5.6903616E-01,2.68555E+00,5.56641E-01
-5.6901768E-01,2.64648E+00,5.17578E-01
-5.6899920E-01,2.62695E+00,5.37109E-01
-5.6898072E-01,2.68555E+00,5.76172E-01
-5.6896224E-01,2.70508E+00,5.95703E-01
-5.6894376E-01,2.64648E+00,5.76172E-01
-5.6892528E-01,2.64648E+00,6.15234E-01
-5.6890680E-01,2.64648E+00,5.56641E-01
-5.6888832E-01,2.70508E+00,6.15234E-01
-5.6886984E-01,2.62695E+00,5.76172E-01
-5.6885136E-01,2.66602E+00,6.15234E-01
-5.6883288E-01,2.70508E+00,5.76172E-01
-5.6881440E-01,2.64648E+00,5.37109E-01
-5.6879592E-01,2.72461E+00,5.76172E-01
-5.6877744E-01,2.64648E+00,5.76172E-01
-5.6875896E-01,2.70508E+00,6.34766E-01
-5.6874048E-01,2.64648E+00,5.76172E-01
-5.6872200E-01,2.62695E+00,4.98047E-01
-5.6870352E-01,2.66602E+00,5.95703E-01
-5.6868504E-01,2.66602E+00,5.76172E-01
-5.6866656E-01,2.64648E+00,5.37109E-01
-5.6864808E-01,2.62695E+00,4.98047E-01
-5.6862960E-01,2.66602E+00,5.76172E-01
-5.6861112E-01,2.68555E+00,5.56641E-01
-5.6859264E-01,2.66602E+00,5.56641E-01
-5.6857416E-01,2.64648E+00,5.76172E-01
-5.6855568E-01,2.64648E+00,5.76172E-01
-5.6853720E-01,2.64648E+00,5.76172E-01
-5.6851872E-01,2.66602E+00,5.76172E-01
-5.6850024E-01,2.62695E+00,5.76172E-01
-5.6848176E-01,2.64648E+00,5.56641E-01
-5.6846328E-01,2.64648E+00,5.76172E-01
-5.6844480E-01,2.72461E+00,5.56641E-01
-5.6842632E-01,2.70508E+00,5.76172E-01
-5.6840784E-01,2.66602E+00,5.17578E-01
-5.6838936E-01,2.64648E+00,6.34766E-01
-5.6837088E-01,2.64648E+00,5.56641E-01
-5.6835240E-01,2.64648E+00,5.76172E-01
-5.6833392E-01,2.66602E+00,5.56641E-01
-5.6831544E-01,2.66602E+00,6.15234E-01
-5.6829696E-01,2.64648E+00,6.34766E-01
-5.6827848E-01,2.62695E+00,5.76172E-01
-5.6826000E-01,2.70508E+00,5.95703E-01
-5.6824152E-01,2.74414E+00,5.76172E-01
-5.6822304E-01,2.66602E+00,5.37109E-01
-5.6820456E-01,2.64648E+00,5.76172E-01
-5.6818608E-01,2.70508E+00,5.76172E-01
-5.6816760E-01,2.64648E+00,6.15234E-01
-5.6814912E-01,2.70508E+00,5.76172E-01
-5.6813064E-01,2.70508E+00,6.34766E-01
-5.6811216E-01,2.72461E+00,5.56641E-01
-5.6809368E-01,2.66602E+00,5.56641E-01
-5.6807520E-01,2.68555E+00,5.56641E-01
-5.6805672E-01,2.66602E+00,5.37109E-01
-5.6803824E-01,2.64648E+00,5.56641E-01
-5.6801976E-01,2.64648E+00,5.37109E-01
-5.6800128E-01,2.66602E+00,5.76172E-01
-5.6798280E-01,2.62695E+00,5.17578E-01
-5.6796432E-01,2.68555E+00,5.95703E-01
-5.6794584E-01,2.64648E+00,6.34766E-01
-5.6792736E-01,2.66602E+00,5.95703E-01
-5.6790888E-01,2.60742E+00,4.98047E-01
-5.6789040E-01,2.64648E+00,6.34766E-01
-5.6787192E-01,2.64648E+00,5.76172E-01
-5.6785344E-01,2.64648E+00,5.95703E-01
-5.6783496E-01,2.60742E+00,5.76172E-01
-5.6781648E-01,2.58789E+00,5.95703E-01
-5.6779800E-01,2.62695E+00,5.95703E-01
-5.6777952E-01,2.64648E+00,5.95703E-01
-5.6776104E-01,2.66602E+00,5.76172E-01
-5.6774256E-01,2.64648E+00,6.15234E-01
-5.6772408E-01,2.64648E+00,5.76172E-01
-5.6770560E-01,2.64648E+00,5.76172E-01
-5.6768712E-01,2.64648E+00,6.15234E-01
-5.6766864E-01,2.70508E+00,6.15234E-01
-5.6765016E-01,2.62695E+00,5.56641E-01
-5.6763168E-01,2.68555E+00,6.15234E-01
-5.6761320E-01,2.72461E+00,5.37109E-01
-5.6759472E-01,2.62695E+00,5.37109E-01
-5.6757624E-01,2.68555E+00,5.17578E-01
-5.6755776E-01,2.64648E+00,5.76172E-01
-5.6753928E-01,2.64648E+00,6.34766E-01
-5.6752080E-01,2.64648E+00,5.76172E-01
-5.6750232E-01,2.64648E+00,5.76172E-01
-5.6748384E-01,2.66602E+00,5.76172E-01
-5.6746536E-01,2.70508E+00,5.56641E-01
-5.6744688E-01,2.66602E+00,5.76172E-01
-5.6742840E-01,2.60742E+00,5.76172E-01
-5.6740992E-01,2.68555E+00,6.34766E-01
-5.6739144E-01,2.64648E+00,5.56641E-01
-5.6737296E-01,2.72461E+00,5.56641E-01
-5.6735448E-01,2.60742E+00,5.56641E-01
-5.6733600E-01,2.66602E+00,6.15234E-01
-5.6731752E-01,2.64648E+00,5.76172E-01
-5.6729904E-01,2.64648E+00,5.76172E-01
-5.6728056E-01,2.64648E+00,6.34766E-01
-5.6726208E-01,2.64648E+00,5.76172E-01
-5.6724360E-01,2.60742E+00,5.76172E-01
-5.6722512E-01,2.76367E+00,5.95703E-01
-5.6720664E-01,2.68555E+00,6.54297E-01
-5.6718816E-01,2.64648E+00,5.95703E-01
-5.6716968E-01,2.66602E+00,6.15234E-01
-5.6715120E-01,2.68555E+00,5.76172E-01
-5.6713272E-01,2.64648E+00,6.34766E-01
-5.6711424E-01,2.66602E+00,5.76172E-01
-5.6709576E-01,2.64648E+00,5.56641E-01
-5.6707728E-01,2.60742E+00,6.15234E-01
-5.6705880E-01,2.60742E+00,6.15234E-01
-5.6704032E-01,2.66602E+00,5.76172E-01
-5.6702184E-01,2.64648E+00,5.76172E-01
-5.6700336E-01,2.68555E+00,6.15234E-01
-5.6698488E-01,2.66602E+00,5.76172E-01
-5.6696640E-01,2.64648E+00,6.15234E-01
-5.6694792E-01,2.60742E+00,5.76172E-01
-5.6692944E-01,2.70508E+00,5.56641E-01
-5.6691096E-01,2.72461E+00,5.95703E-01
-5.6689248E-01,2.74414E+00,5.95703E-01
-5.6687400E-01,2.62695E+00,5.76172E-01
-5.6685552E-01,2.70508E+00,5.76172E-01
-5.6683704E-01,2.60742E+00,5.76172E-01
-5.6681856E-01,2.68555E+00,5.56641E-01
-5.6680008E-01,2.64648E+00,6.34766E-01
-5.6678160E-01,2.70508E+00,6.15234E-01
-5.6676312E-01,2.64648E+00,5.76172E-01
-5.6674464E-01,2.64648E+00,5.56641E-01
-5.6672616E-01,2.68555E+00,6.73828E-01
-5.6670768E-01,2.70508E+00,6.15234E-01
-5.6668920E-01,2.62695E+00,6.15234E-01
-5.6667072E-01,2.64648E+00,5.76172E-01
-5.6665224E-01,2.66602E+00,6.34766E-01
-5.6663376E-01,2.68555E+00,6.15234E-01
-5.6661528E-01,2.64648E+00,6.54297E-01
-5.6659680E-01,2.62695E+00,5.95703E-01
-5.6657832E-01,2.66602E+00,6.34766E-01
-5.6655984E-01,2.68555E+00,6.73828E-01
-5.6654136E-01,2.64648E+00,6.34766E-01
-5.6652288E-01,2.68555E+00,6.34766E-01
-5.6650440E-01,2.64648E+00,6.54297E-01
-5.6648592E-01,2.70508E+00,5.37109E-01
-5.6646744E-01,2.62695E+00,6.34766E-01
-5.6644896E-01,2.64648E+00,6.34766E-01
-5.6643048E-01,2.64648E+00,5.95703E-01
-5.6641200E-01,2.66602E+00,5.95703E-01
-5.6639352E-01,2.72461E+00,6.73828E-01
-5.6637504E-01,2.70508E+00,5.95703E-01
-5.6635656E-01,2.60742E+00,5.76172E-01
-5.6633808E-01,2.62695E+00,6.15234E-01
-5.6631960E-01,2.66602E+00,5.37109E-01
-5.6630112E-01,2.64648E+00,5.95703E-01
-5.6628264E-01,2.64648E+00,5.37109E-01
-5.6626416E-01,2.66602E+00,5.76172E-01
-5.6624568E-01,2.64648E+00,5.76172E-01
-5.6622720E-01,2.66602E+00,6.15234E-01
-5.6620872E-01,2.62695E+00,5.76172E-01
-5.6619024E-01,2.68555E+00,5.95703E-01
-5.6617176E-01,2.62695E+00,5.76172E-01
-5.6615328E-01,2.64648E+00,6.34766E-01
-5.6613480E-01,2.64648E+00,6.93359E-01
-5.6611632E-01,2.68555E+00,5.76172E-01
-5.6609784E-01,2.64648E+00,5.76172E-01
-5.6607936E-01,2.64648E+00,6.15234E-01
-5.6606088E-01,2.68555E+00,7.12891E-01
-5.6604240E-01,2.62695E+00,6.34766E-01
-5.6602392E-01,2.72461E+00,5.76172E-01
-5.6600544E-01,2.64648E+00,6.15234E-01
-5.6598696E-01,2.68555E+00,6.73828E-01
-5.6596848E-01,2.72461E+00,6.15234E-01
-5.6595000E-01,2.66602E+00,5.95703E-01
-5.6593152E-01,2.68555E+00,6.34766E-01
-5.6591304E-01,2.66602E+00,5.37109E-01
-5.6589456E-01,2.62695E+00,6.34766E-01
-5.6587608E-01,2.64648E+00,5.76172E-01
-5.6585760E-01,2.70508E+00,5.76172E-01
-5.6583912E-01,2.66602E+00,6.54297E-01
-5.6582064E-01,2.64648E+00,5.76172E-01
-5.6580216E-01,2.72461E+00,5.76172E-01
-5.6578368E-01,2.66602E+00,6.15234E-01
-5.6576520E-01,2.68555E+00,6.73828E-01
-5.6574672E-01,2.70508E+00,5.95703E-01
-5.6572824E-01,2.62695E+00,6.34766E-01
-5.6570976E-01,2.68555E+00,6.54297E-01
-5.6569128E-01,2.68555E+00,5.76172E-01
-5.6567280E-01,2.64648E+00,5.95703E-01
-5.6565432E-01,2.60742E+00,6.34766E-01
-5.6563584E-01,2.64648E+00,6.54297E-01
-5.6561736E-01,2.64648E+00,6.73828E-01
-5.6559888E-01,2.72461E+00,5.95703E-01
-5.6558040E-01,2.64648E+00,6.54297E-01
-5.6556192E-01,2.68555E+00,5.95703E-01
-5.6554344E-01,2.64648E+00,6.54297E-01
-5.6552496E-01,2.64648E+00,6.34766E-01
-5.6550648E-01,2.66602E+00,6.15234E-01
-5.6548800E-01,2.66602E+00,6.54297E-01
-5.6546952E-01,2.64648E+00,6.15234E-01
-5.6545104E-01,2.62695E+00,5.95703E-01
-5.6543256E-01,2.62695E+00,5.56641E-01
-5.6541408E-01,2.76367E+00,6.54297E-01
-5.6539560E-01,2.70508E+00,5.95703E-01
-5.6537712E-01,2.70508E+00,5.95703E-01
-5.6535864E-01,2.72461E+00,5.56641E-01
-5.6534016E-01,2.74414E+00,6.54297E-01
-5.6532168E-01,2.64648E+00,6.15234E-01
-5.6530320E-01,2.72461E+00,6.73828E-01
-5.6528472E-01,2.62695E+00,5.95703E-01
-5.6526624E-01,2.64648E+00,5.76172E-01
-5.6524776E-01,2.68555E+00,5.76172E-01
-5.6522928E-01,2.66602E+00,5.95703E-01
-5.6521080E-01,2.68555E+00,5.95703E-01
-5.6519232E-01,2.64648E+00,6.93359E-01
-5.6517384E-01,2.72461E+00,5.37109E-01
-5.6515536E-01,2.74414E+00,5.76172E-01
-5.6513688E-01,2.60742E+00,5.76172E-01
-5.6511840E-01,2.66602E+00,6.34766E-01
-5.6509992E-01,2.64648E+00,6.34766E-01
-5.6508144E-01,2.72461E+00,6.15234E-01
-5.6506296E-01,2.64648E+00,6.15234E-01
-5.6504448E-01,2.60742E+00,6.54297E-01
-5.6502600E-01,2.64648E+00,6.54297E-01
-5.6500752E-01,2.66602E+00,5.37109E-01
-5.6498904E-01,2.68555E+00,6.34766E-01
-5.6497056E-01,2.66602E+00,6.34766E-01
-5.6495208E-01,2.76367E+00,6.34766E-01
-5.6493360E-01,2.64648E+00,5.76172E-01
-5.6491512E-01,2.74414E+00,6.54297E-01
-5.6489664E-01,2.66602E+00,6.34766E-01
-5.6487816E-01,2.64648E+00,6.15234E-01
-5.6485968E-01,2.64648E+00,6.15234E-01
-5.6484120E-01,2.68555E+00,6.54297E-01
-5.6482272E-01,2.76367E+00,5.95703E-01
-5.6480424E-01,2.70508E+00,6.34766E-01
-5.6478576E-01,2.66602E+00,5.95703E-01
-5.6476728E-01,2.64648E+00,5.95703E-01
-5.6474880E-01,2.70508E+00,6.15234E-01
-5.6473032E-01,2.62695E+00,6.34766E-01
-5.6471184E-01,2.70508E+00,6.54297E-01
-5.6469336E-01,2.64648E+00,6.73828E-01
-5.6467488E-01,2.68555E+00,6.15234E-01
-5.6465640E-01,2.64648E+00,5.95703E-01
-5.6463792E-01,2.66602E+00,6.54297E-01
-5.6461944E-01,2.70508E+00,5.95703E-01
-5.6460096E-01,2.62695E+00,6.15234E-01
-5.6458248E-01,2.74414E+00,6.54297E-01
-5.6456400E-01,2.70508E+00,6.15234E-01
-5.6454552E-01,2.64648E+00,6.54297E-01
-5.6452704E-01,2.64648E+00,5.95703E-01
-5.6450856E-01,2.64648E+00,6.34766E-01
-5.6449008E-01,2.72461E+00,6.54297E-01
-5.6447160E-01,2.64648E+00,5.95703E-01
-5.6445312E-01,2.64648E+00,5.95703E-01
-5.6443464E-01,2.70508E+00,6.54297E-01
-5.6441616E-01,2.66602E+00,6.73828E-01
-5.6439768E-01,2.62695E+00,6.73828E-01
-5.6437920E-01,2.68555E+00,6.54297E-01
-5.6436072E-01,2.64648E+00,6.34766E-01
-5.6434224E-01,2.64648E+00,5.95703E-01
-5.6432376E-01,2.62695E+00,6.34766E-01
-5.6430528E-01,2.66602E+00,6.54297E-01
-5.6428680E-01,2.66602E+00,6.34766E-01
-5.6426832E-01,2.64648E+00,6.73828E-01
-5.6424984E-01,2.68555E+00,6.15234E-01
-5.6423136E-01,2.68555E+00,6.54297E-01
-5.6421288E-01,2.64648E+00,6.54297E-01
-5.6419440E-01,2.68555E+00,6.54297E-01
-5.6417592E-01,2.64648E+00,6.34766E-01
-5.6415744E-01,2.70508E+00,6.54297E-01
-5.6413896E-01,2.72461E+00,5.76172E-01
-5.6412048E-01,2.74414E+00,6.54297E-01
-5.6410200E-01,2.66602E+00,7.12891E-01
-5.6408352E-01,2.64648E+00,6.54297E-01
-5.6406504E-01,2.62695E+00,6.54297E-01
-5.6404656E-01,2.64648E+00,6.15234E-01
-5.6402808E-01,2.66602E+00,5.76172E-01
-5.6400960E-01,2.68555E+00,5.95703E-01
-5.6399112E-01,2.64648E+00,6.73828E-01
-5.6397264E-01,2.70508E+00,6.73828E-01
-5.6395416E-01,2.66602E+00,5.76172E-01
-5.6393568E-01,2.66602E+00,6.34766E-01
-5.6391720E-01,2.60742E+00,6.54297E-01
-5.6389872E-01,2.72461E+00,5.95703E-01
-5.6388024E-01,2.64648E+00,6.93359E-01
-5.6386176E-01,2.64648E+00,5.95703E-01
-5.6384328E-01,2.70508E+00,6.15234E-01
-5.6382480E-01,2.64648E+00,6.54297E-01
-5.6380632E-01,2.66602E+00,5.56641E-01
-5.6378784E-01,2.64648E+00,6.54297E-01
-5.6376936E-01,2.68555E+00,6.54297E-01
-5.6375088E-01,2.66602E+00,6.34766E-01
-5.6373240E-01,2.62695E+00,6.73828E-01
-5.6371392E-01,2.68555E+00,6.73828E-01
-5.6369544E-01,2.72461E+00,6.54297E-01
-5.6367696E-01,2.68555E+00,6.73828E-01
-5.6365848E-01,2.68555E+00,6.54297E-01
-5.6364000E-01,2.64648E+00,5.76172E-01
-5.6362152E-01,2.70508E+00,7.12891E-01
-5.6360304E-01,2.70508E+00,6.15234E-01
-5.6358456E-01,2.68555E+00,6.93359E-01
-5.6356608E-01,2.62695E+00,6.15234E-01
-5.6354760E-01,2.64648E+00,6.15234E-01
-5.6352912E-01,2.70508E+00,6.54297E-01
-5.6351064E-01,2.64648E+00,6.93359E-01
-5.6349216E-01,2.66602E+00,6.73828E-01
-5.6347368E-01,2.66602E+00,6.34766E-01
-5.6345520E-01,2.70508E+00,5.95703E-01
-5.6343672E-01,2.68555E+00,6.73828E-01
-5.6341824E-01,2.64648E+00,6.54297E-01
-5.6339976E-01,2.64648E+00,5.95703E-01
-5.6338128E-01,2.66602E+00,6.54297E-01
-5.6336280E-01,2.64648E+00,7.12891E-01
-5.6334432E-01,2.64648E+00,6.54297E-01
-5.6332584E-01,2.64648E+00,7.12891E-01
-5.6330736E-01,2.66602E+00,6.34766E-01
-5.6328888E-01,2.54883E+00,6.54297E-01
-5.6327040E-01,2.72461E+00,6.54297E-01
-5.6325192E-01,2.68555E+00,5.76172E-01
-5.6323344E-01,2.72461E+00,6.73828E-01
-5.6321496E-01,2.72461E+00,5.76172E-01
-5.6319648E-01,2.66602E+00,6.54297E-01
-5.6317800E-01,2.66602E+00,6.34766E-01
-5.6315952E-01,2.66602E+00,6.54297E-01
-5.6314104E-01,2.76367E+00,6.34766E-01
-5.6312256E-01,2.72461E+00,6.15234E-01
-5.6310408E-01,2.68555E+00,6.54297E-01
-5.6308560E-01,2.74414E+00,6.73828E-01
-5.6306712E-01,2.64648E+00,6.34766E-01
-5.6304864E-01,2.72461E+00,6.15234E-01
-5.6303016E-01,2.72461E+00,6.73828E-01
-5.6301168E-01,2.72461E+00,6.93359E-01
-5.6299320E-01,2.72461E+00,6.15234E-01
-5.6297472E-01,2.64648E+00,6.54297E-01
-5.6295624E-01,2.74414E+00,6.73828E-01
-5.6293776E-01,2.66602E+00,6.34766E-01
-5.6291928E-01,2.64648E+00,6.34766E-01
-5.6290080E-01,2.68555E+00,6.93359E-01
-5.6288232E-01,2.68555E+00,6.54297E-01
-5.6286384E-01,2.66602E+00,6.93359E-01
-5.6284536E-01,2.62695E+00,6.73828E-01
-5.6282688E-01,2.72461E+00,6.93359E-01
-5.6280840E-01,2.66602E+00,6.93359E-01
-5.6278992E-01,2.66602E+00,6.54297E-01
-5.6277144E-01,2.60742E+00,6.73828E-01
-5.6275296E-01,2.64648E+00,6.93359E-01
-5.6273448E-01,2.64648E+00,7.12891E-01
-5.6271600E-01,2.64648E+00,6.73828E-01
-5.6269752E-01,2.70508E+00,6.54297E-01
-5.6267904E-01,2.70508E+00,6.73828E-01
-5.6266056E-01,2.66602E+00,6.54297E-01
-5.6264208E-01,2.72461E+00,6.34766E-01
-5.6262360E-01,2.66602E+00,6.34766E-01
-5.6260512E-01,2.68555E+00,6.73828E-01
-5.6258664E-01,2.74414E+00,6.93359E-01
-5.6256816E-01,2.72461E+00,6.54297E-01
-5.6254968E-01,2.72461E+00,5.95703E-01
-5.6253120E-01,2.68555E+00,6.34766E-01
-5.6251272E-01,2.66602E+00,6.73828E-01
-5.6249424E-01,2.66602E+00,6.34766E-01
-5.6247576E-01,2.70508E+00,6.73828E-01
-5.6245728E-01,2.66602E+00,7.12891E-01
-5.6243880E-01,2.66602E+00,6.54297E-01
-5.6242032E-01,2.66602E+00,6.93359E-01
-5.6240184E-01,2.70508E+00,6.34766E-01
-5.6238336E-01,2.66602E+00,6.93359E-01
-5.6236488E-01,2.70508E+00,7.12891E-01
-5.6234640E-01,2.64648E+00,6.54297E-01
-5.6232792E-01,2.62695E+00,7.12891E-01
-5.6230944E-01,2.64648E+00,6.93359E-01
-5.6229096E-01,2.66602E+00,6.15234E-01
-5.6227248E-01,2.66602E+00,6.34766E-01
-5.6225400E-01,2.70508E+00,6.34766E-01
-5.6223552E-01,2.70508E+00,6.34766E-01
-5.6221704E-01,2.68555E+00,7.51953E-01
-5.6219856E-01,2.72461E+00,6.93359E-01
-5.6218008E-01,2.64648E+00,6.93359E-01
-5.6216160E-01,2.64648E+00,6.93359E-01
-5.6214312E-01,2.72461E+00,6.34766E-01
-5.6212464E-01,2.72461E+00,6.34766E-01
-5.6210616E-01,2.70508E+00,6.54297E-01
-5.6208768E-01,2.70508E+00,5.95703E-01
-5.6206920E-01,2.70508E+00,6.73828E-01
-5.6205072E-01,2.68555E+00,7.12891E-01
-5.6203224E-01,2.64648E+00,6.73828E-01
-5.6201376E-01,2.64648E+00,6.93359E-01
-5.6199528E-01,2.66602E+00,6.34766E-01
-5.6197680E-01,2.70508E+00,6.34766E-01
-5.6195832E-01,2.64648E+00,6.54297E-01
-5.6193984E-01,2.64648E+00,7.12891E-01
-5.6192136E-01,2.64648E+00,7.12891E-01
-5.6190288E-01,2.66602E+00,6.93359E-01
-5.6188440E-01,2.68555E+00,7.12891E-01
-5.6186592E-01,2.66602E+00,6.54297E-01
-5.6184744E-01,2.68555E+00,6.34766E-01
-5.6182896E-01,2.72461E+00,6.73828E-01
-5.6181048E-01,2.64648E+00,7.71484E-01
-5.6179200E-01,2.68555E+00,6.54297E-01
-5.6177352E-01,2.64648E+00,6.34766E-01
-5.6175504E-01,2.72461E+00,6.34766E-01
-5.6173656E-01,2.66602E+00,6.54297E-01
-5.6171808E-01,2.72461E+00,6.15234E-01
-5.6169960E-01,2.60742E+00,6.34766E-01
-5.6168112E-01,2.68555E+00,7.12891E-01
-5.6166264E-01,2.68555E+00,7.12891E-01
-5.6164416E-01,2.76367E+00,6.93359E-01
-5.6162568E-01,2.64648E+00,7.12891E-01
-5.6160720E-01,2.66602E+00,6.54297E-01
-5.6158872E-01,2.64648E+00,6.54297E-01
-5.6157024E-01,2.72461E+00,6.93359E-01
-5.6155176E-01,2.72461E+00,6.73828E-01
-5.6153328E-01,2.64648E+00,6.93359E-01
-5.6151480E-01,2.70508E+00,6.54297E-01
-5.6149632E-01,2.62695E+00,7.51953E-01
-5.6147784E-01,2.70508E+00,6.93359E-01
-5.6145936E-01,2.64648E+00,6.34766E-01
-5.6144088E-01,2.64648E+00,6.54297E-01
-5.6142240E-01,2.70508E+00,7.12891E-01
-5.6140392E-01,2.60742E+00,6.54297E-01
-5.6138544E-01,2.68555E+00,6.73828E-01
-5.6136696E-01,2.72461E+00,6.73828E-01
-5.6134848E-01,2.66602E+00,7.32422E-01
-5.6133000E-01,2.58789E+00,6.73828E-01
-5.6131152E-01,2.64648E+00,6.73828E-01
-5.6129304E-01,2.62695E+00,6.73828E-01
-5.6127456E-01,2.72461E+00,6.54297E-01
-5.6125608E-01,2.64648E+00,6.93359E-01
-5.6123760E-01,2.74414E+00,6.73828E-01
-5.6121912E-01,2.66602E+00,7.12891E-01
-5.6120064E-01,2.64648E+00,6.73828E-01
-5.6118216E-01,2.68555E+00,6.54297E-01
-5.6116368E-01,2.70508E+00,5.95703E-01
-5.6114520E-01,2.68555E+00,6.73828E-01
-5.6112672E-01,2.68555E+00,6.54297E-01
-5.6110824E-01,2.72461E+00,7.12891E-01
-5.6108976E-01,2.66602E+00,7.71484E-01
-5.6107128E-01,2.64648E+00,6.93359E-01
-5.6105280E-01,2.66602E+00,7.71484E-01
-5.6103432E-01,2.58789E+00,6.54297E-01
-5.6101584E-01,2.74414E+00,6.93359E-01
-5.6099736E-01,2.66602E+00,6.54297E-01
-5.6097888E-01,2.74414E+00,6.73828E-01
-5.6096040E-01,2.66602E+00,6.73828E-01
-5.6094192E-01,2.70508E+00,6.73828E-01
-5.6092344E-01,2.64648E+00,7.32422E-01
-5.6090496E-01,2.74414E+00,7.12891E-01
-5.6088648E-01,2.64648E+00,6.73828E-01
-5.6086800E-01,2.76367E+00,7.12891E-01
-5.6084952E-01,2.70508E+00,6.73828E-01
-5.6083104E-01,2.72461E+00,6.93359E-01
-5.6081256E-01,2.66602E+00,6.73828E-01
-5.6079408E-01,2.70508E+00,6.54297E-01
-5.6077560E-01,2.66602E+00,7.12891E-01
-5.6075712E-01,2.74414E+00,6.73828E-01
-5.6073864E-01,2.66602E+00,7.32422E-01
-5.6072016E-01,2.70508E+00,6.54297E-01
-5.6070168E-01,2.60742E+00,6.54297E-01
-5.6068320E-01,2.64648E+00,6.73828E-01
-5.6066472E-01,2.66602E+00,6.93359E-01
-5.6064624E-01,2.72461E+00,6.54297E-01
-5.6062776E-01,2.76367E+00,6.73828E-01
-5.6060928E-01,2.66602E+00,6.54297E-01
-5.6059080E-01,2.70508E+00,6.93359E-01
-5.6057232E-01,2.72461E+00,7.12891E-01
-5.6055384E-01,2.72461E+00,6.93359E-01
-5.6053536E-01,2.62695E+00,6.73828E-01
-5.6051688E-01,2.70508E+00,6.54297E-01
-5.6049840E-01,2.72461E+00,6.54297E-01
-5.6047992E-01,2.72461E+00,6.54297E-01
-5.6046144E-01,2.72461E+00,6.54297E-01
-5.6044296E-01,2.64648E+00,6.73828E-01
-5.6042448E-01,2.72461E+00,6.54297E-01
-5.6040600E-01,2.72461E+00,6.34766E-01
-5.6038752E-01,2.66602E+00,7.12891E-01
-5.6036904E-01,2.64648E+00,6.34766E-01
-5.6035056E-01,2.64648E+00,6.54297E-01
-5.6033208E-01,2.64648E+00,7.12891E-01
-5.6031360E-01,2.74414E+00,6.34766E-01
-5.6029512E-01,2.66602E+00,6.73828E-01
-5.6027664E-01,2.66602E+00,6.54297E-01
-5.6025816E-01,2.72461E+00,7.12891E-01
-5.6023968E-01,2.66602E+00,6.34766E-01
-5.6022120E-01,2.74414E+00,7.51953E-01
-5.6020272E-01,2.74414E+00,6.54297E-01
-5.6018424E-01,2.72461E+00,6.93359E-01
-5.6016576E-01,2.66602E+00,6.54297E-01
-5.6014728E-01,2.76367E+00,6.93359E-01
-5.6012880E-01,2.68555E+00,6.54297E-01
-5.6011032E-01,2.72461E+00,7.12891E-01
-5.6009184E-01,2.70508E+00,6.73828E-01
-5.6007336E-01,2.72461E+00,6.73828E-01
-5.6005488E-01,2.66602E+00,7.12891E-01
-5.6003640E-01,2.62695E+00,6.93359E-01
-5.6001792E-01,2.74414E+00,7.12891E-01
-5.5999944E-01,2.68555E+00,6.54297E-01
-5.5998096E-01,2.66602E+00,7.12891E-01
-5.5996248E-01,2.70508E+00,7.12891E-01
-5.5994400E-01,2.72461E+00,6.93359E-01
-5.5992552E-01,2.66602E+00,7.12891E-01
-5.5990704E-01,2.76367E+00,6.93359E-01
-5.5988856E-01,2.66602E+00,6.73828E-01
-5.5987008E-01,2.68555E+00,6.54297E-01
-5.5985160E-01,2.66602E+00,7.12891E-01
-5.5983312E-01,2.68555E+00,6.54297E-01
-5.5981464E-01,2.72461E+00,7.91016E-01
-5.5979616E-01,2.66602E+00,6.54297E-01
-5.5977768E-01,2.68555E+00,6.93359E-01
-5.5975920E-01,2.68555E+00,7.12891E-01
-5.5974072E-01,2.74414E+00,7.71484E-01
-5.5972224E-01,2.70508E+00,7.12891E-01
-5.5970376E-01,2.66602E+00,6.93359E-01
-5.5968528E-01,2.72461E+00,6.54297E-01
-5.5966680E-01,2.74414E+00,6.54297E-01
-5.5964832E-01,2.68555E+00,7.12891E-01
-5.5962984E-01,2.66602E+00,6.54297E-01
-5.5961136E-01,2.76367E+00,6.54297E-01
-5.5959288E-01,2.66602E+00,6.93359E-01
-5.5957440E-01,2.70508E+00,6.93359E-01
-5.5955592E-01,2.64648E+00,7.32422E-01
-5.5953744E-01,2.72461E+00,7.12891E-01
-5.5951896E-01,2.72461E+00,6.93359E-01
-5.5950048E-01,2.68555E+00,7.12891E-01
-5.5948200E-01,2.64648E+00,7.51953E-01
-5.5946352E-01,2.72461E+00,5.95703E-01
-5.5944504E-01,2.66602E+00,7.51953E-01
-5.5942656E-01,2.74414E+00,6.54297E-01
-5.5940808E-01,2.68555E+00,6.73828E-01
-5.5938960E-01,2.74414E+00,6.73828E-01
-5.5937112E-01,2.66602E+00,7.32422E-01
-5.5935264E-01,2.72461E+00,6.73828E-01
-5.5933416E-01,2.64648E+00,7.51953E-01
-5.5931568E-01,2.76367E+00,6.54297E-01
-5.5929720E-01,2.64648E+00,7.12891E-01
-5.5927872E-01,2.74414E+00,7.12891E-01
-5.5926024E-01,2.68555E+00,7.12891E-01
-5.5924176E-01,2.74414E+00,6.54297E-01
-5.5922328E-01,2.70508E+00,7.12891E-01
-5.5920480E-01,2.76367E+00,7.12891E-01
-5.5918632E-01,2.72461E+00,7.12891E-01
-5.5916784E-01,2.70508E+00,6.93359E-01
-5.5914936E-01,2.72461E+00,7.51953E-01
-5.5913088E-01,2.74414E+00,6.73828E-01
-5.5911240E-01,2.68555E+00,7.71484E-01
-5.5909392E-01,2.68555E+00,6.93359E-01
-5.5907544E-01,2.68555E+00,7.71484E-01
-5.5905696E-01,2.72461E+00,6.73828E-01
-5.5903848E-01,2.76367E+00,7.12891E-01
-5.5902000E-01,2.66602E+00,7.51953E-01
-5.5900152E-01,2.70508E+00,6.73828E-01
-5.5898304E-01,2.66602E+00,6.34766E-01
-5.5896456E-01,2.72461E+00,6.54297E-01
-5.5894608E-01,2.74414E+00,6.34766E-01
-5.5892760E-01,2.68555E+00,7.12891E-01
-5.5890912E-01,2.76367E+00,7.51953E-01
-5.5889064E-01,2.66602E+00,6.54297E-01
-5.5887216E-01,2.72461E+00,6.73828E-01
-5.5885368E-01,2.74414E+00,7.12891E-01
-5.5883520E-01,2.74414E+00,6.73828E-01
-5.5881672E-01,2.70508E+00,7.32422E-01
-5.5879824E-01,2.74414E+00,6.54297E-01
-5.5877976E-01,2.74414E+00,7.12891E-01
-5.5876128E-01,2.72461E+00,7.12891E-01
-5.5874280E-01,2.66602E+00,7.51953E-01
-5.5872432E-01,2.68555E+00,6.73828E-01
-5.5870584E-01,2.66602E+00,7.32422E-01
-5.5868736E-01,2.70508E+00,6.73828E-01
-5.5866888E-01,2.66602E+00,6.54297E-01
-5.5865040E-01,2.68555E+00,6.93359E-01
-5.5863192E-01,2.62695E+00,6.93359E-01
-5.5861344E-01,2.70508E+00,6.93359E-01
-5.5859496E-01,2.66602E+00,7.12891E-01
-5.5857648E-01,2.66602E+00,6.93359E-01
-5.5855800E-01,2.60742E+00,7.32422E-01
-5.5853952E-01,2.76367E+00,6.54297E-01
-5.5852104E-01,2.66602E+00,7.12891E-01
-5.5850256E-01,2.72461E+00,7.51953E-01
-5.5848408E-01,2.68555E+00,7.12891E-01
-5.5846560E-01,2.64648E+00,6.93359E-01
-5.5844712E-01,2.72461E+00,7.12891E-01
-5.5842864E-01,2.72461E+00,6.54297E-01
-5.5841016E-01,2.64648E+00,7.71484E-01
-5.5839168E-01,2.72461E+00,7.51953E-01
-5.5837320E-01,2.64648E+00,6.93359E-01
-5.5835472E-01,2.66602E+00,7.32422E-01
-5.5833624E-01,2.78320E+00,7.32422E-01
-5.5831776E-01,2.64648E+00,7.51953E-01
-5.5829928E-01,2.68555E+00,7.51953E-01
-5.5828080E-01,2.70508E+00,7.12891E-01
-5.5826232E-01,2.74414E+00,7.51953E-01
-5.5824384E-01,2.68555E+00,6.93359E-01
-5.5822536E-01,2.72461E+00,7.51953E-01
-5.5820688E-01,2.70508E+00,6.54297E-01
-5.5818840E-01,2.70508E+00,7.71484E-01
-5.5816992E-01,2.74414E+00,7.32422E-01
-5.5815144E-01,2.72461E+00,7.51953E-01
-5.5813296E-01,2.72461E+00,7.12891E-01
-5.5811448E-01,2.72461E+00,6.93359E-01
-5.5809600E-01,2.66602E+00,7.12891E-01
-5.5807752E-01,2.66602E+00,7.51953E-01
-5.5805904E-01,2.70508E+00,7.12891E-01
-5.5804056E-01,2.68555E+00,8.10547E-01
-5.5802208E-01,2.70508E+00,7.12891E-01
-5.5800360E-01,2.72461E+00,7.12891E-01
-5.5798512E-01,2.70508E+00,7.51953E-01
-5.5796664E-01,2.68555E+00,6.73828E-01
-5.5794816E-01,2.74414E+00,6.54297E-01
-5.5792968E-01,2.72461E+00,7.32422E-01
-5.5791120E-01,2.66602E+00,7.32422E-01
-5.5789272E-01,2.72461E+00,7.32422E-01
-5.5787424E-01,2.72461E+00,6.93359E-01
-5.5785576E-01,2.64648E+00,7.91016E-01
-5.5783728E-01,2.64648E+00,7.12891E-01
-5.5781880E-01,2.70508E+00,7.12891E-01
-5.5780032E-01,2.68555E+00,6.93359E-01
-5.5778184E-01,2.70508E+00,7.32422E-01
-5.5776336E-01,2.68555E+00,6.73828E-01
-5.5774488E-01,2.78320E+00,7.32422E-01
-5.5772640E-01,2.72461E+00,7.71484E-01
-5.5770792E-01,2.70508E+00,7.12891E-01
-5.5768944E-01,2.74414E+00,7.12891E-01
-5.5767096E-01,2.72461E+00,6.73828E-01
-5.5765248E-01,2.68555E+00,7.12891E-01
-5.5763400E-01,2.64648E+00,7.12891E-01
-5.5761552E-01,2.64648E+00,6.93359E-01
-5.5759704E-01,2.66602E+00,6.93359E-01
-5.5757856E-01,2.70508E+00,7.12891E-01
-5.5756008E-01,2.66602E+00,7.51953E-01
-5.5754160E-01,2.78320E+00,7.32422E-01
-5.5752312E-01,2.66602E+00,6.54297E-01
-5.5750464E-01,2.66602E+00,6.93359E-01
-5.5748616E-01,2.70508E+00,7.12891E-01
-5.5746768E-01,2.74414E+00,7.12891E-01
-5.5744920E-01,2.72461E+00,7.32422E-01
-5.5743072E-01,2.76367E+00,7.12891E-01
-5.5741224E-01,2.70508E+00,7.12891E-01
-5.5739376E-01,2.76367E+00,7.12891E-01
-5.5737528E-01,2.68555E+00,6.93359E-01
-5.5735680E-01,2.66602E+00,6.73828E-01
-5.5733832E-01,2.72461E+00,7.51953E-01
-5.5731984E-01,2.68555E+00,6.93359E-01
-5.5730136E-01,2.64648E+00,7.51953E-01
-5.5728288E-01,2.74414E+00,7.91016E-01
-5.5726440E-01,2.64648E+00,7.32422E-01
-5.5724592E-01,2.62695E+00,7.51953E-01
-5.5722744E-01,2.74414E+00,7.71484E-01
-5.5720896E-01,2.66602E+00,6.93359E-01
-5.5719048E-01,2.70508E+00,7.32422E-01
-5.5717200E-01,2.68555E+00,7.91016E-01
-5.5715352E-01,2.76367E+00,7.32422E-01
-5.5713504E-01,2.68555E+00,6.54297E-01
-5.5711656E-01,2.70508E+00,7.12891E-01
-5.5709808E-01,2.72461E+00,7.12891E-01
-5.5707960E-01,2.72461E+00,7.71484E-01
-5.5706112E-01,2.64648E+00,7.32422E-01
-5.5704264E-01,2.66602E+00,7.71484E-01
-5.5702416E-01,2.72461E+00,6.73828E-01
-5.5700568E-01,2.64648E+00,7.32422E-01
-5.5698720E-01,2.66602E+00,7.71484E-01
-5.5696872E-01,2.68555E+00,6.93359E-01
-5.5695024E-01,2.66602E+00,6.93359E-01
-5.5693176E-01,2.68555E+00,7.71484E-01
-5.5691328E-01,2.74414E+00,6.73828E-01
-5.5689480E-01,2.74414E+00,7.71484E-01
-5.5687632E-01,2.64648E+00,6.93359E-01
-5.5685784E-01,2.68555E+00,7.12891E-01
-5.5683936E-01,2.72461E+00,7.32422E-01
-5.5682088E-01,2.70508E+00,7.12891E-01
-5.5680240E-01,2.68555E+00,7.51953E-01
-5.5678392E-01,2.64648E+00,8.30078E-01
-5.5676544E-01,2.78320E+00,7.51953E-01
-5.5674696E-01,2.72461E+00,7.51953E-01
-5.5672848E-01,2.76367E+00,7.71484E-01
-5.5671000E-01,2.68555E+00,7.12891E-01
-5.5669152E-01,2.70508E+00,7.12891E-01
-5.5667304E-01,2.70508E+00,7.32422E-01
-5.5665456E-01,2.72461E+00,7.12891E-01
-5.5663608E-01,2.66602E+00,7.51953E-01
-5.5661760E-01,2.72461E+00,7.71484E-01
-5.5659912E-01,2.70508E+00,7.32422E-01
-5.5658064E-01,2.66602E+00,7.71484E-01
-5.5656216E-01,2.70508E+00,7.51953E-01
-5.5654368E-01,2.64648E+00,6.93359E-01
-5.5652520E-01,2.80273E+00,7.51953E-01
-5.5650672E-01,2.70508E+00,7.12891E-01
-5.5648824E-01,2.76367E+00,7.32422E-01
-5.5646976E-01,2.66602E+00,7.91016E-01
-5.5645128E-01,2.72461E+00,7.71484E-01
-5.5643280E-01,2.74414E+00,7.12891E-01
-5.5641432E-01,2.66602E+00,7.71484E-01
-5.5639584E-01,2.76367E+00,7.71484E-01
-5.5637736E-01,2.74414E+00,7.32422E-01
-5.5635888E-01,2.82227E+00,7.12891E-01
-5.5634040E-01,2.74414E+00,7.91016E-01
-5.5632192E-01,2.68555E+00,7.71484E-01
-5.5630344E-01,2.66602E+00,7.51953E-01
-5.5628496E-01,2.74414E+00,7.51953E-01
-5.5626648E-01,2.68555E+00,7.51953E-01
-5.5624800E-01,2.66602E+00,7.51953E-01
-5.5622952E-01,2.72461E+00,7.51953E-01
-5.5621104E-01,2.70508E+00,7.91016E-01
-5.5619256E-01,2.64648E+00,7.71484E-01
-5.5617408E-01,2.66602E+00,7.12891E-01
-5.5615560E-01,2.74414E+00,7.32422E-01
-5.5613712E-01,2.70508E+00,7.71484E-01
-5.5611864E-01,2.66602E+00,6.54297E-01
-5.5610016E-01,2.66602E+00,6.93359E-01
-5.5608168E-01,2.70508E+00,7.12891E-01
-5.5606320E-01,2.76367E+00,7.32422E-01
-5.5604472E-01,2.72461E+00,7.71484E-01
-5.5602624E-01,2.70508E+00,7.51953E-01
-5.5600776E-01,2.68555E+00,7.32422E-01
-5.5598928E-01,2.66602E+00,7.32422E-01
-5.5597080E-01,2.72461E+00,7.12891E-01
-5.5595232E-01,2.72461E+00,6.93359E-01
-5.5593384E-01,2.64648E+00,7.51953E-01
-5.5591536E-01,2.78320E+00,7.12891E-01
-5.5589688E-01,2.68555E+00,6.73828E-01
-5.5587840E-01,2.72461E+00,6.73828E-01
-5.5585992E-01,2.72461E+00,7.71484E-01
-5.5584144E-01,2.74414E+00,7.51953E-01
-5.5582296E-01,2.68555E+00,7.12891E-01
-5.5580448E-01,2.76367E+00,7.32422E-01
-5.5578600E-01,2.72461E+00,7.71484E-01
-5.5576752E-01,2.66602E+00,7.12891E-01
-5.5574904E-01,2.72461E+00,7.32422E-01
-5.5573056E-01,2.76367E+00,7.32422E-01
-5.5571208E-01,2.72461E+00,7.12891E-01
-5.5569360E-01,2.72461E+00,7.32422E-01
-5.5567512E-01,2.72461E+00,7.71484E-01
-5.5565664E-01,2.68555E+00,7.51953E-01
-5.5563816E-01,2.78320E+00,7.12891E-01
-5.5561968E-01,2.78320E+00,7.71484E-01
-5.5560120E-01,2.72461E+00,8.30078E-01
-5.5558272E-01,2.74414E+00,7.51953E-01
-5.5556424E-01,2.72461E+00,7.71484E-01
-5.5554576E-01,2.68555E+00,6.93359E-01
-5.5552728E-01,2.72461E+00,7.91016E-01
-5.5550880E-01,2.72461E+00,7.91016E-01
-5.5549032E-01,2.72461E+00,7.51953E-01
-5.5547184E-01,2.66602E+00,7.71484E-01
-5.5545336E-01,2.68555E+00,7.71484E-01
-5.5543488E-01,2.66602E+00,7.32422E-01
-5.5541640E-01,2.80273E+00,6.93359E-01
-5.5539792E-01,2.76367E+00,7.32422E-01
-5.5537944E-01,2.74414E+00,7.51953E-01
-5.5536096E-01,2.72461E+00,7.32422E-01
-5.5534248E-01,2.72461E+00,7.32422E-01
-5.5532400E-01,2.66602E+00,7.12891E-01
-5.5530552E-01,2.68555E+00,7.91016E-01
-5.5528704E-01,2.72461E+00,7.12891E-01
-5.5526856E-01,2.66602E+00,7.32422E-01
-5.5525008E-01,2.74414E+00,7.32422E-01
-5.5523160E-01,2.72461E+00,7.91016E-01
-5.5521312E-01,2.76367E+00,7.71484E-01
-5.5519464E-01,2.64648E+00,8.10547E-01
-5.5517616E-01,2.74414E+00,7.51953E-01
-5.5515768E-01,2.70508E+00,7.71484E-01
-5.5513920E-01,2.72461E+00,7.71484E-01
-5.5512072E-01,2.66602E+00,7.71484E-01
-5.5510224E-01,2.72461E+00,7.91016E-01
-5.5508376E-01,2.72461E+00,7.71484E-01
-5.5506528E-01,2.76367E+00,7.12891E-01
-5.5504680E-01,2.72461E+00,7.91016E-01
-5.5502832E-01,2.76367E+00,7.91016E-01
-5.5500984E-01,2.70508E+00,7.91016E-01
-5.5499136E-01,2.78320E+00,7.71484E-01
-5.5497288E-01,2.72461E+00,7.71484E-01
-5.5495440E-01,2.74414E+00,7.32422E-01
-5.5493592E-01,2.72461E+00,8.10547E-01
-5.5491744E-01,2.70508E+00,7.12891E-01
-5.5489896E-01,2.72461E+00,7.91016E-01
-5.5488048E-01,2.70508E+00,7.71484E-01
-5.5486200E-01,2.72461E+00,7.51953E-01
-5.5484352E-01,2.74414E+00,7.12891E-01
-5.5482504E-01,2.68555E+00,7.71484E-01
-5.5480656E-01,2.66602E+00,7.51953E-01
-5.5478808E-01,2.64648E+00,7.91016E-01
-5.5476960E-01,2.72461E+00,7.71484E-01
-5.5475112E-01,2.70508E+00,7.12891E-01
-5.5473264E-01,2.66602E+00,7.12891E-01
-5.5471416E-01,2.72461E+00,7.91016E-01
-5.5469568E-01,2.66602E+00,7.12891E-01
-5.5467720E-01,2.70508E+00,7.91016E-01
-5.5465872E-01,2.76367E+00,7.71484E-01
-5.5464024E-01,2.64648E+00,7.91016E-01
-5.5462176E-01,2.80273E+00,7.71484E-01
-5.5460328E-01,2.66602E+00,7.71484E-01
-5.5458480E-01,2.78320E+00,7.32422E-01
-5.5456632E-01,2.66602E+00,7.12891E-01
-5.5454784E-01,2.74414E+00,7.91016E-01
-5.5452936E-01,2.64648E+00,7.32422E-01
-5.5451088E-01,2.68555E+00,7.91016E-01
-5.5449240E-01,2.74414E+00,7.71484E-01
-5.5447392E-01,2.72461E+00,7.71484E-01
-5.5445544E-01,2.70508E+00,7.51953E-01
-5.5443696E-01,2.66602E+00,7.91016E-01
-5.5441848E-01,2.64648E+00,7.91016E-01
-5.5440000E-01,2.72461E+00,7.32422E-01
-5.5438152E-01,2.72461E+00,7.71484E-01
-5.5436304E-01,2.70508E+00,7.12891E-01
-5.5434456E-01,2.72461E+00,7.32422E-01
-5.5432608E-01,2.74414E+00,7.91016E-01
-5.5430760E-01,2.76367E+00,7.12891E-01
-5.5428912E-01,2.70508E+00,7.51953E-01
-5.5427064E-01,2.76367E+00,7.71484E-01
-5.5425216E-01,2.66602E+00,6.93359E-01
-5.5423368E-01,2.76367E+00,7.51953E-01
-5.5421520E-01,2.76367E+00,7.71484E-01
-5.5419672E-01,2.66602E+00,6.93359E-01
-5.5417824E-01,2.68555E+00,7.71484E-01
-5.5415976E-01,2.72461E+00,7.91016E-01
-5.5414128E-01,2.76367E+00,7.91016E-01
-5.5412280E-01,2.66602E+00,7.51953E-01
-5.5410432E-01,2.72461E+00,7.91016E-01
-5.5408584E-01,2.64648E+00,8.49609E-01
-5.5406736E-01,2.76367E+00,7.12891E-01
-5.5404888E-01,2.72461E+00,7.12891E-01
-5.5403040E-01,2.72461E+00,7.51953E-01
-5.5401192E-01,2.70508E+00,7.71484E-01
-5.5399344E-01,2.74414E+00,7.12891E-01
-5.5397496E-01,2.70508E+00,8.10547E-01
-5.5395648E-01,2.74414E+00,7.91016E-01
-5.5393800E-01,2.72461E+00,8.30078E-01
-5.5391952E-01,2.72461E+00,7.71484E-01
-5.5390104E-01,2.72461E+00,7.71484E-01
-5.5388256E-01,2.64648E+00,7.12891E-01
-5.5386408E-01,2.68555E+00,7.71484E-01
-5.5384560E-01,2.70508E+00,7.71484E-01
-5.5382712E-01,2.68555E+00,7.71484E-01
-5.5380864E-01,2.72461E+00,7.51953E-01
-5.5379016E-01,2.72461E+00,7.91016E-01
-5.5377168E-01,2.74414E+00,7.91016E-01
-5.5375320E-01,2.76367E+00,8.10547E-01
-5.5373472E-01,2.76367E+00,8.10547E-01
-5.5371624E-01,2.68555E+00,8.30078E-01
-5.5369776E-01,2.76367E+00,7.32422E-01
-5.5367928E-01,2.76367E+00,7.91016E-01
-5.5366080E-01,2.78320E+00,7.91016E-01
-5.5364232E-01,2.74414E+00,7.51953E-01
-5.5362384E-01,2.64648E+00,7.51953E-01
-5.5360536E-01,2.72461E+00,7.51953E-01
-5.5358688E-01,2.66602E+00,7.71484E-01
-5.5356840E-01,2.66602E+00,7.51953E-01
-5.5354992E-01,2.66602E+00,7.91016E-01
-5.5353144E-01,2.76367E+00,7.91016E-01
-5.5351296E-01,2.74414E+00,7.51953E-01
-5.5349448E-01,2.72461E+00,8.10547E-01
-5.5347600E-01,2.74414E+00,7.71484E-01
-5.5345752E-01,2.74414E+00,7.51953E-01
-5.5343904E-01,2.78320E+00,7.51953E-01
-5.5342056E-01,2.76367E+00,7.71484E-01
-5.5340208E-01,2.74414E+00,7.91016E-01
-5.5338360E-01,2.74414E+00,7.91016E-01
-5.5336512E-01,2.68555E+00,7.91016E-01
-5.5334664E-01,2.70508E+00,7.71484E-01
-5.5332816E-01,2.76367E+00,7.91016E-01
-5.5330968E-01,2.72461E+00,8.49609E-01
-5.5329120E-01,2.66602E+00,7.71484E-01
-5.5327272E-01,2.72461E+00,7.91016E-01
-5.5325424E-01,2.72461E+00,7.51953E-01
-5.5323576E-01,2.72461E+00,7.32422E-01
-5.5321728E-01,2.72461E+00,7.51953E-01
-5.5319880E-01,2.78320E+00,7.71484E-01
-5.5318032E-01,2.66602E+00,7.91016E-01
-5.5316184E-01,2.72461E+00,7.91016E-01
-5.5314336E-01,2.76367E+00,7.91016E-01
-5.5312488E-01,2.72461E+00,7.91016E-01
-5.5310640E-01,2.70508E+00,7.91016E-01
-5.5308792E-01,2.66602E+00,7.91016E-01
-5.5306944E-01,2.72461E+00,7.91016E-01
-5.5305096E-01,2.70508E+00,7.32422E-01
-5.5303248E-01,2.66602E+00,8.10547E-01
-5.5301400E-01,2.68555E+00,7.91016E-01
-5.5299552E-01,2.76367E+00,7.71484E-01
-5.5297704E-01,2.80273E+00,8.10547E-01
-5.5295856E-01,2.76367E+00,7.91016E-01
-5.5294008E-01,2.66602E+00,7.51953E-01
-5.5292160E-01,2.66602E+00,7.91016E-01
-5.5290312E-01,2.68555E+00,8.49609E-01
-5.5288464E-01,2.70508E+00,7.12891E-01
-5.5286616E-01,2.76367E+00,7.91016E-01
-5.5284768E-01,2.72461E+00,7.71484E-01
-5.5282920E-01,2.78320E+00,7.91016E-01
-5.5281072E-01,2.70508E+00,7.91016E-01
-5.5279224E-01,2.70508E+00,8.30078E-01
-5.5277376E-01,2.70508E+00,7.71484E-01
-5.5275528E-01,2.64648E+00,8.10547E-01
-5.5273680E-01,2.74414E+00,7.51953E-01
-5.5271832E-01,2.70508E+00,8.10547E-01
-5.5269984E-01,2.72461E+00,8.10547E-01
-5.5268136E-01,2.78320E+00,7.91016E-01
-5.5266288E-01,2.78320E+00,7.91016E-01
-5.5264440E-01,2.76367E+00,7.51953E-01
-5.5262592E-01,2.74414E+00,8.10547E-01
-5.5260744E-01,2.68555E+00,8.30078E-01
-5.5258896E-01,2.80273E+00,7.51953E-01
-5.5257048E-01,2.68555E+00,7.32422E-01
-5.5255200E-01,2.70508E+00,7.71484E-01
-5.5253352E-01,2.74414E+00,8.10547E-01
-5.5251504E-01,2.70508E+00,7.91016E-01
-5.5249656E-01,2.74414E+00,7.91016E-01
-5.5247808E-01,2.76367E+00,6.93359E-01
-5.5245960E-01,2.72461E+00,8.10547E-01
-5.5244112E-01,2.72461E+00,7.71484E-01
-5.5242264E-01,2.66602E+00,8.30078E-01
-5.5240416E-01,2.74414E+00,7.51953E-01
-5.5238568E-01,2.70508E+00,8.30078E-01
-5.5236720E-01,2.74414E+00,7.91016E-01
-5.5234872E-01,2.70508E+00,7.71484E-01
-5.5233024E-01,2.72461E+00,7.91016E-01
-5.5231176E-01,2.74414E+00,7.91016E-01
-5.5229328E-01,2.74414E+00,7.71484E-01
-5.5227480E-01,2.68555E+00,7.91016E-01
-5.5225632E-01,2.72461E+00,7.71484E-01
-5.5223784E-01,2.74414E+00,8.10547E-01
-5.5221936E-01,2.74414E+00,7.71484E-01
-5.5220088E-01,2.74414E+00,8.10547E-01
-5.5218240E-01,2.76367E+00,8.10547E-01
-5.5216392E-01,2.78320E+00,8.49609E-01
-5.5214544E-01,2.72461E+00,7.91016E-01
-5.5212696E-01,2.74414E+00,8.10547E-01
-5.5210848E-01,2.72461E+00,7.91016E-01
-5.5209000E-01,2.70508E+00,8.30078E-01
-5.5207152E-01,2.74414E+00,7.91016E-01
-5.5205304E-01,2.68555E+00,8.49609E-01
-5.5203456E-01,2.74414E+00,7.71484E-01
-5.5201608E-01,2.72461E+00,7.51953E-01
-5.5199760E-01,2.76367E+00,7.12891E-01
-5.5197912E-01,2.60742E+00,7.32422E-01
-5.5196064E-01,2.84180E+00,7.51953E-01
-5.5194216E-01,2.72461E+00,7.32422E-01
-5.5192368E-01,2.78320E+00,7.71484E-01
-5.5190520E-01,2.66602E+00,7.51953E-01
-5.5188672E-01,2.76367E+00,7.91016E-01
-5.5186824E-01,2.72461E+00,7.71484E-01
-5.5184976E-01,2.68555E+00,8.49609E-01
-5.5183128E-01,2.76367E+00,8.10547E-01
-5.5181280E-01,2.72461E+00,7.91016E-01
-5.5179432E-01,2.74414E+00,8.30078E-01
-5.5177584E-01,2.72461E+00,7.12891E-01
-5.5175736E-01,2.70508E+00,7.71484E-01
-5.5173888E-01,2.68555E+00,8.10547E-01
-5.5172040E-01,2.70508E+00,7.91016E-01
-5.5170192E-01,2.78320E+00,8.49609E-01
-5.5168344E-01,2.68555E+00,7.51953E-01
-5.5166496E-01,2.74414E+00,7.91016E-01
-5.5164648E-01,2.64648E+00,8.49609E-01
-5.5162800E-01,2.72461E+00,7.32422E-01
-5.5160952E-01,2.72461E+00,8.49609E-01
-5.5159104E-01,2.74414E+00,7.12891E-01
-5.5157256E-01,2.72461E+00,8.49609E-01
-5.5155408E-01,2.76367E+00,8.10547E-01
-5.5153560E-01,2.72461E+00,7.91016E-01
-5.5151712E-01,2.70508E+00,7.71484E-01
-5.5149864E-01,2.74414E+00,8.49609E-01
-5.5148016E-01,2.68555E+00,7.91016E-01
-5.5146168E-01,2.72461E+00,7.91016E-01
-5.5144320E-01,2.72461E+00,7.91016E-01
-5.5142472E-01,2.66602E+00,7.91016E-01
-5.5140624E-01,2.78320E+00,7.91016E-01
-5.5138776E-01,2.72461E+00,8.49609E-01
-5.5136928E-01,2.74414E+00,7.91016E-01
-5.5135080E-01,2.72461E+00,8.10547E-01
-5.5133232E-01,2.68555E+00,7.91016E-01
-5.5131384E-01,2.72461E+00,8.10547E-01
-5.5129536E-01,2.66602E+00,7.91016E-01
-5.5127688E-01,2.76367E+00,7.91016E-01
-5.5125840E-01,2.74414E+00,7.91016E-01
-5.5123992E-01,2.78320E+00,7.91016E-01
-5.5122144E-01,2.72461E+00,7.91016E-01
-5.5120296E-01,2.78320E+00,8.30078E-01
-5.5118448E-01,2.76367E+00,7.91016E-01
-5.5116600E-01,2.68555E+00,8.49609E-01
-5.5114752E-01,2.80273E+00,8.88672E-01
-5.5112904E-01,2.74414E+00,7.91016E-01
-5.5111056E-01,2.64648E+00,7.71484E-01
-5.5109208E-01,2.74414E+00,8.10547E-01
-5.5107360E-01,2.72461E+00,7.91016E-01
-5.5105512E-01,2.72461E+00,7.91016E-01
-5.5103664E-01,2.72461E+00,9.08203E-01
-5.5101816E-01,2.70508E+00,8.10547E-01
-5.5099968E-01,2.76367E+00,7.91016E-01
-5.5098120E-01,2.72461E+00,7.91016E-01
-5.5096272E-01,2.74414E+00,8.30078E-01
-5.5094424E-01,2.72461E+00,7.91016E-01
-5.5092576E-01,2.72461E+00,8.88672E-01
-5.5090728E-01,2.74414E+00,8.49609E-01
-5.5088880E-01,2.72461E+00,7.91016E-01
-5.5087032E-01,2.60742E+00,7.91016E-01
-5.5085184E-01,2.72461E+00,8.49609E-01
-5.5083336E-01,2.76367E+00,8.10547E-01
-5.5081488E-01,2.72461E+00,7.71484E-01
-5.5079640E-01,2.72461E+00,8.10547E-01
-5.5077792E-01,2.66602E+00,7.71484E-01
-5.5075944E-01,2.70508E+00,8.10547E-01
-5.5074096E-01,2.76367E+00,8.49609E-01
-5.5072248E-01,2.64648E+00,7.91016E-01
-5.5070400E-01,2.76367E+00,8.30078E-01
-5.5068552E-01,2.72461E+00,8.69141E-01
-5.5066704E-01,2.74414E+00,7.71484E-01
-5.5064856E-01,2.72461E+00,8.30078E-01
-5.5063008E-01,2.72461E+00,8.30078E-01
-5.5061160E-01,2.66602E+00,8.49609E-01
-5.5059312E-01,2.72461E+00,8.69141E-01
-5.5057464E-01,2.72461E+00,8.30078E-01
-5.5055616E-01,2.74414E+00,8.10547E-01
-5.5053768E-01,2.72461E+00,9.08203E-01
-5.5051920E-01,2.74414E+00,7.91016E-01
-5.5050072E-01,2.58789E+00,8.69141E-01
-5.5048224E-01,2.70508E+00,8.10547E-01
-5.5046376E-01,2.66602E+00,7.71484E-01
-5.5044528E-01,2.72461E+00,8.69141E-01
-5.5042680E-01,2.72461E+00,8.49609E-01
-5.5040832E-01,2.74414E+00,7.91016E-01
-5.5038984E-01,2.72461E+00,8.30078E-01
-5.5037136E-01,2.74414E+00,7.91016E-01
-5.5035288E-01,2.72461E+00,8.30078E-01
-5.5033440E-01,2.74414E+00,8.30078E-01
-5.5031592E-01,2.68555E+00,8.10547E-01
-5.5029744E-01,2.74414E+00,8.88672E-01
-5.5027896E-01,2.70508E+00,8.49609E-01
-5.5026048E-01,2.82227E+00,8.69141E-01
-5.5024200E-01,2.76367E+00,7.91016E-01
-5.5022352E-01,2.74414E+00,8.49609E-01
-5.5020504E-01,2.70508E+00,8.69141E-01
-5.5018656E-01,2.74414E+00,8.10547E-01
-5.5016808E-01,2.72461E+00,7.91016E-01
-5.5014960E-01,2.70508E+00,8.10547E-01
-5.5013112E-01,2.76367E+00,8.10547E-01
-5.5011264E-01,2.74414E+00,7.91016E-01
-5.5009416E-01,2.76367E+00,8.10547E-01
-5.5007568E-01,2.76367E+00,8.69141E-01
-5.5005720E-01,2.74414E+00,8.49609E-01
-5.5003872E-01,2.76367E+00,8.10547E-01
-5.5002024E-01,2.70508E+00,8.49609E-01
-5.5000176E-01,2.70508E+00,8.49609E-01
-5.4998328E-01,2.70508E+00,7.71484E-01
-5.4996480E-01,2.78320E+00,8.30078E-01
-5.4994632E-01,2.74414E+00,8.30078E-01
-5.4992784E-01,2.78320E+00,8.10547E-01
-5.4990936E-01,2.66602E+00,8.49609E-01
-5.4989088E-01,2.74414E+00,7.91016E-01
-5.4987240E-01,2.72461E+00,8.49609E-01
-5.4985392E-01,2.76367E+00,7.91016E-01
-5.4983544E-01,2.76367E+00,7.91016E-01
-5.4981696E-01,2.76367E+00,7.91016E-01
-5.4979848E-01,2.72461E+00,8.69141E-01
-5.4978000E-01,2.76367E+00,7.91016E-01
-5.4976152E-01,2.74414E+00,8.49609E-01
-5.4974304E-01,2.74414E+00,8.10547E-01
-5.4972456E-01,2.74414E+00,8.88672E-01
-5.4970608E-01,2.72461E+00,8.49609E-01
-5.4968760E-01,2.72461E+00,8.10547E-01
-5.4966912E-01,2.74414E+00,7.91016E-01
-5.4965064E-01,2.68555E+00,8.30078E-01
-5.4963216E-01,2.64648E+00,7.91016E-01
-5.4961368E-01,2.80273E+00,8.69141E-01
-5.4959520E-01,2.76367E+00,7.91016E-01
-5.4957672E-01,2.66602E+00,8.49609E-01
-5.4955824E-01,2.74414E+00,8.49609E-01
-5.4953976E-01,2.64648E+00,8.69141E-01
-5.4952128E-01,2.72461E+00,8.49609E-01
-5.4950280E-01,2.76367E+00,8.49609E-01
-5.4948432E-01,2.74414E+00,8.49609E-01
-5.4946584E-01,2.70508E+00,9.08203E-01
-5.4944736E-01,2.76367E+00,8.49609E-01
-5.4942888E-01,2.74414E+00,8.30078E-01
-5.4941040E-01,2.78320E+00,8.10547E-01
-5.4939192E-01,2.70508E+00,8.10547E-01
-5.4937344E-01,2.76367E+00,8.10547E-01
-5.4935496E-01,2.74414E+00,8.30078E-01
-5.4933648E-01,2.74414E+00,8.10547E-01
-5.4931800E-01,2.64648E+00,9.27734E-01
-5.4929952E-01,2.74414E+00,8.69141E-01
-5.4928104E-01,2.74414E+00,8.88672E-01
-5.4926256E-01,2.72461E+00,8.49609E-01
-5.4924408E-01,2.72461E+00,9.08203E-01
-5.4922560E-01,2.72461E+00,9.08203E-01
-5.4920712E-01,2.74414E+00,8.49609E-01
-5.4918864E-01,2.74414E+00,7.51953E-01
-5.4917016E-01,2.68555E+00,8.30078E-01
-5.4915168E-01,2.72461E+00,7.91016E-01
-5.4913320E-01,2.72461E+00,8.69141E-01
-5.4911472E-01,2.72461E+00,8.10547E-01
-5.4909624E-01,2.72461E+00,8.69141E-01
-5.4907776E-01,2.74414E+00,8.30078E-01
-5.4905928E-01,2.76367E+00,8.88672E-01
-5.4904080E-01,2.74414E+00,7.91016E-01
-5.4902232E-01,2.72461E+00,8.30078E-01
-5.4900384E-01,2.74414E+00,8.30078E-01
-5.4898536E-01,2.78320E+00,8.49609E-01
-5.4896688E-01,2.74414E+00,8.88672E-01
-5.4894840E-01,2.66602E+00,8.30078E-01
-5.4892992E-01,2.72461E+00,8.49609E-01
-5.4891144E-01,2.60742E+00,8.88672E-01
-5.4889296E-01,2.72461E+00,7.91016E-01
-5.4887448E-01,2.76367E+00,8.69141E-01
-5.4885600E-01,2.72461E+00,8.30078E-01
-5.4883752E-01,2.72461E+00,8.49609E-01
-5.4881904E-01,2.72461E+00,7.91016E-01
-5.4880056E-01,2.80273E+00,7.91016E-01
-5.4878208E-01,2.78320E+00,8.49609E-01
-5.4876360E-01,2.66602E+00,7.91016E-01
-5.4874512E-01,2.74414E+00,7.91016E-01
-5.4872664E-01,2.74414E+00,8.49609E-01
-5.4870816E-01,2.74414E+00,8.69141E-01
-5.4868968E-01,2.72461E+00,8.69141E-01
-5.4867120E-01,2.76367E+00,8.10547E-01
-5.4865272E-01,2.70508E+00,8.49609E-01
-5.4863424E-01,2.78320E+00,7.91016E-01
-5.4861576E-01,2.76367E+00,7.91016E-01
-5.4859728E-01,2.70508E+00,8.49609E-01
-5.4857880E-01,2.68555E+00,8.69141E-01
-5.4856032E-01,2.70508E+00,8.49609E-01
-5.4854184E-01,2.70508E+00,8.49609E-01
-5.4852336E-01,2.68555E+00,8.49609E-01
-5.4850488E-01,2.64648E+00,8.10547E-01
-5.4848640E-01,2.70508E+00,8.69141E-01
-5.4846792E-01,2.72461E+00,8.49609E-01
-5.4844944E-01,2.76367E+00,8.10547E-01
-5.4843096E-01,2.66602E+00,8.69141E-01
-5.4841248E-01,2.70508E+00,8.88672E-01
-5.4839400E-01,2.76367E+00,8.69141E-01
-5.4837552E-01,2.74414E+00,8.10547E-01
-5.4835704E-01,2.86133E+00,7.91016E-01
-5.4833856E-01,2.78320E+00,9.08203E-01
-5.4832008E-01,2.72461E+00,8.49609E-01
-5.4830160E-01,2.74414E+00,8.10547E-01
-5.4828312E-01,2.72461E+00,8.69141E-01
-5.4826464E-01,2.78320E+00,8.49609E-01
-5.4824616E-01,2.70508E+00,9.08203E-01
-5.4822768E-01,2.84180E+00,8.49609E-01
-5.4820920E-01,2.76367E+00,8.49609E-01
-5.4819072E-01,2.80273E+00,7.91016E-01
-5.4817224E-01,2.74414E+00,8.10547E-01
-5.4815376E-01,2.76367E+00,8.10547E-01
-5.4813528E-01,2.70508E+00,8.69141E-01
-5.4811680E-01,2.72461E+00,8.49609E-01
-5.4809832E-01,2.80273E+00,8.49609E-01
-5.4807984E-01,2.70508E+00,8.30078E-01
-5.4806136E-01,2.72461E+00,8.69141E-01
-5.4804288E-01,2.74414E+00,8.10547E-01
-5.4802440E-01,2.72461E+00,8.88672E-01
-5.4800592E-01,2.76367E+00,8.69141E-01
-5.4798744E-01,2.80273E+00,8.88672E-01
-5.4796896E-01,2.78320E+00,8.88672E-01
-5.4795048E-01,2.74414E+00,8.69141E-01
-5.4793200E-01,2.74414E+00,8.30078E-01
-5.4791352E-01,2.72461E+00,8.88672E-01
-5.4789504E-01,2.74414E+00,8.69141E-01
-5.4787656E-01,2.72461E+00,8.69141E-01
-5.4785808E-01,2.68555E+00,8.88672E-01
-5.4783960E-01,2.72461E+00,8.69141E-01
-5.4782112E-01,2.76367E+00,8.49609E-01
-5.4780264E-01,2.70508E+00,8.49609E-01
-5.4778416E-01,2.78320E+00,8.10547E-01
-5.4776568E-01,2.64648E+00,7.91016E-01
-5.4774720E-01,2.70508E+00,7.91016E-01
-5.4772872E-01,2.72461E+00,8.69141E-01
-5.4771024E-01,2.82227E+00,8.88672E-01
-5.4769176E-01,2.74414E+00,8.88672E-01
-5.4767328E-01,2.76367E+00,8.30078E-01
-5.4765480E-01,2.72461E+00,8.10547E-01
-5.4763632E-01,2.72461E+00,8.49609E-01
-5.4761784E-01,2.76367E+00,8.10547E-01
-5.4759936E-01,2.78320E+00,8.49609E-01
-5.4758088E-01,2.72461E+00,8.69141E-01
-5.4756240E-01,2.76367E+00,7.91016E-01
-5.4754392E-01,2.76367E+00,8.69141E-01
-5.4752544E-01,2.76367E+00,9.08203E-01
-5.4750696E-01,2.76367E+00,8.49609E-01
-5.4748848E-01,2.82227E+00,8.49609E-01
-5.4747000E-01,2.74414E+00,8.30078E-01
-5.4745152E-01,2.74414E+00,8.30078E-01
-5.4743304E-01,2.72461E+00,8.69141E-01
-5.4741456E-01,2.78320E+00,8.10547E-01
-5.4739608E-01,2.74414E+00,8.69141E-01
-5.4737760E-01,2.78320E+00,8.49609E-01
-5.4735912E-01,2.66602E+00,8.30078E-01
-5.4734064E-01,2.72461E+00,9.08203E-01
-5.4732216E-01,2.72461E+00,8.10547E-01
-5.4730368E-01,2.74414E+00,7.91016E-01
-5.4728520E-01,2.64648E+00,8.69141E-01
-5.4726672E-01,2.70508E+00,8.88672E-01
-5.4724824E-01,2.66602E+00,8.88672E-01
-5.4722976E-01,2.74414E+00,8.49609E-01
-5.4721128E-01,2.70508E+00,8.30078E-01
-5.4719280E-01,2.74414E+00,8.30078E-01
-5.4717432E-01,2.76367E+00,9.27734E-01
-5.4715584E-01,2.78320E+00,7.91016E-01
-5.4713736E-01,2.70508E+00,8.49609E-01
-5.4711888E-01,2.78320E+00,8.88672E-01
-5.4710040E-01,2.66602E+00,8.69141E-01
-5.4708192E-01,2.78320E+00,7.91016E-01
-5.4706344E-01,2.72461E+00,8.69141E-01
-5.4704496E-01,2.78320E+00,8.69141E-01
-5.4702648E-01,2.70508E+00,9.08203E-01
-5.4700800E-01,2.74414E+00,8.10547E-01
-5.4698952E-01,2.74414E+00,9.08203E-01
-5.4697104E-01,2.72461E+00,8.88672E-01
-5.4695256E-01,2.68555E+00,8.49609E-01
-5.4693408E-01,2.74414E+00,8.69141E-01
-5.4691560E-01,2.72461E+00,9.08203E-01
-5.4689712E-01,2.76367E+00,8.49609E-01
-5.4687864E-01,2.70508E+00,9.27734E-01
-5.4686016E-01,2.70508E+00,8.88672E-01
-5.4684168E-01,2.72461E+00,8.30078E-01
-5.4682320E-01,2.76367E+00,8.49609E-01
-5.4680472E-01,2.72461E+00,8.49609E-01
-5.4678624E-01,2.76367E+00,8.69141E-01
-5.4676776E-01,2.76367E+00,8.69141E-01
-5.4674928E-01,2.74414E+00,8.69141E-01
-5.4673080E-01,2.72461E+00,8.49609E-01
-5.4671232E-01,2.68555E+00,8.49609E-01
-5.4669384E-01,2.80273E+00,8.88672E-01
-5.4667536E-01,2.74414E+00,7.91016E-01
-5.4665688E-01,2.68555E+00,9.08203E-01
-5.4663840E-01,2.74414E+00,8.10547E-01
-5.4661992E-01,2.72461E+00,9.08203E-01
-5.4660144E-01,2.74414E+00,9.27734E-01
-5.4658296E-01,2.78320E+00,8.49609E-01
-5.4656448E-01,2.78320E+00,8.49609E-01
-5.4654600E-01,2.76367E+00,8.69141E-01
-5.4652752E-01,2.78320E+00,9.08203E-01
-5.4650904E-01,2.74414E+00,9.08203E-01
-5.4649056E-01,2.76367E+00,8.30078E-01
-5.4647208E-01,2.74414E+00,8.69141E-01
-5.4645360E-01,2.72461E+00,9.27734E-01
-5.4643512E-01,2.78320E+00,8.69141E-01
-5.4641664E-01,2.78320E+00,9.08203E-01
-5.4639816E-01,2.80273E+00,8.69141E-01
-5.4637968E-01,2.76367E+00,8.69141E-01
-5.4636120E-01,2.72461E+00,9.08203E-01
-5.4634272E-01,2.84180E+00,8.69141E-01
-5.4632424E-01,2.70508E+00,8.88672E-01
-5.4630576E-01,2.74414E+00,9.08203E-01
-5.4628728E-01,2.74414E+00,8.69141E-01
-5.4626880E-01,2.76367E+00,8.49609E-01
-5.4625032E-01,2.72461E+00,8.69141E-01
-5.4623184E-01,2.70508E+00,8.88672E-01
-5.4621336E-01,2.62695E+00,8.88672E-01
-5.4619488E-01,2.78320E+00,9.08203E-01
-5.4617640E-01,2.78320E+00,8.88672E-01
-5.4615792E-01,2.72461E+00,8.88672E-01
-5.4613944E-01,2.74414E+00,8.88672E-01
-5.4612096E-01,2.78320E+00,9.08203E-01
-5.4610248E-01,2.78320E+00,9.08203E-01
-5.4608400E-01,2.76367E+00,9.08203E-01
-5.4606552E-01,2.72461E+00,8.49609E-01
-5.4604704E-01,2.78320E+00,8.69141E-01
-5.4602856E-01,2.82227E+00,8.49609E-01
-5.4601008E-01,2.76367E+00,8.49609E-01
-5.4599160E-01,2.78320E+00,9.08203E-01
-5.4597312E-01,2.74414E+00,8.49609E-01
-5.4595464E-01,2.72461E+00,9.08203E-01
-5.4593616E-01,2.80273E+00,9.27734E-01
-5.4591768E-01,2.72461E+00,8.88672E-01
-5.4589920E-01,2.84180E+00,8.49609E-01
-5.4588072E-01,2.76367E+00,8.69141E-01
-5.4586224E-01,2.76367E+00,8.69141E-01
-5.4584376E-01,2.70508E+00,8.10547E-01
-5.4582528E-01,2.74414E+00,9.08203E-01
-5.4580680E-01,2.64648E+00,8.69141E-01
-5.4578832E-01,2.78320E+00,9.08203E-01
-5.4576984E-01,2.64648E+00,9.08203E-01
-5.4575136E-01,2.78320E+00,9.08203E-01
-5.4573288E-01,2.72461E+00,8.88672E-01
-5.4571440E-01,2.80273E+00,8.88672E-01
-5.4569592E-01,2.74414E+00,8.69141E-01
-5.4567744E-01,2.76367E+00,9.08203E-01
-5.4565896E-01,2.80273E+00,8.69141E-01
-5.4564048E-01,2.70508E+00,8.69141E-01
-5.4562200E-01,2.72461E+00,8.30078E-01
-5.4560352E-01,2.76367E+00,8.88672E-01
-5.4558504E-01,2.72461E+00,9.08203E-01
-5.4556656E-01,2.72461E+00,8.88672E-01
-5.4554808E-01,2.72461E+00,9.08203E-01
-5.4552960E-01,2.66602E+00,9.27734E-01
-5.4551112E-01,2.72461E+00,9.27734E-01
-5.4549264E-01,2.82227E+00,8.49609E-01
-5.4547416E-01,2.72461E+00,8.88672E-01
-5.4545568E-01,2.74414E+00,9.08203E-01
-5.4543720E-01,2.76367E+00,9.08203E-01
-5.4541872E-01,2.76367E+00,8.88672E-01
-5.4540024E-01,2.80273E+00,8.69141E-01
-5.4538176E-01,2.76367E+00,8.69141E-01
-5.4536328E-01,2.72461E+00,8.69141E-01
-5.4534480E-01,2.74414E+00,9.08203E-01
-5.4532632E-01,2.80273E+00,8.88672E-01
-5.4530784E-01,2.70508E+00,9.08203E-01
-5.4528936E-01,2.66602E+00,9.86328E-01
-5.4527088E-01,2.74414E+00,8.69141E-01
-5.4525240E-01,2.74414E+00,9.08203E-01
-5.4523392E-01,2.66602E+00,8.69141E-01
-5.4521544E-01,2.74414E+00,8.69141E-01
-5.4519696E-01,2.78320E+00,8.88672E-01
-5.4517848E-01,2.72461E+00,8.69141E-01
-5.4516000E-01,2.74414E+00,8.69141E-01
-5.4514152E-01,2.78320E+00,8.69141E-01
-5.4512304E-01,2.76367E+00,9.66797E-01
-5.4510456E-01,2.82227E+00,8.69141E-01
-5.4508608E-01,2.68555E+00,8.88672E-01
-5.4506760E-01,2.72461E+00,9.08203E-01
-5.4504912E-01,2.80273E+00,8.88672E-01
-5.4503064E-01,2.72461E+00,8.88672E-01
-5.4501216E-01,2.78320E+00,9.08203E-01
-5.4499368E-01,2.72461E+00,9.08203E-01
-5.4497520E-01,2.76367E+00,9.27734E-01
-5.4495672E-01,2.76367E+00,8.88672E-01
-5.4493824E-01,2.74414E+00,9.08203E-01
-5.4491976E-01,2.72461E+00,8.69141E-01
-5.4490128E-01,2.76367E+00,9.66797E-01
-5.4488280E-01,2.72461E+00,8.69141E-01
-5.4486432E-01,2.80273E+00,9.08203E-01
-5.4484584E-01,2.76367E+00,8.69141E-01
-5.4482736E-01,2.72461E+00,8.30078E-01
-5.4480888E-01,2.76367E+00,8.88672E-01
-5.4479040E-01,2.72461E+00,9.08203E-01
-5.4477192E-01,2.78320E+00,9.08203E-01
-5.4475344E-01,2.78320E+00,9.08203E-01
-5.4473496E-01,2.76367E+00,9.27734E-01
-5.4471648E-01,2.78320E+00,9.08203E-01
-5.4469800E-01,2.74414E+00,8.69141E-01
-5.4467952E-01,2.74414E+00,9.08203E-01
-5.4466104E-01,2.80273E+00,9.08203E-01
-5.4464256E-01,2.72461E+00,8.49609E-01
-5.4462408E-01,2.72461E+00,8.49609E-01
-5.4460560E-01,2.70508E+00,8.88672E-01
-5.4458712E-01,2.70508E+00,8.69141E-01
-5.4456864E-01,2.70508E+00,8.49609E-01
-5.4455016E-01,2.76367E+00,8.88672E-01
-5.4453168E-01,2.74414E+00,9.08203E-01
-5.4451320E-01,2.78320E+00,8.88672E-01
-5.4449472E-01,2.66602E+00,8.88672E-01
-5.4447624E-01,2.70508E+00,9.47266E-01
-5.4445776E-01,2.74414E+00,8.88672E-01
-5.4443928E-01,2.74414E+00,9.08203E-01
-5.4442080E-01,2.78320E+00,8.69141E-01
-5.4440232E-01,2.72461E+00,9.27734E-01
-5.4438384E-01,2.72461E+00,9.27734E-01
-5.4436536E-01,2.82227E+00,8.88672E-01
-5.4434688E-01,2.76367E+00,8.88672E-01
-5.4432840E-01,2.72461E+00,9.08203E-01
-5.4430992E-01,2.78320E+00,8.88672E-01
-5.4429144E-01,2.72461E+00,8.69141E-01
-5.4427296E-01,2.76367E+00,8.88672E-01
-5.4425448E-01,2.72461E+00,9.27734E-01
-5.4423600E-01,2.74414E+00,8.88672E-01
-5.4421752E-01,2.76367E+00,9.27734E-01
-5.4419904E-01,2.72461E+00,9.08203E-01
-5.4418056E-01,2.74414E+00,9.27734E-01
-5.4416208E-01,2.84180E+00,8.69141E-01
-5.4414360E-01,2.74414E+00,9.27734E-01
-5.4412512E-01,2.74414E+00,9.27734E-01
-5.4410664E-01,2.70508E+00,9.27734E-01
-5.4408816E-01,2.78320E+00,8.49609E-01
-5.4406968E-01,2.76367E+00,8.69141E-01
-5.4405120E-01,2.72461E+00,8.69141E-01
-5.4403272E-01,2.74414E+00,9.08203E-01
-5.4401424E-01,2.78320E+00,8.88672E-01
-5.4399576E-01,2.72461E+00,8.69141E-01
-5.4397728E-01,2.80273E+00,8.49609E-01
-5.4395880E-01,2.68555E+00,8.69141E-01
-5.4394032E-01,2.78320E+00,9.08203E-01
-5.4392184E-01,2.72461E+00,8.69141E-01
-5.4390336E-01,2.84180E+00,8.88672E-01
-5.4388488E-01,2.76367E+00,9.47266E-01
-5.4386640E-01,2.80273E+00,8.88672E-01
-5.4384792E-01,2.80273E+00,9.47266E-01
-5.4382944E-01,2.78320E+00,9.08203E-01
-5.4381096E-01,2.78320E+00,9.47266E-01
-5.4379248E-01,2.80273E+00,8.88672E-01
-5.4377400E-01,2.80273E+00,9.27734E-01
-5.4375552E-01,2.78320E+00,8.88672E-01
-5.4373704E-01,2.74414E+00,9.27734E-01
-5.4371856E-01,2.76367E+00,9.08203E-01
-5.4370008E-01,2.78320E+00,8.69141E-01
-5.4368160E-01,2.74414E+00,9.47266E-01
-5.4366312E-01,2.72461E+00,9.66797E-01
-5.4364464E-01,2.72461E+00,9.08203E-01
-5.4362616E-01,2.72461E+00,8.88672E-01
-5.4360768E-01,2.78320E+00,9.08203E-01
-5.4358920E-01,2.74414E+00,9.08203E-01
-5.4357072E-01,2.74414E+00,8.88672E-01
-5.4355224E-01,2.72461E+00,9.08203E-01
-5.4353376E-01,2.78320E+00,8.88672E-01
-5.4351528E-01,2.74414E+00,8.88672E-01
-5.4349680E-01,2.72461E+00,9.66797E-01
-5.4347832E-01,2.78320E+00,9.27734E-01
-5.4345984E-01,2.84180E+00,8.69141E-01
-5.4344136E-01,2.76367E+00,9.66797E-01
-5.4342288E-01,2.84180E+00,8.88672E-01
-5.4340440E-01,2.72461E+00,9.47266E-01
-5.4338592E-01,2.78320E+00,9.27734E-01
-5.4336744E-01,2.76367E+00,9.08203E-01
-5.4334896E-01,2.78320E+00,9.27734E-01
-5.4333048E-01,2.80273E+00,8.69141E-01
-5.4331200E-01,2.68555E+00,8.88672E-01
-5.4329352E-01,2.72461E+00,9.27734E-01
-5.4327504E-01,2.84180E+00,9.08203E-01
-5.4325656E-01,2.78320E+00,9.47266E-01
-5.4323808E-01,2.74414E+00,9.47266E-01
-5.4321960E-01,2.74414E+00,9.27734E-01
-5.4320112E-01,2.72461E+00,8.88672E-01
-5.4318264E-01,2.72461E+00,9.47266E-01
-5.4316416E-01,2.78320E+00,9.66797E-01
-5.4314568E-01,2.74414E+00,8.69141E-01
-5.4312720E-01,2.78320E+00,8.88672E-01
-5.4310872E-01,2.70508E+00,9.08203E-01
-5.4309024E-01,2.74414E+00,9.27734E-01
-5.4307176E-01,2.72461E+00,9.66797E-01
-5.4305328E-01,2.80273E+00,9.27734E-01
-5.4303480E-01,2.74414E+00,9.27734E-01
-5.4301632E-01,2.66602E+00,9.08203E-01
-5.4299784E-01,2.72461E+00,9.27734E-01
-5.4297936E-01,2.66602E+00,9.27734E-01
-5.4296088E-01,2.72461E+00,9.47266E-01
-5.4294240E-01,2.76367E+00,9.27734E-01
-5.4292392E-01,2.78320E+00,8.88672E-01
-5.4290544E-01,2.74414E+00,9.08203E-01
-5.4288696E-01,2.76367E+00,8.69141E-01
-5.4286848E-01,2.78320E+00,9.08203E-01
-5.4285000E-01,2.78320E+00,8.88672E-01
-5.4283152E-01,2.74414E+00,9.47266E-01
-5.4281304E-01,2.72461E+00,9.08203E-01
-5.4279456E-01,2.74414E+00,9.27734E-01
-5.4277608E-01,2.74414E+00,9.27734E-01
-5.4275760E-01,2.74414E+00,8.88672E-01
-5.4273912E-01,2.64648E+00,9.27734E-01
-5.4272064E-01,2.82227E+00,8.69141E-01
-5.4270216E-01,2.70508E+00,9.66797E-01
-5.4268368E-01,2.70508E+00,9.27734E-01
-5.4266520E-01,2.70508E+00,8.69141E-01
-5.4264672E-01,2.80273E+00,8.88672E-01
-5.4262824E-01,2.72461E+00,9.47266E-01
-5.4260976E-01,2.74414E+00,9.66797E-01
-5.4259128E-01,2.76367E+00,8.88672E-01
-5.4257280E-01,2.74414E+00,9.66797E-01
-5.4255432E-01,2.80273E+00,1.02539E+00
-5.4253584E-01,2.78320E+00,9.08203E-01
-5.4251736E-01,2.72461E+00,8.69141E-01
-5.4249888E-01,2.72461E+00,9.27734E-01
-5.4248040E-01,2.72461E+00,8.88672E-01
-5.4246192E-01,2.76367E+00,9.27734E-01
-5.4244344E-01,2.74414E+00,1.02539E+00
-5.4242496E-01,2.76367E+00,9.27734E-01
-5.4240648E-01,2.76367E+00,9.27734E-01
-5.4238800E-01,2.72461E+00,8.88672E-01
-5.4236952E-01,2.76367E+00,9.08203E-01
-5.4235104E-01,2.76367E+00,9.27734E-01
-5.4233256E-01,2.74414E+00,9.27734E-01
-5.4231408E-01,2.76367E+00,9.08203E-01
-5.4229560E-01,2.74414E+00,1.00586E+00
-5.4227712E-01,2.82227E+00,1.04492E+00
-5.4225864E-01,2.80273E+00,9.66797E-01
-5.4224016E-01,2.76367E+00,9.86328E-01
-5.4222168E-01,2.80273E+00,8.88672E-01
-5.4220320E-01,2.78320E+00,9.86328E-01
-5.4218472E-01,2.72461E+00,9.08203E-01
-5.4216624E-01,2.72461E+00,8.88672E-01
-5.4214776E-01,2.72461E+00,9.27734E-01
-5.4212928E-01,2.78320E+00,9.47266E-01
-5.4211080E-01,2.74414E+00,9.27734E-01
-5.4209232E-01,2.78320E+00,9.47266E-01
-5.4207384E-01,2.74414E+00,9.86328E-01
-5.4205536E-01,2.78320E+00,8.88672E-01
-5.4203688E-01,2.76367E+00,9.27734E-01
-5.4201840E-01,2.76367E+00,9.47266E-01
-5.4199992E-01,2.78320E+00,9.86328E-01
-5.4198144E-01,2.76367E+00,8.69141E-01
-5.4196296E-01,2.70508E+00,9.27734E-01
-5.4194448E-01,2.84180E+00,1.00586E+00
-5.4192600E-01,2.72461E+00,9.66797E-01
-5.4190752E-01,2.78320E+00,9.08203E-01
-5.4188904E-01,2.80273E+00,9.66797E-01
-5.4187056E-01,2.76367E+00,9.86328E-01
-5.4185208E-01,2.78320E+00,9.27734E-01
-5.4183360E-01,2.76367E+00,8.88672E-01
-5.4181512E-01,2.76367E+00,9.08203E-01
-5.4179664E-01,2.74414E+00,9.27734E-01
-5.4177816E-01,2.84180E+00,9.27734E-01
-5.4175968E-01,2.76367E+00,9.27734E-01
-5.4174120E-01,2.74414E+00,8.88672E-01
-5.4172272E-01,2.74414E+00,9.27734E-01
-5.4170424E-01,2.78320E+00,9.08203E-01
-5.4168576E-01,2.76367E+00,9.08203E-01
-5.4166728E-01,2.80273E+00,9.27734E-01
-5.4164880E-01,2.74414E+00,9.27734E-01
-5.4163032E-01,2.78320E+00,9.66797E-01
-5.4161184E-01,2.74414E+00,9.08203E-01
-5.4159336E-01,2.84180E+00,9.66797E-01
-5.4157488E-01,2.84180E+00,9.27734E-01
-5.4155640E-01,2.74414E+00,9.27734E-01
-5.4153792E-01,2.74414E+00,8.88672E-01
-5.4151944E-01,2.74414E+00,9.27734E-01
-5.4150096E-01,2.78320E+00,9.86328E-01
-5.4148248E-01,2.82227E+00,1.02539E+00
-5.4146400E-01,2.76367E+00,9.47266E-01
-5.4144552E-01,2.78320E+00,8.88672E-01
-5.4142704E-01,2.78320E+00,9.47266E-01
-5.4140856E-01,2.76367E+00,9.27734E-01
-5.4139008E-01,2.76367E+00,9.08203E-01
-5.4137160E-01,2.78320E+00,9.66797E-01
-5.4135312E-01,2.76367E+00,8.88672E-01
-5.4133464E-01,2.72461E+00,9.66797E-01
-5.4131616E-01,2.78320E+00,8.88672E-01
-5.4129768E-01,2.82227E+00,9.66797E-01
-5.4127920E-01,2.76367E+00,8.88672E-01
-5.4126072E-01,2.74414E+00,9.27734E-01
-5.4124224E-01,2.86133E+00,9.47266E-01
-5.4122376E-01,2.72461E+00,9.66797E-01
-5.4120528E-01,2.82227E+00,9.47266E-01
-5.4118680E-01,2.74414E+00,9.47266E-01
-5.4116832E-01,2.74414E+00,9.27734E-01
-5.4114984E-01,2.80273E+00,9.27734E-01
-5.4113136E-01,2.74414E+00,9.86328E-01
-5.4111288E-01,2.82227E+00,9.27734E-01
-5.4109440E-01,2.76367E+00,9.47266E-01
-5.4107592E-01,2.76367E+00,9.86328E-01
-5.4105744E-01,2.78320E+00,8.69141E-01
-5.4103896E-01,2.78320E+00,9.47266E-01
-5.4102048E-01,2.76367E+00,9.86328E-01
-5.4100200E-01,2.66602E+00,8.88672E-01
-5.4098352E-01,2.78320E+00,8.88672E-01
-5.4096504E-01,2.78320E+00,9.47266E-01
-5.4094656E-01,2.78320E+00,9.08203E-01
-5.4092808E-01,2.72461E+00,8.69141E-01
-5.4090960E-01,2.80273E+00,8.88672E-01
-5.4089112E-01,2.84180E+00,1.00586E+00
-5.4087264E-01,2.74414E+00,9.08203E-01
-5.4085416E-01,2.82227E+00,9.47266E-01
-5.4083568E-01,2.74414E+00,9.08203E-01
-5.4081720E-01,2.80273E+00,9.27734E-01
-5.4079872E-01,2.78320E+00,9.66797E-01
-5.4078024E-01,2.76367E+00,9.47266E-01
-5.4076176E-01,2.82227E+00,9.86328E-01
-5.4074328E-01,2.78320E+00,9.66797E-01
-5.4072480E-01,2.74414E+00,9.66797E-01
-5.4070632E-01,2.72461E+00,9.66797E-01
-5.4068784E-01,2.74414E+00,9.08203E-01
-5.4066936E-01,2.76367E+00,9.66797E-01
-5.4065088E-01,2.78320E+00,8.88672E-01
-5.4063240E-01,2.72461E+00,9.47266E-01
-5.4061392E-01,2.74414E+00,8.88672E-01
-5.4059544E-01,2.74414E+00,9.27734E-01
-5.4057696E-01,2.78320E+00,9.86328E-01
-5.4055848E-01,2.80273E+00,9.47266E-01
-5.4054000E-01,2.78320E+00,9.66797E-01
-5.4052152E-01,2.76367E+00,9.27734E-01
-5.4050304E-01,2.74414E+00,9.66797E-01
-5.4048456E-01,2.72461E+00,9.47266E-01
-5.4046608E-01,2.74414E+00,1.00586E+00
-5.4044760E-01,2.74414E+00,9.86328E-01
-5.4042912E-01,2.76367E+00,9.47266E-01
-5.4041064E-01,2.76367E+00,9.66797E-01
-5.4039216E-01,2.78320E+00,9.47266E-01
-5.4037368E-01,2.78320E+00,9.27734E-01
-5.4035520E-01,2.76367E+00,9.47266E-01
-5.4033672E-01,2.76367E+00,9.86328E-01
-5.4031824E-01,2.78320E+00,9.66797E-01
-5.4029976E-01,2.78320E+00,9.66797E-01
-5.4028128E-01,2.74414E+00,9.86328E-01
-5.4026280E-01,2.74414E+00,9.08203E-01
-5.4024432E-01,2.76367E+00,1.00586E+00
-5.4022584E-01,2.82227E+00,9.86328E-01
-5.4020736E-01,2.78320E+00,9.47266E-01
-5.4018888E-01,2.80273E+00,9.27734E-01
-5.4017040E-01,2.76367E+00,9.47266E-01
-5.4015192E-01,2.80273E+00,9.27734E-01
-5.4013344E-01,2.80273E+00,9.27734E-01
-5.4011496E-01,2.76367E+00,9.47266E-01
-5.4009648E-01,2.74414E+00,9.66797E-01
-5.4007800E-01,2.74414E+00,9.86328E-01
-5.4005952E-01,2.84180E+00,9.66797E-01
-5.4004104E-01,2.74414E+00,9.86328E-01
-5.4002256E-01,2.78320E+00,9.47266E-01
-5.4000408E-01,2.74414E+00,9.66797E-01
-5.3998560E-01,2.82227E+00,9.86328E-01
-5.3996712E-01,2.76367E+00,8.69141E-01
-5.3994864E-01,2.86133E+00,1.02539E+00
-5.3993016E-01,2.78320E+00,9.27734E-01
-5.3991168E-01,2.86133E+00,9.47266E-01
-5.3989320E-01,2.76367E+00,9.47266E-01
-5.3987472E-01,2.80273E+00,9.47266E-01
-5.3985624E-01,2.74414E+00,1.00586E+00
-5.3983776E-01,2.80273E+00,9.08203E-01
-5.3981928E-01,2.74414E+00,9.27734E-01
-5.3980080E-01,2.78320E+00,9.27734E-01
-5.3978232E-01,2.80273E+00,9.27734E-01
-5.3976384E-01,2.84180E+00,9.86328E-01
-5.3974536E-01,2.66602E+00,1.04492E+00
-5.3972688E-01,2.74414E+00,9.27734E-01
-5.3970840E-01,2.72461E+00,9.27734E-01
-5.3968992E-01,2.80273E+00,9.66797E-01
-5.3967144E-01,2.78320E+00,1.00586E+00
-5.3965296E-01,2.74414E+00,8.88672E-01
-5.3963448E-01,2.82227E+00,9.86328E-01
-5.3961600E-01,2.70508E+00,1.00586E+00
-5.3959752E-01,2.72461E+00,9.86328E-01
-5.3957904E-01,2.80273E+00,9.66797E-01
-5.3956056E-01,2.78320E+00,9.86328E-01
-5.3954208E-01,2.74414E+00,9.66797E-01
-5.3952360E-01,2.76367E+00,9.86328E-01
-5.3950512E-01,2.78320E+00,9.47266E-01
-5.3948664E-01,2.84180E+00,9.66797E-01
-5.3946816E-01,2.74414E+00,9.27734E-01
-5.3944968E-01,2.76367E+00,1.04492E+00
-5.3943120E-01,2.76367E+00,9.47266E-01
-5.3941272E-01,2.74414E+00,8.88672E-01
-5.3939424E-01,2.82227E+00,9.27734E-01
-5.3937576E-01,2.74414E+00,9.47266E-01
-5.3935728E-01,2.78320E+00,9.47266E-01
-5.3933880E-01,2.76367E+00,9.27734E-01
-5.3932032E-01,2.76367E+00,9.66797E-01
-5.3930184E-01,2.72461E+00,9.86328E-01
-5.3928336E-01,2.78320E+00,1.06445E+00
-5.3926488E-01,2.76367E+00,1.00586E+00
-5.3924640E-01,2.84180E+00,9.86328E-01
-5.3922792E-01,2.80273E+00,1.00586E+00
-5.3920944E-01,2.76367E+00,9.47266E-01
-5.3919096E-01,2.72461E+00,9.27734E-01
-5.3917248E-01,2.68555E+00,9.86328E-01
-5.3915400E-01,2.76367E+00,9.27734E-01
-5.3913552E-01,2.74414E+00,1.00586E+00
-5.3911704E-01,2.76367E+00,9.66797E-01
-5.3909856E-01,2.76367E+00,1.04492E+00
-5.3908008E-01,2.76367E+00,9.27734E-01
-5.3906160E-01,2.74414E+00,9.47266E-01
-5.3904312E-01,2.76367E+00,9.27734E-01
-5.3902464E-01,2.76367E+00,9.86328E-01
-5.3900616E-01,2.80273E+00,1.00586E+00
-5.3898768E-01,2.72461E+00,1.00586E+00
-5.3896920E-01,2.74414E+00,1.04492E+00
-5.3895072E-01,2.80273E+00,9.47266E-01
-5.3893224E-01,2.70508E+00,9.47266E-01
-5.3891376E-01,2.72461E+00,9.66797E-01
-5.3889528E-01,2.80273E+00,9.47266E-01
-5.3887680E-01,2.78320E+00,1.00586E+00
-5.3885832E-01,2.80273E+00,9.47266E-01
-5.3883984E-01,2.76367E+00,9.47266E-01
-5.3882136E-01,2.78320E+00,9.27734E-01
-5.3880288E-01,2.78320E+00,9.66797E-01
-5.3878440E-01,2.84180E+00,9.86328E-01
-5.3876592E-01,2.76367E+00,9.66797E-01
-5.3874744E-01,2.74414E+00,9.86328E-01
-5.3872896E-01,2.80273E+00,9.86328E-01
-5.3871048E-01,2.74414E+00,9.47266E-01
-5.3869200E-01,2.72461E+00,9.66797E-01
-5.3867352E-01,2.76367E+00,9.66797E-01
-5.3865504E-01,2.82227E+00,9.86328E-01
-5.3863656E-01,2.78320E+00,1.04492E+00
-5.3861808E-01,2.78320E+00,9.66797E-01
-5.3859960E-01,2.78320E+00,1.00586E+00
-5.3858112E-01,2.84180E+00,9.47266E-01
-5.3856264E-01,2.74414E+00,1.00586E+00
-5.3854416E-01,2.84180E+00,9.66797E-01
-5.3852568E-01,2.84180E+00,9.86328E-01
-5.3850720E-01,2.72461E+00,1.00586E+00
-5.3848872E-01,2.78320E+00,1.00586E+00
-5.3847024E-01,2.76367E+00,1.00586E+00
-5.3845176E-01,2.78320E+00,9.66797E-01
-5.3843328E-01,2.78320E+00,1.00586E+00
-5.3841480E-01,2.80273E+00,1.00586E+00
-5.3839632E-01,2.82227E+00,1.00586E+00
-5.3837784E-01,2.74414E+00,1.00586E+00
-5.3835936E-01,2.82227E+00,9.47266E-01
-5.3834088E-01,2.80273E+00,9.66797E-01
-5.3832240E-01,2.84180E+00,1.00586E+00
-5.3830392E-01,2.78320E+00,9.86328E-01
-5.3828544E-01,2.84180E+00,9.66797E-01
-5.3826696E-01,2.80273E+00,1.00586E+00
-5.3824848E-01,2.74414E+00,9.47266E-01
-5.3823000E-01,2.82227E+00,9.86328E-01
-5.3821152E-01,2.82227E+00,1.00586E+00
-5.3819304E-01,2.74414E+00,1.02539E+00
-5.3817456E-01,2.82227E+00,9.86328E-01
-5.3815608E-01,2.76367E+00,1.04492E+00
-5.3813760E-01,2.78320E+00,1.02539E+00
-5.3811912E-01,2.78320E+00,9.86328E-01
-5.3810064E-01,2.78320E+00,9.47266E-01
-5.3808216E-01,2.74414E+00,1.00586E+00
-5.3806368E-01,2.78320E+00,1.06445E+00
-5.3804520E-01,2.82227E+00,9.86328E-01
-5.3802672E-01,2.72461E+00,1.00586E+00
-5.3800824E-01,2.78320E+00,9.47266E-01
-5.3798976E-01,2.78320E+00,9.86328E-01
-5.3797128E-01,2.76367E+00,9.86328E-01
-5.3795280E-01,2.78320E+00,9.47266E-01
-5.3793432E-01,2.80273E+00,9.86328E-01
-5.3791584E-01,2.74414E+00,1.00586E+00
-5.3789736E-01,2.74414E+00,9.47266E-01
-5.3787888E-01,2.76367E+00,9.47266E-01
-5.3786040E-01,2.72461E+00,9.47266E-01
-5.3784192E-01,2.72461E+00,1.06445E+00
-5.3782344E-01,2.78320E+00,9.27734E-01
-5.3780496E-01,2.78320E+00,9.66797E-01
-5.3778648E-01,2.72461E+00,1.02539E+00
-5.3776800E-01,2.80273E+00,1.00586E+00
-5.3774952E-01,2.80273E+00,9.86328E-01
-5.3773104E-01,2.84180E+00,9.47266E-01
-5.3771256E-01,2.78320E+00,9.86328E-01
-5.3769408E-01,2.74414E+00,9.66797E-01
-5.3767560E-01,2.76367E+00,9.86328E-01
-5.3765712E-01,2.80273E+00,1.00586E+00
-5.3763864E-01,2.76367E+00,9.86328E-01
-5.3762016E-01,2.80273E+00,9.86328E-01
-5.3760168E-01,2.76367E+00,9.86328E-01
-5.3758320E-01,2.80273E+00,1.02539E+00
-5.3756472E-01,2.74414E+00,1.02539E+00
-5.3754624E-01,2.76367E+00,1.04492E+00
-5.3752776E-01,2.72461E+00,1.04492E+00
-5.3750928E-01,2.82227E+00,1.02539E+00
-5.3749080E-01,2.74414E+00,9.86328E-01
-5.3747232E-01,2.84180E+00,9.66797E-01
-5.3745384E-01,2.72461E+00,1.00586E+00
-5.3743536E-01,2.78320E+00,9.08203E-01
-5.3741688E-01,2.74414E+00,9.47266E-01
-5.3739840E-01,2.80273E+00,1.02539E+00
-5.3737992E-01,2.78320E+00,1.00586E+00
-5.3736144E-01,2.78320E+00,1.02539E+00
-5.3734296E-01,2.84180E+00,9.86328E-01
-5.3732448E-01,2.78320E+00,9.47266E-01
-5.3730600E-01,2.74414E+00,9.86328E-01
-5.3728752E-01,2.86133E+00,9.47266E-01
-5.3726904E-01,2.74414E+00,1.04492E+00
-5.3725056E-01,2.84180E+00,9.66797E-01
-5.3723208E-01,2.80273E+00,9.66797E-01
-5.3721360E-01,2.74414E+00,1.02539E+00
-5.3719512E-01,2.78320E+00,1.00586E+00
-5.3717664E-01,2.76367E+00,9.47266E-01
-5.3715816E-01,2.74414E+00,1.00586E+00
-5.3713968E-01,2.80273E+00,1.06445E+00
-5.3712120E-01,2.70508E+00,1.00586E+00
-5.3710272E-01,2.82227E+00,9.66797E-01
-5.3708424E-01,2.80273E+00,1.00586E+00
-5.3706576E-01,2.80273E+00,9.66797E-01
-5.3704728E-01,2.78320E+00,1.04492E+00
-5.3702880E-01,2.78320E+00,1.02539E+00
-5.3701032E-01,2.86133E+00,9.47266E-01
-5.3699184E-01,2.84180E+00,1.02539E+00
-5.3697336E-01,2.80273E+00,1.00586E+00
-5.3695488E-01,2.76367E+00,9.27734E-01
-5.3693640E-01,2.76367E+00,1.00586E+00
-5.3691792E-01,2.78320E+00,1.00586E+00
-5.3689944E-01,2.72461E+00,9.47266E-01
-5.3688096E-01,2.80273E+00,1.00586E+00
-5.3686248E-01,2.86133E+00,1.00586E+00
-5.3684400E-01,2.80273E+00,1.04492E+00
-5.3682552E-01,2.80273E+00,9.86328E-01
-5.3680704E-01,2.80273E+00,9.27734E-01
-5.3678856E-01,2.82227E+00,1.06445E+00
-5.3677008E-01,2.76367E+00,1.00586E+00
-5.3675160E-01,2.74414E+00,1.00586E+00
-5.3673312E-01,2.76367E+00,9.86328E-01
-5.3671464E-01,2.78320E+00,9.27734E-01
-5.3669616E-01,2.76367E+00,9.27734E-01
-5.3667768E-01,2.76367E+00,1.04492E+00
-5.3665920E-01,2.78320E+00,1.00586E+00
-5.3664072E-01,2.74414E+00,1.00586E+00
-5.3662224E-01,2.78320E+00,1.00586E+00
-5.3660376E-01,2.82227E+00,1.04492E+00
-5.3658528E-01,2.78320E+00,9.66797E-01
-5.3656680E-01,2.78320E+00,9.47266E-01
-5.3654832E-01,2.82227E+00,1.00586E+00
-5.3652984E-01,2.74414E+00,1.00586E+00
-5.3651136E-01,2.78320E+00,1.02539E+00
-5.3649288E-01,2.80273E+00,1.00586E+00
-5.3647440E-01,2.78320E+00,9.47266E-01
-5.3645592E-01,2.76367E+00,1.00586E+00
-5.3643744E-01,2.70508E+00,1.04492E+00
-5.3641896E-01,2.80273E+00,1.02539E+00
-5.3640048E-01,2.84180E+00,1.04492E+00
-5.3638200E-01,2.74414E+00,9.66797E-01
-5.3636352E-01,2.82227E+00,9.47266E-01
-5.3634504E-01,2.76367E+00,9.66797E-01
-5.3632656E-01,2.76367E+00,9.47266E-01
-5.3630808E-01,2.76367E+00,1.02539E+00
-5.3628960E-01,2.78320E+00,9.66797E-01
-5.3627112E-01,2.78320E+00,9.66797E-01
-5.3625264E-01,2.76367E+00,1.00586E+00
-5.3623416E-01,2.86133E+00,1.00586E+00
-5.3621568E-01,2.78320E+00,1.04492E+00
-5.3619720E-01,2.72461E+00,1.08398E+00
-5.3617872E-01,2.84180E+00,9.47266E-01
-5.3616024E-01,2.80273E+00,1.02539E+00
-5.3614176E-01,2.76367E+00,1.02539E+00
-5.3612328E-01,2.76367E+00,1.04492E+00
-5.3610480E-01,2.76367E+00,9.86328E-01
-5.3608632E-01,2.80273E+00,9.47266E-01
-5.3606784E-01,2.74414E+00,1.04492E+00
-5.3604936E-01,2.80273E+00,1.04492E+00
-5.3603088E-01,2.76367E+00,1.04492E+00
-5.3601240E-01,2.80273E+00,1.04492E+00
-5.3599392E-01,2.84180E+00,1.02539E+00
-5.3597544E-01,2.76367E+00,1.00586E+00
-5.3595696E-01,2.76367E+00,1.04492E+00
-5.3593848E-01,2.76367E+00,1.00586E+00
-5.3592000E-01,2.72461E+00,1.00586E+00
-5.3590152E-01,2.80273E+00,1.02539E+00
-5.3588304E-01,2.82227E+00,1.04492E+00
-5.3586456E-01,2.80273E+00,9.86328E-01
-5.3584608E-01,2.78320E+00,1.06445E+00
-5.3582760E-01,2.72461E+00,1.04492E+00
-5.3580912E-01,2.78320E+00,1.06445E+00
-5.3579064E-01,2.80273E+00,1.02539E+00
-5.3577216E-01,2.78320E+00,1.00586E+00
-5.3575368E-01,2.78320E+00,1.04492E+00
-5.3573520E-01,2.82227E+00,1.04492E+00
-5.3571672E-01,2.80273E+00,1.02539E+00
-5.3569824E-01,2.86133E+00,1.00586E+00
-5.3567976E-01,2.86133E+00,1.02539E+00
-5.3566128E-01,2.76367E+00,1.06445E+00
-5.3564280E-01,2.80273E+00,1.02539E+00
-5.3562432E-01,2.74414E+00,1.04492E+00
-5.3560584E-01,2.68555E+00,1.02539E+00
-5.3558736E-01,2.78320E+00,9.47266E-01
-5.3556888E-01,2.72461E+00,1.00586E+00
-5.3555040E-01,2.86133E+00,1.04492E+00
-5.3553192E-01,2.78320E+00,1.00586E+00
-5.3551344E-01,2.76367E+00,1.00586E+00
-5.3549496E-01,2.76367E+00,1.00586E+00
-5.3547648E-01,2.82227E+00,1.02539E+00
-5.3545800E-01,2.78320E+00,1.00586E+00
-5.3543952E-01,2.80273E+00,1.04492E+00
-5.3542104E-01,2.72461E+00,9.86328E-01
-5.3540256E-01,2.78320E+00,9.66797E-01
-5.3538408E-01,2.86133E+00,1.06445E+00
-5.3536560E-01,2.84180E+00,1.00586E+00
-5.3534712E-01,2.78320E+00,1.02539E+00
-5.3532864E-01,2.74414E+00,1.02539E+00
-5.3531016E-01,2.78320E+00,1.00586E+00
-5.3529168E-01,2.84180E+00,1.00586E+00
-5.3527320E-01,2.78320E+00,1.06445E+00
-5.3525472E-01,2.82227E+00,1.02539E+00
-5.3523624E-01,2.72461E+00,1.00586E+00
-5.3521776E-01,2.76367E+00,1.02539E+00
-5.3519928E-01,2.80273E+00,9.86328E-01
-5.3518080E-01,2.80273E+00,9.66797E-01
-5.3516232E-01,2.80273E+00,1.06445E+00
-5.3514384E-01,2.74414E+00,9.47266E-01
-5.3512536E-01,2.76367E+00,1.02539E+00
-5.3510688E-01,2.78320E+00,1.04492E+00
-5.3508840E-01,2.78320E+00,9.66797E-01
-5.3506992E-01,2.80273E+00,1.00586E+00
-5.3505144E-01,2.82227E+00,1.02539E+00
-5.3503296E-01,2.76367E+00,1.04492E+00
-5.3501448E-01,2.80273E+00,1.02539E+00
-5.3499600E-01,2.74414E+00,1.06445E+00
-5.3497752E-01,2.74414E+00,9.86328E-01
-5.3495904E-01,2.84180E+00,1.04492E+00
-5.3494056E-01,2.80273E+00,1.02539E+00
-5.3492208E-01,2.82227E+00,1.08398E+00
-5.3490360E-01,2.78320E+00,1.00586E+00
-5.3488512E-01,2.88086E+00,9.66797E-01
-5.3486664E-01,2.84180E+00,1.06445E+00
-5.3484816E-01,2.78320E+00,1.02539E+00
-5.3482968E-01,2.80273E+00,1.02539E+00
-5.3481120E-01,2.84180E+00,1.00586E+00
-5.3479272E-01,2.86133E+00,1.02539E+00
-5.3477424E-01,2.86133E+00,1.08398E+00
-5.3475576E-01,2.76367E+00,1.00586E+00
-5.3473728E-01,2.82227E+00,1.08398E+00
-5.3471880E-01,2.80273E+00,1.02539E+00
-5.3470032E-01,2.86133E+00,1.00586E+00
-5.3468184E-01,2.80273E+00,9.47266E-01
-5.3466336E-01,2.82227E+00,1.04492E+00
-5.3464488E-01,2.76367E+00,1.04492E+00
-5.3462640E-01,2.82227E+00,1.04492E+00
-5.3460792E-01,2.80273E+00,1.02539E+00
-5.3458944E-01,2.74414E+00,1.02539E+00
-5.3457096E-01,2.78320E+00,1.04492E+00
-5.3455248E-01,2.84180E+00,1.06445E+00
-5.3453400E-01,2.74414E+00,1.00586E+00
-5.3451552E-01,2.78320E+00,1.06445E+00
-5.3449704E-01,2.80273E+00,1.00586E+00
-5.3447856E-01,2.86133E+00,1.00586E+00
-5.3446008E-01,2.80273E+00,1.00586E+00
-5.3444160E-01,2.78320E+00,1.02539E+00
-5.3442312E-01,2.82227E+00,1.06445E+00
-5.3440464E-01,2.78320E+00,9.86328E-01
-5.3438616E-01,2.86133E+00,1.02539E+00
-5.3436768E-01,2.86133E+00,1.00586E+00
-5.3434920E-01,2.78320E+00,1.02539E+00
-5.3433072E-01,2.82227E+00,1.02539E+00
-5.3431224E-01,2.78320E+00,1.02539E+00
-5.3429376E-01,2.86133E+00,1.04492E+00
-5.3427528E-01,2.70508E+00,1.00586E+00
-5.3425680E-01,2.80273E+00,1.06445E+00
-5.3423832E-01,2.74414E+00,1.02539E+00
-5.3421984E-01,2.74414E+00,1.08398E+00
-5.3420136E-01,2.78320E+00,1.08398E+00
-5.3418288E-01,2.78320E+00,1.00586E+00
-5.3416440E-01,2.80273E+00,1.04492E+00
-5.3414592E-01,2.68555E+00,1.06445E+00
-5.3412744E-01,2.80273E+00,1.02539E+00
-5.3410896E-01,2.86133E+00,1.02539E+00
-5.3409048E-01,2.82227E+00,1.02539E+00
-5.3407200E-01,2.84180E+00,1.00586E+00
-5.3405352E-01,2.84180E+00,1.00586E+00
-5.3403504E-01,2.86133E+00,1.10352E+00
-5.3401656E-01,2.78320E+00,1.02539E+00
-5.3399808E-01,2.76367E+00,1.02539E+00
-5.3397960E-01,2.72461E+00,1.02539E+00
-5.3396112E-01,2.86133E+00,1.04492E+00
-5.3394264E-01,2.78320E+00,9.86328E-01
-5.3392416E-01,2.76367E+00,1.00586E+00
-5.3390568E-01,2.84180E+00,1.06445E+00
-5.3388720E-01,2.86133E+00,1.00586E+00
-5.3386872E-01,2.80273E+00,1.02539E+00
-5.3385024E-01,2.86133E+00,9.86328E-01
-5.3383176E-01,2.74414E+00,1.06445E+00
-5.3381328E-01,2.76367E+00,1.00586E+00
-5.3379480E-01,2.76367E+00,1.10352E+00
-5.3377632E-01,2.82227E+00,1.00586E+00
-5.3375784E-01,2.80273E+00,1.06445E+00
-5.3373936E-01,2.82227E+00,1.04492E+00
-5.3372088E-01,2.74414E+00,1.10352E+00
-5.3370240E-01,2.91992E+00,1.06445E+00
-5.3368392E-01,2.78320E+00,1.04492E+00
-5.3366544E-01,2.80273E+00,1.06445E+00
-5.3364696E-01,2.80273E+00,1.04492E+00
-5.3362848E-01,2.74414E+00,1.08398E+00
-5.3361000E-01,2.78320E+00,1.06445E+00
-5.3359152E-01,2.78320E+00,9.86328E-01
-5.3357304E-01,2.82227E+00,1.04492E+00
-5.3355456E-01,2.78320E+00,1.08398E+00
-5.3353608E-01,2.78320E+00,9.86328E-01
-5.3351760E-01,2.84180E+00,1.08398E+00
-5.3349912E-01,2.80273E+00,9.86328E-01
-5.3348064E-01,2.84180E+00,1.02539E+00
-5.3346216E-01,2.80273E+00,1.06445E+00
-5.3344368E-01,2.82227E+00,9.86328E-01
-5.3342520E-01,2.78320E+00,1.06445E+00
-5.3340672E-01,2.80273E+00,1.06445E+00
-5.3338824E-01,2.82227E+00,1.08398E+00
-5.3336976E-01,2.76367E+00,1.04492E+00
-5.3335128E-01,2.82227E+00,1.06445E+00
-5.3333280E-01,2.76367E+00,1.06445E+00
-5.3331432E-01,2.74414E+00,1.04492E+00
-5.3329584E-01,2.86133E+00,1.10352E+00
-5.3327736E-01,2.78320E+00,1.02539E+00
-5.3325888E-01,2.88086E+00,1.06445E+00
-5.3324040E-01,2.76367E+00,1.02539E+00
-5.3322192E-01,2.82227E+00,1.08398E+00
-5.3320344E-01,2.72461E+00,1.00586E+00
-5.3318496E-01,2.74414E+00,1.06445E+00
-5.3316648E-01,2.76367E+00,1.02539E+00
-5.3314800E-01,2.76367E+00,1.06445E+00
-5.3312952E-01,2.80273E+00,1.04492E+00
-5.3311104E-01,2.80273E+00,1.06445E+00
-5.3309256E-01,2.86133E+00,1.10352E+00
-5.3307408E-01,2.84180E+00,1.02539E+00
-5.3305560E-01,2.78320E+00,1.06445E+00
-5.3303712E-01,2.78320E+00,1.06445E+00
-5.3301864E-01,2.78320E+00,1.04492E+00
-5.3300016E-01,2.78320E+00,1.02539E+00
-5.3298168E-01,2.82227E+00,1.02539E+00
-5.3296320E-01,2.80273E+00,1.04492E+00
-5.3294472E-01,2.80273E+00,1.06445E+00
-5.3292624E-01,2.74414E+00,1.06445E+00
-5.3290776E-01,2.72461E+00,1.06445E+00
-5.3288928E-01,2.78320E+00,1.06445E+00
-5.3287080E-01,2.74414E+00,1.04492E+00
-5.3285232E-01,2.76367E+00,1.10352E+00
-5.3283384E-01,2.82227E+00,1.04492E+00
-5.3281536E-01,2.74414E+00,1.06445E+00
-5.3279688E-01,2.80273E+00,1.02539E+00
-5.3277840E-01,2.74414E+00,1.06445E+00
-5.3275992E-01,2.86133E+00,1.06445E+00
-5.3274144E-01,2.86133E+00,1.06445E+00
-5.3272296E-01,2.70508E+00,1.02539E+00
-5.3270448E-01,2.84180E+00,1.06445E+00
-5.3268600E-01,2.84180E+00,1.04492E+00
-5.3266752E-01,2.76367E+00,1.04492E+00
-5.3264904E-01,2.88086E+00,1.02539E+00
-5.3263056E-01,2.82227E+00,1.00586E+00
-5.3261208E-01,2.82227E+00,1.04492E+00
-5.3259360E-01,2.86133E+00,1.10352E+00
-5.3257512E-01,2.78320E+00,1.04492E+00
-5.3255664E-01,2.86133E+00,1.06445E+00
-5.3253816E-01,2.78320E+00,1.06445E+00
-5.3251968E-01,2.82227E+00,1.02539E+00
-5.3250120E-01,2.82227E+00,1.06445E+00
-5.3248272E-01,2.78320E+00,1.10352E+00
-5.3246424E-01,2.84180E+00,1.04492E+00
-5.3244576E-01,2.80273E+00,1.06445E+00
-5.3242728E-01,2.74414E+00,1.06445E+00
-5.3240880E-01,2.82227E+00,9.86328E-01
-5.3239032E-01,2.88086E+00,1.06445E+00
-5.3237184E-01,2.80273E+00,1.02539E+00
-5.3235336E-01,2.90039E+00,1.02539E+00
-5.3233488E-01,2.86133E+00,1.06445E+00
-5.3231640E-01,2.80273E+00,1.12305E+00
-5.3229792E-01,2.80273E+00,1.08398E+00
-5.3227944E-01,2.74414E+00,1.06445E+00
-5.3226096E-01,2.78320E+00,1.00586E+00
-5.3224248E-01,2.76367E+00,1.04492E+00
-5.3222400E-01,2.82227E+00,1.06445E+00
-5.3220552E-01,2.82227E+00,1.06445E+00
-5.3218704E-01,2.84180E+00,1.08398E+00
-5.3216856E-01,2.76367E+00,1.06445E+00
-5.3215008E-01,2.86133E+00,1.04492E+00
-5.3213160E-01,2.86133E+00,1.06445E+00
-5.3211312E-01,2.80273E+00,1.06445E+00
-5.3209464E-01,2.82227E+00,1.02539E+00
-5.3207616E-01,2.84180E+00,1.04492E+00
-5.3205768E-01,2.80273E+00,1.02539E+00
-5.3203920E-01,2.80273E+00,1.02539E+00
-5.3202072E-01,2.80273E+00,1.04492E+00
-5.3200224E-01,2.78320E+00,1.06445E+00
-5.3198376E-01,2.80273E+00,1.02539E+00
-5.3196528E-01,2.78320E+00,1.10352E+00
-5.3194680E-01,2.78320E+00,1.02539E+00
-5.3192832E-01,2.74414E+00,1.04492E+00
-5.3190984E-01,2.76367E+00,1.08398E+00
-5.3189136E-01,2.80273E+00,1.08398E+00
-5.3187288E-01,2.66602E+00,1.02539E+00
-5.3185440E-01,2.84180E+00,1.08398E+00
-5.3183592E-01,2.78320E+00,1.02539E+00
-5.3181744E-01,2.84180E+00,1.06445E+00
-5.3179896E-01,2.84180E+00,1.04492E+00
-5.3178048E-01,2.78320E+00,1.06445E+00
-5.3176200E-01,2.80273E+00,1.08398E+00
-5.3174352E-01,2.78320E+00,1.06445E+00
-5.3172504E-01,2.74414E+00,1.08398E+00
-5.3170656E-01,2.74414E+00,1.08398E+00
-5.3168808E-01,2.74414E+00,1.08398E+00
-5.3166960E-01,2.84180E+00,1.06445E+00
-5.3165112E-01,2.91992E+00,1.06445E+00
-5.3163264E-01,2.84180E+00,1.14258E+00
-5.3161416E-01,2.86133E+00,1.12305E+00
-5.3159568E-01,2.82227E+00,1.10352E+00
-5.3157720E-01,2.82227E+00,1.06445E+00
-5.3155872E-01,2.84180E+00,1.02539E+00
-5.3154024E-01,2.80273E+00,1.06445E+00
-5.3152176E-01,2.86133E+00,1.04492E+00
-5.3150328E-01,2.86133E+00,1.06445E+00
-5.3148480E-01,2.84180E+00,1.04492E+00
-5.3146632E-01,2.80273E+00,1.06445E+00
-5.3144784E-01,2.76367E+00,1.08398E+00
-5.3142936E-01,2.82227E+00,1.06445E+00
-5.3141088E-01,2.82227E+00,1.04492E+00
-5.3139240E-01,2.86133E+00,1.08398E+00
-5.3137392E-01,2.84180E+00,1.06445E+00
-5.3135544E-01,2.80273E+00,1.08398E+00
-5.3133696E-01,2.86133E+00,1.08398E+00
-5.3131848E-01,2.78320E+00,1.08398E+00
-5.3130000E-01,2.84180E+00,1.06445E+00
-5.3128152E-01,2.76367E+00,1.02539E+00
-5.3126304E-01,2.76367E+00,1.00586E+00
-5.3124456E-01,2.80273E+00,1.04492E+00
-5.3122608E-01,2.90039E+00,1.08398E+00
-5.3120760E-01,2.80273E+00,1.06445E+00
-5.3118912E-01,2.80273E+00,1.06445E+00
-5.3117064E-01,2.88086E+00,1.12305E+00
-5.3115216E-01,2.82227E+00,1.10352E+00
-5.3113368E-01,2.78320E+00,1.04492E+00
-5.3111520E-01,2.78320E+00,1.08398E+00
-5.3109672E-01,2.80273E+00,1.08398E+00
-5.3107824E-01,2.84180E+00,1.06445E+00
-5.3105976E-01,2.74414E+00,1.12305E+00
-5.3104128E-01,2.82227E+00,1.06445E+00
-5.3102280E-01,2.80273E+00,1.10352E+00
-5.3100432E-01,2.88086E+00,1.08398E+00
-5.3098584E-01,2.76367E+00,1.10352E+00
-5.3096736E-01,2.84180E+00,1.10352E+00
-5.3094888E-01,2.80273E+00,1.10352E+00
-5.3093040E-01,2.84180E+00,1.06445E+00
-5.3091192E-01,2.82227E+00,1.06445E+00
-5.3089344E-01,2.78320E+00,1.06445E+00
-5.3087496E-01,2.86133E+00,1.08398E+00
-5.3085648E-01,2.84180E+00,1.08398E+00
-5.3083800E-01,2.74414E+00,1.06445E+00
-5.3081952E-01,2.76367E+00,1.04492E+00
-5.3080104E-01,2.80273E+00,1.06445E+00
-5.3078256E-01,2.88086E+00,1.06445E+00
-5.3076408E-01,2.78320E+00,1.12305E+00
-5.3074560E-01,2.90039E+00,1.10352E+00
-5.3072712E-01,2.80273E+00,1.10352E+00
-5.3070864E-01,2.82227E+00,1.08398E+00
-5.3069016E-01,2.84180E+00,1.06445E+00
-5.3067168E-01,2.76367E+00,1.08398E+00
-5.3065320E-01,2.84180E+00,1.06445E+00
-5.3063472E-01,2.88086E+00,1.06445E+00
-5.3061624E-01,2.72461E+00,1.02539E+00
-5.3059776E-01,2.78320E+00,1.06445E+00
-5.3057928E-01,2.84180E+00,1.12305E+00
-5.3056080E-01,2.76367E+00,1.12305E+00
-5.3054232E-01,2.78320E+00,1.12305E+00
-5.3052384E-01,2.78320E+00,1.10352E+00
-5.3050536E-01,2.78320E+00,1.06445E+00
-5.3048688E-01,2.80273E+00,1.06445E+00
-5.3046840E-01,2.86133E+00,1.10352E+00
-5.3044992E-01,2.76367E+00,1.12305E+00
-5.3043144E-01,2.72461E+00,1.02539E+00
-5.3041296E-01,2.80273E+00,1.10352E+00
-5.3039448E-01,2.78320E+00,1.14258E+00
-5.3037600E-01,2.84180E+00,1.08398E+00
-5.3035752E-01,2.80273E+00,1.04492E+00
-5.3033904E-01,2.76367E+00,1.10352E+00
-5.3032056E-01,2.74414E+00,1.12305E+00
-5.3030208E-01,2.86133E+00,1.14258E+00
-5.3028360E-01,2.82227E+00,1.14258E+00
-5.3026512E-01,2.78320E+00,1.08398E+00
-5.3024664E-01,2.80273E+00,1.12305E+00
-5.3022816E-01,2.84180E+00,1.18164E+00
-5.3020968E-01,2.76367E+00,1.10352E+00
-5.3019120E-01,2.82227E+00,1.04492E+00
-5.3017272E-01,2.86133E+00,1.04492E+00
-5.3015424E-01,2.74414E+00,1.08398E+00
-5.3013576E-01,2.82227E+00,1.10352E+00
-5.3011728E-01,2.90039E+00,1.12305E+00
-5.3009880E-01,2.82227E+00,1.10352E+00
-5.3008032E-01,2.82227E+00,1.04492E+00
-5.3006184E-01,2.86133E+00,1.08398E+00
-5.3004336E-01,2.78320E+00,1.04492E+00
-5.3002488E-01,2.78320E+00,1.14258E+00
-5.3000640E-01,2.80273E+00,1.04492E+00
-5.2998792E-01,2.76367E+00,1.10352E+00
-5.2996944E-01,2.86133E+00,1.08398E+00
-5.2995096E-01,2.80273E+00,1.12305E+00
-5.2993248E-01,2.82227E+00,1.08398E+00
-5.2991400E-01,2.80273E+00,1.08398E+00
-5.2989552E-01,2.80273E+00,1.14258E+00
-5.2987704E-01,2.84180E+00,1.10352E+00
-5.2985856E-01,2.80273E+00,1.08398E+00
-5.2984008E-01,2.80273E+00,1.08398E+00
-5.2982160E-01,2.78320E+00,1.00586E+00
-5.2980312E-01,2.76367E+00,1.14258E+00
-5.2978464E-01,2.90039E+00,1.08398E+00
-5.2976616E-01,2.76367E+00,1.02539E+00
-5.2974768E-01,2.84180E+00,1.08398E+00
-5.2972920E-01,2.80273E+00,1.10352E+00
-5.2971072E-01,2.84180E+00,1.12305E+00
-5.2969224E-01,2.84180E+00,1.04492E+00
-5.2967376E-01,2.84180E+00,1.08398E+00
-5.2965528E-01,2.76367E+00,1.06445E+00
-5.2963680E-01,2.82227E+00,1.08398E+00
-5.2961832E-01,2.84180E+00,1.10352E+00
-5.2959984E-01,2.84180E+00,1.06445E+00
-5.2958136E-01,2.72461E+00,1.12305E+00
-5.2956288E-01,2.90039E+00,1.04492E+00
-5.2954440E-01,2.86133E+00,1.00586E+00
-5.2952592E-01,2.80273E+00,1.08398E+00
-5.2950744E-01,2.84180E+00,1.08398E+00
-5.2948896E-01,2.84180E+00,1.12305E+00
-5.2947048E-01,2.74414E+00,1.10352E+00
-5.2945200E-01,2.82227E+00,1.10352E+00
-5.2943352E-01,2.78320E+00,1.02539E+00
-5.2941504E-01,2.84180E+00,1.06445E+00
-5.2939656E-01,2.82227E+00,1.10352E+00
-5.2937808E-01,2.74414E+00,1.06445E+00
-5.2935960E-01,2.78320E+00,1.04492E+00
-5.2934112E-01,2.86133E+00,1.04492E+00
-5.2932264E-01,2.90039E+00,1.12305E+00
-5.2930416E-01,2.82227E+00,1.08398E+00
-5.2928568E-01,2.84180E+00,1.14258E+00
-5.2926720E-01,2.82227E+00,1.08398E+00
-5.2924872E-01,2.84180E+00,1.14258E+00
-5.2923024E-01,2.84180E+00,1.04492E+00
-5.2921176E-01,2.80273E+00,1.08398E+00
-5.2919328E-01,2.78320E+00,1.06445E+00
-5.2917480E-01,2.74414E+00,1.12305E+00
-5.2915632E-01,2.78320E+00,1.10352E+00
-5.2913784E-01,2.82227E+00,1.10352E+00
-5.2911936E-01,2.86133E+00,1.08398E+00
-5.2910088E-01,2.82227E+00,1.12305E+00
-5.2908240E-01,2.86133E+00,1.08398E+00
-5.2906392E-01,2.80273E+00,1.16211E+00
-5.2904544E-01,2.90039E+00,1.06445E+00
-5.2902696E-01,2.78320E+00,1.08398E+00
-5.2900848E-01,2.80273E+00,1.10352E+00
-5.2899000E-01,2.86133E+00,1.02539E+00
-5.2897152E-01,2.88086E+00,1.08398E+00
-5.2895304E-01,2.76367E+00,1.08398E+00
-5.2893456E-01,2.91992E+00,1.08398E+00
-5.2891608E-01,2.74414E+00,1.12305E+00
-5.2889760E-01,2.78320E+00,1.06445E+00
-5.2887912E-01,2.86133E+00,1.08398E+00
-5.2886064E-01,2.82227E+00,1.08398E+00
-5.2884216E-01,2.76367E+00,1.08398E+00
-5.2882368E-01,2.90039E+00,1.14258E+00
-5.2880520E-01,2.80273E+00,1.12305E+00
-5.2878672E-01,2.78320E+00,1.08398E+00
-5.2876824E-01,2.78320E+00,1.12305E+00
-5.2874976E-01,2.76367E+00,1.10352E+00
-5.2873128E-01,2.86133E+00,1.16211E+00
-5.2871280E-01,2.78320E+00,1.08398E+00
-5.2869432E-01,2.80273E+00,1.04492E+00
-5.2867584E-01,2.78320E+00,1.12305E+00
-5.2865736E-01,2.82227E+00,1.06445E+00
-5.2863888E-01,2.80273E+00,1.14258E+00
-5.2862040E-01,2.88086E+00,1.08398E+00
-5.2860192E-01,2.80273E+00,1.14258E+00
-5.2858344E-01,2.80273E+00,1.10352E+00
-5.2856496E-01,2.88086E+00,1.08398E+00
-5.2854648E-01,2.74414E+00,1.14258E+00
-5.2852800E-01,2.80273E+00,1.08398E+00
-5.2850952E-01,2.80273E+00,1.12305E+00
-5.2849104E-01,2.86133E+00,1.14258E+00
-5.2847256E-01,2.84180E+00,1.14258E+00
-5.2845408E-01,2.76367E+00,1.10352E+00
-5.2843560E-01,2.82227E+00,1.08398E+00
-5.2841712E-01,2.78320E+00,1.16211E+00
-5.2839864E-01,2.76367E+00,1.10352E+00
-5.2838016E-01,2.84180E+00,1.08398E+00
-5.2836168E-01,2.84180E+00,1.14258E+00
-5.2834320E-01,2.86133E+00,1.14258E+00
-5.2832472E-01,2.74414E+00,1.06445E+00
-5.2830624E-01,2.90039E+00,1.08398E+00
-5.2828776E-01,2.72461E+00,1.12305E+00
-5.2826928E-01,2.86133E+00,1.04492E+00
-5.2825080E-01,2.86133E+00,1.12305E+00
-5.2823232E-01,2.80273E+00,1.14258E+00
-5.2821384E-01,2.80273E+00,1.02539E+00
-5.2819536E-01,2.86133E+00,1.14258E+00
-5.2817688E-01,2.80273E+00,1.10352E+00
-5.2815840E-01,2.86133E+00,1.08398E+00
-5.2813992E-01,2.82227E+00,1.02539E+00
-5.2812144E-01,2.82227E+00,1.14258E+00
-5.2810296E-01,2.76367E+00,1.14258E+00
-5.2808448E-01,2.84180E+00,1.14258E+00
-5.2806600E-01,2.80273E+00,1.12305E+00
-5.2804752E-01,2.80273E+00,1.06445E+00
-5.2802904E-01,2.78320E+00,1.12305E+00
-5.2801056E-01,2.80273E+00,1.12305E+00
-5.2799208E-01,2.84180E+00,1.16211E+00
-5.2797360E-01,2.78320E+00,1.08398E+00
-5.2795512E-01,2.82227E+00,1.12305E+00
-5.2793664E-01,2.78320E+00,1.06445E+00
-5.2791816E-01,2.82227E+00,1.16211E+00
-5.2789968E-01,2.82227E+00,1.08398E+00
-5.2788120E-01,2.80273E+00,1.08398E+00
-5.2786272E-01,2.86133E+00,1.12305E+00
-5.2784424E-01,2.86133E+00,1.16211E+00
-5.2782576E-01,2.86133E+00,1.20117E+00
-5.2780728E-01,2.84180E+00,1.08398E+00
-5.2778880E-01,2.80273E+00,1.06445E+00
-5.2777032E-01,2.82227E+00,1.08398E+00
-5.2775184E-01,2.86133E+00,1.14258E+00
-5.2773336E-01,2.86133E+00,1.08398E+00
-5.2771488E-01,2.78320E+00,1.08398E+00
-5.2769640E-01,2.86133E+00,1.10352E+00
-5.2767792E-01,2.91992E+00,1.14258E+00
-5.2765944E-01,2.82227E+00,1.10352E+00
-5.2764096E-01,2.82227E+00,1.14258E+00
-5.2762248E-01,2.76367E+00,1.04492E+00
-5.2760400E-01,2.84180E+00,1.08398E+00
-5.2758552E-01,2.82227E+00,1.10352E+00
-5.2756704E-01,2.90039E+00,1.12305E+00
-5.2754856E-01,2.80273E+00,1.22070E+00
-5.2753008E-01,2.90039E+00,1.08398E+00
-5.2751160E-01,2.86133E+00,1.12305E+00
-5.2749312E-01,2.80273E+00,1.10352E+00
-5.2747464E-01,2.86133E+00,1.18164E+00
-5.2745616E-01,2.74414E+00,1.20117E+00
-5.2743768E-01,2.82227E+00,1.10352E+00
-5.2741920E-01,2.86133E+00,1.12305E+00
-5.2740072E-01,2.80273E+00,1.12305E+00
-5.2738224E-01,2.80273E+00,1.12305E+00
-5.2736376E-01,2.76367E+00,1.12305E+00
-5.2734528E-01,2.82227E+00,1.04492E+00
-5.2732680E-01,2.82227E+00,1.10352E+00
-5.2730832E-01,2.84180E+00,1.14258E+00
-5.2728984E-01,2.84180E+00,1.12305E+00
-5.2727136E-01,2.88086E+00,1.12305E+00
-5.2725288E-01,2.78320E+00,1.08398E+00
-5.2723440E-01,2.86133E+00,1.08398E+00
-5.2721592E-01,2.80273E+00,1.14258E+00
-5.2719744E-01,2.80273E+00,1.08398E+00
-5.2717896E-01,2.88086E+00,1.10352E+00
-5.2716048E-01,2.82227E+00,1.18164E+00
-5.2714200E-01,2.84180E+00,1.12305E+00
-5.2712352E-01,2.78320E+00,1.08398E+00
-5.2710504E-01,2.78320E+00,1.18164E+00
-5.2708656E-01,2.86133E+00,1.16211E+00
-5.2706808E-01,2.80273E+00,1.10352E+00
-5.2704960E-01,2.90039E+00,1.10352E+00
-5.2703112E-01,2.80273E+00,1.12305E+00
-5.2701264E-01,2.84180E+00,1.12305E+00
-5.2699416E-01,2.78320E+00,1.12305E+00
-5.2697568E-01,2.88086E+00,1.08398E+00
-5.2695720E-01,2.80273E+00,1.10352E+00
-5.2693872E-01,2.74414E+00,1.12305E+00
-5.2692024E-01,2.80273E+00,1.12305E+00
-5.2690176E-01,2.82227E+00,1.12305E+00
-5.2688328E-01,2.82227E+00,1.12305E+00
-5.2686480E-01,2.76367E+00,1.18164E+00
-5.2684632E-01,2.78320E+00,1.14258E+00
-5.2682784E-01,2.78320E+00,1.12305E+00
-5.2680936E-01,2.80273E+00,1.10352E+00
-5.2679088E-01,2.78320E+00,1.14258E+00
-5.2677240E-01,2.80273E+00,1.16211E+00
-5.2675392E-01,2.80273E+00,1.10352E+00
-5.2673544E-01,2.76367E+00,1.12305E+00
-5.2671696E-01,2.86133E+00,1.06445E+00
-5.2669848E-01,2.78320E+00,1.14258E+00
-5.2668000E-01,2.86133E+00,1.14258E+00
-5.2666152E-01,2.78320E+00,1.10352E+00
-5.2664304E-01,2.84180E+00,1.08398E+00
-5.2662456E-01,2.80273E+00,1.18164E+00
-5.2660608E-01,2.86133E+00,1.10352E+00
-5.2658760E-01,2.82227E+00,1.16211E+00
-5.2656912E-01,2.88086E+00,1.12305E+00
-5.2655064E-01,2.86133E+00,1.16211E+00
-5.2653216E-01,2.82227E+00,1.18164E+00
-5.2651368E-01,2.86133E+00,1.10352E+00
-5.2649520E-01,2.80273E+00,1.10352E+00
-5.2647672E-01,2.80273E+00,1.20117E+00
-5.2645824E-01,2.88086E+00,1.18164E+00
-5.2643976E-01,2.84180E+00,1.10352E+00
-5.2642128E-01,2.88086E+00,1.10352E+00
-5.2640280E-01,2.80273E+00,1.14258E+00
-5.2638432E-01,2.90039E+00,1.12305E+00
-5.2636584E-01,2.82227E+00,1.12305E+00
-5.2634736E-01,2.80273E+00,1.14258E+00
-5.2632888E-01,2.88086E+00,1.16211E+00
-5.2631040E-01,2.82227E+00,1.16211E+00
-5.2629192E-01,2.80273E+00,1.12305E+00
-5.2627344E-01,2.88086E+00,1.14258E+00
-5.2625496E-01,2.80273E+00,1.14258E+00
-5.2623648E-01,2.82227E+00,1.16211E+00
-5.2621800E-01,2.82227E+00,1.18164E+00
-5.2619952E-01,2.86133E+00,1.14258E+00
-5.2618104E-01,2.86133E+00,1.14258E+00
-5.2616256E-01,2.86133E+00,1.14258E+00
-5.2614408E-01,2.74414E+00,1.08398E+00
-5.2612560E-01,2.80273E+00,1.16211E+00
-5.2610712E-01,2.80273E+00,1.14258E+00
-5.2608864E-01,2.86133E+00,1.14258E+00
-5.2607016E-01,2.80273E+00,1.18164E+00
-5.2605168E-01,2.80273E+00,1.12305E+00
-5.2603320E-01,2.84180E+00,1.16211E+00
-5.2601472E-01,2.84180E+00,1.14258E+00
-5.2599624E-01,2.86133E+00,1.12305E+00
-5.2597776E-01,2.84180E+00,1.18164E+00
-5.2595928E-01,2.82227E+00,1.16211E+00
-5.2594080E-01,2.82227E+00,1.14258E+00
-5.2592232E-01,2.78320E+00,1.22070E+00
-5.2590384E-01,2.78320E+00,1.12305E+00
-5.2588536E-01,2.86133E+00,1.18164E+00
-5.2586688E-01,2.80273E+00,1.14258E+00
-5.2584840E-01,2.86133E+00,1.10352E+00
-5.2582992E-01,2.88086E+00,1.06445E+00
-5.2581144E-01,2.80273E+00,1.20117E+00
-5.2579296E-01,2.88086E+00,1.14258E+00
-5.2577448E-01,2.88086E+00,1.16211E+00
-5.2575600E-01,2.80273E+00,1.20117E+00
-5.2573752E-01,2.82227E+00,1.18164E+00
-5.2571904E-01,2.86133E+00,1.18164E+00
-5.2570056E-01,2.78320E+00,1.16211E+00
-5.2568208E-01,2.80273E+00,1.16211E+00
-5.2566360E-01,2.82227E+00,1.22070E+00
-5.2564512E-01,2.86133E+00,1.18164E+00
-5.2562664E-01,2.80273E+00,1.22070E+00
-5.2560816E-01,2.84180E+00,1.22070E+00
-5.2558968E-01,2.78320E+00,1.18164E+00
-5.2557120E-01,2.88086E+00,1.16211E+00
-5.2555272E-01,2.84180E+00,1.16211E+00
-5.2553424E-01,2.82227E+00,1.14258E+00
-5.2551576E-01,2.84180E+00,1.16211E+00
-5.2549728E-01,2.84180E+00,1.10352E+00
-5.2547880E-01,2.80273E+00,1.18164E+00
-5.2546032E-01,2.86133E+00,1.14258E+00
-5.2544184E-01,2.82227E+00,1.16211E+00
-5.2542336E-01,2.80273E+00,1.18164E+00
-5.2540488E-01,2.78320E+00,1.14258E+00
-5.2538640E-01,2.86133E+00,1.14258E+00
-5.2536792E-01,2.90039E+00,1.16211E+00
-5.2534944E-01,2.84180E+00,1.14258E+00
-5.2533096E-01,2.80273E+00,1.16211E+00
-5.2531248E-01,2.86133E+00,1.10352E+00
-5.2529400E-01,2.78320E+00,1.18164E+00
-5.2527552E-01,2.80273E+00,1.14258E+00
-5.2525704E-01,2.86133E+00,1.16211E+00
-5.2523856E-01,2.91992E+00,1.16211E+00
-5.2522008E-01,2.86133E+00,1.20117E+00
-5.2520160E-01,2.90039E+00,1.18164E+00
-5.2518312E-01,2.80273E+00,1.22070E+00
-5.2516464E-01,2.80273E+00,1.14258E+00
-5.2514616E-01,2.86133E+00,1.14258E+00
-5.2512768E-01,2.84180E+00,1.18164E+00
-5.2510920E-01,2.82227E+00,1.18164E+00
-5.2509072E-01,2.86133E+00,1.18164E+00
-5.2507224E-01,2.78320E+00,1.10352E+00
-5.2505376E-01,2.86133E+00,1.14258E+00
-5.2503528E-01,2.84180E+00,1.16211E+00
-5.2501680E-01,2.90039E+00,1.14258E+00
-5.2499832E-01,2.80273E+00,1.22070E+00
-5.2497984E-01,2.86133E+00,1.14258E+00
-5.2496136E-01,2.74414E+00,1.16211E+00
-5.2494288E-01,2.82227E+00,1.18164E+00
-5.2492440E-01,2.76367E+00,1.20117E+00
-5.2490592E-01,2.84180E+00,1.10352E+00
-5.2488744E-01,2.80273E+00,1.14258E+00
-5.2486896E-01,2.80273E+00,1.14258E+00
-5.2485048E-01,2.84180E+00,1.18164E+00
-5.2483200E-01,2.82227E+00,1.18164E+00
-5.2481352E-01,2.82227E+00,1.20117E+00
-5.2479504E-01,2.91992E+00,1.20117E+00
-5.2477656E-01,2.88086E+00,1.20117E+00
-5.2475808E-01,2.86133E+00,1.14258E+00
-5.2473960E-01,2.78320E+00,1.10352E+00
-5.2472112E-01,2.78320E+00,1.20117E+00
-5.2470264E-01,2.86133E+00,1.14258E+00
-5.2468416E-01,2.86133E+00,1.14258E+00
-5.2466568E-01,2.76367E+00,1.14258E+00
-5.2464720E-01,2.90039E+00,1.14258E+00
-5.2462872E-01,2.76367E+00,1.14258E+00
-5.2461024E-01,2.90039E+00,1.12305E+00
-5.2459176E-01,2.78320E+00,1.10352E+00
-5.2457328E-01,2.78320E+00,1.14258E+00
-5.2455480E-01,2.78320E+00,1.16211E+00
-5.2453632E-01,2.78320E+00,1.14258E+00
-5.2451784E-01,2.86133E+00,1.20117E+00
-5.2449936E-01,2.80273E+00,1.10352E+00
-5.2448088E-01,2.80273E+00,1.16211E+00
-5.2446240E-01,2.82227E+00,1.10352E+00
-5.2444392E-01,2.82227E+00,1.20117E+00
-5.2442544E-01,2.76367E+00,1.14258E+00
-5.2440696E-01,2.90039E+00,1.22070E+00
-5.2438848E-01,2.78320E+00,1.18164E+00
-5.2437000E-01,2.84180E+00,1.20117E+00
-5.2435152E-01,2.78320E+00,1.16211E+00
-5.2433304E-01,2.80273E+00,1.14258E+00
-5.2431456E-01,2.80273E+00,1.14258E+00
-5.2429608E-01,2.76367E+00,1.16211E+00
-5.2427760E-01,2.86133E+00,1.20117E+00
-5.2425912E-01,2.78320E+00,1.20117E+00
-5.2424064E-01,2.86133E+00,1.14258E+00
-5.2422216E-01,2.84180E+00,1.16211E+00
-5.2420368E-01,2.80273E+00,1.12305E+00
-5.2418520E-01,2.74414E+00,1.22070E+00
-5.2416672E-01,2.82227E+00,1.10352E+00
-5.2414824E-01,2.78320E+00,1.20117E+00
-5.2412976E-01,2.78320E+00,1.16211E+00
-5.2411128E-01,2.82227E+00,1.18164E+00
-5.2409280E-01,2.82227E+00,1.14258E+00
-5.2407432E-01,2.80273E+00,1.16211E+00
-5.2405584E-01,2.84180E+00,1.10352E+00
-5.2403736E-01,2.78320E+00,1.16211E+00
-5.2401888E-01,2.86133E+00,1.08398E+00
-5.2400040E-01,2.82227E+00,1.20117E+00
-5.2398192E-01,2.84180E+00,1.18164E+00
-5.2396344E-01,2.80273E+00,1.10352E+00
-5.2394496E-01,2.76367E+00,1.16211E+00
-5.2392648E-01,2.80273E+00,1.18164E+00
-5.2390800E-01,2.82227E+00,1.18164E+00
-5.2388952E-01,2.80273E+00,1.14258E+00
-5.2387104E-01,2.82227E+00,1.16211E+00
-5.2385256E-01,2.80273E+00,1.20117E+00
-5.2383408E-01,2.84180E+00,1.14258E+00
-5.2381560E-01,2.80273E+00,1.14258E+00
-5.2379712E-01,2.74414E+00,1.16211E+00
-5.2377864E-01,2.88086E+00,1.18164E+00
-5.2376016E-01,2.82227E+00,1.16211E+00
-5.2374168E-01,2.86133E+00,1.16211E+00
-5.2372320E-01,2.84180E+00,1.14258E+00
-5.2370472E-01,2.86133E+00,1.18164E+00
-5.2368624E-01,2.91992E+00,1.18164E+00
-5.2366776E-01,2.82227E+00,1.22070E+00
-5.2364928E-01,2.86133E+00,1.18164E+00
-5.2363080E-01,2.84180E+00,1.16211E+00
-5.2361232E-01,2.78320E+00,1.18164E+00
-5.2359384E-01,2.88086E+00,1.20117E+00
-5.2357536E-01,2.91992E+00,1.16211E+00
-5.2355688E-01,2.82227E+00,1.22070E+00
-5.2353840E-01,2.82227E+00,1.14258E+00
-5.2351992E-01,2.78320E+00,1.18164E+00
-5.2350144E-01,2.82227E+00,1.16211E+00
-5.2348296E-01,2.86133E+00,1.22070E+00
-5.2346448E-01,2.84180E+00,1.18164E+00
-5.2344600E-01,2.86133E+00,1.18164E+00
-5.2342752E-01,2.80273E+00,1.10352E+00
-5.2340904E-01,2.80273E+00,1.14258E+00
-5.2339056E-01,2.86133E+00,1.20117E+00
-5.2337208E-01,2.84180E+00,1.16211E+00
-5.2335360E-01,2.86133E+00,1.12305E+00
-5.2333512E-01,2.90039E+00,1.22070E+00
-5.2331664E-01,2.86133E+00,1.18164E+00
-5.2329816E-01,2.78320E+00,1.18164E+00
-5.2327968E-01,2.86133E+00,1.18164E+00
-5.2326120E-01,2.91992E+00,1.18164E+00
-5.2324272E-01,2.86133E+00,1.14258E+00
-5.2322424E-01,2.84180E+00,1.20117E+00
-5.2320576E-01,2.82227E+00,1.18164E+00
-5.2318728E-01,2.84180E+00,1.22070E+00
-5.2316880E-01,2.88086E+00,1.20117E+00
-5.2315032E-01,2.80273E+00,1.18164E+00
-5.2313184E-01,2.88086E+00,1.14258E+00
-5.2311336E-01,2.84180E+00,1.24023E+00
-5.2309488E-01,2.86133E+00,1.20117E+00
-5.2307640E-01,2.76367E+00,1.22070E+00
-5.2305792E-01,2.88086E+00,1.22070E+00
-5.2303944E-01,2.80273E+00,1.18164E+00
-5.2302096E-01,2.84180E+00,1.14258E+00
-5.2300248E-01,2.78320E+00,1.16211E+00
-5.2298400E-01,2.80273E+00,1.16211E+00
-5.2296552E-01,2.86133E+00,1.18164E+00
-5.2294704E-01,2.91992E+00,1.16211E+00
-5.2292856E-01,2.84180E+00,1.16211E+00
-5.2291008E-01,2.82227E+00,1.16211E+00
-5.2289160E-01,2.80273E+00,1.16211E+00
-5.2287312E-01,2.86133E+00,1.18164E+00
-5.2285464E-01,2.91992E+00,1.25977E+00
-5.2283616E-01,2.80273E+00,1.18164E+00
-5.2281768E-01,2.80273E+00,1.18164E+00
-5.2279920E-01,2.86133E+00,1.10352E+00
-5.2278072E-01,2.90039E+00,1.22070E+00
-5.2276224E-01,2.84180E+00,1.16211E+00
-5.2274376E-01,2.80273E+00,1.16211E+00
-5.2272528E-01,2.88086E+00,1.16211E+00
-5.2270680E-01,2.82227E+00,1.22070E+00
-5.2268832E-01,2.90039E+00,1.22070E+00
-5.2266984E-01,2.88086E+00,1.18164E+00
-5.2265136E-01,2.86133E+00,1.18164E+00
-5.2263288E-01,2.84180E+00,1.22070E+00
-5.2261440E-01,2.88086E+00,1.14258E+00
-5.2259592E-01,2.86133E+00,1.16211E+00
-5.2257744E-01,2.90039E+00,1.14258E+00
-5.2255896E-01,2.86133E+00,1.20117E+00
-5.2254048E-01,2.80273E+00,1.18164E+00
-5.2252200E-01,2.84180E+00,1.14258E+00
-5.2250352E-01,2.82227E+00,1.18164E+00
-5.2248504E-01,2.74414E+00,1.22070E+00
-5.2246656E-01,2.86133E+00,1.25977E+00
-5.2244808E-01,2.82227E+00,1.14258E+00
-5.2242960E-01,2.78320E+00,1.12305E+00
-5.2241112E-01,2.74414E+00,1.25977E+00
-5.2239264E-01,2.82227E+00,1.18164E+00
-5.2237416E-01,2.84180E+00,1.22070E+00
-5.2235568E-01,2.82227E+00,1.16211E+00
-5.2233720E-01,2.82227E+00,1.22070E+00
-5.2231872E-01,2.84180E+00,1.16211E+00
-5.2230024E-01,2.90039E+00,1.22070E+00
-5.2228176E-01,2.84180E+00,1.16211E+00
-5.2226328E-01,2.86133E+00,1.16211E+00
-5.2224480E-01,2.84180E+00,1.08398E+00
-5.2222632E-01,2.80273E+00,1.22070E+00
-5.2220784E-01,2.82227E+00,1.16211E+00
-5.2218936E-01,2.84180E+00,1.14258E+00
-5.2217088E-01,2.93945E+00,1.20117E+00
-5.2215240E-01,2.82227E+00,1.22070E+00
-5.2213392E-01,2.82227E+00,1.16211E+00
-5.2211544E-01,2.80273E+00,1.18164E+00
-5.2209696E-01,2.84180E+00,1.16211E+00
-5.2207848E-01,2.86133E+00,1.22070E+00
-5.2206000E-01,2.84180E+00,1.20117E+00
-5.2204152E-01,2.88086E+00,1.22070E+00
-5.2202304E-01,2.88086E+00,1.18164E+00
-5.2200456E-01,2.86133E+00,1.22070E+00
-5.2198608E-01,2.78320E+00,1.16211E+00
-5.2196760E-01,2.78320E+00,1.22070E+00
-5.2194912E-01,2.88086E+00,1.16211E+00
-5.2193064E-01,2.80273E+00,1.22070E+00
-5.2191216E-01,2.84180E+00,1.16211E+00
-5.2189368E-01,2.82227E+00,1.22070E+00
-5.2187520E-01,2.82227E+00,1.16211E+00
-5.2185672E-01,2.88086E+00,1.24023E+00
-5.2183824E-01,2.90039E+00,1.18164E+00
-5.2181976E-01,2.80273E+00,1.22070E+00
-5.2180128E-01,2.84180E+00,1.18164E+00
-5.2178280E-01,2.82227E+00,1.16211E+00
-5.2176432E-01,2.76367E+00,1.20117E+00
-5.2174584E-01,2.82227E+00,1.25977E+00
-5.2172736E-01,2.84180E+00,1.20117E+00
-5.2170888E-01,2.78320E+00,1.22070E+00
-5.2169040E-01,2.88086E+00,1.18164E+00
-5.2167192E-01,2.80273E+00,1.22070E+00
-5.2165344E-01,2.88086E+00,1.20117E+00
-5.2163496E-01,2.82227E+00,1.22070E+00
-5.2161648E-01,2.86133E+00,1.18164E+00
-5.2159800E-01,2.80273E+00,1.22070E+00
-5.2157952E-01,2.86133E+00,1.14258E+00
-5.2156104E-01,2.90039E+00,1.24023E+00
-5.2154256E-01,2.82227E+00,1.27930E+00
-5.2152408E-01,2.84180E+00,1.25977E+00
-5.2150560E-01,2.78320E+00,1.20117E+00
-5.2148712E-01,2.86133E+00,1.18164E+00
-5.2146864E-01,2.86133E+00,1.20117E+00
-5.2145016E-01,2.74414E+00,1.22070E+00
-5.2143168E-01,2.88086E+00,1.18164E+00
-5.2141320E-01,2.88086E+00,1.22070E+00
-5.2139472E-01,2.88086E+00,1.14258E+00
-5.2137624E-01,2.86133E+00,1.22070E+00
-5.2135776E-01,2.88086E+00,1.27930E+00
-5.2133928E-01,2.84180E+00,1.22070E+00
-5.2132080E-01,2.91992E+00,1.16211E+00
-5.2130232E-01,2.78320E+00,1.22070E+00
-5.2128384E-01,2.86133E+00,1.20117E+00
-5.2126536E-01,2.80273E+00,1.22070E+00
-5.2124688E-01,2.86133E+00,1.22070E+00
-5.2122840E-01,2.88086E+00,1.22070E+00
-5.2120992E-01,2.80273E+00,1.16211E+00
-5.2119144E-01,2.82227E+00,1.22070E+00
-5.2117296E-01,2.90039E+00,1.22070E+00
-5.2115448E-01,2.86133E+00,1.24023E+00
-5.2113600E-01,2.82227E+00,1.14258E+00
-5.2111752E-01,2.88086E+00,1.22070E+00
-5.2109904E-01,2.86133E+00,1.20117E+00
-5.2108056E-01,2.88086E+00,1.24023E+00
-5.2106208E-01,2.86133E+00,1.22070E+00
-5.2104360E-01,2.84180E+00,1.25977E+00
-5.2102512E-01,2.84180E+00,1.16211E+00
-5.2100664E-01,2.86133E+00,1.22070E+00
-5.2098816E-01,2.86133E+00,1.16211E+00
-5.2096968E-01,2.80273E+00,1.24023E+00
-5.2095120E-01,2.80273E+00,1.20117E+00
-5.2093272E-01,2.86133E+00,1.27930E+00
-5.2091424E-01,2.88086E+00,1.22070E+00
-5.2089576E-01,2.88086E+00,1.22070E+00
-5.2087728E-01,2.86133E+00,1.20117E+00
-5.2085880E-01,2.88086E+00,1.20117E+00
-5.2084032E-01,2.82227E+00,1.14258E+00
-5.2082184E-01,2.82227E+00,1.24023E+00
-5.2080336E-01,2.86133E+00,1.08398E+00
-5.2078488E-01,2.80273E+00,1.29883E+00
-5.2076640E-01,2.86133E+00,1.25977E+00
-5.2074792E-01,2.80273E+00,1.25977E+00
-5.2072944E-01,2.86133E+00,1.16211E+00
-5.2071096E-01,2.86133E+00,1.20117E+00
-5.2069248E-01,2.88086E+00,1.16211E+00
-5.2067400E-01,2.90039E+00,1.22070E+00
-5.2065552E-01,2.86133E+00,1.18164E+00
-5.2063704E-01,2.86133E+00,1.22070E+00
-5.2061856E-01,2.84180E+00,1.20117E+00
-5.2060008E-01,2.86133E+00,1.14258E+00
-5.2058160E-01,2.84180E+00,1.20117E+00
-5.2056312E-01,2.84180E+00,1.24023E+00
-5.2054464E-01,2.80273E+00,1.25977E+00
-5.2052616E-01,2.80273E+00,1.25977E+00
-5.2050768E-01,2.84180E+00,1.16211E+00
-5.2048920E-01,2.84180E+00,1.24023E+00
-5.2047072E-01,2.90039E+00,1.22070E+00
-5.2045224E-01,2.88086E+00,1.18164E+00
-5.2043376E-01,2.86133E+00,1.16211E+00
-5.2041528E-01,2.78320E+00,1.22070E+00
-5.2039680E-01,2.80273E+00,1.16211E+00
-5.2037832E-01,2.91992E+00,1.22070E+00
-5.2035984E-01,2.90039E+00,1.24023E+00
-5.2034136E-01,2.76367E+00,1.22070E+00
-5.2032288E-01,2.86133E+00,1.22070E+00
-5.2030440E-01,2.80273E+00,1.22070E+00
-5.2028592E-01,2.88086E+00,1.20117E+00
-5.2026744E-01,2.86133E+00,1.25977E+00
-5.2024896E-01,2.86133E+00,1.25977E+00
-5.2023048E-01,2.80273E+00,1.24023E+00
-5.2021200E-01,2.86133E+00,1.16211E+00
-5.2019352E-01,2.82227E+00,1.24023E+00
-5.2017504E-01,2.90039E+00,1.27930E+00
-5.2015656E-01,2.82227E+00,1.24023E+00
-5.2013808E-01,2.86133E+00,1.22070E+00
-5.2011960E-01,2.82227E+00,1.24023E+00
-5.2010112E-01,2.93945E+00,1.20117E+00
-5.2008264E-01,2.80273E+00,1.22070E+00
-5.2006416E-01,2.90039E+00,1.18164E+00
-5.2004568E-01,2.93945E+00,1.24023E+00
-5.2002720E-01,2.88086E+00,1.24023E+00
-5.2000872E-01,2.88086E+00,1.18164E+00
-5.1999024E-01,2.86133E+00,1.22070E+00
-5.1997176E-01,2.86133E+00,1.18164E+00
-5.1995328E-01,2.91992E+00,1.20117E+00
-5.1993480E-01,2.86133E+00,1.24023E+00
-5.1991632E-01,2.90039E+00,1.24023E+00
-5.1989784E-01,2.84180E+00,1.24023E+00
-5.1987936E-01,2.88086E+00,1.16211E+00
-5.1986088E-01,2.80273E+00,1.24023E+00
-5.1984240E-01,2.90039E+00,1.22070E+00
-5.1982392E-01,2.80273E+00,1.22070E+00
-5.1980544E-01,2.88086E+00,1.22070E+00
-5.1978696E-01,2.88086E+00,1.24023E+00
-5.1976848E-01,2.84180E+00,1.22070E+00
-5.1975000E-01,2.80273E+00,1.20117E+00
-5.1973152E-01,2.90039E+00,1.27930E+00
-5.1971304E-01,2.86133E+00,1.25977E+00
-5.1969456E-01,2.80273E+00,1.27930E+00
-5.1967608E-01,2.84180E+00,1.27930E+00
-5.1965760E-01,2.88086E+00,1.27930E+00
-5.1963912E-01,2.90039E+00,1.27930E+00
-5.1962064E-01,2.90039E+00,1.22070E+00
-5.1960216E-01,2.78320E+00,1.22070E+00
-5.1958368E-01,2.82227E+00,1.24023E+00
-5.1956520E-01,2.91992E+00,1.20117E+00
-5.1954672E-01,2.88086E+00,1.24023E+00
-5.1952824E-01,2.86133E+00,1.25977E+00
-5.1950976E-01,2.86133E+00,1.27930E+00
-5.1949128E-01,2.82227E+00,1.25977E+00
-5.1947280E-01,2.90039E+00,1.16211E+00
-5.1945432E-01,2.88086E+00,1.22070E+00
-5.1943584E-01,2.88086E+00,1.20117E+00
-5.1941736E-01,2.84180E+00,1.27930E+00
-5.1939888E-01,2.88086E+00,1.24023E+00
-5.1938040E-01,2.88086E+00,1.25977E+00
-5.1936192E-01,2.86133E+00,1.24023E+00
-5.1934344E-01,2.82227E+00,1.22070E+00
-5.1932496E-01,2.91992E+00,1.22070E+00
-5.1930648E-01,2.88086E+00,1.24023E+00
-5.1928800E-01,2.78320E+00,1.16211E+00
-5.1926952E-01,2.86133E+00,1.27930E+00
-5.1925104E-01,2.80273E+00,1.20117E+00
-5.1923256E-01,2.76367E+00,1.24023E+00
-5.1921408E-01,2.86133E+00,1.18164E+00
-5.1919560E-01,2.80273E+00,1.25977E+00
-5.1917712E-01,2.80273E+00,1.24023E+00
-5.1915864E-01,2.82227E+00,1.22070E+00
-5.1914016E-01,2.86133E+00,1.25977E+00
-5.1912168E-01,2.86133E+00,1.29883E+00
-5.1910320E-01,2.86133E+00,1.16211E+00
-5.1908472E-01,2.84180E+00,1.27930E+00
-5.1906624E-01,2.82227E+00,1.27930E+00
-5.1904776E-01,2.80273E+00,1.27930E+00
-5.1902928E-01,2.86133E+00,1.20117E+00
-5.1901080E-01,2.84180E+00,1.25977E+00
-5.1899232E-01,2.88086E+00,1.22070E+00
-5.1897384E-01,2.80273E+00,1.22070E+00
-5.1895536E-01,2.88086E+00,1.27930E+00
-5.1893688E-01,2.86133E+00,1.24023E+00
-5.1891840E-01,2.84180E+00,1.27930E+00
-5.1889992E-01,2.91992E+00,1.24023E+00
-5.1888144E-01,2.88086E+00,1.20117E+00
-5.1886296E-01,2.86133E+00,1.24023E+00
-5.1884448E-01,2.90039E+00,1.25977E+00
-5.1882600E-01,2.88086E+00,1.27930E+00
-5.1880752E-01,2.84180E+00,1.22070E+00
-5.1878904E-01,2.72461E+00,1.24023E+00
-5.1877056E-01,2.88086E+00,1.16211E+00
-5.1875208E-01,2.88086E+00,1.22070E+00
-5.1873360E-01,2.90039E+00,1.24023E+00
-5.1871512E-01,2.84180E+00,1.25977E+00
-5.1869664E-01,2.86133E+00,1.20117E+00
-5.1867816E-01,2.86133E+00,1.22070E+00
-5.1865968E-01,2.82227E+00,1.25977E+00
-5.1864120E-01,2.82227E+00,1.24023E+00
-5.1862272E-01,2.88086E+00,1.24023E+00
-5.1860424E-01,2.80273E+00,1.22070E+00
-5.1858576E-01,2.91992E+00,1.27930E+00
-5.1856728E-01,2.86133E+00,1.25977E+00
-5.1854880E-01,2.90039E+00,1.18164E+00
-5.1853032E-01,2.82227E+00,1.22070E+00
-5.1851184E-01,2.91992E+00,1.25977E+00
-5.1849336E-01,2.78320E+00,1.24023E+00
-5.1847488E-01,2.84180E+00,1.20117E+00
-5.1845640E-01,2.86133E+00,1.22070E+00
-5.1843792E-01,2.86133E+00,1.27930E+00
-5.1841944E-01,2.91992E+00,1.22070E+00
-5.1840096E-01,2.86133E+00,1.25977E+00
-5.1838248E-01,2.78320E+00,1.29883E+00
-5.1836400E-01,2.82227E+00,1.24023E+00
-5.1834552E-01,2.86133E+00,1.25977E+00
-5.1832704E-01,2.86133E+00,1.27930E+00
-5.1830856E-01,2.88086E+00,1.24023E+00
-5.1829008E-01,2.80273E+00,1.22070E+00
-5.1827160E-01,2.82227E+00,1.22070E+00
-5.1825312E-01,2.88086E+00,1.25977E+00
-5.1823464E-01,2.86133E+00,1.27930E+00
-5.1821616E-01,2.88086E+00,1.18164E+00
-5.1819768E-01,2.86133E+00,1.24023E+00
-5.1817920E-01,2.99805E+00,1.24023E+00
-5.1816072E-01,2.82227E+00,1.22070E+00
-5.1814224E-01,2.88086E+00,1.24023E+00
-5.1812376E-01,2.84180E+00,1.27930E+00
-5.1810528E-01,2.93945E+00,1.24023E+00
-5.1808680E-01,2.80273E+00,1.25977E+00
-5.1806832E-01,2.90039E+00,1.24023E+00
-5.1804984E-01,2.82227E+00,1.29883E+00
-5.1803136E-01,2.88086E+00,1.27930E+00
-5.1801288E-01,2.82227E+00,1.22070E+00
-5.1799440E-01,2.90039E+00,1.24023E+00
-5.1797592E-01,2.82227E+00,1.27930E+00
-5.1795744E-01,2.90039E+00,1.27930E+00
-5.1793896E-01,2.82227E+00,1.24023E+00
-5.1792048E-01,2.86133E+00,1.22070E+00
-5.1790200E-01,2.78320E+00,1.27930E+00
-5.1788352E-01,2.91992E+00,1.24023E+00
-5.1786504E-01,2.78320E+00,1.22070E+00
-5.1784656E-01,2.88086E+00,1.25977E+00
-5.1782808E-01,2.86133E+00,1.25977E+00
-5.1780960E-01,2.86133E+00,1.25977E+00
-5.1779112E-01,2.88086E+00,1.29883E+00
-5.1777264E-01,2.91992E+00,1.25977E+00
-5.1775416E-01,2.86133E+00,1.27930E+00
-5.1773568E-01,2.90039E+00,1.24023E+00
-5.1771720E-01,2.91992E+00,1.24023E+00
-5.1769872E-01,2.88086E+00,1.24023E+00
-5.1768024E-01,2.82227E+00,1.29883E+00
-5.1766176E-01,2.88086E+00,1.25977E+00
-5.1764328E-01,2.84180E+00,1.29883E+00
-5.1762480E-01,2.88086E+00,1.24023E+00
-5.1760632E-01,2.84180E+00,1.25977E+00
-5.1758784E-01,2.88086E+00,1.27930E+00
-5.1756936E-01,2.80273E+00,1.31836E+00
-5.1755088E-01,2.86133E+00,1.25977E+00
-5.1753240E-01,2.80273E+00,1.29883E+00
-5.1751392E-01,2.80273E+00,1.24023E+00
-5.1749544E-01,2.84180E+00,1.27930E+00
-5.1747696E-01,2.91992E+00,1.25977E+00
-5.1745848E-01,2.80273E+00,1.31836E+00
-5.1744000E-01,2.86133E+00,1.22070E+00
-5.1742152E-01,2.90039E+00,1.25977E+00
-5.1740304E-01,2.91992E+00,1.25977E+00
-5.1738456E-01,2.88086E+00,1.27930E+00
-5.1736608E-01,2.88086E+00,1.20117E+00
-5.1734760E-01,2.90039E+00,1.27930E+00
-5.1732912E-01,2.86133E+00,1.24023E+00
-5.1731064E-01,2.82227E+00,1.27930E+00
-5.1729216E-01,2.84180E+00,1.27930E+00
-5.1727368E-01,2.84180E+00,1.31836E+00
-5.1725520E-01,2.86133E+00,1.22070E+00
-5.1723672E-01,2.86133E+00,1.25977E+00
-5.1721824E-01,2.86133E+00,1.25977E+00
-5.1719976E-01,2.88086E+00,1.31836E+00
-5.1718128E-01,2.90039E+00,1.27930E+00
-5.1716280E-01,2.88086E+00,1.31836E+00
-5.1714432E-01,2.82227E+00,1.25977E+00
-5.1712584E-01,2.90039E+00,1.24023E+00
-5.1710736E-01,2.88086E+00,1.25977E+00
-5.1708888E-01,2.80273E+00,1.22070E+00
-5.1707040E-01,2.90039E+00,1.27930E+00
-5.1705192E-01,2.88086E+00,1.31836E+00
-5.1703344E-01,2.80273E+00,1.27930E+00
-5.1701496E-01,2.86133E+00,1.24023E+00
-5.1699648E-01,2.84180E+00,1.22070E+00
-5.1697800E-01,2.84180E+00,1.29883E+00
-5.1695952E-01,2.84180E+00,1.18164E+00
-5.1694104E-01,2.91992E+00,1.31836E+00
-5.1692256E-01,2.86133E+00,1.29883E+00
-5.1690408E-01,2.88086E+00,1.31836E+00
-5.1688560E-01,2.90039E+00,1.27930E+00
-5.1686712E-01,2.86133E+00,1.29883E+00
-5.1684864E-01,2.86133E+00,1.24023E+00
-5.1683016E-01,2.84180E+00,1.25977E+00
-5.1681168E-01,2.86133E+00,1.22070E+00
-5.1679320E-01,2.86133E+00,1.22070E+00
-5.1677472E-01,2.88086E+00,1.25977E+00
-5.1675624E-01,2.80273E+00,1.31836E+00
-5.1673776E-01,2.90039E+00,1.20117E+00
-5.1671928E-01,2.84180E+00,1.29883E+00
-5.1670080E-01,2.90039E+00,1.29883E+00
-5.1668232E-01,2.86133E+00,1.29883E+00
-5.1666384E-01,2.97852E+00,1.25977E+00
-5.1664536E-01,2.82227E+00,1.25977E+00
-5.1662688E-01,2.84180E+00,1.24023E+00
-5.1660840E-01,2.82227E+00,1.22070E+00
-5.1658992E-01,2.88086E+00,1.22070E+00
-5.1657144E-01,2.80273E+00,1.25977E+00
-5.1655296E-01,2.80273E+00,1.16211E+00
-5.1653448E-01,2.88086E+00,1.25977E+00
-5.1651600E-01,2.78320E+00,1.27930E+00
-5.1649752E-01,2.80273E+00,1.33789E+00
-5.1647904E-01,2.88086E+00,1.29883E+00
-5.1646056E-01,2.90039E+00,1.29883E+00
-5.1644208E-01,2.86133E+00,1.24023E+00
-5.1642360E-01,2.82227E+00,1.27930E+00
-5.1640512E-01,2.91992E+00,1.27930E+00
-5.1638664E-01,2.86133E+00,1.24023E+00
-5.1636816E-01,2.90039E+00,1.27930E+00
-5.1634968E-01,2.86133E+00,1.31836E+00
-5.1633120E-01,2.86133E+00,1.27930E+00
-5.1631272E-01,2.82227E+00,1.24023E+00
-5.1629424E-01,2.86133E+00,1.22070E+00
-5.1627576E-01,2.86133E+00,1.29883E+00
-5.1625728E-01,2.91992E+00,1.25977E+00
-5.1623880E-01,2.84180E+00,1.33789E+00
-5.1622032E-01,2.86133E+00,1.25977E+00
-5.1620184E-01,2.84180E+00,1.31836E+00
-5.1618336E-01,2.90039E+00,1.31836E+00
-5.1616488E-01,2.90039E+00,1.29883E+00
-5.1614640E-01,2.84180E+00,1.27930E+00
-5.1612792E-01,2.93945E+00,1.29883E+00
-5.1610944E-01,2.91992E+00,1.24023E+00
-5.1609096E-01,2.80273E+00,1.31836E+00
-5.1607248E-01,2.88086E+00,1.27930E+00
-5.1605400E-01,2.86133E+00,1.27930E+00
-5.1603552E-01,2.88086E+00,1.29883E+00
-5.1601704E-01,2.88086E+00,1.27930E+00
-5.1599856E-01,2.93945E+00,1.24023E+00
-5.1598008E-01,2.88086E+00,1.33789E+00
-5.1596160E-01,2.91992E+00,1.27930E+00
-5.1594312E-01,2.93945E+00,1.29883E+00
-5.1592464E-01,2.86133E+00,1.25977E+00
-5.1590616E-01,2.90039E+00,1.24023E+00
-5.1588768E-01,2.90039E+00,1.24023E+00
-5.1586920E-01,2.91992E+00,1.27930E+00
-5.1585072E-01,2.93945E+00,1.27930E+00
-5.1583224E-01,2.86133E+00,1.37695E+00
-5.1581376E-01,2.91992E+00,1.27930E+00
-5.1579528E-01,2.88086E+00,1.31836E+00
-5.1577680E-01,2.90039E+00,1.29883E+00
-5.1575832E-01,2.86133E+00,1.25977E+00
-5.1573984E-01,2.82227E+00,1.25977E+00
-5.1572136E-01,2.86133E+00,1.29883E+00
-5.1570288E-01,2.90039E+00,1.27930E+00
-5.1568440E-01,2.82227E+00,1.24023E+00
-5.1566592E-01,2.86133E+00,1.25977E+00
-5.1564744E-01,2.90039E+00,1.29883E+00
-5.1562896E-01,2.91992E+00,1.29883E+00
-5.1561048E-01,2.82227E+00,1.27930E+00
-5.1559200E-01,2.93945E+00,1.24023E+00
-5.1557352E-01,2.86133E+00,1.27930E+00
-5.1555504E-01,2.80273E+00,1.27930E+00
-5.1553656E-01,2.88086E+00,1.24023E+00
-5.1551808E-01,2.88086E+00,1.31836E+00
-5.1549960E-01,2.88086E+00,1.27930E+00
-5.1548112E-01,2.88086E+00,1.27930E+00
-5.1546264E-01,2.86133E+00,1.27930E+00
-5.1544416E-01,2.84180E+00,1.24023E+00
-5.1542568E-01,2.93945E+00,1.35742E+00
-5.1540720E-01,2.95898E+00,1.29883E+00
-5.1538872E-01,2.88086E+00,1.29883E+00
-5.1537024E-01,2.84180E+00,1.29883E+00
-5.1535176E-01,2.82227E+00,1.29883E+00
-5.1533328E-01,2.84180E+00,1.33789E+00
-5.1531480E-01,2.97852E+00,1.27930E+00
-5.1529632E-01,2.88086E+00,1.27930E+00
-5.1527784E-01,2.90039E+00,1.24023E+00
-5.1525936E-01,2.88086E+00,1.25977E+00
-5.1524088E-01,2.90039E+00,1.31836E+00
-5.1522240E-01,2.91992E+00,1.24023E+00
-5.1520392E-01,2.88086E+00,1.31836E+00
-5.1518544E-01,2.90039E+00,1.25977E+00
-5.1516696E-01,2.84180E+00,1.27930E+00
-5.1514848E-01,2.88086E+00,1.25977E+00
-5.1513000E-01,2.84180E+00,1.27930E+00
-5.1511152E-01,2.91992E+00,1.27930E+00
-5.1509304E-01,2.86133E+00,1.31836E+00
-5.1507456E-01,2.82227E+00,1.27930E+00
-5.1505608E-01,2.86133E+00,1.27930E+00
-5.1503760E-01,2.82227E+00,1.22070E+00
-5.1501912E-01,2.90039E+00,1.35742E+00
-5.1500064E-01,2.84180E+00,1.31836E+00
-5.1498216E-01,2.82227E+00,1.35742E+00
-5.1496368E-01,2.91992E+00,1.27930E+00
-5.1494520E-01,2.86133E+00,1.29883E+00
-5.1492672E-01,2.82227E+00,1.27930E+00
-5.1490824E-01,2.82227E+00,1.31836E+00
-5.1488976E-01,2.86133E+00,1.29883E+00
-5.1487128E-01,2.82227E+00,1.29883E+00
-5.1485280E-01,2.84180E+00,1.29883E+00
-5.1483432E-01,2.90039E+00,1.35742E+00
-5.1481584E-01,2.86133E+00,1.27930E+00
-5.1479736E-01,2.88086E+00,1.31836E+00
-5.1477888E-01,2.88086E+00,1.27930E+00
-5.1476040E-01,2.80273E+00,1.29883E+00
-5.1474192E-01,2.91992E+00,1.27930E+00
-5.1472344E-01,2.78320E+00,1.35742E+00
-5.1470496E-01,2.88086E+00,1.31836E+00
-5.1468648E-01,2.88086E+00,1.29883E+00
-5.1466800E-01,2.90039E+00,1.27930E+00
-5.1464952E-01,2.86133E+00,1.24023E+00
-5.1463104E-01,2.88086E+00,1.29883E+00
-5.1461256E-01,2.90039E+00,1.31836E+00
-5.1459408E-01,2.88086E+00,1.27930E+00
-5.1457560E-01,2.86133E+00,1.33789E+00
-5.1455712E-01,2.82227E+00,1.27930E+00
-5.1453864E-01,2.90039E+00,1.29883E+00
-5.1452016E-01,2.88086E+00,1.27930E+00
-5.1450168E-01,2.86133E+00,1.33789E+00
-5.1448320E-01,2.88086E+00,1.29883E+00
-5.1446472E-01,2.91992E+00,1.25977E+00
-5.1444624E-01,2.82227E+00,1.33789E+00
-5.1442776E-01,2.86133E+00,1.24023E+00
-5.1440928E-01,2.93945E+00,1.29883E+00
-5.1439080E-01,2.88086E+00,1.27930E+00
-5.1437232E-01,2.91992E+00,1.27930E+00
-5.1435384E-01,2.88086E+00,1.31836E+00
-5.1433536E-01,2.84180E+00,1.29883E+00
-5.1431688E-01,2.84180E+00,1.24023E+00
-5.1429840E-01,2.84180E+00,1.27930E+00
-5.1427992E-01,2.88086E+00,1.31836E+00
-5.1426144E-01,2.88086E+00,1.29883E+00
-5.1424296E-01,2.91992E+00,1.27930E+00
-5.1422448E-01,2.86133E+00,1.29883E+00
-5.1420600E-01,2.88086E+00,1.33789E+00
-5.1418752E-01,2.90039E+00,1.27930E+00
-5.1416904E-01,2.86133E+00,1.27930E+00
-5.1415056E-01,2.86133E+00,1.29883E+00
-5.1413208E-01,2.90039E+00,1.24023E+00
-5.1411360E-01,2.91992E+00,1.27930E+00
-5.1409512E-01,2.86133E+00,1.27930E+00
-5.1407664E-01,2.86133E+00,1.27930E+00
-5.1405816E-01,2.80273E+00,1.31836E+00
-5.1403968E-01,2.91992E+00,1.27930E+00
-5.1402120E-01,2.91992E+00,1.29883E+00
-5.1400272E-01,2.90039E+00,1.33789E+00
-5.1398424E-01,2.82227E+00,1.31836E+00
-5.1396576E-01,2.80273E+00,1.29883E+00
-5.1394728E-01,2.80273E+00,1.29883E+00
-5.1392880E-01,2.88086E+00,1.29883E+00
-5.1391032E-01,2.88086E+00,1.31836E+00
-5.1389184E-01,2.91992E+00,1.29883E+00
-5.1387336E-01,2.91992E+00,1.35742E+00
-5.1385488E-01,2.90039E+00,1.29883E+00
-5.1383640E-01,2.90039E+00,1.29883E+00
-5.1381792E-01,2.86133E+00,1.25977E+00
-5.1379944E-01,2.86133E+00,1.33789E+00
-5.1378096E-01,2.88086E+00,1.27930E+00
-5.1376248E-01,2.90039E+00,1.31836E+00
-5.1374400E-01,2.86133E+00,1.27930E+00
-5.1372552E-01,2.80273E+00,1.29883E+00
-5.1370704E-01,2.86133E+00,1.31836E+00
-5.1368856E-01,2.82227E+00,1.29883E+00
-5.1367008E-01,2.88086E+00,1.33789E+00
-5.1365160E-01,2.78320E+00,1.27930E+00
-5.1363312E-01,2.88086E+00,1.27930E+00
-5.1361464E-01,2.90039E+00,1.29883E+00
-5.1359616E-01,2.90039E+00,1.27930E+00
-5.1357768E-01,2.86133E+00,1.29883E+00
-5.1355920E-01,2.91992E+00,1.29883E+00
-5.1354072E-01,2.84180E+00,1.31836E+00
-5.1352224E-01,2.88086E+00,1.29883E+00
-5.1350376E-01,2.86133E+00,1.33789E+00
-5.1348528E-01,2.90039E+00,1.29883E+00
-5.1346680E-01,2.91992E+00,1.33789E+00
-5.1344832E-01,2.88086E+00,1.35742E+00
-5.1342984E-01,2.80273E+00,1.29883E+00
-5.1341136E-01,2.91992E+00,1.35742E+00
-5.1339288E-01,2.88086E+00,1.29883E+00
-5.1337440E-01,2.86133E+00,1.33789E+00
-5.1335592E-01,2.88086E+00,1.35742E+00
-5.1333744E-01,2.88086E+00,1.27930E+00
-5.1331896E-01,2.84180E+00,1.33789E+00
-5.1330048E-01,2.86133E+00,1.31836E+00
-5.1328200E-01,2.91992E+00,1.35742E+00
-5.1326352E-01,2.88086E+00,1.33789E+00
-5.1324504E-01,2.84180E+00,1.33789E+00
-5.1322656E-01,2.90039E+00,1.31836E+00
-5.1320808E-01,2.86133E+00,1.31836E+00
-5.1318960E-01,2.91992E+00,1.24023E+00
-5.1317112E-01,2.88086E+00,1.35742E+00
-5.1315264E-01,2.86133E+00,1.33789E+00
-5.1313416E-01,2.86133E+00,1.29883E+00
-5.1311568E-01,2.88086E+00,1.29883E+00
-5.1309720E-01,2.86133E+00,1.35742E+00
-5.1307872E-01,2.86133E+00,1.35742E+00
-5.1306024E-01,2.80273E+00,1.27930E+00
-5.1304176E-01,2.91992E+00,1.33789E+00
-5.1302328E-01,2.88086E+00,1.31836E+00
-5.1300480E-01,2.84180E+00,1.29883E+00
-5.1298632E-01,2.86133E+00,1.39648E+00
-5.1296784E-01,2.90039E+00,1.33789E+00
-5.1294936E-01,2.88086E+00,1.35742E+00
-5.1293088E-01,2.91992E+00,1.35742E+00
-5.1291240E-01,2.90039E+00,1.35742E+00
-5.1289392E-01,2.88086E+00,1.29883E+00
-5.1287544E-01,2.90039E+00,1.35742E+00
-5.1285696E-01,2.93945E+00,1.29883E+00
-5.1283848E-01,2.86133E+00,1.33789E+00
-5.1282000E-01,2.90039E+00,1.27930E+00
-5.1280152E-01,2.86133E+00,1.31836E+00
-5.1278304E-01,2.86133E+00,1.35742E+00
-5.1276456E-01,2.86133E+00,1.33789E+00
-5.1274608E-01,2.86133E+00,1.29883E+00
-5.1272760E-01,2.84180E+00,1.37695E+00
-5.1270912E-01,2.86133E+00,1.35742E+00
-5.1269064E-01,2.84180E+00,1.33789E+00
-5.1267216E-01,2.93945E+00,1.29883E+00
-5.1265368E-01,2.88086E+00,1.37695E+00
-5.1263520E-01,2.86133E+00,1.33789E+00
-5.1261672E-01,2.80273E+00,1.27930E+00
-5.1259824E-01,2.86133E+00,1.27930E+00
-5.1257976E-01,2.90039E+00,1.27930E+00
-5.1256128E-01,2.86133E+00,1.29883E+00
-5.1254280E-01,2.84180E+00,1.35742E+00
-5.1252432E-01,2.88086E+00,1.33789E+00
-5.1250584E-01,2.88086E+00,1.31836E+00
-5.1248736E-01,2.88086E+00,1.25977E+00
-5.1246888E-01,2.86133E+00,1.31836E+00
-5.1245040E-01,2.80273E+00,1.31836E+00
-5.1243192E-01,2.91992E+00,1.29883E+00
-5.1241344E-01,2.84180E+00,1.29883E+00
-5.1239496E-01,2.90039E+00,1.29883E+00
-5.1237648E-01,2.93945E+00,1.25977E+00
-5.1235800E-01,2.91992E+00,1.29883E+00
-5.1233952E-01,2.91992E+00,1.29883E+00
-5.1232104E-01,2.90039E+00,1.27930E+00
-5.1230256E-01,2.88086E+00,1.29883E+00
-5.1228408E-01,2.86133E+00,1.31836E+00
-5.1226560E-01,2.91992E+00,1.33789E+00
-5.1224712E-01,2.84180E+00,1.33789E+00
-5.1222864E-01,2.88086E+00,1.35742E+00
-5.1221016E-01,2.90039E+00,1.35742E+00
-5.1219168E-01,2.86133E+00,1.29883E+00
-5.1217320E-01,2.86133E+00,1.35742E+00
-5.1215472E-01,2.91992E+00,1.29883E+00
-5.1213624E-01,2.93945E+00,1.39648E+00
-5.1211776E-01,2.90039E+00,1.33789E+00
-5.1209928E-01,2.88086E+00,1.33789E+00
-5.1208080E-01,2.91992E+00,1.29883E+00
-5.1206232E-01,2.82227E+00,1.31836E+00
-5.1204384E-01,2.90039E+00,1.27930E+00
-5.1202536E-01,2.88086E+00,1.37695E+00
-5.1200688E-01,2.90039E+00,1.35742E+00
-5.1198840E-01,2.88086E+00,1.33789E+00
-5.1196992E-01,2.91992E+00,1.31836E+00
-5.1195144E-01,2.90039E+00,1.37695E+00
-5.1193296E-01,2.88086E+00,1.29883E+00
-5.1191448E-01,2.86133E+00,1.33789E+00
-5.1189600E-01,2.88086E+00,1.33789E+00
-5.1187752E-01,2.86133E+00,1.31836E+00
-5.1185904E-01,2.88086E+00,1.27930E+00
-5.1184056E-01,2.86133E+00,1.33789E+00
-5.1182208E-01,2.91992E+00,1.33789E+00
-5.1180360E-01,2.90039E+00,1.33789E+00
-5.1178512E-01,2.91992E+00,1.25977E+00
-5.1176664E-01,2.88086E+00,1.31836E+00
-5.1174816E-01,2.86133E+00,1.35742E+00
-5.1172968E-01,2.84180E+00,1.35742E+00
-5.1171120E-01,2.86133E+00,1.39648E+00
-5.1169272E-01,2.84180E+00,1.29883E+00
-5.1167424E-01,2.82227E+00,1.27930E+00
-5.1165576E-01,2.93945E+00,1.31836E+00
-5.1163728E-01,2.84180E+00,1.35742E+00
-5.1161880E-01,2.88086E+00,1.35742E+00
-5.1160032E-01,2.86133E+00,1.29883E+00
-5.1158184E-01,2.88086E+00,1.35742E+00
-5.1156336E-01,2.90039E+00,1.31836E+00
-5.1154488E-01,2.86133E+00,1.33789E+00
-5.1152640E-01,2.88086E+00,1.29883E+00
-5.1150792E-01,2.86133E+00,1.37695E+00
-5.1148944E-01,2.91992E+00,1.27930E+00
-5.1147096E-01,2.88086E+00,1.35742E+00
-5.1145248E-01,2.93945E+00,1.35742E+00
-5.1143400E-01,2.88086E+00,1.39648E+00
-5.1141552E-01,2.91992E+00,1.35742E+00
-5.1139704E-01,2.86133E+00,1.29883E+00
-5.1137856E-01,2.91992E+00,1.35742E+00
-5.1136008E-01,2.80273E+00,1.37695E+00
-5.1134160E-01,2.86133E+00,1.33789E+00
-5.1132312E-01,2.88086E+00,1.37695E+00
-5.1130464E-01,2.91992E+00,1.33789E+00
-5.1128616E-01,2.90039E+00,1.47461E+00
-5.1126768E-01,2.88086E+00,1.33789E+00
-5.1124920E-01,2.90039E+00,1.41602E+00
-5.1123072E-01,2.90039E+00,1.35742E+00
-5.1121224E-01,2.86133E+00,1.39648E+00
-5.1119376E-01,2.88086E+00,1.35742E+00
-5.1117528E-01,2.91992E+00,1.37695E+00
-5.1115680E-01,2.88086E+00,1.29883E+00
-5.1113832E-01,2.88086E+00,1.39648E+00
-5.1111984E-01,2.90039E+00,1.29883E+00
-5.1110136E-01,2.88086E+00,1.33789E+00
-5.1108288E-01,2.88086E+00,1.35742E+00
-5.1106440E-01,2.82227E+00,1.39648E+00
-5.1104592E-01,2.93945E+00,1.37695E+00
-5.1102744E-01,2.90039E+00,1.35742E+00
-5.1100896E-01,2.90039E+00,1.35742E+00
-5.1099048E-01,2.86133E+00,1.37695E+00
-5.1097200E-01,2.91992E+00,1.39648E+00
-5.1095352E-01,2.90039E+00,1.31836E+00
-5.1093504E-01,2.88086E+00,1.27930E+00
-5.1091656E-01,2.90039E+00,1.35742E+00
-5.1089808E-01,2.90039E+00,1.35742E+00
-5.1087960E-01,2.80273E+00,1.37695E+00
-5.1086112E-01,2.88086E+00,1.33789E+00
-5.1084264E-01,2.86133E+00,1.33789E+00
-5.1082416E-01,2.84180E+00,1.29883E+00
-5.1080568E-01,2.93945E+00,1.35742E+00
-5.1078720E-01,2.86133E+00,1.41602E+00
-5.1076872E-01,2.86133E+00,1.35742E+00
-5.1075024E-01,2.82227E+00,1.39648E+00
-5.1073176E-01,2.86133E+00,1.35742E+00
-5.1071328E-01,2.90039E+00,1.35742E+00
-5.1069480E-01,2.84180E+00,1.37695E+00
-5.1067632E-01,2.91992E+00,1.39648E+00
-5.1065784E-01,2.86133E+00,1.35742E+00
-5.1063936E-01,2.90039E+00,1.35742E+00
-5.1062088E-01,2.88086E+00,1.37695E+00
-5.1060240E-01,2.91992E+00,1.35742E+00
-5.1058392E-01,2.88086E+00,1.35742E+00
-5.1056544E-01,2.86133E+00,1.29883E+00
-5.1054696E-01,2.86133E+00,1.35742E+00
-5.1052848E-01,2.91992E+00,1.27930E+00
-5.1051000E-01,2.90039E+00,1.39648E+00
-5.1049152E-01,2.91992E+00,1.39648E+00
-5.1047304E-01,2.86133E+00,1.31836E+00
-5.1045456E-01,2.90039E+00,1.31836E+00
-5.1043608E-01,2.86133E+00,1.29883E+00
-5.1041760E-01,2.84180E+00,1.27930E+00
-5.1039912E-01,2.86133E+00,1.39648E+00
-5.1038064E-01,2.82227E+00,1.31836E+00
-5.1036216E-01,2.90039E+00,1.41602E+00
-5.1034368E-01,2.88086E+00,1.41602E+00
-5.1032520E-01,2.82227E+00,1.45508E+00
-5.1030672E-01,2.88086E+00,1.37695E+00
-5.1028824E-01,2.90039E+00,1.33789E+00
-5.1026976E-01,2.91992E+00,1.35742E+00
-5.1025128E-01,2.86133E+00,1.33789E+00
-5.1023280E-01,2.91992E+00,1.41602E+00
-5.1021432E-01,2.86133E+00,1.39648E+00
-5.1019584E-01,2.90039E+00,1.37695E+00
-5.1017736E-01,2.80273E+00,1.37695E+00
-5.1015888E-01,2.88086E+00,1.33789E+00
-5.1014040E-01,2.88086E+00,1.41602E+00
-5.1012192E-01,2.86133E+00,1.35742E+00
-5.1010344E-01,2.88086E+00,1.37695E+00
-5.1008496E-01,2.97852E+00,1.35742E+00
-5.1006648E-01,2.90039E+00,1.29883E+00
-5.1004800E-01,2.91992E+00,1.31836E+00
-5.1002952E-01,2.86133E+00,1.37695E+00
-5.1001104E-01,2.90039E+00,1.27930E+00
-5.0999256E-01,2.80273E+00,1.39648E+00
-5.0997408E-01,2.88086E+00,1.35742E+00
-5.0995560E-01,2.90039E+00,1.29883E+00
-5.0993712E-01,2.93945E+00,1.35742E+00
-5.0991864E-01,2.88086E+00,1.33789E+00
-5.0990016E-01,2.97852E+00,1.33789E+00
-5.0988168E-01,2.86133E+00,1.29883E+00
-5.0986320E-01,2.91992E+00,1.35742E+00
-5.0984472E-01,2.86133E+00,1.35742E+00
-5.0982624E-01,2.91992E+00,1.33789E+00
-5.0980776E-01,2.82227E+00,1.37695E+00
-5.0978928E-01,2.88086E+00,1.35742E+00
-5.0977080E-01,2.88086E+00,1.39648E+00
-5.0975232E-01,2.88086E+00,1.33789E+00
-5.0973384E-01,2.88086E+00,1.37695E+00
-5.0971536E-01,2.90039E+00,1.31836E+00
-5.0969688E-01,2.88086E+00,1.35742E+00
-5.0967840E-01,2.82227E+00,1.41602E+00
-5.0965992E-01,2.86133E+00,1.31836E+00
-5.0964144E-01,2.91992E+00,1.35742E+00
-5.0962296E-01,2.91992E+00,1.37695E+00
-5.0960448E-01,2.88086E+00,1.37695E+00
-5.0958600E-01,2.86133E+00,1.37695E+00
-5.0956752E-01,2.93945E+00,1.37695E+00
-5.0954904E-01,2.80273E+00,1.47461E+00
-5.0953056E-01,2.97852E+00,1.35742E+00
-5.0951208E-01,2.86133E+00,1.39648E+00
-5.0949360E-01,2.90039E+00,1.33789E+00
-5.0947512E-01,2.91992E+00,1.33789E+00
-5.0945664E-01,2.91992E+00,1.35742E+00
-5.0943816E-01,2.80273E+00,1.35742E+00
-5.0941968E-01,2.86133E+00,1.37695E+00
-5.0940120E-01,2.91992E+00,1.41602E+00
-5.0938272E-01,2.97852E+00,1.33789E+00
-5.0936424E-01,2.84180E+00,1.39648E+00
-5.0934576E-01,2.90039E+00,1.37695E+00
-5.0932728E-01,2.78320E+00,1.43555E+00
-5.0930880E-01,2.91992E+00,1.37695E+00
-5.0929032E-01,2.86133E+00,1.35742E+00
-5.0927184E-01,2.91992E+00,1.37695E+00
-5.0925336E-01,2.91992E+00,1.41602E+00
-5.0923488E-01,2.91992E+00,1.41602E+00
-5.0921640E-01,2.90039E+00,1.37695E+00
-5.0919792E-01,2.95898E+00,1.35742E+00
-5.0917944E-01,2.86133E+00,1.35742E+00
-5.0916096E-01,2.88086E+00,1.27930E+00
-5.0914248E-01,2.86133E+00,1.41602E+00
-5.0912400E-01,2.99805E+00,1.31836E+00
-5.0910552E-01,2.84180E+00,1.37695E+00
-5.0908704E-01,2.97852E+00,1.35742E+00
-5.0906856E-01,2.86133E+00,1.35742E+00
-5.0905008E-01,2.88086E+00,1.33789E+00
-5.0903160E-01,2.84180E+00,1.35742E+00
-5.0901312E-01,2.86133E+00,1.35742E+00
-5.0899464E-01,2.88086E+00,1.29883E+00
-5.0897616E-01,2.86133E+00,1.39648E+00
-5.0895768E-01,2.91992E+00,1.37695E+00
-5.0893920E-01,2.88086E+00,1.41602E+00
-5.0892072E-01,2.93945E+00,1.41602E+00
-5.0890224E-01,2.93945E+00,1.37695E+00
-5.0888376E-01,2.86133E+00,1.39648E+00
-5.0886528E-01,2.88086E+00,1.33789E+00
-5.0884680E-01,2.88086E+00,1.39648E+00
-5.0882832E-01,2.88086E+00,1.33789E+00
-5.0880984E-01,2.86133E+00,1.37695E+00
-5.0879136E-01,2.86133E+00,1.39648E+00
-5.0877288E-01,2.88086E+00,1.37695E+00
-5.0875440E-01,2.88086E+00,1.35742E+00
-5.0873592E-01,2.84180E+00,1.37695E+00
-5.0871744E-01,2.86133E+00,1.41602E+00
-5.0869896E-01,2.86133E+00,1.39648E+00
-5.0868048E-01,2.91992E+00,1.37695E+00
-5.0866200E-01,2.90039E+00,1.45508E+00
-5.0864352E-01,2.88086E+00,1.29883E+00
-5.0862504E-01,2.90039E+00,1.41602E+00
-5.0860656E-01,2.91992E+00,1.39648E+00
-5.0858808E-01,2.86133E+00,1.37695E+00
-5.0856960E-01,2.84180E+00,1.39648E+00
-5.0855112E-01,2.91992E+00,1.37695E+00
-5.0853264E-01,2.88086E+00,1.35742E+00
-5.0851416E-01,2.88086E+00,1.35742E+00
-5.0849568E-01,2.93945E+00,1.37695E+00
-5.0847720E-01,2.86133E+00,1.37695E+00
-5.0845872E-01,2.97852E+00,1.31836E+00
-5.0844024E-01,2.88086E+00,1.33789E+00
-5.0842176E-01,2.91992E+00,1.31836E+00
-5.0840328E-01,2.88086E+00,1.37695E+00
-5.0838480E-01,2.95898E+00,1.33789E+00
-5.0836632E-01,2.90039E+00,1.29883E+00
-5.0834784E-01,2.88086E+00,1.43555E+00
-5.0832936E-01,2.90039E+00,1.37695E+00
-5.0831088E-01,2.93945E+00,1.35742E+00
-5.0829240E-01,2.90039E+00,1.49414E+00
-5.0827392E-01,2.93945E+00,1.39648E+00
-5.0825544E-01,2.86133E+00,1.37695E+00
-5.0823696E-01,2.82227E+00,1.39648E+00
-5.0821848E-01,2.84180E+00,1.45508E+00
-5.0820000E-01,2.88086E+00,1.37695E+00
-5.0818152E-01,2.86133E+00,1.37695E+00
-5.0816304E-01,2.90039E+00,1.37695E+00
-5.0814456E-01,2.82227E+00,1.47461E+00
-5.0812608E-01,2.88086E+00,1.41602E+00
-5.0810760E-01,2.86133E+00,1.39648E+00
-5.0808912E-01,2.88086E+00,1.41602E+00
-5.0807064E-01,2.86133E+00,1.37695E+00
-5.0805216E-01,2.91992E+00,1.35742E+00
-5.0803368E-01,2.90039E+00,1.39648E+00
-5.0801520E-01,2.91992E+00,1.33789E+00
-5.0799672E-01,2.90039E+00,1.41602E+00
-5.0797824E-01,2.88086E+00,1.41602E+00
-5.0795976E-01,2.90039E+00,1.37695E+00
-5.0794128E-01,2.88086E+00,1.35742E+00
-5.0792280E-01,2.84180E+00,1.35742E+00
-5.0790432E-01,2.90039E+00,1.39648E+00
-5.0788584E-01,2.88086E+00,1.35742E+00
-5.0786736E-01,2.95898E+00,1.41602E+00
-5.0784888E-01,2.91992E+00,1.35742E+00
-5.0783040E-01,2.91992E+00,1.43555E+00
-5.0781192E-01,2.88086E+00,1.37695E+00
-5.0779344E-01,2.90039E+00,1.43555E+00
-5.0777496E-01,2.91992E+00,1.41602E+00
-5.0775648E-01,2.90039E+00,1.43555E+00
-5.0773800E-01,2.90039E+00,1.37695E+00
-5.0771952E-01,2.86133E+00,1.35742E+00
-5.0770104E-01,2.88086E+00,1.37695E+00
-5.0768256E-01,2.90039E+00,1.39648E+00
-5.0766408E-01,2.90039E+00,1.45508E+00
-5.0764560E-01,2.86133E+00,1.43555E+00
-5.0762712E-01,2.99805E+00,1.41602E+00
-5.0760864E-01,2.91992E+00,1.31836E+00
-5.0759016E-01,2.88086E+00,1.45508E+00
-5.0757168E-01,2.90039E+00,1.39648E+00
-5.0755320E-01,2.95898E+00,1.37695E+00
-5.0753472E-01,2.90039E+00,1.35742E+00
-5.0751624E-01,2.88086E+00,1.47461E+00
-5.0749776E-01,2.86133E+00,1.39648E+00
-5.0747928E-01,2.84180E+00,1.41602E+00
-5.0746080E-01,2.90039E+00,1.43555E+00
-5.0744232E-01,2.91992E+00,1.37695E+00
-5.0742384E-01,2.91992E+00,1.39648E+00
-5.0740536E-01,2.86133E+00,1.37695E+00
-5.0738688E-01,2.91992E+00,1.41602E+00
-5.0736840E-01,2.93945E+00,1.41602E+00
-5.0734992E-01,2.88086E+00,1.41602E+00
-5.0733144E-01,2.90039E+00,1.43555E+00
-5.0731296E-01,2.97852E+00,1.41602E+00
-5.0729448E-01,2.90039E+00,1.45508E+00
-5.0727600E-01,2.90039E+00,1.37695E+00
-5.0725752E-01,2.88086E+00,1.43555E+00
-5.0723904E-01,2.88086E+00,1.33789E+00
-5.0722056E-01,2.90039E+00,1.37695E+00
-5.0720208E-01,2.86133E+00,1.43555E+00
-5.0718360E-01,2.88086E+00,1.45508E+00
-5.0716512E-01,2.93945E+00,1.47461E+00
-5.0714664E-01,2.97852E+00,1.43555E+00
-5.0712816E-01,2.90039E+00,1.37695E+00
-5.0710968E-01,2.90039E+00,1.37695E+00
-5.0709120E-01,2.86133E+00,1.39648E+00
-5.0707272E-01,2.86133E+00,1.41602E+00
-5.0705424E-01,2.88086E+00,1.37695E+00
-5.0703576E-01,2.93945E+00,1.39648E+00
-5.0701728E-01,2.95898E+00,1.43555E+00
-5.0699880E-01,2.88086E+00,1.41602E+00
-5.0698032E-01,2.95898E+00,1.33789E+00
-5.0696184E-01,2.82227E+00,1.41602E+00
-5.0694336E-01,2.95898E+00,1.41602E+00
-5.0692488E-01,2.91992E+00,1.41602E+00
-5.0690640E-01,2.91992E+00,1.45508E+00
-5.0688792E-01,2.86133E+00,1.45508E+00
-5.0686944E-01,2.93945E+00,1.41602E+00
-5.0685096E-01,2.90039E+00,1.39648E+00
-5.0683248E-01,2.90039E+00,1.39648E+00
-5.0681400E-01,2.88086E+00,1.37695E+00
-5.0679552E-01,2.97852E+00,1.39648E+00
-5.0677704E-01,2.93945E+00,1.39648E+00
-5.0675856E-01,2.93945E+00,1.43555E+00
-5.0674008E-01,2.93945E+00,1.39648E+00
-5.0672160E-01,2.88086E+00,1.43555E+00
-5.0670312E-01,2.82227E+00,1.45508E+00
-5.0668464E-01,2.93945E+00,1.41602E+00
-5.0666616E-01,2.82227E+00,1.45508E+00
-5.0664768E-01,2.95898E+00,1.39648E+00
-5.0662920E-01,2.91992E+00,1.39648E+00
-5.0661072E-01,2.93945E+00,1.39648E+00
-5.0659224E-01,2.88086E+00,1.47461E+00
-5.0657376E-01,2.91992E+00,1.37695E+00
-5.0655528E-01,2.90039E+00,1.37695E+00
-5.0653680E-01,2.88086E+00,1.37695E+00
-5.0651832E-01,2.90039E+00,1.37695E+00
-5.0649984E-01,2.93945E+00,1.43555E+00
-5.0648136E-01,2.82227E+00,1.45508E+00
-5.0646288E-01,2.91992E+00,1.35742E+00
-5.0644440E-01,2.91992E+00,1.47461E+00
-5.0642592E-01,2.93945E+00,1.41602E+00
-5.0640744E-01,2.86133E+00,1.45508E+00
-5.0638896E-01,2.91992E+00,1.47461E+00
-5.0637048E-01,2.88086E+00,1.47461E+00
-5.0635200E-01,2.86133E+00,1.45508E+00
-5.0633352E-01,2.91992E+00,1.39648E+00
-5.0631504E-01,2.91992E+00,1.39648E+00
-5.0629656E-01,2.90039E+00,1.43555E+00
-5.0627808E-01,2.95898E+00,1.39648E+00
-5.0625960E-01,2.82227E+00,1.43555E+00
-5.0624112E-01,2.99805E+00,1.39648E+00
-5.0622264E-01,2.88086E+00,1.47461E+00
-5.0620416E-01,2.93945E+00,1.35742E+00
-5.0618568E-01,2.90039E+00,1.45508E+00
-5.0616720E-01,2.93945E+00,1.43555E+00
-5.0614872E-01,2.90039E+00,1.41602E+00
-5.0613024E-01,2.88086E+00,1.35742E+00
-5.0611176E-01,2.88086E+00,1.47461E+00
-5.0609328E-01,2.93945E+00,1.37695E+00
-5.0607480E-01,2.93945E+00,1.39648E+00
-5.0605632E-01,2.93945E+00,1.41602E+00
-5.0603784E-01,2.88086E+00,1.39648E+00
-5.0601936E-01,2.88086E+00,1.47461E+00
-5.0600088E-01,2.88086E+00,1.43555E+00
-5.0598240E-01,2.88086E+00,1.47461E+00
-5.0596392E-01,2.91992E+00,1.45508E+00
-5.0594544E-01,2.91992E+00,1.43555E+00
-5.0592696E-01,2.95898E+00,1.41602E+00
-5.0590848E-01,2.91992E+00,1.45508E+00
-5.0589000E-01,2.90039E+00,1.41602E+00
-5.0587152E-01,2.88086E+00,1.47461E+00
-5.0585304E-01,2.86133E+00,1.37695E+00
-5.0583456E-01,2.91992E+00,1.41602E+00
-5.0581608E-01,2.90039E+00,1.41602E+00
-5.0579760E-01,2.95898E+00,1.47461E+00
-5.0577912E-01,2.91992E+00,1.45508E+00
-5.0576064E-01,2.88086E+00,1.39648E+00
-5.0574216E-01,2.88086E+00,1.45508E+00
-5.0572368E-01,2.95898E+00,1.47461E+00
-5.0570520E-01,2.93945E+00,1.37695E+00
-5.0568672E-01,2.90039E+00,1.39648E+00
-5.0566824E-01,2.86133E+00,1.47461E+00
-5.0564976E-01,2.90039E+00,1.45508E+00
-5.0563128E-01,2.90039E+00,1.41602E+00
-5.0561280E-01,2.88086E+00,1.39648E+00
-5.0559432E-01,2.88086E+00,1.47461E+00
-5.0557584E-01,2.95898E+00,1.39648E+00
-5.0555736E-01,2.90039E+00,1.43555E+00
-5.0553888E-01,2.90039E+00,1.37695E+00
-5.0552040E-01,2.91992E+00,1.45508E+00
-5.0550192E-01,2.91992E+00,1.43555E+00
-5.0548344E-01,2.93945E+00,1.47461E+00
-5.0546496E-01,2.97852E+00,1.43555E+00
-5.0544648E-01,2.88086E+00,1.41602E+00
-5.0542800E-01,2.95898E+00,1.37695E+00
-5.0540952E-01,2.90039E+00,1.47461E+00
-5.0539104E-01,2.90039E+00,1.39648E+00
-5.0537256E-01,2.97852E+00,1.47461E+00
-5.0535408E-01,2.86133E+00,1.37695E+00
-5.0533560E-01,2.88086E+00,1.49414E+00
-5.0531712E-01,2.88086E+00,1.43555E+00
-5.0529864E-01,2.88086E+00,1.41602E+00
-5.0528016E-01,2.88086E+00,1.43555E+00
-5.0526168E-01,2.93945E+00,1.39648E+00
-5.0524320E-01,2.95898E+00,1.41602E+00
-5.0522472E-01,2.91992E+00,1.45508E+00
-5.0520624E-01,2.95898E+00,1.43555E+00
-5.0518776E-01,2.88086E+00,1.47461E+00
-5.0516928E-01,2.86133E+00,1.41602E+00
-5.0515080E-01,2.84180E+00,1.47461E+00
-5.0513232E-01,2.90039E+00,1.37695E+00
-5.0511384E-01,2.90039E+00,1.37695E+00
-5.0509536E-01,2.90039E+00,1.41602E+00
-5.0507688E-01,2.90039E+00,1.39648E+00
-5.0505840E-01,2.90039E+00,1.37695E+00
-5.0503992E-01,2.90039E+00,1.41602E+00
-5.0502144E-01,2.86133E+00,1.43555E+00
-5.0500296E-01,2.93945E+00,1.39648E+00
-5.0498448E-01,2.95898E+00,1.43555E+00
-5.0496600E-01,2.88086E+00,1.39648E+00
-5.0494752E-01,2.97852E+00,1.35742E+00
-5.0492904E-01,2.84180E+00,1.43555E+00
-5.0491056E-01,2.88086E+00,1.41602E+00
-5.0489208E-01,2.88086E+00,1.43555E+00
-5.0487360E-01,2.90039E+00,1.43555E+00
-5.0485512E-01,2.91992E+00,1.47461E+00
-5.0483664E-01,2.93945E+00,1.41602E+00
-5.0481816E-01,2.93945E+00,1.49414E+00
-5.0479968E-01,2.91992E+00,1.39648E+00
-5.0478120E-01,2.88086E+00,1.47461E+00
-5.0476272E-01,2.91992E+00,1.41602E+00
-5.0474424E-01,2.88086E+00,1.49414E+00
-5.0472576E-01,2.91992E+00,1.41602E+00
-5.0470728E-01,2.88086E+00,1.45508E+00
-5.0468880E-01,2.90039E+00,1.39648E+00
-5.0467032E-01,2.88086E+00,1.45508E+00
-5.0465184E-01,2.90039E+00,1.39648E+00
-5.0463336E-01,2.91992E+00,1.53320E+00
-5.0461488E-01,2.90039E+00,1.39648E+00
-5.0459640E-01,2.88086E+00,1.47461E+00
-5.0457792E-01,2.88086E+00,1.41602E+00
-5.0455944E-01,2.90039E+00,1.45508E+00
-5.0454096E-01,2.93945E+00,1.43555E+00
-5.0452248E-01,2.88086E+00,1.47461E+00
-5.0450400E-01,2.91992E+00,1.41602E+00
-5.0448552E-01,2.90039E+00,1.49414E+00
-5.0446704E-01,2.91992E+00,1.49414E+00
-5.0444856E-01,2.97852E+00,1.43555E+00
-5.0443008E-01,2.90039E+00,1.49414E+00
-5.0441160E-01,2.88086E+00,1.45508E+00
-5.0439312E-01,2.90039E+00,1.39648E+00
-5.0437464E-01,2.91992E+00,1.43555E+00
-5.0435616E-01,2.95898E+00,1.45508E+00
-5.0433768E-01,2.82227E+00,1.47461E+00
-5.0431920E-01,2.90039E+00,1.43555E+00
-5.0430072E-01,2.82227E+00,1.49414E+00
-5.0428224E-01,2.95898E+00,1.41602E+00
-5.0426376E-01,2.88086E+00,1.45508E+00
-5.0424528E-01,2.90039E+00,1.45508E+00
-5.0422680E-01,2.91992E+00,1.49414E+00
-5.0420832E-01,2.88086E+00,1.37695E+00
-5.0418984E-01,2.88086E+00,1.45508E+00
-5.0417136E-01,2.95898E+00,1.45508E+00
-5.0415288E-01,2.93945E+00,1.47461E+00
-5.0413440E-01,2.88086E+00,1.43555E+00
-5.0411592E-01,2.88086E+00,1.41602E+00
-5.0409744E-01,2.91992E+00,1.47461E+00
-5.0407896E-01,2.86133E+00,1.49414E+00
-5.0406048E-01,2.95898E+00,1.45508E+00
-5.0404200E-01,2.88086E+00,1.47461E+00
-5.0402352E-01,2.90039E+00,1.37695E+00
-5.0400504E-01,2.91992E+00,1.49414E+00
-5.0398656E-01,2.91992E+00,1.43555E+00
-5.0396808E-01,2.91992E+00,1.39648E+00
-5.0394960E-01,2.91992E+00,1.45508E+00
-5.0393112E-01,2.90039E+00,1.45508E+00
-5.0391264E-01,2.93945E+00,1.43555E+00
-5.0389416E-01,2.90039E+00,1.47461E+00
-5.0387568E-01,2.93945E+00,1.43555E+00
-5.0385720E-01,2.86133E+00,1.49414E+00
-5.0383872E-01,2.95898E+00,1.43555E+00
-5.0382024E-01,2.88086E+00,1.41602E+00
-5.0380176E-01,2.90039E+00,1.47461E+00
-5.0378328E-01,2.91992E+00,1.49414E+00
-5.0376480E-01,2.91992E+00,1.43555E+00
-5.0374632E-01,2.86133E+00,1.41602E+00
-5.0372784E-01,2.97852E+00,1.49414E+00
-5.0370936E-01,2.91992E+00,1.51367E+00
-5.0369088E-01,2.86133E+00,1.45508E+00
-5.0367240E-01,2.91992E+00,1.43555E+00
-5.0365392E-01,2.99805E+00,1.41602E+00
-5.0363544E-01,2.88086E+00,1.47461E+00
-5.0361696E-01,2.91992E+00,1.47461E+00
-5.0359848E-01,2.93945E+00,1.45508E+00
-5.0358000E-01,2.91992E+00,1.45508E+00
-5.0356152E-01,2.82227E+00,1.47461E+00
-5.0354304E-01,2.91992E+00,1.47461E+00
-5.0352456E-01,2.90039E+00,1.41602E+00
-5.0350608E-01,2.93945E+00,1.37695E+00
-5.0348760E-01,2.90039E+00,1.47461E+00
-5.0346912E-01,2.90039E+00,1.41602E+00
-5.0345064E-01,2.95898E+00,1.49414E+00
-5.0343216E-01,2.93945E+00,1.43555E+00
-5.0341368E-01,2.93945E+00,1.45508E+00
-5.0339520E-01,2.91992E+00,1.35742E+00
-5.0337672E-01,2.91992E+00,1.51367E+00
-5.0335824E-01,2.95898E+00,1.43555E+00
-5.0333976E-01,2.90039E+00,1.41602E+00
-5.0332128E-01,2.93945E+00,1.43555E+00
-5.0330280E-01,2.88086E+00,1.51367E+00
-5.0328432E-01,2.97852E+00,1.49414E+00
-5.0326584E-01,2.86133E+00,1.47461E+00
-5.0324736E-01,2.91992E+00,1.43555E+00
-5.0322888E-01,2.88086E+00,1.49414E+00
-5.0321040E-01,2.99805E+00,1.41602E+00
-5.0319192E-01,2.93945E+00,1.41602E+00
-5.0317344E-01,2.93945E+00,1.47461E+00
-5.0315496E-01,2.86133E+00,1.51367E+00
-5.0313648E-01,2.88086E+00,1.43555E+00
-5.0311800E-01,2.88086E+00,1.55273E+00
-5.0309952E-01,2.91992E+00,1.49414E+00
-5.0308104E-01,2.91992E+00,1.51367E+00
-5.0306256E-01,2.88086E+00,1.43555E+00
-5.0304408E-01,2.88086E+00,1.47461E+00
-5.0302560E-01,2.91992E+00,1.45508E+00
-5.0300712E-01,2.86133E+00,1.43555E+00
-5.0298864E-01,2.91992E+00,1.45508E+00
-5.0297016E-01,2.88086E+00,1.43555E+00
-5.0295168E-01,2.90039E+00,1.47461E+00
-5.0293320E-01,2.88086E+00,1.47461E+00
-5.0291472E-01,2.95898E+00,1.43555E+00
-5.0289624E-01,2.91992E+00,1.51367E+00
-5.0287776E-01,2.95898E+00,1.43555E+00
-5.0285928E-01,2.90039E+00,1.41602E+00
-5.0284080E-01,2.95898E+00,1.45508E+00
-5.0282232E-01,2.90039E+00,1.49414E+00
-5.0280384E-01,2.91992E+00,1.45508E+00
-5.0278536E-01,2.91992E+00,1.47461E+00
-5.0276688E-01,2.91992E+00,1.45508E+00
-5.0274840E-01,2.91992E+00,1.49414E+00
-5.0272992E-01,2.90039E+00,1.43555E+00
-5.0271144E-01,2.88086E+00,1.45508E+00
-5.0269296E-01,2.95898E+00,1.49414E+00
-5.0267448E-01,2.91992E+00,1.47461E+00
-5.0265600E-01,2.90039E+00,1.49414E+00
-5.0263752E-01,2.91992E+00,1.49414E+00
-5.0261904E-01,2.99805E+00,1.43555E+00
-5.0260056E-01,2.86133E+00,1.51367E+00
-5.0258208E-01,2.95898E+00,1.45508E+00
-5.0256360E-01,2.90039E+00,1.39648E+00
-5.0254512E-01,2.90039E+00,1.43555E+00
-5.0252664E-01,2.95898E+00,1.49414E+00
-5.0250816E-01,2.95898E+00,1.45508E+00
-5.0248968E-01,2.86133E+00,1.45508E+00
-5.0247120E-01,2.90039E+00,1.49414E+00
-5.0245272E-01,2.90039E+00,1.49414E+00
-5.0243424E-01,2.97852E+00,1.47461E+00
-5.0241576E-01,2.91992E+00,1.45508E+00
-5.0239728E-01,2.91992E+00,1.45508E+00
-5.0237880E-01,2.88086E+00,1.45508E+00
-5.0236032E-01,2.91992E+00,1.43555E+00
-5.0234184E-01,2.90039E+00,1.47461E+00
-5.0232336E-01,2.97852E+00,1.41602E+00
-5.0230488E-01,2.90039E+00,1.43555E+00
-5.0228640E-01,2.91992E+00,1.45508E+00
-5.0226792E-01,2.88086E+00,1.49414E+00
-5.0224944E-01,2.91992E+00,1.43555E+00
-5.0223096E-01,2.95898E+00,1.55273E+00
-5.0221248E-01,2.97852E+00,1.45508E+00
-5.0219400E-01,2.93945E+00,1.51367E+00
-5.0217552E-01,2.91992E+00,1.49414E+00
-5.0215704E-01,2.93945E+00,1.45508E+00
-5.0213856E-01,2.86133E+00,1.49414E+00
-5.0212008E-01,2.91992E+00,1.45508E+00
-5.0210160E-01,2.93945E+00,1.47461E+00
-5.0208312E-01,2.90039E+00,1.41602E+00
-5.0206464E-01,2.88086E+00,1.39648E+00
-5.0204616E-01,2.91992E+00,1.51367E+00
-5.0202768E-01,2.97852E+00,1.47461E+00
-5.0200920E-01,2.88086E+00,1.47461E+00
-5.0199072E-01,2.90039E+00,1.45508E+00
-5.0197224E-01,2.93945E+00,1.51367E+00
-5.0195376E-01,2.95898E+00,1.49414E+00
-5.0193528E-01,2.88086E+00,1.51367E+00
-5.0191680E-01,2.88086E+00,1.49414E+00
-5.0189832E-01,2.91992E+00,1.49414E+00
-5.0187984E-01,2.90039E+00,1.49414E+00
-5.0186136E-01,2.88086E+00,1.45508E+00
-5.0184288E-01,2.88086E+00,1.49414E+00
-5.0182440E-01,2.95898E+00,1.57227E+00
-5.0180592E-01,2.90039E+00,1.45508E+00
-5.0178744E-01,2.88086E+00,1.43555E+00
-5.0176896E-01,2.93945E+00,1.39648E+00
-5.0175048E-01,2.91992E+00,1.51367E+00
-5.0173200E-01,2.93945E+00,1.45508E+00
-5.0171352E-01,2.95898E+00,1.51367E+00
-5.0169504E-01,2.95898E+00,1.45508E+00
-5.0167656E-01,2.95898E+00,1.55273E+00
-5.0165808E-01,2.90039E+00,1.53320E+00
-5.0163960E-01,2.90039E+00,1.51367E+00
-5.0162112E-01,2.93945E+00,1.47461E+00
-5.0160264E-01,2.90039E+00,1.47461E+00
-5.0158416E-01,2.90039E+00,1.47461E+00
-5.0156568E-01,2.84180E+00,1.45508E+00
-5.0154720E-01,2.95898E+00,1.47461E+00
-5.0152872E-01,2.86133E+00,1.49414E+00
-5.0151024E-01,2.91992E+00,1.45508E+00
-5.0149176E-01,2.93945E+00,1.45508E+00
-5.0147328E-01,3.01758E+00,1.43555E+00
-5.0145480E-01,2.86133E+00,1.45508E+00
-5.0143632E-01,2.97852E+00,1.47461E+00
-5.0141784E-01,2.91992E+00,1.53320E+00
-5.0139936E-01,2.93945E+00,1.45508E+00
-5.0138088E-01,2.93945E+00,1.51367E+00
-5.0136240E-01,2.93945E+00,1.47461E+00
-5.0134392E-01,2.90039E+00,1.47461E+00
-5.0132544E-01,2.88086E+00,1.45508E+00
-5.0130696E-01,2.90039E+00,1.51367E+00
-5.0128848E-01,2.93945E+00,1.47461E+00
-5.0127000E-01,2.90039E+00,1.55273E+00
-5.0125152E-01,2.91992E+00,1.45508E+00
-5.0123304E-01,2.97852E+00,1.51367E+00
-5.0121456E-01,2.97852E+00,1.47461E+00
-5.0119608E-01,2.88086E+00,1.51367E+00
-5.0117760E-01,2.91992E+00,1.45508E+00
-5.0115912E-01,2.97852E+00,1.53320E+00
-5.0114064E-01,2.88086E+00,1.45508E+00
-5.0112216E-01,2.97852E+00,1.51367E+00
-5.0110368E-01,2.93945E+00,1.45508E+00
-5.0108520E-01,2.93945E+00,1.55273E+00
-5.0106672E-01,2.93945E+00,1.43555E+00
-5.0104824E-01,2.93945E+00,1.49414E+00
-5.0102976E-01,2.88086E+00,1.51367E+00
-5.0101128E-01,2.91992E+00,1.49414E+00
-5.0099280E-01,2.91992E+00,1.49414E+00
-5.0097432E-01,2.93945E+00,1.49414E+00
-5.0095584E-01,2.95898E+00,1.45508E+00
-5.0093736E-01,2.88086E+00,1.53320E+00
-5.0091888E-01,2.99805E+00,1.49414E+00
-5.0090040E-01,2.90039E+00,1.55273E+00
-5.0088192E-01,2.91992E+00,1.41602E+00
-5.0086344E-01,2.88086E+00,1.57227E+00
-5.0084496E-01,2.90039E+00,1.49414E+00
-5.0082648E-01,2.90039E+00,1.45508E+00
-5.0080800E-01,2.93945E+00,1.43555E+00
-5.0078952E-01,2.91992E+00,1.51367E+00
-5.0077104E-01,2.97852E+00,1.43555E+00
-5.0075256E-01,2.86133E+00,1.57227E+00
-5.0073408E-01,2.90039E+00,1.45508E+00
-5.0071560E-01,2.90039E+00,1.51367E+00
-5.0069712E-01,2.88086E+00,1.47461E+00
-5.0067864E-01,2.91992E+00,1.55273E+00
-5.0066016E-01,2.93945E+00,1.49414E+00
-5.0064168E-01,2.95898E+00,1.55273E+00
-5.0062320E-01,2.99805E+00,1.49414E+00
-5.0060472E-01,2.88086E+00,1.53320E+00
-5.0058624E-01,2.95898E+00,1.49414E+00
-5.0056776E-01,2.88086E+00,1.51367E+00
-5.0054928E-01,2.93945E+00,1.49414E+00
-5.0053080E-01,2.97852E+00,1.49414E+00
-5.0051232E-01,2.90039E+00,1.47461E+00
-5.0049384E-01,2.90039E+00,1.51367E+00
-5.0047536E-01,2.95898E+00,1.53320E+00
-5.0045688E-01,2.86133E+00,1.49414E+00
-5.0043840E-01,2.90039E+00,1.45508E+00
-5.0041992E-01,2.99805E+00,1.49414E+00
-5.0040144E-01,2.91992E+00,1.47461E+00
-5.0038296E-01,2.91992E+00,1.45508E+00
-5.0036448E-01,2.91992E+00,1.47461E+00
-5.0034600E-01,2.90039E+00,1.53320E+00
-5.0032752E-01,2.91992E+00,1.47461E+00
-5.0030904E-01,2.93945E+00,1.49414E+00
-5.0029056E-01,2.88086E+00,1.43555E+00
-5.0027208E-01,2.88086E+00,1.47461E+00
-5.0025360E-01,2.97852E+00,1.51367E+00
-5.0023512E-01,2.90039E+00,1.49414E+00
-5.0021664E-01,2.90039E+00,1.45508E+00
-5.0019816E-01,2.93945E+00,1.49414E+00
-5.0017968E-01,2.93945E+00,1.51367E+00
-5.0016120E-01,2.90039E+00,1.51367E+00
-5.0014272E-01,2.95898E+00,1.55273E+00
-5.0012424E-01,2.88086E+00,1.55273E+00
-5.0010576E-01,2.93945E+00,1.47461E+00
-5.0008728E-01,2.90039E+00,1.51367E+00
-5.0006880E-01,2.95898E+00,1.47461E+00
-5.0005032E-01,2.93945E+00,1.53320E+00
-5.0003184E-01,2.88086E+00,1.47461E+00
-5.0001336E-01,2.93945E+00,1.47461E+00
-4.9999488E-01,2.88086E+00,1.49414E+00
-4.9997640E-01,2.93945E+00,1.57227E+00
-4.9995792E-01,2.88086E+00,1.51367E+00
-4.9993944E-01,2.97852E+00,1.53320E+00
-4.9992096E-01,2.93945E+00,1.57227E+00
-4.9990248E-01,2.91992E+00,1.51367E+00
-4.9988400E-01,2.97852E+00,1.47461E+00
-4.9986552E-01,2.88086E+00,1.53320E+00
-4.9984704E-01,2.93945E+00,1.49414E+00
-4.9982856E-01,3.01758E+00,1.57227E+00
-4.9981008E-01,2.99805E+00,1.43555E+00
-4.9979160E-01,2.99805E+00,1.55273E+00
-4.9977312E-01,2.90039E+00,1.53320E+00
-4.9975464E-01,2.93945E+00,1.55273E+00
-4.9973616E-01,2.95898E+00,1.51367E+00
-4.9971768E-01,2.93945E+00,1.55273E+00
-4.9969920E-01,2.95898E+00,1.49414E+00
-4.9968072E-01,2.93945E+00,1.51367E+00
-4.9966224E-01,2.99805E+00,1.51367E+00
-4.9964376E-01,2.86133E+00,1.57227E+00
-4.9962528E-01,2.91992E+00,1.51367E+00
-4.9960680E-01,2.91992E+00,1.49414E+00
-4.9958832E-01,2.97852E+00,1.53320E+00
-4.9956984E-01,2.91992E+00,1.57227E+00
-4.9955136E-01,2.99805E+00,1.49414E+00
-4.9953288E-01,2.93945E+00,1.51367E+00
-4.9951440E-01,2.88086E+00,1.49414E+00
-4.9949592E-01,2.90039E+00,1.55273E+00
-4.9947744E-01,2.90039E+00,1.45508E+00
-4.9945896E-01,2.97852E+00,1.53320E+00
-4.9944048E-01,2.97852E+00,1.51367E+00
-4.9942200E-01,2.95898E+00,1.55273E+00
-4.9940352E-01,2.93945E+00,1.49414E+00
-4.9938504E-01,2.91992E+00,1.49414E+00
-4.9936656E-01,2.88086E+00,1.47461E+00
-4.9934808E-01,2.93945E+00,1.51367E+00
-4.9932960E-01,2.91992E+00,1.57227E+00
-4.9931112E-01,2.95898E+00,1.49414E+00
-4.9929264E-01,2.93945E+00,1.55273E+00
-4.9927416E-01,2.91992E+00,1.45508E+00
-4.9925568E-01,2.93945E+00,1.51367E+00
-4.9923720E-01,2.90039E+00,1.51367E+00
-4.9921872E-01,2.90039E+00,1.45508E+00
-4.9920024E-01,2.97852E+00,1.51367E+00
-4.9918176E-01,2.90039E+00,1.47461E+00
-4.9916328E-01,2.93945E+00,1.57227E+00
-4.9914480E-01,2.99805E+00,1.49414E+00
-4.9912632E-01,2.91992E+00,1.49414E+00
-4.9910784E-01,2.90039E+00,1.47461E+00
-4.9908936E-01,2.93945E+00,1.59180E+00
-4.9907088E-01,2.91992E+00,1.49414E+00
-4.9905240E-01,2.95898E+00,1.51367E+00
-4.9903392E-01,2.91992E+00,1.53320E+00
-4.9901544E-01,2.88086E+00,1.55273E+00
-4.9899696E-01,2.93945E+00,1.49414E+00
-4.9897848E-01,2.88086E+00,1.51367E+00
-4.9896000E-01,2.95898E+00,1.51367E+00
-4.9894152E-01,2.86133E+00,1.53320E+00
-4.9892304E-01,2.99805E+00,1.55273E+00
-4.9890456E-01,2.93945E+00,1.51367E+00
-4.9888608E-01,2.99805E+00,1.51367E+00
-4.9886760E-01,2.93945E+00,1.53320E+00
-4.9884912E-01,2.91992E+00,1.45508E+00
-4.9883064E-01,2.93945E+00,1.55273E+00
-4.9881216E-01,2.93945E+00,1.55273E+00
-4.9879368E-01,2.86133E+00,1.57227E+00
-4.9877520E-01,2.95898E+00,1.49414E+00
-4.9875672E-01,2.88086E+00,1.57227E+00
-4.9873824E-01,2.88086E+00,1.51367E+00
-4.9871976E-01,2.99805E+00,1.53320E+00
-4.9870128E-01,2.91992E+00,1.49414E+00
-4.9868280E-01,2.88086E+00,1.53320E+00
-4.9866432E-01,2.95898E+00,1.49414E+00
-4.9864584E-01,2.91992E+00,1.51367E+00
-4.9862736E-01,2.93945E+00,1.51367E+00
-4.9860888E-01,2.88086E+00,1.51367E+00
-4.9859040E-01,2.90039E+00,1.57227E+00
-4.9857192E-01,2.88086E+00,1.57227E+00
-4.9855344E-01,3.01758E+00,1.49414E+00
-4.9853496E-01,2.93945E+00,1.51367E+00
-4.9851648E-01,2.97852E+00,1.49414E+00
-4.9849800E-01,2.93945E+00,1.51367E+00
-4.9847952E-01,2.93945E+00,1.55273E+00
-4.9846104E-01,2.86133E+00,1.49414E+00
-4.9844256E-01,2.95898E+00,1.49414E+00
-4.9842408E-01,2.95898E+00,1.57227E+00
-4.9840560E-01,2.97852E+00,1.51367E+00
-4.9838712E-01,2.97852E+00,1.55273E+00
-4.9836864E-01,3.01758E+00,1.49414E+00
-4.9835016E-01,2.93945E+00,1.55273E+00
-4.9833168E-01,3.01758E+00,1.51367E+00
-4.9831320E-01,2.88086E+00,1.53320E+00
-4.9829472E-01,2.95898E+00,1.53320E+00
-4.9827624E-01,2.88086E+00,1.53320E+00
-4.9825776E-01,2.93945E+00,1.51367E+00
-4.9823928E-01,2.90039E+00,1.55273E+00
-4.9822080E-01,2.99805E+00,1.49414E+00
-4.9820232E-01,2.99805E+00,1.57227E+00
-4.9818384E-01,2.95898E+00,1.49414E+00
-4.9816536E-01,3.01758E+00,1.55273E+00
-4.9814688E-01,2.93945E+00,1.55273E+00
-4.9812840E-01,2.93945E+00,1.59180E+00
-4.9810992E-01,2.97852E+00,1.55273E+00
-4.9809144E-01,2.93945E+00,1.57227E+00
-4.9807296E-01,2.93945E+00,1.47461E+00
-4.9805448E-01,2.93945E+00,1.55273E+00
-4.9803600E-01,2.93945E+00,1.53320E+00
-4.9801752E-01,2.90039E+00,1.55273E+00
-4.9799904E-01,2.88086E+00,1.57227E+00
-4.9798056E-01,2.88086E+00,1.45508E+00
-4.9796208E-01,2.91992E+00,1.51367E+00
-4.9794360E-01,2.95898E+00,1.49414E+00
-4.9792512E-01,2.93945E+00,1.49414E+00
-4.9790664E-01,2.93945E+00,1.53320E+00
-4.9788816E-01,2.91992E+00,1.55273E+00
-4.9786968E-01,2.88086E+00,1.55273E+00
-4.9785120E-01,3.01758E+00,1.51367E+00
-4.9783272E-01,2.90039E+00,1.57227E+00
-4.9781424E-01,2.93945E+00,1.51367E+00
-4.9779576E-01,2.95898E+00,1.57227E+00
-4.9777728E-01,2.90039E+00,1.45508E+00
-4.9775880E-01,2.90039E+00,1.55273E+00
-4.9774032E-01,2.93945E+00,1.51367E+00
-4.9772184E-01,2.93945E+00,1.57227E+00
-4.9770336E-01,2.97852E+00,1.49414E+00
-4.9768488E-01,2.91992E+00,1.59180E+00
-4.9766640E-01,2.91992E+00,1.57227E+00
-4.9764792E-01,2.95898E+00,1.51367E+00
-4.9762944E-01,2.93945E+00,1.53320E+00
-4.9761096E-01,2.91992E+00,1.53320E+00
-4.9759248E-01,2.91992E+00,1.51367E+00
-4.9757400E-01,2.88086E+00,1.57227E+00
-4.9755552E-01,2.90039E+00,1.49414E+00
-4.9753704E-01,2.88086E+00,1.55273E+00
-4.9751856E-01,2.99805E+00,1.57227E+00
-4.9750008E-01,2.84180E+00,1.57227E+00
-4.9748160E-01,2.91992E+00,1.55273E+00
-4.9746312E-01,2.93945E+00,1.57227E+00
-4.9744464E-01,2.97852E+00,1.57227E+00
-4.9742616E-01,2.97852E+00,1.57227E+00
-4.9740768E-01,3.01758E+00,1.51367E+00
-4.9738920E-01,2.97852E+00,1.61133E+00
-4.9737072E-01,2.97852E+00,1.47461E+00
-4.9735224E-01,2.95898E+00,1.49414E+00
-4.9733376E-01,2.93945E+00,1.51367E+00
-4.9731528E-01,2.91992E+00,1.57227E+00
-4.9729680E-01,2.91992E+00,1.51367E+00
-4.9727832E-01,2.93945E+00,1.59180E+00
-4.9725984E-01,2.91992E+00,1.49414E+00
-4.9724136E-01,2.93945E+00,1.57227E+00
-4.9722288E-01,2.93945E+00,1.55273E+00
-4.9720440E-01,2.95898E+00,1.59180E+00
-4.9718592E-01,2.91992E+00,1.49414E+00
-4.9716744E-01,2.93945E+00,1.57227E+00
-4.9714896E-01,2.90039E+00,1.55273E+00
-4.9713048E-01,2.88086E+00,1.51367E+00
-4.9711200E-01,2.91992E+00,1.57227E+00
-4.9709352E-01,2.91992E+00,1.59180E+00
-4.9707504E-01,2.93945E+00,1.49414E+00
-4.9705656E-01,2.93945E+00,1.63086E+00
-4.9703808E-01,2.93945E+00,1.49414E+00
-4.9701960E-01,2.93945E+00,1.61133E+00
-4.9700112E-01,2.93945E+00,1.57227E+00
-4.9698264E-01,2.91992E+00,1.53320E+00
-4.9696416E-01,2.95898E+00,1.53320E+00
-4.9694568E-01,2.90039E+00,1.51367E+00
-4.9692720E-01,2.93945E+00,1.59180E+00
-4.9690872E-01,2.97852E+00,1.53320E+00
-4.9689024E-01,2.97852E+00,1.51367E+00
-4.9687176E-01,2.90039E+00,1.55273E+00
-4.9685328E-01,2.99805E+00,1.49414E+00
-4.9683480E-01,2.90039E+00,1.57227E+00
-4.9681632E-01,2.97852E+00,1.57227E+00
-4.9679784E-01,2.91992E+00,1.57227E+00
-4.9677936E-01,3.01758E+00,1.55273E+00
-4.9676088E-01,2.97852E+00,1.59180E+00
-4.9674240E-01,2.99805E+00,1.53320E+00
-4.9672392E-01,2.86133E+00,1.49414E+00
-4.9670544E-01,2.99805E+00,1.49414E+00
-4.9668696E-01,2.93945E+00,1.57227E+00
-4.9666848E-01,2.93945E+00,1.53320E+00
-4.9665000E-01,2.93945E+00,1.51367E+00
-4.9663152E-01,2.90039E+00,1.49414E+00
-4.9661304E-01,2.99805E+00,1.55273E+00
-4.9659456E-01,2.99805E+00,1.51367E+00
-4.9657608E-01,2.91992E+00,1.53320E+00
-4.9655760E-01,2.91992E+00,1.55273E+00
-4.9653912E-01,2.93945E+00,1.59180E+00
-4.9652064E-01,2.90039E+00,1.45508E+00
-4.9650216E-01,2.93945E+00,1.57227E+00
-4.9648368E-01,2.91992E+00,1.57227E+00
-4.9646520E-01,2.95898E+00,1.57227E+00
-4.9644672E-01,2.90039E+00,1.51367E+00
-4.9642824E-01,2.90039E+00,1.55273E+00
-4.9640976E-01,2.91992E+00,1.53320E+00
-4.9639128E-01,2.91992E+00,1.59180E+00
-4.9637280E-01,2.95898E+00,1.57227E+00
-4.9635432E-01,3.01758E+00,1.51367E+00
-4.9633584E-01,2.88086E+00,1.51367E+00
-4.9631736E-01,2.97852E+00,1.57227E+00
-4.9629888E-01,2.93945E+00,1.49414E+00
-4.9628040E-01,2.91992E+00,1.55273E+00
-4.9626192E-01,2.99805E+00,1.55273E+00
-4.9624344E-01,2.93945E+00,1.49414E+00
-4.9622496E-01,2.95898E+00,1.49414E+00
-4.9620648E-01,2.99805E+00,1.55273E+00
-4.9618800E-01,2.95898E+00,1.57227E+00
-4.9616952E-01,2.88086E+00,1.57227E+00
-4.9615104E-01,2.97852E+00,1.57227E+00
-4.9613256E-01,2.99805E+00,1.59180E+00
-4.9611408E-01,2.95898E+00,1.51367E+00
-4.9609560E-01,2.88086E+00,1.59180E+00
-4.9607712E-01,2.91992E+00,1.55273E+00
-4.9605864E-01,2.99805E+00,1.59180E+00
-4.9604016E-01,3.01758E+00,1.57227E+00
-4.9602168E-01,2.95898E+00,1.63086E+00
-4.9600320E-01,2.97852E+00,1.51367E+00
-4.9598472E-01,2.99805E+00,1.57227E+00
-4.9596624E-01,2.90039E+00,1.51367E+00
-4.9594776E-01,2.88086E+00,1.57227E+00
-4.9592928E-01,2.99805E+00,1.53320E+00
-4.9591080E-01,2.90039E+00,1.57227E+00
-4.9589232E-01,2.97852E+00,1.53320E+00
-4.9587384E-01,2.99805E+00,1.57227E+00
-4.9585536E-01,2.97852E+00,1.57227E+00
-4.9583688E-01,2.95898E+00,1.61133E+00
-4.9581840E-01,2.91992E+00,1.55273E+00
-4.9579992E-01,2.90039E+00,1.63086E+00
-4.9578144E-01,2.97852E+00,1.51367E+00
-4.9576296E-01,3.01758E+00,1.59180E+00
-4.9574448E-01,2.97852E+00,1.49414E+00
-4.9572600E-01,2.93945E+00,1.59180E+00
-4.9570752E-01,2.93945E+00,1.55273E+00
-4.9568904E-01,2.91992E+00,1.55273E+00
-4.9567056E-01,2.99805E+00,1.51367E+00
-4.9565208E-01,2.93945E+00,1.61133E+00
-4.9563360E-01,2.99805E+00,1.53320E+00
-4.9561512E-01,2.97852E+00,1.59180E+00
-4.9559664E-01,2.93945E+00,1.53320E+00
-4.9557816E-01,2.99805E+00,1.65039E+00
-4.9555968E-01,2.97852E+00,1.59180E+00
-4.9554120E-01,2.97852E+00,1.61133E+00
-4.9552272E-01,2.93945E+00,1.51367E+00
-4.9550424E-01,2.93945E+00,1.53320E+00
-4.9548576E-01,2.90039E+00,1.45508E+00
-4.9546728E-01,2.97852E+00,1.55273E+00
-4.9544880E-01,2.93945E+00,1.51367E+00
-4.9543032E-01,3.01758E+00,1.57227E+00
-4.9541184E-01,2.99805E+00,1.59180E+00
-4.9539336E-01,2.90039E+00,1.57227E+00
-4.9537488E-01,3.01758E+00,1.55273E+00
-4.9535640E-01,2.91992E+00,1.61133E+00
-4.9533792E-01,3.01758E+00,1.51367E+00
-4.9531944E-01,2.99805E+00,1.61133E+00
-4.9530096E-01,2.88086E+00,1.57227E+00
-4.9528248E-01,2.93945E+00,1.57227E+00
-4.9526400E-01,2.93945E+00,1.57227E+00
-4.9524552E-01,2.93945E+00,1.53320E+00
-4.9522704E-01,2.97852E+00,1.53320E+00
-4.9520856E-01,2.91992E+00,1.55273E+00
-4.9519008E-01,2.95898E+00,1.47461E+00
-4.9517160E-01,2.90039E+00,1.57227E+00
-4.9515312E-01,2.91992E+00,1.53320E+00
-4.9513464E-01,2.93945E+00,1.53320E+00
-4.9511616E-01,2.93945E+00,1.55273E+00
-4.9509768E-01,2.97852E+00,1.59180E+00
-4.9507920E-01,2.90039E+00,1.57227E+00
-4.9506072E-01,2.91992E+00,1.61133E+00
-4.9504224E-01,2.99805E+00,1.51367E+00
-4.9502376E-01,2.99805E+00,1.65039E+00
-4.9500528E-01,2.95898E+00,1.63086E+00
-4.9498680E-01,2.99805E+00,1.61133E+00
-4.9496832E-01,2.95898E+00,1.57227E+00
-4.9494984E-01,2.93945E+00,1.63086E+00
-4.9493136E-01,2.97852E+00,1.57227E+00
-4.9491288E-01,2.93945E+00,1.59180E+00
-4.9489440E-01,2.90039E+00,1.57227E+00
-4.9487592E-01,2.95898E+00,1.53320E+00
-4.9485744E-01,2.99805E+00,1.59180E+00
-4.9483896E-01,2.93945E+00,1.57227E+00
-4.9482048E-01,2.95898E+00,1.61133E+00
-4.9480200E-01,2.95898E+00,1.59180E+00
-4.9478352E-01,2.95898E+00,1.59180E+00
-4.9476504E-01,2.93945E+00,1.57227E+00
-4.9474656E-01,3.01758E+00,1.59180E+00
-4.9472808E-01,2.93945E+00,1.51367E+00
-4.9470960E-01,2.99805E+00,1.55273E+00
-4.9469112E-01,2.95898E+00,1.61133E+00
-4.9467264E-01,2.90039E+00,1.61133E+00
-4.9465416E-01,2.93945E+00,1.53320E+00
-4.9463568E-01,2.97852E+00,1.57227E+00
-4.9461720E-01,2.99805E+00,1.59180E+00
-4.9459872E-01,2.91992E+00,1.59180E+00
-4.9458024E-01,2.95898E+00,1.63086E+00
-4.9456176E-01,2.99805E+00,1.59180E+00
-4.9454328E-01,2.90039E+00,1.61133E+00
-4.9452480E-01,2.99805E+00,1.59180E+00
-4.9450632E-01,2.93945E+00,1.57227E+00
-4.9448784E-01,2.95898E+00,1.51367E+00
-4.9446936E-01,2.93945E+00,1.63086E+00
-4.9445088E-01,2.97852E+00,1.57227E+00
-4.9443240E-01,2.99805E+00,1.59180E+00
-4.9441392E-01,2.90039E+00,1.57227E+00
-4.9439544E-01,2.93945E+00,1.63086E+00
-4.9437696E-01,2.99805E+00,1.59180E+00
-4.9435848E-01,2.90039E+00,1.65039E+00
-4.9434000E-01,3.01758E+00,1.57227E+00
-4.9432152E-01,3.01758E+00,1.63086E+00
-4.9430304E-01,2.90039E+00,1.57227E+00
-4.9428456E-01,2.90039E+00,1.63086E+00
-4.9426608E-01,2.91992E+00,1.55273E+00
-4.9424760E-01,2.95898E+00,1.57227E+00
-4.9422912E-01,2.99805E+00,1.61133E+00
-4.9421064E-01,2.91992E+00,1.59180E+00
-4.9419216E-01,2.99805E+00,1.51367E+00
-4.9417368E-01,2.90039E+00,1.61133E+00
-4.9415520E-01,2.91992E+00,1.61133E+00
-4.9413672E-01,2.97852E+00,1.63086E+00
-4.9411824E-01,3.05664E+00,1.57227E+00
-4.9409976E-01,2.90039E+00,1.57227E+00
-4.9408128E-01,3.01758E+00,1.53320E+00
-4.9406280E-01,2.99805E+00,1.57227E+00
-4.9404432E-01,2.99805E+00,1.51367E+00
-4.9402584E-01,2.90039E+00,1.61133E+00
-4.9400736E-01,2.99805E+00,1.63086E+00
-4.9398888E-01,2.90039E+00,1.63086E+00
-4.9397040E-01,2.93945E+00,1.57227E+00
-4.9395192E-01,2.99805E+00,1.65039E+00
-4.9393344E-01,2.99805E+00,1.51367E+00
-4.9391496E-01,2.95898E+00,1.57227E+00
-4.9389648E-01,2.99805E+00,1.63086E+00
-4.9387800E-01,2.90039E+00,1.63086E+00
-4.9385952E-01,2.95898E+00,1.53320E+00
-4.9384104E-01,2.95898E+00,1.63086E+00
-4.9382256E-01,2.99805E+00,1.57227E+00
-4.9380408E-01,2.93945E+00,1.59180E+00
-4.9378560E-01,2.95898E+00,1.57227E+00
-4.9376712E-01,2.90039E+00,1.57227E+00
-4.9374864E-01,2.90039E+00,1.57227E+00
-4.9373016E-01,2.97852E+00,1.57227E+00
-4.9371168E-01,2.97852E+00,1.59180E+00
-4.9369320E-01,2.93945E+00,1.59180E+00
-4.9367472E-01,2.93945E+00,1.59180E+00
-4.9365624E-01,2.91992E+00,1.63086E+00
-4.9363776E-01,2.97852E+00,1.51367E+00
-4.9361928E-01,2.90039E+00,1.61133E+00
-4.9360080E-01,2.93945E+00,1.59180E+00
-4.9358232E-01,2.95898E+00,1.63086E+00
-4.9356384E-01,2.97852E+00,1.51367E+00
-4.9354536E-01,2.99805E+00,1.57227E+00
-4.9352688E-01,2.95898E+00,1.57227E+00
-4.9350840E-01,2.95898E+00,1.63086E+00
-4.9348992E-01,2.95898E+00,1.59180E+00
-4.9347144E-01,2.93945E+00,1.59180E+00
-4.9345296E-01,2.97852E+00,1.53320E+00
-4.9343448E-01,3.01758E+00,1.59180E+00
-4.9341600E-01,2.88086E+00,1.57227E+00
-4.9339752E-01,2.90039E+00,1.59180E+00
-4.9337904E-01,2.95898E+00,1.55273E+00
-4.9336056E-01,2.93945E+00,1.61133E+00
-4.9334208E-01,2.90039E+00,1.57227E+00
-4.9332360E-01,2.90039E+00,1.63086E+00
-4.9330512E-01,2.95898E+00,1.61133E+00
-4.9328664E-01,2.91992E+00,1.61133E+00
-4.9326816E-01,2.99805E+00,1.55273E+00
-4.9324968E-01,2.91992E+00,1.65039E+00
-4.9323120E-01,2.93945E+00,1.57227E+00
-4.9321272E-01,2.91992E+00,1.61133E+00
-4.9319424E-01,2.90039E+00,1.63086E+00
-4.9317576E-01,2.93945E+00,1.70898E+00
-4.9315728E-01,2.93945E+00,1.53320E+00
-4.9313880E-01,2.97852E+00,1.63086E+00
-4.9312032E-01,2.91992E+00,1.57227E+00
-4.9310184E-01,2.93945E+00,1.65039E+00
-4.9308336E-01,2.97852E+00,1.57227E+00
-4.9306488E-01,2.91992E+00,1.59180E+00
-4.9304640E-01,2.95898E+00,1.61133E+00
-4.9302792E-01,2.90039E+00,1.59180E+00
-4.9300944E-01,2.90039E+00,1.57227E+00
-4.9299096E-01,2.88086E+00,1.59180E+00
-4.9297248E-01,2.99805E+00,1.66992E+00
-4.9295400E-01,2.93945E+00,1.63086E+00
-4.9293552E-01,2.97852E+00,1.51367E+00
-4.9291704E-01,2.95898E+00,1.59180E+00
-4.9289856E-01,2.93945E+00,1.57227E+00
-4.9288008E-01,2.91992E+00,1.65039E+00
-4.9286160E-01,2.91992E+00,1.65039E+00
-4.9284312E-01,2.93945E+00,1.59180E+00
-4.9282464E-01,2.95898E+00,1.61133E+00
-4.9280616E-01,2.91992E+00,1.59180E+00
-4.9278768E-01,2.95898E+00,1.59180E+00
-4.9276920E-01,2.95898E+00,1.57227E+00
-4.9275072E-01,2.91992E+00,1.59180E+00
-4.9273224E-01,2.97852E+00,1.63086E+00
-4.9271376E-01,2.97852E+00,1.61133E+00
-4.9269528E-01,2.93945E+00,1.65039E+00
-4.9267680E-01,2.97852E+00,1.53320E+00
-4.9265832E-01,2.97852E+00,1.63086E+00
-4.9263984E-01,2.99805E+00,1.61133E+00
-4.9262136E-01,2.90039E+00,1.65039E+00
-4.9260288E-01,2.97852E+00,1.57227E+00
-4.9258440E-01,2.99805E+00,1.59180E+00
-4.9256592E-01,3.03711E+00,1.61133E+00
-4.9254744E-01,2.93945E+00,1.63086E+00
-4.9252896E-01,2.93945E+00,1.53320E+00
-4.9251048E-01,2.91992E+00,1.63086E+00
-4.9249200E-01,2.97852E+00,1.57227E+00
-4.9247352E-01,2.91992E+00,1.65039E+00
-4.9245504E-01,2.91992E+00,1.59180E+00
-4.9243656E-01,2.91992E+00,1.63086E+00
-4.9241808E-01,2.95898E+00,1.57227E+00
-4.9239960E-01,2.93945E+00,1.63086E+00
-4.9238112E-01,2.99805E+00,1.63086E+00
-4.9236264E-01,2.93945E+00,1.65039E+00
-4.9234416E-01,2.90039E+00,1.59180E+00
-4.9232568E-01,2.88086E+00,1.65039E+00
-4.9230720E-01,3.05664E+00,1.57227E+00
-4.9228872E-01,2.93945E+00,1.57227E+00
-4.9227024E-01,2.93945E+00,1.55273E+00
-4.9225176E-01,2.91992E+00,1.65039E+00
-4.9223328E-01,2.91992E+00,1.59180E+00
-4.9221480E-01,2.95898E+00,1.70898E+00
-4.9219632E-01,2.93945E+00,1.59180E+00
-4.9217784E-01,2.91992E+00,1.59180E+00
-4.9215936E-01,2.95898E+00,1.57227E+00
-4.9214088E-01,2.93945E+00,1.65039E+00
-4.9212240E-01,2.99805E+00,1.59180E+00
-4.9210392E-01,2.88086E+00,1.63086E+00
-4.9208544E-01,2.90039E+00,1.57227E+00
-4.9206696E-01,2.97852E+00,1.66992E+00
-4.9204848E-01,2.99805E+00,1.59180E+00
-4.9203000E-01,3.01758E+00,1.61133E+00
-4.9201152E-01,2.99805E+00,1.59180E+00
-4.9199304E-01,2.97852E+00,1.61133E+00
-4.9197456E-01,2.99805E+00,1.57227E+00
-4.9195608E-01,2.97852E+00,1.55273E+00
-4.9193760E-01,2.91992E+00,1.65039E+00
-4.9191912E-01,2.97852E+00,1.63086E+00
-4.9190064E-01,2.93945E+00,1.59180E+00
-4.9188216E-01,2.95898E+00,1.68945E+00
-4.9186368E-01,2.95898E+00,1.59180E+00
-4.9184520E-01,2.93945E+00,1.68945E+00
-4.9182672E-01,3.01758E+00,1.57227E+00
-4.9180824E-01,2.90039E+00,1.55273E+00
-4.9178976E-01,2.95898E+00,1.57227E+00
-4.9177128E-01,2.97852E+00,1.63086E+00
-4.9175280E-01,3.03711E+00,1.65039E+00
-4.9173432E-01,2.95898E+00,1.63086E+00
-4.9171584E-01,2.91992E+00,1.59180E+00
-4.9169736E-01,2.99805E+00,1.68945E+00
-4.9167888E-01,2.91992E+00,1.57227E+00
-4.9166040E-01,3.01758E+00,1.57227E+00
-4.9164192E-01,2.99805E+00,1.57227E+00
-4.9162344E-01,2.93945E+00,1.63086E+00
-4.9160496E-01,2.99805E+00,1.59180E+00
-4.9158648E-01,2.93945E+00,1.66992E+00
-4.9156800E-01,2.95898E+00,1.65039E+00
-4.9154952E-01,2.93945E+00,1.68945E+00
-4.9153104E-01,2.95898E+00,1.63086E+00
-4.9151256E-01,2.88086E+00,1.59180E+00
-4.9149408E-01,2.99805E+00,1.57227E+00
-4.9147560E-01,2.93945E+00,1.65039E+00
-4.9145712E-01,2.91992E+00,1.59180E+00
-4.9143864E-01,2.95898E+00,1.66992E+00
-4.9142016E-01,3.07617E+00,1.59180E+00
-4.9140168E-01,2.99805E+00,1.68945E+00
-4.9138320E-01,2.95898E+00,1.57227E+00
-4.9136472E-01,2.95898E+00,1.59180E+00
-4.9134624E-01,2.97852E+00,1.63086E+00
-4.9132776E-01,2.88086E+00,1.68945E+00
-4.9130928E-01,2.93945E+00,1.63086E+00
-4.9129080E-01,2.99805E+00,1.70898E+00
-4.9127232E-01,2.99805E+00,1.65039E+00
-4.9125384E-01,3.05664E+00,1.65039E+00
-4.9123536E-01,2.97852E+00,1.59180E+00
-4.9121688E-01,2.88086E+00,1.65039E+00
-4.9119840E-01,3.01758E+00,1.63086E+00
-4.9117992E-01,2.91992E+00,1.68945E+00
-4.9116144E-01,3.01758E+00,1.59180E+00
-4.9114296E-01,2.93945E+00,1.65039E+00
-4.9112448E-01,2.93945E+00,1.57227E+00
-4.9110600E-01,2.99805E+00,1.66992E+00
-4.9108752E-01,2.99805E+00,1.63086E+00
-4.9106904E-01,2.91992E+00,1.72852E+00
-4.9105056E-01,2.99805E+00,1.57227E+00
-4.9103208E-01,2.93945E+00,1.65039E+00
-4.9101360E-01,2.88086E+00,1.65039E+00
-4.9099512E-01,2.97852E+00,1.66992E+00
-4.9097664E-01,2.93945E+00,1.61133E+00
-4.9095816E-01,2.99805E+00,1.63086E+00
-4.9093968E-01,2.95898E+00,1.66992E+00
-4.9092120E-01,2.90039E+00,1.68945E+00
-4.9090272E-01,2.93945E+00,1.63086E+00
-4.9088424E-01,2.97852E+00,1.63086E+00
-4.9086576E-01,2.93945E+00,1.61133E+00
-4.9084728E-01,3.03711E+00,1.61133E+00
-4.9082880E-01,2.91992E+00,1.55273E+00
-4.9081032E-01,2.93945E+00,1.66992E+00
-4.9079184E-01,2.97852E+00,1.61133E+00
-4.9077336E-01,2.91992E+00,1.65039E+00
-4.9075488E-01,3.05664E+00,1.63086E+00
-4.9073640E-01,2.93945E+00,1.61133E+00
-4.9071792E-01,3.07617E+00,1.59180E+00
-4.9069944E-01,2.93945E+00,1.63086E+00
-4.9068096E-01,2.95898E+00,1.65039E+00
-4.9066248E-01,3.01758E+00,1.68945E+00
-4.9064400E-01,2.90039E+00,1.65039E+00
-4.9062552E-01,2.91992E+00,1.63086E+00
-4.9060704E-01,2.91992E+00,1.63086E+00
-4.9058856E-01,3.01758E+00,1.70898E+00
-4.9057008E-01,2.93945E+00,1.63086E+00
-4.9055160E-01,2.95898E+00,1.70898E+00
-4.9053312E-01,2.99805E+00,1.63086E+00
-4.9051464E-01,2.93945E+00,1.66992E+00
-4.9049616E-01,2.97852E+00,1.68945E+00
-4.9047768E-01,3.01758E+00,1.68945E+00
-4.9045920E-01,2.93945E+00,1.68945E+00
-4.9044072E-01,2.93945E+00,1.65039E+00
-4.9042224E-01,2.95898E+00,1.61133E+00
-4.9040376E-01,2.95898E+00,1.63086E+00
-4.9038528E-01,2.97852E+00,1.65039E+00
-4.9036680E-01,2.93945E+00,1.70898E+00
-4.9034832E-01,2.93945E+00,1.65039E+00
-4.9032984E-01,2.95898E+00,1.66992E+00
-4.9031136E-01,2.93945E+00,1.61133E+00
-4.9029288E-01,2.97852E+00,1.65039E+00
-4.9027440E-01,2.99805E+00,1.65039E+00
-4.9025592E-01,3.05664E+00,1.65039E+00
-4.9023744E-01,2.93945E+00,1.59180E+00
-4.9021896E-01,2.99805E+00,1.65039E+00
-4.9020048E-01,3.05664E+00,1.61133E+00
-4.9018200E-01,2.93945E+00,1.66992E+00
-4.9016352E-01,2.97852E+00,1.63086E+00
-4.9014504E-01,2.95898E+00,1.63086E+00
-4.9012656E-01,2.93945E+00,1.68945E+00
-4.9010808E-01,2.95898E+00,1.65039E+00
-4.9008960E-01,2.95898E+00,1.65039E+00
-4.9007112E-01,2.97852E+00,1.66992E+00
-4.9005264E-01,2.95898E+00,1.59180E+00
-4.9003416E-01,2.91992E+00,1.70898E+00
-4.9001568E-01,3.03711E+00,1.66992E+00
-4.8999720E-01,2.99805E+00,1.59180E+00
-4.8997872E-01,2.99805E+00,1.65039E+00
-4.8996024E-01,2.91992E+00,1.66992E+00
-4.8994176E-01,2.95898E+00,1.65039E+00
-4.8992328E-01,2.93945E+00,1.65039E+00
-4.8990480E-01,3.07617E+00,1.68945E+00
-4.8988632E-01,2.99805E+00,1.63086E+00
-4.8986784E-01,2.97852E+00,1.66992E+00
-4.8984936E-01,3.01758E+00,1.70898E+00
-4.8983088E-01,3.01758E+00,1.65039E+00
-4.8981240E-01,2.95898E+00,1.65039E+00
-4.8979392E-01,3.01758E+00,1.63086E+00
-4.8977544E-01,2.93945E+00,1.66992E+00
-4.8975696E-01,2.99805E+00,1.63086E+00
-4.8973848E-01,3.01758E+00,1.65039E+00
-4.8972000E-01,2.99805E+00,1.65039E+00
-4.8970152E-01,2.95898E+00,1.68945E+00
-4.8968304E-01,2.99805E+00,1.63086E+00
-4.8966456E-01,2.95898E+00,1.65039E+00
-4.8964608E-01,3.01758E+00,1.63086E+00
-4.8962760E-01,2.97852E+00,1.66992E+00
-4.8960912E-01,2.99805E+00,1.65039E+00
-4.8959064E-01,2.95898E+00,1.66992E+00
-4.8957216E-01,2.99805E+00,1.66992E+00
-4.8955368E-01,2.95898E+00,1.66992E+00
-4.8953520E-01,2.95898E+00,1.65039E+00
-4.8951672E-01,2.91992E+00,1.70898E+00
-4.8949824E-01,2.97852E+00,1.63086E+00
-4.8947976E-01,2.97852E+00,1.68945E+00
-4.8946128E-01,2.93945E+00,1.65039E+00
-4.8944280E-01,3.01758E+00,1.70898E+00
-4.8942432E-01,3.01758E+00,1.59180E+00
-4.8940584E-01,3.01758E+00,1.65039E+00
-4.8938736E-01,3.01758E+00,1.66992E+00
-4.8936888E-01,2.91992E+00,1.68945E+00
-4.8935040E-01,2.99805E+00,1.63086E+00
-4.8933192E-01,2.97852E+00,1.66992E+00
-4.8931344E-01,2.95898E+00,1.66992E+00
-4.8929496E-01,2.97852E+00,1.70898E+00
-4.8927648E-01,2.99805E+00,1.68945E+00
-4.8925800E-01,2.93945E+00,1.72852E+00
-4.8923952E-01,2.97852E+00,1.68945E+00
-4.8922104E-01,2.97852E+00,1.63086E+00
-4.8920256E-01,2.97852E+00,1.59180E+00
-4.8918408E-01,2.99805E+00,1.68945E+00
-4.8916560E-01,2.95898E+00,1.65039E+00
-4.8914712E-01,2.93945E+00,1.68945E+00
-4.8912864E-01,2.99805E+00,1.68945E+00
-4.8911016E-01,2.91992E+00,1.70898E+00
-4.8909168E-01,2.95898E+00,1.72852E+00
-4.8907320E-01,2.95898E+00,1.74805E+00
-4.8905472E-01,2.97852E+00,1.59180E+00
-4.8903624E-01,2.95898E+00,1.65039E+00
-4.8901776E-01,3.01758E+00,1.63086E+00
-4.8899928E-01,2.93945E+00,1.68945E+00
-4.8898080E-01,2.99805E+00,1.65039E+00
-4.8896232E-01,2.93945E+00,1.70898E+00
-4.8894384E-01,2.99805E+00,1.63086E+00
-4.8892536E-01,2.90039E+00,1.70898E+00
-4.8890688E-01,2.97852E+00,1.65039E+00
-4.8888840E-01,2.93945E+00,1.70898E+00
-4.8886992E-01,2.99805E+00,1.65039E+00
-4.8885144E-01,2.95898E+00,1.65039E+00
-4.8883296E-01,2.95898E+00,1.68945E+00
-4.8881448E-01,2.91992E+00,1.65039E+00
-4.8879600E-01,2.99805E+00,1.63086E+00
-4.8877752E-01,2.95898E+00,1.66992E+00
-4.8875904E-01,2.97852E+00,1.61133E+00
-4.8874056E-01,2.99805E+00,1.65039E+00
-4.8872208E-01,3.01758E+00,1.65039E+00
-4.8870360E-01,2.86133E+00,1.61133E+00
-4.8868512E-01,2.99805E+00,1.63086E+00
-4.8866664E-01,2.95898E+00,1.66992E+00
-4.8864816E-01,2.95898E+00,1.66992E+00
-4.8862968E-01,2.93945E+00,1.59180E+00
-4.8861120E-01,2.99805E+00,1.68945E+00
-4.8859272E-01,2.95898E+00,1.66992E+00
-4.8857424E-01,2.93945E+00,1.70898E+00
-4.8855576E-01,2.90039E+00,1.66992E+00
-4.8853728E-01,2.97852E+00,1.63086E+00
-4.8851880E-01,2.95898E+00,1.70898E+00
-4.8850032E-01,3.03711E+00,1.63086E+00
-4.8848184E-01,2.99805E+00,1.66992E+00
-4.8846336E-01,2.97852E+00,1.65039E+00
-4.8844488E-01,3.01758E+00,1.63086E+00
-4.8842640E-01,2.99805E+00,1.65039E+00
-4.8840792E-01,2.95898E+00,1.70898E+00
-4.8838944E-01,2.99805E+00,1.65039E+00
-4.8837096E-01,2.91992E+00,1.70898E+00
-4.8835248E-01,2.93945E+00,1.65039E+00
-4.8833400E-01,2.91992E+00,1.76758E+00
-4.8831552E-01,2.99805E+00,1.65039E+00
-4.8829704E-01,2.95898E+00,1.66992E+00
-4.8827856E-01,2.97852E+00,1.63086E+00
-4.8826008E-01,2.86133E+00,1.68945E+00
-4.8824160E-01,2.99805E+00,1.66992E+00
-4.8822312E-01,2.99805E+00,1.63086E+00
-4.8820464E-01,2.99805E+00,1.68945E+00
-4.8818616E-01,2.99805E+00,1.68945E+00
-4.8816768E-01,3.05664E+00,1.66992E+00
-4.8814920E-01,2.99805E+00,1.66992E+00
-4.8813072E-01,2.95898E+00,1.65039E+00
-4.8811224E-01,2.97852E+00,1.72852E+00
-4.8809376E-01,3.03711E+00,1.70898E+00
-4.8807528E-01,2.93945E+00,1.68945E+00
-4.8805680E-01,2.99805E+00,1.65039E+00
-4.8803832E-01,2.93945E+00,1.72852E+00
-4.8801984E-01,2.95898E+00,1.66992E+00
-4.8800136E-01,3.01758E+00,1.70898E+00
-4.8798288E-01,2.97852E+00,1.70898E+00
-4.8796440E-01,2.93945E+00,1.70898E+00
-4.8794592E-01,3.01758E+00,1.72852E+00
-4.8792744E-01,2.99805E+00,1.66992E+00
-4.8790896E-01,2.90039E+00,1.72852E+00
-4.8789048E-01,2.93945E+00,1.70898E+00
-4.8787200E-01,3.03711E+00,1.65039E+00
-4.8785352E-01,2.97852E+00,1.72852E+00
-4.8783504E-01,2.97852E+00,1.72852E+00
-4.8781656E-01,2.90039E+00,1.66992E+00
-4.8779808E-01,3.03711E+00,1.68945E+00
-4.8777960E-01,3.01758E+00,1.70898E+00
-4.8776112E-01,3.01758E+00,1.65039E+00
-4.8774264E-01,2.91992E+00,1.68945E+00
-4.8772416E-01,2.99805E+00,1.70898E+00
-4.8770568E-01,2.93945E+00,1.66992E+00
-4.8768720E-01,2.95898E+00,1.68945E+00
-4.8766872E-01,2.99805E+00,1.72852E+00
-4.8765024E-01,2.97852E+00,1.66992E+00
-4.8763176E-01,2.90039E+00,1.68945E+00
-4.8761328E-01,2.95898E+00,1.65039E+00
-4.8759480E-01,2.99805E+00,1.72852E+00
-4.8757632E-01,2.93945E+00,1.66992E+00
-4.8755784E-01,2.95898E+00,1.68945E+00
-4.8753936E-01,2.93945E+00,1.59180E+00
-4.8752088E-01,3.03711E+00,1.68945E+00
-4.8750240E-01,2.99805E+00,1.65039E+00
-4.8748392E-01,2.99805E+00,1.66992E+00
-4.8746544E-01,2.97852E+00,1.68945E+00
-4.8744696E-01,2.91992E+00,1.68945E+00
-4.8742848E-01,2.91992E+00,1.66992E+00
-4.8741000E-01,2.93945E+00,1.66992E+00
-4.8739152E-01,2.93945E+00,1.59180E+00
-4.8737304E-01,2.93945E+00,1.70898E+00
-4.8735456E-01,2.95898E+00,1.63086E+00
-4.8733608E-01,2.93945E+00,1.68945E+00
-4.8731760E-01,2.95898E+00,1.63086E+00
-4.8729912E-01,2.93945E+00,1.68945E+00
-4.8728064E-01,3.01758E+00,1.70898E+00
-4.8726216E-01,2.90039E+00,1.68945E+00
-4.8724368E-01,3.01758E+00,1.61133E+00
-4.8722520E-01,2.99805E+00,1.72852E+00
-4.8720672E-01,2.91992E+00,1.65039E+00
-4.8718824E-01,2.99805E+00,1.68945E+00
-4.8716976E-01,2.93945E+00,1.65039E+00
-4.8715128E-01,2.97852E+00,1.68945E+00
-4.8713280E-01,2.99805E+00,1.66992E+00
-4.8711432E-01,2.99805E+00,1.68945E+00
-4.8709584E-01,2.91992E+00,1.61133E+00
-4.8707736E-01,3.01758E+00,1.74805E+00
-4.8705888E-01,3.01758E+00,1.70898E+00
-4.8704040E-01,2.93945E+00,1.72852E+00
-4.8702192E-01,3.03711E+00,1.70898E+00
-4.8700344E-01,2.97852E+00,1.66992E+00
-4.8698496E-01,3.01758E+00,1.68945E+00
-4.8696648E-01,2.91992E+00,1.70898E+00
-4.8694800E-01,2.95898E+00,1.66992E+00
-4.8692952E-01,2.97852E+00,1.61133E+00
-4.8691104E-01,3.01758E+00,1.63086E+00
-4.8689256E-01,2.91992E+00,1.72852E+00
-4.8687408E-01,2.99805E+00,1.65039E+00
-4.8685560E-01,2.97852E+00,1.70898E+00
-4.8683712E-01,3.01758E+00,1.65039E+00
-4.8681864E-01,2.93945E+00,1.70898E+00
-4.8680016E-01,2.95898E+00,1.59180E+00
-4.8678168E-01,2.93945E+00,1.66992E+00
-4.8676320E-01,3.01758E+00,1.70898E+00
-4.8674472E-01,2.93945E+00,1.72852E+00
-4.8672624E-01,2.99805E+00,1.66992E+00
-4.8670776E-01,3.01758E+00,1.68945E+00
-4.8668928E-01,2.99805E+00,1.70898E+00
-4.8667080E-01,3.01758E+00,1.68945E+00
-4.8665232E-01,2.99805E+00,1.65039E+00
-4.8663384E-01,2.97852E+00,1.76758E+00
-4.8661536E-01,3.07617E+00,1.65039E+00
-4.8659688E-01,2.97852E+00,1.70898E+00
-4.8657840E-01,3.03711E+00,1.66992E+00
-4.8655992E-01,3.03711E+00,1.70898E+00
-4.8654144E-01,3.03711E+00,1.65039E+00
-4.8652296E-01,2.99805E+00,1.68945E+00
-4.8650448E-01,2.97852E+00,1.61133E+00
-4.8648600E-01,3.01758E+00,1.68945E+00
-4.8646752E-01,2.95898E+00,1.65039E+00
-4.8644904E-01,2.95898E+00,1.72852E+00
-4.8643056E-01,2.93945E+00,1.63086E+00
-4.8641208E-01,3.03711E+00,1.70898E+00
-4.8639360E-01,3.01758E+00,1.70898E+00
-4.8637512E-01,2.93945E+00,1.68945E+00
-4.8635664E-01,2.99805E+00,1.68945E+00
-4.8633816E-01,2.95898E+00,1.70898E+00
-4.8631968E-01,2.99805E+00,1.68945E+00
-4.8630120E-01,2.88086E+00,1.72852E+00
-4.8628272E-01,2.95898E+00,1.72852E+00
-4.8626424E-01,2.93945E+00,1.72852E+00
-4.8624576E-01,2.95898E+00,1.68945E+00
-4.8622728E-01,3.03711E+00,1.65039E+00
-4.8620880E-01,2.95898E+00,1.68945E+00
-4.8619032E-01,3.01758E+00,1.66992E+00
-4.8617184E-01,2.97852E+00,1.68945E+00
-4.8615336E-01,2.99805E+00,1.68945E+00
-4.8613488E-01,2.99805E+00,1.70898E+00
-4.8611640E-01,3.03711E+00,1.65039E+00
-4.8609792E-01,3.01758E+00,1.68945E+00
-4.8607944E-01,3.03711E+00,1.70898E+00
-4.8606096E-01,2.93945E+00,1.65039E+00
-4.8604248E-01,3.01758E+00,1.68945E+00
-4.8602400E-01,2.97852E+00,1.70898E+00
-4.8600552E-01,2.91992E+00,1.68945E+00
-4.8598704E-01,2.95898E+00,1.66992E+00
-4.8596856E-01,2.93945E+00,1.70898E+00
-4.8595008E-01,2.97852E+00,1.70898E+00
-4.8593160E-01,2.93945E+00,1.70898E+00
-4.8591312E-01,2.91992E+00,1.72852E+00
-4.8589464E-01,2.95898E+00,1.68945E+00
-4.8587616E-01,3.01758E+00,1.66992E+00
-4.8585768E-01,2.99805E+00,1.74805E+00
-4.8583920E-01,3.07617E+00,1.70898E+00
-4.8582072E-01,2.97852E+00,1.68945E+00
-4.8580224E-01,2.99805E+00,1.66992E+00
-4.8578376E-01,2.93945E+00,1.70898E+00
-4.8576528E-01,3.03711E+00,1.66992E+00
-4.8574680E-01,2.95898E+00,1.72852E+00
-4.8572832E-01,2.97852E+00,1.65039E+00
-4.8570984E-01,2.99805E+00,1.74805E+00
-4.8569136E-01,3.01758E+00,1.68945E+00
-4.8567288E-01,2.97852E+00,1.66992E+00
-4.8565440E-01,3.03711E+00,1.70898E+00
-4.8563592E-01,2.97852E+00,1.70898E+00
-4.8561744E-01,3.07617E+00,1.68945E+00
-4.8559896E-01,2.90039E+00,1.68945E+00
-4.8558048E-01,2.99805E+00,1.72852E+00
-4.8556200E-01,3.05664E+00,1.70898E+00
-4.8554352E-01,2.99805E+00,1.70898E+00
-4.8552504E-01,2.93945E+00,1.68945E+00
-4.8550656E-01,3.01758E+00,1.72852E+00
-4.8548808E-01,3.01758E+00,1.72852E+00
-4.8546960E-01,3.03711E+00,1.61133E+00
-4.8545112E-01,2.93945E+00,1.74805E+00
-4.8543264E-01,2.99805E+00,1.70898E+00
-4.8541416E-01,2.95898E+00,1.76758E+00
-4.8539568E-01,2.99805E+00,1.70898E+00
-4.8537720E-01,2.99805E+00,1.68945E+00
-4.8535872E-01,2.99805E+00,1.70898E+00
-4.8534024E-01,2.99805E+00,1.72852E+00
-4.8532176E-01,2.99805E+00,1.66992E+00
-4.8530328E-01,2.93945E+00,1.72852E+00
-4.8528480E-01,3.01758E+00,1.72852E+00
-4.8526632E-01,3.01758E+00,1.72852E+00
-4.8524784E-01,2.93945E+00,1.66992E+00
-4.8522936E-01,3.01758E+00,1.68945E+00
-4.8521088E-01,3.01758E+00,1.70898E+00
-4.8519240E-01,2.95898E+00,1.76758E+00
-4.8517392E-01,2.93945E+00,1.72852E+00
-4.8515544E-01,2.99805E+00,1.70898E+00
-4.8513696E-01,2.99805E+00,1.72852E+00
-4.8511848E-01,2.99805E+00,1.65039E+00
-4.8510000E-01,3.07617E+00,1.72852E+00
-4.8508152E-01,2.95898E+00,1.72852E+00
-4.8506304E-01,3.07617E+00,1.68945E+00
-4.8504456E-01,2.97852E+00,1.70898E+00
-4.8502608E-01,2.99805E+00,1.72852E+00
-4.8500760E-01,2.99805E+00,1.68945E+00
-4.8498912E-01,3.01758E+00,1.65039E+00
-4.8497064E-01,2.93945E+00,1.66992E+00
-4.8495216E-01,3.07617E+00,1.68945E+00
-4.8493368E-01,2.93945E+00,1.72852E+00
-4.8491520E-01,3.07617E+00,1.68945E+00
-4.8489672E-01,2.97852E+00,1.74805E+00
-4.8487824E-01,2.95898E+00,1.65039E+00
-4.8485976E-01,2.97852E+00,1.74805E+00
-4.8484128E-01,3.01758E+00,1.66992E+00
-4.8482280E-01,2.91992E+00,1.72852E+00
-4.8480432E-01,2.95898E+00,1.72852E+00
-4.8478584E-01,2.95898E+00,1.72852E+00
-4.8476736E-01,3.01758E+00,1.66992E+00
-4.8474888E-01,2.99805E+00,1.76758E+00
-4.8473040E-01,3.01758E+00,1.72852E+00
-4.8471192E-01,3.05664E+00,1.74805E+00
-4.8469344E-01,2.97852E+00,1.70898E+00
-4.8467496E-01,2.99805E+00,1.72852E+00
-4.8465648E-01,2.99805E+00,1.74805E+00
-4.8463800E-01,2.99805E+00,1.74805E+00
-4.8461952E-01,3.01758E+00,1.72852E+00
-4.8460104E-01,2.91992E+00,1.74805E+00
-4.8458256E-01,3.03711E+00,1.70898E+00
-4.8456408E-01,2.93945E+00,1.72852E+00
-4.8454560E-01,3.05664E+00,1.70898E+00
-4.8452712E-01,2.93945E+00,1.74805E+00
-4.8450864E-01,2.97852E+00,1.68945E+00
-4.8449016E-01,2.99805E+00,1.76758E+00
-4.8447168E-01,3.03711E+00,1.72852E+00
-4.8445320E-01,2.95898E+00,1.76758E+00
-4.8443472E-01,3.03711E+00,1.66992E+00
-4.8441624E-01,2.99805E+00,1.72852E+00
-4.8439776E-01,2.97852E+00,1.76758E+00
-4.8437928E-01,2.97852E+00,1.70898E+00
-4.8436080E-01,2.93945E+00,1.72852E+00
-4.8434232E-01,2.97852E+00,1.76758E+00
-4.8432384E-01,3.05664E+00,1.68945E+00
-4.8430536E-01,2.99805E+00,1.76758E+00
-4.8428688E-01,2.93945E+00,1.70898E+00
-4.8426840E-01,2.95898E+00,1.72852E+00
-4.8424992E-01,2.95898E+00,1.66992E+00
-4.8423144E-01,3.05664E+00,1.68945E+00
-4.8421296E-01,3.01758E+00,1.70898E+00
-4.8419448E-01,2.99805E+00,1.72852E+00
-4.8417600E-01,2.99805E+00,1.74805E+00
-4.8415752E-01,2.95898E+00,1.72852E+00
-4.8413904E-01,3.07617E+00,1.66992E+00
-4.8412056E-01,2.88086E+00,1.66992E+00
-4.8410208E-01,3.01758E+00,1.70898E+00
-4.8408360E-01,3.03711E+00,1.74805E+00
-4.8406512E-01,3.05664E+00,1.72852E+00
-4.8404664E-01,2.99805E+00,1.72852E+00
-4.8402816E-01,3.01758E+00,1.74805E+00
-4.8400968E-01,3.01758E+00,1.68945E+00
-4.8399120E-01,2.95898E+00,1.76758E+00
-4.8397272E-01,2.93945E+00,1.76758E+00
-4.8395424E-01,2.95898E+00,1.72852E+00
-4.8393576E-01,2.95898E+00,1.72852E+00
-4.8391728E-01,2.99805E+00,1.72852E+00
-4.8389880E-01,2.91992E+00,1.72852E+00
-4.8388032E-01,2.99805E+00,1.70898E+00
-4.8386184E-01,2.95898E+00,1.72852E+00
-4.8384336E-01,2.99805E+00,1.68945E+00
-4.8382488E-01,2.90039E+00,1.72852E+00
-4.8380640E-01,2.97852E+00,1.70898E+00
-4.8378792E-01,2.97852E+00,1.76758E+00
-4.8376944E-01,3.05664E+00,1.68945E+00
-4.8375096E-01,3.01758E+00,1.70898E+00
-4.8373248E-01,3.05664E+00,1.72852E+00
-4.8371400E-01,2.91992E+00,1.74805E+00
-4.8369552E-01,3.01758E+00,1.72852E+00
-4.8367704E-01,2.93945E+00,1.72852E+00
-4.8365856E-01,2.99805E+00,1.72852E+00
-4.8364008E-01,2.99805E+00,1.74805E+00
-4.8362160E-01,3.03711E+00,1.68945E+00
-4.8360312E-01,2.99805E+00,1.72852E+00
-4.8358464E-01,2.93945E+00,1.68945E+00
-4.8356616E-01,2.95898E+00,1.74805E+00
-4.8354768E-01,2.99805E+00,1.74805E+00
-4.8352920E-01,2.99805E+00,1.76758E+00
-4.8351072E-01,3.03711E+00,1.70898E+00
-4.8349224E-01,3.01758E+00,1.74805E+00
-4.8347376E-01,2.99805E+00,1.68945E+00
-4.8345528E-01,2.99805E+00,1.76758E+00
-4.8343680E-01,2.95898E+00,1.70898E+00
-4.8341832E-01,2.99805E+00,1.74805E+00
-4.8339984E-01,2.99805E+00,1.72852E+00
-4.8338136E-01,2.99805E+00,1.76758E+00
-4.8336288E-01,3.03711E+00,1.68945E+00
-4.8334440E-01,2.95898E+00,1.70898E+00
-4.8332592E-01,2.95898E+00,1.72852E+00
-4.8330744E-01,2.97852E+00,1.72852E+00
-4.8328896E-01,2.99805E+00,1.72852E+00
-4.8327048E-01,3.01758E+00,1.74805E+00
-4.8325200E-01,2.99805E+00,1.72852E+00
-4.8323352E-01,2.99805E+00,1.72852E+00
-4.8321504E-01,3.05664E+00,1.76758E+00
-4.8319656E-01,2.93945E+00,1.72852E+00
-4.8317808E-01,2.95898E+00,1.72852E+00
-4.8315960E-01,2.95898E+00,1.72852E+00
-4.8314112E-01,2.97852E+00,1.72852E+00
-4.8312264E-01,2.95898E+00,1.76758E+00
-4.8310416E-01,3.01758E+00,1.66992E+00
-4.8308568E-01,3.01758E+00,1.70898E+00
-4.8306720E-01,2.93945E+00,1.72852E+00
-4.8304872E-01,2.93945E+00,1.78711E+00
-4.8303024E-01,2.97852E+00,1.76758E+00
-4.8301176E-01,2.99805E+00,1.70898E+00
-4.8299328E-01,2.99805E+00,1.70898E+00
-4.8297480E-01,2.97852E+00,1.76758E+00
-4.8295632E-01,3.05664E+00,1.70898E+00
-4.8293784E-01,2.90039E+00,1.78711E+00
-4.8291936E-01,3.01758E+00,1.72852E+00
-4.8290088E-01,3.07617E+00,1.72852E+00
-4.8288240E-01,2.99805E+00,1.76758E+00
-4.8286392E-01,2.99805E+00,1.76758E+00
-4.8284544E-01,3.01758E+00,1.72852E+00
-4.8282696E-01,2.99805E+00,1.72852E+00
-4.8280848E-01,3.07617E+00,1.70898E+00
-4.8279000E-01,3.01758E+00,1.72852E+00
-4.8277152E-01,3.01758E+00,1.74805E+00
-4.8275304E-01,2.93945E+00,1.74805E+00
-4.8273456E-01,2.97852E+00,1.70898E+00
-4.8271608E-01,2.97852E+00,1.78711E+00
-4.8269760E-01,2.99805E+00,1.74805E+00
-4.8267912E-01,3.03711E+00,1.76758E+00
-4.8266064E-01,3.07617E+00,1.70898E+00
-4.8264216E-01,2.95898E+00,1.72852E+00
-4.8262368E-01,2.93945E+00,1.72852E+00
-4.8260520E-01,3.05664E+00,1.74805E+00
-4.8258672E-01,2.99805E+00,1.72852E+00
-4.8256824E-01,2.95898E+00,1.72852E+00
-4.8254976E-01,2.95898E+00,1.72852E+00
-4.8253128E-01,3.01758E+00,1.74805E+00
-4.8251280E-01,2.95898E+00,1.74805E+00
-4.8249432E-01,3.01758E+00,1.76758E+00
-4.8247584E-01,2.99805E+00,1.72852E+00
-4.8245736E-01,2.93945E+00,1.72852E+00
-4.8243888E-01,2.99805E+00,1.74805E+00
-4.8242040E-01,3.01758E+00,1.68945E+00
-4.8240192E-01,2.99805E+00,1.68945E+00
-4.8238344E-01,2.95898E+00,1.74805E+00
-4.8236496E-01,3.07617E+00,1.70898E+00
-4.8234648E-01,2.95898E+00,1.76758E+00
-4.8232800E-01,2.95898E+00,1.76758E+00
-4.8230952E-01,2.95898E+00,1.78711E+00
-4.8229104E-01,3.05664E+00,1.70898E+00
-4.8227256E-01,3.01758E+00,1.76758E+00
-4.8225408E-01,2.95898E+00,1.70898E+00
-4.8223560E-01,3.01758E+00,1.74805E+00
-4.8221712E-01,3.05664E+00,1.74805E+00
-4.8219864E-01,2.97852E+00,1.76758E+00
-4.8218016E-01,3.01758E+00,1.70898E+00
-4.8216168E-01,3.03711E+00,1.74805E+00
-4.8214320E-01,2.99805E+00,1.74805E+00
-4.8212472E-01,2.99805E+00,1.74805E+00
-4.8210624E-01,2.97852E+00,1.70898E+00
-4.8208776E-01,2.91992E+00,1.74805E+00
-4.8206928E-01,3.05664E+00,1.74805E+00
-4.8205080E-01,3.01758E+00,1.76758E+00
-4.8203232E-01,3.01758E+00,1.70898E+00
-4.8201384E-01,2.97852E+00,1.74805E+00
-4.8199536E-01,3.05664E+00,1.72852E+00
-4.8197688E-01,2.95898E+00,1.72852E+00
-4.8195840E-01,2.99805E+00,1.72852E+00
-4.8193992E-01,2.97852E+00,1.78711E+00
-4.8192144E-01,2.97852E+00,1.70898E+00
-4.8190296E-01,3.01758E+00,1.72852E+00
-4.8188448E-01,3.03711E+00,1.66992E+00
-4.8186600E-01,3.01758E+00,1.76758E+00
-4.8184752E-01,2.97852E+00,1.72852E+00
-4.8182904E-01,2.99805E+00,1.76758E+00
-4.8181056E-01,3.03711E+00,1.72852E+00
-4.8179208E-01,3.01758E+00,1.70898E+00
-4.8177360E-01,3.05664E+00,1.72852E+00
-4.8175512E-01,2.93945E+00,1.76758E+00
-4.8173664E-01,3.01758E+00,1.74805E+00
-4.8171816E-01,3.01758E+00,1.78711E+00
-4.8169968E-01,2.95898E+00,1.72852E+00
-4.8168120E-01,3.01758E+00,1.76758E+00
-4.8166272E-01,3.07617E+00,1.72852E+00
-4.8164424E-01,2.97852E+00,1.74805E+00
-4.8162576E-01,3.03711E+00,1.76758E+00
-4.8160728E-01,2.99805E+00,1.78711E+00
-4.8158880E-01,3.03711E+00,1.72852E+00
-4.8157032E-01,2.93945E+00,1.78711E+00
-4.8155184E-01,2.99805E+00,1.74805E+00
-4.8153336E-01,3.05664E+00,1.68945E+00
-4.8151488E-01,2.93945E+00,1.74805E+00
-4.8149640E-01,2.95898E+00,1.76758E+00
-4.8147792E-01,2.99805E+00,1.78711E+00
-4.8145944E-01,2.99805E+00,1.78711E+00
-4.8144096E-01,3.01758E+00,1.72852E+00
-4.8142248E-01,2.97852E+00,1.76758E+00
-4.8140400E-01,2.97852E+00,1.74805E+00
-4.8138552E-01,2.97852E+00,1.78711E+00
-4.8136704E-01,2.99805E+00,1.72852E+00
-4.8134856E-01,2.97852E+00,1.80664E+00
-4.8133008E-01,3.07617E+00,1.74805E+00
-4.8131160E-01,3.01758E+00,1.84570E+00
-4.8129312E-01,2.99805E+00,1.78711E+00
-4.8127464E-01,3.07617E+00,1.74805E+00
-4.8125616E-01,3.03711E+00,1.70898E+00
-4.8123768E-01,2.95898E+00,1.78711E+00
-4.8121920E-01,3.01758E+00,1.72852E+00
-4.8120072E-01,3.03711E+00,1.74805E+00
-4.8118224E-01,3.01758E+00,1.74805E+00
-4.8116376E-01,3.03711E+00,1.80664E+00
-4.8114528E-01,3.03711E+00,1.74805E+00
-4.8112680E-01,2.99805E+00,1.74805E+00
-4.8110832E-01,2.99805E+00,1.74805E+00
-4.8108984E-01,3.03711E+00,1.74805E+00
-4.8107136E-01,3.07617E+00,1.72852E+00
-4.8105288E-01,3.01758E+00,1.80664E+00
-4.8103440E-01,3.01758E+00,1.72852E+00
-4.8101592E-01,2.99805E+00,1.74805E+00
-4.8099744E-01,3.01758E+00,1.78711E+00
-4.8097896E-01,2.99805E+00,1.78711E+00
-4.8096048E-01,2.97852E+00,1.78711E+00
-4.8094200E-01,2.95898E+00,1.78711E+00
-4.8092352E-01,3.01758E+00,1.70898E+00
-4.8090504E-01,2.97852E+00,1.76758E+00
-4.8088656E-01,2.97852E+00,1.74805E+00
-4.8086808E-01,2.93945E+00,1.78711E+00
-4.8084960E-01,2.99805E+00,1.74805E+00
-4.8083112E-01,2.97852E+00,1.74805E+00
-4.8081264E-01,2.99805E+00,1.72852E+00
-4.8079416E-01,2.99805E+00,1.78711E+00
-4.8077568E-01,2.99805E+00,1.72852E+00
-4.8075720E-01,2.99805E+00,1.76758E+00
-4.8073872E-01,2.99805E+00,1.74805E+00
-4.8072024E-01,2.97852E+00,1.78711E+00
-4.8070176E-01,2.99805E+00,1.78711E+00
-4.8068328E-01,2.99805E+00,1.74805E+00
-4.8066480E-01,3.01758E+00,1.74805E+00
-4.8064632E-01,3.03711E+00,1.72852E+00
-4.8062784E-01,3.05664E+00,1.74805E+00
-4.8060936E-01,2.99805E+00,1.76758E+00
-4.8059088E-01,3.07617E+00,1.72852E+00
-4.8057240E-01,3.01758E+00,1.70898E+00
-4.8055392E-01,3.03711E+00,1.82617E+00
-4.8053544E-01,2.95898E+00,1.76758E+00
-4.8051696E-01,2.97852E+00,1.72852E+00
-4.8049848E-01,3.03711E+00,1.78711E+00
-4.8048000E-01,3.07617E+00,1.76758E+00
-4.8046152E-01,2.88086E+00,1.76758E+00
-4.8044304E-01,3.05664E+00,1.78711E+00
-4.8042456E-01,2.99805E+00,1.78711E+00
-4.8040608E-01,2.97852E+00,1.72852E+00
-4.8038760E-01,3.01758E+00,1.76758E+00
-4.8036912E-01,3.05664E+00,1.80664E+00
-4.8035064E-01,3.01758E+00,1.74805E+00
-4.8033216E-01,3.09570E+00,1.76758E+00
-4.8031368E-01,3.01758E+00,1.78711E+00
-4.8029520E-01,2.99805E+00,1.72852E+00
-4.8027672E-01,3.01758E+00,1.80664E+00
-4.8025824E-01,2.99805E+00,1.74805E+00
-4.8023976E-01,2.97852E+00,1.80664E+00
-4.8022128E-01,2.97852E+00,1.74805E+00
-4.8020280E-01,3.07617E+00,1.74805E+00
-4.8018432E-01,3.01758E+00,1.76758E+00
-4.8016584E-01,2.93945E+00,1.76758E+00
-4.8014736E-01,3.03711E+00,1.74805E+00
-4.8012888E-01,2.99805E+00,1.82617E+00
-4.8011040E-01,2.95898E+00,1.72852E+00
-4.8009192E-01,3.01758E+00,1.78711E+00
-4.8007344E-01,3.01758E+00,1.78711E+00
-4.8005496E-01,3.01758E+00,1.76758E+00
-4.8003648E-01,3.03711E+00,1.76758E+00
-4.8001800E-01,2.99805E+00,1.78711E+00
-4.7999952E-01,3.07617E+00,1.74805E+00
-4.7998104E-01,3.01758E+00,1.78711E+00
-4.7996256E-01,3.01758E+00,1.72852E+00
-4.7994408E-01,3.07617E+00,1.74805E+00
-4.7992560E-01,3.07617E+00,1.76758E+00
-4.7990712E-01,3.03711E+00,1.76758E+00
-4.7988864E-01,3.11523E+00,1.82617E+00
-4.7987016E-01,2.95898E+00,1.80664E+00
-4.7985168E-01,2.95898E+00,1.78711E+00
-4.7983320E-01,2.99805E+00,1.84570E+00
-4.7981472E-01,3.01758E+00,1.76758E+00
-4.7979624E-01,3.05664E+00,1.80664E+00
-4.7977776E-01,3.01758E+00,1.78711E+00
-4.7975928E-01,2.97852E+00,1.78711E+00
-4.7974080E-01,3.03711E+00,1.76758E+00
-4.7972232E-01,3.01758E+00,1.76758E+00
-4.7970384E-01,2.99805E+00,1.72852E+00
-4.7968536E-01,3.01758E+00,1.78711E+00
-4.7966688E-01,2.99805E+00,1.72852E+00
-4.7964840E-01,2.97852E+00,1.86523E+00
-4.7962992E-01,3.07617E+00,1.78711E+00
-4.7961144E-01,2.97852E+00,1.80664E+00
-4.7959296E-01,2.99805E+00,1.74805E+00
-4.7957448E-01,3.01758E+00,1.74805E+00
-4.7955600E-01,2.97852E+00,1.80664E+00
-4.7953752E-01,3.01758E+00,1.80664E+00
-4.7951904E-01,2.99805E+00,1.72852E+00
-4.7950056E-01,3.07617E+00,1.82617E+00
-4.7948208E-01,3.01758E+00,1.68945E+00
-4.7946360E-01,2.99805E+00,1.78711E+00
-4.7944512E-01,2.99805E+00,1.76758E+00
-4.7942664E-01,2.97852E+00,1.78711E+00
-4.7940816E-01,3.05664E+00,1.80664E+00
-4.7938968E-01,2.99805E+00,1.78711E+00
-4.7937120E-01,3.03711E+00,1.74805E+00
-4.7935272E-01,2.93945E+00,1.76758E+00
-4.7933424E-01,3.05664E+00,1.78711E+00
-4.7931576E-01,3.07617E+00,1.82617E+00
-4.7929728E-01,3.01758E+00,1.78711E+00
-4.7927880E-01,2.99805E+00,1.80664E+00
-4.7926032E-01,3.09570E+00,1.76758E+00
-4.7924184E-01,3.05664E+00,1.74805E+00
-4.7922336E-01,3.09570E+00,1.76758E+00
-4.7920488E-01,2.99805E+00,1.78711E+00
-4.7918640E-01,2.95898E+00,1.78711E+00
-4.7916792E-01,2.93945E+00,1.82617E+00
-4.7914944E-01,3.01758E+00,1.76758E+00
-4.7913096E-01,2.99805E+00,1.80664E+00
-4.7911248E-01,3.01758E+00,1.74805E+00
-4.7909400E-01,2.95898E+00,1.80664E+00
-4.7907552E-01,3.09570E+00,1.76758E+00
-4.7905704E-01,2.93945E+00,1.74805E+00
-4.7903856E-01,3.01758E+00,1.74805E+00
-4.7902008E-01,3.03711E+00,1.78711E+00
-4.7900160E-01,2.99805E+00,1.78711E+00
-4.7898312E-01,3.05664E+00,1.82617E+00
-4.7896464E-01,3.01758E+00,1.84570E+00
-4.7894616E-01,3.05664E+00,1.78711E+00
-4.7892768E-01,2.99805E+00,1.76758E+00
-4.7890920E-01,2.95898E+00,1.90430E+00
-4.7889072E-01,3.01758E+00,1.78711E+00
-4.7887224E-01,3.01758E+00,1.80664E+00
-4.7885376E-01,3.05664E+00,1.76758E+00
-4.7883528E-01,3.03711E+00,1.76758E+00
-4.7881680E-01,3.01758E+00,1.72852E+00
-4.7879832E-01,3.01758E+00,1.76758E+00
-4.7877984E-01,3.03711E+00,1.78711E+00
-4.7876136E-01,2.95898E+00,1.80664E+00
-4.7874288E-01,3.03711E+00,1.80664E+00
-4.7872440E-01,3.01758E+00,1.80664E+00
-4.7870592E-01,3.07617E+00,1.72852E+00
-4.7868744E-01,3.07617E+00,1.78711E+00
-4.7866896E-01,2.99805E+00,1.82617E+00
-4.7865048E-01,2.99805E+00,1.86523E+00
-4.7863200E-01,3.03711E+00,1.82617E+00
-4.7861352E-01,3.01758E+00,1.74805E+00
-4.7859504E-01,3.01758E+00,1.82617E+00
-4.7857656E-01,2.99805E+00,1.80664E+00
-4.7855808E-01,2.97852E+00,1.84570E+00
-4.7853960E-01,3.01758E+00,1.74805E+00
-4.7852112E-01,3.07617E+00,1.80664E+00
-4.7850264E-01,3.05664E+00,1.76758E+00
-4.7848416E-01,3.09570E+00,1.78711E+00
-4.7846568E-01,3.05664E+00,1.82617E+00
-4.7844720E-01,2.95898E+00,1.74805E+00
-4.7842872E-01,2.99805E+00,1.78711E+00
-4.7841024E-01,2.95898E+00,1.74805E+00
-4.7839176E-01,2.97852E+00,1.80664E+00
-4.7837328E-01,2.99805E+00,1.80664E+00
-4.7835480E-01,2.93945E+00,1.78711E+00
-4.7833632E-01,3.05664E+00,1.82617E+00
-4.7831784E-01,3.05664E+00,1.78711E+00
-4.7829936E-01,3.05664E+00,1.78711E+00
-4.7828088E-01,2.93945E+00,1.82617E+00
-4.7826240E-01,3.05664E+00,1.76758E+00
-4.7824392E-01,2.99805E+00,1.84570E+00
-4.7822544E-01,2.99805E+00,1.80664E+00
-4.7820696E-01,2.95898E+00,1.80664E+00
-4.7818848E-01,2.99805E+00,1.82617E+00
-4.7817000E-01,3.01758E+00,1.86523E+00
-4.7815152E-01,2.99805E+00,1.72852E+00
-4.7813304E-01,3.01758E+00,1.80664E+00
-4.7811456E-01,3.05664E+00,1.84570E+00
-4.7809608E-01,2.95898E+00,1.82617E+00
-4.7807760E-01,3.01758E+00,1.78711E+00
-4.7805912E-01,2.95898E+00,1.78711E+00
-4.7804064E-01,3.05664E+00,1.78711E+00
-4.7802216E-01,3.07617E+00,1.84570E+00
-4.7800368E-01,3.05664E+00,1.74805E+00
-4.7798520E-01,3.01758E+00,1.78711E+00
-4.7796672E-01,3.03711E+00,1.80664E+00
-4.7794824E-01,3.01758E+00,1.80664E+00
-4.7792976E-01,3.01758E+00,1.78711E+00
-4.7791128E-01,2.99805E+00,1.86523E+00
-4.7789280E-01,2.99805E+00,1.78711E+00
-4.7787432E-01,3.07617E+00,1.76758E+00
-4.7785584E-01,2.95898E+00,1.84570E+00
-4.7783736E-01,2.99805E+00,1.84570E+00
-4.7781888E-01,3.01758E+00,1.84570E+00
-4.7780040E-01,2.99805E+00,1.74805E+00
-4.7778192E-01,3.03711E+00,1.82617E+00
-4.7776344E-01,2.97852E+00,1.80664E+00
-4.7774496E-01,3.07617E+00,1.78711E+00
-4.7772648E-01,3.03711E+00,1.78711E+00
-4.7770800E-01,3.03711E+00,1.80664E+00
-4.7768952E-01,3.07617E+00,1.80664E+00
-4.7767104E-01,2.97852E+00,1.76758E+00
-4.7765256E-01,2.99805E+00,1.82617E+00
-4.7763408E-01,3.01758E+00,1.84570E+00
-4.7761560E-01,3.03711E+00,1.82617E+00
-4.7759712E-01,3.01758E+00,1.84570E+00
-4.7757864E-01,2.97852E+00,1.78711E+00
-4.7756016E-01,2.99805E+00,1.82617E+00
-4.7754168E-01,2.97852E+00,1.80664E+00
-4.7752320E-01,2.99805E+00,1.82617E+00
-4.7750472E-01,2.97852E+00,1.84570E+00
-4.7748624E-01,3.01758E+00,1.84570E+00
-4.7746776E-01,3.07617E+00,1.78711E+00
-4.7744928E-01,3.01758E+00,1.78711E+00
-4.7743080E-01,3.01758E+00,1.84570E+00
-4.7741232E-01,3.11523E+00,1.84570E+00
-4.7739384E-01,3.01758E+00,1.76758E+00
-4.7737536E-01,3.01758E+00,1.72852E+00
-4.7735688E-01,2.95898E+00,1.78711E+00
-4.7733840E-01,2.99805E+00,1.84570E+00
-4.7731992E-01,2.99805E+00,1.80664E+00
-4.7730144E-01,2.97852E+00,1.82617E+00
-4.7728296E-01,3.03711E+00,1.80664E+00
-4.7726448E-01,2.97852E+00,1.78711E+00
-4.7724600E-01,3.05664E+00,1.82617E+00
-4.7722752E-01,3.07617E+00,1.78711E+00
-4.7720904E-01,2.93945E+00,1.86523E+00
-4.7719056E-01,2.99805E+00,1.82617E+00
-4.7717208E-01,3.03711E+00,1.84570E+00
-4.7715360E-01,3.01758E+00,1.80664E+00
-4.7713512E-01,3.03711E+00,1.84570E+00
-4.7711664E-01,3.07617E+00,1.84570E+00
-4.7709816E-01,2.99805E+00,1.84570E+00
-4.7707968E-01,2.99805E+00,1.82617E+00
-4.7706120E-01,3.01758E+00,1.86523E+00
-4.7704272E-01,3.03711E+00,1.80664E+00
-4.7702424E-01,3.07617E+00,1.86523E+00
-4.7700576E-01,3.07617E+00,1.84570E+00
-4.7698728E-01,2.99805E+00,1.82617E+00
-4.7696880E-01,3.01758E+00,1.78711E+00
-4.7695032E-01,2.99805E+00,1.82617E+00
-4.7693184E-01,3.07617E+00,1.82617E+00
-4.7691336E-01,3.01758E+00,1.80664E+00
-4.7689488E-01,3.07617E+00,1.82617E+00
-4.7687640E-01,3.01758E+00,1.84570E+00
-4.7685792E-01,3.05664E+00,1.80664E+00
-4.7683944E-01,2.99805E+00,1.78711E+00
-4.7682096E-01,3.09570E+00,1.78711E+00
-4.7680248E-01,3.01758E+00,1.86523E+00
-4.7678400E-01,2.99805E+00,1.84570E+00
-4.7676552E-01,2.95898E+00,1.90430E+00
-4.7674704E-01,2.99805E+00,1.80664E+00
-4.7672856E-01,3.03711E+00,1.76758E+00
-4.7671008E-01,3.01758E+00,1.78711E+00
-4.7669160E-01,2.93945E+00,1.80664E+00
-4.7667312E-01,3.05664E+00,1.84570E+00
-4.7665464E-01,2.99805E+00,1.86523E+00
-4.7663616E-01,2.99805E+00,1.78711E+00
-4.7661768E-01,3.03711E+00,1.80664E+00
-4.7659920E-01,3.07617E+00,1.84570E+00
-4.7658072E-01,2.99805E+00,1.82617E+00
-4.7656224E-01,3.03711E+00,1.84570E+00
-4.7654376E-01,3.01758E+00,1.84570E+00
-4.7652528E-01,3.03711E+00,1.82617E+00
-4.7650680E-01,2.97852E+00,1.80664E+00
-4.7648832E-01,2.99805E+00,1.78711E+00
-4.7646984E-01,3.01758E+00,1.84570E+00
-4.7645136E-01,3.03711E+00,1.80664E+00
-4.7643288E-01,2.99805E+00,1.82617E+00
-4.7641440E-01,3.07617E+00,1.76758E+00
-4.7639592E-01,3.07617E+00,1.88477E+00
-4.7637744E-01,3.05664E+00,1.74805E+00
-4.7635896E-01,3.07617E+00,1.84570E+00
-4.7634048E-01,2.95898E+00,1.84570E+00
-4.7632200E-01,3.05664E+00,1.86523E+00
-4.7630352E-01,2.95898E+00,1.80664E+00
-4.7628504E-01,3.01758E+00,1.78711E+00
-4.7626656E-01,3.07617E+00,1.80664E+00
-4.7624808E-01,3.01758E+00,1.86523E+00
-4.7622960E-01,3.09570E+00,1.80664E+00
-4.7621112E-01,2.99805E+00,1.84570E+00
-4.7619264E-01,3.11523E+00,1.80664E+00
-4.7617416E-01,3.01758E+00,1.88477E+00
-4.7615568E-01,2.99805E+00,1.82617E+00
-4.7613720E-01,3.01758E+00,1.90430E+00
-4.7611872E-01,3.01758E+00,1.84570E+00
-4.7610024E-01,2.99805E+00,1.86523E+00
-4.7608176E-01,3.09570E+00,1.78711E+00
-4.7606328E-01,3.01758E+00,1.82617E+00
-4.7604480E-01,3.05664E+00,1.84570E+00
-4.7602632E-01,2.95898E+00,1.84570E+00
-4.7600784E-01,2.97852E+00,1.82617E+00
-4.7598936E-01,3.05664E+00,1.86523E+00
-4.7597088E-01,3.07617E+00,1.82617E+00
-4.7595240E-01,3.05664E+00,1.90430E+00
-4.7593392E-01,3.01758E+00,1.80664E+00
-4.7591544E-01,2.99805E+00,1.86523E+00
-4.7589696E-01,3.01758E+00,1.80664E+00
-4.7587848E-01,2.99805E+00,1.80664E+00
-4.7586000E-01,3.09570E+00,1.80664E+00
-4.7584152E-01,3.01758E+00,1.80664E+00
-4.7582304E-01,3.03711E+00,1.82617E+00
-4.7580456E-01,2.99805E+00,1.84570E+00
-4.7578608E-01,2.97852E+00,1.84570E+00
-4.7576760E-01,3.01758E+00,1.80664E+00
-4.7574912E-01,3.01758E+00,1.82617E+00
-4.7573064E-01,3.05664E+00,1.82617E+00
-4.7571216E-01,3.01758E+00,1.80664E+00
-4.7569368E-01,2.99805E+00,1.86523E+00
-4.7567520E-01,3.07617E+00,1.90430E+00
-4.7565672E-01,3.01758E+00,1.84570E+00
-4.7563824E-01,3.03711E+00,1.82617E+00
-4.7561976E-01,3.01758E+00,1.82617E+00
-4.7560128E-01,2.99805E+00,1.84570E+00
-4.7558280E-01,2.99805E+00,1.82617E+00
-4.7556432E-01,3.03711E+00,1.80664E+00
-4.7554584E-01,3.05664E+00,1.86523E+00
-4.7552736E-01,3.07617E+00,1.84570E+00
-4.7550888E-01,3.01758E+00,1.80664E+00
-4.7549040E-01,2.99805E+00,1.78711E+00
-4.7547192E-01,2.93945E+00,1.88477E+00
-4.7545344E-01,3.07617E+00,1.82617E+00
-4.7543496E-01,2.99805E+00,1.84570E+00
-4.7541648E-01,3.01758E+00,1.78711E+00
-4.7539800E-01,3.05664E+00,1.78711E+00
-4.7537952E-01,3.07617E+00,1.80664E+00
-4.7536104E-01,3.01758E+00,1.78711E+00
-4.7534256E-01,3.05664E+00,1.82617E+00
-4.7532408E-01,2.97852E+00,1.84570E+00
-4.7530560E-01,3.05664E+00,1.84570E+00
-4.7528712E-01,3.05664E+00,1.84570E+00
-4.7526864E-01,3.07617E+00,1.76758E+00
-4.7525016E-01,2.97852E+00,1.80664E+00
-4.7523168E-01,2.97852E+00,1.84570E+00
-4.7521320E-01,3.01758E+00,1.86523E+00
-4.7519472E-01,3.03711E+00,1.86523E+00
-4.7517624E-01,3.01758E+00,1.86523E+00
-4.7515776E-01,3.01758E+00,1.78711E+00
-4.7513928E-01,3.05664E+00,1.86523E+00
-4.7512080E-01,2.97852E+00,1.78711E+00
-4.7510232E-01,2.99805E+00,1.78711E+00
-4.7508384E-01,3.07617E+00,1.84570E+00
-4.7506536E-01,3.01758E+00,1.88477E+00
-4.7504688E-01,2.95898E+00,1.84570E+00
-4.7502840E-01,3.11523E+00,1.86523E+00
-4.7500992E-01,3.01758E+00,1.82617E+00
-4.7499144E-01,2.95898E+00,1.86523E+00
-4.7497296E-01,3.01758E+00,1.92383E+00
-4.7495448E-01,3.01758E+00,1.82617E+00
-4.7493600E-01,3.07617E+00,1.86523E+00
-4.7491752E-01,3.01758E+00,1.90430E+00
-4.7489904E-01,3.07617E+00,1.80664E+00
-4.7488056E-01,2.99805E+00,1.86523E+00
-4.7486208E-01,3.01758E+00,1.82617E+00
-4.7484360E-01,3.07617E+00,1.90430E+00
-4.7482512E-01,3.07617E+00,1.84570E+00
-4.7480664E-01,3.01758E+00,1.86523E+00
-4.7478816E-01,2.99805E+00,1.82617E+00
-4.7476968E-01,2.93945E+00,1.82617E+00
-4.7475120E-01,3.01758E+00,1.84570E+00
-4.7473272E-01,2.99805E+00,1.80664E+00
-4.7471424E-01,3.13477E+00,1.82617E+00
-4.7469576E-01,3.05664E+00,1.84570E+00
-4.7467728E-01,3.01758E+00,1.84570E+00
-4.7465880E-01,2.99805E+00,1.84570E+00
-4.7464032E-01,3.07617E+00,1.82617E+00
-4.7462184E-01,3.05664E+00,1.88477E+00
-4.7460336E-01,3.01758E+00,1.84570E+00
-4.7458488E-01,3.03711E+00,1.88477E+00
-4.7456640E-01,2.99805E+00,1.86523E+00
-4.7454792E-01,3.07617E+00,1.84570E+00
-4.7452944E-01,3.07617E+00,1.84570E+00
-4.7451096E-01,3.01758E+00,1.88477E+00
-4.7449248E-01,3.03711E+00,1.80664E+00
-4.7447400E-01,3.01758E+00,1.88477E+00
-4.7445552E-01,3.11523E+00,1.86523E+00
-4.7443704E-01,3.03711E+00,1.82617E+00
-4.7441856E-01,2.95898E+00,1.84570E+00
-4.7440008E-01,3.03711E+00,1.90430E+00
-4.7438160E-01,3.07617E+00,1.84570E+00
-4.7436312E-01,3.01758E+00,1.86523E+00
-4.7434464E-01,3.05664E+00,1.86523E+00
-4.7432616E-01,2.95898E+00,1.82617E+00
-4.7430768E-01,3.07617E+00,1.82617E+00
-4.7428920E-01,3.07617E+00,1.84570E+00
-4.7427072E-01,3.05664E+00,1.86523E+00
-4.7425224E-01,2.99805E+00,1.90430E+00
-4.7423376E-01,3.05664E+00,1.84570E+00
-4.7421528E-01,2.95898E+00,1.86523E+00
-4.7419680E-01,2.99805E+00,1.84570E+00
-4.7417832E-01,3.03711E+00,1.92383E+00
-4.7415984E-01,3.03711E+00,1.82617E+00
-4.7414136E-01,2.99805E+00,1.88477E+00
-4.7412288E-01,3.01758E+00,1.86523E+00
-4.7410440E-01,2.99805E+00,1.90430E+00
-4.7408592E-01,3.05664E+00,1.82617E+00
-4.7406744E-01,2.95898E+00,1.82617E+00
-4.7404896E-01,3.11523E+00,1.84570E+00
-4.7403048E-01,2.99805E+00,1.86523E+00
-4.7401200E-01,3.03711E+00,1.88477E+00
-4.7399352E-01,3.01758E+00,1.86523E+00
-4.7397504E-01,3.07617E+00,1.78711E+00
-4.7395656E-01,3.01758E+00,1.88477E+00
-4.7393808E-01,3.05664E+00,1.84570E+00
-4.7391960E-01,3.09570E+00,1.86523E+00
-4.7390112E-01,3.09570E+00,1.84570E+00
-4.7388264E-01,2.95898E+00,1.88477E+00
-4.7386416E-01,2.97852E+00,1.84570E+00
-4.7384568E-01,3.05664E+00,1.86523E+00
-4.7382720E-01,3.07617E+00,1.84570E+00
-4.7380872E-01,3.05664E+00,1.88477E+00
-4.7379024E-01,3.03711E+00,1.86523E+00
-4.7377176E-01,3.07617E+00,1.92383E+00
-4.7375328E-01,2.99805E+00,1.84570E+00
-4.7373480E-01,3.03711E+00,1.90430E+00
-4.7371632E-01,2.99805E+00,1.80664E+00
-4.7369784E-01,3.05664E+00,1.90430E+00
-4.7367936E-01,3.01758E+00,1.82617E+00
-4.7366088E-01,3.07617E+00,1.88477E+00
-4.7364240E-01,3.03711E+00,1.84570E+00
-4.7362392E-01,2.97852E+00,1.90430E+00
-4.7360544E-01,2.99805E+00,1.80664E+00
-4.7358696E-01,3.07617E+00,1.92383E+00
-4.7356848E-01,2.97852E+00,1.84570E+00
-4.7355000E-01,3.01758E+00,1.86523E+00
-4.7353152E-01,3.09570E+00,1.84570E+00
-4.7351304E-01,3.07617E+00,1.92383E+00
-4.7349456E-01,3.13477E+00,1.84570E+00
-4.7347608E-01,3.11523E+00,1.84570E+00
-4.7345760E-01,3.03711E+00,1.80664E+00
-4.7343912E-01,3.01758E+00,1.80664E+00
-4.7342064E-01,3.07617E+00,1.86523E+00
-4.7340216E-01,2.97852E+00,1.92383E+00
-4.7338368E-01,3.05664E+00,1.86523E+00
-4.7336520E-01,2.97852E+00,1.92383E+00
-4.7334672E-01,2.99805E+00,1.84570E+00
-4.7332824E-01,3.03711E+00,1.90430E+00
-4.7330976E-01,3.03711E+00,1.84570E+00
-4.7329128E-01,3.01758E+00,1.92383E+00
-4.7327280E-01,2.99805E+00,1.86523E+00
-4.7325432E-01,3.03711E+00,1.92383E+00
-4.7323584E-01,3.01758E+00,1.88477E+00
-4.7321736E-01,3.11523E+00,1.86523E+00
-4.7319888E-01,3.11523E+00,1.88477E+00
-4.7318040E-01,3.01758E+00,1.90430E+00
-4.7316192E-01,3.03711E+00,1.84570E+00
-4.7314344E-01,3.03711E+00,1.92383E+00
-4.7312496E-01,3.03711E+00,1.82617E+00
-4.7310648E-01,3.03711E+00,1.78711E+00
-4.7308800E-01,2.99805E+00,1.84570E+00
-4.7306952E-01,3.05664E+00,1.86523E+00
-4.7305104E-01,3.11523E+00,1.86523E+00
-4.7303256E-01,3.01758E+00,1.86523E+00
-4.7301408E-01,3.05664E+00,1.88477E+00
-4.7299560E-01,3.03711E+00,1.86523E+00
-4.7297712E-01,2.99805E+00,1.94336E+00
-4.7295864E-01,3.05664E+00,1.92383E+00
-4.7294016E-01,3.07617E+00,1.80664E+00
-4.7292168E-01,3.05664E+00,1.84570E+00
-4.7290320E-01,2.95898E+00,1.82617E+00
-4.7288472E-01,3.03711E+00,1.96289E+00
-4.7286624E-01,2.99805E+00,1.82617E+00
-4.7284776E-01,2.99805E+00,1.92383E+00
-4.7282928E-01,3.01758E+00,1.88477E+00
-4.7281080E-01,3.07617E+00,1.90430E+00
-4.7279232E-01,2.99805E+00,1.84570E+00
-4.7277384E-01,3.01758E+00,1.88477E+00
-4.7275536E-01,3.07617E+00,1.84570E+00
-4.7273688E-01,3.05664E+00,1.90430E+00
-4.7271840E-01,3.03711E+00,1.82617E+00
-4.7269992E-01,3.03711E+00,1.92383E+00
-4.7268144E-01,3.05664E+00,1.88477E+00
-4.7266296E-01,3.03711E+00,1.88477E+00
-4.7264448E-01,3.01758E+00,1.82617E+00
-4.7262600E-01,3.01758E+00,1.90430E+00
-4.7260752E-01,3.05664E+00,1.88477E+00
-4.7258904E-01,3.01758E+00,1.96289E+00
-4.7257056E-01,3.07617E+00,1.90430E+00
-4.7255208E-01,2.97852E+00,1.92383E+00
-4.7253360E-01,2.99805E+00,1.88477E+00
-4.7251512E-01,3.11523E+00,1.90430E+00
-4.7249664E-01,3.07617E+00,1.88477E+00
-4.7247816E-01,3.07617E+00,1.92383E+00
-4.7245968E-01,3.09570E+00,1.86523E+00
-4.7244120E-01,3.01758E+00,1.88477E+00
-4.7242272E-01,3.07617E+00,1.86523E+00
-4.7240424E-01,2.97852E+00,1.92383E+00
-4.7238576E-01,3.01758E+00,1.86523E+00
-4.7236728E-01,3.01758E+00,1.88477E+00
-4.7234880E-01,3.05664E+00,1.88477E+00
-4.7233032E-01,3.05664E+00,1.86523E+00
-4.7231184E-01,3.07617E+00,1.84570E+00
-4.7229336E-01,2.99805E+00,1.92383E+00
-4.7227488E-01,3.07617E+00,1.86523E+00
-4.7225640E-01,3.07617E+00,1.92383E+00
-4.7223792E-01,3.01758E+00,1.90430E+00
-4.7221944E-01,2.99805E+00,1.86523E+00
-4.7220096E-01,3.11523E+00,1.86523E+00
-4.7218248E-01,3.01758E+00,1.92383E+00
-4.7216400E-01,3.07617E+00,1.90430E+00
-4.7214552E-01,3.01758E+00,1.92383E+00
-4.7212704E-01,3.01758E+00,1.86523E+00
-4.7210856E-01,3.01758E+00,1.86523E+00
-4.7209008E-01,3.07617E+00,1.92383E+00
-4.7207160E-01,3.07617E+00,1.92383E+00
-4.7205312E-01,3.09570E+00,1.88477E+00
-4.7203464E-01,3.01758E+00,1.90430E+00
-4.7201616E-01,3.03711E+00,1.82617E+00
-4.7199768E-01,3.05664E+00,1.90430E+00
-4.7197920E-01,3.05664E+00,1.86523E+00
-4.7196072E-01,3.07617E+00,1.90430E+00
-4.7194224E-01,2.99805E+00,1.90430E+00
-4.7192376E-01,3.05664E+00,1.90430E+00
-4.7190528E-01,3.07617E+00,1.82617E+00
-4.7188680E-01,3.07617E+00,1.90430E+00
-4.7186832E-01,3.13477E+00,1.88477E+00
-4.7184984E-01,3.03711E+00,1.88477E+00
-4.7183136E-01,3.01758E+00,1.88477E+00
-4.7181288E-01,2.99805E+00,1.90430E+00
-4.7179440E-01,3.01758E+00,1.92383E+00
-4.7177592E-01,3.09570E+00,1.94336E+00
-4.7175744E-01,3.03711E+00,1.82617E+00
-4.7173896E-01,3.03711E+00,1.88477E+00
-4.7172048E-01,3.05664E+00,1.90430E+00
-4.7170200E-01,3.01758E+00,1.90430E+00
-4.7168352E-01,3.11523E+00,1.90430E+00
-4.7166504E-01,3.05664E+00,1.86523E+00
-4.7164656E-01,3.05664E+00,1.86523E+00
-4.7162808E-01,2.97852E+00,1.92383E+00
-4.7160960E-01,3.07617E+00,1.84570E+00
-4.7159112E-01,3.05664E+00,1.88477E+00
-4.7157264E-01,3.05664E+00,1.84570E+00
-4.7155416E-01,3.03711E+00,1.90430E+00
-4.7153568E-01,3.07617E+00,1.84570E+00
-4.7151720E-01,2.99805E+00,1.86523E+00
-4.7149872E-01,3.07617E+00,1.84570E+00
-4.7148024E-01,3.01758E+00,1.90430E+00
-4.7146176E-01,3.09570E+00,1.88477E+00
-4.7144328E-01,3.07617E+00,1.90430E+00
-4.7142480E-01,3.09570E+00,1.84570E+00
-4.7140632E-01,2.97852E+00,1.92383E+00
-4.7138784E-01,3.01758E+00,1.84570E+00
-4.7136936E-01,3.07617E+00,1.94336E+00
-4.7135088E-01,3.07617E+00,1.84570E+00
-4.7133240E-01,3.11523E+00,1.96289E+00
-4.7131392E-01,3.07617E+00,1.84570E+00
-4.7129544E-01,3.07617E+00,1.94336E+00
-4.7127696E-01,3.01758E+00,1.86523E+00
-4.7125848E-01,3.03711E+00,1.92383E+00
-4.7124000E-01,3.07617E+00,1.92383E+00
-4.7122152E-01,3.01758E+00,1.92383E+00
-4.7120304E-01,2.93945E+00,1.92383E+00
-4.7118456E-01,3.01758E+00,1.98242E+00
-4.7116608E-01,3.03711E+00,1.92383E+00
-4.7114760E-01,3.01758E+00,1.94336E+00
-4.7112912E-01,3.07617E+00,1.92383E+00
-4.7111064E-01,3.05664E+00,1.90430E+00
-4.7109216E-01,3.07617E+00,1.86523E+00
-4.7107368E-01,3.05664E+00,1.92383E+00
-4.7105520E-01,3.03711E+00,1.88477E+00
-4.7103672E-01,3.01758E+00,1.86523E+00
-4.7101824E-01,3.07617E+00,1.92383E+00
-4.7099976E-01,3.01758E+00,1.90430E+00
-4.7098128E-01,3.07617E+00,1.84570E+00
-4.7096280E-01,3.05664E+00,1.88477E+00
-4.7094432E-01,3.01758E+00,1.90430E+00
-4.7092584E-01,3.11523E+00,1.92383E+00
-4.7090736E-01,3.07617E+00,1.88477E+00
-4.7088888E-01,3.07617E+00,1.92383E+00
-4.7087040E-01,3.07617E+00,1.82617E+00
-4.7085192E-01,2.99805E+00,1.90430E+00
-4.7083344E-01,3.05664E+00,1.86523E+00
-4.7081496E-01,3.01758E+00,1.90430E+00
-4.7079648E-01,3.01758E+00,1.90430E+00
-4.7077800E-01,3.03711E+00,1.90430E+00
-4.7075952E-01,3.09570E+00,1.84570E+00
-4.7074104E-01,3.07617E+00,1.92383E+00
-4.7072256E-01,3.01758E+00,1.86523E+00
-4.7070408E-01,3.01758E+00,1.88477E+00
-4.7068560E-01,3.05664E+00,1.90430E+00
-4.7066712E-01,2.99805E+00,1.96289E+00
-4.7064864E-01,3.05664E+00,1.88477E+00
-4.7063016E-01,3.03711E+00,1.88477E+00
-4.7061168E-01,3.11523E+00,1.96289E+00
-4.7059320E-01,2.97852E+00,1.94336E+00
-4.7057472E-01,3.03711E+00,1.88477E+00
-4.7055624E-01,3.01758E+00,1.94336E+00
-4.7053776E-01,3.05664E+00,1.84570E+00
-4.7051928E-01,3.03711E+00,1.90430E+00
-4.7050080E-01,3.03711E+00,1.88477E+00
-4.7048232E-01,3.05664E+00,1.92383E+00
-4.7046384E-01,3.07617E+00,1.92383E+00
-4.7044536E-01,3.05664E+00,1.90430E+00
-4.7042688E-01,3.15430E+00,1.92383E+00
-4.7040840E-01,2.99805E+00,1.90430E+00
-4.7038992E-01,3.01758E+00,1.94336E+00
-4.7037144E-01,2.97852E+00,1.84570E+00
-4.7035296E-01,3.07617E+00,1.92383E+00
-4.7033448E-01,2.97852E+00,1.90430E+00
-4.7031600E-01,3.03711E+00,1.88477E+00
-4.7029752E-01,3.03711E+00,1.98242E+00
-4.7027904E-01,3.05664E+00,1.86523E+00
-4.7026056E-01,3.01758E+00,1.94336E+00
-4.7024208E-01,3.01758E+00,1.90430E+00
-4.7022360E-01,3.07617E+00,1.88477E+00
-4.7020512E-01,3.07617E+00,1.92383E+00
-4.7018664E-01,3.01758E+00,1.90430E+00
-4.7016816E-01,3.03711E+00,1.90430E+00
-4.7014968E-01,3.01758E+00,1.90430E+00
-4.7013120E-01,3.05664E+00,1.86523E+00
-4.7011272E-01,3.01758E+00,1.94336E+00
-4.7009424E-01,3.09570E+00,1.92383E+00
-4.7007576E-01,3.05664E+00,1.98242E+00
-4.7005728E-01,3.05664E+00,1.90430E+00
-4.7003880E-01,3.01758E+00,1.96289E+00
-4.7002032E-01,3.09570E+00,1.90430E+00
-4.7000184E-01,3.01758E+00,1.90430E+00
-4.6998336E-01,3.07617E+00,1.90430E+00
-4.6996488E-01,3.01758E+00,1.94336E+00
-4.6994640E-01,3.07617E+00,1.88477E+00
-4.6992792E-01,2.97852E+00,1.98242E+00
-4.6990944E-01,2.99805E+00,1.92383E+00
-4.6989096E-01,3.09570E+00,1.90430E+00
-4.6987248E-01,3.01758E+00,1.94336E+00
-4.6985400E-01,3.05664E+00,1.94336E+00
-4.6983552E-01,3.05664E+00,1.90430E+00
-4.6981704E-01,3.03711E+00,1.90430E+00
-4.6979856E-01,3.07617E+00,1.88477E+00
-4.6978008E-01,3.03711E+00,1.94336E+00
-4.6976160E-01,3.11523E+00,1.88477E+00
-4.6974312E-01,3.05664E+00,1.92383E+00
-4.6972464E-01,2.99805E+00,1.90430E+00
-4.6970616E-01,2.95898E+00,1.86523E+00
-4.6968768E-01,3.03711E+00,1.86523E+00
-4.6966920E-01,3.03711E+00,2.00195E+00
-4.6965072E-01,3.07617E+00,1.84570E+00
-4.6963224E-01,3.05664E+00,2.00195E+00
-4.6961376E-01,3.01758E+00,1.88477E+00
-4.6959528E-01,3.09570E+00,1.92383E+00
-4.6957680E-01,3.11523E+00,1.92383E+00
-4.6955832E-01,3.05664E+00,1.92383E+00
-4.6953984E-01,3.09570E+00,1.88477E+00
-4.6952136E-01,3.05664E+00,1.88477E+00
-4.6950288E-01,2.99805E+00,1.86523E+00
-4.6948440E-01,3.01758E+00,1.90430E+00
-4.6946592E-01,3.01758E+00,1.92383E+00
-4.6944744E-01,3.07617E+00,1.90430E+00
-4.6942896E-01,3.07617E+00,1.92383E+00
-4.6941048E-01,3.05664E+00,1.94336E+00
-4.6939200E-01,3.03711E+00,1.96289E+00
-4.6937352E-01,3.05664E+00,1.96289E+00
-4.6935504E-01,3.01758E+00,1.94336E+00
-4.6933656E-01,3.05664E+00,1.94336E+00
-4.6931808E-01,3.11523E+00,1.92383E+00
-4.6929960E-01,3.05664E+00,2.00195E+00
-4.6928112E-01,3.11523E+00,1.82617E+00
-4.6926264E-01,3.07617E+00,1.92383E+00
-4.6924416E-01,3.07617E+00,1.84570E+00
-4.6922568E-01,3.05664E+00,1.94336E+00
-4.6920720E-01,3.01758E+00,1.90430E+00
-4.6918872E-01,2.99805E+00,1.92383E+00
-4.6917024E-01,3.05664E+00,1.94336E+00
-4.6915176E-01,3.07617E+00,1.86523E+00
-4.6913328E-01,3.07617E+00,1.84570E+00
-4.6911480E-01,3.07617E+00,1.92383E+00
-4.6909632E-01,3.07617E+00,1.92383E+00
-4.6907784E-01,3.09570E+00,1.94336E+00
-4.6905936E-01,3.01758E+00,1.96289E+00
-4.6904088E-01,3.03711E+00,1.90430E+00
-4.6902240E-01,3.09570E+00,1.86523E+00
-4.6900392E-01,3.01758E+00,2.00195E+00
-4.6898544E-01,3.11523E+00,1.94336E+00
-4.6896696E-01,3.05664E+00,1.92383E+00
-4.6894848E-01,3.07617E+00,1.84570E+00
-4.6893000E-01,2.93945E+00,1.88477E+00
-4.6891152E-01,3.05664E+00,1.92383E+00
-4.6889304E-01,3.07617E+00,1.94336E+00
-4.6887456E-01,3.03711E+00,1.92383E+00
-4.6885608E-01,3.07617E+00,1.94336E+00
-4.6883760E-01,3.07617E+00,1.84570E+00
-4.6881912E-01,3.03711E+00,1.94336E+00
-4.6880064E-01,3.01758E+00,1.90430E+00
-4.6878216E-01,3.01758E+00,2.00195E+00
-4.6876368E-01,3.03711E+00,1.86523E+00
-4.6874520E-01,3.03711E+00,1.98242E+00
-4.6872672E-01,3.03711E+00,1.92383E+00
-4.6870824E-01,3.01758E+00,1.94336E+00
-4.6868976E-01,3.01758E+00,1.90430E+00
-4.6867128E-01,3.01758E+00,1.90430E+00
-4.6865280E-01,3.03711E+00,1.92383E+00
-4.6863432E-01,3.01758E+00,1.94336E+00
-4.6861584E-01,3.09570E+00,1.92383E+00
-4.6859736E-01,3.03711E+00,1.94336E+00
-4.6857888E-01,3.07617E+00,1.88477E+00
-4.6856040E-01,2.99805E+00,2.04102E+00
-4.6854192E-01,3.07617E+00,1.92383E+00
-4.6852344E-01,2.97852E+00,1.90430E+00
-4.6850496E-01,3.09570E+00,1.92383E+00
-4.6848648E-01,3.03711E+00,2.00195E+00
-4.6846800E-01,2.99805E+00,1.94336E+00
-4.6844952E-01,2.99805E+00,1.96289E+00
-4.6843104E-01,3.09570E+00,1.86523E+00
-4.6841256E-01,3.07617E+00,1.86523E+00
-4.6839408E-01,3.11523E+00,1.90430E+00
-4.6837560E-01,3.05664E+00,1.96289E+00
-4.6835712E-01,3.03711E+00,1.92383E+00
-4.6833864E-01,3.11523E+00,2.02148E+00
-4.6832016E-01,3.01758E+00,1.96289E+00
-4.6830168E-01,3.07617E+00,1.92383E+00
-4.6828320E-01,3.03711E+00,1.98242E+00
-4.6826472E-01,3.05664E+00,1.98242E+00
-4.6824624E-01,3.01758E+00,1.94336E+00
-4.6822776E-01,3.15430E+00,1.96289E+00
-4.6820928E-01,3.07617E+00,1.94336E+00
-4.6819080E-01,3.01758E+00,1.94336E+00
-4.6817232E-01,3.09570E+00,1.92383E+00
-4.6815384E-01,3.07617E+00,1.98242E+00
-4.6813536E-01,3.07617E+00,1.84570E+00
-4.6811688E-01,3.07617E+00,1.92383E+00
-4.6809840E-01,3.05664E+00,1.88477E+00
-4.6807992E-01,3.03711E+00,2.00195E+00
-4.6806144E-01,3.11523E+00,1.90430E+00
-4.6804296E-01,3.05664E+00,1.92383E+00
-4.6802448E-01,3.13477E+00,1.90430E+00
-4.6800600E-01,2.99805E+00,1.92383E+00
-4.6798752E-01,3.15430E+00,1.94336E+00
-4.6796904E-01,2.99805E+00,1.92383E+00
-4.6795056E-01,3.11523E+00,1.92383E+00
-4.6793208E-01,3.11523E+00,1.94336E+00
-4.6791360E-01,3.03711E+00,1.94336E+00
-4.6789512E-01,3.01758E+00,1.92383E+00
-4.6787664E-01,3.07617E+00,1.88477E+00
-4.6785816E-01,3.01758E+00,1.90430E+00
-4.6783968E-01,3.11523E+00,1.94336E+00
-4.6782120E-01,3.07617E+00,1.98242E+00
-4.6780272E-01,3.01758E+00,1.92383E+00
-4.6778424E-01,3.07617E+00,1.92383E+00
-4.6776576E-01,3.09570E+00,1.92383E+00
-4.6774728E-01,3.01758E+00,2.00195E+00
-4.6772880E-01,3.07617E+00,1.92383E+00
-4.6771032E-01,3.09570E+00,1.94336E+00
-4.6769184E-01,3.13477E+00,1.96289E+00
-4.6767336E-01,3.05664E+00,1.92383E+00
-4.6765488E-01,3.07617E+00,1.98242E+00
-4.6763640E-01,3.01758E+00,1.96289E+00
-4.6761792E-01,3.01758E+00,2.00195E+00
-4.6759944E-01,3.11523E+00,1.94336E+00
-4.6758096E-01,3.01758E+00,1.88477E+00
-4.6756248E-01,3.03711E+00,1.94336E+00
-4.6754400E-01,3.05664E+00,1.96289E+00
-4.6752552E-01,3.03711E+00,1.92383E+00
-4.6750704E-01,3.01758E+00,1.86523E+00
-4.6748856E-01,2.97852E+00,2.04102E+00
-4.6747008E-01,3.09570E+00,1.94336E+00
-4.6745160E-01,3.05664E+00,1.98242E+00
-4.6743312E-01,3.11523E+00,1.92383E+00
-4.6741464E-01,3.07617E+00,1.92383E+00
-4.6739616E-01,3.07617E+00,1.88477E+00
-4.6737768E-01,3.03711E+00,1.94336E+00
-4.6735920E-01,3.09570E+00,1.92383E+00
-4.6734072E-01,3.07617E+00,1.90430E+00
-4.6732224E-01,3.13477E+00,1.90430E+00
-4.6730376E-01,3.07617E+00,1.92383E+00
-4.6728528E-01,3.07617E+00,1.92383E+00
-4.6726680E-01,3.05664E+00,1.94336E+00
-4.6724832E-01,3.07617E+00,1.92383E+00
-4.6722984E-01,3.05664E+00,1.98242E+00
-4.6721136E-01,3.07617E+00,1.94336E+00
-4.6719288E-01,3.07617E+00,2.00195E+00
-4.6717440E-01,3.03711E+00,1.96289E+00
-4.6715592E-01,3.09570E+00,1.98242E+00
-4.6713744E-01,3.15430E+00,1.92383E+00
-4.6711896E-01,3.07617E+00,2.02148E+00
-4.6710048E-01,3.11523E+00,1.92383E+00
-4.6708200E-01,3.07617E+00,1.92383E+00
-4.6706352E-01,3.07617E+00,1.92383E+00
-4.6704504E-01,3.07617E+00,1.98242E+00
-4.6702656E-01,3.07617E+00,1.94336E+00
-4.6700808E-01,3.11523E+00,2.00195E+00
-4.6698960E-01,3.09570E+00,1.92383E+00
-4.6697112E-01,2.99805E+00,1.92383E+00
-4.6695264E-01,3.13477E+00,1.94336E+00
-4.6693416E-01,3.07617E+00,2.00195E+00
-4.6691568E-01,3.01758E+00,1.98242E+00
-4.6689720E-01,3.07617E+00,1.92383E+00
-4.6687872E-01,3.07617E+00,1.92383E+00
-4.6686024E-01,3.09570E+00,1.94336E+00
-4.6684176E-01,3.05664E+00,1.92383E+00
-4.6682328E-01,3.11523E+00,1.94336E+00
-4.6680480E-01,3.09570E+00,1.98242E+00
-4.6678632E-01,3.05664E+00,2.00195E+00
-4.6676784E-01,3.07617E+00,1.94336E+00
-4.6674936E-01,3.13477E+00,1.92383E+00
-4.6673088E-01,3.09570E+00,1.94336E+00
-4.6671240E-01,3.07617E+00,1.94336E+00
-4.6669392E-01,3.01758E+00,2.02148E+00
-4.6667544E-01,3.07617E+00,1.94336E+00
-4.6665696E-01,3.07617E+00,2.02148E+00
-4.6663848E-01,3.07617E+00,2.00195E+00
-4.6662000E-01,3.05664E+00,1.96289E+00
-4.6660152E-01,3.13477E+00,1.96289E+00
-4.6658304E-01,3.03711E+00,2.00195E+00
-4.6656456E-01,3.05664E+00,1.92383E+00
-4.6654608E-01,3.07617E+00,1.92383E+00
-4.6652760E-01,3.07617E+00,1.94336E+00
-4.6650912E-01,3.09570E+00,1.98242E+00
-4.6649064E-01,3.07617E+00,2.02148E+00
-4.6647216E-01,3.11523E+00,1.94336E+00
-4.6645368E-01,3.09570E+00,2.06055E+00
-4.6643520E-01,3.09570E+00,1.94336E+00
-4.6641672E-01,3.05664E+00,1.98242E+00
-4.6639824E-01,3.07617E+00,1.92383E+00
-4.6637976E-01,3.09570E+00,2.00195E+00
-4.6636128E-01,2.99805E+00,1.98242E+00
-4.6634280E-01,3.09570E+00,1.98242E+00
-4.6632432E-01,3.09570E+00,1.98242E+00
-4.6630584E-01,3.07617E+00,1.96289E+00
-4.6628736E-01,3.07617E+00,2.00195E+00
-4.6626888E-01,3.13477E+00,1.98242E+00
-4.6625040E-01,3.09570E+00,2.00195E+00
-4.6623192E-01,3.05664E+00,2.00195E+00
-4.6621344E-01,3.07617E+00,1.98242E+00
-4.6619496E-01,3.05664E+00,1.94336E+00
-4.6617648E-01,3.09570E+00,1.98242E+00
-4.6615800E-01,3.07617E+00,1.96289E+00
-4.6613952E-01,3.11523E+00,1.98242E+00
-4.6612104E-01,3.07617E+00,1.94336E+00
-4.6610256E-01,3.09570E+00,1.96289E+00
-4.6608408E-01,3.07617E+00,1.96289E+00
-4.6606560E-01,3.07617E+00,1.98242E+00
-4.6604712E-01,3.03711E+00,1.94336E+00
-4.6602864E-01,3.09570E+00,1.98242E+00
-4.6601016E-01,3.09570E+00,1.94336E+00
-4.6599168E-01,3.07617E+00,1.94336E+00
-4.6597320E-01,3.11523E+00,2.00195E+00
-4.6595472E-01,3.07617E+00,1.98242E+00
-4.6593624E-01,3.07617E+00,1.98242E+00
-4.6591776E-01,3.11523E+00,1.94336E+00
-4.6589928E-01,3.03711E+00,2.00195E+00
-4.6588080E-01,3.11523E+00,1.98242E+00
-4.6586232E-01,3.05664E+00,1.90430E+00
-4.6584384E-01,3.09570E+00,1.94336E+00
-4.6582536E-01,3.07617E+00,1.98242E+00
-4.6580688E-01,3.07617E+00,2.00195E+00
-4.6578840E-01,3.13477E+00,1.94336E+00
-4.6576992E-01,3.07617E+00,2.00195E+00
-4.6575144E-01,3.03711E+00,2.00195E+00
-4.6573296E-01,3.11523E+00,1.94336E+00
-4.6571448E-01,3.03711E+00,2.00195E+00
-4.6569600E-01,3.01758E+00,1.96289E+00
-4.6567752E-01,3.07617E+00,1.94336E+00
-4.6565904E-01,2.97852E+00,1.92383E+00
-4.6564056E-01,3.11523E+00,2.00195E+00
-4.6562208E-01,3.05664E+00,1.92383E+00
-4.6560360E-01,3.05664E+00,1.96289E+00
-4.6558512E-01,3.07617E+00,1.98242E+00
-4.6556664E-01,3.05664E+00,2.02148E+00
-4.6554816E-01,3.07617E+00,1.98242E+00
-4.6552968E-01,3.07617E+00,1.94336E+00
-4.6551120E-01,3.05664E+00,1.94336E+00
-4.6549272E-01,3.01758E+00,2.00195E+00
-4.6547424E-01,3.05664E+00,2.02148E+00
-4.6545576E-01,3.07617E+00,1.98242E+00
-4.6543728E-01,3.09570E+00,1.94336E+00
-4.6541880E-01,3.07617E+00,1.98242E+00
-4.6540032E-01,3.03711E+00,1.92383E+00
-4.6538184E-01,3.07617E+00,1.94336E+00
-4.6536336E-01,3.07617E+00,1.96289E+00
-4.6534488E-01,3.05664E+00,2.02148E+00
-4.6532640E-01,3.09570E+00,2.04102E+00
-4.6530792E-01,3.07617E+00,1.98242E+00
-4.6528944E-01,3.05664E+00,1.96289E+00
-4.6527096E-01,3.07617E+00,1.98242E+00
-4.6525248E-01,3.09570E+00,2.00195E+00
-4.6523400E-01,3.09570E+00,1.98242E+00
-4.6521552E-01,3.09570E+00,2.02148E+00
-4.6519704E-01,3.01758E+00,1.96289E+00
-4.6517856E-01,3.05664E+00,1.94336E+00
-4.6516008E-01,3.09570E+00,2.00195E+00
-4.6514160E-01,3.15430E+00,1.94336E+00
-4.6512312E-01,3.15430E+00,1.96289E+00
-4.6510464E-01,2.95898E+00,2.00195E+00
-4.6508616E-01,3.07617E+00,1.94336E+00
-4.6506768E-01,3.13477E+00,2.00195E+00
-4.6504920E-01,3.05664E+00,1.96289E+00
-4.6503072E-01,3.05664E+00,2.02148E+00
-4.6501224E-01,3.03711E+00,1.98242E+00
-4.6499376E-01,3.09570E+00,1.98242E+00
-4.6497528E-01,3.07617E+00,2.02148E+00
-4.6495680E-01,3.09570E+00,2.00195E+00
-4.6493832E-01,3.01758E+00,2.04102E+00
-4.6491984E-01,3.09570E+00,1.98242E+00
-4.6490136E-01,3.05664E+00,2.00195E+00
-4.6488288E-01,3.01758E+00,1.92383E+00
-4.6486440E-01,3.03711E+00,2.00195E+00
-4.6484592E-01,3.11523E+00,1.98242E+00
-4.6482744E-01,3.07617E+00,1.98242E+00
-4.6480896E-01,3.11523E+00,1.96289E+00
-4.6479048E-01,3.01758E+00,2.02148E+00
-4.6477200E-01,3.11523E+00,2.06055E+00
-4.6475352E-01,3.03711E+00,1.94336E+00
-4.6473504E-01,3.03711E+00,2.00195E+00
-4.6471656E-01,3.07617E+00,2.02148E+00
-4.6469808E-01,3.07617E+00,2.04102E+00
-4.6467960E-01,3.01758E+00,1.98242E+00
-4.6466112E-01,3.07617E+00,2.00195E+00
-4.6464264E-01,3.03711E+00,2.00195E+00
-4.6462416E-01,3.09570E+00,1.94336E+00
-4.6460568E-01,3.03711E+00,2.02148E+00
-4.6458720E-01,3.09570E+00,2.00195E+00
-4.6456872E-01,3.01758E+00,2.00195E+00
-4.6455024E-01,3.03711E+00,2.00195E+00
-4.6453176E-01,3.11523E+00,1.98242E+00
-4.6451328E-01,3.01758E+00,1.98242E+00
-4.6449480E-01,3.13477E+00,2.06055E+00
-4.6447632E-01,3.09570E+00,1.98242E+00
-4.6445784E-01,3.07617E+00,1.98242E+00
-4.6443936E-01,3.07617E+00,2.00195E+00
-4.6442088E-01,3.03711E+00,1.98242E+00
-4.6440240E-01,3.07617E+00,1.98242E+00
-4.6438392E-01,3.07617E+00,2.00195E+00
-4.6436544E-01,3.07617E+00,2.00195E+00
-4.6434696E-01,3.03711E+00,1.94336E+00
-4.6432848E-01,3.05664E+00,2.04102E+00
-4.6431000E-01,3.11523E+00,2.02148E+00
-4.6429152E-01,3.09570E+00,1.98242E+00
-4.6427304E-01,3.01758E+00,2.02148E+00
-4.6425456E-01,3.07617E+00,2.02148E+00
-4.6423608E-01,3.07617E+00,2.02148E+00
-4.6421760E-01,3.11523E+00,2.06055E+00
-4.6419912E-01,3.07617E+00,2.04102E+00
-4.6418064E-01,3.15430E+00,2.00195E+00
-4.6416216E-01,3.15430E+00,2.00195E+00
-4.6414368E-01,3.13477E+00,1.98242E+00
-4.6412520E-01,3.07617E+00,2.02148E+00
-4.6410672E-01,3.11523E+00,1.94336E+00
-4.6408824E-01,3.07617E+00,2.00195E+00
-4.6406976E-01,3.03711E+00,1.96289E+00
-4.6405128E-01,3.07617E+00,2.06055E+00
-4.6403280E-01,3.09570E+00,2.02148E+00
-4.6401432E-01,3.01758E+00,1.96289E+00
-4.6399584E-01,3.13477E+00,2.02148E+00
-4.6397736E-01,3.11523E+00,2.02148E+00
-4.6395888E-01,3.09570E+00,1.96289E+00
-4.6394040E-01,3.09570E+00,2.02148E+00
-4.6392192E-01,3.07617E+00,1.98242E+00
-4.6390344E-01,3.07617E+00,2.04102E+00
-4.6388496E-01,3.05664E+00,1.98242E+00
-4.6386648E-01,3.05664E+00,2.02148E+00
-4.6384800E-01,3.07617E+00,2.04102E+00
-4.6382952E-01,3.03711E+00,2.06055E+00
-4.6381104E-01,3.09570E+00,1.98242E+00
-4.6379256E-01,3.11523E+00,1.98242E+00
-4.6377408E-01,3.07617E+00,1.98242E+00
-4.6375560E-01,3.07617E+00,2.06055E+00
-4.6373712E-01,3.09570E+00,2.02148E+00
-4.6371864E-01,3.11523E+00,2.00195E+00
-4.6370016E-01,3.01758E+00,1.98242E+00
-4.6368168E-01,3.07617E+00,2.06055E+00
-4.6366320E-01,3.09570E+00,2.02148E+00
-4.6364472E-01,3.09570E+00,2.06055E+00
-4.6362624E-01,3.05664E+00,2.04102E+00
-4.6360776E-01,3.07617E+00,2.02148E+00
-4.6358928E-01,3.03711E+00,2.04102E+00
-4.6357080E-01,3.07617E+00,2.02148E+00
-4.6355232E-01,3.15430E+00,2.02148E+00
-4.6353384E-01,3.03711E+00,2.04102E+00
-4.6351536E-01,3.05664E+00,1.96289E+00
-4.6349688E-01,3.09570E+00,2.06055E+00
-4.6347840E-01,3.11523E+00,2.04102E+00
-4.6345992E-01,3.07617E+00,1.96289E+00
-4.6344144E-01,3.13477E+00,1.98242E+00
-4.6342296E-01,3.11523E+00,2.02148E+00
-4.6340448E-01,3.09570E+00,2.02148E+00
-4.6338600E-01,3.07617E+00,2.08008E+00
-4.6336752E-01,3.01758E+00,2.02148E+00
-4.6334904E-01,3.07617E+00,2.00195E+00
-4.6333056E-01,3.09570E+00,2.06055E+00
-4.6331208E-01,3.11523E+00,2.08008E+00
-4.6329360E-01,3.09570E+00,2.04102E+00
-4.6327512E-01,3.05664E+00,2.11914E+00
-4.6325664E-01,3.05664E+00,2.00195E+00
-4.6323816E-01,3.11523E+00,2.02148E+00
-4.6321968E-01,3.07617E+00,1.98242E+00
-4.6320120E-01,3.07617E+00,2.04102E+00
-4.6318272E-01,3.07617E+00,2.02148E+00
-4.6316424E-01,3.07617E+00,2.06055E+00
-4.6314576E-01,3.07617E+00,1.98242E+00
-4.6312728E-01,3.11523E+00,2.00195E+00
-4.6310880E-01,3.09570E+00,2.00195E+00
-4.6309032E-01,3.01758E+00,2.02148E+00
-4.6307184E-01,3.11523E+00,1.98242E+00
-4.6305336E-01,3.11523E+00,2.00195E+00
-4.6303488E-01,3.09570E+00,1.96289E+00
-4.6301640E-01,3.05664E+00,2.00195E+00
-4.6299792E-01,3.05664E+00,2.02148E+00
-4.6297944E-01,3.13477E+00,2.02148E+00
-4.6296096E-01,3.09570E+00,2.02148E+00
-4.6294248E-01,3.03711E+00,2.04102E+00
-4.6292400E-01,3.07617E+00,2.00195E+00
-4.6290552E-01,3.03711E+00,2.00195E+00
-4.6288704E-01,3.01758E+00,2.02148E+00
-4.6286856E-01,3.07617E+00,2.02148E+00
-4.6285008E-01,3.07617E+00,2.04102E+00
-4.6283160E-01,3.05664E+00,2.02148E+00
-4.6281312E-01,3.07617E+00,2.00195E+00
-4.6279464E-01,3.11523E+00,2.08008E+00
-4.6277616E-01,3.07617E+00,2.00195E+00
-4.6275768E-01,3.07617E+00,2.06055E+00
-4.6273920E-01,3.11523E+00,2.04102E+00
-4.6272072E-01,3.15430E+00,2.04102E+00
-4.6270224E-01,3.09570E+00,2.06055E+00
-4.6268376E-01,3.07617E+00,2.02148E+00
-4.6266528E-01,3.13477E+00,2.02148E+00
-4.6264680E-01,3.13477E+00,2.02148E+00
-4.6262832E-01,3.05664E+00,2.02148E+00
-4.6260984E-01,3.09570E+00,2.02148E+00
-4.6259136E-01,3.17383E+00,2.06055E+00
-4.6257288E-01,3.15430E+00,2.06055E+00
-4.6255440E-01,3.07617E+00,2.02148E+00
-4.6253592E-01,3.09570E+00,2.06055E+00
-4.6251744E-01,3.09570E+00,2.02148E+00
-4.6249896E-01,3.09570E+00,2.08008E+00
-4.6248048E-01,3.07617E+00,2.06055E+00
-4.6246200E-01,3.07617E+00,2.08008E+00
-4.6244352E-01,3.05664E+00,1.96289E+00
-4.6242504E-01,3.13477E+00,2.11914E+00
-4.6240656E-01,3.07617E+00,2.00195E+00
-4.6238808E-01,3.07617E+00,2.02148E+00
-4.6236960E-01,3.05664E+00,2.00195E+00
-4.6235112E-01,3.07617E+00,2.08008E+00
-4.6233264E-01,3.01758E+00,2.02148E+00
-4.6231416E-01,3.07617E+00,2.04102E+00
-4.6229568E-01,3.05664E+00,2.04102E+00
-4.6227720E-01,3.07617E+00,2.08008E+00
-4.6225872E-01,3.07617E+00,2.02148E+00
-4.6224024E-01,3.13477E+00,2.00195E+00
-4.6222176E-01,3.09570E+00,2.00195E+00
-4.6220328E-01,3.13477E+00,2.08008E+00
-4.6218480E-01,3.13477E+00,2.08008E+00
-4.6216632E-01,3.07617E+00,2.06055E+00
-4.6214784E-01,3.07617E+00,2.06055E+00
-4.6212936E-01,3.05664E+00,2.11914E+00
-4.6211088E-01,3.09570E+00,2.02148E+00
-4.6209240E-01,3.07617E+00,2.06055E+00
-4.6207392E-01,3.13477E+00,2.02148E+00
-4.6205544E-01,3.09570E+00,2.02148E+00
-4.6203696E-01,3.07617E+00,2.00195E+00
-4.6201848E-01,3.09570E+00,1.98242E+00
-4.6200000E-01,3.13477E+00,1.98242E+00
-4.6198152E-01,3.07617E+00,2.02148E+00
-4.6196304E-01,3.09570E+00,2.02148E+00
-4.6194456E-01,3.15430E+00,2.04102E+00
-4.6192608E-01,3.09570E+00,2.02148E+00
-4.6190760E-01,3.07617E+00,2.02148E+00
-4.6188912E-01,3.11523E+00,2.04102E+00
-4.6187064E-01,3.07617E+00,2.04102E+00
-4.6185216E-01,3.17383E+00,1.98242E+00
-4.6183368E-01,3.05664E+00,2.08008E+00
-4.6181520E-01,3.09570E+00,2.04102E+00
-4.6179672E-01,3.01758E+00,2.00195E+00
-4.6177824E-01,3.13477E+00,2.00195E+00
-4.6175976E-01,3.07617E+00,2.02148E+00
-4.6174128E-01,3.13477E+00,2.06055E+00
-4.6172280E-01,3.09570E+00,2.04102E+00
-4.6170432E-01,3.07617E+00,1.94336E+00
-4.6168584E-01,3.13477E+00,2.04102E+00
-4.6166736E-01,3.07617E+00,1.96289E+00
-4.6164888E-01,3.09570E+00,2.02148E+00
-4.6163040E-01,3.05664E+00,2.06055E+00
-4.6161192E-01,3.11523E+00,2.02148E+00
-4.6159344E-01,3.09570E+00,2.02148E+00
-4.6157496E-01,3.11523E+00,2.02148E+00
-4.6155648E-01,3.11523E+00,2.04102E+00
-4.6153800E-01,3.01758E+00,2.06055E+00
-4.6151952E-01,3.09570E+00,2.02148E+00
-4.6150104E-01,3.01758E+00,2.08008E+00
-4.6148256E-01,3.09570E+00,2.04102E+00
-4.6146408E-01,3.11523E+00,1.98242E+00
-4.6144560E-01,3.13477E+00,2.02148E+00
-4.6142712E-01,3.07617E+00,2.00195E+00
-4.6140864E-01,3.15430E+00,2.00195E+00
-4.6139016E-01,3.09570E+00,2.04102E+00
-4.6137168E-01,3.11523E+00,2.02148E+00
-4.6135320E-01,3.01758E+00,2.08008E+00
-4.6133472E-01,3.11523E+00,2.04102E+00
-4.6131624E-01,3.05664E+00,2.08008E+00
-4.6129776E-01,3.09570E+00,2.04102E+00
-4.6127928E-01,3.05664E+00,2.06055E+00
-4.6126080E-01,3.09570E+00,2.08008E+00
-4.6124232E-01,3.07617E+00,2.00195E+00
-4.6122384E-01,3.09570E+00,2.06055E+00
-4.6120536E-01,3.11523E+00,2.09961E+00
-4.6118688E-01,3.07617E+00,2.00195E+00
-4.6116840E-01,3.11523E+00,2.06055E+00
-4.6114992E-01,3.13477E+00,2.04102E+00
-4.6113144E-01,3.07617E+00,2.08008E+00
-4.6111296E-01,3.05664E+00,2.00195E+00
-4.6109448E-01,3.09570E+00,2.08008E+00
-4.6107600E-01,3.07617E+00,2.02148E+00
-4.6105752E-01,3.03711E+00,2.08008E+00
-4.6103904E-01,3.11523E+00,2.08008E+00
-4.6102056E-01,3.07617E+00,2.09961E+00
-4.6100208E-01,3.13477E+00,2.08008E+00
-4.6098360E-01,3.07617E+00,2.06055E+00
-4.6096512E-01,3.09570E+00,2.06055E+00
-4.6094664E-01,3.15430E+00,1.98242E+00
-4.6092816E-01,3.11523E+00,2.02148E+00
-4.6090968E-01,3.07617E+00,2.08008E+00
-4.6089120E-01,3.07617E+00,2.00195E+00
-4.6087272E-01,3.03711E+00,2.02148E+00
-4.6085424E-01,3.07617E+00,2.06055E+00
-4.6083576E-01,3.03711E+00,2.06055E+00
-4.6081728E-01,3.11523E+00,2.00195E+00
-4.6079880E-01,3.15430E+00,2.06055E+00
-4.6078032E-01,3.07617E+00,2.04102E+00
-4.6076184E-01,3.15430E+00,2.09961E+00
-4.6074336E-01,2.99805E+00,2.06055E+00
-4.6072488E-01,3.09570E+00,2.09961E+00
-4.6070640E-01,3.13477E+00,2.08008E+00
-4.6068792E-01,3.13477E+00,2.06055E+00
-4.6066944E-01,3.13477E+00,2.11914E+00
-4.6065096E-01,3.11523E+00,2.06055E+00
-4.6063248E-01,3.13477E+00,2.00195E+00
-4.6061400E-01,3.11523E+00,2.04102E+00
-4.6059552E-01,3.13477E+00,2.08008E+00
-4.6057704E-01,3.09570E+00,2.09961E+00
-4.6055856E-01,3.15430E+00,2.02148E+00
-4.6054008E-01,3.07617E+00,2.08008E+00
-4.6052160E-01,3.11523E+00,2.00195E+00
-4.6050312E-01,3.09570E+00,2.08008E+00
-4.6048464E-01,3.15430E+00,2.06055E+00
-4.6046616E-01,2.97852E+00,2.00195E+00
-4.6044768E-01,3.07617E+00,2.06055E+00
-4.6042920E-01,3.09570E+00,2.06055E+00
-4.6041072E-01,3.09570E+00,2.02148E+00
-4.6039224E-01,3.03711E+00,2.02148E+00
-4.6037376E-01,3.11523E+00,2.04102E+00
-4.6035528E-01,3.07617E+00,2.08008E+00
-4.6033680E-01,3.07617E+00,2.02148E+00
-4.6031832E-01,3.11523E+00,2.06055E+00
-4.6029984E-01,3.07617E+00,2.06055E+00
-4.6028136E-01,3.11523E+00,2.08008E+00
-4.6026288E-01,3.15430E+00,2.04102E+00
-4.6024440E-01,3.09570E+00,2.08008E+00
-4.6022592E-01,3.09570E+00,2.04102E+00
-4.6020744E-01,3.09570E+00,2.02148E+00
-4.6018896E-01,3.15430E+00,2.06055E+00
-4.6017048E-01,3.09570E+00,2.04102E+00
-4.6015200E-01,3.11523E+00,2.08008E+00
-4.6013352E-01,3.03711E+00,2.02148E+00
-4.6011504E-01,3.09570E+00,2.04102E+00
-4.6009656E-01,3.09570E+00,2.08008E+00
-4.6007808E-01,3.11523E+00,2.02148E+00
-4.6005960E-01,3.03711E+00,2.08008E+00
-4.6004112E-01,3.03711E+00,2.04102E+00
-4.6002264E-01,3.15430E+00,2.00195E+00
-4.6000416E-01,3.11523E+00,2.02148E+00
-4.5998568E-01,3.09570E+00,2.08008E+00
-4.5996720E-01,3.07617E+00,2.06055E+00
-4.5994872E-01,3.09570E+00,2.08008E+00
-4.5993024E-01,3.11523E+00,2.04102E+00
-4.5991176E-01,3.11523E+00,2.04102E+00
-4.5989328E-01,3.15430E+00,2.06055E+00
-4.5987480E-01,3.09570E+00,2.04102E+00
-4.5985632E-01,3.13477E+00,2.06055E+00
-4.5983784E-01,3.05664E+00,2.09961E+00
-4.5981936E-01,3.11523E+00,2.04102E+00
-4.5980088E-01,3.01758E+00,2.13867E+00
-4.5978240E-01,3.13477E+00,2.06055E+00
-4.5976392E-01,3.07617E+00,2.08008E+00
-4.5974544E-01,3.15430E+00,2.04102E+00
-4.5972696E-01,3.07617E+00,2.04102E+00
-4.5970848E-01,3.09570E+00,2.06055E+00
-4.5969000E-01,3.03711E+00,2.06055E+00
-4.5967152E-01,3.07617E+00,2.02148E+00
-4.5965304E-01,3.03711E+00,2.06055E+00
-4.5963456E-01,3.07617E+00,2.06055E+00
-4.5961608E-01,3.11523E+00,2.08008E+00
-4.5959760E-01,3.13477E+00,2.04102E+00
-4.5957912E-01,3.01758E+00,2.06055E+00
-4.5956064E-01,3.17383E+00,2.06055E+00
-4.5954216E-01,3.09570E+00,2.02148E+00
-4.5952368E-01,3.13477E+00,2.09961E+00
-4.5950520E-01,3.07617E+00,2.02148E+00
-4.5948672E-01,3.13477E+00,2.02148E+00
-4.5946824E-01,3.07617E+00,2.04102E+00
-4.5944976E-01,3.05664E+00,2.13867E+00
-4.5943128E-01,3.07617E+00,2.13867E+00
-4.5941280E-01,3.07617E+00,2.06055E+00
-4.5939432E-01,3.13477E+00,2.06055E+00
-4.5937584E-01,3.09570E+00,2.08008E+00
-4.5935736E-01,3.05664E+00,2.09961E+00
-4.5933888E-01,3.09570E+00,2.09961E+00
-4.5932040E-01,3.01758E+00,2.08008E+00
-4.5930192E-01,3.13477E+00,2.09961E+00
-4.5928344E-01,3.05664E+00,2.06055E+00
-4.5926496E-01,3.07617E+00,2.00195E+00
-4.5924648E-01,3.01758E+00,2.06055E+00
-4.5922800E-01,3.09570E+00,2.13867E+00
-4.5920952E-01,3.11523E+00,2.06055E+00
-4.5919104E-01,3.15430E+00,2.08008E+00
-4.5917256E-01,3.11523E+00,2.11914E+00
-4.5915408E-01,3.11523E+00,2.06055E+00
-4.5913560E-01,3.13477E+00,2.04102E+00
-4.5911712E-01,3.11523E+00,2.06055E+00
-4.5909864E-01,3.07617E+00,2.08008E+00
-4.5908016E-01,3.09570E+00,2.09961E+00
-4.5906168E-01,3.07617E+00,2.02148E+00
-4.5904320E-01,3.09570E+00,2.08008E+00
-4.5902472E-01,3.05664E+00,2.11914E+00
-4.5900624E-01,3.07617E+00,2.08008E+00
-4.5898776E-01,3.05664E+00,2.08008E+00
-4.5896928E-01,3.09570E+00,2.11914E+00
-4.5895080E-01,3.13477E+00,2.08008E+00
-4.5893232E-01,3.09570E+00,2.06055E+00
-4.5891384E-01,3.09570E+00,2.13867E+00
-4.5889536E-01,3.09570E+00,2.08008E+00
-4.5887688E-01,3.07617E+00,2.08008E+00
-4.5885840E-01,3.09570E+00,2.04102E+00
-4.5883992E-01,3.15430E+00,2.09961E+00
-4.5882144E-01,3.09570E+00,2.06055E+00
-4.5880296E-01,3.09570E+00,2.06055E+00
-4.5878448E-01,3.07617E+00,2.02148E+00
-4.5876600E-01,3.01758E+00,2.06055E+00
-4.5874752E-01,3.01758E+00,2.06055E+00
-4.5872904E-01,3.13477E+00,2.09961E+00
-4.5871056E-01,3.13477E+00,2.08008E+00
-4.5869208E-01,3.15430E+00,2.09961E+00
-4.5867360E-01,3.09570E+00,2.08008E+00
-4.5865512E-01,3.01758E+00,2.13867E+00
-4.5863664E-01,3.15430E+00,2.08008E+00
-4.5861816E-01,3.09570E+00,2.06055E+00
-4.5859968E-01,3.13477E+00,2.06055E+00
-4.5858120E-01,3.05664E+00,2.04102E+00
-4.5856272E-01,3.11523E+00,2.04102E+00
-4.5854424E-01,3.09570E+00,2.08008E+00
-4.5852576E-01,3.11523E+00,2.02148E+00
-4.5850728E-01,3.07617E+00,2.09961E+00
-4.5848880E-01,3.11523E+00,2.06055E+00
-4.5847032E-01,3.05664E+00,2.08008E+00
-4.5845184E-01,3.07617E+00,2.09961E+00
-4.5843336E-01,3.09570E+00,2.08008E+00
-4.5841488E-01,3.11523E+00,2.08008E+00
-4.5839640E-01,3.09570E+00,2.08008E+00
-4.5837792E-01,3.07617E+00,2.08008E+00
-4.5835944E-01,3.07617E+00,2.11914E+00
-4.5834096E-01,3.19336E+00,2.06055E+00
-4.5832248E-01,3.11523E+00,2.08008E+00
-4.5830400E-01,3.09570E+00,2.13867E+00
-4.5828552E-01,3.09570E+00,2.13867E+00
-4.5826704E-01,3.09570E+00,2.04102E+00
-4.5824856E-01,3.09570E+00,2.09961E+00
-4.5823008E-01,3.09570E+00,2.08008E+00
-4.5821160E-01,3.05664E+00,2.15820E+00
-4.5819312E-01,3.09570E+00,2.09961E+00
-4.5817464E-01,3.07617E+00,2.09961E+00
-4.5815616E-01,3.09570E+00,2.09961E+00
-4.5813768E-01,3.03711E+00,2.11914E+00
-4.5811920E-01,3.07617E+00,2.08008E+00
-4.5810072E-01,3.07617E+00,2.08008E+00
-4.5808224E-01,3.19336E+00,2.08008E+00
-4.5806376E-01,3.03711E+00,2.09961E+00
-4.5804528E-01,3.13477E+00,2.08008E+00
-4.5802680E-01,3.17383E+00,2.09961E+00
-4.5800832E-01,3.11523E+00,2.04102E+00
-4.5798984E-01,3.09570E+00,2.08008E+00
-4.5797136E-01,3.17383E+00,2.02148E+00
-4.5795288E-01,3.05664E+00,2.08008E+00
-4.5793440E-01,3.07617E+00,2.02148E+00
-4.5791592E-01,3.07617E+00,2.15820E+00
-4.5789744E-01,3.03711E+00,2.09961E+00
-4.5787896E-01,3.15430E+00,2.13867E+00
-4.5786048E-01,3.11523E+00,2.06055E+00
-4.5784200E-01,3.07617E+00,2.13867E+00
-4.5782352E-01,3.07617E+00,2.08008E+00
-4.5780504E-01,3.19336E+00,2.08008E+00
-4.5778656E-01,3.15430E+00,2.06055E+00
-4.5776808E-01,3.07617E+00,2.04102E+00
-4.5774960E-01,3.05664E+00,2.13867E+00
-4.5773112E-01,3.09570E+00,2.04102E+00
-4.5771264E-01,3.07617E+00,2.04102E+00
-4.5769416E-01,3.07617E+00,2.13867E+00
-4.5767568E-01,3.09570E+00,2.09961E+00
-4.5765720E-01,3.11523E+00,2.02148E+00
-4.5763872E-01,3.11523E+00,2.06055E+00
-4.5762024E-01,3.05664E+00,2.08008E+00
-4.5760176E-01,3.09570E+00,2.09961E+00
-4.5758328E-01,3.15430E+00,2.09961E+00
-4.5756480E-01,3.07617E+00,2.08008E+00
-4.5754632E-01,3.15430E+00,2.08008E+00
-4.5752784E-01,3.09570E+00,2.04102E+00
-4.5750936E-01,3.09570E+00,2.11914E+00
-4.5749088E-01,3.07617E+00,2.08008E+00
-4.5747240E-01,3.07617E+00,2.13867E+00
-4.5745392E-01,3.09570E+00,2.06055E+00
-4.5743544E-01,3.11523E+00,2.11914E+00
-4.5741696E-01,3.07617E+00,2.11914E+00
-4.5739848E-01,3.05664E+00,2.13867E+00
-4.5738000E-01,3.13477E+00,2.09961E+00
-4.5736152E-01,3.09570E+00,2.15820E+00
-4.5734304E-01,3.09570E+00,2.04102E+00
-4.5732456E-01,3.07617E+00,2.09961E+00
-4.5730608E-01,3.15430E+00,2.09961E+00
-4.5728760E-01,3.11523E+00,2.11914E+00
-4.5726912E-01,3.07617E+00,2.08008E+00
-4.5725064E-01,3.09570E+00,2.08008E+00
-4.5723216E-01,3.13477E+00,2.06055E+00
-4.5721368E-01,2.99805E+00,2.13867E+00
-4.5719520E-01,3.03711E+00,2.13867E+00
-4.5717672E-01,3.05664E+00,2.15820E+00
-4.5715824E-01,3.07617E+00,2.11914E+00
-4.5713976E-01,3.09570E+00,2.06055E+00
-4.5712128E-01,3.15430E+00,2.08008E+00
-4.5710280E-01,3.05664E+00,2.08008E+00
-4.5708432E-01,3.13477E+00,2.08008E+00
-4.5706584E-01,3.07617E+00,2.08008E+00
-4.5704736E-01,3.05664E+00,2.09961E+00
-4.5702888E-01,3.09570E+00,2.08008E+00
-4.5701040E-01,3.17383E+00,2.04102E+00
-4.5699192E-01,3.03711E+00,2.08008E+00
-4.5697344E-01,3.11523E+00,2.09961E+00
-4.5695496E-01,3.01758E+00,2.13867E+00
-4.5693648E-01,3.07617E+00,2.06055E+00
-4.5691800E-01,3.07617E+00,2.06055E+00
-4.5689952E-01,3.13477E+00,2.08008E+00
-4.5688104E-01,3.07617E+00,2.08008E+00
-4.5686256E-01,3.11523E+00,2.06055E+00
-4.5684408E-01,3.09570E+00,2.09961E+00
-4.5682560E-01,3.17383E+00,2.09961E+00
-4.5680712E-01,3.09570E+00,2.09961E+00
-4.5678864E-01,3.09570E+00,2.13867E+00
-4.5677016E-01,3.15430E+00,2.13867E+00
-4.5675168E-01,3.11523E+00,2.06055E+00
-4.5673320E-01,3.09570E+00,2.08008E+00
-4.5671472E-01,3.11523E+00,2.08008E+00
-4.5669624E-01,3.15430E+00,2.13867E+00
-4.5667776E-01,3.15430E+00,2.00195E+00
-4.5665928E-01,3.13477E+00,2.09961E+00
-4.5664080E-01,3.09570E+00,2.04102E+00
-4.5662232E-01,3.13477E+00,2.08008E+00
-4.5660384E-01,3.09570E+00,2.08008E+00
-4.5658536E-01,3.15430E+00,2.13867E+00
-4.5656688E-01,3.15430E+00,2.09961E+00
-4.5654840E-01,3.13477E+00,2.08008E+00
-4.5652992E-01,3.11523E+00,2.09961E+00
-4.5651144E-01,3.15430E+00,2.13867E+00
-4.5649296E-01,3.13477E+00,2.09961E+00
-4.5647448E-01,3.09570E+00,2.13867E+00
-4.5645600E-01,3.15430E+00,2.09961E+00
-4.5643752E-01,3.13477E+00,2.08008E+00
-4.5641904E-01,3.11523E+00,2.09961E+00
-4.5640056E-01,3.17383E+00,2.09961E+00
-4.5638208E-01,3.05664E+00,2.08008E+00
-4.5636360E-01,3.13477E+00,2.13867E+00
-4.5634512E-01,3.09570E+00,2.11914E+00
-4.5632664E-01,3.11523E+00,2.08008E+00
-4.5630816E-01,3.05664E+00,2.13867E+00
-4.5628968E-01,3.13477E+00,2.09961E+00
-4.5627120E-01,3.09570E+00,2.04102E+00
-4.5625272E-01,3.15430E+00,2.13867E+00
-4.5623424E-01,3.09570E+00,2.09961E+00
-4.5621576E-01,3.09570E+00,2.09961E+00
-4.5619728E-01,3.13477E+00,2.08008E+00
-4.5617880E-01,3.07617E+00,2.09961E+00
-4.5616032E-01,3.19336E+00,2.11914E+00
-4.5614184E-01,3.07617E+00,2.13867E+00
-4.5612336E-01,3.11523E+00,2.06055E+00
-4.5610488E-01,3.09570E+00,2.13867E+00
-4.5608640E-01,3.07617E+00,2.09961E+00
-4.5606792E-01,3.11523E+00,2.13867E+00
-4.5604944E-01,3.11523E+00,2.13867E+00
-4.5603096E-01,3.07617E+00,2.13867E+00
-4.5601248E-01,3.19336E+00,2.08008E+00
-4.5599400E-01,3.01758E+00,2.11914E+00
-4.5597552E-01,3.07617E+00,2.11914E+00
-4.5595704E-01,3.03711E+00,2.15820E+00
-4.5593856E-01,3.07617E+00,2.15820E+00
-4.5592008E-01,3.11523E+00,2.09961E+00
-4.5590160E-01,3.13477E+00,2.06055E+00
-4.5588312E-01,3.15430E+00,2.13867E+00
-4.5586464E-01,3.15430E+00,2.13867E+00
-4.5584616E-01,3.07617E+00,2.08008E+00
-4.5582768E-01,3.15430E+00,2.04102E+00
-4.5580920E-01,3.11523E+00,2.09961E+00
-4.5579072E-01,3.07617E+00,2.08008E+00
-4.5577224E-01,3.11523E+00,2.09961E+00
-4.5575376E-01,3.07617E+00,2.09961E+00
-4.5573528E-01,3.09570E+00,2.08008E+00
-4.5571680E-01,3.13477E+00,2.13867E+00
-4.5569832E-01,3.15430E+00,2.09961E+00
-4.5567984E-01,3.11523E+00,2.06055E+00
-4.5566136E-01,3.09570E+00,2.17773E+00
-4.5564288E-01,3.09570E+00,2.04102E+00
-4.5562440E-01,3.09570E+00,2.08008E+00
-4.5560592E-01,3.03711E+00,2.13867E+00
-4.5558744E-01,3.09570E+00,2.11914E+00
-4.5556896E-01,3.15430E+00,2.13867E+00
-4.5555048E-01,3.07617E+00,2.13867E+00
-4.5553200E-01,3.11523E+00,2.09961E+00
-4.5551352E-01,3.11523E+00,2.09961E+00
-4.5549504E-01,3.13477E+00,2.08008E+00
-4.5547656E-01,3.07617E+00,2.15820E+00
-4.5545808E-01,3.13477E+00,2.11914E+00
-4.5543960E-01,3.05664E+00,2.13867E+00
-4.5542112E-01,3.13477E+00,2.06055E+00
-4.5540264E-01,3.07617E+00,2.11914E+00
-4.5538416E-01,3.13477E+00,2.13867E+00
-4.5536568E-01,3.13477E+00,2.09961E+00
-4.5534720E-01,3.07617E+00,2.08008E+00
-4.5532872E-01,3.19336E+00,2.11914E+00
-4.5531024E-01,3.05664E+00,2.13867E+00
-4.5529176E-01,3.09570E+00,2.15820E+00
-4.5527328E-01,3.09570E+00,2.08008E+00
-4.5525480E-01,3.13477E+00,2.11914E+00
-4.5523632E-01,3.07617E+00,2.11914E+00
-4.5521784E-01,3.13477E+00,2.13867E+00
-4.5519936E-01,3.19336E+00,2.08008E+00
-4.5518088E-01,3.07617E+00,2.13867E+00
-4.5516240E-01,3.11523E+00,2.09961E+00
-4.5514392E-01,3.09570E+00,2.08008E+00
-4.5512544E-01,3.09570E+00,2.09961E+00
-4.5510696E-01,3.07617E+00,2.13867E+00
-4.5508848E-01,3.11523E+00,2.09961E+00
-4.5507000E-01,3.09570E+00,2.15820E+00
-4.5505152E-01,3.11523E+00,2.06055E+00
-4.5503304E-01,3.15430E+00,2.13867E+00
-4.5501456E-01,3.11523E+00,2.09961E+00
-4.5499608E-01,3.09570E+00,2.15820E+00
-4.5497760E-01,3.15430E+00,2.09961E+00
-4.5495912E-01,3.11523E+00,2.08008E+00
-4.5494064E-01,3.07617E+00,2.11914E+00
-4.5492216E-01,3.15430E+00,2.11914E+00
-4.5490368E-01,3.13477E+00,2.13867E+00
-4.5488520E-01,3.09570E+00,2.13867E+00
-4.5486672E-01,3.13477E+00,2.15820E+00
-4.5484824E-01,3.15430E+00,2.17773E+00
-4.5482976E-01,3.11523E+00,2.13867E+00
-4.5481128E-01,3.07617E+00,2.08008E+00
-4.5479280E-01,3.07617E+00,2.11914E+00
-4.5477432E-01,3.13477E+00,2.08008E+00
-4.5475584E-01,3.07617E+00,2.19727E+00
-4.5473736E-01,3.07617E+00,2.08008E+00
-4.5471888E-01,3.11523E+00,2.13867E+00
-4.5470040E-01,3.01758E+00,2.15820E+00
-4.5468192E-01,3.09570E+00,2.11914E+00
-4.5466344E-01,3.11523E+00,2.13867E+00
-4.5464496E-01,3.09570E+00,2.11914E+00
-4.5462648E-01,3.13477E+00,2.15820E+00
-4.5460800E-01,3.09570E+00,2.06055E+00
-4.5458952E-01,3.07617E+00,2.17773E+00
-4.5457104E-01,3.05664E+00,2.11914E+00
-4.5455256E-01,3.11523E+00,2.15820E+00
-4.5453408E-01,3.13477E+00,2.11914E+00
-4.5451560E-01,3.11523E+00,2.13867E+00
-4.5449712E-01,3.07617E+00,2.15820E+00
-4.5447864E-01,3.11523E+00,2.15820E+00
-4.5446016E-01,3.15430E+00,2.09961E+00
-4.5444168E-01,3.15430E+00,2.13867E+00
-4.5442320E-01,3.09570E+00,2.17773E+00
-4.5440472E-01,3.11523E+00,2.08008E+00
-4.5438624E-01,3.19336E+00,2.11914E+00
-4.5436776E-01,3.09570E+00,2.13867E+00
-4.5434928E-01,3.15430E+00,2.17773E+00
-4.5433080E-01,3.09570E+00,2.13867E+00
-4.5431232E-01,3.15430E+00,2.09961E+00
-4.5429384E-01,3.03711E+00,2.11914E+00
-4.5427536E-01,3.07617E+00,2.19727E+00
-4.5425688E-01,3.09570E+00,2.11914E+00
-4.5423840E-01,3.09570E+00,2.21680E+00
-4.5421992E-01,3.11523E+00,2.19727E+00
-4.5420144E-01,3.07617E+00,2.15820E+00
-4.5418296E-01,3.05664E+00,2.15820E+00
-4.5416448E-01,3.15430E+00,2.15820E+00
-4.5414600E-01,3.15430E+00,2.11914E+00
-4.5412752E-01,3.07617E+00,2.17773E+00
-4.5410904E-01,3.05664E+00,2.13867E+00
-4.5409056E-01,3.15430E+00,2.13867E+00
-4.5407208E-01,3.19336E+00,2.13867E+00
-4.5405360E-01,3.11523E+00,2.13867E+00
-4.5403512E-01,3.09570E+00,2.13867E+00
-4.5401664E-01,3.17383E+00,2.11914E+00
-4.5399816E-01,3.17383E+00,2.17773E+00
-4.5397968E-01,3.13477E+00,2.17773E+00
-4.5396120E-01,3.11523E+00,2.13867E+00
-4.5394272E-01,3.11523E+00,2.13867E+00
-4.5392424E-01,3.15430E+00,2.08008E+00
-4.5390576E-01,3.07617E+00,2.13867E+00
-4.5388728E-01,3.15430E+00,2.13867E+00
-4.5386880E-01,3.11523E+00,2.15820E+00
-4.5385032E-01,3.19336E+00,2.21680E+00
-4.5383184E-01,3.11523E+00,2.13867E+00
-4.5381336E-01,3.07617E+00,2.08008E+00
-4.5379488E-01,3.11523E+00,2.15820E+00
-4.5377640E-01,3.11523E+00,2.15820E+00
-4.5375792E-01,3.13477E+00,2.19727E+00
-4.5373944E-01,3.13477E+00,2.13867E+00
-4.5372096E-01,3.19336E+00,2.15820E+00
-4.5370248E-01,3.05664E+00,2.13867E+00
-4.5368400E-01,3.11523E+00,2.19727E+00
-4.5366552E-01,3.13477E+00,2.13867E+00
-4.5364704E-01,3.09570E+00,2.17773E+00
-4.5362856E-01,3.15430E+00,2.17773E+00
-4.5361008E-01,3.15430E+00,2.11914E+00
-4.5359160E-01,3.07617E+00,2.15820E+00
-4.5357312E-01,3.09570E+00,2.19727E+00
-4.5355464E-01,3.13477E+00,2.15820E+00
-4.5353616E-01,3.07617E+00,2.13867E+00
-4.5351768E-01,3.09570E+00,2.11914E+00
-4.5349920E-01,3.17383E+00,2.13867E+00
-4.5348072E-01,3.09570E+00,2.13867E+00
-4.5346224E-01,3.11523E+00,2.08008E+00
-4.5344376E-01,3.13477E+00,2.13867E+00
-4.5342528E-01,3.15430E+00,2.15820E+00
-4.5340680E-01,3.09570E+00,2.09961E+00
-4.5338832E-01,3.15430E+00,2.19727E+00
-4.5336984E-01,3.15430E+00,2.19727E+00
-4.5335136E-01,3.09570E+00,2.15820E+00
-4.5333288E-01,3.07617E+00,2.15820E+00
-4.5331440E-01,3.19336E+00,2.13867E+00
-4.5329592E-01,3.09570E+00,2.15820E+00
-4.5327744E-01,3.15430E+00,2.15820E+00
-4.5325896E-01,3.09570E+00,2.21680E+00
-4.5324048E-01,3.15430E+00,2.17773E+00
-4.5322200E-01,3.09570E+00,2.11914E+00
-4.5320352E-01,3.15430E+00,2.09961E+00
-4.5318504E-01,3.07617E+00,2.11914E+00
-4.5316656E-01,3.15430E+00,2.13867E+00
-4.5314808E-01,3.09570E+00,2.11914E+00
-4.5312960E-01,3.05664E+00,2.15820E+00
-4.5311112E-01,3.07617E+00,2.19727E+00
-4.5309264E-01,3.15430E+00,2.13867E+00
-4.5307416E-01,3.07617E+00,2.13867E+00
-4.5305568E-01,3.13477E+00,2.13867E+00
-4.5303720E-01,3.07617E+00,2.15820E+00
-4.5301872E-01,3.15430E+00,2.13867E+00
-4.5300024E-01,3.07617E+00,2.15820E+00
-4.5298176E-01,3.15430E+00,2.17773E+00
-4.5296328E-01,3.07617E+00,2.15820E+00
-4.5294480E-01,3.13477E+00,2.13867E+00
-4.5292632E-01,3.11523E+00,2.11914E+00
-4.5290784E-01,3.15430E+00,2.15820E+00
-4.5288936E-01,3.13477E+00,2.19727E+00
-4.5287088E-01,3.11523E+00,2.13867E+00
-4.5285240E-01,3.11523E+00,2.15820E+00
-4.5283392E-01,3.09570E+00,2.19727E+00
-4.5281544E-01,3.07617E+00,2.15820E+00
-4.5279696E-01,3.13477E+00,2.08008E+00
-4.5277848E-01,3.07617E+00,2.15820E+00
-4.5276000E-01,3.11523E+00,2.13867E+00
-4.5274152E-01,3.11523E+00,2.13867E+00
-4.5272304E-01,3.15430E+00,2.13867E+00
-4.5270456E-01,3.01758E+00,2.19727E+00
-4.5268608E-01,3.13477E+00,2.08008E+00
-4.5266760E-01,3.09570E+00,2.13867E+00
-4.5264912E-01,3.11523E+00,2.15820E+00
-4.5263064E-01,3.09570E+00,2.19727E+00
-4.5261216E-01,3.17383E+00,2.11914E+00
-4.5259368E-01,3.15430E+00,2.15820E+00
-4.5257520E-01,3.17383E+00,2.15820E+00
-4.5255672E-01,3.09570E+00,2.11914E+00
-4.5253824E-01,3.15430E+00,2.15820E+00
-4.5251976E-01,3.09570E+00,2.09961E+00
-4.5250128E-01,3.15430E+00,2.13867E+00
-4.5248280E-01,3.11523E+00,2.19727E+00
-4.5246432E-01,3.09570E+00,2.17773E+00
-4.5244584E-01,3.09570E+00,2.15820E+00
-4.5242736E-01,3.13477E+00,2.09961E+00
-4.5240888E-01,3.01758E+00,2.15820E+00
-4.5239040E-01,3.07617E+00,2.11914E+00
-4.5237192E-01,3.09570E+00,2.21680E+00
-4.5235344E-01,3.15430E+00,2.21680E+00
-4.5233496E-01,3.07617E+00,2.17773E+00
-4.5231648E-01,3.09570E+00,2.17773E+00
-4.5229800E-01,3.15430E+00,2.21680E+00
-4.5227952E-01,3.13477E+00,2.15820E+00
-4.5226104E-01,3.05664E+00,2.19727E+00
-4.5224256E-01,3.11523E+00,2.13867E+00
-4.5222408E-01,3.07617E+00,2.13867E+00
-4.5220560E-01,3.09570E+00,2.19727E+00
-4.5218712E-01,3.17383E+00,2.21680E+00
-4.5216864E-01,3.13477E+00,2.15820E+00
-4.5215016E-01,3.11523E+00,2.17773E+00
-4.5213168E-01,3.13477E+00,2.13867E+00
-4.5211320E-01,3.15430E+00,2.15820E+00
-4.5209472E-01,3.13477E+00,2.17773E+00
-4.5207624E-01,3.09570E+00,2.17773E+00
-4.5205776E-01,3.13477E+00,2.15820E+00
-4.5203928E-01,3.13477E+00,2.19727E+00
-4.5202080E-01,3.05664E+00,2.13867E+00
-4.5200232E-01,3.11523E+00,2.21680E+00
-4.5198384E-01,3.15430E+00,2.11914E+00
-4.5196536E-01,3.07617E+00,2.19727E+00
-4.5194688E-01,3.07617E+00,2.15820E+00
-4.5192840E-01,3.15430E+00,2.13867E+00
-4.5190992E-01,3.15430E+00,2.13867E+00
-4.5189144E-01,3.09570E+00,2.21680E+00
-4.5187296E-01,3.15430E+00,2.19727E+00
-4.5185448E-01,3.13477E+00,2.21680E+00
-4.5183600E-01,3.11523E+00,2.21680E+00
-4.5181752E-01,3.09570E+00,2.11914E+00
-4.5179904E-01,3.13477E+00,2.21680E+00
-4.5178056E-01,3.13477E+00,2.15820E+00
-4.5176208E-01,3.17383E+00,2.19727E+00
-4.5174360E-01,3.09570E+00,2.19727E+00
-4.5172512E-01,3.09570E+00,2.15820E+00
-4.5170664E-01,3.17383E+00,2.17773E+00
-4.5168816E-01,3.11523E+00,2.15820E+00
-4.5166968E-01,3.09570E+00,2.13867E+00
-4.5165120E-01,3.13477E+00,2.21680E+00
-4.5163272E-01,3.15430E+00,2.21680E+00
-4.5161424E-01,3.13477E+00,2.15820E+00
-4.5159576E-01,3.19336E+00,2.17773E+00
-4.5157728E-01,3.15430E+00,2.13867E+00
-4.5155880E-01,3.11523E+00,2.11914E+00
-4.5154032E-01,3.21289E+00,2.15820E+00
-4.5152184E-01,3.15430E+00,2.15820E+00
-4.5150336E-01,3.09570E+00,2.21680E+00
-4.5148488E-01,3.11523E+00,2.15820E+00
-4.5146640E-01,3.17383E+00,2.25586E+00
-4.5144792E-01,3.15430E+00,2.19727E+00
-4.5142944E-01,3.19336E+00,2.11914E+00
-4.5141096E-01,3.09570E+00,2.19727E+00
-4.5139248E-01,3.15430E+00,2.15820E+00
-4.5137400E-01,3.07617E+00,2.15820E+00
-4.5135552E-01,3.13477E+00,2.21680E+00
-4.5133704E-01,3.09570E+00,2.25586E+00
-4.5131856E-01,3.15430E+00,2.17773E+00
-4.5130008E-01,3.13477E+00,2.15820E+00
-4.5128160E-01,3.15430E+00,2.19727E+00
-4.5126312E-01,3.09570E+00,2.21680E+00
-4.5124464E-01,3.13477E+00,2.19727E+00
-4.5122616E-01,3.09570E+00,2.21680E+00
-4.5120768E-01,3.19336E+00,2.15820E+00
-4.5118920E-01,3.15430E+00,2.13867E+00
-4.5117072E-01,3.13477E+00,2.13867E+00
-4.5115224E-01,3.15430E+00,2.21680E+00
-4.5113376E-01,3.17383E+00,2.13867E+00
-4.5111528E-01,3.09570E+00,2.17773E+00
-4.5109680E-01,3.11523E+00,2.21680E+00
-4.5107832E-01,3.15430E+00,2.19727E+00
-4.5105984E-01,3.13477E+00,2.19727E+00
-4.5104136E-01,3.09570E+00,2.21680E+00
-4.5102288E-01,3.15430E+00,2.13867E+00
-4.5100440E-01,3.09570E+00,2.15820E+00
-4.5098592E-01,3.09570E+00,2.13867E+00
-4.5096744E-01,3.13477E+00,2.15820E+00
-4.5094896E-01,3.11523E+00,2.17773E+00
-4.5093048E-01,3.07617E+00,2.19727E+00
-4.5091200E-01,3.17383E+00,2.19727E+00
-4.5089352E-01,3.09570E+00,2.15820E+00
-4.5087504E-01,3.15430E+00,2.13867E+00
-4.5085656E-01,3.15430E+00,2.15820E+00
-4.5083808E-01,3.15430E+00,2.13867E+00
-4.5081960E-01,3.09570E+00,2.23633E+00
-4.5080112E-01,3.11523E+00,2.19727E+00
-4.5078264E-01,3.09570E+00,2.21680E+00
-4.5076416E-01,3.13477E+00,2.21680E+00
-4.5074568E-01,3.09570E+00,2.17773E+00
-4.5072720E-01,3.17383E+00,2.17773E+00
-4.5070872E-01,3.07617E+00,2.21680E+00
-4.5069024E-01,3.09570E+00,2.13867E+00
-4.5067176E-01,3.01758E+00,2.21680E+00
-4.5065328E-01,3.09570E+00,2.25586E+00
-4.5063480E-01,3.15430E+00,2.21680E+00
-4.5061632E-01,3.09570E+00,2.13867E+00
-4.5059784E-01,3.15430E+00,2.15820E+00
-4.5057936E-01,3.13477E+00,2.19727E+00
-4.5056088E-01,3.09570E+00,2.21680E+00
-4.5054240E-01,3.19336E+00,2.21680E+00
-4.5052392E-01,3.15430E+00,2.19727E+00
-4.5050544E-01,3.11523E+00,2.15820E+00
-4.5048696E-01,3.11523E+00,2.11914E+00
-4.5046848E-01,3.07617E+00,2.21680E+00
-4.5045000E-01,3.15430E+00,2.21680E+00
-4.5043152E-01,3.13477E+00,2.17773E+00
-4.5041304E-01,3.13477E+00,2.21680E+00
-4.5039456E-01,3.11523E+00,2.17773E+00
-4.5037608E-01,3.19336E+00,2.15820E+00
-4.5035760E-01,3.15430E+00,2.21680E+00
-4.5033912E-01,3.15430E+00,2.15820E+00
-4.5032064E-01,3.13477E+00,2.13867E+00
-4.5030216E-01,3.19336E+00,2.21680E+00
-4.5028368E-01,3.15430E+00,2.21680E+00
-4.5026520E-01,3.15430E+00,2.21680E+00
-4.5024672E-01,3.07617E+00,2.13867E+00
-4.5022824E-01,3.15430E+00,2.13867E+00
-4.5020976E-01,3.13477E+00,2.21680E+00
-4.5019128E-01,3.09570E+00,2.21680E+00
-4.5017280E-01,3.15430E+00,2.17773E+00
-4.5015432E-01,3.13477E+00,2.21680E+00
-4.5013584E-01,3.13477E+00,2.15820E+00
-4.5011736E-01,3.17383E+00,2.21680E+00
-4.5009888E-01,3.15430E+00,2.17773E+00
-4.5008040E-01,3.11523E+00,2.19727E+00
-4.5006192E-01,3.15430E+00,2.15820E+00
-4.5004344E-01,3.15430E+00,2.17773E+00
-4.5002496E-01,3.15430E+00,2.23633E+00
-4.5000648E-01,3.13477E+00,2.21680E+00
-4.4998800E-01,3.15430E+00,2.23633E+00
-4.4996952E-01,3.21289E+00,2.19727E+00
-4.4995104E-01,3.11523E+00,2.17773E+00
-4.4993256E-01,3.11523E+00,2.21680E+00
-4.4991408E-01,3.17383E+00,2.21680E+00
-4.4989560E-01,3.11523E+00,2.23633E+00
-4.4987712E-01,3.15430E+00,2.21680E+00
-4.4985864E-01,3.11523E+00,2.21680E+00
-4.4984016E-01,3.13477E+00,2.13867E+00
-4.4982168E-01,3.15430E+00,2.23633E+00
-4.4980320E-01,3.11523E+00,2.21680E+00
-4.4978472E-01,3.09570E+00,2.15820E+00
-4.4976624E-01,3.11523E+00,2.23633E+00
-4.4974776E-01,3.15430E+00,2.13867E+00
-4.4972928E-01,3.01758E+00,2.21680E+00
-4.4971080E-01,3.17383E+00,2.17773E+00
-4.4969232E-01,3.11523E+00,2.15820E+00
-4.4967384E-01,3.09570E+00,2.21680E+00
-4.4965536E-01,3.15430E+00,2.17773E+00
-4.4963688E-01,3.11523E+00,2.19727E+00
-4.4961840E-01,3.13477E+00,2.19727E+00
-4.4959992E-01,3.15430E+00,2.15820E+00
-4.4958144E-01,3.11523E+00,2.21680E+00
-4.4956296E-01,3.15430E+00,2.13867E+00
-4.4954448E-01,3.19336E+00,2.21680E+00
-4.4952600E-01,3.03711E+00,2.19727E+00
-4.4950752E-01,3.13477E+00,2.17773E+00
-4.4948904E-01,3.15430E+00,2.15820E+00
-4.4947056E-01,3.09570E+00,2.21680E+00
-4.4945208E-01,3.11523E+00,2.19727E+00
-4.4943360E-01,3.15430E+00,2.21680E+00
-4.4941512E-01,3.15430E+00,2.13867E+00
-4.4939664E-01,3.17383E+00,2.17773E+00
-4.4937816E-01,3.15430E+00,2.21680E+00
-4.4935968E-01,3.11523E+00,2.21680E+00
-4.4934120E-01,3.15430E+00,2.21680E+00
-4.4932272E-01,3.11523E+00,2.23633E+00
-4.4930424E-01,3.13477E+00,2.21680E+00
-4.4928576E-01,3.11523E+00,2.19727E+00
-4.4926728E-01,3.11523E+00,2.23633E+00
-4.4924880E-01,3.17383E+00,2.21680E+00
-4.4923032E-01,3.09570E+00,2.21680E+00
-4.4921184E-01,3.15430E+00,2.21680E+00
-4.4919336E-01,3.15430E+00,2.19727E+00
-4.4917488E-01,3.17383E+00,2.21680E+00
-4.4915640E-01,3.15430E+00,2.19727E+00
-4.4913792E-01,3.19336E+00,2.17773E+00
-4.4911944E-01,3.13477E+00,2.21680E+00
-4.4910096E-01,3.07617E+00,2.21680E+00
-4.4908248E-01,3.13477E+00,2.15820E+00
-4.4906400E-01,3.09570E+00,2.21680E+00
-4.4904552E-01,3.13477E+00,2.17773E+00
-4.4902704E-01,3.11523E+00,2.21680E+00
-4.4900856E-01,3.11523E+00,2.27539E+00
-4.4899008E-01,3.15430E+00,2.17773E+00
-4.4897160E-01,3.09570E+00,2.19727E+00
-4.4895312E-01,3.09570E+00,2.21680E+00
-4.4893464E-01,3.17383E+00,2.19727E+00
-4.4891616E-01,3.11523E+00,2.15820E+00
-4.4889768E-01,3.13477E+00,2.23633E+00
-4.4887920E-01,3.13477E+00,2.17773E+00
-4.4886072E-01,3.09570E+00,2.19727E+00
-4.4884224E-01,3.13477E+00,2.17773E+00
-4.4882376E-01,3.11523E+00,2.21680E+00
-4.4880528E-01,3.09570E+00,2.21680E+00
-4.4878680E-01,3.15430E+00,2.19727E+00
-4.4876832E-01,3.19336E+00,2.23633E+00
-4.4874984E-01,3.13477E+00,2.15820E+00
-4.4873136E-01,3.11523E+00,2.21680E+00
-4.4871288E-01,3.11523E+00,2.15820E+00
-4.4869440E-01,3.13477E+00,2.21680E+00
-4.4867592E-01,3.15430E+00,2.19727E+00
-4.4865744E-01,3.09570E+00,2.25586E+00
-4.4863896E-01,3.15430E+00,2.21680E+00
-4.4862048E-01,3.17383E+00,2.21680E+00
-4.4860200E-01,3.13477E+00,2.13867E+00
-4.4858352E-01,3.15430E+00,2.21680E+00
-4.4856504E-01,3.15430E+00,2.15820E+00
-4.4854656E-01,3.13477E+00,2.23633E+00
-4.4852808E-01,3.15430E+00,2.21680E+00
-4.4850960E-01,3.11523E+00,2.21680E+00
-4.4849112E-01,3.15430E+00,2.21680E+00
-4.4847264E-01,3.15430E+00,2.25586E+00
-4.4845416E-01,3.19336E+00,2.17773E+00
-4.4843568E-01,3.17383E+00,2.17773E+00
-4.4841720E-01,3.09570E+00,2.25586E+00
-4.4839872E-01,3.09570E+00,2.23633E+00
-4.4838024E-01,3.11523E+00,2.23633E+00
-4.4836176E-01,3.15430E+00,2.25586E+00
-4.4834328E-01,3.15430E+00,2.19727E+00
-4.4832480E-01,3.13477E+00,2.23633E+00
-4.4830632E-01,3.15430E+00,2.19727E+00
-4.4828784E-01,3.15430E+00,2.21680E+00
-4.4826936E-01,3.11523E+00,2.17773E+00
-4.4825088E-01,3.23242E+00,2.21680E+00
-4.4823240E-01,3.19336E+00,2.21680E+00
-4.4821392E-01,3.15430E+00,2.23633E+00
-4.4819544E-01,3.11523E+00,2.21680E+00
-4.4817696E-01,3.13477E+00,2.17773E+00
-4.4815848E-01,3.11523E+00,2.23633E+00
-4.4814000E-01,3.15430E+00,2.25586E+00
-4.4812152E-01,3.07617E+00,2.19727E+00
-4.4810304E-01,3.13477E+00,2.23633E+00
-4.4808456E-01,3.15430E+00,2.15820E+00
-4.4806608E-01,3.13477E+00,2.21680E+00
-4.4804760E-01,3.05664E+00,2.21680E+00
-4.4802912E-01,3.09570E+00,2.21680E+00
-4.4801064E-01,3.07617E+00,2.21680E+00
-4.4799216E-01,3.15430E+00,2.21680E+00
-4.4797368E-01,3.11523E+00,2.27539E+00
-4.4795520E-01,3.09570E+00,2.21680E+00
-4.4793672E-01,3.13477E+00,2.19727E+00
-4.4791824E-01,3.19336E+00,2.19727E+00
-4.4789976E-01,3.17383E+00,2.25586E+00
-4.4788128E-01,3.17383E+00,2.25586E+00
-4.4786280E-01,3.13477E+00,2.25586E+00
-4.4784432E-01,3.13477E+00,2.29492E+00
-4.4782584E-01,3.17383E+00,2.21680E+00
-4.4780736E-01,3.11523E+00,2.19727E+00
-4.4778888E-01,3.15430E+00,2.25586E+00
-4.4777040E-01,3.19336E+00,2.23633E+00
-4.4775192E-01,3.09570E+00,2.25586E+00
-4.4773344E-01,3.15430E+00,2.19727E+00
-4.4771496E-01,3.13477E+00,2.15820E+00
-4.4769648E-01,3.09570E+00,2.21680E+00
-4.4767800E-01,3.09570E+00,2.23633E+00
-4.4765952E-01,3.15430E+00,2.27539E+00
-4.4764104E-01,3.13477E+00,2.21680E+00
-4.4762256E-01,3.15430E+00,2.23633E+00
-4.4760408E-01,3.15430E+00,2.23633E+00
-4.4758560E-01,3.17383E+00,2.21680E+00
-4.4756712E-01,3.13477E+00,2.21680E+00
-4.4754864E-01,3.15430E+00,2.19727E+00
-4.4753016E-01,3.17383E+00,2.19727E+00
-4.4751168E-01,3.11523E+00,2.21680E+00
-4.4749320E-01,3.11523E+00,2.21680E+00
-4.4747472E-01,3.15430E+00,2.19727E+00
-4.4745624E-01,3.19336E+00,2.21680E+00
-4.4743776E-01,3.19336E+00,2.23633E+00
-4.4741928E-01,3.09570E+00,2.17773E+00
-4.4740080E-01,3.11523E+00,2.23633E+00
-4.4738232E-01,3.19336E+00,2.15820E+00
-4.4736384E-01,3.13477E+00,2.21680E+00
-4.4734536E-01,3.07617E+00,2.23633E+00
-4.4732688E-01,3.21289E+00,2.19727E+00
-4.4730840E-01,3.13477E+00,2.27539E+00
-4.4728992E-01,3.15430E+00,2.23633E+00
-4.4727144E-01,3.09570E+00,2.21680E+00
-4.4725296E-01,3.17383E+00,2.21680E+00
-4.4723448E-01,3.09570E+00,2.21680E+00
-4.4721600E-01,3.19336E+00,2.21680E+00
-4.4719752E-01,3.15430E+00,2.23633E+00
-4.4717904E-01,3.17383E+00,2.21680E+00
-4.4716056E-01,3.13477E+00,2.21680E+00
-4.4714208E-01,3.09570E+00,2.21680E+00
-4.4712360E-01,3.09570E+00,2.23633E+00
-4.4710512E-01,3.11523E+00,2.19727E+00
-4.4708664E-01,3.15430E+00,2.29492E+00
-4.4706816E-01,3.09570E+00,2.21680E+00
-4.4704968E-01,3.17383E+00,2.21680E+00
-4.4703120E-01,3.13477E+00,2.23633E+00
-4.4701272E-01,3.15430E+00,2.23633E+00
-4.4699424E-01,3.17383E+00,2.23633E+00
-4.4697576E-01,3.15430E+00,2.25586E+00
-4.4695728E-01,3.15430E+00,2.21680E+00
-4.4693880E-01,3.09570E+00,2.29492E+00
-4.4692032E-01,3.07617E+00,2.27539E+00
-4.4690184E-01,3.13477E+00,2.21680E+00
-4.4688336E-01,3.09570E+00,2.21680E+00
-4.4686488E-01,3.15430E+00,2.23633E+00
-4.4684640E-01,3.09570E+00,2.25586E+00
-4.4682792E-01,3.13477E+00,2.29492E+00
-4.4680944E-01,3.13477E+00,2.21680E+00
-4.4679096E-01,3.09570E+00,2.19727E+00
-4.4677248E-01,3.15430E+00,2.25586E+00
-4.4675400E-01,3.11523E+00,2.25586E+00
-4.4673552E-01,3.17383E+00,2.23633E+00
-4.4671704E-01,3.17383E+00,2.29492E+00
-4.4669856E-01,3.11523E+00,2.23633E+00
-4.4668008E-01,3.09570E+00,2.21680E+00
-4.4666160E-01,3.17383E+00,2.25586E+00
-4.4664312E-01,3.09570E+00,2.21680E+00
-4.4662464E-01,3.15430E+00,2.25586E+00
-4.4660616E-01,3.09570E+00,2.23633E+00
-4.4658768E-01,3.09570E+00,2.21680E+00
-4.4656920E-01,3.15430E+00,2.23633E+00
-4.4655072E-01,3.15430E+00,2.29492E+00
-4.4653224E-01,3.15430E+00,2.23633E+00
-4.4651376E-01,3.15430E+00,2.27539E+00
-4.4649528E-01,3.11523E+00,2.23633E+00
-4.4647680E-01,3.07617E+00,2.29492E+00
-4.4645832E-01,3.15430E+00,2.21680E+00
-4.4643984E-01,3.13477E+00,2.27539E+00
-4.4642136E-01,3.17383E+00,2.19727E+00
-4.4640288E-01,3.15430E+00,2.31445E+00
-4.4638440E-01,3.15430E+00,2.29492E+00
-4.4636592E-01,3.15430E+00,2.21680E+00
-4.4634744E-01,3.15430E+00,2.27539E+00
-4.4632896E-01,3.19336E+00,2.29492E+00
-4.4631048E-01,3.15430E+00,2.23633E+00
-4.4629200E-01,3.09570E+00,2.23633E+00
-4.4627352E-01,3.11523E+00,2.23633E+00
-4.4625504E-01,3.17383E+00,2.21680E+00
-4.4623656E-01,3.23242E+00,2.21680E+00
-4.4621808E-01,3.13477E+00,2.29492E+00
-4.4619960E-01,3.13477E+00,2.27539E+00
-4.4618112E-01,3.15430E+00,2.23633E+00
-4.4616264E-01,3.19336E+00,2.23633E+00
-4.4614416E-01,3.17383E+00,2.27539E+00
-4.4612568E-01,3.17383E+00,2.21680E+00
-4.4610720E-01,3.19336E+00,2.15820E+00
-4.4608872E-01,3.15430E+00,2.25586E+00
-4.4607024E-01,3.13477E+00,2.21680E+00
-4.4605176E-01,3.15430E+00,2.29492E+00
-4.4603328E-01,3.15430E+00,2.29492E+00
-4.4601480E-01,3.15430E+00,2.29492E+00
-4.4599632E-01,3.19336E+00,2.19727E+00
-4.4597784E-01,3.13477E+00,2.29492E+00
-4.4595936E-01,3.15430E+00,2.23633E+00
-4.4594088E-01,3.11523E+00,2.21680E+00
-4.4592240E-01,3.23242E+00,2.27539E+00
-4.4590392E-01,3.09570E+00,2.21680E+00
-4.4588544E-01,3.13477E+00,2.25586E+00
-4.4586696E-01,3.15430E+00,2.23633E+00
-4.4584848E-01,3.15430E+00,2.25586E+00
-4.4583000E-01,3.15430E+00,2.21680E+00
-4.4581152E-01,3.15430E+00,2.21680E+00
-4.4579304E-01,3.09570E+00,2.23633E+00
-4.4577456E-01,3.17383E+00,2.23633E+00
-4.4575608E-01,3.11523E+00,2.19727E+00
-4.4573760E-01,3.19336E+00,2.25586E+00
-4.4571912E-01,3.15430E+00,2.29492E+00
-4.4570064E-01,3.19336E+00,2.27539E+00
-4.4568216E-01,3.09570E+00,2.23633E+00
-4.4566368E-01,3.13477E+00,2.29492E+00
-4.4564520E-01,3.15430E+00,2.25586E+00
-4.4562672E-01,3.21289E+00,2.25586E+00
-4.4560824E-01,3.15430E+00,2.25586E+00
-4.4558976E-01,3.17383E+00,2.23633E+00
-4.4557128E-01,3.15430E+00,2.25586E+00
-4.4555280E-01,3.11523E+00,2.21680E+00
-4.4553432E-01,3.11523E+00,2.25586E+00
-4.4551584E-01,3.15430E+00,2.21680E+00
-4.4549736E-01,3.15430E+00,2.25586E+00
-4.4547888E-01,3.11523E+00,2.21680E+00
-4.4546040E-01,3.19336E+00,2.23633E+00
-4.4544192E-01,3.07617E+00,2.29492E+00
-4.4542344E-01,3.09570E+00,2.23633E+00
-4.4540496E-01,3.15430E+00,2.23633E+00
-4.4538648E-01,3.19336E+00,2.25586E+00
-4.4536800E-01,3.07617E+00,2.23633E+00
-4.4534952E-01,3.21289E+00,2.19727E+00
-4.4533104E-01,3.13477E+00,2.25586E+00
-4.4531256E-01,3.11523E+00,2.23633E+00
-4.4529408E-01,3.21289E+00,2.23633E+00
-4.4527560E-01,3.15430E+00,2.25586E+00
-4.4525712E-01,3.11523E+00,2.31445E+00
-4.4523864E-01,3.11523E+00,2.23633E+00
-4.4522016E-01,3.17383E+00,2.29492E+00
-4.4520168E-01,3.15430E+00,2.23633E+00
-4.4518320E-01,3.11523E+00,2.29492E+00
-4.4516472E-01,3.15430E+00,2.21680E+00
-4.4514624E-01,3.15430E+00,2.29492E+00
-4.4512776E-01,3.09570E+00,2.23633E+00
-4.4510928E-01,3.13477E+00,2.25586E+00
-4.4509080E-01,3.15430E+00,2.27539E+00
-4.4507232E-01,3.09570E+00,2.27539E+00
-4.4505384E-01,3.15430E+00,2.31445E+00
-4.4503536E-01,3.09570E+00,2.27539E+00
-4.4501688E-01,3.17383E+00,2.23633E+00
-4.4499840E-01,3.17383E+00,2.25586E+00
-4.4497992E-01,3.17383E+00,2.29492E+00
-4.4496144E-01,3.17383E+00,2.33398E+00
-4.4494296E-01,3.17383E+00,2.29492E+00
-4.4492448E-01,3.15430E+00,2.23633E+00
-4.4490600E-01,3.11523E+00,2.27539E+00
-4.4488752E-01,3.19336E+00,2.23633E+00
-4.4486904E-01,3.13477E+00,2.27539E+00
-4.4485056E-01,3.13477E+00,2.21680E+00
-4.4483208E-01,3.15430E+00,2.23633E+00
-4.4481360E-01,3.17383E+00,2.27539E+00
-4.4479512E-01,3.09570E+00,2.27539E+00
-4.4477664E-01,3.15430E+00,2.27539E+00
-4.4475816E-01,3.19336E+00,2.27539E+00
-4.4473968E-01,3.15430E+00,2.23633E+00
-4.4472120E-01,3.11523E+00,2.25586E+00
-4.4470272E-01,3.15430E+00,2.29492E+00
-4.4468424E-01,3.17383E+00,2.23633E+00
-4.4466576E-01,3.15430E+00,2.29492E+00
-4.4464728E-01,3.19336E+00,2.25586E+00
-4.4462880E-01,3.15430E+00,2.29492E+00
-4.4461032E-01,3.19336E+00,2.31445E+00
-4.4459184E-01,3.19336E+00,2.23633E+00
-4.4457336E-01,3.11523E+00,2.29492E+00
-4.4455488E-01,3.11523E+00,2.23633E+00
-4.4453640E-01,3.15430E+00,2.21680E+00
-4.4451792E-01,3.15430E+00,2.29492E+00
-4.4449944E-01,3.15430E+00,2.31445E+00
-4.4448096E-01,3.17383E+00,2.23633E+00
-4.4446248E-01,3.15430E+00,2.25586E+00
-4.4444400E-01,3.17383E+00,2.23633E+00
-4.4442552E-01,3.09570E+00,2.29492E+00
-4.4440704E-01,3.19336E+00,2.23633E+00
-4.4438856E-01,3.09570E+00,2.29492E+00
-4.4437008E-01,3.15430E+00,2.33398E+00
-4.4435160E-01,3.13477E+00,2.29492E+00
-4.4433312E-01,3.19336E+00,2.25586E+00
-4.4431464E-01,3.15430E+00,2.27539E+00
-4.4429616E-01,3.21289E+00,2.29492E+00
-4.4427768E-01,3.13477E+00,2.29492E+00
-4.4425920E-01,3.21289E+00,2.25586E+00
-4.4424072E-01,3.11523E+00,2.23633E+00
-4.4422224E-01,3.13477E+00,2.27539E+00
-4.4420376E-01,3.15430E+00,2.33398E+00
-4.4418528E-01,3.17383E+00,2.25586E+00
-4.4416680E-01,3.15430E+00,2.29492E+00
-4.4414832E-01,3.15430E+00,2.25586E+00
-4.4412984E-01,3.15430E+00,2.25586E+00
-4.4411136E-01,3.17383E+00,2.25586E+00
-4.4409288E-01,3.11523E+00,2.33398E+00
-4.4407440E-01,3.15430E+00,2.29492E+00
-4.4405592E-01,3.17383E+00,2.27539E+00
-4.4403744E-01,3.15430E+00,2.27539E+00
-4.4401896E-01,3.17383E+00,2.25586E+00
-4.4400048E-01,3.13477E+00,2.27539E+00
-4.4398200E-01,3.15430E+00,2.29492E+00
-4.4396352E-01,3.21289E+00,2.21680E+00
-4.4394504E-01,3.15430E+00,2.31445E+00
-4.4392656E-01,3.13477E+00,2.25586E+00
-4.4390808E-01,3.13477E+00,2.27539E+00
-4.4388960E-01,3.17383E+00,2.31445E+00
-4.4387112E-01,3.15430E+00,2.27539E+00
-4.4385264E-01,3.15430E+00,2.29492E+00
-4.4383416E-01,3.15430E+00,2.21680E+00
-4.4381568E-01,3.15430E+00,2.29492E+00
-4.4379720E-01,3.09570E+00,2.25586E+00
-4.4377872E-01,3.21289E+00,2.29492E+00
-4.4376024E-01,3.23242E+00,2.25586E+00
-4.4374176E-01,3.17383E+00,2.27539E+00
-4.4372328E-01,3.21289E+00,2.37305E+00
-4.4370480E-01,3.15430E+00,2.23633E+00
-4.4368632E-01,3.13477E+00,2.27539E+00
-4.4366784E-01,3.19336E+00,2.23633E+00
-4.4364936E-01,3.19336E+00,2.29492E+00
-4.4363088E-01,3.21289E+00,2.29492E+00
-4.4361240E-01,3.13477E+00,2.35352E+00
-4.4359392E-01,3.17383E+00,2.29492E+00
-4.4357544E-01,3.15430E+00,2.23633E+00
-4.4355696E-01,3.25195E+00,2.29492E+00
-4.4353848E-01,3.13477E+00,2.31445E+00
-4.4352000E-01,3.09570E+00,2.27539E+00
-4.4350152E-01,3.17383E+00,2.25586E+00
-4.4348304E-01,3.25195E+00,2.27539E+00
-4.4346456E-01,3.13477E+00,2.27539E+00
-4.4344608E-01,3.25195E+00,2.29492E+00
-4.4342760E-01,3.11523E+00,2.29492E+00
-4.4340912E-01,3.17383E+00,2.31445E+00
-4.4339064E-01,3.13477E+00,2.23633E+00
-4.4337216E-01,3.15430E+00,2.29492E+00
-4.4335368E-01,3.13477E+00,2.29492E+00
-4.4333520E-01,3.15430E+00,2.29492E+00
-4.4331672E-01,3.15430E+00,2.29492E+00
-4.4329824E-01,3.13477E+00,2.29492E+00
-4.4327976E-01,3.15430E+00,2.29492E+00
-4.4326128E-01,3.15430E+00,2.31445E+00
-4.4324280E-01,3.15430E+00,2.31445E+00
-4.4322432E-01,3.11523E+00,2.29492E+00
-4.4320584E-01,3.13477E+00,2.33398E+00
-4.4318736E-01,3.23242E+00,2.29492E+00
-4.4316888E-01,3.17383E+00,2.31445E+00
-4.4315040E-01,3.17383E+00,2.29492E+00
-4.4313192E-01,3.15430E+00,2.29492E+00
-4.4311344E-01,3.19336E+00,2.29492E+00
-4.4309496E-01,3.19336E+00,2.25586E+00
-4.4307648E-01,3.15430E+00,2.25586E+00
-4.4305800E-01,3.19336E+00,2.33398E+00
-4.4303952E-01,3.19336E+00,2.29492E+00
-4.4302104E-01,3.23242E+00,2.31445E+00
-4.4300256E-01,3.25195E+00,2.25586E+00
-4.4298408E-01,3.15430E+00,2.23633E+00
-4.4296560E-01,3.15430E+00,2.31445E+00
-4.4294712E-01,3.15430E+00,2.27539E+00
-4.4292864E-01,3.09570E+00,2.35352E+00
-4.4291016E-01,3.19336E+00,2.23633E+00
-4.4289168E-01,3.19336E+00,2.29492E+00
-4.4287320E-01,3.11523E+00,2.33398E+00
-4.4285472E-01,3.19336E+00,2.27539E+00
-4.4283624E-01,3.17383E+00,2.29492E+00
-4.4281776E-01,3.17383E+00,2.25586E+00
-4.4279928E-01,3.15430E+00,2.31445E+00
-4.4278080E-01,3.19336E+00,2.29492E+00
-4.4276232E-01,3.17383E+00,2.21680E+00
-4.4274384E-01,3.21289E+00,2.29492E+00
-4.4272536E-01,3.13477E+00,2.33398E+00
-4.4270688E-01,3.17383E+00,2.29492E+00
-4.4268840E-01,3.15430E+00,2.27539E+00
-4.4266992E-01,3.21289E+00,2.25586E+00
-4.4265144E-01,3.11523E+00,2.29492E+00
-4.4263296E-01,3.15430E+00,2.25586E+00
-4.4261448E-01,3.13477E+00,2.27539E+00
-4.4259600E-01,3.17383E+00,2.29492E+00
-4.4257752E-01,3.09570E+00,2.23633E+00
-4.4255904E-01,3.19336E+00,2.33398E+00
-4.4254056E-01,3.09570E+00,2.37305E+00
-4.4252208E-01,3.15430E+00,2.31445E+00
-4.4250360E-01,3.15430E+00,2.31445E+00
-4.4248512E-01,3.17383E+00,2.29492E+00
-4.4246664E-01,3.17383E+00,2.29492E+00
-4.4244816E-01,3.27148E+00,2.29492E+00
-4.4242968E-01,3.13477E+00,2.27539E+00
-4.4241120E-01,3.17383E+00,2.31445E+00
-4.4239272E-01,3.11523E+00,2.27539E+00
-4.4237424E-01,3.15430E+00,2.25586E+00
-4.4235576E-01,3.09570E+00,2.31445E+00
-4.4233728E-01,3.21289E+00,2.27539E+00
-4.4231880E-01,3.15430E+00,2.31445E+00
-4.4230032E-01,3.17383E+00,2.29492E+00
-4.4228184E-01,3.15430E+00,2.33398E+00
-4.4226336E-01,3.15430E+00,2.29492E+00
-4.4224488E-01,3.15430E+00,2.35352E+00
-4.4222640E-01,3.15430E+00,2.25586E+00
-4.4220792E-01,3.15430E+00,2.33398E+00
-4.4218944E-01,3.21289E+00,2.33398E+00
-4.4217096E-01,3.17383E+00,2.27539E+00
-4.4215248E-01,3.21289E+00,2.25586E+00
-4.4213400E-01,3.15430E+00,2.25586E+00
-4.4211552E-01,3.13477E+00,2.29492E+00
-4.4209704E-01,3.09570E+00,2.29492E+00
-4.4207856E-01,3.17383E+00,2.23633E+00
-4.4206008E-01,3.17383E+00,2.33398E+00
-4.4204160E-01,3.13477E+00,2.27539E+00
-4.4202312E-01,3.09570E+00,2.35352E+00
-4.4200464E-01,3.29102E+00,2.33398E+00
-4.4198616E-01,3.09570E+00,2.31445E+00
-4.4196768E-01,3.15430E+00,2.33398E+00
-4.4194920E-01,3.21289E+00,2.25586E+00
-4.4193072E-01,3.19336E+00,2.29492E+00
-4.4191224E-01,3.13477E+00,2.31445E+00
-4.4189376E-01,3.21289E+00,2.29492E+00
-4.4187528E-01,3.05664E+00,2.29492E+00
-4.4185680E-01,3.19336E+00,2.29492E+00
-4.4183832E-01,3.17383E+00,2.29492E+00
-4.4181984E-01,3.13477E+00,2.35352E+00
-4.4180136E-01,3.19336E+00,2.29492E+00
-4.4178288E-01,3.17383E+00,2.29492E+00
-4.4176440E-01,3.15430E+00,2.35352E+00
-4.4174592E-01,3.21289E+00,2.33398E+00
-4.4172744E-01,3.15430E+00,2.25586E+00
-4.4170896E-01,3.19336E+00,2.29492E+00
-4.4169048E-01,3.15430E+00,2.29492E+00
-4.4167200E-01,3.09570E+00,2.29492E+00
-4.4165352E-01,3.21289E+00,2.31445E+00
-4.4163504E-01,3.19336E+00,2.29492E+00
-4.4161656E-01,3.11523E+00,2.29492E+00
-4.4159808E-01,3.19336E+00,2.33398E+00
-4.4157960E-01,3.19336E+00,2.29492E+00
-4.4156112E-01,3.17383E+00,2.21680E+00
-4.4154264E-01,3.15430E+00,2.33398E+00
-4.4152416E-01,3.17383E+00,2.33398E+00
-4.4150568E-01,3.15430E+00,2.33398E+00
-4.4148720E-01,3.15430E+00,2.35352E+00
-4.4146872E-01,3.13477E+00,2.31445E+00
-4.4145024E-01,3.17383E+00,2.31445E+00
-4.4143176E-01,3.15430E+00,2.33398E+00
-4.4141328E-01,3.23242E+00,2.37305E+00
-4.4139480E-01,3.17383E+00,2.27539E+00
-4.4137632E-01,3.21289E+00,2.27539E+00
-4.4135784E-01,3.21289E+00,2.33398E+00
-4.4133936E-01,3.15430E+00,2.41211E+00
-4.4132088E-01,3.15430E+00,2.35352E+00
-4.4130240E-01,3.15430E+00,2.29492E+00
-4.4128392E-01,3.25195E+00,2.35352E+00
-4.4126544E-01,3.17383E+00,2.29492E+00
-4.4124696E-01,3.15430E+00,2.31445E+00
-4.4122848E-01,3.21289E+00,2.35352E+00
-4.4121000E-01,3.21289E+00,2.29492E+00
-4.4119152E-01,3.21289E+00,2.25586E+00
-4.4117304E-01,3.17383E+00,2.31445E+00
-4.4115456E-01,3.19336E+00,2.35352E+00
-4.4113608E-01,3.21289E+00,2.31445E+00
-4.4111760E-01,3.09570E+00,2.35352E+00
-4.4109912E-01,3.15430E+00,2.25586E+00
-4.4108064E-01,3.09570E+00,2.29492E+00
-4.4106216E-01,3.13477E+00,2.33398E+00
-4.4104368E-01,3.15430E+00,2.29492E+00
-4.4102520E-01,3.15430E+00,2.33398E+00
-4.4100672E-01,3.27148E+00,2.33398E+00
-4.4098824E-01,3.11523E+00,2.31445E+00
-4.4096976E-01,3.17383E+00,2.35352E+00
-4.4095128E-01,3.17383E+00,2.33398E+00
-4.4093280E-01,3.19336E+00,2.31445E+00
-4.4091432E-01,3.15430E+00,2.29492E+00
-4.4089584E-01,3.17383E+00,2.29492E+00
-4.4087736E-01,3.27148E+00,2.35352E+00
-4.4085888E-01,3.13477E+00,2.37305E+00
-4.4084040E-01,3.15430E+00,2.35352E+00
-4.4082192E-01,3.21289E+00,2.29492E+00
-4.4080344E-01,3.15430E+00,2.31445E+00
-4.4078496E-01,3.21289E+00,2.29492E+00
-4.4076648E-01,3.21289E+00,2.35352E+00
-4.4074800E-01,3.15430E+00,2.31445E+00
-4.4072952E-01,3.15430E+00,2.33398E+00
-4.4071104E-01,3.17383E+00,2.35352E+00
-4.4069256E-01,3.19336E+00,2.35352E+00
-4.4067408E-01,3.13477E+00,2.29492E+00
-4.4065560E-01,3.17383E+00,2.31445E+00
-4.4063712E-01,3.21289E+00,2.27539E+00
-4.4061864E-01,3.19336E+00,2.35352E+00
-4.4060016E-01,3.17383E+00,2.29492E+00
-4.4058168E-01,3.19336E+00,2.29492E+00
-4.4056320E-01,3.15430E+00,2.37305E+00
-4.4054472E-01,3.19336E+00,2.29492E+00
-4.4052624E-01,3.21289E+00,2.33398E+00
-4.4050776E-01,3.15430E+00,2.35352E+00
-4.4048928E-01,3.21289E+00,2.29492E+00
-4.4047080E-01,3.11523E+00,2.33398E+00
-4.4045232E-01,3.19336E+00,2.25586E+00
-4.4043384E-01,3.19336E+00,2.33398E+00
-4.4041536E-01,3.19336E+00,2.35352E+00
-4.4039688E-01,3.15430E+00,2.31445E+00
-4.4037840E-01,3.17383E+00,2.29492E+00
-4.4035992E-01,3.17383E+00,2.35352E+00
-4.4034144E-01,3.23242E+00,2.33398E+00
-4.4032296E-01,3.13477E+00,2.33398E+00
-4.4030448E-01,3.21289E+00,2.35352E+00
-4.4028600E-01,3.17383E+00,2.35352E+00
-4.4026752E-01,3.23242E+00,2.31445E+00
-4.4024904E-01,3.19336E+00,2.29492E+00
-4.4023056E-01,3.25195E+00,2.33398E+00
-4.4021208E-01,3.15430E+00,2.33398E+00
-4.4019360E-01,3.21289E+00,2.31445E+00
-4.4017512E-01,3.11523E+00,2.29492E+00
-4.4015664E-01,3.17383E+00,2.31445E+00
-4.4013816E-01,3.21289E+00,2.23633E+00
-4.4011968E-01,3.21289E+00,2.31445E+00
-4.4010120E-01,3.15430E+00,2.39258E+00
-4.4008272E-01,3.21289E+00,2.37305E+00
-4.4006424E-01,3.21289E+00,2.35352E+00
-4.4004576E-01,3.15430E+00,2.37305E+00
-4.4002728E-01,3.15430E+00,2.35352E+00
-4.4000880E-01,3.21289E+00,2.33398E+00
-4.3999032E-01,3.09570E+00,2.37305E+00
-4.3997184E-01,3.21289E+00,2.29492E+00
-4.3995336E-01,3.15430E+00,2.29492E+00
-4.3993488E-01,3.15430E+00,2.29492E+00
-4.3991640E-01,3.21289E+00,2.39258E+00
-4.3989792E-01,3.17383E+00,2.37305E+00
-4.3987944E-01,3.15430E+00,2.33398E+00
-4.3986096E-01,3.23242E+00,2.33398E+00
-4.3984248E-01,3.21289E+00,2.31445E+00
-4.3982400E-01,3.15430E+00,2.41211E+00
-4.3980552E-01,3.23242E+00,2.33398E+00
-4.3978704E-01,3.19336E+00,2.37305E+00
-4.3976856E-01,3.15430E+00,2.35352E+00
-4.3975008E-01,3.19336E+00,2.29492E+00
-4.3973160E-01,3.17383E+00,2.31445E+00
-4.3971312E-01,3.23242E+00,2.33398E+00
-4.3969464E-01,3.17383E+00,2.33398E+00
-4.3967616E-01,3.19336E+00,2.29492E+00
-4.3965768E-01,3.19336E+00,2.31445E+00
-4.3963920E-01,3.17383E+00,2.35352E+00
-4.3962072E-01,3.21289E+00,2.31445E+00
-4.3960224E-01,3.23242E+00,2.31445E+00
-4.3958376E-01,3.15430E+00,2.39258E+00
-4.3956528E-01,3.17383E+00,2.31445E+00
-4.3954680E-01,3.19336E+00,2.37305E+00
-4.3952832E-01,3.27148E+00,2.31445E+00
-4.3950984E-01,3.21289E+00,2.31445E+00
-4.3949136E-01,3.13477E+00,2.31445E+00
-4.3947288E-01,3.27148E+00,2.31445E+00
-4.3945440E-01,3.17383E+00,2.31445E+00
-4.3943592E-01,3.15430E+00,2.31445E+00
-4.3941744E-01,3.19336E+00,2.29492E+00
-4.3939896E-01,3.13477E+00,2.29492E+00
-4.3938048E-01,3.19336E+00,2.37305E+00
-4.3936200E-01,3.19336E+00,2.35352E+00
-4.3934352E-01,3.17383E+00,2.31445E+00
-4.3932504E-01,3.21289E+00,2.35352E+00
-4.3930656E-01,3.15430E+00,2.37305E+00
-4.3928808E-01,3.19336E+00,2.33398E+00
-4.3926960E-01,3.15430E+00,2.35352E+00
-4.3925112E-01,3.21289E+00,2.37305E+00
-4.3923264E-01,3.17383E+00,2.35352E+00
-4.3921416E-01,3.13477E+00,2.33398E+00
-4.3919568E-01,3.13477E+00,2.33398E+00
-4.3917720E-01,3.19336E+00,2.35352E+00
-4.3915872E-01,3.17383E+00,2.31445E+00
-4.3914024E-01,3.15430E+00,2.29492E+00
-4.3912176E-01,3.17383E+00,2.29492E+00
-4.3910328E-01,3.15430E+00,2.33398E+00
-4.3908480E-01,3.19336E+00,2.33398E+00
-4.3906632E-01,3.13477E+00,2.33398E+00
-4.3904784E-01,3.11523E+00,2.41211E+00
-4.3902936E-01,3.19336E+00,2.29492E+00
-4.3901088E-01,3.19336E+00,2.35352E+00
-4.3899240E-01,3.15430E+00,2.35352E+00
-4.3897392E-01,3.23242E+00,2.33398E+00
-4.3895544E-01,3.19336E+00,2.31445E+00
-4.3893696E-01,3.17383E+00,2.33398E+00
-4.3891848E-01,3.15430E+00,2.35352E+00
-4.3890000E-01,3.21289E+00,2.39258E+00
-4.3888152E-01,3.15430E+00,2.23633E+00
-4.3886304E-01,3.11523E+00,2.35352E+00
-4.3884456E-01,3.23242E+00,2.39258E+00
-4.3882608E-01,3.15430E+00,2.35352E+00
-4.3880760E-01,3.15430E+00,2.31445E+00
-4.3878912E-01,3.19336E+00,2.31445E+00
-4.3877064E-01,3.25195E+00,2.33398E+00
-4.3875216E-01,3.13477E+00,2.35352E+00
-4.3873368E-01,3.21289E+00,2.37305E+00
-4.3871520E-01,3.17383E+00,2.29492E+00
-4.3869672E-01,3.11523E+00,2.35352E+00
-4.3867824E-01,3.17383E+00,2.35352E+00
-4.3865976E-01,3.17383E+00,2.35352E+00
-4.3864128E-01,3.19336E+00,2.37305E+00
-4.3862280E-01,3.19336E+00,2.33398E+00
-4.3860432E-01,3.19336E+00,2.33398E+00
-4.3858584E-01,3.15430E+00,2.37305E+00
-4.3856736E-01,3.17383E+00,2.39258E+00
-4.3854888E-01,3.19336E+00,2.35352E+00
-4.3853040E-01,3.17383E+00,2.35352E+00
-4.3851192E-01,3.21289E+00,2.35352E+00
-4.3849344E-01,3.15430E+00,2.31445E+00
-4.3847496E-01,3.19336E+00,2.33398E+00
-4.3845648E-01,3.19336E+00,2.33398E+00
-4.3843800E-01,3.21289E+00,2.33398E+00
-4.3841952E-01,3.21289E+00,2.29492E+00
-4.3840104E-01,3.19336E+00,2.41211E+00
-4.3838256E-01,3.21289E+00,2.33398E+00
-4.3836408E-01,3.17383E+00,2.37305E+00
-4.3834560E-01,3.15430E+00,2.43164E+00
-4.3832712E-01,3.19336E+00,2.33398E+00
-4.3830864E-01,3.19336E+00,2.33398E+00
-4.3829016E-01,3.13477E+00,2.37305E+00
-4.3827168E-01,3.25195E+00,2.33398E+00
-4.3825320E-01,3.15430E+00,2.29492E+00
-4.3823472E-01,3.17383E+00,2.39258E+00
-4.3821624E-01,3.15430E+00,2.41211E+00
-4.3819776E-01,3.13477E+00,2.35352E+00
-4.3817928E-01,3.15430E+00,2.31445E+00
-4.3816080E-01,3.15430E+00,2.35352E+00
-4.3814232E-01,3.17383E+00,2.39258E+00
-4.3812384E-01,3.21289E+00,2.33398E+00
-4.3810536E-01,3.09570E+00,2.33398E+00
-4.3808688E-01,3.21289E+00,2.37305E+00
-4.3806840E-01,3.21289E+00,2.39258E+00
-4.3804992E-01,3.15430E+00,2.29492E+00
-4.3803144E-01,3.17383E+00,2.29492E+00
-4.3801296E-01,3.19336E+00,2.35352E+00
-4.3799448E-01,3.19336E+00,2.39258E+00
-4.3797600E-01,3.19336E+00,2.29492E+00
-4.3795752E-01,3.17383E+00,2.35352E+00
-4.3793904E-01,3.17383E+00,2.41211E+00
-4.3792056E-01,3.15430E+00,2.41211E+00
-4.3790208E-01,3.19336E+00,2.39258E+00
-4.3788360E-01,3.19336E+00,2.33398E+00
-4.3786512E-01,3.17383E+00,2.33398E+00
-4.3784664E-01,3.19336E+00,2.39258E+00
-4.3782816E-01,3.21289E+00,2.35352E+00
-4.3780968E-01,3.17383E+00,2.29492E+00
-4.3779120E-01,3.19336E+00,2.37305E+00
-4.3777272E-01,3.15430E+00,2.31445E+00
-4.3775424E-01,3.23242E+00,2.39258E+00
-4.3773576E-01,3.19336E+00,2.31445E+00
-4.3771728E-01,3.23242E+00,2.35352E+00
-4.3769880E-01,3.19336E+00,2.31445E+00
-4.3768032E-01,3.19336E+00,2.45117E+00
-4.3766184E-01,3.17383E+00,2.31445E+00
-4.3764336E-01,3.17383E+00,2.43164E+00
-4.3762488E-01,3.23242E+00,2.41211E+00
-4.3760640E-01,3.23242E+00,2.39258E+00
-4.3758792E-01,3.15430E+00,2.41211E+00
-4.3756944E-01,3.17383E+00,2.33398E+00
-4.3755096E-01,3.23242E+00,2.31445E+00
-4.3753248E-01,3.23242E+00,2.29492E+00
-4.3751400E-01,3.23242E+00,2.37305E+00
-4.3749552E-01,3.17383E+00,2.33398E+00
-4.3747704E-01,3.19336E+00,2.37305E+00
-4.3745856E-01,3.21289E+00,2.33398E+00
-4.3744008E-01,3.27148E+00,2.37305E+00
-4.3742160E-01,3.21289E+00,2.33398E+00
-4.3740312E-01,3.17383E+00,2.39258E+00
-4.3738464E-01,3.17383E+00,2.37305E+00
-4.3736616E-01,3.15430E+00,2.39258E+00
-4.3734768E-01,3.19336E+00,2.37305E+00
-4.3732920E-01,3.21289E+00,2.37305E+00
-4.3731072E-01,3.25195E+00,2.35352E+00
-4.3729224E-01,3.25195E+00,2.41211E+00
-4.3727376E-01,3.25195E+00,2.41211E+00
-4.3725528E-01,3.25195E+00,2.35352E+00
-4.3723680E-01,3.15430E+00,2.37305E+00
-4.3721832E-01,3.23242E+00,2.35352E+00
-4.3719984E-01,3.17383E+00,2.43164E+00
-4.3718136E-01,3.15430E+00,2.31445E+00
-4.3716288E-01,3.27148E+00,2.29492E+00
-4.3714440E-01,3.25195E+00,2.35352E+00
-4.3712592E-01,3.23242E+00,2.31445E+00
-4.3710744E-01,3.23242E+00,2.37305E+00
-4.3708896E-01,3.21289E+00,2.41211E+00
-4.3707048E-01,3.15430E+00,2.35352E+00
-4.3705200E-01,3.17383E+00,2.35352E+00
-4.3703352E-01,3.17383E+00,2.37305E+00
-4.3701504E-01,3.15430E+00,2.37305E+00
-4.3699656E-01,3.15430E+00,2.37305E+00
-4.3697808E-01,3.23242E+00,2.29492E+00
-4.3695960E-01,3.21289E+00,2.31445E+00
-4.3694112E-01,3.21289E+00,2.41211E+00
-4.3692264E-01,3.21289E+00,2.33398E+00
-4.3690416E-01,3.29102E+00,2.37305E+00
-4.3688568E-01,3.17383E+00,2.33398E+00
-4.3686720E-01,3.23242E+00,2.33398E+00
-4.3684872E-01,3.21289E+00,2.35352E+00
-4.3683024E-01,3.17383E+00,2.41211E+00
-4.3681176E-01,3.21289E+00,2.35352E+00
-4.3679328E-01,3.21289E+00,2.31445E+00
-4.3677480E-01,3.15430E+00,2.39258E+00
-4.3675632E-01,3.19336E+00,2.39258E+00
-4.3673784E-01,3.19336E+00,2.41211E+00
-4.3671936E-01,3.21289E+00,2.35352E+00
-4.3670088E-01,3.19336E+00,2.39258E+00
-4.3668240E-01,3.19336E+00,2.37305E+00
-4.3666392E-01,3.21289E+00,2.35352E+00
-4.3664544E-01,3.19336E+00,2.37305E+00
-4.3662696E-01,3.21289E+00,2.41211E+00
-4.3660848E-01,3.25195E+00,2.35352E+00
-4.3659000E-01,3.15430E+00,2.39258E+00
-4.3657152E-01,3.15430E+00,2.39258E+00
-4.3655304E-01,3.23242E+00,2.41211E+00
-4.3653456E-01,3.25195E+00,2.41211E+00
-4.3651608E-01,3.23242E+00,2.35352E+00
-4.3649760E-01,3.17383E+00,2.37305E+00
-4.3647912E-01,3.19336E+00,2.41211E+00
-4.3646064E-01,3.17383E+00,2.41211E+00
-4.3644216E-01,3.15430E+00,2.41211E+00
-4.3642368E-01,3.21289E+00,2.37305E+00
-4.3640520E-01,3.21289E+00,2.41211E+00
-4.3638672E-01,3.19336E+00,2.37305E+00
-4.3636824E-01,3.23242E+00,2.39258E+00
-4.3634976E-01,3.15430E+00,2.39258E+00
-4.3633128E-01,3.17383E+00,2.43164E+00
-4.3631280E-01,3.19336E+00,2.33398E+00
-4.3629432E-01,3.09570E+00,2.41211E+00
-4.3627584E-01,3.19336E+00,2.33398E+00
-4.3625736E-01,3.17383E+00,2.37305E+00
-4.3623888E-01,3.21289E+00,2.39258E+00
-4.3622040E-01,3.15430E+00,2.37305E+00
-4.3620192E-01,3.19336E+00,2.47070E+00
-4.3618344E-01,3.27148E+00,2.43164E+00
-4.3616496E-01,3.21289E+00,2.35352E+00
-4.3614648E-01,3.21289E+00,2.39258E+00
-4.3612800E-01,3.17383E+00,2.35352E+00
-4.3610952E-01,3.23242E+00,2.35352E+00
-4.3609104E-01,3.21289E+00,2.35352E+00
-4.3607256E-01,3.21289E+00,2.35352E+00
-4.3605408E-01,3.19336E+00,2.41211E+00
-4.3603560E-01,3.21289E+00,2.37305E+00
-4.3601712E-01,3.27148E+00,2.43164E+00
-4.3599864E-01,3.15430E+00,2.39258E+00
-4.3598016E-01,3.13477E+00,2.39258E+00
-4.3596168E-01,3.15430E+00,2.41211E+00
-4.3594320E-01,3.19336E+00,2.41211E+00
-4.3592472E-01,3.15430E+00,2.45117E+00
-4.3590624E-01,3.19336E+00,2.35352E+00
-4.3588776E-01,3.23242E+00,2.41211E+00
-4.3586928E-01,3.23242E+00,2.33398E+00
-4.3585080E-01,3.15430E+00,2.35352E+00
-4.3583232E-01,3.15430E+00,2.37305E+00
-4.3581384E-01,3.19336E+00,2.39258E+00
-4.3579536E-01,3.17383E+00,2.35352E+00
-4.3577688E-01,3.19336E+00,2.35352E+00
-4.3575840E-01,3.17383E+00,2.41211E+00
-4.3573992E-01,3.25195E+00,2.37305E+00
-4.3572144E-01,3.27148E+00,2.41211E+00
-4.3570296E-01,3.19336E+00,2.47070E+00
-4.3568448E-01,3.17383E+00,2.37305E+00
-4.3566600E-01,3.19336E+00,2.35352E+00
-4.3564752E-01,3.23242E+00,2.43164E+00
-4.3562904E-01,3.13477E+00,2.39258E+00
-4.3561056E-01,3.21289E+00,2.37305E+00
-4.3559208E-01,3.23242E+00,2.37305E+00
-4.3557360E-01,3.25195E+00,2.37305E+00
-4.3555512E-01,3.15430E+00,2.35352E+00
-4.3553664E-01,3.19336E+00,2.43164E+00
-4.3551816E-01,3.21289E+00,2.41211E+00
-4.3549968E-01,3.29102E+00,2.49023E+00
-4.3548120E-01,3.11523E+00,2.43164E+00
-4.3546272E-01,3.19336E+00,2.39258E+00
-4.3544424E-01,3.21289E+00,2.43164E+00
-4.3542576E-01,3.21289E+00,2.41211E+00
-4.3540728E-01,3.25195E+00,2.37305E+00
-4.3538880E-01,3.15430E+00,2.39258E+00
-4.3537032E-01,3.19336E+00,2.37305E+00
-4.3535184E-01,3.21289E+00,2.43164E+00
-4.3533336E-01,3.27148E+00,2.37305E+00
-4.3531488E-01,3.21289E+00,2.39258E+00
-4.3529640E-01,3.17383E+00,2.43164E+00
-4.3527792E-01,3.21289E+00,2.39258E+00
-4.3525944E-01,3.21289E+00,2.43164E+00
-4.3524096E-01,3.23242E+00,2.31445E+00
-4.3522248E-01,3.19336E+00,2.41211E+00
-4.3520400E-01,3.17383E+00,2.41211E+00
-4.3518552E-01,3.23242E+00,2.37305E+00
-4.3516704E-01,3.23242E+00,2.35352E+00
-4.3514856E-01,3.17383E+00,2.37305E+00
-4.3513008E-01,3.15430E+00,2.41211E+00
-4.3511160E-01,3.21289E+00,2.39258E+00
-4.3509312E-01,3.23242E+00,2.41211E+00
-4.3507464E-01,3.13477E+00,2.41211E+00
-4.3505616E-01,3.19336E+00,2.39258E+00
-4.3503768E-01,3.11523E+00,2.37305E+00
-4.3501920E-01,3.23242E+00,2.37305E+00
-4.3500072E-01,3.17383E+00,2.41211E+00
-4.3498224E-01,3.17383E+00,2.29492E+00
-4.3496376E-01,3.17383E+00,2.39258E+00
-4.3494528E-01,3.25195E+00,2.39258E+00
-4.3492680E-01,3.19336E+00,2.41211E+00
-4.3490832E-01,3.17383E+00,2.39258E+00
-4.3488984E-01,3.15430E+00,2.35352E+00
-4.3487136E-01,3.21289E+00,2.37305E+00
-4.3485288E-01,3.17383E+00,2.43164E+00
-4.3483440E-01,3.21289E+00,2.39258E+00
-4.3481592E-01,3.17383E+00,2.45117E+00
-4.3479744E-01,3.23242E+00,2.43164E+00
-4.3477896E-01,3.15430E+00,2.35352E+00
-4.3476048E-01,3.19336E+00,2.43164E+00
-4.3474200E-01,3.19336E+00,2.41211E+00
-4.3472352E-01,3.27148E+00,2.37305E+00
-4.3470504E-01,3.17383E+00,2.41211E+00
-4.3468656E-01,3.23242E+00,2.43164E+00
-4.3466808E-01,3.27148E+00,2.37305E+00
-4.3464960E-01,3.17383E+00,2.39258E+00
-4.3463112E-01,3.17383E+00,2.43164E+00
-4.3461264E-01,3.17383E+00,2.41211E+00
-4.3459416E-01,3.11523E+00,2.43164E+00
-4.3457568E-01,3.25195E+00,2.39258E+00
-4.3455720E-01,3.21289E+00,2.45117E+00
-4.3453872E-01,3.19336E+00,2.39258E+00
-4.3452024E-01,3.23242E+00,2.43164E+00
-4.3450176E-01,3.19336E+00,2.43164E+00
-4.3448328E-01,3.17383E+00,2.41211E+00
-4.3446480E-01,3.19336E+00,2.39258E+00
-4.3444632E-01,3.15430E+00,2.41211E+00
-4.3442784E-01,3.17383E+00,2.43164E+00
-4.3440936E-01,3.27148E+00,2.43164E+00
-4.3439088E-01,3.23242E+00,2.39258E+00
-4.3437240E-01,3.21289E+00,2.43164E+00
-4.3435392E-01,3.17383E+00,2.39258E+00
-4.3433544E-01,3.23242E+00,2.41211E+00
-4.3431696E-01,3.17383E+00,2.37305E+00
-4.3429848E-01,3.23242E+00,2.37305E+00
-4.3428000E-01,3.25195E+00,2.45117E+00
-4.3426152E-01,3.25195E+00,2.41211E+00
-4.3424304E-01,3.21289E+00,2.43164E+00
-4.3422456E-01,3.15430E+00,2.39258E+00
-4.3420608E-01,3.19336E+00,2.37305E+00
-4.3418760E-01,3.15430E+00,2.33398E+00
-4.3416912E-01,3.21289E+00,2.43164E+00
-4.3415064E-01,3.21289E+00,2.41211E+00
-4.3413216E-01,3.21289E+00,2.43164E+00
-4.3411368E-01,3.13477E+00,2.39258E+00
-4.3409520E-01,3.15430E+00,2.41211E+00
-4.3407672E-01,3.17383E+00,2.43164E+00
-4.3405824E-01,3.19336E+00,2.37305E+00
-4.3403976E-01,3.19336E+00,2.43164E+00
-4.3402128E-01,3.23242E+00,2.45117E+00
-4.3400280E-01,3.15430E+00,2.43164E+00
-4.3398432E-01,3.21289E+00,2.43164E+00
-4.3396584E-01,3.19336E+00,2.41211E+00
-4.3394736E-01,3.17383E+00,2.43164E+00
-4.3392888E-01,3.21289E+00,2.41211E+00
-4.3391040E-01,3.21289E+00,2.49023E+00
-4.3389192E-01,3.23242E+00,2.43164E+00
-4.3387344E-01,3.19336E+00,2.43164E+00
-4.3385496E-01,3.15430E+00,2.45117E+00
-4.3383648E-01,3.17383E+00,2.43164E+00
-4.3381800E-01,3.25195E+00,2.41211E+00
-4.3379952E-01,3.25195E+00,2.43164E+00
-4.3378104E-01,3.23242E+00,2.43164E+00
-4.3376256E-01,3.19336E+00,2.37305E+00
-4.3374408E-01,3.17383E+00,2.43164E+00
-4.3372560E-01,3.23242E+00,2.45117E+00
-4.3370712E-01,3.15430E+00,2.37305E+00
-4.3368864E-01,3.21289E+00,2.41211E+00
-4.3367016E-01,3.15430E+00,2.41211E+00
-4.3365168E-01,3.27148E+00,2.39258E+00
-4.3363320E-01,3.17383E+00,2.39258E+00
-4.3361472E-01,3.27148E+00,2.39258E+00
-4.3359624E-01,3.23242E+00,2.45117E+00
-4.3357776E-01,3.23242E+00,2.43164E+00
-4.3355928E-01,3.15430E+00,2.43164E+00
-4.3354080E-01,3.13477E+00,2.39258E+00
-4.3352232E-01,3.17383E+00,2.43164E+00
-4.3350384E-01,3.23242E+00,2.37305E+00
-4.3348536E-01,3.25195E+00,2.47070E+00
-4.3346688E-01,3.19336E+00,2.47070E+00
-4.3344840E-01,3.17383E+00,2.47070E+00
-4.3342992E-01,3.19336E+00,2.35352E+00
-4.3341144E-01,3.15430E+00,2.45117E+00
-4.3339296E-01,3.25195E+00,2.45117E+00
-4.3337448E-01,3.21289E+00,2.35352E+00
-4.3335600E-01,3.23242E+00,2.43164E+00
-4.3333752E-01,3.17383E+00,2.39258E+00
-4.3331904E-01,3.17383E+00,2.43164E+00
-4.3330056E-01,3.19336E+00,2.43164E+00
-4.3328208E-01,3.25195E+00,2.45117E+00
-4.3326360E-01,3.11523E+00,2.47070E+00
-4.3324512E-01,3.21289E+00,2.39258E+00
-4.3322664E-01,3.21289E+00,2.41211E+00
-4.3320816E-01,3.17383E+00,2.43164E+00
-4.3318968E-01,3.23242E+00,2.39258E+00
-4.3317120E-01,3.23242E+00,2.37305E+00
-4.3315272E-01,3.15430E+00,2.41211E+00
-4.3313424E-01,3.21289E+00,2.49023E+00
-4.3311576E-01,3.21289E+00,2.47070E+00
-4.3309728E-01,3.21289E+00,2.45117E+00
-4.3307880E-01,3.23242E+00,2.41211E+00
-4.3306032E-01,3.33008E+00,2.45117E+00
-4.3304184E-01,3.13477E+00,2.37305E+00
-4.3302336E-01,3.19336E+00,2.39258E+00
-4.3300488E-01,3.11523E+00,2.43164E+00
-4.3298640E-01,3.21289E+00,2.39258E+00
-4.3296792E-01,3.21289E+00,2.43164E+00
-4.3294944E-01,3.23242E+00,2.49023E+00
-4.3293096E-01,3.21289E+00,2.43164E+00
-4.3291248E-01,3.19336E+00,2.43164E+00
-4.3289400E-01,3.21289E+00,2.39258E+00
-4.3287552E-01,3.15430E+00,2.43164E+00
-4.3285704E-01,3.21289E+00,2.41211E+00
-4.3283856E-01,3.27148E+00,2.43164E+00
-4.3282008E-01,3.19336E+00,2.47070E+00
-4.3280160E-01,3.19336E+00,2.45117E+00
-4.3278312E-01,3.23242E+00,2.47070E+00
-4.3276464E-01,3.19336E+00,2.37305E+00
-4.3274616E-01,3.19336E+00,2.43164E+00
-4.3272768E-01,3.19336E+00,2.43164E+00
-4.3270920E-01,3.23242E+00,2.39258E+00
-4.3269072E-01,3.21289E+00,2.43164E+00
-4.3267224E-01,3.21289E+00,2.43164E+00
-4.3265376E-01,3.23242E+00,2.43164E+00
-4.3263528E-01,3.25195E+00,2.37305E+00
-4.3261680E-01,3.23242E+00,2.41211E+00
-4.3259832E-01,3.17383E+00,2.45117E+00
-4.3257984E-01,3.23242E+00,2.43164E+00
-4.3256136E-01,3.15430E+00,2.43164E+00
-4.3254288E-01,3.17383E+00,2.47070E+00
-4.3252440E-01,3.17383E+00,2.43164E+00
-4.3250592E-01,3.11523E+00,2.43164E+00
-4.3248744E-01,3.19336E+00,2.45117E+00
-4.3246896E-01,3.21289E+00,2.39258E+00
-4.3245048E-01,3.15430E+00,2.43164E+00
-4.3243200E-01,3.21289E+00,2.37305E+00
-4.3241352E-01,3.17383E+00,2.43164E+00
-4.3239504E-01,3.19336E+00,2.41211E+00
-4.3237656E-01,3.23242E+00,2.45117E+00
-4.3235808E-01,3.23242E+00,2.41211E+00
-4.3233960E-01,3.23242E+00,2.49023E+00
-4.3232112E-01,3.19336E+00,2.41211E+00
-4.3230264E-01,3.21289E+00,2.39258E+00
-4.3228416E-01,3.23242E+00,2.43164E+00
-4.3226568E-01,3.23242E+00,2.47070E+00
-4.3224720E-01,3.21289E+00,2.47070E+00
-4.3222872E-01,3.23242E+00,2.41211E+00
-4.3221024E-01,3.17383E+00,2.49023E+00
-4.3219176E-01,3.21289E+00,2.45117E+00
-4.3217328E-01,3.17383E+00,2.47070E+00
-4.3215480E-01,3.19336E+00,2.37305E+00
-4.3213632E-01,3.21289E+00,2.45117E+00
-4.3211784E-01,3.21289E+00,2.49023E+00
-4.3209936E-01,3.21289E+00,2.47070E+00
-4.3208088E-01,3.15430E+00,2.41211E+00
-4.3206240E-01,3.21289E+00,2.49023E+00
-4.3204392E-01,3.21289E+00,2.43164E+00
-4.3202544E-01,3.21289E+00,2.43164E+00
-4.3200696E-01,3.27148E+00,2.43164E+00
-4.3198848E-01,3.27148E+00,2.43164E+00
-4.3197000E-01,3.17383E+00,2.43164E+00
-4.3195152E-01,3.27148E+00,2.43164E+00
-4.3193304E-01,3.23242E+00,2.47070E+00
-4.3191456E-01,3.21289E+00,2.37305E+00
-4.3189608E-01,3.15430E+00,2.47070E+00
-4.3187760E-01,3.17383E+00,2.45117E+00
-4.3185912E-01,3.19336E+00,2.41211E+00
-4.3184064E-01,3.25195E+00,2.45117E+00
-4.3182216E-01,3.17383E+00,2.45117E+00
-4.3180368E-01,3.21289E+00,2.50977E+00
-4.3178520E-01,3.25195E+00,2.39258E+00
-4.3176672E-01,3.21289E+00,2.41211E+00
-4.3174824E-01,3.17383E+00,2.45117E+00
-4.3172976E-01,3.17383E+00,2.43164E+00
-4.3171128E-01,3.21289E+00,2.45117E+00
-4.3169280E-01,3.17383E+00,2.49023E+00
-4.3167432E-01,3.15430E+00,2.49023E+00
-4.3165584E-01,3.17383E+00,2.49023E+00
-4.3163736E-01,3.21289E+00,2.41211E+00
-4.3161888E-01,3.23242E+00,2.43164E+00
-4.3160040E-01,3.21289E+00,2.47070E+00
-4.3158192E-01,3.27148E+00,2.43164E+00
-4.3156344E-01,3.23242E+00,2.39258E+00
-4.3154496E-01,3.21289E+00,2.41211E+00
-4.3152648E-01,3.23242E+00,2.43164E+00
-4.3150800E-01,3.31055E+00,2.45117E+00
-4.3148952E-01,3.21289E+00,2.49023E+00
-4.3147104E-01,3.25195E+00,2.39258E+00
-4.3145256E-01,3.15430E+00,2.45117E+00
-4.3143408E-01,3.23242E+00,2.41211E+00
-4.3141560E-01,3.19336E+00,2.47070E+00
-4.3139712E-01,3.25195E+00,2.45117E+00
-4.3137864E-01,3.17383E+00,2.45117E+00
-4.3136016E-01,3.19336E+00,2.47070E+00
-4.3134168E-01,3.15430E+00,2.49023E+00
-4.3132320E-01,3.23242E+00,2.37305E+00
-4.3130472E-01,3.21289E+00,2.49023E+00
-4.3128624E-01,3.27148E+00,2.45117E+00
-4.3126776E-01,3.15430E+00,2.43164E+00
-4.3124928E-01,3.21289E+00,2.47070E+00
-4.3123080E-01,3.23242E+00,2.47070E+00
-4.3121232E-01,3.25195E+00,2.43164E+00
-4.3119384E-01,3.21289E+00,2.43164E+00
-4.3117536E-01,3.21289E+00,2.43164E+00
-4.3115688E-01,3.13477E+00,2.43164E+00
-4.3113840E-01,3.17383E+00,2.60742E+00
-4.3111992E-01,3.17383E+00,2.49023E+00
-4.3110144E-01,3.29102E+00,2.41211E+00
-4.3108296E-01,3.23242E+00,2.45117E+00
-4.3106448E-01,3.29102E+00,2.45117E+00
-4.3104600E-01,3.27148E+00,2.49023E+00
-4.3102752E-01,3.27148E+00,2.47070E+00
-4.3100904E-01,3.17383E+00,2.45117E+00
-4.3099056E-01,3.19336E+00,2.50977E+00
-4.3097208E-01,3.15430E+00,2.39258E+00
-4.3095360E-01,3.17383E+00,2.43164E+00
-4.3093512E-01,3.15430E+00,2.49023E+00
-4.3091664E-01,3.25195E+00,2.43164E+00
-4.3089816E-01,3.17383E+00,2.45117E+00
-4.3087968E-01,3.27148E+00,2.43164E+00
-4.3086120E-01,3.25195E+00,2.43164E+00
-4.3084272E-01,3.21289E+00,2.49023E+00
-4.3082424E-01,3.15430E+00,2.45117E+00
-4.3080576E-01,3.21289E+00,2.45117E+00
-4.3078728E-01,3.11523E+00,2.41211E+00
-4.3076880E-01,3.17383E+00,2.47070E+00
-4.3075032E-01,3.17383E+00,2.43164E+00
-4.3073184E-01,3.17383E+00,2.43164E+00
-4.3071336E-01,3.15430E+00,2.47070E+00
-4.3069488E-01,3.23242E+00,2.45117E+00
-4.3067640E-01,3.25195E+00,2.45117E+00
-4.3065792E-01,3.21289E+00,2.41211E+00
-4.3063944E-01,3.19336E+00,2.43164E+00
-4.3062096E-01,3.19336E+00,2.45117E+00
-4.3060248E-01,3.25195E+00,2.49023E+00
-4.3058400E-01,3.23242E+00,2.43164E+00
-4.3056552E-01,3.17383E+00,2.54883E+00
-4.3054704E-01,3.29102E+00,2.41211E+00
-4.3052856E-01,3.21289E+00,2.45117E+00
-4.3051008E-01,3.21289E+00,2.47070E+00
-4.3049160E-01,3.23242E+00,2.49023E+00
-4.3047312E-01,3.29102E+00,2.54883E+00
-4.3045464E-01,3.09570E+00,2.47070E+00
-4.3043616E-01,3.21289E+00,2.41211E+00
-4.3041768E-01,3.17383E+00,2.47070E+00
-4.3039920E-01,3.23242E+00,2.41211E+00
-4.3038072E-01,3.15430E+00,2.45117E+00
-4.3036224E-01,3.17383E+00,2.43164E+00
-4.3034376E-01,3.21289E+00,2.49023E+00
-4.3032528E-01,3.21289E+00,2.47070E+00
-4.3030680E-01,3.23242E+00,2.49023E+00
-4.3028832E-01,3.23242E+00,2.49023E+00
-4.3026984E-01,3.23242E+00,2.49023E+00
-4.3025136E-01,3.21289E+00,2.49023E+00
-4.3023288E-01,3.21289E+00,2.47070E+00
-4.3021440E-01,3.27148E+00,2.43164E+00
-4.3019592E-01,3.19336E+00,2.49023E+00
-4.3017744E-01,3.25195E+00,2.49023E+00
-4.3015896E-01,3.15430E+00,2.41211E+00
-4.3014048E-01,3.15430E+00,2.49023E+00
-4.3012200E-01,3.25195E+00,2.49023E+00
-4.3010352E-01,3.17383E+00,2.49023E+00
-4.3008504E-01,3.23242E+00,2.49023E+00
-4.3006656E-01,3.21289E+00,2.47070E+00
-4.3004808E-01,3.15430E+00,2.45117E+00
-4.3002960E-01,3.21289E+00,2.50977E+00
-4.3001112E-01,3.21289E+00,2.47070E+00
-4.2999264E-01,3.19336E+00,2.45117E+00
-4.2997416E-01,3.21289E+00,2.47070E+00
-4.2995568E-01,3.23242E+00,2.50977E+00
-4.2993720E-01,3.25195E+00,2.49023E+00
-4.2991872E-01,3.23242E+00,2.47070E+00
-4.2990024E-01,3.17383E+00,2.47070E+00
-4.2988176E-01,3.27148E+00,2.50977E+00
-4.2986328E-01,3.29102E+00,2.52930E+00
-4.2984480E-01,3.23242E+00,2.47070E+00
-4.2982632E-01,3.17383E+00,2.45117E+00
-4.2980784E-01,3.17383E+00,2.50977E+00
-4.2978936E-01,3.15430E+00,2.49023E+00
-4.2977088E-01,3.27148E+00,2.49023E+00
-4.2975240E-01,3.07617E+00,2.50977E+00
-4.2973392E-01,3.17383E+00,2.43164E+00
-4.2971544E-01,3.21289E+00,2.47070E+00
-4.2969696E-01,3.23242E+00,2.50977E+00
-4.2967848E-01,3.25195E+00,2.50977E+00
-4.2966000E-01,3.23242E+00,2.49023E+00
-4.2964152E-01,3.25195E+00,2.45117E+00
-4.2962304E-01,3.25195E+00,2.50977E+00
-4.2960456E-01,3.15430E+00,2.49023E+00
-4.2958608E-01,3.27148E+00,2.47070E+00
-4.2956760E-01,3.21289E+00,2.49023E+00
-4.2954912E-01,3.15430E+00,2.47070E+00
-4.2953064E-01,3.25195E+00,2.47070E+00
-4.2951216E-01,3.27148E+00,2.47070E+00
-4.2949368E-01,3.23242E+00,2.50977E+00
-4.2947520E-01,3.19336E+00,2.49023E+00
-4.2945672E-01,3.25195E+00,2.47070E+00
-4.2943824E-01,3.25195E+00,2.49023E+00
-4.2941976E-01,3.15430E+00,2.47070E+00
-4.2940128E-01,3.23242E+00,2.47070E+00
-4.2938280E-01,3.17383E+00,2.49023E+00
-4.2936432E-01,3.21289E+00,2.49023E+00
-4.2934584E-01,3.15430E+00,2.47070E+00
-4.2932736E-01,3.21289E+00,2.49023E+00
-4.2930888E-01,3.23242E+00,2.49023E+00
-4.2929040E-01,3.15430E+00,2.49023E+00
-4.2927192E-01,3.23242E+00,2.49023E+00
-4.2925344E-01,3.25195E+00,2.45117E+00
-4.2923496E-01,3.23242E+00,2.49023E+00
-4.2921648E-01,3.23242E+00,2.49023E+00
-4.2919800E-01,3.25195E+00,2.54883E+00
-4.2917952E-01,3.23242E+00,2.49023E+00
-4.2916104E-01,3.21289E+00,2.47070E+00
-4.2914256E-01,3.23242E+00,2.49023E+00
-4.2912408E-01,3.27148E+00,2.49023E+00
-4.2910560E-01,3.21289E+00,2.49023E+00
-4.2908712E-01,3.17383E+00,2.50977E+00
-4.2906864E-01,3.19336E+00,2.49023E+00
-4.2905016E-01,3.23242E+00,2.49023E+00
-4.2903168E-01,3.21289E+00,2.50977E+00
-4.2901320E-01,3.25195E+00,2.49023E+00
-4.2899472E-01,3.21289E+00,2.50977E+00
-4.2897624E-01,3.19336E+00,2.50977E+00
-4.2895776E-01,3.23242E+00,2.47070E+00
-4.2893928E-01,3.15430E+00,2.43164E+00
-4.2892080E-01,3.23242E+00,2.49023E+00
-4.2890232E-01,3.27148E+00,2.50977E+00
-4.2888384E-01,3.31055E+00,2.50977E+00
-4.2886536E-01,3.15430E+00,2.49023E+00
-4.2884688E-01,3.21289E+00,2.47070E+00
-4.2882840E-01,3.19336E+00,2.50977E+00
-4.2880992E-01,3.19336E+00,2.43164E+00
-4.2879144E-01,3.25195E+00,2.52930E+00
-4.2877296E-01,3.25195E+00,2.47070E+00
-4.2875448E-01,3.25195E+00,2.49023E+00
-4.2873600E-01,3.15430E+00,2.49023E+00
-4.2871752E-01,3.23242E+00,2.45117E+00
-4.2869904E-01,3.17383E+00,2.45117E+00
-4.2868056E-01,3.19336E+00,2.45117E+00
-4.2866208E-01,3.23242E+00,2.49023E+00
-4.2864360E-01,3.15430E+00,2.50977E+00
-4.2862512E-01,3.25195E+00,2.50977E+00
-4.2860664E-01,3.25195E+00,2.47070E+00
-4.2858816E-01,3.21289E+00,2.49023E+00
-4.2856968E-01,3.27148E+00,2.52930E+00
-4.2855120E-01,3.23242E+00,2.43164E+00
-4.2853272E-01,3.21289E+00,2.50977E+00
-4.2851424E-01,3.27148E+00,2.47070E+00
-4.2849576E-01,3.21289E+00,2.50977E+00
-4.2847728E-01,3.31055E+00,2.47070E+00
-4.2845880E-01,3.27148E+00,2.43164E+00
-4.2844032E-01,3.23242E+00,2.47070E+00
-4.2842184E-01,3.21289E+00,2.49023E+00
-4.2840336E-01,3.29102E+00,2.49023E+00
-4.2838488E-01,3.15430E+00,2.47070E+00
-4.2836640E-01,3.27148E+00,2.45117E+00
-4.2834792E-01,3.19336E+00,2.50977E+00
-4.2832944E-01,3.21289E+00,2.49023E+00
-4.2831096E-01,3.19336E+00,2.52930E+00
-4.2829248E-01,3.23242E+00,2.50977E+00
-4.2827400E-01,3.15430E+00,2.49023E+00
-4.2825552E-01,3.27148E+00,2.49023E+00
-4.2823704E-01,3.25195E+00,2.49023E+00
-4.2821856E-01,3.23242E+00,2.50977E+00
-4.2820008E-01,3.27148E+00,2.47070E+00
-4.2818160E-01,3.19336E+00,2.45117E+00
-4.2816312E-01,3.21289E+00,2.50977E+00
-4.2814464E-01,3.25195E+00,2.47070E+00
-4.2812616E-01,3.29102E+00,2.43164E+00
-4.2810768E-01,3.21289E+00,2.49023E+00
-4.2808920E-01,3.27148E+00,2.49023E+00
-4.2807072E-01,3.21289E+00,2.54883E+00
-4.2805224E-01,3.27148E+00,2.47070E+00
-4.2803376E-01,3.23242E+00,2.52930E+00
-4.2801528E-01,3.19336E+00,2.50977E+00
-4.2799680E-01,3.29102E+00,2.52930E+00
-4.2797832E-01,3.19336E+00,2.47070E+00
-4.2795984E-01,3.27148E+00,2.49023E+00
-4.2794136E-01,3.19336E+00,2.47070E+00
-4.2792288E-01,3.23242E+00,2.52930E+00
-4.2790440E-01,3.19336E+00,2.54883E+00
-4.2788592E-01,3.29102E+00,2.49023E+00
-4.2786744E-01,3.21289E+00,2.47070E+00
-4.2784896E-01,3.23242E+00,2.47070E+00
-4.2783048E-01,3.23242E+00,2.45117E+00
-4.2781200E-01,3.19336E+00,2.50977E+00
-4.2779352E-01,3.23242E+00,2.50977E+00
-4.2777504E-01,3.25195E+00,2.49023E+00
-4.2775656E-01,3.21289E+00,2.47070E+00
-4.2773808E-01,3.29102E+00,2.49023E+00
-4.2771960E-01,3.19336E+00,2.52930E+00
-4.2770112E-01,3.19336E+00,2.49023E+00
-4.2768264E-01,3.27148E+00,2.45117E+00
-4.2766416E-01,3.23242E+00,2.47070E+00
-4.2764568E-01,3.21289E+00,2.50977E+00
-4.2762720E-01,3.23242E+00,2.49023E+00
-4.2760872E-01,3.19336E+00,2.58789E+00
-4.2759024E-01,3.23242E+00,2.52930E+00
-4.2757176E-01,3.15430E+00,2.47070E+00
-4.2755328E-01,3.19336E+00,2.47070E+00
-4.2753480E-01,3.15430E+00,2.50977E+00
-4.2751632E-01,3.27148E+00,2.52930E+00
-4.2749784E-01,3.21289E+00,2.52930E+00
-4.2747936E-01,3.21289E+00,2.49023E+00
-4.2746088E-01,3.19336E+00,2.50977E+00
-4.2744240E-01,3.23242E+00,2.49023E+00
-4.2742392E-01,3.17383E+00,2.45117E+00
-4.2740544E-01,3.19336E+00,2.45117E+00
-4.2738696E-01,3.21289E+00,2.54883E+00
-4.2736848E-01,3.23242E+00,2.49023E+00
-4.2735000E-01,3.19336E+00,2.49023E+00
-4.2733152E-01,3.21289E+00,2.45117E+00
-4.2731304E-01,3.21289E+00,2.49023E+00
-4.2729456E-01,3.21289E+00,2.47070E+00
-4.2727608E-01,3.23242E+00,2.49023E+00
-4.2725760E-01,3.31055E+00,2.49023E+00
-4.2723912E-01,3.25195E+00,2.56836E+00
-4.2722064E-01,3.31055E+00,2.52930E+00
-4.2720216E-01,3.21289E+00,2.50977E+00
-4.2718368E-01,3.23242E+00,2.54883E+00
-4.2716520E-01,3.21289E+00,2.49023E+00
-4.2714672E-01,3.21289E+00,2.45117E+00
-4.2712824E-01,3.23242E+00,2.56836E+00
-4.2710976E-01,3.21289E+00,2.50977E+00
-4.2709128E-01,3.17383E+00,2.49023E+00
-4.2707280E-01,3.27148E+00,2.50977E+00
-4.2705432E-01,3.25195E+00,2.56836E+00
-4.2703584E-01,3.19336E+00,2.56836E+00
-4.2701736E-01,3.17383E+00,2.50977E+00
-4.2699888E-01,3.23242E+00,2.50977E+00
-4.2698040E-01,3.13477E+00,2.47070E+00
-4.2696192E-01,3.21289E+00,2.50977E+00
-4.2694344E-01,3.27148E+00,2.50977E+00
-4.2692496E-01,3.29102E+00,2.49023E+00
-4.2690648E-01,3.15430E+00,2.50977E+00
-4.2688800E-01,3.23242E+00,2.52930E+00
-4.2686952E-01,3.23242E+00,2.54883E+00
-4.2685104E-01,3.29102E+00,2.50977E+00
-4.2683256E-01,3.27148E+00,2.50977E+00
-4.2681408E-01,3.29102E+00,2.47070E+00
-4.2679560E-01,3.21289E+00,2.56836E+00
-4.2677712E-01,3.33008E+00,2.47070E+00
-4.2675864E-01,3.25195E+00,2.50977E+00
-4.2674016E-01,3.27148E+00,2.56836E+00
-4.2672168E-01,3.21289E+00,2.47070E+00
-4.2670320E-01,3.25195E+00,2.50977E+00
-4.2668472E-01,3.17383E+00,2.52930E+00
-4.2666624E-01,3.15430E+00,2.54883E+00
-4.2664776E-01,3.19336E+00,2.47070E+00
-4.2662928E-01,3.25195E+00,2.52930E+00
-4.2661080E-01,3.23242E+00,2.56836E+00
-4.2659232E-01,3.31055E+00,2.52930E+00
-4.2657384E-01,3.23242E+00,2.50977E+00
-4.2655536E-01,3.25195E+00,2.50977E+00
-4.2653688E-01,3.19336E+00,2.62695E+00
-4.2651840E-01,3.27148E+00,2.54883E+00
-4.2649992E-01,3.27148E+00,2.50977E+00
-4.2648144E-01,3.21289E+00,2.52930E+00
-4.2646296E-01,3.23242E+00,2.54883E+00
-4.2644448E-01,3.21289E+00,2.56836E+00
-4.2642600E-01,3.23242E+00,2.56836E+00
-4.2640752E-01,3.23242E+00,2.47070E+00
-4.2638904E-01,3.23242E+00,2.54883E+00
-4.2637056E-01,3.27148E+00,2.54883E+00
-4.2635208E-01,3.13477E+00,2.47070E+00
-4.2633360E-01,3.27148E+00,2.52930E+00
-4.2631512E-01,3.21289E+00,2.47070E+00
-4.2629664E-01,3.19336E+00,2.54883E+00
-4.2627816E-01,3.23242E+00,2.49023E+00
-4.2625968E-01,3.27148E+00,2.49023E+00
-4.2624120E-01,3.23242E+00,2.45117E+00
-4.2622272E-01,3.23242E+00,2.52930E+00
-4.2620424E-01,3.25195E+00,2.54883E+00
-4.2618576E-01,3.21289E+00,2.52930E+00
-4.2616728E-01,3.21289E+00,2.50977E+00
-4.2614880E-01,3.17383E+00,2.50977E+00
-4.2613032E-01,3.29102E+00,2.49023E+00
-4.2611184E-01,3.21289E+00,2.49023E+00
-4.2609336E-01,3.19336E+00,2.52930E+00
-4.2607488E-01,3.27148E+00,2.50977E+00
-4.2605640E-01,3.21289E+00,2.50977E+00
-4.2603792E-01,3.23242E+00,2.54883E+00
-4.2601944E-01,3.23242E+00,2.50977E+00
-4.2600096E-01,3.23242E+00,2.50977E+00
-4.2598248E-01,3.21289E+00,2.56836E+00
-4.2596400E-01,3.21289E+00,2.50977E+00
-4.2594552E-01,3.23242E+00,2.49023E+00
-4.2592704E-01,3.31055E+00,2.50977E+00
-4.2590856E-01,3.19336E+00,2.54883E+00
-4.2589008E-01,3.23242E+00,2.50977E+00
-4.2587160E-01,3.17383E+00,2.47070E+00
-4.2585312E-01,3.21289E+00,2.52930E+00
-4.2583464E-01,3.19336E+00,2.54883E+00
-4.2581616E-01,3.29102E+00,2.50977E+00
-4.2579768E-01,3.15430E+00,2.50977E+00
-4.2577920E-01,3.21289E+00,2.52930E+00
-4.2576072E-01,3.21289E+00,2.56836E+00
-4.2574224E-01,3.27148E+00,2.50977E+00
-4.2572376E-01,3.19336E+00,2.50977E+00
-4.2570528E-01,3.29102E+00,2.58789E+00
-4.2568680E-01,3.21289E+00,2.56836E+00
-4.2566832E-01,3.25195E+00,2.52930E+00
-4.2564984E-01,3.21289E+00,2.50977E+00
-4.2563136E-01,3.23242E+00,2.47070E+00
-4.2561288E-01,3.23242E+00,2.50977E+00
-4.2559440E-01,3.23242E+00,2.49023E+00
-4.2557592E-01,3.29102E+00,2.50977E+00
-4.2555744E-01,3.25195E+00,2.56836E+00
-4.2553896E-01,3.29102E+00,2.56836E+00
-4.2552048E-01,3.31055E+00,2.50977E+00
-4.2550200E-01,3.27148E+00,2.56836E+00
-4.2548352E-01,3.33008E+00,2.50977E+00
-4.2546504E-01,3.19336E+00,2.49023E+00
-4.2544656E-01,3.27148E+00,2.47070E+00
-4.2542808E-01,3.15430E+00,2.58789E+00
-4.2540960E-01,3.21289E+00,2.50977E+00
-4.2539112E-01,3.29102E+00,2.49023E+00
-4.2537264E-01,3.19336E+00,2.54883E+00
-4.2535416E-01,3.21289E+00,2.54883E+00
-4.2533568E-01,3.29102E+00,2.56836E+00
-4.2531720E-01,3.19336E+00,2.49023E+00
-4.2529872E-01,3.21289E+00,2.50977E+00
-4.2528024E-01,3.25195E+00,2.54883E+00
-4.2526176E-01,3.25195E+00,2.52930E+00
-4.2524328E-01,3.21289E+00,2.50977E+00
-4.2522480E-01,3.21289E+00,2.52930E+00
-4.2520632E-01,3.29102E+00,2.50977E+00
-4.2518784E-01,3.27148E+00,2.56836E+00
-4.2516936E-01,3.21289E+00,2.52930E+00
-4.2515088E-01,3.27148E+00,2.56836E+00
-4.2513240E-01,3.25195E+00,2.47070E+00
-4.2511392E-01,3.19336E+00,2.52930E+00
-4.2509544E-01,3.17383E+00,2.56836E+00
-4.2507696E-01,3.25195E+00,2.54883E+00
-4.2505848E-01,3.23242E+00,2.54883E+00
-4.2504000E-01,3.25195E+00,2.56836E+00
-4.2502152E-01,3.23242E+00,2.52930E+00
-4.2500304E-01,3.23242E+00,2.54883E+00
-4.2498456E-01,3.23242E+00,2.49023E+00
-4.2496608E-01,3.27148E+00,2.54883E+00
-4.2494760E-01,3.27148E+00,2.52930E+00
-4.2492912E-01,3.27148E+00,2.50977E+00
-4.2491064E-01,3.27148E+00,2.56836E+00
-4.2489216E-01,3.23242E+00,2.60742E+00
-4.2487368E-01,3.15430E+00,2.50977E+00
-4.2485520E-01,3.19336E+00,2.47070E+00
-4.2483672E-01,3.27148E+00,2.52930E+00
-4.2481824E-01,3.23242E+00,2.52930E+00
-4.2479976E-01,3.25195E+00,2.56836E+00
-4.2478128E-01,3.21289E+00,2.52930E+00
-4.2476280E-01,3.19336E+00,2.54883E+00
-4.2474432E-01,3.19336E+00,2.54883E+00
-4.2472584E-01,3.27148E+00,2.56836E+00
-4.2470736E-01,3.25195E+00,2.54883E+00
-4.2468888E-01,3.17383E+00,2.56836E+00
-4.2467040E-01,3.19336E+00,2.54883E+00
-4.2465192E-01,3.23242E+00,2.56836E+00
-4.2463344E-01,3.29102E+00,2.52930E+00
-4.2461496E-01,3.23242E+00,2.50977E+00
-4.2459648E-01,3.27148E+00,2.56836E+00
-4.2457800E-01,3.19336E+00,2.49023E+00
-4.2455952E-01,3.25195E+00,2.47070E+00
-4.2454104E-01,3.27148E+00,2.50977E+00
-4.2452256E-01,3.29102E+00,2.50977E+00
-4.2450408E-01,3.19336E+00,2.50977E+00
-4.2448560E-01,3.27148E+00,2.50977E+00
-4.2446712E-01,3.25195E+00,2.54883E+00
-4.2444864E-01,3.27148E+00,2.60742E+00
-4.2443016E-01,3.19336E+00,2.54883E+00
-4.2441168E-01,3.27148E+00,2.54883E+00
-4.2439320E-01,3.29102E+00,2.52930E+00
-4.2437472E-01,3.27148E+00,2.56836E+00
-4.2435624E-01,3.31055E+00,2.56836E+00
-4.2433776E-01,3.21289E+00,2.56836E+00
-4.2431928E-01,3.21289E+00,2.56836E+00
-4.2430080E-01,3.23242E+00,2.50977E+00
-4.2428232E-01,3.25195E+00,2.52930E+00
-4.2426384E-01,3.29102E+00,2.58789E+00
-4.2424536E-01,3.25195E+00,2.56836E+00
-4.2422688E-01,3.23242E+00,2.54883E+00
-4.2420840E-01,3.23242E+00,2.56836E+00
-4.2418992E-01,3.29102E+00,2.54883E+00
-4.2417144E-01,3.31055E+00,2.54883E+00
-4.2415296E-01,3.27148E+00,2.56836E+00
-4.2413448E-01,3.23242E+00,2.49023E+00
-4.2411600E-01,3.25195E+00,2.49023E+00
-4.2409752E-01,3.15430E+00,2.56836E+00
-4.2407904E-01,3.25195E+00,2.50977E+00
-4.2406056E-01,3.23242E+00,2.56836E+00
-4.2404208E-01,3.29102E+00,2.52930E+00
-4.2402360E-01,3.21289E+00,2.50977E+00
-4.2400512E-01,3.21289E+00,2.56836E+00
-4.2398664E-01,3.21289E+00,2.56836E+00
-4.2396816E-01,3.21289E+00,2.56836E+00
-4.2394968E-01,3.21289E+00,2.58789E+00
-4.2393120E-01,3.34961E+00,2.52930E+00
-4.2391272E-01,3.23242E+00,2.54883E+00
-4.2389424E-01,3.21289E+00,2.54883E+00
-4.2387576E-01,3.27148E+00,2.52930E+00
-4.2385728E-01,3.25195E+00,2.60742E+00
-4.2383880E-01,3.25195E+00,2.54883E+00
-4.2382032E-01,3.29102E+00,2.52930E+00
-4.2380184E-01,3.29102E+00,2.56836E+00
-4.2378336E-01,3.25195E+00,2.58789E+00
-4.2376488E-01,3.21289E+00,2.56836E+00
-4.2374640E-01,3.21289E+00,2.54883E+00
-4.2372792E-01,3.23242E+00,2.56836E+00
-4.2370944E-01,3.23242E+00,2.56836E+00
-4.2369096E-01,3.25195E+00,2.62695E+00
-4.2367248E-01,3.27148E+00,2.58789E+00
-4.2365400E-01,3.23242E+00,2.56836E+00
-4.2363552E-01,3.23242E+00,2.54883E+00
-4.2361704E-01,3.23242E+00,2.58789E+00
-4.2359856E-01,3.23242E+00,2.50977E+00
-4.2358008E-01,3.17383E+00,2.56836E+00
-4.2356160E-01,3.29102E+00,2.62695E+00
-4.2354312E-01,3.25195E+00,2.54883E+00
-4.2352464E-01,3.21289E+00,2.52930E+00
-4.2350616E-01,3.27148E+00,2.60742E+00
-4.2348768E-01,3.23242E+00,2.52930E+00
-4.2346920E-01,3.21289E+00,2.50977E+00
-4.2345072E-01,3.21289E+00,2.56836E+00
-4.2343224E-01,3.29102E+00,2.60742E+00
-4.2341376E-01,3.25195E+00,2.58789E+00
-4.2339528E-01,3.27148E+00,2.52930E+00
-4.2337680E-01,3.23242E+00,2.60742E+00
-4.2335832E-01,3.19336E+00,2.58789E+00
-4.2333984E-01,3.21289E+00,2.50977E+00
-4.2332136E-01,3.29102E+00,2.58789E+00
-4.2330288E-01,3.27148E+00,2.50977E+00
-4.2328440E-01,3.23242E+00,2.56836E+00
-4.2326592E-01,3.29102E+00,2.60742E+00
-4.2324744E-01,3.23242E+00,2.62695E+00
-4.2322896E-01,3.27148E+00,2.64648E+00
-4.2321048E-01,3.29102E+00,2.52930E+00
-4.2319200E-01,3.25195E+00,2.52930E+00
-4.2317352E-01,3.21289E+00,2.62695E+00
-4.2315504E-01,3.27148E+00,2.52930E+00
-4.2313656E-01,3.27148E+00,2.62695E+00
-4.2311808E-01,3.23242E+00,2.54883E+00
-4.2309960E-01,3.27148E+00,2.60742E+00
-4.2308112E-01,3.25195E+00,2.60742E+00
-4.2306264E-01,3.23242E+00,2.62695E+00
-4.2304416E-01,3.31055E+00,2.60742E+00
-4.2302568E-01,3.27148E+00,2.60742E+00
-4.2300720E-01,3.23242E+00,2.49023E+00
-4.2298872E-01,3.27148E+00,2.58789E+00
-4.2297024E-01,3.27148E+00,2.56836E+00
-4.2295176E-01,3.23242E+00,2.47070E+00
-4.2293328E-01,3.29102E+00,2.50977E+00
-4.2291480E-01,3.21289E+00,2.62695E+00
-4.2289632E-01,3.23242E+00,2.56836E+00
-4.2287784E-01,3.23242E+00,2.60742E+00
-4.2285936E-01,3.25195E+00,2.56836E+00
-4.2284088E-01,3.29102E+00,2.52930E+00
-4.2282240E-01,3.27148E+00,2.52930E+00
-4.2280392E-01,3.27148E+00,2.62695E+00
-4.2278544E-01,3.25195E+00,2.58789E+00
-4.2276696E-01,3.25195E+00,2.50977E+00
-4.2274848E-01,3.25195E+00,2.54883E+00
-4.2273000E-01,3.23242E+00,2.56836E+00
-4.2271152E-01,3.29102E+00,2.56836E+00
-4.2269304E-01,3.27148E+00,2.56836E+00
-4.2267456E-01,3.25195E+00,2.54883E+00
-4.2265608E-01,3.27148E+00,2.62695E+00
-4.2263760E-01,3.31055E+00,2.56836E+00
-4.2261912E-01,3.27148E+00,2.56836E+00
-4.2260064E-01,3.27148E+00,2.52930E+00
-4.2258216E-01,3.21289E+00,2.58789E+00
-4.2256368E-01,3.23242E+00,2.56836E+00
-4.2254520E-01,3.23242E+00,2.56836E+00
-4.2252672E-01,3.21289E+00,2.52930E+00
-4.2250824E-01,3.29102E+00,2.64648E+00
-4.2248976E-01,3.19336E+00,2.50977E+00
-4.2247128E-01,3.25195E+00,2.56836E+00
-4.2245280E-01,3.21289E+00,2.54883E+00
-4.2243432E-01,3.19336E+00,2.60742E+00
-4.2241584E-01,3.25195E+00,2.52930E+00
-4.2239736E-01,3.25195E+00,2.52930E+00
-4.2237888E-01,3.23242E+00,2.58789E+00
-4.2236040E-01,3.21289E+00,2.56836E+00
-4.2234192E-01,3.19336E+00,2.60742E+00
-4.2232344E-01,3.23242E+00,2.62695E+00
-4.2230496E-01,3.29102E+00,2.60742E+00
-4.2228648E-01,3.25195E+00,2.52930E+00
-4.2226800E-01,3.17383E+00,2.58789E+00
-4.2224952E-01,3.17383E+00,2.62695E+00
-4.2223104E-01,3.23242E+00,2.54883E+00
-4.2221256E-01,3.21289E+00,2.54883E+00
-4.2219408E-01,3.23242E+00,2.62695E+00
-4.2217560E-01,3.27148E+00,2.62695E+00
-4.2215712E-01,3.23242E+00,2.56836E+00
-4.2213864E-01,3.19336E+00,2.56836E+00
-4.2212016E-01,3.29102E+00,2.50977E+00
-4.2210168E-01,3.23242E+00,2.64648E+00
-4.2208320E-01,3.29102E+00,2.56836E+00
-4.2206472E-01,3.21289E+00,2.60742E+00
-4.2204624E-01,3.25195E+00,2.56836E+00
-4.2202776E-01,3.25195E+00,2.54883E+00
-4.2200928E-01,3.27148E+00,2.56836E+00
-4.2199080E-01,3.27148E+00,2.58789E+00
-4.2197232E-01,3.29102E+00,2.64648E+00
-4.2195384E-01,3.25195E+00,2.60742E+00
-4.2193536E-01,3.25195E+00,2.58789E+00
-4.2191688E-01,3.21289E+00,2.54883E+00
-4.2189840E-01,3.25195E+00,2.58789E+00
-4.2187992E-01,3.27148E+00,2.56836E+00
-4.2186144E-01,3.23242E+00,2.60742E+00
-4.2184296E-01,3.23242E+00,2.62695E+00
-4.2182448E-01,3.21289E+00,2.54883E+00
-4.2180600E-01,3.29102E+00,2.58789E+00
-4.2178752E-01,3.29102E+00,2.56836E+00
-4.2176904E-01,3.19336E+00,2.58789E+00
-4.2175056E-01,3.25195E+00,2.62695E+00
-4.2173208E-01,3.27148E+00,2.58789E+00
-4.2171360E-01,3.33008E+00,2.56836E+00
-4.2169512E-01,3.21289E+00,2.58789E+00
-4.2167664E-01,3.31055E+00,2.56836E+00
-4.2165816E-01,3.25195E+00,2.58789E+00
-4.2163968E-01,3.25195E+00,2.62695E+00
-4.2162120E-01,3.27148E+00,2.58789E+00
-4.2160272E-01,3.23242E+00,2.58789E+00
-4.2158424E-01,3.29102E+00,2.60742E+00
-4.2156576E-01,3.29102E+00,2.58789E+00
-4.2154728E-01,3.25195E+00,2.60742E+00
-4.2152880E-01,3.29102E+00,2.58789E+00
-4.2151032E-01,3.29102E+00,2.54883E+00
-4.2149184E-01,3.23242E+00,2.64648E+00
-4.2147336E-01,3.23242E+00,2.56836E+00
-4.2145488E-01,3.27148E+00,2.50977E+00
-4.2143640E-01,3.27148E+00,2.60742E+00
-4.2141792E-01,3.27148E+00,2.54883E+00
-4.2139944E-01,3.19336E+00,2.58789E+00
-4.2138096E-01,3.31055E+00,2.56836E+00
-4.2136248E-01,3.27148E+00,2.60742E+00
-4.2134400E-01,3.29102E+00,2.62695E+00
-4.2132552E-01,3.23242E+00,2.56836E+00
-4.2130704E-01,3.21289E+00,2.60742E+00
-4.2128856E-01,3.25195E+00,2.56836E+00
-4.2127008E-01,3.23242E+00,2.60742E+00
-4.2125160E-01,3.25195E+00,2.56836E+00
-4.2123312E-01,3.19336E+00,2.64648E+00
-4.2121464E-01,3.23242E+00,2.58789E+00
-4.2119616E-01,3.29102E+00,2.66602E+00
-4.2117768E-01,3.23242E+00,2.64648E+00
-4.2115920E-01,3.31055E+00,2.56836E+00
-4.2114072E-01,3.23242E+00,2.54883E+00
-4.2112224E-01,3.29102E+00,2.60742E+00
-4.2110376E-01,3.23242E+00,2.58789E+00
-4.2108528E-01,3.27148E+00,2.52930E+00
-4.2106680E-01,3.29102E+00,2.58789E+00
-4.2104832E-01,3.25195E+00,2.62695E+00
-4.2102984E-01,3.21289E+00,2.58789E+00
-4.2101136E-01,3.21289E+00,2.56836E+00
-4.2099288E-01,3.25195E+00,2.58789E+00
-4.2097440E-01,3.19336E+00,2.56836E+00
-4.2095592E-01,3.19336E+00,2.52930E+00
-4.2093744E-01,3.27148E+00,2.60742E+00
-4.2091896E-01,3.23242E+00,2.60742E+00
-4.2090048E-01,3.29102E+00,2.58789E+00
-4.2088200E-01,3.29102E+00,2.60742E+00
-4.2086352E-01,3.31055E+00,2.62695E+00
-4.2084504E-01,3.27148E+00,2.62695E+00
-4.2082656E-01,3.23242E+00,2.62695E+00
-4.2080808E-01,3.27148E+00,2.62695E+00
-4.2078960E-01,3.25195E+00,2.68555E+00
-4.2077112E-01,3.21289E+00,2.60742E+00
-4.2075264E-01,3.31055E+00,2.54883E+00
-4.2073416E-01,3.25195E+00,2.58789E+00
-4.2071568E-01,3.25195E+00,2.60742E+00
-4.2069720E-01,3.23242E+00,2.60742E+00
-4.2067872E-01,3.27148E+00,2.58789E+00
-4.2066024E-01,3.29102E+00,2.56836E+00
-4.2064176E-01,3.23242E+00,2.62695E+00
-4.2062328E-01,3.27148E+00,2.64648E+00
-4.2060480E-01,3.21289E+00,2.62695E+00
-4.2058632E-01,3.27148E+00,2.62695E+00
-4.2056784E-01,3.27148E+00,2.64648E+00
-4.2054936E-01,3.27148E+00,2.60742E+00
-4.2053088E-01,3.38867E+00,2.58789E+00
-4.2051240E-01,3.21289E+00,2.58789E+00
-4.2049392E-01,3.33008E+00,2.56836E+00
-4.2047544E-01,3.27148E+00,2.60742E+00
-4.2045696E-01,3.21289E+00,2.58789E+00
-4.2043848E-01,3.23242E+00,2.58789E+00
-4.2042000E-01,3.23242E+00,2.62695E+00
-4.2040152E-01,3.17383E+00,2.60742E+00
-4.2038304E-01,3.21289E+00,2.62695E+00
-4.2036456E-01,3.29102E+00,2.64648E+00
-4.2034608E-01,3.25195E+00,2.52930E+00
-4.2032760E-01,3.21289E+00,2.64648E+00
-4.2030912E-01,3.27148E+00,2.64648E+00
-4.2029064E-01,3.27148E+00,2.54883E+00
-4.2027216E-01,3.21289E+00,2.62695E+00
-4.2025368E-01,3.25195E+00,2.66602E+00
-4.2023520E-01,3.25195E+00,2.56836E+00
-4.2021672E-01,3.23242E+00,2.68555E+00
-4.2019824E-01,3.23242E+00,2.62695E+00
-4.2017976E-01,3.23242E+00,2.56836E+00
-4.2016128E-01,3.29102E+00,2.56836E+00
-4.2014280E-01,3.19336E+00,2.62695E+00
-4.2012432E-01,3.29102E+00,2.58789E+00
-4.2010584E-01,3.23242E+00,2.60742E+00
-4.2008736E-01,3.33008E+00,2.56836E+00
-4.2006888E-01,3.15430E+00,2.60742E+00
-4.2005040E-01,3.31055E+00,2.60742E+00
-4.2003192E-01,3.23242E+00,2.60742E+00
-4.2001344E-01,3.25195E+00,2.56836E+00
-4.1999496E-01,3.23242E+00,2.62695E+00
-4.1997648E-01,3.31055E+00,2.58789E+00
-4.1995800E-01,3.21289E+00,2.58789E+00
-4.1993952E-01,3.29102E+00,2.58789E+00
-4.1992104E-01,3.23242E+00,2.58789E+00
-4.1990256E-01,3.31055E+00,2.60742E+00
-4.1988408E-01,3.29102E+00,2.62695E+00
-4.1986560E-01,3.29102E+00,2.64648E+00
-4.1984712E-01,3.15430E+00,2.64648E+00
-4.1982864E-01,3.21289E+00,2.60742E+00
-4.1981016E-01,3.27148E+00,2.64648E+00
-4.1979168E-01,3.27148E+00,2.66602E+00
-4.1977320E-01,3.25195E+00,2.62695E+00
-4.1975472E-01,3.31055E+00,2.64648E+00
-4.1973624E-01,3.23242E+00,2.66602E+00
-4.1971776E-01,3.23242E+00,2.54883E+00
-4.1969928E-01,3.27148E+00,2.62695E+00
-4.1968080E-01,3.25195E+00,2.64648E+00
-4.1966232E-01,3.19336E+00,2.62695E+00
-4.1964384E-01,3.19336E+00,2.64648E+00
-4.1962536E-01,3.25195E+00,2.60742E+00
-4.1960688E-01,3.25195E+00,2.60742E+00
-4.1958840E-01,3.17383E+00,2.62695E+00
-4.1956992E-01,3.19336E+00,2.60742E+00
-4.1955144E-01,3.17383E+00,2.64648E+00
-4.1953296E-01,3.23242E+00,2.62695E+00
-4.1951448E-01,3.23242E+00,2.52930E+00
-4.1949600E-01,3.27148E+00,2.72461E+00
-4.1947752E-01,3.25195E+00,2.62695E+00
-4.1945904E-01,3.27148E+00,2.62695E+00
-4.1944056E-01,3.29102E+00,2.66602E+00
-4.1942208E-01,3.31055E+00,2.64648E+00
-4.1940360E-01,3.17383E+00,2.62695E+00
-4.1938512E-01,3.25195E+00,2.62695E+00
-4.1936664E-01,3.21289E+00,2.60742E+00
-4.1934816E-01,3.27148E+00,2.60742E+00
-4.1932968E-01,3.29102E+00,2.64648E+00
-4.1931120E-01,3.15430E+00,2.62695E+00
-4.1929272E-01,3.25195E+00,2.62695E+00
-4.1927424E-01,3.17383E+00,2.60742E+00
-4.1925576E-01,3.21289E+00,2.64648E+00
-4.1923728E-01,3.19336E+00,2.60742E+00
-4.1921880E-01,3.31055E+00,2.64648E+00
-4.1920032E-01,3.29102E+00,2.64648E+00
-4.1918184E-01,3.25195E+00,2.60742E+00
-4.1916336E-01,3.25195E+00,2.62695E+00
-4.1914488E-01,3.21289E+00,2.62695E+00
-4.1912640E-01,3.27148E+00,2.62695E+00
-4.1910792E-01,3.25195E+00,2.60742E+00
-4.1908944E-01,3.21289E+00,2.62695E+00
-4.1907096E-01,3.17383E+00,2.64648E+00
-4.1905248E-01,3.29102E+00,2.64648E+00
-4.1903400E-01,3.23242E+00,2.64648E+00
-4.1901552E-01,3.27148E+00,2.62695E+00
-4.1899704E-01,3.25195E+00,2.60742E+00
-4.1897856E-01,3.23242E+00,2.56836E+00
-4.1896008E-01,3.21289E+00,2.58789E+00
-4.1894160E-01,3.27148E+00,2.64648E+00
-4.1892312E-01,3.25195E+00,2.58789E+00
-4.1890464E-01,3.23242E+00,2.62695E+00
-4.1888616E-01,3.25195E+00,2.60742E+00
-4.1886768E-01,3.27148E+00,2.72461E+00
-4.1884920E-01,3.23242E+00,2.68555E+00
-4.1883072E-01,3.19336E+00,2.62695E+00
-4.1881224E-01,3.27148E+00,2.66602E+00
-4.1879376E-01,3.19336E+00,2.60742E+00
-4.1877528E-01,3.27148E+00,2.62695E+00
-4.1875680E-01,3.29102E+00,2.62695E+00
-4.1873832E-01,3.29102E+00,2.66602E+00
-4.1871984E-01,3.25195E+00,2.66602E+00
-4.1870136E-01,3.15430E+00,2.66602E+00
-4.1868288E-01,3.25195E+00,2.58789E+00
-4.1866440E-01,3.29102E+00,2.64648E+00
-4.1864592E-01,3.27148E+00,2.60742E+00
-4.1862744E-01,3.27148E+00,2.64648E+00
-4.1860896E-01,3.17383E+00,2.66602E+00
-4.1859048E-01,3.29102E+00,2.66602E+00
-4.1857200E-01,3.33008E+00,2.64648E+00
-4.1855352E-01,3.23242E+00,2.62695E+00
-4.1853504E-01,3.19336E+00,2.66602E+00
-4.1851656E-01,3.23242E+00,2.66602E+00
-4.1849808E-01,3.27148E+00,2.64648E+00
-4.1847960E-01,3.29102E+00,2.62695E+00
-4.1846112E-01,3.25195E+00,2.66602E+00
-4.1844264E-01,3.21289E+00,2.66602E+00
-4.1842416E-01,3.29102E+00,2.58789E+00
-4.1840568E-01,3.27148E+00,2.62695E+00
-4.1838720E-01,3.23242E+00,2.56836E+00
-4.1836872E-01,3.25195E+00,2.60742E+00
-4.1835024E-01,3.31055E+00,2.62695E+00
-4.1833176E-01,3.25195E+00,2.70508E+00
-4.1831328E-01,3.21289E+00,2.58789E+00
-4.1829480E-01,3.17383E+00,2.68555E+00
-4.1827632E-01,3.31055E+00,2.68555E+00
-4.1825784E-01,3.33008E+00,2.62695E+00
-4.1823936E-01,3.21289E+00,2.64648E+00
-4.1822088E-01,3.23242E+00,2.60742E+00
-4.1820240E-01,3.23242E+00,2.62695E+00
-4.1818392E-01,3.29102E+00,2.66602E+00
-4.1816544E-01,3.23242E+00,2.68555E+00
-4.1814696E-01,3.25195E+00,2.62695E+00
-4.1812848E-01,3.29102E+00,2.64648E+00
-4.1811000E-01,3.25195E+00,2.58789E+00
-4.1809152E-01,3.23242E+00,2.64648E+00
-4.1807304E-01,3.29102E+00,2.64648E+00
-4.1805456E-01,3.25195E+00,2.64648E+00
-4.1803608E-01,3.27148E+00,2.64648E+00
-4.1801760E-01,3.29102E+00,2.56836E+00
-4.1799912E-01,3.23242E+00,2.68555E+00
-4.1798064E-01,3.31055E+00,2.64648E+00
-4.1796216E-01,3.25195E+00,2.64648E+00
-4.1794368E-01,3.29102E+00,2.56836E+00
-4.1792520E-01,3.23242E+00,2.64648E+00
-4.1790672E-01,3.31055E+00,2.60742E+00
-4.1788824E-01,3.27148E+00,2.60742E+00
-4.1786976E-01,3.31055E+00,2.68555E+00
-4.1785128E-01,3.23242E+00,2.66602E+00
-4.1783280E-01,3.25195E+00,2.64648E+00
-4.1781432E-01,3.29102E+00,2.60742E+00
-4.1779584E-01,3.23242E+00,2.66602E+00
-4.1777736E-01,3.25195E+00,2.66602E+00
-4.1775888E-01,3.29102E+00,2.56836E+00
-4.1774040E-01,3.29102E+00,2.68555E+00
-4.1772192E-01,3.29102E+00,2.64648E+00
-4.1770344E-01,3.25195E+00,2.70508E+00
-4.1768496E-01,3.27148E+00,2.60742E+00
-4.1766648E-01,3.29102E+00,2.66602E+00
-4.1764800E-01,3.23242E+00,2.68555E+00
-4.1762952E-01,3.27148E+00,2.64648E+00
-4.1761104E-01,3.33008E+00,2.64648E+00
-4.1759256E-01,3.27148E+00,2.60742E+00
-4.1757408E-01,3.34961E+00,2.66602E+00
-4.1755560E-01,3.29102E+00,2.68555E+00
-4.1753712E-01,3.27148E+00,2.58789E+00
-4.1751864E-01,3.29102E+00,2.60742E+00
-4.1750016E-01,3.29102E+00,2.66602E+00
-4.1748168E-01,3.25195E+00,2.64648E+00
-4.1746320E-01,3.25195E+00,2.66602E+00
-4.1744472E-01,3.19336E+00,2.68555E+00
-4.1742624E-01,3.31055E+00,2.64648E+00
-4.1740776E-01,3.21289E+00,2.62695E+00
-4.1738928E-01,3.29102E+00,2.62695E+00
-4.1737080E-01,3.23242E+00,2.66602E+00
-4.1735232E-01,3.25195E+00,2.62695E+00
-4.1733384E-01,3.25195E+00,2.68555E+00
-4.1731536E-01,3.27148E+00,2.62695E+00
-4.1729688E-01,3.23242E+00,2.62695E+00
-4.1727840E-01,3.34961E+00,2.68555E+00
-4.1725992E-01,3.31055E+00,2.66602E+00
-4.1724144E-01,3.27148E+00,2.60742E+00
-4.1722296E-01,3.19336E+00,2.66602E+00
-4.1720448E-01,3.31055E+00,2.60742E+00
-4.1718600E-01,3.25195E+00,2.68555E+00
-4.1716752E-01,3.23242E+00,2.66602E+00
-4.1714904E-01,3.25195E+00,2.68555E+00
-4.1713056E-01,3.31055E+00,2.56836E+00
-4.1711208E-01,3.29102E+00,2.64648E+00
-4.1709360E-01,3.25195E+00,2.66602E+00
-4.1707512E-01,3.25195E+00,2.60742E+00
-4.1705664E-01,3.25195E+00,2.64648E+00
-4.1703816E-01,3.27148E+00,2.66602E+00
-4.1701968E-01,3.25195E+00,2.70508E+00
-4.1700120E-01,3.25195E+00,2.66602E+00
-4.1698272E-01,3.29102E+00,2.64648E+00
-4.1696424E-01,3.21289E+00,2.60742E+00
-4.1694576E-01,3.29102E+00,2.64648E+00
-4.1692728E-01,3.25195E+00,2.70508E+00
-4.1690880E-01,3.33008E+00,2.56836E+00
-4.1689032E-01,3.25195E+00,2.68555E+00
-4.1687184E-01,3.34961E+00,2.64648E+00
-4.1685336E-01,3.27148E+00,2.70508E+00
-4.1683488E-01,3.25195E+00,2.64648E+00
-4.1681640E-01,3.27148E+00,2.68555E+00
-4.1679792E-01,3.27148E+00,2.62695E+00
-4.1677944E-01,3.23242E+00,2.66602E+00
-4.1676096E-01,3.21289E+00,2.60742E+00
-4.1674248E-01,3.27148E+00,2.68555E+00
-4.1672400E-01,3.23242E+00,2.66602E+00
-4.1670552E-01,3.25195E+00,2.64648E+00
-4.1668704E-01,3.29102E+00,2.64648E+00
-4.1666856E-01,3.29102E+00,2.68555E+00
-4.1665008E-01,3.29102E+00,2.68555E+00
-4.1663160E-01,3.29102E+00,2.64648E+00
-4.1661312E-01,3.25195E+00,2.60742E+00
-4.1659464E-01,3.29102E+00,2.64648E+00
-4.1657616E-01,3.29102E+00,2.66602E+00
-4.1655768E-01,3.29102E+00,2.68555E+00
-4.1653920E-01,3.29102E+00,2.64648E+00
-4.1652072E-01,3.27148E+00,2.70508E+00
-4.1650224E-01,3.23242E+00,2.68555E+00
-4.1648376E-01,3.29102E+00,2.70508E+00
-4.1646528E-01,3.27148E+00,2.62695E+00
-4.1644680E-01,3.27148E+00,2.62695E+00
-4.1642832E-01,3.27148E+00,2.66602E+00
-4.1640984E-01,3.25195E+00,2.60742E+00
-4.1639136E-01,3.23242E+00,2.64648E+00
-4.1637288E-01,3.27148E+00,2.62695E+00
-4.1635440E-01,3.25195E+00,2.66602E+00
-4.1633592E-01,3.23242E+00,2.68555E+00
-4.1631744E-01,3.25195E+00,2.64648E+00
-4.1629896E-01,3.27148E+00,2.64648E+00
-4.1628048E-01,3.21289E+00,2.64648E+00
-4.1626200E-01,3.23242E+00,2.70508E+00
-4.1624352E-01,3.25195E+00,2.66602E+00
-4.1622504E-01,3.33008E+00,2.68555E+00
-4.1620656E-01,3.25195E+00,2.70508E+00
-4.1618808E-01,3.25195E+00,2.66602E+00
-4.1616960E-01,3.34961E+00,2.62695E+00
-4.1615112E-01,3.29102E+00,2.70508E+00
-4.1613264E-01,3.29102E+00,2.70508E+00
-4.1611416E-01,3.31055E+00,2.66602E+00
-4.1609568E-01,3.27148E+00,2.66602E+00
-4.1607720E-01,3.27148E+00,2.70508E+00
-4.1605872E-01,3.25195E+00,2.64648E+00
-4.1604024E-01,3.27148E+00,2.68555E+00
-4.1602176E-01,3.31055E+00,2.62695E+00
-4.1600328E-01,3.25195E+00,2.76367E+00
-4.1598480E-01,3.29102E+00,2.58789E+00
-4.1596632E-01,3.25195E+00,2.60742E+00
-4.1594784E-01,3.27148E+00,2.64648E+00
-4.1592936E-01,3.23242E+00,2.60742E+00
-4.1591088E-01,3.29102E+00,2.64648E+00
-4.1589240E-01,3.27148E+00,2.68555E+00
-4.1587392E-01,3.31055E+00,2.66602E+00
-4.1585544E-01,3.29102E+00,2.68555E+00
-4.1583696E-01,3.31055E+00,2.62695E+00
-4.1581848E-01,3.25195E+00,2.68555E+00
-4.1580000E-01,3.19336E+00,2.66602E+00
-4.1578152E-01,3.27148E+00,2.70508E+00
-4.1576304E-01,3.31055E+00,2.66602E+00
-4.1574456E-01,3.25195E+00,2.58789E+00
-4.1572608E-01,3.29102E+00,2.64648E+00
-4.1570760E-01,3.23242E+00,2.70508E+00
-4.1568912E-01,3.29102E+00,2.70508E+00
-4.1567064E-01,3.19336E+00,2.68555E+00
-4.1565216E-01,3.19336E+00,2.72461E+00
-4.1563368E-01,3.21289E+00,2.68555E+00
-4.1561520E-01,3.29102E+00,2.64648E+00
-4.1559672E-01,3.23242E+00,2.64648E+00
-4.1557824E-01,3.29102E+00,2.66602E+00
-4.1555976E-01,3.31055E+00,2.72461E+00
-4.1554128E-01,3.31055E+00,2.64648E+00
-4.1552280E-01,3.23242E+00,2.76367E+00
-4.1550432E-01,3.29102E+00,2.64648E+00
-4.1548584E-01,3.29102E+00,2.70508E+00
-4.1546736E-01,3.25195E+00,2.60742E+00
-4.1544888E-01,3.23242E+00,2.70508E+00
-4.1543040E-01,3.25195E+00,2.64648E+00
-4.1541192E-01,3.23242E+00,2.68555E+00
-4.1539344E-01,3.33008E+00,2.66602E+00
-4.1537496E-01,3.23242E+00,2.70508E+00
-4.1535648E-01,3.33008E+00,2.62695E+00
-4.1533800E-01,3.19336E+00,2.64648E+00
-4.1531952E-01,3.27148E+00,2.64648E+00
-4.1530104E-01,3.25195E+00,2.66602E+00
-4.1528256E-01,3.31055E+00,2.64648E+00
-4.1526408E-01,3.27148E+00,2.74414E+00
-4.1524560E-01,3.21289E+00,2.64648E+00
-4.1522712E-01,3.25195E+00,2.64648E+00
-4.1520864E-01,3.29102E+00,2.66602E+00
-4.1519016E-01,3.21289E+00,2.74414E+00
-4.1517168E-01,3.25195E+00,2.68555E+00
-4.1515320E-01,3.19336E+00,2.66602E+00
-4.1513472E-01,3.29102E+00,2.62695E+00
-4.1511624E-01,3.33008E+00,2.68555E+00
-4.1509776E-01,3.25195E+00,2.68555E+00
-4.1507928E-01,3.29102E+00,2.68555E+00
-4.1506080E-01,3.29102E+00,2.66602E+00
-4.1504232E-01,3.27148E+00,2.64648E+00
-4.1502384E-01,3.27148E+00,2.64648E+00
-4.1500536E-01,3.27148E+00,2.64648E+00
-4.1498688E-01,3.29102E+00,2.66602E+00
-4.1496840E-01,3.23242E+00,2.70508E+00
-4.1494992E-01,3.33008E+00,2.66602E+00
-4.1493144E-01,3.23242E+00,2.66602E+00
-4.1491296E-01,3.23242E+00,2.70508E+00
-4.1489448E-01,3.29102E+00,2.66602E+00
-4.1487600E-01,3.34961E+00,2.70508E+00
-4.1485752E-01,3.31055E+00,2.66602E+00
-4.1483904E-01,3.29102E+00,2.68555E+00
-4.1482056E-01,3.29102E+00,2.68555E+00
-4.1480208E-01,3.36914E+00,2.66602E+00
-4.1478360E-01,3.15430E+00,2.68555E+00
-4.1476512E-01,3.31055E+00,2.66602E+00
-4.1474664E-01,3.31055E+00,2.66602E+00
-4.1472816E-01,3.34961E+00,2.68555E+00
-4.1470968E-01,3.27148E+00,2.68555E+00
-4.1469120E-01,3.29102E+00,2.68555E+00
-4.1467272E-01,3.23242E+00,2.62695E+00
-4.1465424E-01,3.29102E+00,2.64648E+00
-4.1463576E-01,3.27148E+00,2.70508E+00
-4.1461728E-01,3.29102E+00,2.72461E+00
-4.1459880E-01,3.29102E+00,2.78320E+00
-4.1458032E-01,3.21289E+00,2.72461E+00
-4.1456184E-01,3.31055E+00,2.68555E+00
-4.1454336E-01,3.33008E+00,2.74414E+00
-4.1452488E-01,3.29102E+00,2.68555E+00
-4.1450640E-01,3.23242E+00,2.72461E+00
-4.1448792E-01,3.27148E+00,2.68555E+00
-4.1446944E-01,3.29102E+00,2.64648E+00
-4.1445096E-01,3.21289E+00,2.68555E+00
-4.1443248E-01,3.27148E+00,2.68555E+00
-4.1441400E-01,3.27148E+00,2.70508E+00
-4.1439552E-01,3.27148E+00,2.70508E+00
-4.1437704E-01,3.23242E+00,2.70508E+00
-4.1435856E-01,3.34961E+00,2.66602E+00
-4.1434008E-01,3.27148E+00,2.74414E+00
-4.1432160E-01,3.36914E+00,2.66602E+00
-4.1430312E-01,3.29102E+00,2.70508E+00
-4.1428464E-01,3.25195E+00,2.68555E+00
-4.1426616E-01,3.21289E+00,2.66602E+00
-4.1424768E-01,3.23242E+00,2.64648E+00
-4.1422920E-01,3.23242E+00,2.64648E+00
-4.1421072E-01,3.31055E+00,2.74414E+00
-4.1419224E-01,3.29102E+00,2.68555E+00
-4.1417376E-01,3.29102E+00,2.72461E+00
-4.1415528E-01,3.31055E+00,2.76367E+00
-4.1413680E-01,3.27148E+00,2.72461E+00
-4.1411832E-01,3.23242E+00,2.70508E+00
-4.1409984E-01,3.31055E+00,2.70508E+00
-4.1408136E-01,3.29102E+00,2.68555E+00
-4.1406288E-01,3.31055E+00,2.66602E+00
-4.1404440E-01,3.19336E+00,2.70508E+00
-4.1402592E-01,3.31055E+00,2.70508E+00
-4.1400744E-01,3.29102E+00,2.68555E+00
-4.1398896E-01,3.33008E+00,2.68555E+00
-4.1397048E-01,3.21289E+00,2.66602E+00
-4.1395200E-01,3.25195E+00,2.72461E+00
-4.1393352E-01,3.29102E+00,2.76367E+00
-4.1391504E-01,3.34961E+00,2.68555E+00
-4.1389656E-01,3.34961E+00,2.68555E+00
-4.1387808E-01,3.25195E+00,2.70508E+00
-4.1385960E-01,3.23242E+00,2.76367E+00
-4.1384112E-01,3.31055E+00,2.72461E+00
-4.1382264E-01,3.27148E+00,2.66602E+00
-4.1380416E-01,3.25195E+00,2.70508E+00
-4.1378568E-01,3.29102E+00,2.70508E+00
-4.1376720E-01,3.29102E+00,2.66602E+00
-4.1374872E-01,3.29102E+00,2.74414E+00
-4.1373024E-01,3.31055E+00,2.72461E+00
-4.1371176E-01,3.29102E+00,2.68555E+00
-4.1369328E-01,3.33008E+00,2.68555E+00
-4.1367480E-01,3.29102E+00,2.72461E+00
-4.1365632E-01,3.29102E+00,2.62695E+00
-4.1363784E-01,3.25195E+00,2.68555E+00
-4.1361936E-01,3.25195E+00,2.70508E+00
-4.1360088E-01,3.29102E+00,2.72461E+00
-4.1358240E-01,3.31055E+00,2.70508E+00
-4.1356392E-01,3.31055E+00,2.76367E+00
-4.1354544E-01,3.33008E+00,2.70508E+00
-4.1352696E-01,3.31055E+00,2.72461E+00
-4.1350848E-01,3.33008E+00,2.72461E+00
-4.1349000E-01,3.25195E+00,2.66602E+00
-4.1347152E-01,3.34961E+00,2.68555E+00
-4.1345304E-01,3.23242E+00,2.66602E+00
-4.1343456E-01,3.31055E+00,2.72461E+00
-4.1341608E-01,3.29102E+00,2.66602E+00
-4.1339760E-01,3.33008E+00,2.66602E+00
-4.1337912E-01,3.29102E+00,2.72461E+00
-4.1336064E-01,3.29102E+00,2.66602E+00
-4.1334216E-01,3.25195E+00,2.74414E+00
-4.1332368E-01,3.29102E+00,2.72461E+00
-4.1330520E-01,3.27148E+00,2.72461E+00
-4.1328672E-01,3.34961E+00,2.66602E+00
-4.1326824E-01,3.29102E+00,2.72461E+00
-4.1324976E-01,3.31055E+00,2.70508E+00
-4.1323128E-01,3.25195E+00,2.70508E+00
-4.1321280E-01,3.29102E+00,2.68555E+00
-4.1319432E-01,3.21289E+00,2.70508E+00
-4.1317584E-01,3.29102E+00,2.66602E+00
-4.1315736E-01,3.25195E+00,2.78320E+00
-4.1313888E-01,3.33008E+00,2.72461E+00
-4.1312040E-01,3.27148E+00,2.66602E+00
-4.1310192E-01,3.36914E+00,2.76367E+00
-4.1308344E-01,3.27148E+00,2.66602E+00
-4.1306496E-01,3.31055E+00,2.76367E+00
-4.1304648E-01,3.25195E+00,2.72461E+00
-4.1302800E-01,3.25195E+00,2.68555E+00
-4.1300952E-01,3.29102E+00,2.66602E+00
-4.1299104E-01,3.27148E+00,2.68555E+00
-4.1297256E-01,3.29102E+00,2.74414E+00
-4.1295408E-01,3.31055E+00,2.70508E+00
-4.1293560E-01,3.31055E+00,2.72461E+00
-4.1291712E-01,3.33008E+00,2.64648E+00
-4.1289864E-01,3.27148E+00,2.72461E+00
-4.1288016E-01,3.23242E+00,2.66602E+00
-4.1286168E-01,3.29102E+00,2.72461E+00
-4.1284320E-01,3.29102E+00,2.70508E+00
-4.1282472E-01,3.29102E+00,2.72461E+00
-4.1280624E-01,3.31055E+00,2.66602E+00
-4.1278776E-01,3.27148E+00,2.74414E+00
-4.1276928E-01,3.25195E+00,2.66602E+00
-4.1275080E-01,3.29102E+00,2.74414E+00
-4.1273232E-01,3.31055E+00,2.74414E+00
-4.1271384E-01,3.27148E+00,2.76367E+00
-4.1269536E-01,3.29102E+00,2.70508E+00
-4.1267688E-01,3.27148E+00,2.74414E+00
-4.1265840E-01,3.33008E+00,2.68555E+00
-4.1263992E-01,3.27148E+00,2.72461E+00
-4.1262144E-01,3.33008E+00,2.70508E+00
-4.1260296E-01,3.29102E+00,2.70508E+00
-4.1258448E-01,3.17383E+00,2.66602E+00
-4.1256600E-01,3.23242E+00,2.74414E+00
-4.1254752E-01,3.31055E+00,2.68555E+00
-4.1252904E-01,3.29102E+00,2.76367E+00
-4.1251056E-01,3.23242E+00,2.68555E+00
-4.1249208E-01,3.25195E+00,2.76367E+00
-4.1247360E-01,3.29102E+00,2.70508E+00
-4.1245512E-01,3.23242E+00,2.68555E+00
-4.1243664E-01,3.29102E+00,2.76367E+00
-4.1241816E-01,3.31055E+00,2.72461E+00
-4.1239968E-01,3.23242E+00,2.68555E+00
-4.1238120E-01,3.33008E+00,2.68555E+00
-4.1236272E-01,3.23242E+00,2.68555E+00
-4.1234424E-01,3.27148E+00,2.74414E+00
-4.1232576E-01,3.34961E+00,2.64648E+00
-4.1230728E-01,3.23242E+00,2.68555E+00
-4.1228880E-01,3.27148E+00,2.72461E+00
-4.1227032E-01,3.29102E+00,2.76367E+00
-4.1225184E-01,3.29102E+00,2.74414E+00
-4.1223336E-01,3.31055E+00,2.74414E+00
-4.1221488E-01,3.34961E+00,2.70508E+00
-4.1219640E-01,3.23242E+00,2.70508E+00
-4.1217792E-01,3.19336E+00,2.64648E+00
-4.1215944E-01,3.27148E+00,2.72461E+00
-4.1214096E-01,3.23242E+00,2.70508E+00
-4.1212248E-01,3.29102E+00,2.74414E+00
-4.1210400E-01,3.33008E+00,2.68555E+00
-4.1208552E-01,3.27148E+00,2.70508E+00
-4.1206704E-01,3.25195E+00,2.72461E+00
-4.1204856E-01,3.29102E+00,2.74414E+00
-4.1203008E-01,3.38867E+00,2.66602E+00
-4.1201160E-01,3.27148E+00,2.72461E+00
-4.1199312E-01,3.31055E+00,2.74414E+00
-4.1197464E-01,3.29102E+00,2.76367E+00
-4.1195616E-01,3.33008E+00,2.76367E+00
-4.1193768E-01,3.17383E+00,2.70508E+00
-4.1191920E-01,3.31055E+00,2.74414E+00
-4.1190072E-01,3.27148E+00,2.74414E+00
-4.1188224E-01,3.33008E+00,2.74414E+00
-4.1186376E-01,3.23242E+00,2.68555E+00
-4.1184528E-01,3.29102E+00,2.68555E+00
-4.1182680E-01,3.23242E+00,2.78320E+00
-4.1180832E-01,3.29102E+00,2.68555E+00
-4.1178984E-01,3.23242E+00,2.80273E+00
-4.1177136E-01,3.33008E+00,2.68555E+00
-4.1175288E-01,3.29102E+00,2.74414E+00
-4.1173440E-01,3.33008E+00,2.70508E+00
-4.1171592E-01,3.25195E+00,2.66602E+00
-4.1169744E-01,3.31055E+00,2.70508E+00
-4.1167896E-01,3.29102E+00,2.72461E+00
-4.1166048E-01,3.34961E+00,2.78320E+00
-4.1164200E-01,3.27148E+00,2.74414E+00
-4.1162352E-01,3.34961E+00,2.66602E+00
-4.1160504E-01,3.31055E+00,2.70508E+00
-4.1158656E-01,3.29102E+00,2.66602E+00
-4.1156808E-01,3.29102E+00,2.70508E+00
-4.1154960E-01,3.27148E+00,2.72461E+00
-4.1153112E-01,3.21289E+00,2.78320E+00
-4.1151264E-01,3.31055E+00,2.72461E+00
-4.1149416E-01,3.29102E+00,2.68555E+00
-4.1147568E-01,3.29102E+00,2.70508E+00
-4.1145720E-01,3.29102E+00,2.74414E+00
-4.1143872E-01,3.25195E+00,2.74414E+00
-4.1142024E-01,3.29102E+00,2.76367E+00
-4.1140176E-01,3.27148E+00,2.62695E+00
-4.1138328E-01,3.27148E+00,2.78320E+00
-4.1136480E-01,3.34961E+00,2.66602E+00
-4.1134632E-01,3.33008E+00,2.70508E+00
-4.1132784E-01,3.31055E+00,2.72461E+00
-4.1130936E-01,3.31055E+00,2.76367E+00
-4.1129088E-01,3.36914E+00,2.74414E+00
-4.1127240E-01,3.33008E+00,2.76367E+00
-4.1125392E-01,3.27148E+00,2.66602E+00
-4.1123544E-01,3.31055E+00,2.68555E+00
-4.1121696E-01,3.29102E+00,2.70508E+00
-4.1119848E-01,3.25195E+00,2.80273E+00
-4.1118000E-01,3.29102E+00,2.68555E+00
-4.1116152E-01,3.29102E+00,2.70508E+00
-4.1114304E-01,3.31055E+00,2.76367E+00
-4.1112456E-01,3.31055E+00,2.84180E+00
-4.1110608E-01,3.33008E+00,2.68555E+00
-4.1108760E-01,3.31055E+00,2.70508E+00
-4.1106912E-01,3.29102E+00,2.70508E+00
-4.1105064E-01,3.29102E+00,2.74414E+00
-4.1103216E-01,3.29102E+00,2.76367E+00
-4.1101368E-01,3.27148E+00,2.74414E+00
-4.1099520E-01,3.27148E+00,2.68555E+00
-4.1097672E-01,3.27148E+00,2.68555E+00
-4.1095824E-01,3.29102E+00,2.74414E+00
-4.1093976E-01,3.25195E+00,2.74414E+00
-4.1092128E-01,3.25195E+00,2.68555E+00
-4.1090280E-01,3.25195E+00,2.72461E+00
-4.1088432E-01,3.36914E+00,2.74414E+00
-4.1086584E-01,3.29102E+00,2.82227E+00
-4.1084736E-01,3.25195E+00,2.72461E+00
-4.1082888E-01,3.33008E+00,2.72461E+00
-4.1081040E-01,3.25195E+00,2.72461E+00
-4.1079192E-01,3.33008E+00,2.84180E+00
-4.1077344E-01,3.23242E+00,2.76367E+00
-4.1075496E-01,3.25195E+00,2.72461E+00
-4.1073648E-01,3.27148E+00,2.70508E+00
-4.1071800E-01,3.25195E+00,2.78320E+00
-4.1069952E-01,3.33008E+00,2.76367E+00
-4.1068104E-01,3.33008E+00,2.74414E+00
-4.1066256E-01,3.29102E+00,2.74414E+00
-4.1064408E-01,3.29102E+00,2.76367E+00
-4.1062560E-01,3.33008E+00,2.66602E+00
-4.1060712E-01,3.29102E+00,2.78320E+00
-4.1058864E-01,3.29102E+00,2.70508E+00
-4.1057016E-01,3.25195E+00,2.74414E+00
-4.1055168E-01,3.31055E+00,2.68555E+00
-4.1053320E-01,3.27148E+00,2.68555E+00
-4.1051472E-01,3.31055E+00,2.74414E+00
-4.1049624E-01,3.31055E+00,2.76367E+00
-4.1047776E-01,3.33008E+00,2.72461E+00
-4.1045928E-01,3.15430E+00,2.78320E+00
-4.1044080E-01,3.25195E+00,2.74414E+00
-4.1042232E-01,3.31055E+00,2.72461E+00
-4.1040384E-01,3.31055E+00,2.76367E+00
-4.1038536E-01,3.19336E+00,2.80273E+00
-4.1036688E-01,3.33008E+00,2.68555E+00
-4.1034840E-01,3.33008E+00,2.80273E+00
-4.1032992E-01,3.31055E+00,2.66602E+00
-4.1031144E-01,3.25195E+00,2.70508E+00
-4.1029296E-01,3.27148E+00,2.72461E+00
-4.1027448E-01,3.29102E+00,2.72461E+00
-4.1025600E-01,3.29102E+00,2.78320E+00
-4.1023752E-01,3.29102E+00,2.80273E+00
-4.1021904E-01,3.27148E+00,2.70508E+00
-4.1020056E-01,3.25195E+00,2.80273E+00
-4.1018208E-01,3.33008E+00,2.76367E+00
-4.1016360E-01,3.27148E+00,2.72461E+00
-4.1014512E-01,3.31055E+00,2.72461E+00
-4.1012664E-01,3.21289E+00,2.72461E+00
-4.1010816E-01,3.33008E+00,2.74414E+00
-4.1008968E-01,3.29102E+00,2.82227E+00
-4.1007120E-01,3.23242E+00,2.66602E+00
-4.1005272E-01,3.36914E+00,2.82227E+00
-4.1003424E-01,3.23242E+00,2.70508E+00
-4.1001576E-01,3.25195E+00,2.72461E+00
-4.0999728E-01,3.31055E+00,2.74414E+00
-4.0997880E-01,3.31055E+00,2.74414E+00
-4.0996032E-01,3.29102E+00,2.72461E+00
-4.0994184E-01,3.36914E+00,2.78320E+00
-4.0992336E-01,3.19336E+00,2.76367E+00
-4.0990488E-01,3.27148E+00,2.76367E+00
-4.0988640E-01,3.27148E+00,2.72461E+00
-4.0986792E-01,3.31055E+00,2.86133E+00
-4.0984944E-01,3.29102E+00,2.76367E+00
-4.0983096E-01,3.29102E+00,2.78320E+00
-4.0981248E-01,3.33008E+00,2.78320E+00
-4.0979400E-01,3.29102E+00,2.70508E+00
-4.0977552E-01,3.36914E+00,2.70508E+00
-4.0975704E-01,3.25195E+00,2.72461E+00
-4.0973856E-01,3.23242E+00,2.76367E+00
-4.0972008E-01,3.27148E+00,2.84180E+00
-4.0970160E-01,3.36914E+00,2.76367E+00
-4.0968312E-01,3.25195E+00,2.74414E+00
-4.0966464E-01,3.29102E+00,2.70508E+00
-4.0964616E-01,3.29102E+00,2.70508E+00
-4.0962768E-01,3.29102E+00,2.76367E+00
-4.0960920E-01,3.36914E+00,2.70508E+00
-4.0959072E-01,3.27148E+00,2.74414E+00
-4.0957224E-01,3.29102E+00,2.80273E+00
-4.0955376E-01,3.23242E+00,2.78320E+00
-4.0953528E-01,3.27148E+00,2.72461E+00
-4.0951680E-01,3.31055E+00,2.78320E+00
-4.0949832E-01,3.29102E+00,2.74414E+00
-4.0947984E-01,3.23242E+00,2.72461E+00
-4.0946136E-01,3.27148E+00,2.78320E+00
-4.0944288E-01,3.31055E+00,2.76367E+00
-4.0942440E-01,3.29102E+00,2.78320E+00
-4.0940592E-01,3.31055E+00,2.74414E+00
-4.0938744E-01,3.27148E+00,2.84180E+00
-4.0936896E-01,3.25195E+00,2.72461E+00
-4.0935048E-01,3.31055E+00,2.74414E+00
-4.0933200E-01,3.31055E+00,2.70508E+00
-4.0931352E-01,3.27148E+00,2.76367E+00
-4.0929504E-01,3.34961E+00,2.78320E+00
-4.0927656E-01,3.29102E+00,2.70508E+00
-4.0925808E-01,3.33008E+00,2.74414E+00
-4.0923960E-01,3.29102E+00,2.78320E+00
-4.0922112E-01,3.25195E+00,2.78320E+00
-4.0920264E-01,3.27148E+00,2.80273E+00
-4.0918416E-01,3.25195E+00,2.78320E+00
-4.0916568E-01,3.27148E+00,2.78320E+00
-4.0914720E-01,3.34961E+00,2.80273E+00
-4.0912872E-01,3.33008E+00,2.70508E+00
-4.0911024E-01,3.25195E+00,2.72461E+00
-4.0909176E-01,3.25195E+00,2.72461E+00
-4.0907328E-01,3.21289E+00,2.72461E+00
-4.0905480E-01,3.27148E+00,2.72461E+00
-4.0903632E-01,3.33008E+00,2.72461E+00
-4.0901784E-01,3.27148E+00,2.84180E+00
-4.0899936E-01,3.33008E+00,2.76367E+00
-4.0898088E-01,3.25195E+00,2.84180E+00
-4.0896240E-01,3.29102E+00,2.78320E+00
-4.0894392E-01,3.29102E+00,2.80273E+00
-4.0892544E-01,3.25195E+00,2.74414E+00
-4.0890696E-01,3.29102E+00,2.78320E+00
-4.0888848E-01,3.34961E+00,2.78320E+00
-4.0887000E-01,3.34961E+00,2.74414E+00
-4.0885152E-01,3.31055E+00,2.78320E+00
-4.0883304E-01,3.29102E+00,2.74414E+00
-4.0881456E-01,3.27148E+00,2.80273E+00
-4.0879608E-01,3.29102E+00,2.76367E+00
-4.0877760E-01,3.29102E+00,2.74414E+00
-4.0875912E-01,3.31055E+00,2.78320E+00
-4.0874064E-01,3.25195E+00,2.74414E+00
-4.0872216E-01,3.29102E+00,2.78320E+00
-4.0870368E-01,3.25195E+00,2.72461E+00
-4.0868520E-01,3.33008E+00,2.80273E+00
-4.0866672E-01,3.29102E+00,2.76367E+00
-4.0864824E-01,3.25195E+00,2.78320E+00
-4.0862976E-01,3.29102E+00,2.70508E+00
-4.0861128E-01,3.29102E+00,2.76367E+00
-4.0859280E-01,3.33008E+00,2.72461E+00
-4.0857432E-01,3.29102E+00,2.76367E+00
-4.0855584E-01,3.29102E+00,2.74414E+00
-4.0853736E-01,3.29102E+00,2.82227E+00
-4.0851888E-01,3.31055E+00,2.78320E+00
-4.0850040E-01,3.25195E+00,2.78320E+00
-4.0848192E-01,3.29102E+00,2.80273E+00
-4.0846344E-01,3.33008E+00,2.74414E+00
-4.0844496E-01,3.29102E+00,2.72461E+00
-4.0842648E-01,3.34961E+00,2.78320E+00
-4.0840800E-01,3.29102E+00,2.74414E+00
-4.0838952E-01,3.25195E+00,2.70508E+00
-4.0837104E-01,3.29102E+00,2.78320E+00
-4.0835256E-01,3.31055E+00,2.82227E+00
-4.0833408E-01,3.33008E+00,2.76367E+00
-4.0831560E-01,3.23242E+00,2.78320E+00
-4.0829712E-01,3.29102E+00,2.74414E+00
-4.0827864E-01,3.31055E+00,2.72461E+00
-4.0826016E-01,3.33008E+00,2.80273E+00
-4.0824168E-01,3.29102E+00,2.82227E+00
-4.0822320E-01,3.31055E+00,2.74414E+00
-4.0820472E-01,3.29102E+00,2.78320E+00
-4.0818624E-01,3.36914E+00,2.80273E+00
-4.0816776E-01,3.27148E+00,2.80273E+00
-4.0814928E-01,3.31055E+00,2.72461E+00
-4.0813080E-01,3.40820E+00,2.82227E+00
-4.0811232E-01,3.36914E+00,2.78320E+00
-4.0809384E-01,3.29102E+00,2.84180E+00
-4.0807536E-01,3.25195E+00,2.82227E+00
-4.0805688E-01,3.29102E+00,2.78320E+00
-4.0803840E-01,3.23242E+00,2.72461E+00
-4.0801992E-01,3.29102E+00,2.74414E+00
-4.0800144E-01,3.25195E+00,2.74414E+00
-4.0798296E-01,3.27148E+00,2.76367E+00
-4.0796448E-01,3.34961E+00,2.80273E+00
-4.0794600E-01,3.29102E+00,2.76367E+00
-4.0792752E-01,3.34961E+00,2.74414E+00
-4.0790904E-01,3.27148E+00,2.90039E+00
-4.0789056E-01,3.31055E+00,2.74414E+00
-4.0787208E-01,3.23242E+00,2.82227E+00
-4.0785360E-01,3.33008E+00,2.70508E+00
-4.0783512E-01,3.33008E+00,2.76367E+00
-4.0781664E-01,3.31055E+00,2.80273E+00
-4.0779816E-01,3.36914E+00,2.84180E+00
-4.0777968E-01,3.29102E+00,2.80273E+00
-4.0776120E-01,3.29102E+00,2.78320E+00
-4.0774272E-01,3.33008E+00,2.76367E+00
-4.0772424E-01,3.33008E+00,2.86133E+00
-4.0770576E-01,3.23242E+00,2.84180E+00
-4.0768728E-01,3.29102E+00,2.80273E+00
-4.0766880E-01,3.29102E+00,2.72461E+00
-4.0765032E-01,3.36914E+00,2.78320E+00
-4.0763184E-01,3.36914E+00,2.80273E+00
-4.0761336E-01,3.34961E+00,2.78320E+00
-4.0759488E-01,3.25195E+00,2.74414E+00
-4.0757640E-01,3.29102E+00,2.78320E+00
-4.0755792E-01,3.31055E+00,2.76367E+00
-4.0753944E-01,3.23242E+00,2.70508E+00
-4.0752096E-01,3.44727E+00,2.78320E+00
-4.0750248E-01,3.33008E+00,2.78320E+00
-4.0748400E-01,3.31055E+00,2.74414E+00
-4.0746552E-01,3.29102E+00,2.84180E+00
-4.0744704E-01,3.33008E+00,2.82227E+00
-4.0742856E-01,3.27148E+00,2.84180E+00
-4.0741008E-01,3.34961E+00,2.76367E+00
-4.0739160E-01,3.33008E+00,2.74414E+00
-4.0737312E-01,3.29102E+00,2.72461E+00
-4.0735464E-01,3.29102E+00,2.80273E+00
-4.0733616E-01,3.36914E+00,2.80273E+00
-4.0731768E-01,3.29102E+00,2.72461E+00
-4.0729920E-01,3.36914E+00,2.82227E+00
-4.0728072E-01,3.29102E+00,2.78320E+00
-4.0726224E-01,3.33008E+00,2.76367E+00
-4.0724376E-01,3.29102E+00,2.72461E+00
-4.0722528E-01,3.31055E+00,2.74414E+00
-4.0720680E-01,3.31055E+00,2.78320E+00
-4.0718832E-01,3.33008E+00,2.78320E+00
-4.0716984E-01,3.27148E+00,2.78320E+00
-4.0715136E-01,3.36914E+00,2.84180E+00
-4.0713288E-01,3.25195E+00,2.84180E+00
-4.0711440E-01,3.25195E+00,2.74414E+00
-4.0709592E-01,3.27148E+00,2.72461E+00
-4.0707744E-01,3.31055E+00,2.72461E+00
-4.0705896E-01,3.31055E+00,2.76367E+00
-4.0704048E-01,3.31055E+00,2.82227E+00
-4.0702200E-01,3.34961E+00,2.76367E+00
-4.0700352E-01,3.33008E+00,2.76367E+00
-4.0698504E-01,3.33008E+00,2.76367E+00
-4.0696656E-01,3.27148E+00,2.76367E+00
-4.0694808E-01,3.29102E+00,2.82227E+00
-4.0692960E-01,3.29102E+00,2.84180E+00
-4.0691112E-01,3.27148E+00,2.82227E+00
-4.0689264E-01,3.34961E+00,2.80273E+00
-4.0687416E-01,3.33008E+00,2.78320E+00
-4.0685568E-01,3.34961E+00,2.76367E+00
-4.0683720E-01,3.31055E+00,2.80273E+00
-4.0681872E-01,3.34961E+00,2.80273E+00
-4.0680024E-01,3.29102E+00,2.78320E+00
-4.0678176E-01,3.33008E+00,2.78320E+00
-4.0676328E-01,3.29102E+00,2.80273E+00
-4.0674480E-01,3.33008E+00,2.76367E+00
-4.0672632E-01,3.27148E+00,2.76367E+00
-4.0670784E-01,3.36914E+00,2.76367E+00
-4.0668936E-01,3.34961E+00,2.84180E+00
-4.0667088E-01,3.29102E+00,2.80273E+00
-4.0665240E-01,3.29102E+00,2.84180E+00
-4.0663392E-01,3.36914E+00,2.82227E+00
-4.0661544E-01,3.23242E+00,2.84180E+00
-4.0659696E-01,3.29102E+00,2.82227E+00
-4.0657848E-01,3.27148E+00,2.80273E+00
-4.0656000E-01,3.31055E+00,2.84180E+00
-4.0654152E-01,3.29102E+00,2.80273E+00
-4.0652304E-01,3.36914E+00,2.78320E+00
-4.0650456E-01,3.33008E+00,2.80273E+00
-4.0648608E-01,3.25195E+00,2.82227E+00
-4.0646760E-01,3.25195E+00,2.76367E+00
-4.0644912E-01,3.23242E+00,2.76367E+00
-4.0643064E-01,3.29102E+00,2.82227E+00
-4.0641216E-01,3.29102E+00,2.76367E+00
-4.0639368E-01,3.27148E+00,2.84180E+00
-4.0637520E-01,3.29102E+00,2.80273E+00
-4.0635672E-01,3.25195E+00,2.80273E+00
-4.0633824E-01,3.33008E+00,2.76367E+00
-4.0631976E-01,3.27148E+00,2.78320E+00
-4.0630128E-01,3.33008E+00,2.80273E+00
-4.0628280E-01,3.25195E+00,2.80273E+00
-4.0626432E-01,3.29102E+00,2.80273E+00
-4.0624584E-01,3.25195E+00,2.80273E+00
-4.0622736E-01,3.31055E+00,2.82227E+00
-4.0620888E-01,3.27148E+00,2.84180E+00
-4.0619040E-01,3.34961E+00,2.76367E+00
-4.0617192E-01,3.23242E+00,2.74414E+00
-4.0615344E-01,3.29102E+00,2.80273E+00
-4.0613496E-01,3.23242E+00,2.82227E+00
-4.0611648E-01,3.36914E+00,2.78320E+00
-4.0609800E-01,3.29102E+00,2.86133E+00
-4.0607952E-01,3.31055E+00,2.80273E+00
-4.0606104E-01,3.31055E+00,2.80273E+00
-4.0604256E-01,3.31055E+00,2.84180E+00
-4.0602408E-01,3.31055E+00,2.84180E+00
-4.0600560E-01,3.29102E+00,2.86133E+00
-4.0598712E-01,3.34961E+00,2.82227E+00
-4.0596864E-01,3.34961E+00,2.80273E+00
-4.0595016E-01,3.31055E+00,2.82227E+00
-4.0593168E-01,3.33008E+00,2.76367E+00
-4.0591320E-01,3.29102E+00,2.88086E+00
-4.0589472E-01,3.31055E+00,2.78320E+00
-4.0587624E-01,3.33008E+00,2.80273E+00
-4.0585776E-01,3.33008E+00,2.78320E+00
-4.0583928E-01,3.34961E+00,2.82227E+00
-4.0582080E-01,3.23242E+00,2.80273E+00
-4.0580232E-01,3.29102E+00,2.80273E+00
-4.0578384E-01,3.36914E+00,2.80273E+00
-4.0576536E-01,3.27148E+00,2.76367E+00
-4.0574688E-01,3.29102E+00,2.70508E+00
-4.0572840E-01,3.29102E+00,2.78320E+00
-4.0570992E-01,3.34961E+00,2.82227E+00
-4.0569144E-01,3.29102E+00,2.84180E+00
-4.0567296E-01,3.31055E+00,2.80273E+00
-4.0565448E-01,3.29102E+00,2.90039E+00
-4.0563600E-01,3.34961E+00,2.84180E+00
-4.0561752E-01,3.29102E+00,2.88086E+00
-4.0559904E-01,3.27148E+00,2.74414E+00
-4.0558056E-01,3.27148E+00,2.80273E+00
-4.0556208E-01,3.38867E+00,2.80273E+00
-4.0554360E-01,3.29102E+00,2.84180E+00
-4.0552512E-01,3.36914E+00,2.80273E+00
-4.0550664E-01,3.34961E+00,2.86133E+00
-4.0548816E-01,3.31055E+00,2.86133E+00
-4.0546968E-01,3.29102E+00,2.86133E+00
-4.0545120E-01,3.31055E+00,2.80273E+00
-4.0543272E-01,3.34961E+00,2.82227E+00
-4.0541424E-01,3.33008E+00,2.78320E+00
-4.0539576E-01,3.29102E+00,2.86133E+00
-4.0537728E-01,3.27148E+00,2.82227E+00
-4.0535880E-01,3.29102E+00,2.82227E+00
-4.0534032E-01,3.29102E+00,2.76367E+00
-4.0532184E-01,3.29102E+00,2.82227E+00
-4.0530336E-01,3.29102E+00,2.80273E+00
-4.0528488E-01,3.25195E+00,2.86133E+00
-4.0526640E-01,3.31055E+00,2.84180E+00
-4.0524792E-01,3.29102E+00,2.80273E+00
-4.0522944E-01,3.31055E+00,2.78320E+00
-4.0521096E-01,3.34961E+00,2.82227E+00
-4.0519248E-01,3.36914E+00,2.82227E+00
-4.0517400E-01,3.34961E+00,2.82227E+00
-4.0515552E-01,3.25195E+00,2.80273E+00
-4.0513704E-01,3.29102E+00,2.80273E+00
-4.0511856E-01,3.29102E+00,2.80273E+00
-4.0510008E-01,3.34961E+00,2.80273E+00
-4.0508160E-01,3.29102E+00,2.86133E+00
-4.0506312E-01,3.33008E+00,2.80273E+00
-4.0504464E-01,3.31055E+00,2.80273E+00
-4.0502616E-01,3.31055E+00,2.82227E+00
-4.0500768E-01,3.31055E+00,2.82227E+00
-4.0498920E-01,3.31055E+00,2.86133E+00
-4.0497072E-01,3.33008E+00,2.84180E+00
-4.0495224E-01,3.27148E+00,2.82227E+00
-4.0493376E-01,3.29102E+00,2.82227E+00
-4.0491528E-01,3.29102E+00,2.86133E+00
-4.0489680E-01,3.31055E+00,2.80273E+00
-4.0487832E-01,3.34961E+00,2.82227E+00
-4.0485984E-01,3.40820E+00,2.82227E+00
-4.0484136E-01,3.34961E+00,2.91992E+00
-4.0482288E-01,3.36914E+00,2.76367E+00
-4.0480440E-01,3.31055E+00,2.84180E+00
-4.0478592E-01,3.34961E+00,2.80273E+00
-4.0476744E-01,3.31055E+00,2.82227E+00
-4.0474896E-01,3.29102E+00,2.84180E+00
-4.0473048E-01,3.29102E+00,2.84180E+00
-4.0471200E-01,3.34961E+00,2.74414E+00
-4.0469352E-01,3.29102E+00,2.86133E+00
-4.0467504E-01,3.34961E+00,2.80273E+00
-4.0465656E-01,3.27148E+00,2.91992E+00
-4.0463808E-01,3.27148E+00,2.78320E+00
-4.0461960E-01,3.29102E+00,2.80273E+00
-4.0460112E-01,3.29102E+00,2.78320E+00
-4.0458264E-01,3.31055E+00,2.84180E+00
-4.0456416E-01,3.34961E+00,2.84180E+00
-4.0454568E-01,3.29102E+00,2.86133E+00
-4.0452720E-01,3.31055E+00,2.82227E+00
-4.0450872E-01,3.33008E+00,2.90039E+00
-4.0449024E-01,3.31055E+00,2.82227E+00
-4.0447176E-01,3.34961E+00,2.80273E+00
-4.0445328E-01,3.33008E+00,2.80273E+00
-4.0443480E-01,3.21289E+00,2.86133E+00
-4.0441632E-01,3.27148E+00,2.84180E+00
-4.0439784E-01,3.36914E+00,2.84180E+00
-4.0437936E-01,3.34961E+00,2.82227E+00
-4.0436088E-01,3.27148E+00,2.80273E+00
-4.0434240E-01,3.36914E+00,2.80273E+00
-4.0432392E-01,3.29102E+00,2.84180E+00
-4.0430544E-01,3.31055E+00,2.84180E+00
-4.0428696E-01,3.33008E+00,2.84180E+00
-4.0426848E-01,3.44727E+00,2.88086E+00
-4.0425000E-01,3.29102E+00,2.82227E+00
-4.0423152E-01,3.33008E+00,2.84180E+00
-4.0421304E-01,3.29102E+00,2.86133E+00
-4.0419456E-01,3.31055E+00,2.84180E+00
-4.0417608E-01,3.27148E+00,2.80273E+00
-4.0415760E-01,3.31055E+00,2.80273E+00
-4.0413912E-01,3.29102E+00,2.80273E+00
-4.0412064E-01,3.33008E+00,2.84180E+00
-4.0410216E-01,3.34961E+00,2.88086E+00
-4.0408368E-01,3.33008E+00,2.84180E+00
-4.0406520E-01,3.33008E+00,2.80273E+00
-4.0404672E-01,3.36914E+00,2.80273E+00
-4.0402824E-01,3.31055E+00,2.86133E+00
-4.0400976E-01,3.33008E+00,2.82227E+00
-4.0399128E-01,3.34961E+00,2.78320E+00
-4.0397280E-01,3.29102E+00,2.86133E+00
-4.0395432E-01,3.36914E+00,2.82227E+00
-4.0393584E-01,3.36914E+00,2.78320E+00
-4.0391736E-01,3.31055E+00,2.86133E+00
-4.0389888E-01,3.29102E+00,2.82227E+00
-4.0388040E-01,3.34961E+00,2.84180E+00
-4.0386192E-01,3.27148E+00,2.86133E+00
-4.0384344E-01,3.29102E+00,2.84180E+00
-4.0382496E-01,3.40820E+00,2.86133E+00
-4.0380648E-01,3.27148E+00,2.84180E+00
-4.0378800E-01,3.29102E+00,2.80273E+00
-4.0376952E-01,3.36914E+00,2.82227E+00
-4.0375104E-01,3.38867E+00,2.82227E+00
-4.0373256E-01,3.38867E+00,2.88086E+00
-4.0371408E-01,3.33008E+00,2.82227E+00
-4.0369560E-01,3.31055E+00,2.86133E+00
-4.0367712E-01,3.36914E+00,2.86133E+00
-4.0365864E-01,3.34961E+00,2.80273E+00
-4.0364016E-01,3.31055E+00,2.84180E+00
-4.0362168E-01,3.25195E+00,2.93945E+00
-4.0360320E-01,3.33008E+00,2.80273E+00
-4.0358472E-01,3.34961E+00,2.86133E+00
-4.0356624E-01,3.33008E+00,2.84180E+00
-4.0354776E-01,3.34961E+00,2.84180E+00
-4.0352928E-01,3.25195E+00,2.80273E+00
-4.0351080E-01,3.29102E+00,2.86133E+00
-4.0349232E-01,3.33008E+00,2.82227E+00
-4.0347384E-01,3.36914E+00,2.88086E+00
-4.0345536E-01,3.38867E+00,2.86133E+00
-4.0343688E-01,3.23242E+00,2.82227E+00
-4.0341840E-01,3.36914E+00,2.86133E+00
-4.0339992E-01,3.31055E+00,2.86133E+00
-4.0338144E-01,3.34961E+00,2.90039E+00
-4.0336296E-01,3.36914E+00,2.80273E+00
-4.0334448E-01,3.36914E+00,2.80273E+00
-4.0332600E-01,3.34961E+00,2.86133E+00
-4.0330752E-01,3.29102E+00,2.82227E+00
-4.0328904E-01,3.27148E+00,2.84180E+00
-4.0327056E-01,3.34961E+00,2.86133E+00
-4.0325208E-01,3.31055E+00,2.82227E+00
-4.0323360E-01,3.33008E+00,2.82227E+00
-4.0321512E-01,3.29102E+00,2.82227E+00
-4.0319664E-01,3.34961E+00,2.80273E+00
-4.0317816E-01,3.29102E+00,2.91992E+00
-4.0315968E-01,3.42773E+00,2.84180E+00
-4.0314120E-01,3.33008E+00,2.84180E+00
-4.0312272E-01,3.36914E+00,2.80273E+00
-4.0310424E-01,3.29102E+00,2.84180E+00
-4.0308576E-01,3.36914E+00,2.80273E+00
-4.0306728E-01,3.27148E+00,2.86133E+00
-4.0304880E-01,3.40820E+00,2.86133E+00
-4.0303032E-01,3.25195E+00,2.88086E+00
-4.0301184E-01,3.31055E+00,2.86133E+00
-4.0299336E-01,3.29102E+00,2.90039E+00
-4.0297488E-01,3.31055E+00,2.84180E+00
-4.0295640E-01,3.31055E+00,2.91992E+00
-4.0293792E-01,3.38867E+00,2.82227E+00
-4.0291944E-01,3.27148E+00,2.86133E+00
-4.0290096E-01,3.34961E+00,2.86133E+00
-4.0288248E-01,3.36914E+00,2.90039E+00
-4.0286400E-01,3.33008E+00,2.82227E+00
-4.0284552E-01,3.34961E+00,2.86133E+00
-4.0282704E-01,3.34961E+00,2.82227E+00
-4.0280856E-01,3.31055E+00,2.84180E+00
-4.0279008E-01,3.29102E+00,2.80273E+00
-4.0277160E-01,3.31055E+00,2.84180E+00
-4.0275312E-01,3.31055E+00,2.86133E+00
-4.0273464E-01,3.31055E+00,2.91992E+00
-4.0271616E-01,3.33008E+00,2.84180E+00
-4.0269768E-01,3.34961E+00,2.84180E+00
-4.0267920E-01,3.34961E+00,2.86133E+00
-4.0266072E-01,3.33008E+00,2.91992E+00
-4.0264224E-01,3.36914E+00,2.84180E+00
-4.0262376E-01,3.29102E+00,2.86133E+00
-4.0260528E-01,3.33008E+00,2.88086E+00
-4.0258680E-01,3.29102E+00,2.86133E+00
-4.0256832E-01,3.36914E+00,2.82227E+00
-4.0254984E-01,3.36914E+00,2.86133E+00
-4.0253136E-01,3.31055E+00,2.84180E+00
-4.0251288E-01,3.33008E+00,2.84180E+00
-4.0249440E-01,3.27148E+00,2.82227E+00
-4.0247592E-01,3.31055E+00,2.88086E+00
-4.0245744E-01,3.36914E+00,2.84180E+00
-4.0243896E-01,3.33008E+00,2.93945E+00
-4.0242048E-01,3.31055E+00,2.82227E+00
-4.0240200E-01,3.29102E+00,2.88086E+00
-4.0238352E-01,3.29102E+00,2.82227E+00
-4.0236504E-01,3.29102E+00,2.86133E+00
-4.0234656E-01,3.29102E+00,2.80273E+00
-4.0232808E-01,3.36914E+00,2.86133E+00
-4.0230960E-01,3.34961E+00,2.86133E+00
-4.0229112E-01,3.36914E+00,2.91992E+00
-4.0227264E-01,3.33008E+00,2.84180E+00
-4.0225416E-01,3.34961E+00,2.90039E+00
-4.0223568E-01,3.36914E+00,2.82227E+00
-4.0221720E-01,3.36914E+00,2.93945E+00
-4.0219872E-01,3.34961E+00,2.82227E+00
-4.0218024E-01,3.33008E+00,2.86133E+00
-4.0216176E-01,3.29102E+00,2.80273E+00
-4.0214328E-01,3.38867E+00,2.86133E+00
-4.0212480E-01,3.33008E+00,2.91992E+00
-4.0210632E-01,3.29102E+00,2.86133E+00
-4.0208784E-01,3.34961E+00,2.90039E+00
-4.0206936E-01,3.31055E+00,2.88086E+00
-4.0205088E-01,3.31055E+00,2.86133E+00
-4.0203240E-01,3.29102E+00,2.88086E+00
-4.0201392E-01,3.33008E+00,2.86133E+00
-4.0199544E-01,3.34961E+00,2.86133E+00
-4.0197696E-01,3.29102E+00,2.88086E+00
-4.0195848E-01,3.33008E+00,2.86133E+00
-4.0194000E-01,3.36914E+00,2.84180E+00
-4.0192152E-01,3.31055E+00,2.93945E+00
-4.0190304E-01,3.31055E+00,2.86133E+00
-4.0188456E-01,3.33008E+00,2.80273E+00
-4.0186608E-01,3.29102E+00,2.84180E+00
-4.0184760E-01,3.33008E+00,2.86133E+00
-4.0182912E-01,3.31055E+00,2.86133E+00
-4.0181064E-01,3.25195E+00,2.86133E+00
-4.0179216E-01,3.36914E+00,2.86133E+00
-4.0177368E-01,3.29102E+00,2.86133E+00
-4.0175520E-01,3.34961E+00,2.88086E+00
-4.0173672E-01,3.31055E+00,2.86133E+00
-4.0171824E-01,3.34961E+00,2.86133E+00
-4.0169976E-01,3.29102E+00,2.88086E+00
-4.0168128E-01,3.34961E+00,2.84180E+00
-4.0166280E-01,3.25195E+00,2.86133E+00
-4.0164432E-01,3.27148E+00,2.88086E+00
-4.0162584E-01,3.36914E+00,2.86133E+00
-4.0160736E-01,3.34961E+00,2.91992E+00
-4.0158888E-01,3.31055E+00,2.86133E+00
-4.0157040E-01,3.29102E+00,2.86133E+00
-4.0155192E-01,3.29102E+00,2.86133E+00
-4.0153344E-01,3.27148E+00,2.86133E+00
-4.0151496E-01,3.27148E+00,2.91992E+00
-4.0149648E-01,3.36914E+00,2.86133E+00
-4.0147800E-01,3.34961E+00,2.88086E+00
-4.0145952E-01,3.31055E+00,2.86133E+00
-4.0144104E-01,3.40820E+00,2.88086E+00
-4.0142256E-01,3.33008E+00,2.86133E+00
-4.0140408E-01,3.36914E+00,2.84180E+00
-4.0138560E-01,3.31055E+00,2.86133E+00
-4.0136712E-01,3.29102E+00,2.88086E+00
-4.0134864E-01,3.31055E+00,2.88086E+00
-4.0133016E-01,3.25195E+00,2.91992E+00
-4.0131168E-01,3.36914E+00,2.86133E+00
-4.0129320E-01,3.29102E+00,2.88086E+00
-4.0127472E-01,3.34961E+00,2.90039E+00
-4.0125624E-01,3.29102E+00,2.86133E+00
-4.0123776E-01,3.38867E+00,2.84180E+00
-4.0121928E-01,3.29102E+00,2.88086E+00
-4.0120080E-01,3.40820E+00,2.82227E+00
-4.0118232E-01,3.34961E+00,2.86133E+00
-4.0116384E-01,3.36914E+00,2.86133E+00
-4.0114536E-01,3.34961E+00,2.86133E+00
-4.0112688E-01,3.34961E+00,2.86133E+00
-4.0110840E-01,3.34961E+00,2.88086E+00
-4.0108992E-01,3.29102E+00,2.86133E+00
-4.0107144E-01,3.27148E+00,2.88086E+00
-4.0105296E-01,3.36914E+00,2.84180E+00
-4.0103448E-01,3.33008E+00,2.84180E+00
-4.0101600E-01,3.38867E+00,2.84180E+00
-4.0099752E-01,3.33008E+00,2.91992E+00
-4.0097904E-01,3.25195E+00,2.84180E+00
-4.0096056E-01,3.25195E+00,2.90039E+00
-4.0094208E-01,3.34961E+00,2.86133E+00
-4.0092360E-01,3.34961E+00,2.90039E+00
-4.0090512E-01,3.36914E+00,2.86133E+00
-4.0088664E-01,3.36914E+00,2.86133E+00
-4.0086816E-01,3.44727E+00,2.86133E+00
-4.0084968E-01,3.34961E+00,2.93945E+00
-4.0083120E-01,3.33008E+00,2.88086E+00
-4.0081272E-01,3.27148E+00,2.86133E+00
-4.0079424E-01,3.33008E+00,2.84180E+00
-4.0077576E-01,3.29102E+00,2.84180E+00
-4.0075728E-01,3.40820E+00,2.88086E+00
-4.0073880E-01,3.33008E+00,2.91992E+00
-4.0072032E-01,3.34961E+00,2.86133E+00
-4.0070184E-01,3.31055E+00,2.86133E+00
-4.0068336E-01,3.34961E+00,2.90039E+00
-4.0066488E-01,3.33008E+00,2.91992E+00
-4.0064640E-01,3.34961E+00,2.84180E+00
-4.0062792E-01,3.31055E+00,2.88086E+00
-4.0060944E-01,3.38867E+00,2.86133E+00
-4.0059096E-01,3.31055E+00,2.93945E+00
-4.0057248E-01,3.36914E+00,2.86133E+00
-4.0055400E-01,3.29102E+00,2.93945E+00
-4.0053552E-01,3.31055E+00,2.84180E+00
-4.0051704E-01,3.34961E+00,2.95898E+00
-4.0049856E-01,3.38867E+00,2.82227E+00
-4.0048008E-01,3.36914E+00,2.90039E+00
-4.0046160E-01,3.36914E+00,2.80273E+00
-4.0044312E-01,3.31055E+00,2.90039E+00
-4.0042464E-01,3.27148E+00,2.86133E+00
-4.0040616E-01,3.31055E+00,2.88086E+00
-4.0038768E-01,3.33008E+00,2.84180E+00
-4.0036920E-01,3.31055E+00,2.91992E+00
-4.0035072E-01,3.36914E+00,2.86133E+00
-4.0033224E-01,3.34961E+00,2.88086E+00
-4.0031376E-01,3.29102E+00,2.91992E+00
-4.0029528E-01,3.31055E+00,2.93945E+00
-4.0027680E-01,3.33008E+00,2.91992E+00
-4.0025832E-01,3.29102E+00,2.86133E+00
-4.0023984E-01,3.33008E+00,2.86133E+00
-4.0022136E-01,3.34961E+00,2.93945E+00
-4.0020288E-01,3.34961E+00,2.86133E+00
-4.0018440E-01,3.27148E+00,2.88086E+00
-4.0016592E-01,3.34961E+00,2.82227E+00
-4.0014744E-01,3.38867E+00,2.82227E+00
-4.0012896E-01,3.38867E+00,2.84180E+00
-4.0011048E-01,3.34961E+00,2.93945E+00
-4.0009200E-01,3.29102E+00,2.82227E+00
-4.0007352E-01,3.40820E+00,2.99805E+00
-4.0005504E-01,3.36914E+00,2.86133E+00
-4.0003656E-01,3.29102E+00,2.86133E+00
-4.0001808E-01,3.38867E+00,2.91992E+00
-3.9999960E-01,3.33008E+00,2.95898E+00
-3.9998112E-01,3.31055E+00,2.82227E+00
-3.9996264E-01,3.31055E+00,2.99805E+00
-3.9994416E-01,3.42773E+00,2.90039E+00
-3.9992568E-01,3.29102E+00,2.86133E+00
-3.9990720E-01,3.36914E+00,2.90039E+00
-3.9988872E-01,3.27148E+00,2.90039E+00
-3.9987024E-01,3.36914E+00,2.88086E+00
-3.9985176E-01,3.27148E+00,2.91992E+00
-3.9983328E-01,3.36914E+00,2.82227E+00
-3.9981480E-01,3.31055E+00,2.90039E+00
-3.9979632E-01,3.36914E+00,2.86133E+00
-3.9977784E-01,3.34961E+00,2.86133E+00
-3.9975936E-01,3.33008E+00,2.86133E+00
-3.9974088E-01,3.34961E+00,2.86133E+00
-3.9972240E-01,3.34961E+00,2.95898E+00
-3.9970392E-01,3.36914E+00,2.91992E+00
-3.9968544E-01,3.31055E+00,2.84180E+00
-3.9966696E-01,3.29102E+00,2.97852E+00
-3.9964848E-01,3.25195E+00,2.90039E+00
-3.9963000E-01,3.31055E+00,2.91992E+00
-3.9961152E-01,3.36914E+00,2.86133E+00
-3.9959304E-01,3.34961E+00,2.91992E+00
-3.9957456E-01,3.31055E+00,2.93945E+00
-3.9955608E-01,3.29102E+00,2.88086E+00
-3.9953760E-01,3.36914E+00,2.86133E+00
-3.9951912E-01,3.31055E+00,2.90039E+00
-3.9950064E-01,3.40820E+00,2.80273E+00
-3.9948216E-01,3.36914E+00,2.91992E+00
-3.9946368E-01,3.36914E+00,2.91992E+00
-3.9944520E-01,3.29102E+00,2.90039E+00
-3.9942672E-01,3.34961E+00,2.86133E+00
-3.9940824E-01,3.25195E+00,2.93945E+00
-3.9938976E-01,3.36914E+00,2.93945E+00
-3.9937128E-01,3.36914E+00,2.90039E+00
-3.9935280E-01,3.34961E+00,2.86133E+00
-3.9933432E-01,3.36914E+00,2.93945E+00
-3.9931584E-01,3.29102E+00,2.90039E+00
-3.9929736E-01,3.40820E+00,2.88086E+00
-3.9927888E-01,3.36914E+00,2.86133E+00
-3.9926040E-01,3.36914E+00,2.95898E+00
-3.9924192E-01,3.38867E+00,2.86133E+00
-3.9922344E-01,3.29102E+00,2.95898E+00
-3.9920496E-01,3.34961E+00,2.90039E+00
-3.9918648E-01,3.34961E+00,2.91992E+00
-3.9916800E-01,3.36914E+00,2.90039E+00
-3.9914952E-01,3.33008E+00,2.97852E+00
-3.9913104E-01,3.34961E+00,2.91992E+00
-3.9911256E-01,3.33008E+00,2.93945E+00
-3.9909408E-01,3.40820E+00,2.82227E+00
-3.9907560E-01,3.38867E+00,2.86133E+00
-3.9905712E-01,3.33008E+00,2.90039E+00
-3.9903864E-01,3.34961E+00,2.86133E+00
-3.9902016E-01,3.34961E+00,2.90039E+00
-3.9900168E-01,3.31055E+00,2.93945E+00
-3.9898320E-01,3.31055E+00,2.93945E+00
-3.9896472E-01,3.27148E+00,2.88086E+00
-3.9894624E-01,3.38867E+00,2.88086E+00
-3.9892776E-01,3.34961E+00,2.95898E+00
-3.9890928E-01,3.34961E+00,2.86133E+00
-3.9889080E-01,3.29102E+00,2.90039E+00
-3.9887232E-01,3.33008E+00,2.86133E+00
-3.9885384E-01,3.36914E+00,2.93945E+00
-3.9883536E-01,3.33008E+00,2.88086E+00
-3.9881688E-01,3.34961E+00,2.90039E+00
-3.9879840E-01,3.40820E+00,2.86133E+00
-3.9877992E-01,3.27148E+00,2.93945E+00
-3.9876144E-01,3.29102E+00,2.86133E+00
-3.9874296E-01,3.33008E+00,2.93945E+00
-3.9872448E-01,3.33008E+00,2.90039E+00
-3.9870600E-01,3.33008E+00,2.86133E+00
-3.9868752E-01,3.31055E+00,2.90039E+00
-3.9866904E-01,3.34961E+00,2.91992E+00
-3.9865056E-01,3.36914E+00,2.88086E+00
-3.9863208E-01,3.36914E+00,2.93945E+00
-3.9861360E-01,3.40820E+00,2.91992E+00
-3.9859512E-01,3.23242E+00,2.86133E+00
-3.9857664E-01,3.33008E+00,2.90039E+00
-3.9855816E-01,3.34961E+00,2.91992E+00
-3.9853968E-01,3.31055E+00,2.88086E+00
-3.9852120E-01,3.29102E+00,2.91992E+00
-3.9850272E-01,3.34961E+00,2.91992E+00
-3.9848424E-01,3.34961E+00,2.93945E+00
-3.9846576E-01,3.34961E+00,2.91992E+00
-3.9844728E-01,3.34961E+00,2.91992E+00
-3.9842880E-01,3.36914E+00,2.88086E+00
-3.9841032E-01,3.36914E+00,2.95898E+00
-3.9839184E-01,3.31055E+00,2.91992E+00
-3.9837336E-01,3.36914E+00,2.90039E+00
-3.9835488E-01,3.34961E+00,2.91992E+00
-3.9833640E-01,3.34961E+00,2.93945E+00
-3.9831792E-01,3.34961E+00,2.86133E+00
-3.9829944E-01,3.29102E+00,2.97852E+00
-3.9828096E-01,3.33008E+00,2.93945E+00
-3.9826248E-01,3.34961E+00,2.91992E+00
-3.9824400E-01,3.38867E+00,2.91992E+00
-3.9822552E-01,3.33008E+00,2.91992E+00
-3.9820704E-01,3.36914E+00,2.93945E+00
-3.9818856E-01,3.27148E+00,2.90039E+00
-3.9817008E-01,3.36914E+00,2.93945E+00
-3.9815160E-01,3.40820E+00,2.93945E+00
-3.9813312E-01,3.33008E+00,2.88086E+00
-3.9811464E-01,3.29102E+00,2.91992E+00
-3.9809616E-01,3.34961E+00,2.88086E+00
-3.9807768E-01,3.34961E+00,2.88086E+00
-3.9805920E-01,3.31055E+00,2.88086E+00
-3.9804072E-01,3.34961E+00,2.90039E+00
-3.9802224E-01,3.34961E+00,2.91992E+00
-3.9800376E-01,3.36914E+00,2.95898E+00
-3.9798528E-01,3.34961E+00,2.91992E+00
-3.9796680E-01,3.36914E+00,2.95898E+00
-3.9794832E-01,3.31055E+00,2.93945E+00
-3.9792984E-01,3.36914E+00,2.91992E+00
-3.9791136E-01,3.31055E+00,2.93945E+00
-3.9789288E-01,3.36914E+00,2.93945E+00
-3.9787440E-01,3.40820E+00,2.91992E+00
-3.9785592E-01,3.34961E+00,2.91992E+00
-3.9783744E-01,3.33008E+00,2.90039E+00
-3.9781896E-01,3.33008E+00,2.97852E+00
-3.9780048E-01,3.33008E+00,2.95898E+00
-3.9778200E-01,3.34961E+00,3.01758E+00
-3.9776352E-01,3.31055E+00,2.90039E+00
-3.9774504E-01,3.34961E+00,2.99805E+00
-3.9772656E-01,3.33008E+00,2.91992E+00
-3.9770808E-01,3.29102E+00,2.93945E+00
-3.9768960E-01,3.36914E+00,2.93945E+00
-3.9767112E-01,3.34961E+00,2.90039E+00
-3.9765264E-01,3.36914E+00,2.91992E+00
-3.9763416E-01,3.29102E+00,2.90039E+00
-3.9761568E-01,3.31055E+00,2.86133E+00
-3.9759720E-01,3.34961E+00,2.91992E+00
-3.9757872E-01,3.36914E+00,2.91992E+00
-3.9756024E-01,3.34961E+00,2.95898E+00
-3.9754176E-01,3.36914E+00,2.93945E+00
-3.9752328E-01,3.34961E+00,2.95898E+00
-3.9750480E-01,3.33008E+00,2.91992E+00
-3.9748632E-01,3.34961E+00,2.93945E+00
-3.9746784E-01,3.42773E+00,2.91992E+00
-3.9744936E-01,3.33008E+00,2.93945E+00
-3.9743088E-01,3.38867E+00,2.90039E+00
-3.9741240E-01,3.38867E+00,2.90039E+00
-3.9739392E-01,3.33008E+00,2.88086E+00
-3.9737544E-01,3.40820E+00,2.91992E+00
-3.9735696E-01,3.33008E+00,2.88086E+00
-3.9733848E-01,3.38867E+00,2.91992E+00
-3.9732000E-01,3.36914E+00,2.90039E+00
-3.9730152E-01,3.34961E+00,2.93945E+00
-3.9728304E-01,3.36914E+00,2.90039E+00
-3.9726456E-01,3.27148E+00,2.93945E+00
-3.9724608E-01,3.36914E+00,2.93945E+00
-3.9722760E-01,3.31055E+00,2.91992E+00
-3.9720912E-01,3.34961E+00,2.90039E+00
-3.9719064E-01,3.31055E+00,2.93945E+00
-3.9717216E-01,3.34961E+00,2.88086E+00
-3.9715368E-01,3.33008E+00,2.97852E+00
-3.9713520E-01,3.34961E+00,2.90039E+00
-3.9711672E-01,3.36914E+00,2.95898E+00
-3.9709824E-01,3.31055E+00,2.91992E+00
-3.9707976E-01,3.36914E+00,2.91992E+00
-3.9706128E-01,3.31055E+00,2.91992E+00
-3.9704280E-01,3.33008E+00,2.95898E+00
-3.9702432E-01,3.29102E+00,2.88086E+00
-3.9700584E-01,3.31055E+00,2.93945E+00
-3.9698736E-01,3.31055E+00,2.91992E+00
-3.9696888E-01,3.38867E+00,2.93945E+00
-3.9695040E-01,3.36914E+00,2.90039E+00
-3.9693192E-01,3.36914E+00,2.93945E+00
-3.9691344E-01,3.40820E+00,2.91992E+00
-3.9689496E-01,3.31055E+00,2.93945E+00
-3.9687648E-01,3.31055E+00,2.91992E+00
-3.9685800E-01,3.33008E+00,2.95898E+00
-3.9683952E-01,3.38867E+00,2.93945E+00
-3.9682104E-01,3.36914E+00,2.93945E+00
-3.9680256E-01,3.31055E+00,2.86133E+00
-3.9678408E-01,3.36914E+00,2.93945E+00
-3.9676560E-01,3.33008E+00,2.93945E+00
-3.9674712E-01,3.34961E+00,2.99805E+00
-3.9672864E-01,3.29102E+00,2.93945E+00
-3.9671016E-01,3.36914E+00,2.90039E+00
-3.9669168E-01,3.38867E+00,2.88086E+00
-3.9667320E-01,3.29102E+00,2.88086E+00
-3.9665472E-01,3.33008E+00,2.91992E+00
-3.9663624E-01,3.36914E+00,2.97852E+00
-3.9661776E-01,3.38867E+00,2.88086E+00
-3.9659928E-01,3.29102E+00,2.93945E+00
-3.9658080E-01,3.40820E+00,2.91992E+00
-3.9656232E-01,3.36914E+00,2.95898E+00
-3.9654384E-01,3.33008E+00,2.93945E+00
-3.9652536E-01,3.34961E+00,2.90039E+00
-3.9650688E-01,3.36914E+00,2.88086E+00
-3.9648840E-01,3.33008E+00,2.97852E+00
-3.9646992E-01,3.38867E+00,2.97852E+00
-3.9645144E-01,3.36914E+00,2.93945E+00
-3.9643296E-01,3.40820E+00,2.93945E+00
-3.9641448E-01,3.29102E+00,2.97852E+00
-3.9639600E-01,3.33008E+00,2.93945E+00
-3.9637752E-01,3.33008E+00,2.95898E+00
-3.9635904E-01,3.36914E+00,2.93945E+00
-3.9634056E-01,3.33008E+00,2.97852E+00
-3.9632208E-01,3.34961E+00,2.95898E+00
-3.9630360E-01,3.29102E+00,2.91992E+00
-3.9628512E-01,3.38867E+00,2.91992E+00
-3.9626664E-01,3.38867E+00,2.95898E+00
-3.9624816E-01,3.31055E+00,2.91992E+00
-3.9622968E-01,3.34961E+00,2.93945E+00
-3.9621120E-01,3.36914E+00,2.93945E+00
-3.9619272E-01,3.29102E+00,2.90039E+00
-3.9617424E-01,3.27148E+00,2.95898E+00
-3.9615576E-01,3.31055E+00,2.91992E+00
-3.9613728E-01,3.36914E+00,2.82227E+00
-3.9611880E-01,3.36914E+00,2.95898E+00
-3.9610032E-01,3.33008E+00,2.93945E+00
-3.9608184E-01,3.27148E+00,2.97852E+00
-3.9606336E-01,3.33008E+00,2.93945E+00
-3.9604488E-01,3.42773E+00,2.95898E+00
-3.9602640E-01,3.34961E+00,2.93945E+00
-3.9600792E-01,3.31055E+00,2.93945E+00
-3.9598944E-01,3.36914E+00,2.93945E+00
-3.9597096E-01,3.40820E+00,2.91992E+00
-3.9595248E-01,3.36914E+00,2.91992E+00
-3.9593400E-01,3.34961E+00,2.95898E+00
-3.9591552E-01,3.33008E+00,2.90039E+00
-3.9589704E-01,3.29102E+00,2.95898E+00
-3.9587856E-01,3.34961E+00,2.91992E+00
-3.9586008E-01,3.36914E+00,2.95898E+00
-3.9584160E-01,3.36914E+00,2.99805E+00
-3.9582312E-01,3.31055E+00,2.93945E+00
-3.9580464E-01,3.42773E+00,2.93945E+00
-3.9578616E-01,3.42773E+00,2.99805E+00
-3.9576768E-01,3.36914E+00,2.95898E+00
-3.9574920E-01,3.29102E+00,2.97852E+00
-3.9573072E-01,3.29102E+00,2.91992E+00
-3.9571224E-01,3.31055E+00,2.99805E+00
-3.9569376E-01,3.44727E+00,2.90039E+00
-3.9567528E-01,3.31055E+00,2.97852E+00
-3.9565680E-01,3.36914E+00,2.90039E+00
-3.9563832E-01,3.42773E+00,2.95898E+00
-3.9561984E-01,3.34961E+00,2.88086E+00
-3.9560136E-01,3.33008E+00,2.99805E+00
-3.9558288E-01,3.34961E+00,2.93945E+00
-3.9556440E-01,3.31055E+00,2.84180E+00
-3.9554592E-01,3.36914E+00,2.97852E+00
-3.9552744E-01,3.31055E+00,2.90039E+00
-3.9550896E-01,3.36914E+00,2.91992E+00
-3.9549048E-01,3.34961E+00,2.99805E+00
-3.9547200E-01,3.33008E+00,2.90039E+00
-3.9545352E-01,3.34961E+00,2.95898E+00
-3.9543504E-01,3.29102E+00,2.95898E+00
-3.9541656E-01,3.34961E+00,2.95898E+00
-3.9539808E-01,3.38867E+00,2.90039E+00
-3.9537960E-01,3.33008E+00,2.91992E+00
-3.9536112E-01,3.42773E+00,2.90039E+00
-3.9534264E-01,3.33008E+00,2.97852E+00
-3.9532416E-01,3.31055E+00,2.88086E+00
-3.9530568E-01,3.36914E+00,2.99805E+00
-3.9528720E-01,3.34961E+00,2.91992E+00
-3.9526872E-01,3.33008E+00,2.95898E+00
-3.9525024E-01,3.38867E+00,2.97852E+00
-3.9523176E-01,3.38867E+00,2.90039E+00
-3.9521328E-01,3.40820E+00,2.93945E+00
-3.9519480E-01,3.36914E+00,2.97852E+00
-3.9517632E-01,3.34961E+00,2.90039E+00
-3.9515784E-01,3.31055E+00,2.97852E+00
-3.9513936E-01,3.33008E+00,2.93945E+00
-3.9512088E-01,3.33008E+00,2.97852E+00
-3.9510240E-01,3.36914E+00,3.03711E+00
-3.9508392E-01,3.36914E+00,2.99805E+00
-3.9506544E-01,3.40820E+00,2.91992E+00
-3.9504696E-01,3.36914E+00,2.93945E+00
-3.9502848E-01,3.34961E+00,2.93945E+00
-3.9501000E-01,3.36914E+00,2.91992E+00
-3.9499152E-01,3.36914E+00,2.86133E+00
-3.9497304E-01,3.36914E+00,2.93945E+00
-3.9495456E-01,3.36914E+00,2.88086E+00
-3.9493608E-01,3.33008E+00,2.97852E+00
-3.9491760E-01,3.34961E+00,2.93945E+00
-3.9489912E-01,3.36914E+00,2.95898E+00
-3.9488064E-01,3.44727E+00,2.99805E+00
-3.9486216E-01,3.25195E+00,2.91992E+00
-3.9484368E-01,3.36914E+00,2.93945E+00
-3.9482520E-01,3.38867E+00,2.93945E+00
-3.9480672E-01,3.36914E+00,2.93945E+00
-3.9478824E-01,3.33008E+00,2.93945E+00
-3.9476976E-01,3.36914E+00,2.91992E+00
-3.9475128E-01,3.34961E+00,2.93945E+00
-3.9473280E-01,3.36914E+00,2.99805E+00
-3.9471432E-01,3.38867E+00,2.95898E+00
-3.9469584E-01,3.34961E+00,2.91992E+00
-3.9467736E-01,3.36914E+00,2.90039E+00
-3.9465888E-01,3.38867E+00,2.95898E+00
-3.9464040E-01,3.31055E+00,2.97852E+00
-3.9462192E-01,3.34961E+00,2.95898E+00
-3.9460344E-01,3.31055E+00,2.95898E+00
-3.9458496E-01,3.36914E+00,2.91992E+00
-3.9456648E-01,3.36914E+00,3.01758E+00
-3.9454800E-01,3.46680E+00,2.97852E+00
-3.9452952E-01,3.36914E+00,2.95898E+00
-3.9451104E-01,3.31055E+00,2.93945E+00
-3.9449256E-01,3.29102E+00,2.95898E+00
-3.9447408E-01,3.36914E+00,2.99805E+00
-3.9445560E-01,3.38867E+00,3.01758E+00
-3.9443712E-01,3.36914E+00,2.93945E+00
-3.9441864E-01,3.36914E+00,2.90039E+00
-3.9440016E-01,3.34961E+00,2.93945E+00
-3.9438168E-01,3.31055E+00,2.95898E+00
-3.9436320E-01,3.42773E+00,3.01758E+00
-3.9434472E-01,3.27148E+00,3.01758E+00
-3.9432624E-01,3.34961E+00,2.93945E+00
-3.9430776E-01,3.34961E+00,2.95898E+00
-3.9428928E-01,3.36914E+00,2.88086E+00
-3.9427080E-01,3.25195E+00,2.97852E+00
-3.9425232E-01,3.36914E+00,2.93945E+00
-3.9423384E-01,3.33008E+00,3.03711E+00
-3.9421536E-01,3.29102E+00,2.95898E+00
-3.9419688E-01,3.34961E+00,2.95898E+00
-3.9417840E-01,3.44727E+00,2.91992E+00
-3.9415992E-01,3.31055E+00,2.97852E+00
-3.9414144E-01,3.44727E+00,2.93945E+00
-3.9412296E-01,3.33008E+00,2.97852E+00
-3.9410448E-01,3.31055E+00,2.99805E+00
-3.9408600E-01,3.34961E+00,2.99805E+00
-3.9406752E-01,3.38867E+00,2.95898E+00
-3.9404904E-01,3.31055E+00,2.99805E+00
-3.9403056E-01,3.31055E+00,2.93945E+00
-3.9401208E-01,3.34961E+00,3.05664E+00
-3.9399360E-01,3.42773E+00,2.95898E+00
-3.9397512E-01,3.38867E+00,3.01758E+00
-3.9395664E-01,3.36914E+00,2.95898E+00
-3.9393816E-01,3.31055E+00,2.99805E+00
-3.9391968E-01,3.44727E+00,2.93945E+00
-3.9390120E-01,3.27148E+00,2.99805E+00
-3.9388272E-01,3.36914E+00,2.91992E+00
-3.9386424E-01,3.29102E+00,2.93945E+00
-3.9384576E-01,3.40820E+00,2.99805E+00
-3.9382728E-01,3.31055E+00,2.97852E+00
-3.9380880E-01,3.36914E+00,2.93945E+00
-3.9379032E-01,3.31055E+00,3.01758E+00
-3.9377184E-01,3.42773E+00,2.95898E+00
-3.9375336E-01,3.36914E+00,2.95898E+00
-3.9373488E-01,3.40820E+00,2.93945E+00
-3.9371640E-01,3.36914E+00,2.97852E+00
-3.9369792E-01,3.33008E+00,2.99805E+00
-3.9367944E-01,3.34961E+00,3.01758E+00
-3.9366096E-01,3.29102E+00,2.93945E+00
-3.9364248E-01,3.34961E+00,2.97852E+00
-3.9362400E-01,3.34961E+00,2.95898E+00
-3.9360552E-01,3.33008E+00,3.03711E+00
-3.9358704E-01,3.36914E+00,2.93945E+00
-3.9356856E-01,3.31055E+00,2.99805E+00
-3.9355008E-01,3.36914E+00,3.03711E+00
-3.9353160E-01,3.34961E+00,2.93945E+00
-3.9351312E-01,3.33008E+00,2.97852E+00
-3.9349464E-01,3.36914E+00,2.97852E+00
-3.9347616E-01,3.34961E+00,2.99805E+00
-3.9345768E-01,3.31055E+00,2.95898E+00
-3.9343920E-01,3.36914E+00,3.05664E+00
-3.9342072E-01,3.36914E+00,3.03711E+00
-3.9340224E-01,3.25195E+00,2.95898E+00
-3.9338376E-01,3.36914E+00,2.90039E+00
-3.9336528E-01,3.33008E+00,2.99805E+00
-3.9334680E-01,3.36914E+00,3.01758E+00
-3.9332832E-01,3.40820E+00,2.93945E+00
-3.9330984E-01,3.34961E+00,2.99805E+00
-3.9329136E-01,3.40820E+00,2.91992E+00
-3.9327288E-01,3.36914E+00,2.99805E+00
-3.9325440E-01,3.40820E+00,2.95898E+00
-3.9323592E-01,3.40820E+00,2.99805E+00
-3.9321744E-01,3.40820E+00,2.93945E+00
-3.9319896E-01,3.36914E+00,2.99805E+00
-3.9318048E-01,3.34961E+00,2.99805E+00
-3.9316200E-01,3.34961E+00,3.01758E+00
-3.9314352E-01,3.36914E+00,2.97852E+00
-3.9312504E-01,3.34961E+00,2.97852E+00
-3.9310656E-01,3.38867E+00,2.99805E+00
-3.9308808E-01,3.29102E+00,2.99805E+00
-3.9306960E-01,3.38867E+00,2.99805E+00
-3.9305112E-01,3.44727E+00,3.03711E+00
-3.9303264E-01,3.36914E+00,2.90039E+00
-3.9301416E-01,3.40820E+00,2.97852E+00
-3.9299568E-01,3.33008E+00,3.03711E+00
-3.9297720E-01,3.31055E+00,2.95898E+00
-3.9295872E-01,3.36914E+00,2.97852E+00
-3.9294024E-01,3.36914E+00,3.01758E+00
-3.9292176E-01,3.44727E+00,2.97852E+00
-3.9290328E-01,3.31055E+00,2.97852E+00
-3.9288480E-01,3.40820E+00,2.95898E+00
-3.9286632E-01,3.36914E+00,2.95898E+00
-3.9284784E-01,3.42773E+00,2.93945E+00
-3.9282936E-01,3.36914E+00,3.05664E+00
-3.9281088E-01,3.31055E+00,2.93945E+00
-3.9279240E-01,3.38867E+00,2.99805E+00
-3.9277392E-01,3.36914E+00,2.91992E+00
-3.9275544E-01,3.34961E+00,3.01758E+00
-3.9273696E-01,3.36914E+00,3.01758E+00
-3.9271848E-01,3.40820E+00,2.99805E+00
-3.9270000E-01,3.34961E+00,2.97852E+00
-3.9268152E-01,3.33008E+00,2.97852E+00
-3.9266304E-01,3.31055E+00,2.93945E+00
-3.9264456E-01,3.34961E+00,2.93945E+00
-3.9262608E-01,3.36914E+00,2.95898E+00
-3.9260760E-01,3.36914E+00,2.93945E+00
-3.9258912E-01,3.42773E+00,2.95898E+00
-3.9257064E-01,3.34961E+00,3.01758E+00
-3.9255216E-01,3.38867E+00,2.93945E+00
-3.9253368E-01,3.38867E+00,3.03711E+00
-3.9251520E-01,3.38867E+00,2.99805E+00
-3.9249672E-01,3.31055E+00,2.99805E+00
-3.9247824E-01,3.33008E+00,2.99805E+00
-3.9245976E-01,3.36914E+00,3.01758E+00
-3.9244128E-01,3.36914E+00,2.99805E+00
-3.9242280E-01,3.33008E+00,3.03711E+00
-3.9240432E-01,3.33008E+00,2.99805E+00
-3.9238584E-01,3.36914E+00,3.03711E+00
-3.9236736E-01,3.40820E+00,3.01758E+00
-3.9234888E-01,3.40820E+00,2.99805E+00
-3.9233040E-01,3.38867E+00,3.03711E+00
-3.9231192E-01,3.36914E+00,2.97852E+00
-3.9229344E-01,3.36914E+00,2.95898E+00
-3.9227496E-01,3.29102E+00,3.01758E+00
-3.9225648E-01,3.34961E+00,2.97852E+00
-3.9223800E-01,3.36914E+00,2.97852E+00
-3.9221952E-01,3.38867E+00,2.97852E+00
-3.9220104E-01,3.38867E+00,2.99805E+00
-3.9218256E-01,3.38867E+00,2.97852E+00
-3.9216408E-01,3.44727E+00,3.07617E+00
-3.9214560E-01,3.36914E+00,2.97852E+00
-3.9212712E-01,3.34961E+00,3.01758E+00
-3.9210864E-01,3.36914E+00,2.93945E+00
-3.9209016E-01,3.38867E+00,3.03711E+00
-3.9207168E-01,3.36914E+00,3.03711E+00
-3.9205320E-01,3.31055E+00,3.03711E+00
-3.9203472E-01,3.36914E+00,3.05664E+00
-3.9201624E-01,3.36914E+00,3.03711E+00
-3.9199776E-01,3.36914E+00,2.99805E+00
-3.9197928E-01,3.36914E+00,3.01758E+00
-3.9196080E-01,3.33008E+00,2.93945E+00
-3.9194232E-01,3.33008E+00,3.01758E+00
-3.9192384E-01,3.40820E+00,2.99805E+00
-3.9190536E-01,3.33008E+00,2.99805E+00
-3.9188688E-01,3.36914E+00,2.97852E+00
-3.9186840E-01,3.36914E+00,2.99805E+00
-3.9184992E-01,3.33008E+00,2.97852E+00
-3.9183144E-01,3.31055E+00,3.01758E+00
-3.9181296E-01,3.38867E+00,3.01758E+00
-3.9179448E-01,3.34961E+00,3.03711E+00
-3.9177600E-01,3.38867E+00,2.97852E+00
-3.9175752E-01,3.36914E+00,3.05664E+00
-3.9173904E-01,3.36914E+00,2.97852E+00
-3.9172056E-01,3.36914E+00,3.05664E+00
-3.9170208E-01,3.34961E+00,2.93945E+00
-3.9168360E-01,3.36914E+00,3.01758E+00
-3.9166512E-01,3.31055E+00,2.95898E+00
-3.9164664E-01,3.38867E+00,3.01758E+00
-3.9162816E-01,3.34961E+00,2.99805E+00
-3.9160968E-01,3.38867E+00,3.05664E+00
-3.9159120E-01,3.44727E+00,2.99805E+00
-3.9157272E-01,3.31055E+00,2.97852E+00
-3.9155424E-01,3.33008E+00,2.95898E+00
-3.9153576E-01,3.34961E+00,3.03711E+00
-3.9151728E-01,3.36914E+00,2.99805E+00
-3.9149880E-01,3.36914E+00,2.99805E+00
-3.9148032E-01,3.38867E+00,3.03711E+00
-3.9146184E-01,3.40820E+00,3.09570E+00
-3.9144336E-01,3.36914E+00,3.07617E+00
-3.9142488E-01,3.40820E+00,2.97852E+00
-3.9140640E-01,3.42773E+00,2.97852E+00
-3.9138792E-01,3.38867E+00,3.03711E+00
-3.9136944E-01,3.38867E+00,3.03711E+00
-3.9135096E-01,3.38867E+00,3.01758E+00
-3.9133248E-01,3.36914E+00,3.07617E+00
-3.9131400E-01,3.38867E+00,2.95898E+00
-3.9129552E-01,3.34961E+00,2.99805E+00
-3.9127704E-01,3.38867E+00,2.99805E+00
-3.9125856E-01,3.40820E+00,2.93945E+00
-3.9124008E-01,3.40820E+00,2.99805E+00
-3.9122160E-01,3.38867E+00,2.99805E+00
-3.9120312E-01,3.40820E+00,3.07617E+00
-3.9118464E-01,3.33008E+00,2.99805E+00
-3.9116616E-01,3.38867E+00,2.99805E+00
-3.9114768E-01,3.40820E+00,2.93945E+00
-3.9112920E-01,3.36914E+00,3.01758E+00
-3.9111072E-01,3.40820E+00,3.07617E+00
-3.9109224E-01,3.36914E+00,3.01758E+00
-3.9107376E-01,3.31055E+00,2.99805E+00
-3.9105528E-01,3.36914E+00,3.01758E+00
-3.9103680E-01,3.48633E+00,2.95898E+00
-3.9101832E-01,3.36914E+00,3.07617E+00
-3.9099984E-01,3.36914E+00,2.99805E+00
-3.9098136E-01,3.33008E+00,3.05664E+00
-3.9096288E-01,3.42773E+00,3.05664E+00
-3.9094440E-01,3.38867E+00,3.01758E+00
-3.9092592E-01,3.34961E+00,2.99805E+00
-3.9090744E-01,3.38867E+00,2.97852E+00
-3.9088896E-01,3.36914E+00,2.99805E+00
-3.9087048E-01,3.40820E+00,3.01758E+00
-3.9085200E-01,3.31055E+00,2.99805E+00
-3.9083352E-01,3.36914E+00,3.01758E+00
-3.9081504E-01,3.38867E+00,2.93945E+00
-3.9079656E-01,3.34961E+00,3.05664E+00
-3.9077808E-01,3.33008E+00,2.95898E+00
-3.9075960E-01,3.36914E+00,3.01758E+00
-3.9074112E-01,3.31055E+00,3.01758E+00
-3.9072264E-01,3.40820E+00,3.05664E+00
-3.9070416E-01,3.38867E+00,3.03711E+00
-3.9068568E-01,3.40820E+00,3.01758E+00
-3.9066720E-01,3.40820E+00,2.95898E+00
-3.9064872E-01,3.33008E+00,3.01758E+00
-3.9063024E-01,3.36914E+00,2.99805E+00
-3.9061176E-01,3.36914E+00,3.01758E+00
-3.9059328E-01,3.36914E+00,2.97852E+00
-3.9057480E-01,3.34961E+00,3.05664E+00
-3.9055632E-01,3.36914E+00,2.99805E+00
-3.9053784E-01,3.38867E+00,3.07617E+00
-3.9051936E-01,3.42773E+00,3.01758E+00
-3.9050088E-01,3.34961E+00,3.03711E+00
-3.9048240E-01,3.38867E+00,2.99805E+00
-3.9046392E-01,3.44727E+00,3.01758E+00
-3.9044544E-01,3.42773E+00,2.99805E+00
-3.9042696E-01,3.42773E+00,3.01758E+00
-3.9040848E-01,3.42773E+00,3.01758E+00
-3.9039000E-01,3.36914E+00,3.05664E+00
-3.9037152E-01,3.38867E+00,3.01758E+00
-3.9035304E-01,3.29102E+00,2.97852E+00
-3.9033456E-01,3.36914E+00,3.01758E+00
-3.9031608E-01,3.36914E+00,3.01758E+00
-3.9029760E-01,3.33008E+00,3.03711E+00
-3.9027912E-01,3.36914E+00,3.05664E+00
-3.9026064E-01,3.40820E+00,3.01758E+00
-3.9024216E-01,3.31055E+00,3.01758E+00
-3.9022368E-01,3.36914E+00,3.01758E+00
-3.9020520E-01,3.31055E+00,3.03711E+00
-3.9018672E-01,3.42773E+00,3.01758E+00
-3.9016824E-01,3.36914E+00,3.01758E+00
-3.9014976E-01,3.44727E+00,3.01758E+00
-3.9013128E-01,3.34961E+00,2.99805E+00
-3.9011280E-01,3.36914E+00,2.95898E+00
-3.9009432E-01,3.31055E+00,3.05664E+00
-3.9007584E-01,3.36914E+00,2.95898E+00
-3.9005736E-01,3.34961E+00,3.05664E+00
-3.9003888E-01,3.46680E+00,3.05664E+00
-3.9002040E-01,3.44727E+00,3.05664E+00
-3.9000192E-01,3.40820E+00,3.03711E+00
-3.8998344E-01,3.38867E+00,3.01758E+00
-3.8996496E-01,3.38867E+00,3.03711E+00
-3.8994648E-01,3.36914E+00,2.97852E+00
-3.8992800E-01,3.29102E+00,3.03711E+00
-3.8990952E-01,3.38867E+00,3.07617E+00
-3.8989104E-01,3.36914E+00,3.03711E+00
-3.8987256E-01,3.40820E+00,3.03711E+00
-3.8985408E-01,3.36914E+00,3.07617E+00
-3.8983560E-01,3.36914E+00,2.99805E+00
-3.8981712E-01,3.42773E+00,3.05664E+00
-3.8979864E-01,3.31055E+00,3.05664E+00
-3.8978016E-01,3.38867E+00,2.99805E+00
-3.8976168E-01,3.36914E+00,3.01758E+00
-3.8974320E-01,3.36914E+00,3.03711E+00
-3.8972472E-01,3.34961E+00,3.07617E+00
-3.8970624E-01,3.42773E+00,2.97852E+00
-3.8968776E-01,3.38867E+00,3.01758E+00
-3.8966928E-01,3.42773E+00,3.05664E+00
-3.8965080E-01,3.34961E+00,3.07617E+00
-3.8963232E-01,3.36914E+00,3.07617E+00
-3.8961384E-01,3.42773E+00,3.07617E+00
-3.8959536E-01,3.34961E+00,3.01758E+00
-3.8957688E-01,3.40820E+00,3.01758E+00
-3.8955840E-01,3.34961E+00,3.03711E+00
-3.8953992E-01,3.33008E+00,3.05664E+00
-3.8952144E-01,3.40820E+00,3.03711E+00
-3.8950296E-01,3.38867E+00,3.07617E+00
-3.8948448E-01,3.42773E+00,3.05664E+00
-3.8946600E-01,3.40820E+00,2.99805E+00
-3.8944752E-01,3.40820E+00,2.99805E+00
-3.8942904E-01,3.36914E+00,3.01758E+00
-3.8941056E-01,3.42773E+00,3.01758E+00
-3.8939208E-01,3.36914E+00,3.09570E+00
-3.8937360E-01,3.42773E+00,3.01758E+00
-3.8935512E-01,3.33008E+00,3.11523E+00
-3.8933664E-01,3.34961E+00,3.03711E+00
-3.8931816E-01,3.42773E+00,3.11523E+00
-3.8929968E-01,3.36914E+00,3.03711E+00
-3.8928120E-01,3.38867E+00,3.03711E+00
-3.8926272E-01,3.48633E+00,3.05664E+00
-3.8924424E-01,3.33008E+00,3.01758E+00
-3.8922576E-01,3.38867E+00,3.03711E+00
-3.8920728E-01,3.40820E+00,3.07617E+00
-3.8918880E-01,3.36914E+00,3.01758E+00
-3.8917032E-01,3.40820E+00,3.01758E+00
-3.8915184E-01,3.36914E+00,3.01758E+00
-3.8913336E-01,3.40820E+00,3.09570E+00
-3.8911488E-01,3.40820E+00,3.07617E+00
-3.8909640E-01,3.36914E+00,3.05664E+00
-3.8907792E-01,3.34961E+00,3.07617E+00
-3.8905944E-01,3.29102E+00,3.05664E+00
-3.8904096E-01,3.42773E+00,3.01758E+00
-3.8902248E-01,3.42773E+00,3.07617E+00
-3.8900400E-01,3.46680E+00,3.05664E+00
-3.8898552E-01,3.34961E+00,3.07617E+00
-3.8896704E-01,3.34961E+00,3.05664E+00
-3.8894856E-01,3.38867E+00,3.07617E+00
-3.8893008E-01,3.34961E+00,2.97852E+00
-3.8891160E-01,3.36914E+00,3.01758E+00
-3.8889312E-01,3.36914E+00,2.99805E+00
-3.8887464E-01,3.36914E+00,3.11523E+00
-3.8885616E-01,3.48633E+00,3.01758E+00
-3.8883768E-01,3.36914E+00,3.01758E+00
-3.8881920E-01,3.38867E+00,2.99805E+00
-3.8880072E-01,3.40820E+00,3.07617E+00
-3.8878224E-01,3.40820E+00,3.07617E+00
-3.8876376E-01,3.36914E+00,3.09570E+00
-3.8874528E-01,3.33008E+00,3.01758E+00
-3.8872680E-01,3.42773E+00,3.05664E+00
-3.8870832E-01,3.38867E+00,3.07617E+00
-3.8868984E-01,3.44727E+00,3.07617E+00
-3.8867136E-01,3.36914E+00,3.07617E+00
-3.8865288E-01,3.40820E+00,3.07617E+00
-3.8863440E-01,3.46680E+00,2.95898E+00
-3.8861592E-01,3.44727E+00,3.07617E+00
-3.8859744E-01,3.38867E+00,3.07617E+00
-3.8857896E-01,3.44727E+00,3.07617E+00
-3.8856048E-01,3.38867E+00,3.07617E+00
-3.8854200E-01,3.36914E+00,3.05664E+00
-3.8852352E-01,3.40820E+00,3.05664E+00
-3.8850504E-01,3.40820E+00,3.05664E+00
-3.8848656E-01,3.36914E+00,3.01758E+00
-3.8846808E-01,3.38867E+00,3.05664E+00
-3.8844960E-01,3.36914E+00,3.03711E+00
-3.8843112E-01,3.38867E+00,3.07617E+00
-3.8841264E-01,3.40820E+00,3.03711E+00
-3.8839416E-01,3.44727E+00,3.01758E+00
-3.8837568E-01,3.36914E+00,3.05664E+00
-3.8835720E-01,3.36914E+00,3.09570E+00
-3.8833872E-01,3.36914E+00,3.07617E+00
-3.8832024E-01,3.34961E+00,3.05664E+00
-3.8830176E-01,3.38867E+00,3.03711E+00
-3.8828328E-01,3.42773E+00,3.07617E+00
-3.8826480E-01,3.40820E+00,3.03711E+00
-3.8824632E-01,3.36914E+00,3.01758E+00
-3.8822784E-01,3.44727E+00,3.07617E+00
-3.8820936E-01,3.36914E+00,3.03711E+00
-3.8819088E-01,3.46680E+00,3.05664E+00
-3.8817240E-01,3.36914E+00,3.11523E+00
-3.8815392E-01,3.36914E+00,3.07617E+00
-3.8813544E-01,3.36914E+00,3.01758E+00
-3.8811696E-01,3.36914E+00,3.05664E+00
-3.8809848E-01,3.36914E+00,3.03711E+00
-3.8808000E-01,3.36914E+00,3.03711E+00
-3.8806152E-01,3.34961E+00,3.03711E+00
-3.8804304E-01,3.31055E+00,2.99805E+00
-3.8802456E-01,3.29102E+00,3.07617E+00
-3.8800608E-01,3.42773E+00,3.07617E+00
-3.8798760E-01,3.31055E+00,3.07617E+00
-3.8796912E-01,3.40820E+00,3.07617E+00
-3.8795064E-01,3.31055E+00,3.09570E+00
-3.8793216E-01,3.36914E+00,3.07617E+00
-3.8791368E-01,3.34961E+00,3.01758E+00
-3.8789520E-01,3.34961E+00,3.05664E+00
-3.8787672E-01,3.34961E+00,3.13477E+00
-3.8785824E-01,3.36914E+00,3.05664E+00
-3.8783976E-01,3.34961E+00,3.07617E+00
-3.8782128E-01,3.42773E+00,3.07617E+00
-3.8780280E-01,3.33008E+00,3.07617E+00
-3.8778432E-01,3.36914E+00,3.07617E+00
-3.8776584E-01,3.40820E+00,3.05664E+00
-3.8774736E-01,3.36914E+00,2.99805E+00
-3.8772888E-01,3.42773E+00,3.01758E+00
-3.8771040E-01,3.48633E+00,3.07617E+00
-3.8769192E-01,3.36914E+00,3.01758E+00
-3.8767344E-01,3.34961E+00,3.03711E+00
-3.8765496E-01,3.38867E+00,3.07617E+00
-3.8763648E-01,3.36914E+00,3.11523E+00
-3.8761800E-01,3.42773E+00,3.01758E+00
-3.8759952E-01,3.42773E+00,3.07617E+00
-3.8758104E-01,3.36914E+00,3.01758E+00
-3.8756256E-01,3.36914E+00,3.07617E+00
-3.8754408E-01,3.36914E+00,3.07617E+00
-3.8752560E-01,3.42773E+00,3.07617E+00
-3.8750712E-01,3.36914E+00,3.05664E+00
-3.8748864E-01,3.36914E+00,3.07617E+00
-3.8747016E-01,3.40820E+00,3.11523E+00
-3.8745168E-01,3.46680E+00,3.03711E+00
-3.8743320E-01,3.34961E+00,3.07617E+00
-3.8741472E-01,3.40820E+00,3.07617E+00
-3.8739624E-01,3.42773E+00,3.09570E+00
-3.8737776E-01,3.42773E+00,3.03711E+00
-3.8735928E-01,3.38867E+00,3.11523E+00
-3.8734080E-01,3.36914E+00,3.03711E+00
-3.8732232E-01,3.34961E+00,3.07617E+00
-3.8730384E-01,3.33008E+00,3.07617E+00
-3.8728536E-01,3.40820E+00,3.09570E+00
-3.8726688E-01,3.34961E+00,3.03711E+00
-3.8724840E-01,3.38867E+00,3.09570E+00
-3.8722992E-01,3.42773E+00,3.01758E+00
-3.8721144E-01,3.38867E+00,3.05664E+00
-3.8719296E-01,3.36914E+00,3.07617E+00
-3.8717448E-01,3.34961E+00,3.07617E+00
-3.8715600E-01,3.31055E+00,3.05664E+00
-3.8713752E-01,3.33008E+00,3.11523E+00
-3.8711904E-01,3.40820E+00,3.09570E+00
-3.8710056E-01,3.34961E+00,3.11523E+00
-3.8708208E-01,3.31055E+00,3.13477E+00
-3.8706360E-01,3.38867E+00,3.07617E+00
-3.8704512E-01,3.40820E+00,3.05664E+00
-3.8702664E-01,3.34961E+00,3.05664E+00
-3.8700816E-01,3.31055E+00,3.07617E+00
-3.8698968E-01,3.36914E+00,3.07617E+00
-3.8697120E-01,3.44727E+00,3.05664E+00
-3.8695272E-01,3.38867E+00,3.07617E+00
-3.8693424E-01,3.38867E+00,2.99805E+00
-3.8691576E-01,3.38867E+00,3.07617E+00
-3.8689728E-01,3.46680E+00,3.09570E+00
-3.8687880E-01,3.40820E+00,3.07617E+00
-3.8686032E-01,3.34961E+00,3.03711E+00
-3.8684184E-01,3.40820E+00,3.11523E+00
-3.8682336E-01,3.44727E+00,3.05664E+00
-3.8680488E-01,3.36914E+00,3.05664E+00
-3.8678640E-01,3.38867E+00,3.07617E+00
-3.8676792E-01,3.36914E+00,3.09570E+00
-3.8674944E-01,3.40820E+00,3.03711E+00
-3.8673096E-01,3.33008E+00,3.07617E+00
-3.8671248E-01,3.38867E+00,3.09570E+00
-3.8669400E-01,3.36914E+00,3.07617E+00
-3.8667552E-01,3.44727E+00,3.09570E+00
-3.8665704E-01,3.34961E+00,3.07617E+00
-3.8663856E-01,3.38867E+00,3.11523E+00
-3.8662008E-01,3.36914E+00,3.09570E+00
-3.8660160E-01,3.36914E+00,3.05664E+00
-3.8658312E-01,3.36914E+00,3.15430E+00
-3.8656464E-01,3.31055E+00,3.07617E+00
-3.8654616E-01,3.34961E+00,3.07617E+00
-3.8652768E-01,3.44727E+00,3.05664E+00
-3.8650920E-01,3.36914E+00,3.05664E+00
-3.8649072E-01,3.36914E+00,3.07617E+00
-3.8647224E-01,3.36914E+00,3.03711E+00
-3.8645376E-01,3.38867E+00,3.09570E+00
-3.8643528E-01,3.36914E+00,3.01758E+00
-3.8641680E-01,3.38867E+00,3.07617E+00
-3.8639832E-01,3.44727E+00,3.05664E+00
-3.8637984E-01,3.36914E+00,3.01758E+00
-3.8636136E-01,3.36914E+00,3.07617E+00
-3.8634288E-01,3.31055E+00,3.03711E+00
-3.8632440E-01,3.40820E+00,3.03711E+00
-3.8630592E-01,3.42773E+00,3.07617E+00
-3.8628744E-01,3.33008E+00,3.03711E+00
-3.8626896E-01,3.44727E+00,3.11523E+00
-3.8625048E-01,3.36914E+00,3.13477E+00
-3.8623200E-01,3.38867E+00,3.03711E+00
-3.8621352E-01,3.34961E+00,3.05664E+00
-3.8619504E-01,3.42773E+00,3.07617E+00
-3.8617656E-01,3.36914E+00,3.07617E+00
-3.8615808E-01,3.31055E+00,3.17383E+00
-3.8613960E-01,3.33008E+00,3.11523E+00
-3.8612112E-01,3.40820E+00,3.07617E+00
-3.8610264E-01,3.36914E+00,3.11523E+00
-3.8608416E-01,3.44727E+00,3.05664E+00
-3.8606568E-01,3.31055E+00,3.03711E+00
-3.8604720E-01,3.40820E+00,3.05664E+00
-3.8602872E-01,3.34961E+00,3.03711E+00
-3.8601024E-01,3.38867E+00,3.03711E+00
-3.8599176E-01,3.34961E+00,3.07617E+00
-3.8597328E-01,3.46680E+00,3.07617E+00
-3.8595480E-01,3.42773E+00,3.15430E+00
-3.8593632E-01,3.38867E+00,3.07617E+00
-3.8591784E-01,3.42773E+00,3.09570E+00
-3.8589936E-01,3.34961E+00,3.07617E+00
-3.8588088E-01,3.34961E+00,3.07617E+00
-3.8586240E-01,3.34961E+00,3.11523E+00
-3.8584392E-01,3.38867E+00,3.09570E+00
-3.8582544E-01,3.38867E+00,3.11523E+00
-3.8580696E-01,3.40820E+00,3.15430E+00
-3.8578848E-01,3.42773E+00,3.07617E+00
-3.8577000E-01,3.36914E+00,3.07617E+00
-3.8575152E-01,3.34961E+00,3.05664E+00
-3.8573304E-01,3.36914E+00,3.11523E+00
-3.8571456E-01,3.38867E+00,3.07617E+00
-3.8569608E-01,3.42773E+00,3.13477E+00
-3.8567760E-01,3.42773E+00,3.11523E+00
-3.8565912E-01,3.42773E+00,3.09570E+00
-3.8564064E-01,3.42773E+00,3.09570E+00
-3.8562216E-01,3.34961E+00,3.09570E+00
-3.8560368E-01,3.42773E+00,3.09570E+00
-3.8558520E-01,3.34961E+00,3.11523E+00
-3.8556672E-01,3.44727E+00,3.13477E+00
-3.8554824E-01,3.42773E+00,3.09570E+00
-3.8552976E-01,3.36914E+00,3.13477E+00
-3.8551128E-01,3.40820E+00,3.13477E+00
-3.8549280E-01,3.42773E+00,3.07617E+00
-3.8547432E-01,3.33008E+00,3.05664E+00
-3.8545584E-01,3.36914E+00,3.13477E+00
-3.8543736E-01,3.42773E+00,3.07617E+00
-3.8541888E-01,3.44727E+00,3.09570E+00
-3.8540040E-01,3.38867E+00,3.09570E+00
-3.8538192E-01,3.44727E+00,3.09570E+00
-3.8536344E-01,3.38867E+00,3.13477E+00
-3.8534496E-01,3.36914E+00,3.05664E+00
-3.8532648E-01,3.40820E+00,3.09570E+00
-3.8530800E-01,3.46680E+00,3.07617E+00
-3.8528952E-01,3.36914E+00,3.13477E+00
-3.8527104E-01,3.44727E+00,3.09570E+00
-3.8525256E-01,3.38867E+00,3.15430E+00
-3.8523408E-01,3.44727E+00,3.11523E+00
-3.8521560E-01,3.42773E+00,3.07617E+00
-3.8519712E-01,3.44727E+00,3.11523E+00
-3.8517864E-01,3.40820E+00,3.11523E+00
-3.8516016E-01,3.36914E+00,3.07617E+00
-3.8514168E-01,3.40820E+00,3.15430E+00
-3.8512320E-01,3.42773E+00,3.11523E+00
-3.8510472E-01,3.36914E+00,3.09570E+00
-3.8508624E-01,3.36914E+00,3.09570E+00
-3.8506776E-01,3.33008E+00,3.09570E+00
-3.8504928E-01,3.36914E+00,3.07617E+00
-3.8503080E-01,3.42773E+00,3.11523E+00
-3.8501232E-01,3.36914E+00,3.11523E+00
-3.8499384E-01,3.36914E+00,3.07617E+00
-3.8497536E-01,3.46680E+00,3.07617E+00
-3.8495688E-01,3.42773E+00,3.13477E+00
-3.8493840E-01,3.36914E+00,3.07617E+00
-3.8491992E-01,3.42773E+00,3.11523E+00
-3.8490144E-01,3.42773E+00,3.17383E+00
-3.8488296E-01,3.40820E+00,3.11523E+00
-3.8486448E-01,3.44727E+00,3.07617E+00
-3.8484600E-01,3.34961E+00,3.11523E+00
-3.8482752E-01,3.48633E+00,3.13477E+00
-3.8480904E-01,3.38867E+00,3.09570E+00
-3.8479056E-01,3.36914E+00,3.09570E+00
-3.8477208E-01,3.42773E+00,3.13477E+00
-3.8475360E-01,3.48633E+00,3.07617E+00
-3.8473512E-01,3.36914E+00,3.07617E+00
-3.8471664E-01,3.36914E+00,3.09570E+00
-3.8469816E-01,3.36914E+00,3.09570E+00
-3.8467968E-01,3.46680E+00,3.09570E+00
-3.8466120E-01,3.34961E+00,3.15430E+00
-3.8464272E-01,3.42773E+00,3.07617E+00
-3.8462424E-01,3.44727E+00,3.15430E+00
-3.8460576E-01,3.42773E+00,3.15430E+00
-3.8458728E-01,3.42773E+00,3.15430E+00
-3.8456880E-01,3.40820E+00,3.09570E+00
-3.8455032E-01,3.42773E+00,3.07617E+00
-3.8453184E-01,3.44727E+00,3.09570E+00
-3.8451336E-01,3.48633E+00,3.19336E+00
-3.8449488E-01,3.36914E+00,3.03711E+00
-3.8447640E-01,3.36914E+00,3.11523E+00
-3.8445792E-01,3.33008E+00,3.15430E+00
-3.8443944E-01,3.38867E+00,3.07617E+00
-3.8442096E-01,3.52539E+00,3.15430E+00
-3.8440248E-01,3.40820E+00,3.13477E+00
-3.8438400E-01,3.40820E+00,3.07617E+00
-3.8436552E-01,3.34961E+00,3.01758E+00
-3.8434704E-01,3.36914E+00,3.09570E+00
-3.8432856E-01,3.34961E+00,3.13477E+00
-3.8431008E-01,3.34961E+00,3.13477E+00
-3.8429160E-01,3.36914E+00,3.15430E+00
-3.8427312E-01,3.42773E+00,3.13477E+00
-3.8425464E-01,3.44727E+00,3.07617E+00
-3.8423616E-01,3.36914E+00,3.09570E+00
-3.8421768E-01,3.40820E+00,3.07617E+00
-3.8419920E-01,3.42773E+00,3.07617E+00
-3.8418072E-01,3.42773E+00,3.07617E+00
-3.8416224E-01,3.42773E+00,3.09570E+00
-3.8414376E-01,3.31055E+00,3.11523E+00
-3.8412528E-01,3.40820E+00,3.13477E+00
-3.8410680E-01,3.36914E+00,3.05664E+00
-3.8408832E-01,3.46680E+00,3.13477E+00
-3.8406984E-01,3.44727E+00,3.09570E+00
-3.8405136E-01,3.42773E+00,3.07617E+00
-3.8403288E-01,3.44727E+00,3.15430E+00
-3.8401440E-01,3.38867E+00,3.05664E+00
-3.8399592E-01,3.36914E+00,3.13477E+00
-3.8397744E-01,3.38867E+00,3.07617E+00
-3.8395896E-01,3.36914E+00,3.05664E+00
-3.8394048E-01,3.44727E+00,3.09570E+00
-3.8392200E-01,3.36914E+00,3.13477E+00
-3.8390352E-01,3.44727E+00,3.09570E+00
-3.8388504E-01,3.34961E+00,3.15430E+00
-3.8386656E-01,3.36914E+00,3.13477E+00
-3.8384808E-01,3.46680E+00,3.09570E+00
-3.8382960E-01,3.36914E+00,3.13477E+00
-3.8381112E-01,3.44727E+00,3.09570E+00
-3.8379264E-01,3.36914E+00,3.07617E+00
-3.8377416E-01,3.38867E+00,3.09570E+00
-3.8375568E-01,3.36914E+00,3.05664E+00
-3.8373720E-01,3.38867E+00,3.11523E+00
-3.8371872E-01,3.42773E+00,3.09570E+00
-3.8370024E-01,3.42773E+00,3.09570E+00
-3.8368176E-01,3.44727E+00,3.11523E+00
-3.8366328E-01,3.38867E+00,3.13477E+00
-3.8364480E-01,3.38867E+00,3.11523E+00
-3.8362632E-01,3.33008E+00,3.13477E+00
-3.8360784E-01,3.40820E+00,3.07617E+00
-3.8358936E-01,3.42773E+00,3.13477E+00
-3.8357088E-01,3.48633E+00,3.13477E+00
-3.8355240E-01,3.34961E+00,3.13477E+00
-3.8353392E-01,3.38867E+00,3.07617E+00
-3.8351544E-01,3.40820E+00,3.11523E+00
-3.8349696E-01,3.44727E+00,3.07617E+00
-3.8347848E-01,3.38867E+00,3.07617E+00
-3.8346000E-01,3.38867E+00,3.03711E+00
-3.8344152E-01,3.42773E+00,3.15430E+00
-3.8342304E-01,3.36914E+00,3.15430E+00
-3.8340456E-01,3.38867E+00,3.15430E+00
-3.8338608E-01,3.42773E+00,3.11523E+00
-3.8336760E-01,3.38867E+00,3.15430E+00
-3.8334912E-01,3.40820E+00,3.09570E+00
-3.8333064E-01,3.42773E+00,3.19336E+00
-3.8331216E-01,3.31055E+00,3.09570E+00
-3.8329368E-01,3.38867E+00,3.15430E+00
-3.8327520E-01,3.36914E+00,3.13477E+00
-3.8325672E-01,3.46680E+00,3.15430E+00
-3.8323824E-01,3.44727E+00,3.09570E+00
-3.8321976E-01,3.25195E+00,3.15430E+00
-3.8320128E-01,3.42773E+00,3.17383E+00
-3.8318280E-01,3.36914E+00,3.13477E+00
-3.8316432E-01,3.46680E+00,3.07617E+00
-3.8314584E-01,3.44727E+00,3.15430E+00
-3.8312736E-01,3.44727E+00,3.09570E+00
-3.8310888E-01,3.42773E+00,3.17383E+00
-3.8309040E-01,3.42773E+00,3.15430E+00
-3.8307192E-01,3.44727E+00,3.09570E+00
-3.8305344E-01,3.38867E+00,3.15430E+00
-3.8303496E-01,3.36914E+00,3.15430E+00
-3.8301648E-01,3.42773E+00,3.13477E+00
-3.8299800E-01,3.40820E+00,3.15430E+00
-3.8297952E-01,3.42773E+00,3.17383E+00
-3.8296104E-01,3.36914E+00,3.13477E+00
-3.8294256E-01,3.38867E+00,3.21289E+00
-3.8292408E-01,3.38867E+00,3.11523E+00
-3.8290560E-01,3.48633E+00,3.17383E+00
-3.8288712E-01,3.44727E+00,3.09570E+00
-3.8286864E-01,3.42773E+00,3.11523E+00
-3.8285016E-01,3.34961E+00,3.19336E+00
-3.8283168E-01,3.40820E+00,3.15430E+00
-3.8281320E-01,3.44727E+00,3.13477E+00
-3.8279472E-01,3.36914E+00,3.09570E+00
-3.8277624E-01,3.38867E+00,3.09570E+00
-3.8275776E-01,3.38867E+00,3.19336E+00
-3.8273928E-01,3.42773E+00,3.13477E+00
-3.8272080E-01,3.36914E+00,3.05664E+00
-3.8270232E-01,3.34961E+00,3.13477E+00
-3.8268384E-01,3.40820E+00,3.13477E+00
-3.8266536E-01,3.36914E+00,3.15430E+00
-3.8264688E-01,3.46680E+00,3.13477E+00
-3.8262840E-01,3.36914E+00,3.15430E+00
-3.8260992E-01,3.46680E+00,3.11523E+00
-3.8259144E-01,3.40820E+00,3.13477E+00
-3.8257296E-01,3.34961E+00,3.13477E+00
-3.8255448E-01,3.44727E+00,3.15430E+00
-3.8253600E-01,3.36914E+00,3.07617E+00
-3.8251752E-01,3.36914E+00,3.15430E+00
-3.8249904E-01,3.38867E+00,3.09570E+00
-3.8248056E-01,3.38867E+00,3.17383E+00
-3.8246208E-01,3.40820E+00,3.09570E+00
-3.8244360E-01,3.38867E+00,3.07617E+00
-3.8242512E-01,3.44727E+00,3.07617E+00
-3.8240664E-01,3.46680E+00,3.15430E+00
-3.8238816E-01,3.42773E+00,3.11523E+00
-3.8236968E-01,3.36914E+00,3.07617E+00
-3.8235120E-01,3.38867E+00,3.15430E+00
-3.8233272E-01,3.40820E+00,3.15430E+00
-3.8231424E-01,3.44727E+00,3.07617E+00
-3.8229576E-01,3.38867E+00,3.13477E+00
-3.8227728E-01,3.42773E+00,3.15430E+00
-3.8225880E-01,3.44727E+00,3.09570E+00
-3.8224032E-01,3.38867E+00,3.11523E+00
-3.8222184E-01,3.40820E+00,3.15430E+00
-3.8220336E-01,3.38867E+00,3.13477E+00
-3.8218488E-01,3.42773E+00,3.15430E+00
-3.8216640E-01,3.40820E+00,3.21289E+00
-3.8214792E-01,3.36914E+00,3.15430E+00
-3.8212944E-01,3.36914E+00,3.15430E+00
-3.8211096E-01,3.36914E+00,3.15430E+00
-3.8209248E-01,3.42773E+00,3.11523E+00
-3.8207400E-01,3.34961E+00,3.15430E+00
-3.8205552E-01,3.44727E+00,3.11523E+00
-3.8203704E-01,3.40820E+00,3.11523E+00
-3.8201856E-01,3.36914E+00,3.11523E+00
-3.8200008E-01,3.38867E+00,3.15430E+00
-3.8198160E-01,3.34961E+00,3.09570E+00
-3.8196312E-01,3.54492E+00,3.09570E+00
-3.8194464E-01,3.40820E+00,3.11523E+00
-3.8192616E-01,3.44727E+00,3.15430E+00
-3.8190768E-01,3.44727E+00,3.07617E+00
-3.8188920E-01,3.34961E+00,3.13477E+00
-3.8187072E-01,3.38867E+00,3.15430E+00
-3.8185224E-01,3.44727E+00,3.17383E+00
-3.8183376E-01,3.36914E+00,3.17383E+00
-3.8181528E-01,3.40820E+00,3.13477E+00
-3.8179680E-01,3.38867E+00,3.11523E+00
-3.8177832E-01,3.44727E+00,3.11523E+00
-3.8175984E-01,3.44727E+00,3.07617E+00
-3.8174136E-01,3.38867E+00,3.15430E+00
-3.8172288E-01,3.44727E+00,3.07617E+00
-3.8170440E-01,3.46680E+00,3.15430E+00
-3.8168592E-01,3.40820E+00,3.15430E+00
-3.8166744E-01,3.36914E+00,3.11523E+00
-3.8164896E-01,3.46680E+00,3.15430E+00
-3.8163048E-01,3.44727E+00,3.15430E+00
-3.8161200E-01,3.44727E+00,3.15430E+00
-3.8159352E-01,3.44727E+00,3.13477E+00
-3.8157504E-01,3.44727E+00,3.09570E+00
-3.8155656E-01,3.44727E+00,3.09570E+00
-3.8153808E-01,3.46680E+00,3.07617E+00
-3.8151960E-01,3.36914E+00,3.11523E+00
-3.8150112E-01,3.44727E+00,3.13477E+00
-3.8148264E-01,3.42773E+00,3.19336E+00
-3.8146416E-01,3.40820E+00,3.15430E+00
-3.8144568E-01,3.40820E+00,3.17383E+00
-3.8142720E-01,3.38867E+00,3.15430E+00
-3.8140872E-01,3.38867E+00,3.09570E+00
-3.8139024E-01,3.36914E+00,3.15430E+00
-3.8137176E-01,3.36914E+00,3.15430E+00
-3.8135328E-01,3.42773E+00,3.11523E+00
-3.8133480E-01,3.38867E+00,3.15430E+00
-3.8131632E-01,3.33008E+00,3.09570E+00
-3.8129784E-01,3.38867E+00,3.13477E+00
-3.8127936E-01,3.42773E+00,3.17383E+00
-3.8126088E-01,3.38867E+00,3.19336E+00
-3.8124240E-01,3.48633E+00,3.17383E+00
-3.8122392E-01,3.44727E+00,3.15430E+00
-3.8120544E-01,3.36914E+00,3.15430E+00
-3.8118696E-01,3.44727E+00,3.15430E+00
-3.8116848E-01,3.40820E+00,3.09570E+00
-3.8115000E-01,3.44727E+00,3.15430E+00
-3.8113152E-01,3.46680E+00,3.11523E+00
-3.8111304E-01,3.46680E+00,3.09570E+00
-3.8109456E-01,3.48633E+00,3.19336E+00
-3.8107608E-01,3.38867E+00,3.21289E+00
-3.8105760E-01,3.42773E+00,3.23242E+00
-3.8103912E-01,3.38867E+00,3.15430E+00
-3.8102064E-01,3.42773E+00,3.13477E+00
-3.8100216E-01,3.36914E+00,3.13477E+00
-3.8098368E-01,3.44727E+00,3.15430E+00
-3.8096520E-01,3.42773E+00,3.15430E+00
-3.8094672E-01,3.42773E+00,3.13477E+00
-3.8092824E-01,3.36914E+00,3.13477E+00
-3.8090976E-01,3.42773E+00,3.15430E+00
-3.8089128E-01,3.40820E+00,3.15430E+00
-3.8087280E-01,3.42773E+00,3.15430E+00
-3.8085432E-01,3.36914E+00,3.11523E+00
-3.8083584E-01,3.44727E+00,3.15430E+00
-3.8081736E-01,3.36914E+00,3.15430E+00
-3.8079888E-01,3.42773E+00,3.19336E+00
-3.8078040E-01,3.44727E+00,3.21289E+00
-3.8076192E-01,3.42773E+00,3.15430E+00
-3.8074344E-01,3.40820E+00,3.15430E+00
-3.8072496E-01,3.42773E+00,3.09570E+00
-3.8070648E-01,3.38867E+00,3.15430E+00
-3.8068800E-01,3.36914E+00,3.19336E+00
-3.8066952E-01,3.42773E+00,3.15430E+00
-3.8065104E-01,3.48633E+00,3.13477E+00
-3.8063256E-01,3.36914E+00,3.15430E+00
-3.8061408E-01,3.44727E+00,3.15430E+00
-3.8059560E-01,3.38867E+00,3.11523E+00
-3.8057712E-01,3.44727E+00,3.15430E+00
-3.8055864E-01,3.38867E+00,3.17383E+00
-3.8054016E-01,3.42773E+00,3.19336E+00
-3.8052168E-01,3.42773E+00,3.15430E+00
-3.8050320E-01,3.38867E+00,3.21289E+00
-3.8048472E-01,3.40820E+00,3.19336E+00
-3.8046624E-01,3.36914E+00,3.15430E+00
-3.8044776E-01,3.38867E+00,3.15430E+00
-3.8042928E-01,3.44727E+00,3.17383E+00
-3.8041080E-01,3.50586E+00,3.15430E+00
-3.8039232E-01,3.44727E+00,3.21289E+00
-3.8037384E-01,3.46680E+00,3.13477E+00
-3.8035536E-01,3.36914E+00,3.21289E+00
-3.8033688E-01,3.48633E+00,3.17383E+00
-3.8031840E-01,3.36914E+00,3.19336E+00
-3.8029992E-01,3.44727E+00,3.19336E+00
-3.8028144E-01,3.44727E+00,3.17383E+00
-3.8026296E-01,3.44727E+00,3.15430E+00
-3.8024448E-01,3.40820E+00,3.15430E+00
-3.8022600E-01,3.33008E+00,3.15430E+00
-3.8020752E-01,3.38867E+00,3.13477E+00
-3.8018904E-01,3.36914E+00,3.09570E+00
-3.8017056E-01,3.38867E+00,3.13477E+00
-3.8015208E-01,3.42773E+00,3.15430E+00
-3.8013360E-01,3.46680E+00,3.21289E+00
-3.8011512E-01,3.36914E+00,3.15430E+00
-3.8009664E-01,3.40820E+00,3.11523E+00
-3.8007816E-01,3.46680E+00,3.19336E+00
-3.8005968E-01,3.33008E+00,3.17383E+00
-3.8004120E-01,3.38867E+00,3.19336E+00
-3.8002272E-01,3.42773E+00,3.19336E+00
-3.8000424E-01,3.36914E+00,3.15430E+00
-3.7998576E-01,3.46680E+00,3.07617E+00
-3.7996728E-01,3.46680E+00,3.15430E+00
-3.7994880E-01,3.36914E+00,3.11523E+00
-3.7993032E-01,3.33008E+00,3.21289E+00
-3.7991184E-01,3.44727E+00,3.19336E+00
-3.7989336E-01,3.40820E+00,3.13477E+00
-3.7987488E-01,3.36914E+00,3.11523E+00
-3.7985640E-01,3.38867E+00,3.19336E+00
-3.7983792E-01,3.42773E+00,3.15430E+00
-3.7981944E-01,3.42773E+00,3.15430E+00
-3.7980096E-01,3.40820E+00,3.21289E+00
-3.7978248E-01,3.46680E+00,3.17383E+00
-3.7976400E-01,3.46680E+00,3.17383E+00
-3.7974552E-01,3.33008E+00,3.17383E+00
-3.7972704E-01,3.44727E+00,3.15430E+00
-3.7970856E-01,3.40820E+00,3.15430E+00
-3.7969008E-01,3.50586E+00,3.19336E+00
-3.7967160E-01,3.36914E+00,3.15430E+00
-3.7965312E-01,3.36914E+00,3.13477E+00
-3.7963464E-01,3.46680E+00,3.15430E+00
-3.7961616E-01,3.46680E+00,3.15430E+00
-3.7959768E-01,3.36914E+00,3.19336E+00
-3.7957920E-01,3.38867E+00,3.11523E+00
-3.7956072E-01,3.40820E+00,3.17383E+00
-3.7954224E-01,3.42773E+00,3.17383E+00
-3.7952376E-01,3.33008E+00,3.15430E+00
-3.7950528E-01,3.38867E+00,3.23242E+00
-3.7948680E-01,3.46680E+00,3.15430E+00
-3.7946832E-01,3.36914E+00,3.15430E+00
-3.7944984E-01,3.38867E+00,3.15430E+00
-3.7943136E-01,3.40820E+00,3.15430E+00
-3.7941288E-01,3.44727E+00,3.19336E+00
-3.7939440E-01,3.36914E+00,3.19336E+00
-3.7937592E-01,3.36914E+00,3.17383E+00
-3.7935744E-01,3.36914E+00,3.17383E+00
-3.7933896E-01,3.42773E+00,3.19336E+00
-3.7932048E-01,3.44727E+00,3.19336E+00
-3.7930200E-01,3.36914E+00,3.21289E+00
-3.7928352E-01,3.52539E+00,3.19336E+00
-3.7926504E-01,3.40820E+00,3.15430E+00
-3.7924656E-01,3.38867E+00,3.19336E+00
-3.7922808E-01,3.38867E+00,3.21289E+00
-3.7920960E-01,3.40820E+00,3.21289E+00
-3.7919112E-01,3.38867E+00,3.17383E+00
-3.7917264E-01,3.36914E+00,3.15430E+00
-3.7915416E-01,3.44727E+00,3.15430E+00
-3.7913568E-01,3.46680E+00,3.17383E+00
-3.7911720E-01,3.38867E+00,3.15430E+00
-3.7909872E-01,3.46680E+00,3.21289E+00
-3.7908024E-01,3.44727E+00,3.21289E+00
-3.7906176E-01,3.38867E+00,3.17383E+00
-3.7904328E-01,3.38867E+00,3.17383E+00
-3.7902480E-01,3.40820E+00,3.25195E+00
-3.7900632E-01,3.34961E+00,3.13477E+00
-3.7898784E-01,3.42773E+00,3.17383E+00
-3.7896936E-01,3.48633E+00,3.15430E+00
-3.7895088E-01,3.42773E+00,3.15430E+00
-3.7893240E-01,3.36914E+00,3.17383E+00
-3.7891392E-01,3.36914E+00,3.21289E+00
-3.7889544E-01,3.34961E+00,3.21289E+00
-3.7887696E-01,3.44727E+00,3.17383E+00
-3.7885848E-01,3.38867E+00,3.21289E+00
-3.7884000E-01,3.36914E+00,3.11523E+00
-3.7882152E-01,3.36914E+00,3.19336E+00
-3.7880304E-01,3.46680E+00,3.17383E+00
-3.7878456E-01,3.44727E+00,3.17383E+00
-3.7876608E-01,3.38867E+00,3.19336E+00
-3.7874760E-01,3.38867E+00,3.21289E+00
-3.7872912E-01,3.36914E+00,3.21289E+00
-3.7871064E-01,3.38867E+00,3.19336E+00
-3.7869216E-01,3.44727E+00,3.11523E+00
-3.7867368E-01,3.44727E+00,3.21289E+00
-3.7865520E-01,3.48633E+00,3.19336E+00
-3.7863672E-01,3.46680E+00,3.17383E+00
-3.7861824E-01,3.44727E+00,3.15430E+00
-3.7859976E-01,3.46680E+00,3.17383E+00
-3.7858128E-01,3.46680E+00,3.09570E+00
-3.7856280E-01,3.46680E+00,3.21289E+00
-3.7854432E-01,3.36914E+00,3.21289E+00
-3.7852584E-01,3.40820E+00,3.21289E+00
-3.7850736E-01,3.42773E+00,3.19336E+00
-3.7848888E-01,3.38867E+00,3.11523E+00
-3.7847040E-01,3.44727E+00,3.21289E+00
-3.7845192E-01,3.38867E+00,3.21289E+00
-3.7843344E-01,3.44727E+00,3.21289E+00
-3.7841496E-01,3.36914E+00,3.21289E+00
-3.7839648E-01,3.36914E+00,3.17383E+00
-3.7837800E-01,3.36914E+00,3.21289E+00
-3.7835952E-01,3.40820E+00,3.21289E+00
-3.7834104E-01,3.42773E+00,3.15430E+00
-3.7832256E-01,3.46680E+00,3.13477E+00
-3.7830408E-01,3.44727E+00,3.19336E+00
-3.7828560E-01,3.46680E+00,3.15430E+00
-3.7826712E-01,3.46680E+00,3.21289E+00
-3.7824864E-01,3.50586E+00,3.19336E+00
-3.7823016E-01,3.38867E+00,3.21289E+00
-3.7821168E-01,3.44727E+00,3.21289E+00
-3.7819320E-01,3.40820E+00,3.17383E+00
-3.7817472E-01,3.44727E+00,3.21289E+00
-3.7815624E-01,3.36914E+00,3.21289E+00
-3.7813776E-01,3.44727E+00,3.15430E+00
-3.7811928E-01,3.42773E+00,3.15430E+00
-3.7810080E-01,3.36914E+00,3.21289E+00
-3.7808232E-01,3.50586E+00,3.17383E+00
-3.7806384E-01,3.40820E+00,3.17383E+00
-3.7804536E-01,3.38867E+00,3.23242E+00
-3.7802688E-01,3.44727E+00,3.21289E+00
-3.7800840E-01,3.42773E+00,3.19336E+00
-3.7798992E-01,3.46680E+00,3.19336E+00
-3.7797144E-01,3.38867E+00,3.17383E+00
-3.7795296E-01,3.36914E+00,3.17383E+00
-3.7793448E-01,3.40820E+00,3.21289E+00
-3.7791600E-01,3.36914E+00,3.21289E+00
-3.7789752E-01,3.36914E+00,3.15430E+00
-3.7787904E-01,3.36914E+00,3.21289E+00
-3.7786056E-01,3.38867E+00,3.25195E+00
-3.7784208E-01,3.42773E+00,3.25195E+00
-3.7782360E-01,3.40820E+00,3.17383E+00
-3.7780512E-01,3.44727E+00,3.21289E+00
-3.7778664E-01,3.46680E+00,3.21289E+00
-3.7776816E-01,3.44727E+00,3.15430E+00
-3.7774968E-01,3.46680E+00,3.21289E+00
-3.7773120E-01,3.44727E+00,3.21289E+00
-3.7771272E-01,3.44727E+00,3.23242E+00
-3.7769424E-01,3.44727E+00,3.23242E+00
-3.7767576E-01,3.38867E+00,3.21289E+00
-3.7765728E-01,3.40820E+00,3.23242E+00
-3.7763880E-01,3.42773E+00,3.17383E+00
-3.7762032E-01,3.33008E+00,3.19336E+00
-3.7760184E-01,3.46680E+00,3.21289E+00
-3.7758336E-01,3.42773E+00,3.19336E+00
-3.7756488E-01,3.34961E+00,3.19336E+00
-3.7754640E-01,3.34961E+00,3.21289E+00
-3.7752792E-01,3.44727E+00,3.19336E+00
-3.7750944E-01,3.48633E+00,3.21289E+00
-3.7749096E-01,3.44727E+00,3.19336E+00
-3.7747248E-01,3.46680E+00,3.23242E+00
-3.7745400E-01,3.40820E+00,3.19336E+00
-3.7743552E-01,3.44727E+00,3.21289E+00
-3.7741704E-01,3.50586E+00,3.25195E+00
-3.7739856E-01,3.44727E+00,3.23242E+00
-3.7738008E-01,3.48633E+00,3.21289E+00
-3.7736160E-01,3.44727E+00,3.15430E+00
-3.7734312E-01,3.46680E+00,3.19336E+00
-3.7732464E-01,3.50586E+00,3.15430E+00
-3.7730616E-01,3.44727E+00,3.15430E+00
-3.7728768E-01,3.44727E+00,3.17383E+00
-3.7726920E-01,3.42773E+00,3.23242E+00
-3.7725072E-01,3.50586E+00,3.21289E+00
-3.7723224E-01,3.36914E+00,3.15430E+00
-3.7721376E-01,3.48633E+00,3.17383E+00
-3.7719528E-01,3.36914E+00,3.19336E+00
-3.7717680E-01,3.40820E+00,3.21289E+00
-3.7715832E-01,3.38867E+00,3.17383E+00
-3.7713984E-01,3.48633E+00,3.19336E+00
-3.7712136E-01,3.42773E+00,3.17383E+00
-3.7710288E-01,3.44727E+00,3.21289E+00
-3.7708440E-01,3.46680E+00,3.21289E+00
-3.7706592E-01,3.44727E+00,3.17383E+00
-3.7704744E-01,3.42773E+00,3.17383E+00
-3.7702896E-01,3.40820E+00,3.21289E+00
-3.7701048E-01,3.44727E+00,3.15430E+00
-3.7699200E-01,3.42773E+00,3.21289E+00
-3.7697352E-01,3.44727E+00,3.27148E+00
-3.7695504E-01,3.46680E+00,3.23242E+00
-3.7693656E-01,3.50586E+00,3.21289E+00
-3.7691808E-01,3.54492E+00,3.17383E+00
-3.7689960E-01,3.40820E+00,3.25195E+00
-3.7688112E-01,3.38867E+00,3.23242E+00
-3.7686264E-01,3.48633E+00,3.17383E+00
-3.7684416E-01,3.36914E+00,3.21289E+00
-3.7682568E-01,3.46680E+00,3.23242E+00
-3.7680720E-01,3.42773E+00,3.21289E+00
-3.7678872E-01,3.42773E+00,3.19336E+00
-3.7677024E-01,3.42773E+00,3.25195E+00
-3.7675176E-01,3.40820E+00,3.23242E+00
-3.7673328E-01,3.36914E+00,3.21289E+00
-3.7671480E-01,3.40820E+00,3.21289E+00
-3.7669632E-01,3.40820E+00,3.21289E+00
-3.7667784E-01,3.36914E+00,3.17383E+00
-3.7665936E-01,3.46680E+00,3.21289E+00
-3.7664088E-01,3.46680E+00,3.23242E+00
-3.7662240E-01,3.44727E+00,3.19336E+00
-3.7660392E-01,3.46680E+00,3.21289E+00
-3.7658544E-01,3.44727E+00,3.21289E+00
-3.7656696E-01,3.36914E+00,3.25195E+00
-3.7654848E-01,3.50586E+00,3.25195E+00
-3.7653000E-01,3.38867E+00,3.23242E+00
-3.7651152E-01,3.48633E+00,3.23242E+00
-3.7649304E-01,3.48633E+00,3.19336E+00
-3.7647456E-01,3.52539E+00,3.23242E+00
-3.7645608E-01,3.42773E+00,3.23242E+00
-3.7643760E-01,3.42773E+00,3.21289E+00
-3.7641912E-01,3.50586E+00,3.27148E+00
-3.7640064E-01,3.42773E+00,3.23242E+00
-3.7638216E-01,3.42773E+00,3.21289E+00
-3.7636368E-01,3.44727E+00,3.21289E+00
-3.7634520E-01,3.38867E+00,3.21289E+00
-3.7632672E-01,3.44727E+00,3.27148E+00
-3.7630824E-01,3.36914E+00,3.21289E+00
-3.7628976E-01,3.42773E+00,3.21289E+00
-3.7627128E-01,3.36914E+00,3.21289E+00
-3.7625280E-01,3.40820E+00,3.19336E+00
-3.7623432E-01,3.38867E+00,3.17383E+00
-3.7621584E-01,3.42773E+00,3.21289E+00
-3.7619736E-01,3.42773E+00,3.19336E+00
-3.7617888E-01,3.44727E+00,3.21289E+00
-3.7616040E-01,3.40820E+00,3.19336E+00
-3.7614192E-01,3.48633E+00,3.21289E+00
-3.7612344E-01,3.46680E+00,3.21289E+00
-3.7610496E-01,3.44727E+00,3.21289E+00
-3.7608648E-01,3.42773E+00,3.21289E+00
-3.7606800E-01,3.48633E+00,3.23242E+00
-3.7604952E-01,3.44727E+00,3.21289E+00
-3.7603104E-01,3.42773E+00,3.23242E+00
-3.7601256E-01,3.38867E+00,3.23242E+00
-3.7599408E-01,3.42773E+00,3.19336E+00
-3.7597560E-01,3.44727E+00,3.21289E+00
-3.7595712E-01,3.38867E+00,3.21289E+00
-3.7593864E-01,3.38867E+00,3.21289E+00
-3.7592016E-01,3.46680E+00,3.19336E+00
-3.7590168E-01,3.44727E+00,3.21289E+00
-3.7588320E-01,3.40820E+00,3.19336E+00
-3.7586472E-01,3.44727E+00,3.21289E+00
-3.7584624E-01,3.46680E+00,3.25195E+00
-3.7582776E-01,3.42773E+00,3.19336E+00
-3.7580928E-01,3.48633E+00,3.15430E+00
-3.7579080E-01,3.38867E+00,3.27148E+00
-3.7577232E-01,3.44727E+00,3.23242E+00
-3.7575384E-01,3.36914E+00,3.17383E+00
-3.7573536E-01,3.44727E+00,3.15430E+00
-3.7571688E-01,3.42773E+00,3.19336E+00
-3.7569840E-01,3.42773E+00,3.21289E+00
-3.7567992E-01,3.46680E+00,3.23242E+00
-3.7566144E-01,3.40820E+00,3.21289E+00
-3.7564296E-01,3.40820E+00,3.19336E+00
-3.7562448E-01,3.40820E+00,3.19336E+00
-3.7560600E-01,3.46680E+00,3.21289E+00
-3.7558752E-01,3.42773E+00,3.27148E+00
-3.7556904E-01,3.42773E+00,3.25195E+00
-3.7555056E-01,3.48633E+00,3.27148E+00
-3.7553208E-01,3.42773E+00,3.21289E+00
-3.7551360E-01,3.44727E+00,3.21289E+00
-3.7549512E-01,3.34961E+00,3.23242E+00
-3.7547664E-01,3.44727E+00,3.21289E+00
-3.7545816E-01,3.46680E+00,3.23242E+00
-3.7543968E-01,3.50586E+00,3.23242E+00
-3.7542120E-01,3.38867E+00,3.21289E+00
-3.7540272E-01,3.42773E+00,3.23242E+00
-3.7538424E-01,3.50586E+00,3.25195E+00
-3.7536576E-01,3.44727E+00,3.25195E+00
-3.7534728E-01,3.48633E+00,3.23242E+00
-3.7532880E-01,3.40820E+00,3.19336E+00
-3.7531032E-01,3.50586E+00,3.27148E+00
-3.7529184E-01,3.38867E+00,3.21289E+00
-3.7527336E-01,3.42773E+00,3.21289E+00
-3.7525488E-01,3.44727E+00,3.17383E+00
-3.7523640E-01,3.46680E+00,3.19336E+00
-3.7521792E-01,3.46680E+00,3.21289E+00
-3.7519944E-01,3.44727E+00,3.23242E+00
-3.7518096E-01,3.44727E+00,3.15430E+00
-3.7516248E-01,3.36914E+00,3.21289E+00
-3.7514400E-01,3.44727E+00,3.21289E+00
-3.7512552E-01,3.38867E+00,3.23242E+00
-3.7510704E-01,3.42773E+00,3.19336E+00
-3.7508856E-01,3.48633E+00,3.25195E+00
-3.7507008E-01,3.44727E+00,3.19336E+00
-3.7505160E-01,3.44727E+00,3.23242E+00
-3.7503312E-01,3.38867E+00,3.25195E+00
-3.7501464E-01,3.44727E+00,3.19336E+00
-3.7499616E-01,3.44727E+00,3.25195E+00
-3.7497768E-01,3.44727E+00,3.21289E+00
-3.7495920E-01,3.46680E+00,3.23242E+00
-3.7494072E-01,3.42773E+00,3.21289E+00
-3.7492224E-01,3.42773E+00,3.21289E+00
-3.7490376E-01,3.42773E+00,3.21289E+00
-3.7488528E-01,3.46680E+00,3.27148E+00
-3.7486680E-01,3.44727E+00,3.25195E+00
-3.7484832E-01,3.42773E+00,3.21289E+00
-3.7482984E-01,3.38867E+00,3.29102E+00
-3.7481136E-01,3.44727E+00,3.23242E+00
-3.7479288E-01,3.40820E+00,3.25195E+00
-3.7477440E-01,3.42773E+00,3.19336E+00
-3.7475592E-01,3.38867E+00,3.23242E+00
-3.7473744E-01,3.44727E+00,3.25195E+00
-3.7471896E-01,3.44727E+00,3.25195E+00
-3.7470048E-01,3.42773E+00,3.25195E+00
-3.7468200E-01,3.48633E+00,3.23242E+00
-3.7466352E-01,3.46680E+00,3.25195E+00
-3.7464504E-01,3.40820E+00,3.21289E+00
-3.7462656E-01,3.46680E+00,3.21289E+00
-3.7460808E-01,3.44727E+00,3.29102E+00
-3.7458960E-01,3.48633E+00,3.19336E+00
-3.7457112E-01,3.44727E+00,3.21289E+00
-3.7455264E-01,3.48633E+00,3.21289E+00
-3.7453416E-01,3.36914E+00,3.19336E+00
-3.7451568E-01,3.42773E+00,3.23242E+00
-3.7449720E-01,3.44727E+00,3.23242E+00
-3.7447872E-01,3.42773E+00,3.27148E+00
-3.7446024E-01,3.48633E+00,3.25195E+00
-3.7444176E-01,3.40820E+00,3.23242E+00
-3.7442328E-01,3.42773E+00,3.25195E+00
-3.7440480E-01,3.42773E+00,3.21289E+00
-3.7438632E-01,3.36914E+00,3.23242E+00
-3.7436784E-01,3.44727E+00,3.25195E+00
-3.7434936E-01,3.40820E+00,3.19336E+00
-3.7433088E-01,3.46680E+00,3.27148E+00
-3.7431240E-01,3.42773E+00,3.23242E+00
-3.7429392E-01,3.38867E+00,3.25195E+00
-3.7427544E-01,3.48633E+00,3.23242E+00
-3.7425696E-01,3.44727E+00,3.23242E+00
-3.7423848E-01,3.50586E+00,3.21289E+00
-3.7422000E-01,3.44727E+00,3.29102E+00
-3.7420152E-01,3.42773E+00,3.17383E+00
-3.7418304E-01,3.40820E+00,3.21289E+00
-3.7416456E-01,3.40820E+00,3.21289E+00
-3.7414608E-01,3.46680E+00,3.23242E+00
-3.7412760E-01,3.46680E+00,3.15430E+00
-3.7410912E-01,3.46680E+00,3.21289E+00
-3.7409064E-01,3.46680E+00,3.23242E+00
-3.7407216E-01,3.42773E+00,3.21289E+00
-3.7405368E-01,3.44727E+00,3.25195E+00
-3.7403520E-01,3.50586E+00,3.29102E+00
-3.7401672E-01,3.36914E+00,3.21289E+00
-3.7399824E-01,3.48633E+00,3.27148E+00
-3.7397976E-01,3.42773E+00,3.25195E+00
-3.7396128E-01,3.42773E+00,3.27148E+00
-3.7394280E-01,3.44727E+00,3.23242E+00
-3.7392432E-01,3.56445E+00,3.25195E+00
-3.7390584E-01,3.36914E+00,3.27148E+00
-3.7388736E-01,3.46680E+00,3.27148E+00
-3.7386888E-01,3.33008E+00,3.29102E+00
-3.7385040E-01,3.44727E+00,3.23242E+00
-3.7383192E-01,3.44727E+00,3.27148E+00
-3.7381344E-01,3.44727E+00,3.21289E+00
-3.7379496E-01,3.44727E+00,3.21289E+00
-3.7377648E-01,3.36914E+00,3.23242E+00
-3.7375800E-01,3.36914E+00,3.23242E+00
-3.7373952E-01,3.44727E+00,3.25195E+00
-3.7372104E-01,3.42773E+00,3.25195E+00
-3.7370256E-01,3.44727E+00,3.21289E+00
-3.7368408E-01,3.42773E+00,3.25195E+00
-3.7366560E-01,3.44727E+00,3.19336E+00
-3.7364712E-01,3.44727E+00,3.36914E+00
-3.7362864E-01,3.44727E+00,3.21289E+00
-3.7361016E-01,3.42773E+00,3.27148E+00
-3.7359168E-01,3.48633E+00,3.17383E+00
-3.7357320E-01,3.48633E+00,3.23242E+00
-3.7355472E-01,3.34961E+00,3.27148E+00
-3.7353624E-01,3.36914E+00,3.23242E+00
-3.7351776E-01,3.44727E+00,3.23242E+00
-3.7349928E-01,3.50586E+00,3.23242E+00
-3.7348080E-01,3.46680E+00,3.29102E+00
-3.7346232E-01,3.50586E+00,3.21289E+00
-3.7344384E-01,3.42773E+00,3.23242E+00
-3.7342536E-01,3.40820E+00,3.23242E+00
-3.7340688E-01,3.46680E+00,3.23242E+00
-3.7338840E-01,3.34961E+00,3.23242E+00
-3.7336992E-01,3.44727E+00,3.29102E+00
-3.7335144E-01,3.44727E+00,3.23242E+00
-3.7333296E-01,3.44727E+00,3.34961E+00
-3.7331448E-01,3.40820E+00,3.19336E+00
-3.7329600E-01,3.48633E+00,3.21289E+00
-3.7327752E-01,3.44727E+00,3.27148E+00
-3.7325904E-01,3.44727E+00,3.29102E+00
-3.7324056E-01,3.40820E+00,3.21289E+00
-3.7322208E-01,3.42773E+00,3.21289E+00
-3.7320360E-01,3.48633E+00,3.23242E+00
-3.7318512E-01,3.48633E+00,3.23242E+00
-3.7316664E-01,3.46680E+00,3.25195E+00
-3.7314816E-01,3.44727E+00,3.23242E+00
-3.7312968E-01,3.38867E+00,3.27148E+00
-3.7311120E-01,3.38867E+00,3.19336E+00
-3.7309272E-01,3.40820E+00,3.19336E+00
-3.7307424E-01,3.44727E+00,3.23242E+00
-3.7305576E-01,3.44727E+00,3.21289E+00
-3.7303728E-01,3.46680E+00,3.25195E+00
-3.7301880E-01,3.46680E+00,3.21289E+00
-3.7300032E-01,3.40820E+00,3.27148E+00
-3.7298184E-01,3.38867E+00,3.25195E+00
-3.7296336E-01,3.50586E+00,3.21289E+00
-3.7294488E-01,3.46680E+00,3.21289E+00
-3.7292640E-01,3.44727E+00,3.27148E+00
-3.7290792E-01,3.46680E+00,3.21289E+00
-3.7288944E-01,3.40820E+00,3.21289E+00
-3.7287096E-01,3.44727E+00,3.23242E+00
-3.7285248E-01,3.42773E+00,3.23242E+00
-3.7283400E-01,3.44727E+00,3.23242E+00
-3.7281552E-01,3.42773E+00,3.27148E+00
-3.7279704E-01,3.48633E+00,3.23242E+00
-3.7277856E-01,3.44727E+00,3.25195E+00
-3.7276008E-01,3.44727E+00,3.25195E+00
-3.7274160E-01,3.42773E+00,3.25195E+00
-3.7272312E-01,3.38867E+00,3.23242E+00
-3.7270464E-01,3.50586E+00,3.23242E+00
-3.7268616E-01,3.42773E+00,3.23242E+00
-3.7266768E-01,3.46680E+00,3.27148E+00
-3.7264920E-01,3.44727E+00,3.23242E+00
-3.7263072E-01,3.46680E+00,3.23242E+00
-3.7261224E-01,3.44727E+00,3.23242E+00
-3.7259376E-01,3.44727E+00,3.25195E+00
-3.7257528E-01,3.44727E+00,3.25195E+00
-3.7255680E-01,3.44727E+00,3.25195E+00
-3.7253832E-01,3.46680E+00,3.29102E+00
-3.7251984E-01,3.46680E+00,3.21289E+00
-3.7250136E-01,3.42773E+00,3.25195E+00
-3.7248288E-01,3.48633E+00,3.23242E+00
-3.7246440E-01,3.38867E+00,3.23242E+00
-3.7244592E-01,3.50586E+00,3.25195E+00
-3.7242744E-01,3.42773E+00,3.25195E+00
-3.7240896E-01,3.46680E+00,3.27148E+00
-3.7239048E-01,3.44727E+00,3.23242E+00
-3.7237200E-01,3.48633E+00,3.23242E+00
-3.7235352E-01,3.38867E+00,3.25195E+00
-3.7233504E-01,3.42773E+00,3.23242E+00
-3.7231656E-01,3.44727E+00,3.27148E+00
-3.7229808E-01,3.44727E+00,3.33008E+00
-3.7227960E-01,3.50586E+00,3.27148E+00
-3.7226112E-01,3.44727E+00,3.29102E+00
-3.7224264E-01,3.40820E+00,3.31055E+00
-3.7222416E-01,3.48633E+00,3.29102E+00
-3.7220568E-01,3.48633E+00,3.29102E+00
-3.7218720E-01,3.48633E+00,3.23242E+00
-3.7216872E-01,3.46680E+00,3.25195E+00
-3.7215024E-01,3.44727E+00,3.19336E+00
-3.7213176E-01,3.46680E+00,3.29102E+00
-3.7211328E-01,3.42773E+00,3.29102E+00
-3.7209480E-01,3.42773E+00,3.21289E+00
-3.7207632E-01,3.50586E+00,3.23242E+00
-3.7205784E-01,3.48633E+00,3.27148E+00
-3.7203936E-01,3.44727E+00,3.29102E+00
-3.7202088E-01,3.38867E+00,3.25195E+00
-3.7200240E-01,3.44727E+00,3.29102E+00
-3.7198392E-01,3.36914E+00,3.23242E+00
-3.7196544E-01,3.40820E+00,3.25195E+00
-3.7194696E-01,3.44727E+00,3.29102E+00
-3.7192848E-01,3.42773E+00,3.29102E+00
-3.7191000E-01,3.40820E+00,3.27148E+00
-3.7189152E-01,3.44727E+00,3.29102E+00
-3.7187304E-01,3.40820E+00,3.25195E+00
-3.7185456E-01,3.44727E+00,3.25195E+00
-3.7183608E-01,3.46680E+00,3.23242E+00
-3.7181760E-01,3.46680E+00,3.29102E+00
-3.7179912E-01,3.42773E+00,3.23242E+00
-3.7178064E-01,3.44727E+00,3.33008E+00
-3.7176216E-01,3.44727E+00,3.25195E+00
-3.7174368E-01,3.44727E+00,3.31055E+00
-3.7172520E-01,3.42773E+00,3.29102E+00
-3.7170672E-01,3.48633E+00,3.29102E+00
-3.7168824E-01,3.40820E+00,3.31055E+00
-3.7166976E-01,3.44727E+00,3.27148E+00
-3.7165128E-01,3.46680E+00,3.25195E+00
-3.7163280E-01,3.42773E+00,3.27148E+00
-3.7161432E-01,3.46680E+00,3.27148E+00
-3.7159584E-01,3.44727E+00,3.29102E+00
-3.7157736E-01,3.44727E+00,3.27148E+00
-3.7155888E-01,3.44727E+00,3.27148E+00
-3.7154040E-01,3.38867E+00,3.34961E+00
-3.7152192E-01,3.44727E+00,3.33008E+00
-3.7150344E-01,3.46680E+00,3.25195E+00
-3.7148496E-01,3.40820E+00,3.27148E+00
-3.7146648E-01,3.44727E+00,3.23242E+00
-3.7144800E-01,3.46680E+00,3.25195E+00
-3.7142952E-01,3.44727E+00,3.31055E+00
-3.7141104E-01,3.46680E+00,3.33008E+00
-3.7139256E-01,3.42773E+00,3.29102E+00
-3.7137408E-01,3.44727E+00,3.33008E+00
-3.7135560E-01,3.48633E+00,3.31055E+00
-3.7133712E-01,3.42773E+00,3.33008E+00
-3.7131864E-01,3.50586E+00,3.29102E+00
-3.7130016E-01,3.46680E+00,3.23242E+00
-3.7128168E-01,3.46680E+00,3.31055E+00
-3.7126320E-01,3.52539E+00,3.25195E+00
-3.7124472E-01,3.44727E+00,3.29102E+00
-3.7122624E-01,3.44727E+00,3.29102E+00
-3.7120776E-01,3.48633E+00,3.23242E+00
-3.7118928E-01,3.44727E+00,3.27148E+00
-3.7117080E-01,3.38867E+00,3.33008E+00
-3.7115232E-01,3.46680E+00,3.31055E+00
-3.7113384E-01,3.48633E+00,3.27148E+00
-3.7111536E-01,3.48633E+00,3.27148E+00
-3.7109688E-01,3.48633E+00,3.31055E+00
-3.7107840E-01,3.36914E+00,3.29102E+00
-3.7105992E-01,3.46680E+00,3.25195E+00
-3.7104144E-01,3.42773E+00,3.29102E+00
-3.7102296E-01,3.44727E+00,3.29102E+00
-3.7100448E-01,3.48633E+00,3.21289E+00
-3.7098600E-01,3.46680E+00,3.23242E+00
-3.7096752E-01,3.46680E+00,3.31055E+00
-3.7094904E-01,3.42773E+00,3.25195E+00
-3.7093056E-01,3.44727E+00,3.29102E+00
-3.7091208E-01,3.44727E+00,3.27148E+00
-3.7089360E-01,3.42773E+00,3.25195E+00
-3.7087512E-01,3.42773E+00,3.23242E+00
-3.7085664E-01,3.48633E+00,3.31055E+00
-3.7083816E-01,3.40820E+00,3.25195E+00
-3.7081968E-01,3.46680E+00,3.21289E+00
-3.7080120E-01,3.44727E+00,3.25195E+00
-3.7078272E-01,3.46680E+00,3.33008E+00
-3.7076424E-01,3.48633E+00,3.31055E+00
-3.7074576E-01,3.44727E+00,3.23242E+00
-3.7072728E-01,3.44727E+00,3.31055E+00
-3.7070880E-01,3.46680E+00,3.25195E+00
-3.7069032E-01,3.44727E+00,3.34961E+00
-3.7067184E-01,3.50586E+00,3.29102E+00
-3.7065336E-01,3.40820E+00,3.29102E+00
-3.7063488E-01,3.44727E+00,3.29102E+00
-3.7061640E-01,3.48633E+00,3.27148E+00
-3.7059792E-01,3.46680E+00,3.29102E+00
-3.7057944E-01,3.36914E+00,3.25195E+00
-3.7056096E-01,3.36914E+00,3.25195E+00
-3.7054248E-01,3.50586E+00,3.34961E+00
-3.7052400E-01,3.46680E+00,3.36914E+00
-3.7050552E-01,3.46680E+00,3.25195E+00
-3.7048704E-01,3.46680E+00,3.31055E+00
-3.7046856E-01,3.48633E+00,3.31055E+00
-3.7045008E-01,3.48633E+00,3.27148E+00
-3.7043160E-01,3.40820E+00,3.29102E+00
-3.7041312E-01,3.44727E+00,3.29102E+00
-3.7039464E-01,3.50586E+00,3.29102E+00
-3.7037616E-01,3.48633E+00,3.23242E+00
-3.7035768E-01,3.46680E+00,3.31055E+00
-3.7033920E-01,3.44727E+00,3.27148E+00
-3.7032072E-01,3.46680E+00,3.34961E+00
-3.7030224E-01,3.50586E+00,3.29102E+00
-3.7028376E-01,3.50586E+00,3.31055E+00
-3.7026528E-01,3.48633E+00,3.25195E+00
-3.7024680E-01,3.46680E+00,3.34961E+00
-3.7022832E-01,3.46680E+00,3.34961E+00
-3.7020984E-01,3.46680E+00,3.27148E+00
-3.7019136E-01,3.40820E+00,3.21289E+00
-3.7017288E-01,3.48633E+00,3.33008E+00
-3.7015440E-01,3.50586E+00,3.34961E+00
-3.7013592E-01,3.50586E+00,3.25195E+00
-3.7011744E-01,3.44727E+00,3.25195E+00
-3.7009896E-01,3.42773E+00,3.29102E+00
-3.7008048E-01,3.46680E+00,3.29102E+00
-3.7006200E-01,3.50586E+00,3.29102E+00
-3.7004352E-01,3.46680E+00,3.27148E+00
-3.7002504E-01,3.44727E+00,3.31055E+00
-3.7000656E-01,3.48633E+00,3.31055E+00
-3.6998808E-01,3.52539E+00,3.25195E+00
-3.6996960E-01,3.44727E+00,3.29102E+00
-3.6995112E-01,3.44727E+00,3.29102E+00
-3.6993264E-01,3.42773E+00,3.23242E+00
-3.6991416E-01,3.38867E+00,3.25195E+00
-3.6989568E-01,3.44727E+00,3.29102E+00
-3.6987720E-01,3.38867E+00,3.34961E+00
-3.6985872E-01,3.42773E+00,3.33008E+00
-3.6984024E-01,3.54492E+00,3.25195E+00
-3.6982176E-01,3.44727E+00,3.29102E+00
-3.6980328E-01,3.48633E+00,3.29102E+00
-3.6978480E-01,3.52539E+00,3.29102E+00
-3.6976632E-01,3.50586E+00,3.27148E+00
-3.6974784E-01,3.38867E+00,3.29102E+00
-3.6972936E-01,3.42773E+00,3.29102E+00
-3.6971088E-01,3.48633E+00,3.33008E+00
-3.6969240E-01,3.38867E+00,3.31055E+00
-3.6967392E-01,3.48633E+00,3.34961E+00
-3.6965544E-01,3.44727E+00,3.27148E+00
-3.6963696E-01,3.50586E+00,3.29102E+00
-3.6961848E-01,3.44727E+00,3.31055E+00
-3.6960000E-01,3.44727E+00,3.29102E+00
-3.6958152E-01,3.48633E+00,3.29102E+00
-3.6956304E-01,3.50586E+00,3.29102E+00
-3.6954456E-01,3.42773E+00,3.27148E+00
-3.6952608E-01,3.48633E+00,3.29102E+00
-3.6950760E-01,3.40820E+00,3.34961E+00
-3.6948912E-01,3.52539E+00,3.33008E+00
-3.6947064E-01,3.42773E+00,3.29102E+00
-3.6945216E-01,3.42773E+00,3.31055E+00
-3.6943368E-01,3.50586E+00,3.33008E+00
-3.6941520E-01,3.46680E+00,3.33008E+00
-3.6939672E-01,3.44727E+00,3.29102E+00
-3.6937824E-01,3.48633E+00,3.29102E+00
-3.6935976E-01,3.46680E+00,3.34961E+00
-3.6934128E-01,3.46680E+00,3.36914E+00
-3.6932280E-01,3.44727E+00,3.31055E+00
-3.6930432E-01,3.50586E+00,3.33008E+00
-3.6928584E-01,3.44727E+00,3.34961E+00
-3.6926736E-01,3.48633E+00,3.31055E+00
-3.6924888E-01,3.40820E+00,3.34961E+00
-3.6923040E-01,3.48633E+00,3.33008E+00
-3.6921192E-01,3.44727E+00,3.36914E+00
-3.6919344E-01,3.50586E+00,3.33008E+00
-3.6917496E-01,3.48633E+00,3.29102E+00
-3.6915648E-01,3.48633E+00,3.27148E+00
-3.6913800E-01,3.50586E+00,3.31055E+00
-3.6911952E-01,3.44727E+00,3.27148E+00
-3.6910104E-01,3.50586E+00,3.25195E+00
-3.6908256E-01,3.46680E+00,3.34961E+00
-3.6906408E-01,3.42773E+00,3.29102E+00
-3.6904560E-01,3.50586E+00,3.27148E+00
-3.6902712E-01,3.40820E+00,3.33008E+00
-3.6900864E-01,3.48633E+00,3.31055E+00
-3.6899016E-01,3.50586E+00,3.27148E+00
-3.6897168E-01,3.46680E+00,3.34961E+00
-3.6895320E-01,3.50586E+00,3.29102E+00
-3.6893472E-01,3.48633E+00,3.29102E+00
-3.6891624E-01,3.44727E+00,3.23242E+00
-3.6889776E-01,3.44727E+00,3.29102E+00
-3.6887928E-01,3.44727E+00,3.31055E+00
-3.6886080E-01,3.46680E+00,3.29102E+00
-3.6884232E-01,3.50586E+00,3.36914E+00
-3.6882384E-01,3.44727E+00,3.34961E+00
-3.6880536E-01,3.44727E+00,3.33008E+00
-3.6878688E-01,3.54492E+00,3.33008E+00
-3.6876840E-01,3.50586E+00,3.29102E+00
-3.6874992E-01,3.46680E+00,3.36914E+00
-3.6873144E-01,3.42773E+00,3.29102E+00
-3.6871296E-01,3.48633E+00,3.40820E+00
-3.6869448E-01,3.48633E+00,3.34961E+00
-3.6867600E-01,3.40820E+00,3.34961E+00
-3.6865752E-01,3.50586E+00,3.31055E+00
-3.6863904E-01,3.44727E+00,3.29102E+00
-3.6862056E-01,3.42773E+00,3.36914E+00
-3.6860208E-01,3.44727E+00,3.29102E+00
-3.6858360E-01,3.44727E+00,3.40820E+00
-3.6856512E-01,3.46680E+00,3.34961E+00
-3.6854664E-01,3.36914E+00,3.31055E+00
-3.6852816E-01,3.48633E+00,3.29102E+00
-3.6850968E-01,3.50586E+00,3.34961E+00
-3.6849120E-01,3.48633E+00,3.34961E+00
-3.6847272E-01,3.38867E+00,3.31055E+00
-3.6845424E-01,3.42773E+00,3.29102E+00
-3.6843576E-01,3.42773E+00,3.29102E+00
-3.6841728E-01,3.56445E+00,3.31055E+00
-3.6839880E-01,3.42773E+00,3.31055E+00
-3.6838032E-01,3.42773E+00,3.34961E+00
-3.6836184E-01,3.44727E+00,3.33008E+00
-3.6834336E-01,3.48633E+00,3.29102E+00
-3.6832488E-01,3.44727E+00,3.33008E+00
-3.6830640E-01,3.46680E+00,3.34961E+00
-3.6828792E-01,3.42773E+00,3.34961E+00
-3.6826944E-01,3.50586E+00,3.29102E+00
-3.6825096E-01,3.50586E+00,3.36914E+00
-3.6823248E-01,3.42773E+00,3.33008E+00
-3.6821400E-01,3.42773E+00,3.31055E+00
-3.6819552E-01,3.44727E+00,3.34961E+00
-3.6817704E-01,3.44727E+00,3.31055E+00
-3.6815856E-01,3.46680E+00,3.34961E+00
-3.6814008E-01,3.40820E+00,3.29102E+00
-3.6812160E-01,3.44727E+00,3.31055E+00
-3.6810312E-01,3.50586E+00,3.40820E+00
-3.6808464E-01,3.44727E+00,3.29102E+00
-3.6806616E-01,3.44727E+00,3.31055E+00
-3.6804768E-01,3.42773E+00,3.34961E+00
-3.6802920E-01,3.38867E+00,3.31055E+00
-3.6801072E-01,3.50586E+00,3.29102E+00
-3.6799224E-01,3.42773E+00,3.33008E+00
-3.6797376E-01,3.44727E+00,3.29102E+00
-3.6795528E-01,3.44727E+00,3.31055E+00
-3.6793680E-01,3.46680E+00,3.34961E+00
-3.6791832E-01,3.50586E+00,3.34961E+00
-3.6789984E-01,3.48633E+00,3.33008E+00
-3.6788136E-01,3.42773E+00,3.34961E+00
-3.6786288E-01,3.50586E+00,3.31055E+00
-3.6784440E-01,3.44727E+00,3.31055E+00
-3.6782592E-01,3.46680E+00,3.29102E+00
-3.6780744E-01,3.44727E+00,3.31055E+00
-3.6778896E-01,3.42773E+00,3.29102E+00
-3.6777048E-01,3.44727E+00,3.36914E+00
-3.6775200E-01,3.44727E+00,3.36914E+00
-3.6773352E-01,3.38867E+00,3.31055E+00
-3.6771504E-01,3.46680E+00,3.36914E+00
-3.6769656E-01,3.48633E+00,3.36914E+00
-3.6767808E-01,3.48633E+00,3.34961E+00
-3.6765960E-01,3.48633E+00,3.38867E+00
-3.6764112E-01,3.50586E+00,3.36914E+00
-3.6762264E-01,3.44727E+00,3.36914E+00
-3.6760416E-01,3.48633E+00,3.38867E+00
-3.6758568E-01,3.48633E+00,3.36914E+00
-3.6756720E-01,3.48633E+00,3.29102E+00
-3.6754872E-01,3.44727E+00,3.38867E+00
-3.6753024E-01,3.54492E+00,3.31055E+00
-3.6751176E-01,3.42773E+00,3.34961E+00
-3.6749328E-01,3.50586E+00,3.29102E+00
-3.6747480E-01,3.42773E+00,3.33008E+00
-3.6745632E-01,3.46680E+00,3.34961E+00
-3.6743784E-01,3.48633E+00,3.31055E+00
-3.6741936E-01,3.54492E+00,3.33008E+00
-3.6740088E-01,3.48633E+00,3.34961E+00
-3.6738240E-01,3.48633E+00,3.29102E+00
-3.6736392E-01,3.46680E+00,3.33008E+00
-3.6734544E-01,3.42773E+00,3.27148E+00
-3.6732696E-01,3.38867E+00,3.40820E+00
-3.6730848E-01,3.50586E+00,3.31055E+00
-3.6729000E-01,3.42773E+00,3.31055E+00
-3.6727152E-01,3.50586E+00,3.31055E+00
-3.6725304E-01,3.44727E+00,3.33008E+00
-3.6723456E-01,3.44727E+00,3.31055E+00
-3.6721608E-01,3.44727E+00,3.33008E+00
-3.6719760E-01,3.46680E+00,3.29102E+00
-3.6717912E-01,3.54492E+00,3.31055E+00
-3.6716064E-01,3.48633E+00,3.31055E+00
-3.6714216E-01,3.48633E+00,3.33008E+00
-3.6712368E-01,3.48633E+00,3.34961E+00
-3.6710520E-01,3.48633E+00,3.34961E+00
-3.6708672E-01,3.44727E+00,3.29102E+00
-3.6706824E-01,3.44727E+00,3.36914E+00
-3.6704976E-01,3.52539E+00,3.29102E+00
-3.6703128E-01,3.44727E+00,3.36914E+00
-3.6701280E-01,3.44727E+00,3.33008E+00
-3.6699432E-01,3.46680E+00,3.40820E+00
-3.6697584E-01,3.50586E+00,3.40820E+00
-3.6695736E-01,3.50586E+00,3.34961E+00
-3.6693888E-01,3.44727E+00,3.34961E+00
-3.6692040E-01,3.40820E+00,3.31055E+00
-3.6690192E-01,3.50586E+00,3.31055E+00
-3.6688344E-01,3.40820E+00,3.34961E+00
-3.6686496E-01,3.48633E+00,3.29102E+00
-3.6684648E-01,3.34961E+00,3.34961E+00
-3.6682800E-01,3.44727E+00,3.34961E+00
-3.6680952E-01,3.42773E+00,3.34961E+00
-3.6679104E-01,3.44727E+00,3.34961E+00
-3.6677256E-01,3.48633E+00,3.36914E+00
-3.6675408E-01,3.56445E+00,3.33008E+00
-3.6673560E-01,3.44727E+00,3.31055E+00
-3.6671712E-01,3.44727E+00,3.33008E+00
-3.6669864E-01,3.50586E+00,3.40820E+00
-3.6668016E-01,3.44727E+00,3.36914E+00
-3.6666168E-01,3.46680E+00,3.31055E+00
-3.6664320E-01,3.48633E+00,3.34961E+00
-3.6662472E-01,3.44727E+00,3.31055E+00
-3.6660624E-01,3.48633E+00,3.34961E+00
-3.6658776E-01,3.46680E+00,3.34961E+00
-3.6656928E-01,3.48633E+00,3.33008E+00
-3.6655080E-01,3.44727E+00,3.36914E+00
-3.6653232E-01,3.50586E+00,3.33008E+00
-3.6651384E-01,3.50586E+00,3.27148E+00
-3.6649536E-01,3.50586E+00,3.36914E+00
-3.6647688E-01,3.38867E+00,3.40820E+00
-3.6645840E-01,3.50586E+00,3.38867E+00
-3.6643992E-01,3.50586E+00,3.36914E+00
-3.6642144E-01,3.46680E+00,3.29102E+00
-3.6640296E-01,3.50586E+00,3.34961E+00
-3.6638448E-01,3.50586E+00,3.33008E+00
-3.6636600E-01,3.46680E+00,3.36914E+00
-3.6634752E-01,3.46680E+00,3.34961E+00
-3.6632904E-01,3.44727E+00,3.36914E+00
-3.6631056E-01,3.48633E+00,3.34961E+00
-3.6629208E-01,3.50586E+00,3.36914E+00
-3.6627360E-01,3.44727E+00,3.31055E+00
-3.6625512E-01,3.50586E+00,3.29102E+00
-3.6623664E-01,3.44727E+00,3.29102E+00
-3.6621816E-01,3.44727E+00,3.34961E+00
-3.6619968E-01,3.44727E+00,3.36914E+00
-3.6618120E-01,3.46680E+00,3.33008E+00
-3.6616272E-01,3.46680E+00,3.31055E+00
-3.6614424E-01,3.46680E+00,3.40820E+00
-3.6612576E-01,3.48633E+00,3.36914E+00
-3.6610728E-01,3.48633E+00,3.38867E+00
-3.6608880E-01,3.52539E+00,3.29102E+00
-3.6607032E-01,3.50586E+00,3.31055E+00
-3.6605184E-01,3.50586E+00,3.29102E+00
-3.6603336E-01,3.50586E+00,3.34961E+00
-3.6601488E-01,3.44727E+00,3.34961E+00
-3.6599640E-01,3.50586E+00,3.34961E+00
-3.6597792E-01,3.48633E+00,3.34961E+00
-3.6595944E-01,3.42773E+00,3.36914E+00
-3.6594096E-01,3.52539E+00,3.34961E+00
-3.6592248E-01,3.46680E+00,3.40820E+00
-3.6590400E-01,3.46680E+00,3.34961E+00
-3.6588552E-01,3.48633E+00,3.36914E+00
-3.6586704E-01,3.50586E+00,3.34961E+00
-3.6584856E-01,3.42773E+00,3.38867E+00
-3.6583008E-01,3.42773E+00,3.36914E+00
-3.6581160E-01,3.46680E+00,3.34961E+00
-3.6579312E-01,3.44727E+00,3.34961E+00
-3.6577464E-01,3.50586E+00,3.40820E+00
-3.6575616E-01,3.44727E+00,3.34961E+00
-3.6573768E-01,3.50586E+00,3.38867E+00
-3.6571920E-01,3.46680E+00,3.40820E+00
-3.6570072E-01,3.50586E+00,3.33008E+00
-3.6568224E-01,3.48633E+00,3.34961E+00
-3.6566376E-01,3.54492E+00,3.38867E+00
-3.6564528E-01,3.42773E+00,3.38867E+00
-3.6562680E-01,3.44727E+00,3.36914E+00
-3.6560832E-01,3.52539E+00,3.31055E+00
-3.6558984E-01,3.46680E+00,3.33008E+00
-3.6557136E-01,3.52539E+00,3.36914E+00
-3.6555288E-01,3.44727E+00,3.40820E+00
-3.6553440E-01,3.48633E+00,3.38867E+00
-3.6551592E-01,3.44727E+00,3.33008E+00
-3.6549744E-01,3.44727E+00,3.34961E+00
-3.6547896E-01,3.44727E+00,3.34961E+00
-3.6546048E-01,3.56445E+00,3.33008E+00
-3.6544200E-01,3.50586E+00,3.36914E+00
-3.6542352E-01,3.46680E+00,3.34961E+00
-3.6540504E-01,3.36914E+00,3.33008E+00
-3.6538656E-01,3.46680E+00,3.33008E+00
-3.6536808E-01,3.48633E+00,3.38867E+00
-3.6534960E-01,3.44727E+00,3.42773E+00
-3.6533112E-01,3.48633E+00,3.36914E+00
-3.6531264E-01,3.44727E+00,3.36914E+00
-3.6529416E-01,3.52539E+00,3.34961E+00
-3.6527568E-01,3.46680E+00,3.33008E+00
-3.6525720E-01,3.48633E+00,3.31055E+00
-3.6523872E-01,3.44727E+00,3.36914E+00
-3.6522024E-01,3.46680E+00,3.36914E+00
-3.6520176E-01,3.44727E+00,3.33008E+00
-3.6518328E-01,3.44727E+00,3.44727E+00
-3.6516480E-01,3.44727E+00,3.36914E+00
-3.6514632E-01,3.54492E+00,3.40820E+00
-3.6512784E-01,3.46680E+00,3.36914E+00
-3.6510936E-01,3.44727E+00,3.33008E+00
-3.6509088E-01,3.48633E+00,3.34961E+00
-3.6507240E-01,3.44727E+00,3.38867E+00
-3.6505392E-01,3.46680E+00,3.33008E+00
-3.6503544E-01,3.44727E+00,3.34961E+00
-3.6501696E-01,3.46680E+00,3.34961E+00
-3.6499848E-01,3.46680E+00,3.38867E+00
-3.6498000E-01,3.44727E+00,3.33008E+00
-3.6496152E-01,3.42773E+00,3.38867E+00
-3.6494304E-01,3.44727E+00,3.40820E+00
-3.6492456E-01,3.44727E+00,3.40820E+00
-3.6490608E-01,3.46680E+00,3.40820E+00
-3.6488760E-01,3.42773E+00,3.36914E+00
-3.6486912E-01,3.48633E+00,3.36914E+00
-3.6485064E-01,3.50586E+00,3.40820E+00
-3.6483216E-01,3.46680E+00,3.36914E+00
-3.6481368E-01,3.46680E+00,3.36914E+00
-3.6479520E-01,3.50586E+00,3.36914E+00
-3.6477672E-01,3.50586E+00,3.38867E+00
-3.6475824E-01,3.44727E+00,3.34961E+00
-3.6473976E-01,3.48633E+00,3.34961E+00
-3.6472128E-01,3.48633E+00,3.40820E+00
-3.6470280E-01,3.44727E+00,3.34961E+00
-3.6468432E-01,3.44727E+00,3.40820E+00
-3.6466584E-01,3.44727E+00,3.29102E+00
-3.6464736E-01,3.56445E+00,3.34961E+00
-3.6462888E-01,3.44727E+00,3.34961E+00
-3.6461040E-01,3.44727E+00,3.40820E+00
-3.6459192E-01,3.42773E+00,3.36914E+00
-3.6457344E-01,3.48633E+00,3.36914E+00
-3.6455496E-01,3.50586E+00,3.36914E+00
-3.6453648E-01,3.48633E+00,3.36914E+00
-3.6451800E-01,3.50586E+00,3.36914E+00
-3.6449952E-01,3.46680E+00,3.31055E+00
-3.6448104E-01,3.54492E+00,3.33008E+00
-3.6446256E-01,3.50586E+00,3.40820E+00
-3.6444408E-01,3.44727E+00,3.42773E+00
-3.6442560E-01,3.44727E+00,3.40820E+00
-3.6440712E-01,3.40820E+00,3.42773E+00
-3.6438864E-01,3.44727E+00,3.38867E+00
-3.6437016E-01,3.44727E+00,3.31055E+00
-3.6435168E-01,3.42773E+00,3.40820E+00
-3.6433320E-01,3.46680E+00,3.42773E+00
-3.6431472E-01,3.42773E+00,3.36914E+00
-3.6429624E-01,3.50586E+00,3.36914E+00
-3.6427776E-01,3.50586E+00,3.33008E+00
-3.6425928E-01,3.46680E+00,3.42773E+00
-3.6424080E-01,3.48633E+00,3.36914E+00
-3.6422232E-01,3.46680E+00,3.33008E+00
-3.6420384E-01,3.50586E+00,3.34961E+00
-3.6418536E-01,3.48633E+00,3.34961E+00
-3.6416688E-01,3.46680E+00,3.38867E+00
-3.6414840E-01,3.48633E+00,3.38867E+00
-3.6412992E-01,3.44727E+00,3.33008E+00
-3.6411144E-01,3.50586E+00,3.36914E+00
-3.6409296E-01,3.44727E+00,3.38867E+00
-3.6407448E-01,3.44727E+00,3.38867E+00
-3.6405600E-01,3.50586E+00,3.36914E+00
-3.6403752E-01,3.42773E+00,3.36914E+00
-3.6401904E-01,3.54492E+00,3.36914E+00
-3.6400056E-01,3.50586E+00,3.42773E+00
-3.6398208E-01,3.46680E+00,3.38867E+00
-3.6396360E-01,3.48633E+00,3.40820E+00
-3.6394512E-01,3.44727E+00,3.42773E+00
-3.6392664E-01,3.44727E+00,3.36914E+00
-3.6390816E-01,3.48633E+00,3.40820E+00
-3.6388968E-01,3.46680E+00,3.34961E+00
-3.6387120E-01,3.44727E+00,3.40820E+00
-3.6385272E-01,3.46680E+00,3.40820E+00
-3.6383424E-01,3.52539E+00,3.34961E+00
-3.6381576E-01,3.44727E+00,3.34961E+00
-3.6379728E-01,3.50586E+00,3.36914E+00
-3.6377880E-01,3.36914E+00,3.36914E+00
-3.6376032E-01,3.50586E+00,3.36914E+00
-3.6374184E-01,3.46680E+00,3.38867E+00
-3.6372336E-01,3.46680E+00,3.31055E+00
-3.6370488E-01,3.54492E+00,3.38867E+00
-3.6368640E-01,3.46680E+00,3.36914E+00
-3.6366792E-01,3.50586E+00,3.36914E+00
-3.6364944E-01,3.46680E+00,3.42773E+00
-3.6363096E-01,3.44727E+00,3.36914E+00
-3.6361248E-01,3.48633E+00,3.44727E+00
-3.6359400E-01,3.42773E+00,3.33008E+00
-3.6357552E-01,3.48633E+00,3.40820E+00
-3.6355704E-01,3.48633E+00,3.36914E+00
-3.6353856E-01,3.50586E+00,3.34961E+00
-3.6352008E-01,3.42773E+00,3.36914E+00
-3.6350160E-01,3.48633E+00,3.38867E+00
-3.6348312E-01,3.50586E+00,3.38867E+00
-3.6346464E-01,3.52539E+00,3.36914E+00
-3.6344616E-01,3.48633E+00,3.36914E+00
-3.6342768E-01,3.54492E+00,3.38867E+00
-3.6340920E-01,3.44727E+00,3.42773E+00
-3.6339072E-01,3.48633E+00,3.29102E+00
-3.6337224E-01,3.46680E+00,3.34961E+00
-3.6335376E-01,3.44727E+00,3.40820E+00
-3.6333528E-01,3.50586E+00,3.36914E+00
-3.6331680E-01,3.44727E+00,3.44727E+00
-3.6329832E-01,3.52539E+00,3.36914E+00
-3.6327984E-01,3.50586E+00,3.36914E+00
-3.6326136E-01,3.54492E+00,3.40820E+00
-3.6324288E-01,3.46680E+00,3.40820E+00
-3.6322440E-01,3.44727E+00,3.36914E+00
-3.6320592E-01,3.44727E+00,3.38867E+00
-3.6318744E-01,3.46680E+00,3.40820E+00
-3.6316896E-01,3.48633E+00,3.36914E+00
-3.6315048E-01,3.44727E+00,3.42773E+00
-3.6313200E-01,3.52539E+00,3.38867E+00
-3.6311352E-01,3.50586E+00,3.36914E+00
-3.6309504E-01,3.48633E+00,3.44727E+00
-3.6307656E-01,3.46680E+00,3.42773E+00
-3.6305808E-01,3.50586E+00,3.34961E+00
-3.6303960E-01,3.48633E+00,3.36914E+00
-3.6302112E-01,3.48633E+00,3.34961E+00
-3.6300264E-01,3.48633E+00,3.33008E+00
-3.6298416E-01,3.46680E+00,3.38867E+00
-3.6296568E-01,3.48633E+00,3.38867E+00
-3.6294720E-01,3.46680E+00,3.46680E+00
-3.6292872E-01,3.46680E+00,3.40820E+00
-3.6291024E-01,3.46680E+00,3.42773E+00
-3.6289176E-01,3.52539E+00,3.38867E+00
-3.6287328E-01,3.52539E+00,3.36914E+00
-3.6285480E-01,3.44727E+00,3.38867E+00
-3.6283632E-01,3.44727E+00,3.42773E+00
-3.6281784E-01,3.46680E+00,3.46680E+00
-3.6279936E-01,3.50586E+00,3.33008E+00
-3.6278088E-01,3.46680E+00,3.38867E+00
-3.6276240E-01,3.44727E+00,3.36914E+00
-3.6274392E-01,3.48633E+00,3.40820E+00
-3.6272544E-01,3.52539E+00,3.40820E+00
-3.6270696E-01,3.46680E+00,3.40820E+00
-3.6268848E-01,3.46680E+00,3.36914E+00
-3.6267000E-01,3.44727E+00,3.33008E+00
-3.6265152E-01,3.56445E+00,3.34961E+00
-3.6263304E-01,3.48633E+00,3.40820E+00
-3.6261456E-01,3.46680E+00,3.40820E+00
-3.6259608E-01,3.46680E+00,3.40820E+00
-3.6257760E-01,3.44727E+00,3.40820E+00
-3.6255912E-01,3.40820E+00,3.36914E+00
-3.6254064E-01,3.46680E+00,3.36914E+00
-3.6252216E-01,3.44727E+00,3.38867E+00
-3.6250368E-01,3.62305E+00,3.38867E+00
-3.6248520E-01,3.50586E+00,3.31055E+00
-3.6246672E-01,3.46680E+00,3.33008E+00
-3.6244824E-01,3.44727E+00,3.33008E+00
-3.6242976E-01,3.58398E+00,3.40820E+00
-3.6241128E-01,3.46680E+00,3.36914E+00
-3.6239280E-01,3.48633E+00,3.36914E+00
-3.6237432E-01,3.44727E+00,3.38867E+00
-3.6235584E-01,3.50586E+00,3.34961E+00
-3.6233736E-01,3.50586E+00,3.44727E+00
-3.6231888E-01,3.46680E+00,3.34961E+00
-3.6230040E-01,3.50586E+00,3.38867E+00
-3.6228192E-01,3.44727E+00,3.42773E+00
-3.6226344E-01,3.50586E+00,3.42773E+00
-3.6224496E-01,3.52539E+00,3.44727E+00
-3.6222648E-01,3.44727E+00,3.44727E+00
-3.6220800E-01,3.54492E+00,3.44727E+00
-3.6218952E-01,3.50586E+00,3.44727E+00
-3.6217104E-01,3.52539E+00,3.36914E+00
-3.6215256E-01,3.50586E+00,3.40820E+00
-3.6213408E-01,3.46680E+00,3.40820E+00
-3.6211560E-01,3.44727E+00,3.44727E+00
-3.6209712E-01,3.36914E+00,3.36914E+00
-3.6207864E-01,3.44727E+00,3.40820E+00
-3.6206016E-01,3.44727E+00,3.42773E+00
-3.6204168E-01,3.46680E+00,3.42773E+00
-3.6202320E-01,3.50586E+00,3.38867E+00
-3.6200472E-01,3.50586E+00,3.36914E+00
-3.6198624E-01,3.44727E+00,3.38867E+00
-3.6196776E-01,3.46680E+00,3.44727E+00
-3.6194928E-01,3.50586E+00,3.40820E+00
-3.6193080E-01,3.44727E+00,3.44727E+00
-3.6191232E-01,3.44727E+00,3.42773E+00
-3.6189384E-01,3.38867E+00,3.38867E+00
-3.6187536E-01,3.46680E+00,3.44727E+00
-3.6185688E-01,3.40820E+00,3.50586E+00
-3.6183840E-01,3.50586E+00,3.42773E+00
-3.6181992E-01,3.50586E+00,3.48633E+00
-3.6180144E-01,3.44727E+00,3.36914E+00
-3.6178296E-01,3.50586E+00,3.40820E+00
-3.6176448E-01,3.50586E+00,3.40820E+00
-3.6174600E-01,3.44727E+00,3.42773E+00
-3.6172752E-01,3.46680E+00,3.42773E+00
-3.6170904E-01,3.44727E+00,3.46680E+00
-3.6169056E-01,3.46680E+00,3.38867E+00
-3.6167208E-01,3.44727E+00,3.38867E+00
-3.6165360E-01,3.56445E+00,3.42773E+00
-3.6163512E-01,3.48633E+00,3.38867E+00
-3.6161664E-01,3.50586E+00,3.42773E+00
-3.6159816E-01,3.44727E+00,3.42773E+00
-3.6157968E-01,3.46680E+00,3.46680E+00
-3.6156120E-01,3.52539E+00,3.40820E+00
-3.6154272E-01,3.54492E+00,3.38867E+00
-3.6152424E-01,3.44727E+00,3.44727E+00
-3.6150576E-01,3.50586E+00,3.50586E+00
-3.6148728E-01,3.50586E+00,3.40820E+00
-3.6146880E-01,3.50586E+00,3.38867E+00
-3.6145032E-01,3.52539E+00,3.42773E+00
-3.6143184E-01,3.50586E+00,3.40820E+00
-3.6141336E-01,3.48633E+00,3.44727E+00
-3.6139488E-01,3.46680E+00,3.40820E+00
-3.6137640E-01,3.50586E+00,3.42773E+00
-3.6135792E-01,3.58398E+00,3.44727E+00
-3.6133944E-01,3.50586E+00,3.38867E+00
-3.6132096E-01,3.48633E+00,3.50586E+00
-3.6130248E-01,3.44727E+00,3.46680E+00
-3.6128400E-01,3.46680E+00,3.42773E+00
-3.6126552E-01,3.50586E+00,3.42773E+00
-3.6124704E-01,3.44727E+00,3.38867E+00
-3.6122856E-01,3.50586E+00,3.44727E+00
-3.6121008E-01,3.48633E+00,3.40820E+00
-3.6119160E-01,3.44727E+00,3.38867E+00
-3.6117312E-01,3.50586E+00,3.36914E+00
-3.6115464E-01,3.54492E+00,3.36914E+00
-3.6113616E-01,3.52539E+00,3.36914E+00
-3.6111768E-01,3.52539E+00,3.44727E+00
-3.6109920E-01,3.46680E+00,3.44727E+00
-3.6108072E-01,3.58398E+00,3.40820E+00
-3.6106224E-01,3.56445E+00,3.46680E+00
-3.6104376E-01,3.50586E+00,3.44727E+00
-3.6102528E-01,3.54492E+00,3.36914E+00
-3.6100680E-01,3.50586E+00,3.40820E+00
-3.6098832E-01,3.48633E+00,3.40820E+00
-3.6096984E-01,3.46680E+00,3.40820E+00
-3.6095136E-01,3.50586E+00,3.42773E+00
-3.6093288E-01,3.44727E+00,3.42773E+00
-3.6091440E-01,3.46680E+00,3.40820E+00
-3.6089592E-01,3.42773E+00,3.38867E+00
-3.6087744E-01,3.48633E+00,3.42773E+00
-3.6085896E-01,3.52539E+00,3.42773E+00
-3.6084048E-01,3.56445E+00,3.36914E+00
-3.6082200E-01,3.50586E+00,3.44727E+00
-3.6080352E-01,3.48633E+00,3.48633E+00
-3.6078504E-01,3.50586E+00,3.42773E+00
-3.6076656E-01,3.48633E+00,3.42773E+00
-3.6074808E-01,3.50586E+00,3.42773E+00
-3.6072960E-01,3.48633E+00,3.42773E+00
-3.6071112E-01,3.48633E+00,3.38867E+00
-3.6069264E-01,3.44727E+00,3.42773E+00
-3.6067416E-01,3.50586E+00,3.44727E+00
-3.6065568E-01,3.48633E+00,3.46680E+00
-3.6063720E-01,3.46680E+00,3.48633E+00
-3.6061872E-01,3.52539E+00,3.42773E+00
-3.6060024E-01,3.46680E+00,3.42773E+00
-3.6058176E-01,3.48633E+00,3.36914E+00
-3.6056328E-01,3.46680E+00,3.40820E+00
-3.6054480E-01,3.48633E+00,3.40820E+00
-3.6052632E-01,3.48633E+00,3.42773E+00
-3.6050784E-01,3.46680E+00,3.42773E+00
-3.6048936E-01,3.50586E+00,3.40820E+00
-3.6047088E-01,3.50586E+00,3.44727E+00
-3.6045240E-01,3.46680E+00,3.42773E+00
-3.6043392E-01,3.44727E+00,3.38867E+00
-3.6041544E-01,3.46680E+00,3.44727E+00
-3.6039696E-01,3.46680E+00,3.48633E+00
-3.6037848E-01,3.50586E+00,3.42773E+00
-3.6036000E-01,3.46680E+00,3.46680E+00
-3.6034152E-01,3.46680E+00,3.40820E+00
-3.6032304E-01,3.44727E+00,3.38867E+00
-3.6030456E-01,3.50586E+00,3.44727E+00
-3.6028608E-01,3.48633E+00,3.44727E+00
-3.6026760E-01,3.46680E+00,3.44727E+00
-3.6024912E-01,3.46680E+00,3.38867E+00
-3.6023064E-01,3.48633E+00,3.44727E+00
-3.6021216E-01,3.52539E+00,3.42773E+00
-3.6019368E-01,3.50586E+00,3.46680E+00
-3.6017520E-01,3.48633E+00,3.44727E+00
-3.6015672E-01,3.44727E+00,3.38867E+00
-3.6013824E-01,3.46680E+00,3.48633E+00
-3.6011976E-01,3.42773E+00,3.42773E+00
-3.6010128E-01,3.50586E+00,3.42773E+00
-3.6008280E-01,3.58398E+00,3.40820E+00
-3.6006432E-01,3.42773E+00,3.46680E+00
-3.6004584E-01,3.48633E+00,3.46680E+00
-3.6002736E-01,3.48633E+00,3.40820E+00
-3.6000888E-01,3.48633E+00,3.44727E+00
-3.5999040E-01,3.48633E+00,3.42773E+00
-3.5997192E-01,3.48633E+00,3.46680E+00
-3.5995344E-01,3.52539E+00,3.40820E+00
-3.5993496E-01,3.56445E+00,3.46680E+00
-3.5991648E-01,3.50586E+00,3.42773E+00
-3.5989800E-01,3.42773E+00,3.48633E+00
-3.5987952E-01,3.50586E+00,3.38867E+00
-3.5986104E-01,3.46680E+00,3.50586E+00
-3.5984256E-01,3.56445E+00,3.38867E+00
-3.5982408E-01,3.44727E+00,3.42773E+00
-3.5980560E-01,3.54492E+00,3.46680E+00
-3.5978712E-01,3.48633E+00,3.40820E+00
-3.5976864E-01,3.58398E+00,3.44727E+00
-3.5975016E-01,3.52539E+00,3.44727E+00
-3.5973168E-01,3.60352E+00,3.40820E+00
-3.5971320E-01,3.44727E+00,3.42773E+00
-3.5969472E-01,3.52539E+00,3.38867E+00
-3.5967624E-01,3.44727E+00,3.42773E+00
-3.5965776E-01,3.56445E+00,3.42773E+00
-3.5963928E-01,3.48633E+00,3.44727E+00
-3.5962080E-01,3.54492E+00,3.40820E+00
-3.5960232E-01,3.56445E+00,3.46680E+00
-3.5958384E-01,3.46680E+00,3.50586E+00
-3.5956536E-01,3.48633E+00,3.46680E+00
-3.5954688E-01,3.46680E+00,3.42773E+00
-3.5952840E-01,3.50586E+00,3.40820E+00
-3.5950992E-01,3.52539E+00,3.46680E+00
-3.5949144E-01,3.56445E+00,3.42773E+00
-3.5947296E-01,3.46680E+00,3.40820E+00
-3.5945448E-01,3.48633E+00,3.44727E+00
-3.5943600E-01,3.48633E+00,3.38867E+00
-3.5941752E-01,3.44727E+00,3.46680E+00
-3.5939904E-01,3.50586E+00,3.38867E+00
-3.5938056E-01,3.54492E+00,3.42773E+00
-3.5936208E-01,3.48633E+00,3.44727E+00
-3.5934360E-01,3.50586E+00,3.50586E+00
-3.5932512E-01,3.44727E+00,3.50586E+00
-3.5930664E-01,3.46680E+00,3.44727E+00
-3.5928816E-01,3.52539E+00,3.42773E+00
-3.5926968E-01,3.48633E+00,3.42773E+00
-3.5925120E-01,3.46680E+00,3.42773E+00
-3.5923272E-01,3.40820E+00,3.48633E+00
-3.5921424E-01,3.52539E+00,3.44727E+00
-3.5919576E-01,3.48633E+00,3.50586E+00
-3.5917728E-01,3.46680E+00,3.54492E+00
-3.5915880E-01,3.48633E+00,3.40820E+00
-3.5914032E-01,3.52539E+00,3.42773E+00
-3.5912184E-01,3.44727E+00,3.44727E+00
-3.5910336E-01,3.58398E+00,3.40820E+00
-3.5908488E-01,3.52539E+00,3.44727E+00
-3.5906640E-01,3.48633E+00,3.42773E+00
-3.5904792E-01,3.48633E+00,3.44727E+00
-3.5902944E-01,3.54492E+00,3.42773E+00
-3.5901096E-01,3.48633E+00,3.44727E+00
-3.5899248E-01,3.50586E+00,3.50586E+00
-3.5897400E-01,3.50586E+00,3.42773E+00
-3.5895552E-01,3.50586E+00,3.46680E+00
-3.5893704E-01,3.52539E+00,3.44727E+00
-3.5891856E-01,3.50586E+00,3.38867E+00
-3.5890008E-01,3.56445E+00,3.44727E+00
-3.5888160E-01,3.54492E+00,3.38867E+00
-3.5886312E-01,3.44727E+00,3.48633E+00
-3.5884464E-01,3.50586E+00,3.48633E+00
-3.5882616E-01,3.46680E+00,3.50586E+00
-3.5880768E-01,3.46680E+00,3.38867E+00
-3.5878920E-01,3.50586E+00,3.44727E+00
-3.5877072E-01,3.52539E+00,3.48633E+00
-3.5875224E-01,3.52539E+00,3.48633E+00
-3.5873376E-01,3.52539E+00,3.40820E+00
-3.5871528E-01,3.58398E+00,3.44727E+00
-3.5869680E-01,3.48633E+00,3.44727E+00
-3.5867832E-01,3.50586E+00,3.50586E+00
-3.5865984E-01,3.56445E+00,3.42773E+00
-3.5864136E-01,3.56445E+00,3.44727E+00
-3.5862288E-01,3.48633E+00,3.48633E+00
-3.5860440E-01,3.40820E+00,3.48633E+00
-3.5858592E-01,3.54492E+00,3.50586E+00
-3.5856744E-01,3.48633E+00,3.48633E+00
-3.5854896E-01,3.56445E+00,3.42773E+00
-3.5853048E-01,3.52539E+00,3.44727E+00
-3.5851200E-01,3.44727E+00,3.50586E+00
-3.5849352E-01,3.44727E+00,3.46680E+00
-3.5847504E-01,3.54492E+00,3.48633E+00
-3.5845656E-01,3.44727E+00,3.46680E+00
-3.5843808E-01,3.50586E+00,3.42773E+00
-3.5841960E-01,3.40820E+00,3.44727E+00
-3.5840112E-01,3.52539E+00,3.50586E+00
-3.5838264E-01,3.44727E+00,3.44727E+00
-3.5836416E-01,3.46680E+00,3.42773E+00
-3.5834568E-01,3.48633E+00,3.38867E+00
-3.5832720E-01,3.46680E+00,3.40820E+00
-3.5830872E-01,3.44727E+00,3.46680E+00
-3.5829024E-01,3.48633E+00,3.46680E+00
-3.5827176E-01,3.50586E+00,3.48633E+00
-3.5825328E-01,3.52539E+00,3.48633E+00
-3.5823480E-01,3.44727E+00,3.44727E+00
-3.5821632E-01,3.48633E+00,3.44727E+00
-3.5819784E-01,3.54492E+00,3.46680E+00
-3.5817936E-01,3.48633E+00,3.42773E+00
-3.5816088E-01,3.44727E+00,3.48633E+00
-3.5814240E-01,3.52539E+00,3.46680E+00
-3.5812392E-01,3.52539E+00,3.48633E+00
-3.5810544E-01,3.44727E+00,3.42773E+00
-3.5808696E-01,3.52539E+00,3.46680E+00
-3.5806848E-01,3.46680E+00,3.36914E+00
-3.5805000E-01,3.50586E+00,3.50586E+00
-3.5803152E-01,3.52539E+00,3.50586E+00
-3.5801304E-01,3.50586E+00,3.54492E+00
-3.5799456E-01,3.46680E+00,3.40820E+00
-3.5797608E-01,3.48633E+00,3.48633E+00
-3.5795760E-01,3.46680E+00,3.40820E+00
-3.5793912E-01,3.50586E+00,3.46680E+00
-3.5792064E-01,3.52539E+00,3.36914E+00
-3.5790216E-01,3.52539E+00,3.48633E+00
-3.5788368E-01,3.48633E+00,3.50586E+00
-3.5786520E-01,3.50586E+00,3.50586E+00
-3.5784672E-01,3.46680E+00,3.42773E+00
-3.5782824E-01,3.50586E+00,3.54492E+00
-3.5780976E-01,3.48633E+00,3.44727E+00
-3.5779128E-01,3.46680E+00,3.48633E+00
-3.5777280E-01,3.50586E+00,3.42773E+00
-3.5775432E-01,3.50586E+00,3.48633E+00
-3.5773584E-01,3.54492E+00,3.44727E+00
-3.5771736E-01,3.54492E+00,3.46680E+00
-3.5769888E-01,3.48633E+00,3.50586E+00
-3.5768040E-01,3.54492E+00,3.44727E+00
-3.5766192E-01,3.46680E+00,3.50586E+00
-3.5764344E-01,3.50586E+00,3.48633E+00
-3.5762496E-01,3.52539E+00,3.50586E+00
-3.5760648E-01,3.46680E+00,3.48633E+00
-3.5758800E-01,3.48633E+00,3.44727E+00
-3.5756952E-01,3.46680E+00,3.50586E+00
-3.5755104E-01,3.58398E+00,3.38867E+00
-3.5753256E-01,3.50586E+00,3.46680E+00
-3.5751408E-01,3.58398E+00,3.50586E+00
-3.5749560E-01,3.44727E+00,3.48633E+00
-3.5747712E-01,3.52539E+00,3.50586E+00
-3.5745864E-01,3.48633E+00,3.44727E+00
-3.5744016E-01,3.50586E+00,3.46680E+00
-3.5742168E-01,3.52539E+00,3.50586E+00
-3.5740320E-01,3.50586E+00,3.48633E+00
-3.5738472E-01,3.44727E+00,3.46680E+00
-3.5736624E-01,3.50586E+00,3.46680E+00
-3.5734776E-01,3.48633E+00,3.48633E+00
-3.5732928E-01,3.44727E+00,3.48633E+00
-3.5731080E-01,3.54492E+00,3.50586E+00
-3.5729232E-01,3.52539E+00,3.50586E+00
-3.5727384E-01,3.54492E+00,3.48633E+00
-3.5725536E-01,3.52539E+00,3.44727E+00
-3.5723688E-01,3.54492E+00,3.56445E+00
-3.5721840E-01,3.54492E+00,3.40820E+00
-3.5719992E-01,3.46680E+00,3.50586E+00
-3.5718144E-01,3.50586E+00,3.46680E+00
-3.5716296E-01,3.44727E+00,3.46680E+00
-3.5714448E-01,3.54492E+00,3.46680E+00
-3.5712600E-01,3.50586E+00,3.46680E+00
-3.5710752E-01,3.56445E+00,3.52539E+00
-3.5708904E-01,3.44727E+00,3.52539E+00
-3.5707056E-01,3.54492E+00,3.46680E+00
-3.5705208E-01,3.56445E+00,3.42773E+00
-3.5703360E-01,3.50586E+00,3.46680E+00
-3.5701512E-01,3.50586E+00,3.44727E+00
-3.5699664E-01,3.52539E+00,3.48633E+00
-3.5697816E-01,3.48633E+00,3.42773E+00
-3.5695968E-01,3.52539E+00,3.52539E+00
-3.5694120E-01,3.46680E+00,3.50586E+00
-3.5692272E-01,3.56445E+00,3.48633E+00
-3.5690424E-01,3.56445E+00,3.52539E+00
-3.5688576E-01,3.50586E+00,3.48633E+00
-3.5686728E-01,3.50586E+00,3.52539E+00
-3.5684880E-01,3.58398E+00,3.46680E+00
-3.5683032E-01,3.46680E+00,3.48633E+00
-3.5681184E-01,3.52539E+00,3.44727E+00
-3.5679336E-01,3.58398E+00,3.48633E+00
-3.5677488E-01,3.54492E+00,3.48633E+00
-3.5675640E-01,3.52539E+00,3.50586E+00
-3.5673792E-01,3.52539E+00,3.48633E+00
-3.5671944E-01,3.48633E+00,3.50586E+00
-3.5670096E-01,3.46680E+00,3.48633E+00
-3.5668248E-01,3.56445E+00,3.48633E+00
-3.5666400E-01,3.58398E+00,3.50586E+00
-3.5664552E-01,3.44727E+00,3.46680E+00
-3.5662704E-01,3.50586E+00,3.48633E+00
-3.5660856E-01,3.48633E+00,3.50586E+00
-3.5659008E-01,3.50586E+00,3.50586E+00
-3.5657160E-01,3.56445E+00,3.56445E+00
-3.5655312E-01,3.46680E+00,3.44727E+00
-3.5653464E-01,3.54492E+00,3.44727E+00
-3.5651616E-01,3.50586E+00,3.50586E+00
-3.5649768E-01,3.52539E+00,3.52539E+00
-3.5647920E-01,3.48633E+00,3.46680E+00
-3.5646072E-01,3.50586E+00,3.46680E+00
-3.5644224E-01,3.48633E+00,3.48633E+00
-3.5642376E-01,3.54492E+00,3.48633E+00
-3.5640528E-01,3.52539E+00,3.48633E+00
-3.5638680E-01,3.48633E+00,3.48633E+00
-3.5636832E-01,3.50586E+00,3.50586E+00
-3.5634984E-01,3.50586E+00,3.44727E+00
-3.5633136E-01,3.54492E+00,3.46680E+00
-3.5631288E-01,3.50586E+00,3.52539E+00
-3.5629440E-01,3.50586E+00,3.42773E+00
-3.5627592E-01,3.56445E+00,3.46680E+00
-3.5625744E-01,3.54492E+00,3.48633E+00
-3.5623896E-01,3.50586E+00,3.56445E+00
-3.5622048E-01,3.48633E+00,3.52539E+00
-3.5620200E-01,3.56445E+00,3.50586E+00
-3.5618352E-01,3.50586E+00,3.42773E+00
-3.5616504E-01,3.50586E+00,3.46680E+00
-3.5614656E-01,3.52539E+00,3.50586E+00
-3.5612808E-01,3.52539E+00,3.54492E+00
-3.5610960E-01,3.58398E+00,3.46680E+00
-3.5609112E-01,3.50586E+00,3.52539E+00
-3.5607264E-01,3.54492E+00,3.42773E+00
-3.5605416E-01,3.54492E+00,3.48633E+00
-3.5603568E-01,3.48633E+00,3.50586E+00
-3.5601720E-01,3.40820E+00,3.56445E+00
-3.5599872E-01,3.50586E+00,3.50586E+00
-3.5598024E-01,3.48633E+00,3.52539E+00
-3.5596176E-01,3.50586E+00,3.50586E+00
-3.5594328E-01,3.50586E+00,3.46680E+00
-3.5592480E-01,3.44727E+00,3.48633E+00
-3.5590632E-01,3.42773E+00,3.44727E+00
-3.5588784E-01,3.58398E+00,3.50586E+00
-3.5586936E-01,3.54492E+00,3.48633E+00
-3.5585088E-01,3.56445E+00,3.50586E+00
-3.5583240E-01,3.50586E+00,3.56445E+00
-3.5581392E-01,3.50586E+00,3.48633E+00
-3.5579544E-01,3.48633E+00,3.46680E+00
-3.5577696E-01,3.44727E+00,3.44727E+00
-3.5575848E-01,3.48633E+00,3.46680E+00
-3.5574000E-01,3.52539E+00,3.50586E+00
-3.5572152E-01,3.50586E+00,3.54492E+00
-3.5570304E-01,3.56445E+00,3.48633E+00
-3.5568456E-01,3.54492E+00,3.40820E+00
-3.5566608E-01,3.48633E+00,3.48633E+00
-3.5564760E-01,3.54492E+00,3.50586E+00
-3.5562912E-01,3.58398E+00,3.50586E+00
-3.5561064E-01,3.46680E+00,3.54492E+00
-3.5559216E-01,3.56445E+00,3.52539E+00
-3.5557368E-01,3.48633E+00,3.52539E+00
-3.5555520E-01,3.56445E+00,3.56445E+00
-3.5553672E-01,3.52539E+00,3.50586E+00
-3.5551824E-01,3.50586E+00,3.50586E+00
-3.5549976E-01,3.50586E+00,3.46680E+00
-3.5548128E-01,3.52539E+00,3.48633E+00
-3.5546280E-01,3.54492E+00,3.58398E+00
-3.5544432E-01,3.58398E+00,3.48633E+00
-3.5542584E-01,3.50586E+00,3.48633E+00
-3.5540736E-01,3.52539E+00,3.54492E+00
-3.5538888E-01,3.42773E+00,3.54492E+00
-3.5537040E-01,3.52539E+00,3.56445E+00
-3.5535192E-01,3.56445E+00,3.52539E+00
-3.5533344E-01,3.46680E+00,3.42773E+00
-3.5531496E-01,3.48633E+00,3.52539E+00
-3.5529648E-01,3.52539E+00,3.48633E+00
-3.5527800E-01,3.52539E+00,3.52539E+00
-3.5525952E-01,3.54492E+00,3.54492E+00
-3.5524104E-01,3.50586E+00,3.50586E+00
-3.5522256E-01,3.46680E+00,3.48633E+00
-3.5520408E-01,3.56445E+00,3.48633E+00
-3.5518560E-01,3.54492E+00,3.50586E+00
-3.5516712E-01,3.50586E+00,3.50586E+00
-3.5514864E-01,3.52539E+00,3.44727E+00
-3.5513016E-01,3.52539E+00,3.46680E+00
-3.5511168E-01,3.48633E+00,3.48633E+00
-3.5509320E-01,3.52539E+00,3.50586E+00
-3.5507472E-01,3.56445E+00,3.46680E+00
-3.5505624E-01,3.42773E+00,3.56445E+00
-3.5503776E-01,3.50586E+00,3.38867E+00
-3.5501928E-01,3.42773E+00,3.50586E+00
-3.5500080E-01,3.48633E+00,3.48633E+00
-3.5498232E-01,3.48633E+00,3.46680E+00
-3.5496384E-01,3.48633E+00,3.50586E+00
-3.5494536E-01,3.50586E+00,3.54492E+00
-3.5492688E-01,3.50586E+00,3.46680E+00
-3.5490840E-01,3.52539E+00,3.56445E+00
-3.5488992E-01,3.48633E+00,3.52539E+00
-3.5487144E-01,3.38867E+00,3.54492E+00
-3.5485296E-01,3.54492E+00,3.48633E+00
-3.5483448E-01,3.44727E+00,3.48633E+00
-3.5481600E-01,3.48633E+00,3.50586E+00
-3.5479752E-01,3.50586E+00,3.50586E+00
-3.5477904E-01,3.58398E+00,3.52539E+00
-3.5476056E-01,3.52539E+00,3.56445E+00
-3.5474208E-01,3.52539E+00,3.52539E+00
-3.5472360E-01,3.58398E+00,3.56445E+00
-3.5470512E-01,3.64258E+00,3.52539E+00
-3.5468664E-01,3.58398E+00,3.54492E+00
-3.5466816E-01,3.48633E+00,3.48633E+00
-3.5464968E-01,3.50586E+00,3.58398E+00
-3.5463120E-01,3.52539E+00,3.48633E+00
-3.5461272E-01,3.44727E+00,3.58398E+00
-3.5459424E-01,3.52539E+00,3.50586E+00
-3.5457576E-01,3.52539E+00,3.54492E+00
-3.5455728E-01,3.50586E+00,3.50586E+00
-3.5453880E-01,3.50586E+00,3.54492E+00
-3.5452032E-01,3.56445E+00,3.48633E+00
-3.5450184E-01,3.50586E+00,3.50586E+00
-3.5448336E-01,3.54492E+00,3.52539E+00
-3.5446488E-01,3.52539E+00,3.56445E+00
-3.5444640E-01,3.50586E+00,3.48633E+00
-3.5442792E-01,3.50586E+00,3.54492E+00
-3.5440944E-01,3.56445E+00,3.56445E+00
-3.5439096E-01,3.50586E+00,3.44727E+00
-3.5437248E-01,3.48633E+00,3.52539E+00
-3.5435400E-01,3.50586E+00,3.56445E+00
-3.5433552E-01,3.48633E+00,3.48633E+00
-3.5431704E-01,3.50586E+00,3.60352E+00
-3.5429856E-01,3.48633E+00,3.50586E+00
-3.5428008E-01,3.52539E+00,3.52539E+00
-3.5426160E-01,3.54492E+00,3.46680E+00
-3.5424312E-01,3.52539E+00,3.56445E+00
-3.5422464E-01,3.52539E+00,3.46680E+00
-3.5420616E-01,3.54492E+00,3.46680E+00
-3.5418768E-01,3.60352E+00,3.50586E+00
-3.5416920E-01,3.50586E+00,3.56445E+00
-3.5415072E-01,3.56445E+00,3.50586E+00
-3.5413224E-01,3.48633E+00,3.54492E+00
-3.5411376E-01,3.58398E+00,3.50586E+00
-3.5409528E-01,3.54492E+00,3.50586E+00
-3.5407680E-01,3.54492E+00,3.50586E+00
-3.5405832E-01,3.48633E+00,3.52539E+00
-3.5403984E-01,3.52539E+00,3.52539E+00
-3.5402136E-01,3.50586E+00,3.56445E+00
-3.5400288E-01,3.50586E+00,3.54492E+00
-3.5398440E-01,3.52539E+00,3.56445E+00
-3.5396592E-01,3.50586E+00,3.52539E+00
-3.5394744E-01,3.60352E+00,3.58398E+00
-3.5392896E-01,3.46680E+00,3.50586E+00
-3.5391048E-01,3.52539E+00,3.50586E+00
-3.5389200E-01,3.52539E+00,3.48633E+00
-3.5387352E-01,3.52539E+00,3.56445E+00
-3.5385504E-01,3.52539E+00,3.52539E+00
-3.5383656E-01,3.54492E+00,3.54492E+00
-3.5381808E-01,3.56445E+00,3.48633E+00
-3.5379960E-01,3.50586E+00,3.48633E+00
-3.5378112E-01,3.48633E+00,3.54492E+00
-3.5376264E-01,3.50586E+00,3.58398E+00
-3.5374416E-01,3.56445E+00,3.50586E+00
-3.5372568E-01,3.46680E+00,3.50586E+00
-3.5370720E-01,3.50586E+00,3.52539E+00
-3.5368872E-01,3.48633E+00,3.56445E+00
-3.5367024E-01,3.54492E+00,3.54492E+00
-3.5365176E-01,3.58398E+00,3.52539E+00
-3.5363328E-01,3.50586E+00,3.52539E+00
-3.5361480E-01,3.48633E+00,3.50586E+00
-3.5359632E-01,3.56445E+00,3.52539E+00
-3.5357784E-01,3.52539E+00,3.50586E+00
-3.5355936E-01,3.56445E+00,3.54492E+00
-3.5354088E-01,3.50586E+00,3.48633E+00
-3.5352240E-01,3.52539E+00,3.54492E+00
-3.5350392E-01,3.50586E+00,3.48633E+00
-3.5348544E-01,3.54492E+00,3.54492E+00
-3.5346696E-01,3.50586E+00,3.54492E+00
-3.5344848E-01,3.58398E+00,3.50586E+00
-3.5343000E-01,3.50586E+00,3.58398E+00
-3.5341152E-01,3.60352E+00,3.48633E+00
-3.5339304E-01,3.58398E+00,3.52539E+00
-3.5337456E-01,3.46680E+00,3.52539E+00
-3.5335608E-01,3.54492E+00,3.58398E+00
-3.5333760E-01,3.48633E+00,3.52539E+00
-3.5331912E-01,3.50586E+00,3.58398E+00
-3.5330064E-01,3.52539E+00,3.52539E+00
-3.5328216E-01,3.52539E+00,3.58398E+00
-3.5326368E-01,3.56445E+00,3.50586E+00
-3.5324520E-01,3.52539E+00,3.58398E+00
-3.5322672E-01,3.50586E+00,3.52539E+00
-3.5320824E-01,3.56445E+00,3.52539E+00
-3.5318976E-01,3.52539E+00,3.50586E+00
-3.5317128E-01,3.54492E+00,3.54492E+00
-3.5315280E-01,3.52539E+00,3.50586E+00
-3.5313432E-01,3.54492E+00,3.58398E+00
-3.5311584E-01,3.50586E+00,3.52539E+00
-3.5309736E-01,3.56445E+00,3.56445E+00
-3.5307888E-01,3.48633E+00,3.52539E+00
-3.5306040E-01,3.56445E+00,3.56445E+00
-3.5304192E-01,3.54492E+00,3.52539E+00
-3.5302344E-01,3.56445E+00,3.54492E+00
-3.5300496E-01,3.54492E+00,3.52539E+00
-3.5298648E-01,3.50586E+00,3.56445E+00
-3.5296800E-01,3.50586E+00,3.56445E+00
-3.5294952E-01,3.42773E+00,3.56445E+00
-3.5293104E-01,3.52539E+00,3.52539E+00
-3.5291256E-01,3.50586E+00,3.50586E+00
-3.5289408E-01,3.52539E+00,3.52539E+00
-3.5287560E-01,3.58398E+00,3.52539E+00
-3.5285712E-01,3.54492E+00,3.52539E+00
-3.5283864E-01,3.58398E+00,3.52539E+00
-3.5282016E-01,3.46680E+00,3.56445E+00
-3.5280168E-01,3.48633E+00,3.58398E+00
-3.5278320E-01,3.52539E+00,3.56445E+00
-3.5276472E-01,3.44727E+00,3.58398E+00
-3.5274624E-01,3.48633E+00,3.54492E+00
-3.5272776E-01,3.50586E+00,3.56445E+00
-3.5270928E-01,3.52539E+00,3.50586E+00
-3.5269080E-01,3.52539E+00,3.48633E+00
-3.5267232E-01,3.56445E+00,3.52539E+00
-3.5265384E-01,3.58398E+00,3.58398E+00
-3.5263536E-01,3.50586E+00,3.54492E+00
-3.5261688E-01,3.54492E+00,3.58398E+00
-3.5259840E-01,3.46680E+00,3.52539E+00
-3.5257992E-01,3.58398E+00,3.56445E+00
-3.5256144E-01,3.48633E+00,3.50586E+00
-3.5254296E-01,3.46680E+00,3.54492E+00
-3.5252448E-01,3.50586E+00,3.54492E+00
-3.5250600E-01,3.52539E+00,3.56445E+00
-3.5248752E-01,3.46680E+00,3.52539E+00
-3.5246904E-01,3.54492E+00,3.58398E+00
-3.5245056E-01,3.54492E+00,3.52539E+00
-3.5243208E-01,3.50586E+00,3.58398E+00
-3.5241360E-01,3.60352E+00,3.52539E+00
-3.5239512E-01,3.56445E+00,3.58398E+00
-3.5237664E-01,3.54492E+00,3.50586E+00
-3.5235816E-01,3.52539E+00,3.48633E+00
-3.5233968E-01,3.52539E+00,3.50586E+00
-3.5232120E-01,3.50586E+00,3.58398E+00
-3.5230272E-01,3.56445E+00,3.54492E+00
-3.5228424E-01,3.54492E+00,3.56445E+00
-3.5226576E-01,3.54492E+00,3.52539E+00
-3.5224728E-01,3.50586E+00,3.56445E+00
-3.5222880E-01,3.52539E+00,3.50586E+00
-3.5221032E-01,3.50586E+00,3.56445E+00
-3.5219184E-01,3.54492E+00,3.46680E+00
-3.5217336E-01,3.50586E+00,3.56445E+00
-3.5215488E-01,3.50586E+00,3.54492E+00
-3.5213640E-01,3.56445E+00,3.56445E+00
-3.5211792E-01,3.62305E+00,3.58398E+00
-3.5209944E-01,3.62305E+00,3.56445E+00
-3.5208096E-01,3.50586E+00,3.52539E+00
-3.5206248E-01,3.44727E+00,3.52539E+00
-3.5204400E-01,3.56445E+00,3.44727E+00
-3.5202552E-01,3.44727E+00,3.56445E+00
-3.5200704E-01,3.56445E+00,3.56445E+00
-3.5198856E-01,3.50586E+00,3.54492E+00
-3.5197008E-01,3.60352E+00,3.56445E+00
-3.5195160E-01,3.48633E+00,3.54492E+00
-3.5193312E-01,3.54492E+00,3.48633E+00
-3.5191464E-01,3.48633E+00,3.58398E+00
-3.5189616E-01,3.50586E+00,3.56445E+00
-3.5187768E-01,3.52539E+00,3.56445E+00
-3.5185920E-01,3.58398E+00,3.52539E+00
-3.5184072E-01,3.48633E+00,3.62305E+00
-3.5182224E-01,3.58398E+00,3.54492E+00
-3.5180376E-01,3.52539E+00,3.56445E+00
-3.5178528E-01,3.44727E+00,3.54492E+00
-3.5176680E-01,3.50586E+00,3.50586E+00
-3.5174832E-01,3.52539E+00,3.50586E+00
-3.5172984E-01,3.50586E+00,3.60352E+00
-3.5171136E-01,3.56445E+00,3.54492E+00
-3.5169288E-01,3.54492E+00,3.62305E+00
-3.5167440E-01,3.56445E+00,3.54492E+00
-3.5165592E-01,3.54492E+00,3.58398E+00
-3.5163744E-01,3.60352E+00,3.54492E+00
-3.5161896E-01,3.46680E+00,3.58398E+00
-3.5160048E-01,3.44727E+00,3.52539E+00
-3.5158200E-01,3.46680E+00,3.56445E+00
-3.5156352E-01,3.48633E+00,3.48633E+00
-3.5154504E-01,3.50586E+00,3.54492E+00
-3.5152656E-01,3.52539E+00,3.50586E+00
-3.5150808E-01,3.54492E+00,3.58398E+00
-3.5148960E-01,3.50586E+00,3.54492E+00
-3.5147112E-01,3.52539E+00,3.54492E+00
-3.5145264E-01,3.52539E+00,3.48633E+00
-3.5143416E-01,3.52539E+00,3.58398E+00
-3.5141568E-01,3.56445E+00,3.52539E+00
-3.5139720E-01,3.56445E+00,3.58398E+00
-3.5137872E-01,3.56445E+00,3.50586E+00
-3.5136024E-01,3.54492E+00,3.58398E+00
-3.5134176E-01,3.60352E+00,3.56445E+00
-3.5132328E-01,3.56445E+00,3.56445E+00
-3.5130480E-01,3.58398E+00,3.52539E+00
-3.5128632E-01,3.56445E+00,3.58398E+00
-3.5126784E-01,3.44727E+00,3.54492E+00
-3.5124936E-01,3.50586E+00,3.56445E+00
-3.5123088E-01,3.56445E+00,3.52539E+00
-3.5121240E-01,3.50586E+00,3.56445E+00
-3.5119392E-01,3.56445E+00,3.50586E+00
-3.5117544E-01,3.50586E+00,3.58398E+00
-3.5115696E-01,3.52539E+00,3.58398E+00
-3.5113848E-01,3.56445E+00,3.58398E+00
-3.5112000E-01,3.56445E+00,3.56445E+00
-3.5110152E-01,3.50586E+00,3.54492E+00
-3.5108304E-01,3.56445E+00,3.52539E+00
-3.5106456E-01,3.56445E+00,3.58398E+00
-3.5104608E-01,3.50586E+00,3.58398E+00
-3.5102760E-01,3.52539E+00,3.58398E+00
-3.5100912E-01,3.48633E+00,3.50586E+00
-3.5099064E-01,3.56445E+00,3.60352E+00
-3.5097216E-01,3.52539E+00,3.56445E+00
-3.5095368E-01,3.48633E+00,3.56445E+00
-3.5093520E-01,3.56445E+00,3.54492E+00
-3.5091672E-01,3.54492E+00,3.58398E+00
-3.5089824E-01,3.52539E+00,3.58398E+00
-3.5087976E-01,3.54492E+00,3.58398E+00
-3.5086128E-01,3.54492E+00,3.56445E+00
-3.5084280E-01,3.56445E+00,3.58398E+00
-3.5082432E-01,3.52539E+00,3.56445E+00
-3.5080584E-01,3.50586E+00,3.56445E+00
-3.5078736E-01,3.52539E+00,3.54492E+00
-3.5076888E-01,3.50586E+00,3.60352E+00
-3.5075040E-01,3.56445E+00,3.56445E+00
-3.5073192E-01,3.58398E+00,3.64258E+00
-3.5071344E-01,3.56445E+00,3.62305E+00
-3.5069496E-01,3.50586E+00,3.64258E+00
-3.5067648E-01,3.50586E+00,3.52539E+00
-3.5065800E-01,3.52539E+00,3.58398E+00
-3.5063952E-01,3.48633E+00,3.58398E+00
-3.5062104E-01,3.50586E+00,3.58398E+00
-3.5060256E-01,3.50586E+00,3.60352E+00
-3.5058408E-01,3.46680E+00,3.64258E+00
-3.5056560E-01,3.56445E+00,3.50586E+00
-3.5054712E-01,3.48633E+00,3.62305E+00
-3.5052864E-01,3.54492E+00,3.56445E+00
-3.5051016E-01,3.50586E+00,3.54492E+00
-3.5049168E-01,3.50586E+00,3.52539E+00
-3.5047320E-01,3.50586E+00,3.64258E+00
-3.5045472E-01,3.60352E+00,3.54492E+00
-3.5043624E-01,3.50586E+00,3.58398E+00
-3.5041776E-01,3.56445E+00,3.56445E+00
-3.5039928E-01,3.56445E+00,3.52539E+00
-3.5038080E-01,3.58398E+00,3.56445E+00
-3.5036232E-01,3.54492E+00,3.56445E+00
-3.5034384E-01,3.58398E+00,3.52539E+00
-3.5032536E-01,3.56445E+00,3.66211E+00
-3.5030688E-01,3.54492E+00,3.56445E+00
-3.5028840E-01,3.56445E+00,3.60352E+00
-3.5026992E-01,3.56445E+00,3.62305E+00
-3.5025144E-01,3.48633E+00,3.58398E+00
-3.5023296E-01,3.50586E+00,3.50586E+00
-3.5021448E-01,3.56445E+00,3.58398E+00
-3.5019600E-01,3.54492E+00,3.56445E+00
-3.5017752E-01,3.50586E+00,3.64258E+00
-3.5015904E-01,3.60352E+00,3.52539E+00
-3.5014056E-01,3.58398E+00,3.62305E+00
-3.5012208E-01,3.48633E+00,3.56445E+00
-3.5010360E-01,3.52539E+00,3.58398E+00
-3.5008512E-01,3.58398E+00,3.52539E+00
-3.5006664E-01,3.58398E+00,3.60352E+00
-3.5004816E-01,3.62305E+00,3.58398E+00
-3.5002968E-01,3.56445E+00,3.60352E+00
-3.5001120E-01,3.56445E+00,3.56445E+00
-3.4999272E-01,3.52539E+00,3.62305E+00
-3.4997424E-01,3.54492E+00,3.64258E+00
-3.4995576E-01,3.50586E+00,3.60352E+00
-3.4993728E-01,3.56445E+00,3.60352E+00
-3.4991880E-01,3.54492E+00,3.58398E+00
-3.4990032E-01,3.62305E+00,3.60352E+00
-3.4988184E-01,3.56445E+00,3.58398E+00
-3.4986336E-01,3.56445E+00,3.58398E+00
-3.4984488E-01,3.44727E+00,3.58398E+00
-3.4982640E-01,3.52539E+00,3.58398E+00
-3.4980792E-01,3.56445E+00,3.58398E+00
-3.4978944E-01,3.48633E+00,3.54492E+00
-3.4977096E-01,3.52539E+00,3.66211E+00
-3.4975248E-01,3.56445E+00,3.56445E+00
-3.4973400E-01,3.42773E+00,3.60352E+00
-3.4971552E-01,3.56445E+00,3.52539E+00
-3.4969704E-01,3.58398E+00,3.58398E+00
-3.4967856E-01,3.58398E+00,3.62305E+00
-3.4966008E-01,3.58398E+00,3.60352E+00
-3.4964160E-01,3.56445E+00,3.62305E+00
-3.4962312E-01,3.58398E+00,3.56445E+00
-3.4960464E-01,3.58398E+00,3.52539E+00
-3.4958616E-01,3.54492E+00,3.58398E+00
-3.4956768E-01,3.62305E+00,3.56445E+00
-3.4954920E-01,3.58398E+00,3.64258E+00
-3.4953072E-01,3.56445E+00,3.56445E+00
-3.4951224E-01,3.48633E+00,3.64258E+00
-3.4949376E-01,3.50586E+00,3.52539E+00
-3.4947528E-01,3.56445E+00,3.58398E+00
-3.4945680E-01,3.58398E+00,3.62305E+00
-3.4943832E-01,3.54492E+00,3.58398E+00
-3.4941984E-01,3.56445E+00,3.58398E+00
-3.4940136E-01,3.48633E+00,3.58398E+00
-3.4938288E-01,3.50586E+00,3.52539E+00
-3.4936440E-01,3.50586E+00,3.56445E+00
-3.4934592E-01,3.46680E+00,3.58398E+00
-3.4932744E-01,3.50586E+00,3.58398E+00
-3.4930896E-01,3.52539E+00,3.56445E+00
-3.4929048E-01,3.52539E+00,3.64258E+00
-3.4927200E-01,3.52539E+00,3.52539E+00
-3.4925352E-01,3.56445E+00,3.58398E+00
-3.4923504E-01,3.52539E+00,3.52539E+00
-3.4921656E-01,3.56445E+00,3.60352E+00
-3.4919808E-01,3.54492E+00,3.62305E+00
-3.4917960E-01,3.54492E+00,3.64258E+00
-3.4916112E-01,3.54492E+00,3.62305E+00
-3.4914264E-01,3.56445E+00,3.62305E+00
-3.4912416E-01,3.54492E+00,3.52539E+00
-3.4910568E-01,3.50586E+00,3.62305E+00
-3.4908720E-01,3.56445E+00,3.52539E+00
-3.4906872E-01,3.52539E+00,3.62305E+00
-3.4905024E-01,3.56445E+00,3.54492E+00
-3.4903176E-01,3.50586E+00,3.58398E+00
-3.4901328E-01,3.54492E+00,3.60352E+00
-3.4899480E-01,3.50586E+00,3.62305E+00
-3.4897632E-01,3.56445E+00,3.54492E+00
-3.4895784E-01,3.50586E+00,3.66211E+00
-3.4893936E-01,3.56445E+00,3.58398E+00
-3.4892088E-01,3.50586E+00,3.66211E+00
-3.4890240E-01,3.60352E+00,3.62305E+00
-3.4888392E-01,3.52539E+00,3.64258E+00
-3.4886544E-01,3.54492E+00,3.52539E+00
-3.4884696E-01,3.50586E+00,3.60352E+00
-3.4882848E-01,3.54492E+00,3.58398E+00
-3.4881000E-01,3.60352E+00,3.62305E+00
-3.4879152E-01,3.52539E+00,3.54492E+00
-3.4877304E-01,3.48633E+00,3.62305E+00
-3.4875456E-01,3.52539E+00,3.54492E+00
-3.4873608E-01,3.54492E+00,3.66211E+00
-3.4871760E-01,3.48633E+00,3.52539E+00
-3.4869912E-01,3.62305E+00,3.62305E+00
-3.4868064E-01,3.56445E+00,3.58398E+00
-3.4866216E-01,3.50586E+00,3.60352E+00
-3.4864368E-01,3.58398E+00,3.54492E+00
-3.4862520E-01,3.48633E+00,3.64258E+00
-3.4860672E-01,3.56445E+00,3.60352E+00
-3.4858824E-01,3.54492E+00,3.66211E+00
-3.4856976E-01,3.52539E+00,3.56445E+00
-3.4855128E-01,3.50586E+00,3.60352E+00
-3.4853280E-01,3.58398E+00,3.64258E+00
-3.4851432E-01,3.54492E+00,3.62305E+00
-3.4849584E-01,3.60352E+00,3.62305E+00
-3.4847736E-01,3.52539E+00,3.64258E+00
-3.4845888E-01,3.64258E+00,3.56445E+00
-3.4844040E-01,3.54492E+00,3.64258E+00
-3.4842192E-01,3.56445E+00,3.54492E+00
-3.4840344E-01,3.52539E+00,3.62305E+00
-3.4838496E-01,3.54492E+00,3.58398E+00
-3.4836648E-01,3.52539E+00,3.60352E+00
-3.4834800E-01,3.58398E+00,3.52539E+00
-3.4832952E-01,3.50586E+00,3.62305E+00
-3.4831104E-01,3.54492E+00,3.58398E+00
-3.4829256E-01,3.52539E+00,3.60352E+00
-3.4827408E-01,3.54492E+00,3.56445E+00
-3.4825560E-01,3.44727E+00,3.64258E+00
-3.4823712E-01,3.56445E+00,3.50586E+00
-3.4821864E-01,3.48633E+00,3.58398E+00
-3.4820016E-01,3.62305E+00,3.54492E+00
-3.4818168E-01,3.52539E+00,3.58398E+00
-3.4816320E-01,3.58398E+00,3.62305E+00
-3.4814472E-01,3.54492E+00,3.58398E+00
-3.4812624E-01,3.52539E+00,3.58398E+00
-3.4810776E-01,3.56445E+00,3.60352E+00
-3.4808928E-01,3.50586E+00,3.56445E+00
-3.4807080E-01,3.64258E+00,3.60352E+00
-3.4805232E-01,3.52539E+00,3.52539E+00
-3.4803384E-01,3.58398E+00,3.64258E+00
-3.4801536E-01,3.58398E+00,3.54492E+00
-3.4799688E-01,3.50586E+00,3.64258E+00
-3.4797840E-01,3.58398E+00,3.52539E+00
-3.4795992E-01,3.54492E+00,3.64258E+00
-3.4794144E-01,3.60352E+00,3.58398E+00
-3.4792296E-01,3.56445E+00,3.58398E+00
-3.4790448E-01,3.56445E+00,3.52539E+00
-3.4788600E-01,3.50586E+00,3.60352E+00
-3.4786752E-01,3.50586E+00,3.58398E+00
-3.4784904E-01,3.58398E+00,3.60352E+00
-3.4783056E-01,3.48633E+00,3.62305E+00
-3.4781208E-01,3.46680E+00,3.66211E+00
-3.4779360E-01,3.54492E+00,3.60352E+00
-3.4777512E-01,3.50586E+00,3.70117E+00
-3.4775664E-01,3.50586E+00,3.60352E+00
-3.4773816E-01,3.52539E+00,3.54492E+00
-3.4771968E-01,3.50586E+00,3.52539E+00
-3.4770120E-01,3.60352E+00,3.58398E+00
-3.4768272E-01,3.56445E+00,3.54492E+00
-3.4766424E-01,3.50586E+00,3.60352E+00
-3.4764576E-01,3.54492E+00,3.62305E+00
-3.4762728E-01,3.50586E+00,3.66211E+00
-3.4760880E-01,3.56445E+00,3.64258E+00
-3.4759032E-01,3.54492E+00,3.64258E+00
-3.4757184E-01,3.46680E+00,3.52539E+00
-3.4755336E-01,3.54492E+00,3.62305E+00
-3.4753488E-01,3.50586E+00,3.54492E+00
-3.4751640E-01,3.50586E+00,3.64258E+00
-3.4749792E-01,3.56445E+00,3.64258E+00
-3.4747944E-01,3.48633E+00,3.60352E+00
-3.4746096E-01,3.54492E+00,3.56445E+00
-3.4744248E-01,3.54492E+00,3.60352E+00
-3.4742400E-01,3.52539E+00,3.60352E+00
-3.4740552E-01,3.54492E+00,3.66211E+00
-3.4738704E-01,3.52539E+00,3.52539E+00
-3.4736856E-01,3.50586E+00,3.58398E+00
-3.4735008E-01,3.60352E+00,3.62305E+00
-3.4733160E-01,3.58398E+00,3.68164E+00
-3.4731312E-01,3.56445E+00,3.62305E+00
-3.4729464E-01,3.50586E+00,3.66211E+00
-3.4727616E-01,3.56445E+00,3.64258E+00
-3.4725768E-01,3.56445E+00,3.64258E+00
-3.4723920E-01,3.50586E+00,3.58398E+00
-3.4722072E-01,3.54492E+00,3.64258E+00
-3.4720224E-01,3.52539E+00,3.64258E+00
-3.4718376E-01,3.48633E+00,3.62305E+00
-3.4716528E-01,3.54492E+00,3.62305E+00
-3.4714680E-01,3.50586E+00,3.58398E+00
-3.4712832E-01,3.56445E+00,3.60352E+00
-3.4710984E-01,3.50586E+00,3.62305E+00
-3.4709136E-01,3.62305E+00,3.58398E+00
-3.4707288E-01,3.60352E+00,3.64258E+00
-3.4705440E-01,3.58398E+00,3.62305E+00
-3.4703592E-01,3.58398E+00,3.64258E+00
-3.4701744E-01,3.60352E+00,3.60352E+00
-3.4699896E-01,3.50586E+00,3.62305E+00
-3.4698048E-01,3.52539E+00,3.64258E+00
-3.4696200E-01,3.56445E+00,3.62305E+00
-3.4694352E-01,3.54492E+00,3.60352E+00
-3.4692504E-01,3.54492E+00,3.62305E+00
-3.4690656E-01,3.54492E+00,3.52539E+00
-3.4688808E-01,3.58398E+00,3.64258E+00
-3.4686960E-01,3.54492E+00,3.60352E+00
-3.4685112E-01,3.54492E+00,3.58398E+00
-3.4683264E-01,3.56445E+00,3.66211E+00
-3.4681416E-01,3.46680E+00,3.60352E+00
-3.4679568E-01,3.54492E+00,3.58398E+00
-3.4677720E-01,3.52539E+00,3.66211E+00
-3.4675872E-01,3.52539E+00,3.60352E+00
-3.4674024E-01,3.52539E+00,3.64258E+00
-3.4672176E-01,3.54492E+00,3.58398E+00
-3.4670328E-01,3.54492E+00,3.60352E+00
-3.4668480E-01,3.58398E+00,3.64258E+00
-3.4666632E-01,3.56445E+00,3.62305E+00
-3.4664784E-01,3.50586E+00,3.62305E+00
-3.4662936E-01,3.54492E+00,3.66211E+00
-3.4661088E-01,3.62305E+00,3.58398E+00
-3.4659240E-01,3.54492E+00,3.68164E+00
-3.4657392E-01,3.52539E+00,3.60352E+00
-3.4655544E-01,3.58398E+00,3.60352E+00
-3.4653696E-01,3.64258E+00,3.54492E+00
-3.4651848E-01,3.44727E+00,3.64258E+00
-3.4650000E-01,3.58398E+00,3.66211E+00
-3.4648152E-01,3.56445E+00,3.68164E+00
-3.4646304E-01,3.54492E+00,3.64258E+00
-3.4644456E-01,3.50586E+00,3.68164E+00
-3.4642608E-01,3.56445E+00,3.52539E+00
-3.4640760E-01,3.62305E+00,3.68164E+00
-3.4638912E-01,3.56445E+00,3.62305E+00
-3.4637064E-01,3.60352E+00,3.66211E+00
-3.4635216E-01,3.54492E+00,3.64258E+00
-3.4633368E-01,3.52539E+00,3.68164E+00
-3.4631520E-01,3.58398E+00,3.62305E+00
-3.4629672E-01,3.52539E+00,3.66211E+00
-3.4627824E-01,3.60352E+00,3.62305E+00
-3.4625976E-01,3.54492E+00,3.64258E+00
-3.4624128E-01,3.58398E+00,3.60352E+00
-3.4622280E-01,3.54492E+00,3.60352E+00
-3.4620432E-01,3.60352E+00,3.56445E+00
-3.4618584E-01,3.50586E+00,3.64258E+00
-3.4616736E-01,3.64258E+00,3.60352E+00
-3.4614888E-01,3.54492E+00,3.62305E+00
-3.4613040E-01,3.54492E+00,3.52539E+00
-3.4611192E-01,3.54492E+00,3.68164E+00
-3.4609344E-01,3.58398E+00,3.62305E+00
-3.4607496E-01,3.50586E+00,3.66211E+00
-3.4605648E-01,3.60352E+00,3.62305E+00
-3.4603800E-01,3.50586E+00,3.64258E+00
-3.4601952E-01,3.58398E+00,3.62305E+00
-3.4600104E-01,3.56445E+00,3.62305E+00
-3.4598256E-01,3.60352E+00,3.66211E+00
-3.4596408E-01,3.54492E+00,3.66211E+00
-3.4594560E-01,3.58398E+00,3.56445E+00
-3.4592712E-01,3.56445E+00,3.66211E+00
-3.4590864E-01,3.52539E+00,3.58398E+00
-3.4589016E-01,3.56445E+00,3.66211E+00
-3.4587168E-01,3.54492E+00,3.66211E+00
-3.4585320E-01,3.58398E+00,3.64258E+00
-3.4583472E-01,3.54492E+00,3.60352E+00
-3.4581624E-01,3.58398E+00,3.70117E+00
-3.4579776E-01,3.58398E+00,3.56445E+00
-3.4577928E-01,3.50586E+00,3.68164E+00
-3.4576080E-01,3.56445E+00,3.60352E+00
-3.4574232E-01,3.56445E+00,3.68164E+00
-3.4572384E-01,3.62305E+00,3.56445E+00
-3.4570536E-01,3.50586E+00,3.60352E+00
-3.4568688E-01,3.58398E+00,3.64258E+00
-3.4566840E-01,3.50586E+00,3.68164E+00
-3.4564992E-01,3.52539E+00,3.64258E+00
-3.4563144E-01,3.50586E+00,3.66211E+00
-3.4561296E-01,3.48633E+00,3.62305E+00
-3.4559448E-01,3.54492E+00,3.72070E+00
-3.4557600E-01,3.58398E+00,3.58398E+00
-3.4555752E-01,3.54492E+00,3.64258E+00
-3.4553904E-01,3.54492E+00,3.62305E+00
-3.4552056E-01,3.60352E+00,3.60352E+00
-3.4550208E-01,3.56445E+00,3.64258E+00
-3.4548360E-01,3.50586E+00,3.70117E+00
-3.4546512E-01,3.52539E+00,3.54492E+00
-3.4544664E-01,3.50586E+00,3.72070E+00
-3.4542816E-01,3.52539E+00,3.66211E+00
-3.4540968E-01,3.56445E+00,3.62305E+00
-3.4539120E-01,3.62305E+00,3.62305E+00
-3.4537272E-01,3.52539E+00,3.68164E+00
-3.4535424E-01,3.58398E+00,3.68164E+00
-3.4533576E-01,3.56445E+00,3.64258E+00
-3.4531728E-01,3.54492E+00,3.64258E+00
-3.4529880E-01,3.56445E+00,3.68164E+00
-3.4528032E-01,3.58398E+00,3.60352E+00
-3.4526184E-01,3.50586E+00,3.66211E+00
-3.4524336E-01,3.64258E+00,3.62305E+00
-3.4522488E-01,3.58398E+00,3.70117E+00
-3.4520640E-01,3.54492E+00,3.72070E+00
-3.4518792E-01,3.56445E+00,3.68164E+00
-3.4516944E-01,3.54492E+00,3.54492E+00
-3.4515096E-01,3.52539E+00,3.64258E+00
-3.4513248E-01,3.56445E+00,3.62305E+00
-3.4511400E-01,3.52539E+00,3.68164E+00
-3.4509552E-01,3.58398E+00,3.62305E+00
-3.4507704E-01,3.54492E+00,3.68164E+00
-3.4505856E-01,3.54492E+00,3.58398E+00
-3.4504008E-01,3.50586E+00,3.68164E+00
-3.4502160E-01,3.58398E+00,3.68164E+00
-3.4500312E-01,3.60352E+00,3.70117E+00
-3.4498464E-01,3.54492E+00,3.62305E+00
-3.4496616E-01,3.58398E+00,3.60352E+00
-3.4494768E-01,3.50586E+00,3.64258E+00
-3.4492920E-01,3.58398E+00,3.70117E+00
-3.4491072E-01,3.54492E+00,3.68164E+00
-3.4489224E-01,3.56445E+00,3.58398E+00
-3.4487376E-01,3.58398E+00,3.58398E+00
-3.4485528E-01,3.48633E+00,3.68164E+00
-3.4483680E-01,3.54492E+00,3.58398E+00
-3.4481832E-01,3.50586E+00,3.72070E+00
-3.4479984E-01,3.56445E+00,3.60352E+00
-3.4478136E-01,3.54492E+00,3.62305E+00
-3.4476288E-01,3.60352E+00,3.66211E+00
-3.4474440E-01,3.58398E+00,3.64258E+00
-3.4472592E-01,3.58398E+00,3.66211E+00
-3.4470744E-01,3.48633E+00,3.70117E+00
-3.4468896E-01,3.62305E+00,3.66211E+00
-3.4467048E-01,3.56445E+00,3.72070E+00
-3.4465200E-01,3.52539E+00,3.64258E+00
-3.4463352E-01,3.48633E+00,3.62305E+00
-3.4461504E-01,3.62305E+00,3.68164E+00
-3.4459656E-01,3.52539E+00,3.70117E+00
-3.4457808E-01,3.62305E+00,3.54492E+00
-3.4455960E-01,3.56445E+00,3.60352E+00
-3.4454112E-01,3.54492E+00,3.62305E+00
-3.4452264E-01,3.56445E+00,3.64258E+00
-3.4450416E-01,3.56445E+00,3.66211E+00
-3.4448568E-01,3.56445E+00,3.62305E+00
-3.4446720E-01,3.52539E+00,3.62305E+00
-3.4444872E-01,3.54492E+00,3.70117E+00
-3.4443024E-01,3.62305E+00,3.62305E+00
-3.4441176E-01,3.52539E+00,3.66211E+00
-3.4439328E-01,3.52539E+00,3.66211E+00
-3.4437480E-01,3.46680E+00,3.70117E+00
-3.4435632E-01,3.54492E+00,3.66211E+00
-3.4433784E-01,3.54492E+00,3.68164E+00
-3.4431936E-01,3.62305E+00,3.66211E+00
-3.4430088E-01,3.56445E+00,3.70117E+00
-3.4428240E-01,3.60352E+00,3.66211E+00
-3.4426392E-01,3.46680E+00,3.72070E+00
-3.4424544E-01,3.58398E+00,3.68164E+00
-3.4422696E-01,3.60352E+00,3.70117E+00
-3.4420848E-01,3.56445E+00,3.70117E+00
-3.4419000E-01,3.54492E+00,3.66211E+00
-3.4417152E-01,3.58398E+00,3.62305E+00
-3.4415304E-01,3.50586E+00,3.64258E+00
-3.4413456E-01,3.64258E+00,3.58398E+00
-3.4411608E-01,3.54492E+00,3.66211E+00
-3.4409760E-01,3.54492E+00,3.62305E+00
-3.4407912E-01,3.50586E+00,3.66211E+00
-3.4406064E-01,3.54492E+00,3.68164E+00
-3.4404216E-01,3.58398E+00,3.66211E+00
-3.4402368E-01,3.56445E+00,3.68164E+00
-3.4400520E-01,3.48633E+00,3.68164E+00
-3.4398672E-01,3.56445E+00,3.60352E+00
-3.4396824E-01,3.56445E+00,3.72070E+00
-3.4394976E-01,3.58398E+00,3.60352E+00
-3.4393128E-01,3.52539E+00,3.68164E+00
-3.4391280E-01,3.56445E+00,3.62305E+00
-3.4389432E-01,3.58398E+00,3.66211E+00
-3.4387584E-01,3.58398E+00,3.62305E+00
-3.4385736E-01,3.48633E+00,3.72070E+00
-3.4383888E-01,3.62305E+00,3.60352E+00
-3.4382040E-01,3.58398E+00,3.70117E+00
-3.4380192E-01,3.52539E+00,3.66211E+00
-3.4378344E-01,3.52539E+00,3.68164E+00
-3.4376496E-01,3.56445E+00,3.70117E+00
-3.4374648E-01,3.50586E+00,3.70117E+00
-3.4372800E-01,3.62305E+00,3.64258E+00
-3.4370952E-01,3.54492E+00,3.60352E+00
-3.4369104E-01,3.62305E+00,3.60352E+00
-3.4367256E-01,3.52539E+00,3.74023E+00
-3.4365408E-01,3.58398E+00,3.64258E+00
-3.4363560E-01,3.54492E+00,3.72070E+00
-3.4361712E-01,3.58398E+00,3.60352E+00
-3.4359864E-01,3.54492E+00,3.72070E+00
-3.4358016E-01,3.52539E+00,3.62305E+00
-3.4356168E-01,3.52539E+00,3.72070E+00
-3.4354320E-01,3.54492E+00,3.64258E+00
-3.4352472E-01,3.56445E+00,3.64258E+00
-3.4350624E-01,3.54492E+00,3.66211E+00
-3.4348776E-01,3.58398E+00,3.68164E+00
-3.4346928E-01,3.56445E+00,3.62305E+00
-3.4345080E-01,3.58398E+00,3.72070E+00
-3.4343232E-01,3.54492E+00,3.66211E+00
-3.4341384E-01,3.54492E+00,3.70117E+00
-3.4339536E-01,3.60352E+00,3.62305E+00
-3.4337688E-01,3.58398E+00,3.66211E+00
-3.4335840E-01,3.52539E+00,3.70117E+00
-3.4333992E-01,3.58398E+00,3.70117E+00
-3.4332144E-01,3.62305E+00,3.66211E+00
-3.4330296E-01,3.58398E+00,3.70117E+00
-3.4328448E-01,3.58398E+00,3.68164E+00
-3.4326600E-01,3.54492E+00,3.68164E+00
-3.4324752E-01,3.54492E+00,3.64258E+00
-3.4322904E-01,3.58398E+00,3.66211E+00
-3.4321056E-01,3.56445E+00,3.66211E+00
-3.4319208E-01,3.56445E+00,3.68164E+00
-3.4317360E-01,3.60352E+00,3.62305E+00
-3.4315512E-01,3.50586E+00,3.72070E+00
-3.4313664E-01,3.62305E+00,3.56445E+00
-3.4311816E-01,3.58398E+00,3.70117E+00
-3.4309968E-01,3.50586E+00,3.68164E+00
-3.4308120E-01,3.54492E+00,3.66211E+00
-3.4306272E-01,3.54492E+00,3.64258E+00
-3.4304424E-01,3.58398E+00,3.70117E+00
-3.4302576E-01,3.54492E+00,3.64258E+00
-3.4300728E-01,3.62305E+00,3.66211E+00
-3.4298880E-01,3.56445E+00,3.74023E+00
-3.4297032E-01,3.58398E+00,3.66211E+00
-3.4295184E-01,3.62305E+00,3.66211E+00
-3.4293336E-01,3.56445E+00,3.70117E+00
-3.4291488E-01,3.58398E+00,3.68164E+00
-3.4289640E-01,3.62305E+00,3.70117E+00
-3.4287792E-01,3.54492E+00,3.66211E+00
-3.4285944E-01,3.60352E+00,3.72070E+00
-3.4284096E-01,3.58398E+00,3.66211E+00
-3.4282248E-01,3.58398E+00,3.72070E+00
-3.4280400E-01,3.60352E+00,3.60352E+00
-3.4278552E-01,3.50586E+00,3.68164E+00
-3.4276704E-01,3.54492E+00,3.70117E+00
-3.4274856E-01,3.52539E+00,3.64258E+00
-3.4273008E-01,3.60352E+00,3.70117E+00
-3.4271160E-01,3.56445E+00,3.68164E+00
-3.4269312E-01,3.60352E+00,3.68164E+00
-3.4267464E-01,3.56445E+00,3.68164E+00
-3.4265616E-01,3.64258E+00,3.64258E+00
-3.4263768E-01,3.62305E+00,3.72070E+00
-3.4261920E-01,3.62305E+00,3.66211E+00
-3.4260072E-01,3.56445E+00,3.64258E+00
-3.4258224E-01,3.60352E+00,3.66211E+00
-3.4256376E-01,3.50586E+00,3.64258E+00
-3.4254528E-01,3.50586E+00,3.66211E+00
-3.4252680E-01,3.58398E+00,3.70117E+00
-3.4250832E-01,3.52539E+00,3.60352E+00
-3.4248984E-01,3.56445E+00,3.70117E+00
-3.4247136E-01,3.62305E+00,3.66211E+00
-3.4245288E-01,3.52539E+00,3.70117E+00
-3.4243440E-01,3.58398E+00,3.72070E+00
-3.4241592E-01,3.56445E+00,3.72070E+00
-3.4239744E-01,3.52539E+00,3.66211E+00
-3.4237896E-01,3.54492E+00,3.68164E+00
-3.4236048E-01,3.52539E+00,3.60352E+00
-3.4234200E-01,3.54492E+00,3.72070E+00
-3.4232352E-01,3.62305E+00,3.66211E+00
-3.4230504E-01,3.54492E+00,3.79883E+00
-3.4228656E-01,3.60352E+00,3.70117E+00
-3.4226808E-01,3.58398E+00,3.75977E+00
-3.4224960E-01,3.56445E+00,3.66211E+00
-3.4223112E-01,3.56445E+00,3.74023E+00
-3.4221264E-01,3.56445E+00,3.74023E+00
-3.4219416E-01,3.56445E+00,3.70117E+00
-3.4217568E-01,3.60352E+00,3.72070E+00
-3.4215720E-01,3.50586E+00,3.72070E+00
-3.4213872E-01,3.56445E+00,3.66211E+00
-3.4212024E-01,3.60352E+00,3.64258E+00
-3.4210176E-01,3.46680E+00,3.72070E+00
-3.4208328E-01,3.62305E+00,3.68164E+00
-3.4206480E-01,3.56445E+00,3.68164E+00
-3.4204632E-01,3.56445E+00,3.72070E+00
-3.4202784E-01,3.52539E+00,3.66211E+00
-3.4200936E-01,3.50586E+00,3.68164E+00
-3.4199088E-01,3.62305E+00,3.72070E+00
-3.4197240E-01,3.56445E+00,3.68164E+00
-3.4195392E-01,3.60352E+00,3.66211E+00
-3.4193544E-01,3.56445E+00,3.74023E+00
-3.4191696E-01,3.60352E+00,3.66211E+00
-3.4189848E-01,3.54492E+00,3.64258E+00
-3.4188000E-01,3.58398E+00,3.70117E+00
-3.4186152E-01,3.54492E+00,3.64258E+00
-3.4184304E-01,3.60352E+00,3.66211E+00
-3.4182456E-01,3.58398E+00,3.74023E+00
-3.4180608E-01,3.58398E+00,3.70117E+00
-3.4178760E-01,3.56445E+00,3.68164E+00
-3.4176912E-01,3.48633E+00,3.66211E+00
-3.4175064E-01,3.52539E+00,3.72070E+00
-3.4173216E-01,3.68164E+00,3.66211E+00
-3.4171368E-01,3.56445E+00,3.75977E+00
-3.4169520E-01,3.58398E+00,3.64258E+00
-3.4167672E-01,3.58398E+00,3.70117E+00
-3.4165824E-01,3.58398E+00,3.72070E+00
-3.4163976E-01,3.58398E+00,3.72070E+00
-3.4162128E-01,3.58398E+00,3.64258E+00
-3.4160280E-01,3.58398E+00,3.70117E+00
-3.4158432E-01,3.58398E+00,3.68164E+00
-3.4156584E-01,3.52539E+00,3.72070E+00
-3.4154736E-01,3.62305E+00,3.66211E+00
-3.4152888E-01,3.56445E+00,3.74023E+00
-3.4151040E-01,3.52539E+00,3.72070E+00
-3.4149192E-01,3.58398E+00,3.70117E+00
-3.4147344E-01,3.56445E+00,3.72070E+00
-3.4145496E-01,3.58398E+00,3.70117E+00
-3.4143648E-01,3.56445E+00,3.66211E+00
-3.4141800E-01,3.56445E+00,3.68164E+00
-3.4139952E-01,3.62305E+00,3.66211E+00
-3.4138104E-01,3.64258E+00,3.70117E+00
-3.4136256E-01,3.54492E+00,3.72070E+00
-3.4134408E-01,3.58398E+00,3.72070E+00
-3.4132560E-01,3.64258E+00,3.60352E+00
-3.4130712E-01,3.56445E+00,3.72070E+00
-3.4128864E-01,3.54492E+00,3.68164E+00
-3.4127016E-01,3.58398E+00,3.75977E+00
-3.4125168E-01,3.58398E+00,3.66211E+00
-3.4123320E-01,3.60352E+00,3.68164E+00
-3.4121472E-01,3.62305E+00,3.72070E+00
-3.4119624E-01,3.54492E+00,3.74023E+00
-3.4117776E-01,3.54492E+00,3.66211E+00
-3.4115928E-01,3.64258E+00,3.68164E+00
-3.4114080E-01,3.52539E+00,3.66211E+00
-3.4112232E-01,3.56445E+00,3.72070E+00
-3.4110384E-01,3.54492E+00,3.66211E+00
-3.4108536E-01,3.58398E+00,3.74023E+00
-3.4106688E-01,3.58398E+00,3.68164E+00
-3.4104840E-01,3.58398E+00,3.72070E+00
-3.4102992E-01,3.58398E+00,3.74023E+00
-3.4101144E-01,3.64258E+00,3.72070E+00
-3.4099296E-01,3.62305E+00,3.72070E+00
-3.4097448E-01,3.50586E+00,3.68164E+00
-3.4095600E-01,3.58398E+00,3.68164E+00
-3.4093752E-01,3.54492E+00,3.74023E+00
-3.4091904E-01,3.62305E+00,3.64258E+00
-3.4090056E-01,3.54492E+00,3.74023E+00
-3.4088208E-01,3.64258E+00,3.66211E+00
-3.4086360E-01,3.58398E+00,3.72070E+00
-3.4084512E-01,3.62305E+00,3.72070E+00
-3.4082664E-01,3.56445E+00,3.68164E+00
-3.4080816E-01,3.62305E+00,3.66211E+00
-3.4078968E-01,3.50586E+00,3.74023E+00
-3.4077120E-01,3.64258E+00,3.66211E+00
-3.4075272E-01,3.56445E+00,3.68164E+00
-3.4073424E-01,3.52539E+00,3.72070E+00
-3.4071576E-01,3.60352E+00,3.70117E+00
-3.4069728E-01,3.56445E+00,3.70117E+00
-3.4067880E-01,3.52539E+00,3.74023E+00
-3.4066032E-01,3.54492E+00,3.66211E+00
-3.4064184E-01,3.58398E+00,3.70117E+00
-3.4062336E-01,3.50586E+00,3.66211E+00
-3.4060488E-01,3.54492E+00,3.72070E+00
-3.4058640E-01,3.52539E+00,3.66211E+00
-3.4056792E-01,3.52539E+00,3.72070E+00
-3.4054944E-01,3.62305E+00,3.66211E+00
-3.4053096E-01,3.58398E+00,3.74023E+00
-3.4051248E-01,3.62305E+00,3.72070E+00
-3.4049400E-01,3.58398E+00,3.64258E+00
-3.4047552E-01,3.58398E+00,3.66211E+00
-3.4045704E-01,3.56445E+00,3.70117E+00
-3.4043856E-01,3.52539E+00,3.68164E+00
-3.4042008E-01,3.62305E+00,3.74023E+00
-3.4040160E-01,3.58398E+00,3.66211E+00
-3.4038312E-01,3.56445E+00,3.70117E+00
-3.4036464E-01,3.52539E+00,3.66211E+00
-3.4034616E-01,3.54492E+00,3.72070E+00
-3.4032768E-01,3.52539E+00,3.74023E+00
-3.4030920E-01,3.56445E+00,3.75977E+00
-3.4029072E-01,3.58398E+00,3.62305E+00
-3.4027224E-01,3.58398E+00,3.72070E+00
-3.4025376E-01,3.54492E+00,3.60352E+00
-3.4023528E-01,3.54492E+00,3.72070E+00
-3.4021680E-01,3.58398E+00,3.72070E+00
-3.4019832E-01,3.52539E+00,3.72070E+00
-3.4017984E-01,3.60352E+00,3.68164E+00
-3.4016136E-01,3.58398E+00,3.70117E+00
-3.4014288E-01,3.60352E+00,3.72070E+00
-3.4012440E-01,3.50586E+00,3.79883E+00
-3.4010592E-01,3.56445E+00,3.72070E+00
-3.4008744E-01,3.56445E+00,3.77930E+00
-3.4006896E-01,3.56445E+00,3.68164E+00
-3.4005048E-01,3.58398E+00,3.72070E+00
-3.4003200E-01,3.56445E+00,3.66211E+00
-3.4001352E-01,3.50586E+00,3.74023E+00
-3.3999504E-01,3.54492E+00,3.60352E+00
-3.3997656E-01,3.56445E+00,3.72070E+00
-3.3995808E-01,3.58398E+00,3.66211E+00
-3.3993960E-01,3.58398E+00,3.74023E+00
-3.3992112E-01,3.54492E+00,3.66211E+00
-3.3990264E-01,3.56445E+00,3.74023E+00
-3.3988416E-01,3.56445E+00,3.72070E+00
-3.3986568E-01,3.56445E+00,3.74023E+00
-3.3984720E-01,3.62305E+00,3.70117E+00
-3.3982872E-01,3.56445E+00,3.72070E+00
-3.3981024E-01,3.56445E+00,3.74023E+00
-3.3979176E-01,3.56445E+00,3.72070E+00
-3.3977328E-01,3.62305E+00,3.70117E+00
-3.3975480E-01,3.54492E+00,3.70117E+00
-3.3973632E-01,3.58398E+00,3.72070E+00
-3.3971784E-01,3.56445E+00,3.74023E+00
-3.3969936E-01,3.52539E+00,3.66211E+00
-3.3968088E-01,3.56445E+00,3.70117E+00
-3.3966240E-01,3.52539E+00,3.70117E+00
-3.3964392E-01,3.58398E+00,3.72070E+00
-3.3962544E-01,3.56445E+00,3.66211E+00
-3.3960696E-01,3.52539E+00,3.77930E+00
-3.3958848E-01,3.64258E+00,3.74023E+00
-3.3957000E-01,3.52539E+00,3.75977E+00
-3.3955152E-01,3.52539E+00,3.66211E+00
-3.3953304E-01,3.58398E+00,3.75977E+00
-3.3951456E-01,3.56445E+00,3.66211E+00
-3.3949608E-01,3.56445E+00,3.72070E+00
-3.3947760E-01,3.58398E+00,3.72070E+00
-3.3945912E-01,3.58398E+00,3.79883E+00
-3.3944064E-01,3.56445E+00,3.72070E+00
-3.3942216E-01,3.56445E+00,3.75977E+00
-3.3940368E-01,3.58398E+00,3.72070E+00
-3.3938520E-01,3.56445E+00,3.70117E+00
-3.3936672E-01,3.60352E+00,3.66211E+00
-3.3934824E-01,3.58398E+00,3.77930E+00
-3.3932976E-01,3.62305E+00,3.77930E+00
-3.3931128E-01,3.56445E+00,3.75977E+00
-3.3929280E-01,3.56445E+00,3.75977E+00
-3.3927432E-01,3.52539E+00,3.77930E+00
-3.3925584E-01,3.62305E+00,3.74023E+00
-3.3923736E-01,3.56445E+00,3.74023E+00
-3.3921888E-01,3.62305E+00,3.66211E+00
-3.3920040E-01,3.52539E+00,3.77930E+00
-3.3918192E-01,3.64258E+00,3.72070E+00
-3.3916344E-01,3.58398E+00,3.81836E+00
-3.3914496E-01,3.62305E+00,3.72070E+00
-3.3912648E-01,3.54492E+00,3.75977E+00
-3.3910800E-01,3.58398E+00,3.72070E+00
-3.3908952E-01,3.56445E+00,3.77930E+00
-3.3907104E-01,3.58398E+00,3.70117E+00
-3.3905256E-01,3.56445E+00,3.72070E+00
-3.3903408E-01,3.52539E+00,3.72070E+00
-3.3901560E-01,3.54492E+00,3.74023E+00
-3.3899712E-01,3.56445E+00,3.70117E+00
-3.3897864E-01,3.66211E+00,3.74023E+00
-3.3896016E-01,3.58398E+00,3.70117E+00
-3.3894168E-01,3.58398E+00,3.72070E+00
-3.3892320E-01,3.60352E+00,3.70117E+00
-3.3890472E-01,3.58398E+00,3.74023E+00
-3.3888624E-01,3.56445E+00,3.74023E+00
-3.3886776E-01,3.52539E+00,3.72070E+00
-3.3884928E-01,3.58398E+00,3.70117E+00
-3.3883080E-01,3.54492E+00,3.75977E+00
-3.3881232E-01,3.60352E+00,3.72070E+00
-3.3879384E-01,3.54492E+00,3.75977E+00
-3.3877536E-01,3.62305E+00,3.66211E+00
-3.3875688E-01,3.58398E+00,3.75977E+00
-3.3873840E-01,3.64258E+00,3.75977E+00
-3.3871992E-01,3.54492E+00,3.72070E+00
-3.3870144E-01,3.62305E+00,3.75977E+00
-3.3868296E-01,3.62305E+00,3.75977E+00
-3.3866448E-01,3.62305E+00,3.70117E+00
-3.3864600E-01,3.54492E+00,3.74023E+00
-3.3862752E-01,3.60352E+00,3.66211E+00
-3.3860904E-01,3.54492E+00,3.74023E+00
-3.3859056E-01,3.52539E+00,3.72070E+00
-3.3857208E-01,3.50586E+00,3.72070E+00
-3.3855360E-01,3.56445E+00,3.72070E+00
-3.3853512E-01,3.58398E+00,3.72070E+00
-3.3851664E-01,3.54492E+00,3.74023E+00
-3.3849816E-01,3.56445E+00,3.75977E+00
-3.3847968E-01,3.60352E+00,3.68164E+00
-3.3846120E-01,3.58398E+00,3.72070E+00
-3.3844272E-01,3.60352E+00,3.72070E+00
-3.3842424E-01,3.62305E+00,3.77930E+00
-3.3840576E-01,3.64258E+00,3.74023E+00
-3.3838728E-01,3.52539E+00,3.72070E+00
-3.3836880E-01,3.64258E+00,3.74023E+00
-3.3835032E-01,3.56445E+00,3.74023E+00
-3.3833184E-01,3.64258E+00,3.70117E+00
-3.3831336E-01,3.56445E+00,3.75977E+00
-3.3829488E-01,3.60352E+00,3.75977E+00
-3.3827640E-01,3.50586E+00,3.74023E+00
-3.3825792E-01,3.60352E+00,3.77930E+00
-3.3823944E-01,3.62305E+00,3.70117E+00
-3.3822096E-01,3.64258E+00,3.79883E+00
-3.3820248E-01,3.58398E+00,3.79883E+00
-3.3818400E-01,3.56445E+00,3.74023E+00
-3.3816552E-01,3.60352E+00,3.74023E+00
-3.3814704E-01,3.58398E+00,3.74023E+00
-3.3812856E-01,3.56445E+00,3.74023E+00
-3.3811008E-01,3.58398E+00,3.72070E+00
-3.3809160E-01,3.58398E+00,3.74023E+00
-3.3807312E-01,3.62305E+00,3.72070E+00
-3.3805464E-01,3.56445E+00,3.74023E+00
-3.3803616E-01,3.58398E+00,3.74023E+00
-3.3801768E-01,3.56445E+00,3.75977E+00
-3.3799920E-01,3.58398E+00,3.70117E+00
-3.3798072E-01,3.52539E+00,3.75977E+00
-3.3796224E-01,3.56445E+00,3.72070E+00
-3.3794376E-01,3.52539E+00,3.74023E+00
-3.3792528E-01,3.58398E+00,3.74023E+00
-3.3790680E-01,3.56445E+00,3.75977E+00
-3.3788832E-01,3.52539E+00,3.74023E+00
-3.3786984E-01,3.56445E+00,3.74023E+00
-3.3785136E-01,3.58398E+00,3.75977E+00
-3.3783288E-01,3.52539E+00,3.75977E+00
-3.3781440E-01,3.60352E+00,3.75977E+00
-3.3779592E-01,3.60352E+00,3.79883E+00
-3.3777744E-01,3.60352E+00,3.72070E+00
-3.3775896E-01,3.58398E+00,3.79883E+00
-3.3774048E-01,3.60352E+00,3.74023E+00
-3.3772200E-01,3.52539E+00,3.75977E+00
-3.3770352E-01,3.60352E+00,3.72070E+00
-3.3768504E-01,3.58398E+00,3.77930E+00
-3.3766656E-01,3.56445E+00,3.72070E+00
-3.3764808E-01,3.58398E+00,3.75977E+00
-3.3762960E-01,3.52539E+00,3.74023E+00
-3.3761112E-01,3.60352E+00,3.77930E+00
-3.3759264E-01,3.58398E+00,3.74023E+00
-3.3757416E-01,3.56445E+00,3.74023E+00
-3.3755568E-01,3.60352E+00,3.72070E+00
-3.3753720E-01,3.58398E+00,3.77930E+00
-3.3751872E-01,3.60352E+00,3.72070E+00
-3.3750024E-01,3.62305E+00,3.79883E+00
-3.3748176E-01,3.54492E+00,3.77930E+00
-3.3746328E-01,3.60352E+00,3.77930E+00
-3.3744480E-01,3.52539E+00,3.72070E+00
-3.3742632E-01,3.56445E+00,3.79883E+00
-3.3740784E-01,3.62305E+00,3.70117E+00
-3.3738936E-01,3.58398E+00,3.72070E+00
-3.3737088E-01,3.54492E+00,3.68164E+00
-3.3735240E-01,3.58398E+00,3.74023E+00
-3.3733392E-01,3.60352E+00,3.68164E+00
-3.3731544E-01,3.60352E+00,3.79883E+00
-3.3729696E-01,3.60352E+00,3.75977E+00
-3.3727848E-01,3.52539E+00,3.79883E+00
-3.3726000E-01,3.52539E+00,3.74023E+00
-3.3724152E-01,3.50586E+00,3.77930E+00
-3.3722304E-01,3.60352E+00,3.75977E+00
-3.3720456E-01,3.50586E+00,3.77930E+00
-3.3718608E-01,3.62305E+00,3.74023E+00
-3.3716760E-01,3.54492E+00,3.77930E+00
-3.3714912E-01,3.54492E+00,3.74023E+00
-3.3713064E-01,3.56445E+00,3.83789E+00
-3.3711216E-01,3.64258E+00,3.72070E+00
-3.3709368E-01,3.50586E+00,3.75977E+00
-3.3707520E-01,3.64258E+00,3.70117E+00
-3.3705672E-01,3.60352E+00,3.79883E+00
-3.3703824E-01,3.62305E+00,3.75977E+00
-3.3701976E-01,3.64258E+00,3.85742E+00
-3.3700128E-01,3.62305E+00,3.74023E+00
-3.3698280E-01,3.50586E+00,3.79883E+00
-3.3696432E-01,3.64258E+00,3.74023E+00
-3.3694584E-01,3.60352E+00,3.77930E+00
-3.3692736E-01,3.50586E+00,3.77930E+00
-3.3690888E-01,3.52539E+00,3.75977E+00
-3.3689040E-01,3.64258E+00,3.72070E+00
-3.3687192E-01,3.58398E+00,3.74023E+00
-3.3685344E-01,3.58398E+00,3.75977E+00
-3.3683496E-01,3.54492E+00,3.79883E+00
-3.3681648E-01,3.62305E+00,3.74023E+00
-3.3679800E-01,3.56445E+00,3.75977E+00
-3.3677952E-01,3.62305E+00,3.79883E+00
-3.3676104E-01,3.56445E+00,3.79883E+00
-3.3674256E-01,3.54492E+00,3.74023E+00
-3.3672408E-01,3.64258E+00,3.79883E+00
-3.3670560E-01,3.62305E+00,3.75977E+00
-3.3668712E-01,3.58398E+00,3.79883E+00
-3.3666864E-01,3.62305E+00,3.72070E+00
-3.3665016E-01,3.58398E+00,3.81836E+00
-3.3663168E-01,3.60352E+00,3.70117E+00
-3.3661320E-01,3.60352E+00,3.77930E+00
-3.3659472E-01,3.60352E+00,3.79883E+00
-3.3657624E-01,3.60352E+00,3.75977E+00
-3.3655776E-01,3.58398E+00,3.75977E+00
-3.3653928E-01,3.54492E+00,3.77930E+00
-3.3652080E-01,3.54492E+00,3.74023E+00
-3.3650232E-01,3.58398E+00,3.77930E+00
-3.3648384E-01,3.58398E+00,3.75977E+00
-3.3646536E-01,3.58398E+00,3.74023E+00
-3.3644688E-01,3.60352E+00,3.79883E+00
-3.3642840E-01,3.58398E+00,3.74023E+00
-3.3640992E-01,3.62305E+00,3.77930E+00
-3.3639144E-01,3.60352E+00,3.75977E+00
-3.3637296E-01,3.64258E+00,3.75977E+00
-3.3635448E-01,3.64258E+00,3.75977E+00
-3.3633600E-01,3.60352E+00,3.77930E+00
-3.3631752E-01,3.56445E+00,3.79883E+00
-3.3629904E-01,3.66211E+00,3.75977E+00
-3.3628056E-01,3.54492E+00,3.77930E+00
-3.3626208E-01,3.56445E+00,3.75977E+00
-3.3624360E-01,3.56445E+00,3.79883E+00
-3.3622512E-01,3.64258E+00,3.79883E+00
-3.3620664E-01,3.60352E+00,3.75977E+00
-3.3618816E-01,3.62305E+00,3.77930E+00
-3.3616968E-01,3.64258E+00,3.81836E+00
-3.3615120E-01,3.62305E+00,3.75977E+00
-3.3613272E-01,3.58398E+00,3.77930E+00
-3.3611424E-01,3.58398E+00,3.75977E+00
-3.3609576E-01,3.58398E+00,3.77930E+00
-3.3607728E-01,3.60352E+00,3.74023E+00
-3.3605880E-01,3.62305E+00,3.75977E+00
-3.3604032E-01,3.58398E+00,3.74023E+00
-3.3602184E-01,3.58398E+00,3.74023E+00
-3.3600336E-01,3.62305E+00,3.75977E+00
-3.3598488E-01,3.62305E+00,3.77930E+00
-3.3596640E-01,3.62305E+00,3.79883E+00
-3.3594792E-01,3.64258E+00,3.75977E+00
-3.3592944E-01,3.64258E+00,3.74023E+00
-3.3591096E-01,3.62305E+00,3.79883E+00
-3.3589248E-01,3.60352E+00,3.72070E+00
-3.3587400E-01,3.58398E+00,3.79883E+00
-3.3585552E-01,3.64258E+00,3.74023E+00
-3.3583704E-01,3.56445E+00,3.79883E+00
-3.3581856E-01,3.56445E+00,3.77930E+00
-3.3580008E-01,3.60352E+00,3.79883E+00
-3.3578160E-01,3.58398E+00,3.74023E+00
-3.3576312E-01,3.54492E+00,3.83789E+00
-3.3574464E-01,3.58398E+00,3.72070E+00
-3.3572616E-01,3.52539E+00,3.79883E+00
-3.3570768E-01,3.60352E+00,3.75977E+00
-3.3568920E-01,3.58398E+00,3.81836E+00
-3.3567072E-01,3.58398E+00,3.68164E+00
-3.3565224E-01,3.58398E+00,3.77930E+00
-3.3563376E-01,3.58398E+00,3.70117E+00
-3.3561528E-01,3.50586E+00,3.74023E+00
-3.3559680E-01,3.64258E+00,3.74023E+00
-3.3557832E-01,3.62305E+00,3.79883E+00
-3.3555984E-01,3.50586E+00,3.83789E+00
-3.3554136E-01,3.62305E+00,3.79883E+00
-3.3552288E-01,3.58398E+00,3.74023E+00
-3.3550440E-01,3.58398E+00,3.79883E+00
-3.3548592E-01,3.52539E+00,3.77930E+00
-3.3546744E-01,3.52539E+00,3.83789E+00
-3.3544896E-01,3.56445E+00,3.74023E+00
-3.3543048E-01,3.56445E+00,3.74023E+00
-3.3541200E-01,3.62305E+00,3.79883E+00
-3.3539352E-01,3.58398E+00,3.79883E+00
-3.3537504E-01,3.58398E+00,3.77930E+00
-3.3535656E-01,3.64258E+00,3.79883E+00
-3.3533808E-01,3.60352E+00,3.74023E+00
-3.3531960E-01,3.60352E+00,3.83789E+00
-3.3530112E-01,3.64258E+00,3.77930E+00
-3.3528264E-01,3.56445E+00,3.79883E+00
-3.3526416E-01,3.64258E+00,3.75977E+00
-3.3524568E-01,3.52539E+00,3.75977E+00
-3.3522720E-01,3.56445E+00,3.72070E+00
-3.3520872E-01,3.58398E+00,3.79883E+00
-3.3519024E-01,3.60352E+00,3.74023E+00
-3.3517176E-01,3.58398E+00,3.81836E+00
-3.3515328E-01,3.58398E+00,3.72070E+00
-3.3513480E-01,3.54492E+00,3.89648E+00
-3.3511632E-01,3.58398E+00,3.79883E+00
-3.3509784E-01,3.54492E+00,3.75977E+00
-3.3507936E-01,3.64258E+00,3.79883E+00
-3.3506088E-01,3.58398E+00,3.81836E+00
-3.3504240E-01,3.58398E+00,3.75977E+00
-3.3502392E-01,3.64258E+00,3.79883E+00
-3.3500544E-01,3.58398E+00,3.74023E+00
-3.3498696E-01,3.56445E+00,3.85742E+00
-3.3496848E-01,3.62305E+00,3.74023E+00
-3.3495000E-01,3.54492E+00,3.83789E+00
-3.3493152E-01,3.62305E+00,3.75977E+00
-3.3491304E-01,3.64258E+00,3.75977E+00
-3.3489456E-01,3.50586E+00,3.74023E+00
-3.3487608E-01,3.64258E+00,3.79883E+00
-3.3485760E-01,3.62305E+00,3.79883E+00
-3.3483912E-01,3.44727E+00,3.83789E+00
-3.3482064E-01,3.60352E+00,3.75977E+00
-3.3480216E-01,3.58398E+00,3.79883E+00
-3.3478368E-01,3.60352E+00,3.75977E+00
-3.3476520E-01,3.58398E+00,3.81836E+00
-3.3474672E-01,3.60352E+00,3.79883E+00
-3.3472824E-01,3.54492E+00,3.75977E+00
-3.3470976E-01,3.60352E+00,3.74023E+00
-3.3469128E-01,3.58398E+00,3.77930E+00
-3.3467280E-01,3.64258E+00,3.79883E+00
-3.3465432E-01,3.58398E+00,3.77930E+00
-3.3463584E-01,3.62305E+00,3.81836E+00
-3.3461736E-01,3.62305E+00,3.79883E+00
-3.3459888E-01,3.68164E+00,3.79883E+00
-3.3458040E-01,3.58398E+00,3.79883E+00
-3.3456192E-01,3.60352E+00,3.74023E+00
-3.3454344E-01,3.64258E+00,3.74023E+00
-3.3452496E-01,3.60352E+00,3.79883E+00
-3.3450648E-01,3.54492E+00,3.79883E+00
-3.3448800E-01,3.64258E+00,3.81836E+00
-3.3446952E-01,3.56445E+00,3.79883E+00
-3.3445104E-01,3.64258E+00,3.75977E+00
-3.3443256E-01,3.58398E+00,3.83789E+00
-3.3441408E-01,3.60352E+00,3.83789E+00
-3.3439560E-01,3.58398E+00,3.79883E+00
-3.3437712E-01,3.56445E+00,3.79883E+00
-3.3435864E-01,3.58398E+00,3.81836E+00
-3.3434016E-01,3.62305E+00,3.79883E+00
-3.3432168E-01,3.58398E+00,3.81836E+00
-3.3430320E-01,3.58398E+00,3.81836E+00
-3.3428472E-01,3.60352E+00,3.75977E+00
-3.3426624E-01,3.62305E+00,3.75977E+00
-3.3424776E-01,3.56445E+00,3.85742E+00
-3.3422928E-01,3.54492E+00,3.77930E+00
-3.3421080E-01,3.64258E+00,3.81836E+00
-3.3419232E-01,3.62305E+00,3.75977E+00
-3.3417384E-01,3.54492E+00,3.79883E+00
-3.3415536E-01,3.62305E+00,3.79883E+00
-3.3413688E-01,3.64258E+00,3.85742E+00
-3.3411840E-01,3.58398E+00,3.72070E+00
-3.3409992E-01,3.54492E+00,3.75977E+00
-3.3408144E-01,3.60352E+00,3.79883E+00
-3.3406296E-01,3.56445E+00,3.83789E+00
-3.3404448E-01,3.64258E+00,3.79883E+00
-3.3402600E-01,3.56445E+00,3.81836E+00
-3.3400752E-01,3.60352E+00,3.79883E+00
-3.3398904E-01,3.60352E+00,3.79883E+00
-3.3397056E-01,3.60352E+00,3.75977E+00
-3.3395208E-01,3.64258E+00,3.87695E+00
-3.3393360E-01,3.62305E+00,3.79883E+00
-3.3391512E-01,3.58398E+00,3.81836E+00
-3.3389664E-01,3.60352E+00,3.77930E+00
-3.3387816E-01,3.50586E+00,3.83789E+00
-3.3385968E-01,3.60352E+00,3.75977E+00
-3.3384120E-01,3.58398E+00,3.85742E+00
-3.3382272E-01,3.60352E+00,3.72070E+00
-3.3380424E-01,3.52539E+00,3.79883E+00
-3.3378576E-01,3.52539E+00,3.72070E+00
-3.3376728E-01,3.54492E+00,3.83789E+00
-3.3374880E-01,3.68164E+00,3.81836E+00
-3.3373032E-01,3.68164E+00,3.83789E+00
-3.3371184E-01,3.64258E+00,3.74023E+00
-3.3369336E-01,3.64258E+00,3.81836E+00
-3.3367488E-01,3.70117E+00,3.75977E+00
-3.3365640E-01,3.52539E+00,3.79883E+00
-3.3363792E-01,3.62305E+00,3.83789E+00
-3.3361944E-01,3.54492E+00,3.85742E+00
-3.3360096E-01,3.64258E+00,3.79883E+00
-3.3358248E-01,3.62305E+00,3.79883E+00
-3.3356400E-01,3.58398E+00,3.79883E+00
-3.3354552E-01,3.54492E+00,3.74023E+00
-3.3352704E-01,3.58398E+00,3.74023E+00
-3.3350856E-01,3.54492E+00,3.83789E+00
-3.3349008E-01,3.58398E+00,3.77930E+00
-3.3347160E-01,3.52539E+00,3.83789E+00
-3.3345312E-01,3.64258E+00,3.79883E+00
-3.3343464E-01,3.62305E+00,3.79883E+00
-3.3341616E-01,3.60352E+00,3.81836E+00
-3.3339768E-01,3.58398E+00,3.79883E+00
-3.3337920E-01,3.66211E+00,3.79883E+00
-3.3336072E-01,3.62305E+00,3.85742E+00
-3.3334224E-01,3.56445E+00,3.81836E+00
-3.3332376E-01,3.64258E+00,3.85742E+00
-3.3330528E-01,3.64258E+00,3.79883E+00
-3.3328680E-01,3.64258E+00,3.79883E+00
-3.3326832E-01,3.64258E+00,3.74023E+00
-3.3324984E-01,3.58398E+00,3.85742E+00
-3.3323136E-01,3.62305E+00,3.81836E+00
-3.3321288E-01,3.58398E+00,3.83789E+00
-3.3319440E-01,3.56445E+00,3.79883E+00
-3.3317592E-01,3.58398E+00,3.83789E+00
-3.3315744E-01,3.66211E+00,3.77930E+00
-3.3313896E-01,3.58398E+00,3.83789E+00
-3.3312048E-01,3.64258E+00,3.79883E+00
-3.3310200E-01,3.64258E+00,3.85742E+00
-3.3308352E-01,3.60352E+00,3.74023E+00
-3.3306504E-01,3.62305E+00,3.85742E+00
-3.3304656E-01,3.56445E+00,3.79883E+00
-3.3302808E-01,3.64258E+00,3.85742E+00
-3.3300960E-01,3.56445E+00,3.81836E+00
-3.3299112E-01,3.64258E+00,3.85742E+00
-3.3297264E-01,3.60352E+00,3.79883E+00
-3.3295416E-01,3.56445E+00,3.81836E+00
-3.3293568E-01,3.58398E+00,3.83789E+00
-3.3291720E-01,3.54492E+00,3.81836E+00
-3.3289872E-01,3.56445E+00,3.79883E+00
-3.3288024E-01,3.62305E+00,3.81836E+00
-3.3286176E-01,3.64258E+00,3.75977E+00
-3.3284328E-01,3.50586E+00,3.79883E+00
-3.3282480E-01,3.62305E+00,3.75977E+00
-3.3280632E-01,3.60352E+00,3.89648E+00
-3.3278784E-01,3.58398E+00,3.79883E+00
-3.3276936E-01,3.56445E+00,3.87695E+00
-3.3275088E-01,3.60352E+00,3.83789E+00
-3.3273240E-01,3.54492E+00,3.79883E+00
-3.3271392E-01,3.62305E+00,3.77930E+00
-3.3269544E-01,3.60352E+00,3.85742E+00
-3.3267696E-01,3.66211E+00,3.83789E+00
-3.3265848E-01,3.54492E+00,3.87695E+00
-3.3264000E-01,3.62305E+00,3.79883E+00
-3.3262152E-01,3.66211E+00,3.87695E+00
-3.3260304E-01,3.60352E+00,3.75977E+00
-3.3258456E-01,3.64258E+00,3.85742E+00
-3.3256608E-01,3.60352E+00,3.81836E+00
-3.3254760E-01,3.58398E+00,3.83789E+00
-3.3252912E-01,3.60352E+00,3.77930E+00
-3.3251064E-01,3.48633E+00,3.87695E+00
-3.3249216E-01,3.62305E+00,3.79883E+00
-3.3247368E-01,3.64258E+00,3.79883E+00
-3.3245520E-01,3.62305E+00,3.81836E+00
-3.3243672E-01,3.60352E+00,3.81836E+00
-3.3241824E-01,3.64258E+00,3.79883E+00
-3.3239976E-01,3.64258E+00,3.85742E+00
-3.3238128E-01,3.56445E+00,3.81836E+00
-3.3236280E-01,3.50586E+00,3.81836E+00
-3.3234432E-01,3.60352E+00,3.85742E+00
-3.3232584E-01,3.64258E+00,3.85742E+00
-3.3230736E-01,3.56445E+00,3.83789E+00
-3.3228888E-01,3.52539E+00,3.85742E+00
-3.3227040E-01,3.66211E+00,3.85742E+00
-3.3225192E-01,3.64258E+00,3.77930E+00
-3.3223344E-01,3.66211E+00,3.79883E+00
-3.3221496E-01,3.58398E+00,3.85742E+00
-3.3219648E-01,3.60352E+00,3.87695E+00
-3.3217800E-01,3.62305E+00,3.83789E+00
-3.3215952E-01,3.60352E+00,3.79883E+00
-3.3214104E-01,3.60352E+00,3.77930E+00
-3.3212256E-01,3.62305E+00,3.79883E+00
-3.3210408E-01,3.56445E+00,3.79883E+00
-3.3208560E-01,3.54492E+00,3.74023E+00
-3.3206712E-01,3.60352E+00,3.79883E+00
-3.3204864E-01,3.58398E+00,3.79883E+00
-3.3203016E-01,3.62305E+00,3.79883E+00
-3.3201168E-01,3.66211E+00,3.79883E+00
-3.3199320E-01,3.58398E+00,3.85742E+00
-3.3197472E-01,3.60352E+00,3.81836E+00
-3.3195624E-01,3.58398E+00,3.75977E+00
-3.3193776E-01,3.56445E+00,3.77930E+00
-3.3191928E-01,3.58398E+00,3.85742E+00
-3.3190080E-01,3.62305E+00,3.85742E+00
-3.3188232E-01,3.60352E+00,3.85742E+00
-3.3186384E-01,3.64258E+00,3.81836E+00
-3.3184536E-01,3.62305E+00,3.85742E+00
-3.3182688E-01,3.62305E+00,3.79883E+00
-3.3180840E-01,3.58398E+00,3.79883E+00
-3.3178992E-01,3.62305E+00,3.83789E+00
-3.3177144E-01,3.70117E+00,3.83789E+00
-3.3175296E-01,3.64258E+00,3.79883E+00
-3.3173448E-01,3.58398E+00,3.85742E+00
-3.3171600E-01,3.60352E+00,3.83789E+00
-3.3169752E-01,3.60352E+00,3.79883E+00
-3.3167904E-01,3.52539E+00,3.79883E+00
-3.3166056E-01,3.58398E+00,3.83789E+00
-3.3164208E-01,3.60352E+00,3.81836E+00
-3.3162360E-01,3.68164E+00,3.79883E+00
-3.3160512E-01,3.58398E+00,3.83789E+00
-3.3158664E-01,3.64258E+00,3.85742E+00
-3.3156816E-01,3.58398E+00,3.81836E+00
-3.3154968E-01,3.62305E+00,3.81836E+00
-3.3153120E-01,3.54492E+00,3.83789E+00
-3.3151272E-01,3.64258E+00,3.83789E+00
-3.3149424E-01,3.58398E+00,3.79883E+00
-3.3147576E-01,3.64258E+00,3.81836E+00
-3.3145728E-01,3.58398E+00,3.81836E+00
-3.3143880E-01,3.56445E+00,3.83789E+00
-3.3142032E-01,3.56445E+00,3.83789E+00
-3.3140184E-01,3.60352E+00,3.85742E+00
-3.3138336E-01,3.64258E+00,3.81836E+00
-3.3136488E-01,3.64258E+00,3.85742E+00
-3.3134640E-01,3.64258E+00,3.89648E+00
-3.3132792E-01,3.66211E+00,3.79883E+00
-3.3130944E-01,3.60352E+00,3.83789E+00
-3.3129096E-01,3.56445E+00,3.79883E+00
-3.3127248E-01,3.64258E+00,3.85742E+00
-3.3125400E-01,3.66211E+00,3.83789E+00
-3.3123552E-01,3.58398E+00,3.83789E+00
-3.3121704E-01,3.62305E+00,3.89648E+00
-3.3119856E-01,3.60352E+00,3.79883E+00
-3.3118008E-01,3.56445E+00,3.75977E+00
-3.3116160E-01,3.70117E+00,3.83789E+00
-3.3114312E-01,3.66211E+00,3.83789E+00
-3.3112464E-01,3.64258E+00,3.81836E+00
-3.3110616E-01,3.58398E+00,3.89648E+00
-3.3108768E-01,3.60352E+00,3.79883E+00
-3.3106920E-01,3.70117E+00,3.91602E+00
-3.3105072E-01,3.64258E+00,3.79883E+00
-3.3103224E-01,3.58398E+00,3.81836E+00
-3.3101376E-01,3.66211E+00,3.75977E+00
-3.3099528E-01,3.60352E+00,3.85742E+00
-3.3097680E-01,3.64258E+00,3.83789E+00
-3.3095832E-01,3.66211E+00,3.83789E+00
-3.3093984E-01,3.56445E+00,3.81836E+00
-3.3092136E-01,3.56445E+00,3.85742E+00
-3.3090288E-01,3.64258E+00,3.83789E+00
-3.3088440E-01,3.62305E+00,3.81836E+00
-3.3086592E-01,3.66211E+00,3.83789E+00
-3.3084744E-01,3.58398E+00,3.79883E+00
-3.3082896E-01,3.60352E+00,3.83789E+00
-3.3081048E-01,3.64258E+00,3.81836E+00
-3.3079200E-01,3.60352E+00,3.79883E+00
-3.3077352E-01,3.62305E+00,3.87695E+00
-3.3075504E-01,3.64258E+00,3.87695E+00
-3.3073656E-01,3.60352E+00,3.87695E+00
-3.3071808E-01,3.52539E+00,3.81836E+00
-3.3069960E-01,3.58398E+00,3.81836E+00
-3.3068112E-01,3.60352E+00,3.87695E+00
-3.3066264E-01,3.58398E+00,3.85742E+00
-3.3064416E-01,3.60352E+00,3.79883E+00
-3.3062568E-01,3.66211E+00,3.89648E+00
-3.3060720E-01,3.70117E+00,3.79883E+00
-3.3058872E-01,3.62305E+00,3.83789E+00
-3.3057024E-01,3.70117E+00,3.87695E+00
-3.3055176E-01,3.64258E+00,3.87695E+00
-3.3053328E-01,3.64258E+00,3.74023E+00
-3.3051480E-01,3.58398E+00,3.81836E+00
-3.3049632E-01,3.62305E+00,3.83789E+00
-3.3047784E-01,3.62305E+00,3.87695E+00
-3.3045936E-01,3.60352E+00,3.87695E+00
-3.3044088E-01,3.56445E+00,3.83789E+00
-3.3042240E-01,3.58398E+00,3.81836E+00
-3.3040392E-01,3.58398E+00,3.93555E+00
-3.3038544E-01,3.66211E+00,3.81836E+00
-3.3036696E-01,3.58398E+00,3.89648E+00
-3.3034848E-01,3.68164E+00,3.85742E+00
-3.3033000E-01,3.58398E+00,3.85742E+00
-3.3031152E-01,3.60352E+00,3.79883E+00
-3.3029304E-01,3.64258E+00,3.85742E+00
-3.3027456E-01,3.64258E+00,3.81836E+00
-3.3025608E-01,3.64258E+00,3.77930E+00
-3.3023760E-01,3.62305E+00,3.85742E+00
-3.3021912E-01,3.58398E+00,3.83789E+00
-3.3020064E-01,3.54492E+00,3.77930E+00
-3.3018216E-01,3.64258E+00,3.89648E+00
-3.3016368E-01,3.60352E+00,3.83789E+00
-3.3014520E-01,3.62305E+00,3.87695E+00
-3.3012672E-01,3.64258E+00,3.85742E+00
-3.3010824E-01,3.60352E+00,3.85742E+00
-3.3008976E-01,3.66211E+00,3.83789E+00
-3.3007128E-01,3.64258E+00,3.89648E+00
-3.3005280E-01,3.62305E+00,3.81836E+00
-3.3003432E-01,3.54492E+00,3.89648E+00
-3.3001584E-01,3.62305E+00,3.89648E+00
-3.2999736E-01,3.54492E+00,3.85742E+00
-3.2997888E-01,3.60352E+00,3.83789E+00
-3.2996040E-01,3.58398E+00,3.83789E+00
-3.2994192E-01,3.54492E+00,3.83789E+00
-3.2992344E-01,3.54492E+00,3.85742E+00
-3.2990496E-01,3.62305E+00,3.83789E+00
-3.2988648E-01,3.58398E+00,3.87695E+00
-3.2986800E-01,3.70117E+00,3.89648E+00
-3.2984952E-01,3.64258E+00,3.87695E+00
-3.2983104E-01,3.60352E+00,3.87695E+00
-3.2981256E-01,3.60352E+00,3.79883E+00
-3.2979408E-01,3.64258E+00,3.91602E+00
-3.2977560E-01,3.56445E+00,3.93555E+00
-3.2975712E-01,3.66211E+00,3.81836E+00
-3.2973864E-01,3.62305E+00,3.81836E+00
-3.2972016E-01,3.54492E+00,3.87695E+00
-3.2970168E-01,3.60352E+00,3.79883E+00
-3.2968320E-01,3.62305E+00,3.81836E+00
-3.2966472E-01,3.62305E+00,3.91602E+00
-3.2964624E-01,3.66211E+00,3.87695E+00
-3.2962776E-01,3.60352E+00,3.85742E+00
-3.2960928E-01,3.64258E+00,3.81836E+00
-3.2959080E-01,3.62305E+00,3.87695E+00
-3.2957232E-01,3.60352E+00,3.85742E+00
-3.2955384E-01,3.64258E+00,3.85742E+00
-3.2953536E-01,3.62305E+00,3.79883E+00
-3.2951688E-01,3.62305E+00,3.87695E+00
-3.2949840E-01,3.68164E+00,3.79883E+00
-3.2947992E-01,3.64258E+00,3.89648E+00
-3.2946144E-01,3.62305E+00,3.79883E+00
-3.2944296E-01,3.58398E+00,3.87695E+00
-3.2942448E-01,3.64258E+00,3.81836E+00
-3.2940600E-01,3.62305E+00,3.87695E+00
-3.2938752E-01,3.62305E+00,3.83789E+00
-3.2936904E-01,3.56445E+00,3.87695E+00
-3.2935056E-01,3.70117E+00,3.89648E+00
-3.2933208E-01,3.62305E+00,3.85742E+00
-3.2931360E-01,3.62305E+00,3.81836E+00
-3.2929512E-01,3.60352E+00,3.85742E+00
-3.2927664E-01,3.58398E+00,3.79883E+00
-3.2925816E-01,3.64258E+00,3.87695E+00
-3.2923968E-01,3.60352E+00,3.83789E+00
-3.2922120E-01,3.60352E+00,3.93555E+00
-3.2920272E-01,3.64258E+00,3.83789E+00
-3.2918424E-01,3.70117E+00,3.81836E+00
-3.2916576E-01,3.64258E+00,3.81836E+00
-3.2914728E-01,3.56445E+00,3.89648E+00
-3.2912880E-01,3.60352E+00,3.81836E+00
-3.2911032E-01,3.60352E+00,3.91602E+00
-3.2909184E-01,3.64258E+00,3.83789E+00
-3.2907336E-01,3.62305E+00,3.91602E+00
-3.2905488E-01,3.66211E+00,3.79883E+00
-3.2903640E-01,3.62305E+00,3.87695E+00
-3.2901792E-01,3.60352E+00,3.83789E+00
-3.2899944E-01,3.58398E+00,3.87695E+00
-3.2898096E-01,3.64258E+00,3.81836E+00
-3.2896248E-01,3.58398E+00,3.87695E+00
-3.2894400E-01,3.60352E+00,3.93555E+00
-3.2892552E-01,3.60352E+00,3.81836E+00
-3.2890704E-01,3.68164E+00,3.87695E+00
-3.2888856E-01,3.56445E+00,3.85742E+00
-3.2887008E-01,3.64258E+00,3.83789E+00
-3.2885160E-01,3.58398E+00,3.87695E+00
-3.2883312E-01,3.60352E+00,3.87695E+00
-3.2881464E-01,3.58398E+00,3.91602E+00
-3.2879616E-01,3.62305E+00,3.83789E+00
-3.2877768E-01,3.60352E+00,3.91602E+00
-3.2875920E-01,3.62305E+00,3.81836E+00
-3.2874072E-01,3.62305E+00,3.87695E+00
-3.2872224E-01,3.62305E+00,3.79883E+00
-3.2870376E-01,3.62305E+00,3.87695E+00
-3.2868528E-01,3.70117E+00,3.87695E+00
-3.2866680E-01,3.66211E+00,3.85742E+00
-3.2864832E-01,3.62305E+00,3.87695E+00
-3.2862984E-01,3.60352E+00,3.89648E+00
-3.2861136E-01,3.62305E+00,3.81836E+00
-3.2859288E-01,3.64258E+00,3.87695E+00
-3.2857440E-01,3.60352E+00,3.85742E+00
-3.2855592E-01,3.62305E+00,3.91602E+00
-3.2853744E-01,3.64258E+00,3.81836E+00
-3.2851896E-01,3.58398E+00,3.91602E+00
-3.2850048E-01,3.64258E+00,3.85742E+00
-3.2848200E-01,3.58398E+00,3.91602E+00
-3.2846352E-01,3.60352E+00,3.81836E+00
-3.2844504E-01,3.62305E+00,3.87695E+00
-3.2842656E-01,3.62305E+00,3.85742E+00
-3.2840808E-01,3.64258E+00,3.85742E+00
-3.2838960E-01,3.62305E+00,3.83789E+00
-3.2837112E-01,3.58398E+00,3.89648E+00
-3.2835264E-01,3.70117E+00,3.83789E+00
-3.2833416E-01,3.56445E+00,3.91602E+00
-3.2831568E-01,3.58398E+00,3.87695E+00
-3.2829720E-01,3.62305E+00,3.87695E+00
-3.2827872E-01,3.58398E+00,3.79883E+00
-3.2826024E-01,3.62305E+00,3.89648E+00
-3.2824176E-01,3.60352E+00,3.89648E+00
-3.2822328E-01,3.64258E+00,3.93555E+00
-3.2820480E-01,3.62305E+00,3.83789E+00
-3.2818632E-01,3.62305E+00,3.91602E+00
-3.2816784E-01,3.58398E+00,3.83789E+00
-3.2814936E-01,3.54492E+00,3.93555E+00
-3.2813088E-01,3.60352E+00,3.85742E+00
-3.2811240E-01,3.58398E+00,3.89648E+00
-3.2809392E-01,3.64258E+00,3.87695E+00
-3.2807544E-01,3.66211E+00,3.89648E+00
-3.2805696E-01,3.62305E+00,3.85742E+00
-3.2803848E-01,3.58398E+00,3.89648E+00
-3.2802000E-01,3.60352E+00,3.83789E+00
-3.2800152E-01,3.64258E+00,3.91602E+00
-3.2798304E-01,3.62305E+00,3.91602E+00
-3.2796456E-01,3.58398E+00,3.89648E+00
-3.2794608E-01,3.64258E+00,3.89648E+00
-3.2792760E-01,3.58398E+00,3.89648E+00
-3.2790912E-01,3.64258E+00,3.87695E+00
-3.2789064E-01,3.58398E+00,3.85742E+00
-3.2787216E-01,3.66211E+00,3.85742E+00
-3.2785368E-01,3.58398E+00,3.85742E+00
-3.2783520E-01,3.62305E+00,3.81836E+00
-3.2781672E-01,3.62305E+00,3.91602E+00
-3.2779824E-01,3.58398E+00,3.89648E+00
-3.2777976E-01,3.64258E+00,3.89648E+00
-3.2776128E-01,3.66211E+00,3.87695E+00
-3.2774280E-01,3.58398E+00,3.93555E+00
-3.2772432E-01,3.62305E+00,3.85742E+00
-3.2770584E-01,3.66211E+00,3.91602E+00
-3.2768736E-01,3.72070E+00,3.87695E+00
-3.2766888E-01,3.60352E+00,3.91602E+00
-3.2765040E-01,3.70117E+00,3.87695E+00
-3.2763192E-01,3.64258E+00,3.85742E+00
-3.2761344E-01,3.66211E+00,3.91602E+00
-3.2759496E-01,3.60352E+00,3.93555E+00
-3.2757648E-01,3.64258E+00,3.87695E+00
-3.2755800E-01,3.60352E+00,3.97461E+00
-3.2753952E-01,3.66211E+00,3.89648E+00
-3.2752104E-01,3.56445E+00,3.91602E+00
-3.2750256E-01,3.66211E+00,3.91602E+00
-3.2748408E-01,3.64258E+00,3.87695E+00
-3.2746560E-01,3.60352E+00,3.85742E+00
-3.2744712E-01,3.56445E+00,3.89648E+00
-3.2742864E-01,3.64258E+00,3.91602E+00
-3.2741016E-01,3.64258E+00,3.93555E+00
-3.2739168E-01,3.64258E+00,3.89648E+00
-3.2737320E-01,3.58398E+00,3.87695E+00
-3.2735472E-01,3.64258E+00,3.83789E+00
-3.2733624E-01,3.62305E+00,3.89648E+00
-3.2731776E-01,3.64258E+00,3.87695E+00
-3.2729928E-01,3.62305E+00,3.91602E+00
-3.2728080E-01,3.64258E+00,3.91602E+00
-3.2726232E-01,3.64258E+00,3.91602E+00
-3.2724384E-01,3.64258E+00,3.93555E+00
-3.2722536E-01,3.62305E+00,3.93555E+00
-3.2720688E-01,3.62305E+00,3.87695E+00
-3.2718840E-01,3.58398E+00,3.89648E+00
-3.2716992E-01,3.68164E+00,3.81836E+00
-3.2715144E-01,3.58398E+00,3.99414E+00
-3.2713296E-01,3.60352E+00,3.89648E+00
-3.2711448E-01,3.68164E+00,3.91602E+00
-3.2709600E-01,3.64258E+00,3.87695E+00
-3.2707752E-01,3.64258E+00,3.87695E+00
-3.2705904E-01,3.58398E+00,3.87695E+00
-3.2704056E-01,3.58398E+00,3.97461E+00
-3.2702208E-01,3.60352E+00,3.91602E+00
-3.2700360E-01,3.58398E+00,3.93555E+00
-3.2698512E-01,3.66211E+00,3.91602E+00
-3.2696664E-01,3.58398E+00,3.95508E+00
-3.2694816E-01,3.68164E+00,3.85742E+00
-3.2692968E-01,3.62305E+00,3.91602E+00
-3.2691120E-01,3.66211E+00,3.81836E+00
-3.2689272E-01,3.62305E+00,3.85742E+00
-3.2687424E-01,3.66211E+00,3.85742E+00
-3.2685576E-01,3.56445E+00,3.93555E+00
-3.2683728E-01,3.60352E+00,3.85742E+00
-3.2681880E-01,3.62305E+00,3.91602E+00
-3.2680032E-01,3.72070E+00,3.87695E+00
-3.2678184E-01,3.58398E+00,3.91602E+00
-3.2676336E-01,3.64258E+00,3.81836E+00
-3.2674488E-01,3.62305E+00,3.91602E+00
-3.2672640E-01,3.70117E+00,3.91602E+00
-3.2670792E-01,3.58398E+00,3.95508E+00
-3.2668944E-01,3.64258E+00,3.91602E+00
-3.2667096E-01,3.66211E+00,3.93555E+00
-3.2665248E-01,3.60352E+00,3.91602E+00
-3.2663400E-01,3.58398E+00,3.93555E+00
-3.2661552E-01,3.62305E+00,3.87695E+00
-3.2659704E-01,3.62305E+00,3.93555E+00
-3.2657856E-01,3.68164E+00,3.87695E+00
-3.2656008E-01,3.64258E+00,3.93555E+00
-3.2654160E-01,3.66211E+00,3.89648E+00
-3.2652312E-01,3.66211E+00,3.87695E+00
-3.2650464E-01,3.64258E+00,3.81836E+00
-3.2648616E-01,3.64258E+00,3.93555E+00
-3.2646768E-01,3.60352E+00,3.95508E+00
-3.2644920E-01,3.66211E+00,3.87695E+00
-3.2643072E-01,3.60352E+00,3.89648E+00
-3.2641224E-01,3.66211E+00,3.93555E+00
-3.2639376E-01,3.66211E+00,3.91602E+00
-3.2637528E-01,3.64258E+00,3.89648E+00
-3.2635680E-01,3.66211E+00,3.91602E+00
-3.2633832E-01,3.66211E+00,3.91602E+00
-3.2631984E-01,3.64258E+00,3.87695E+00
-3.2630136E-01,3.66211E+00,3.97461E+00
-3.2628288E-01,3.72070E+00,3.97461E+00
-3.2626440E-01,3.64258E+00,3.93555E+00
-3.2624592E-01,3.62305E+00,3.93555E+00
-3.2622744E-01,3.58398E+00,3.93555E+00
-3.2620896E-01,3.64258E+00,3.91602E+00
-3.2619048E-01,3.64258E+00,3.93555E+00
-3.2617200E-01,3.64258E+00,3.87695E+00
-3.2615352E-01,3.60352E+00,3.87695E+00
-3.2613504E-01,3.62305E+00,3.93555E+00
-3.2611656E-01,3.66211E+00,3.93555E+00
-3.2609808E-01,3.72070E+00,3.87695E+00
-3.2607960E-01,3.64258E+00,3.95508E+00
-3.2606112E-01,3.68164E+00,3.91602E+00
-3.2604264E-01,3.56445E+00,3.89648E+00
-3.2602416E-01,3.70117E+00,3.89648E+00
-3.2600568E-01,3.60352E+00,3.99414E+00
-3.2598720E-01,3.60352E+00,3.85742E+00
-3.2596872E-01,3.66211E+00,3.95508E+00
-3.2595024E-01,3.60352E+00,3.89648E+00
-3.2593176E-01,3.62305E+00,3.93555E+00
-3.2591328E-01,3.64258E+00,3.87695E+00
-3.2589480E-01,3.62305E+00,3.89648E+00
-3.2587632E-01,3.64258E+00,3.91602E+00
-3.2585784E-01,3.60352E+00,3.93555E+00
-3.2583936E-01,3.62305E+00,3.93555E+00
-3.2582088E-01,3.66211E+00,3.95508E+00
-3.2580240E-01,3.64258E+00,3.91602E+00
-3.2578392E-01,3.66211E+00,3.93555E+00
-3.2576544E-01,3.70117E+00,3.89648E+00
-3.2574696E-01,3.64258E+00,3.93555E+00
-3.2572848E-01,3.66211E+00,3.87695E+00
-3.2571000E-01,3.64258E+00,3.91602E+00
-3.2569152E-01,3.64258E+00,3.93555E+00
-3.2567304E-01,3.66211E+00,3.93555E+00
-3.2565456E-01,3.70117E+00,3.89648E+00
-3.2563608E-01,3.60352E+00,3.93555E+00
-3.2561760E-01,3.66211E+00,3.91602E+00
-3.2559912E-01,3.60352E+00,3.87695E+00
-3.2558064E-01,3.64258E+00,3.87695E+00
-3.2556216E-01,3.58398E+00,4.01367E+00
-3.2554368E-01,3.66211E+00,3.87695E+00
-3.2552520E-01,3.56445E+00,3.93555E+00
-3.2550672E-01,3.64258E+00,3.87695E+00
-3.2548824E-01,3.64258E+00,3.87695E+00
-3.2546976E-01,3.75977E+00,3.89648E+00
-3.2545128E-01,3.60352E+00,3.95508E+00
-3.2543280E-01,3.64258E+00,3.87695E+00
-3.2541432E-01,3.58398E+00,3.93555E+00
-3.2539584E-01,3.64258E+00,3.91602E+00
-3.2537736E-01,3.54492E+00,3.97461E+00
-3.2535888E-01,3.70117E+00,3.93555E+00
-3.2534040E-01,3.58398E+00,3.93555E+00
-3.2532192E-01,3.64258E+00,3.85742E+00
-3.2530344E-01,3.64258E+00,3.93555E+00
-3.2528496E-01,3.68164E+00,3.91602E+00
-3.2526648E-01,3.58398E+00,3.93555E+00
-3.2524800E-01,3.60352E+00,3.91602E+00
-3.2522952E-01,3.58398E+00,3.91602E+00
-3.2521104E-01,3.66211E+00,3.87695E+00
-3.2519256E-01,3.60352E+00,3.95508E+00
-3.2517408E-01,3.66211E+00,3.87695E+00
-3.2515560E-01,3.66211E+00,3.93555E+00
-3.2513712E-01,3.64258E+00,3.87695E+00
-3.2511864E-01,3.68164E+00,3.99414E+00
-3.2510016E-01,3.68164E+00,3.95508E+00
-3.2508168E-01,3.62305E+00,3.97461E+00
-3.2506320E-01,3.66211E+00,3.89648E+00
-3.2504472E-01,3.58398E+00,3.99414E+00
-3.2502624E-01,3.62305E+00,3.91602E+00
-3.2500776E-01,3.66211E+00,3.93555E+00
-3.2498928E-01,3.60352E+00,3.97461E+00
-3.2497080E-01,3.60352E+00,3.93555E+00
-3.2495232E-01,3.66211E+00,3.93555E+00
-3.2493384E-01,3.66211E+00,3.91602E+00
-3.2491536E-01,3.64258E+00,3.97461E+00
-3.2489688E-01,3.64258E+00,3.93555E+00
-3.2487840E-01,3.70117E+00,3.93555E+00
-3.2485992E-01,3.60352E+00,3.99414E+00
-3.2484144E-01,3.64258E+00,3.91602E+00
-3.2482296E-01,3.72070E+00,3.93555E+00
-3.2480448E-01,3.62305E+00,3.91602E+00
-3.2478600E-01,3.60352E+00,3.95508E+00
-3.2476752E-01,3.64258E+00,3.87695E+00
-3.2474904E-01,3.62305E+00,3.97461E+00
-3.2473056E-01,3.66211E+00,3.83789E+00
-3.2471208E-01,3.64258E+00,3.89648E+00
-3.2469360E-01,3.62305E+00,3.89648E+00
-3.2467512E-01,3.62305E+00,3.99414E+00
-3.2465664E-01,3.58398E+00,3.97461E+00
-3.2463816E-01,3.62305E+00,3.99414E+00
-3.2461968E-01,3.60352E+00,3.87695E+00
-3.2460120E-01,3.58398E+00,3.97461E+00
-3.2458272E-01,3.62305E+00,3.93555E+00
-3.2456424E-01,3.58398E+00,3.95508E+00
-3.2454576E-01,3.62305E+00,3.89648E+00
-3.2452728E-01,3.58398E+00,3.99414E+00
-3.2450880E-01,3.66211E+00,3.89648E+00
-3.2449032E-01,3.64258E+00,3.95508E+00
-3.2447184E-01,3.62305E+00,3.95508E+00
-3.2445336E-01,3.60352E+00,3.89648E+00
-3.2443488E-01,3.56445E+00,3.93555E+00
-3.2441640E-01,3.68164E+00,3.95508E+00
-3.2439792E-01,3.64258E+00,3.89648E+00
-3.2437944E-01,3.70117E+00,3.93555E+00
-3.2436096E-01,3.66211E+00,3.91602E+00
-3.2434248E-01,3.60352E+00,3.93555E+00
-3.2432400E-01,3.72070E+00,3.91602E+00
-3.2430552E-01,3.66211E+00,3.89648E+00
-3.2428704E-01,3.56445E+00,3.85742E+00
-3.2426856E-01,3.62305E+00,4.03320E+00
-3.2425008E-01,3.62305E+00,3.91602E+00
-3.2423160E-01,3.70117E+00,3.95508E+00
-3.2421312E-01,3.64258E+00,3.93555E+00
-3.2419464E-01,3.62305E+00,3.93555E+00
-3.2417616E-01,3.62305E+00,3.91602E+00
-3.2415768E-01,3.64258E+00,3.95508E+00
-3.2413920E-01,3.66211E+00,3.95508E+00
-3.2412072E-01,3.58398E+00,3.93555E+00
-3.2410224E-01,3.72070E+00,3.95508E+00
-3.2408376E-01,3.60352E+00,3.99414E+00
-3.2406528E-01,3.66211E+00,3.93555E+00
-3.2404680E-01,3.64258E+00,3.93555E+00
-3.2402832E-01,3.64258E+00,3.87695E+00
-3.2400984E-01,3.58398E+00,3.97461E+00
-3.2399136E-01,3.62305E+00,3.93555E+00
-3.2397288E-01,3.64258E+00,3.93555E+00
-3.2395440E-01,3.66211E+00,3.91602E+00
-3.2393592E-01,3.64258E+00,3.93555E+00
-3.2391744E-01,3.70117E+00,3.91602E+00
-3.2389896E-01,3.66211E+00,3.97461E+00
-3.2388048E-01,3.66211E+00,3.93555E+00
-3.2386200E-01,3.68164E+00,3.93555E+00
-3.2384352E-01,3.62305E+00,3.97461E+00
-3.2382504E-01,3.64258E+00,3.93555E+00
-3.2380656E-01,3.60352E+00,3.85742E+00
-3.2378808E-01,3.58398E+00,4.03320E+00
-3.2376960E-01,3.72070E+00,3.89648E+00
-3.2375112E-01,3.66211E+00,3.99414E+00
-3.2373264E-01,3.66211E+00,3.97461E+00
-3.2371416E-01,3.62305E+00,3.99414E+00
-3.2369568E-01,3.70117E+00,3.95508E+00
-3.2367720E-01,3.64258E+00,3.95508E+00
-3.2365872E-01,3.60352E+00,3.93555E+00
-3.2364024E-01,3.62305E+00,3.97461E+00
-3.2362176E-01,3.66211E+00,3.97461E+00
-3.2360328E-01,3.58398E+00,3.97461E+00
-3.2358480E-01,3.66211E+00,3.87695E+00
-3.2356632E-01,3.68164E+00,3.99414E+00
-3.2354784E-01,3.60352E+00,3.85742E+00
-3.2352936E-01,3.58398E+00,3.93555E+00
-3.2351088E-01,3.66211E+00,3.93555E+00
-3.2349240E-01,3.58398E+00,3.97461E+00
-3.2347392E-01,3.60352E+00,3.89648E+00
-3.2345544E-01,3.62305E+00,3.95508E+00
-3.2343696E-01,3.58398E+00,3.93555E+00
-3.2341848E-01,3.66211E+00,3.97461E+00
-3.2340000E-01,3.60352E+00,3.89648E+00
-3.2338152E-01,3.68164E+00,3.99414E+00
-3.2336304E-01,3.68164E+00,3.91602E+00
-3.2334456E-01,3.70117E+00,3.93555E+00
-3.2332608E-01,3.62305E+00,3.93555E+00
-3.2330760E-01,3.64258E+00,3.95508E+00
-3.2328912E-01,3.68164E+00,3.97461E+00
-3.2327064E-01,3.64258E+00,3.95508E+00
-3.2325216E-01,3.60352E+00,3.99414E+00
-3.2323368E-01,3.66211E+00,3.99414E+00
-3.2321520E-01,3.66211E+00,3.97461E+00
-3.2319672E-01,3.64258E+00,3.99414E+00
-3.2317824E-01,3.66211E+00,3.89648E+00
-3.2315976E-01,3.60352E+00,3.97461E+00
-3.2314128E-01,3.62305E+00,3.95508E+00
-3.2312280E-01,3.72070E+00,3.97461E+00
-3.2310432E-01,3.70117E+00,3.91602E+00
-3.2308584E-01,3.66211E+00,3.93555E+00
-3.2306736E-01,3.64258E+00,3.93555E+00
-3.2304888E-01,3.72070E+00,3.93555E+00
-3.2303040E-01,3.60352E+00,3.87695E+00
-3.2301192E-01,3.68164E+00,3.99414E+00
-3.2299344E-01,3.62305E+00,3.93555E+00
-3.2297496E-01,3.64258E+00,3.99414E+00
-3.2295648E-01,3.64258E+00,3.97461E+00
-3.2293800E-01,3.62305E+00,3.97461E+00
-3.2291952E-01,3.64258E+00,3.99414E+00
-3.2290104E-01,3.64258E+00,3.99414E+00
-3.2288256E-01,3.70117E+00,3.93555E+00
-3.2286408E-01,3.62305E+00,3.99414E+00
-3.2284560E-01,3.68164E+00,3.93555E+00
-3.2282712E-01,3.68164E+00,4.03320E+00
-3.2280864E-01,3.58398E+00,3.97461E+00
-3.2279016E-01,3.58398E+00,3.99414E+00
-3.2277168E-01,3.64258E+00,3.95508E+00
-3.2275320E-01,3.64258E+00,3.99414E+00
-3.2273472E-01,3.60352E+00,3.91602E+00
-3.2271624E-01,3.64258E+00,3.93555E+00
-3.2269776E-01,3.64258E+00,3.91602E+00
-3.2267928E-01,3.64258E+00,3.93555E+00
-3.2266080E-01,3.72070E+00,3.95508E+00
-3.2264232E-01,3.62305E+00,3.97461E+00
-3.2262384E-01,3.58398E+00,3.93555E+00
-3.2260536E-01,3.66211E+00,3.95508E+00
-3.2258688E-01,3.64258E+00,3.87695E+00
-3.2256840E-01,3.64258E+00,3.95508E+00
-3.2254992E-01,3.66211E+00,3.89648E+00
-3.2253144E-01,3.64258E+00,3.97461E+00
-3.2251296E-01,3.68164E+00,3.95508E+00
-3.2249448E-01,3.68164E+00,4.01367E+00
-3.2247600E-01,3.74023E+00,3.89648E+00
-3.2245752E-01,3.60352E+00,3.99414E+00
-3.2243904E-01,3.64258E+00,3.95508E+00
-3.2242056E-01,3.64258E+00,4.03320E+00
-3.2240208E-01,3.60352E+00,3.95508E+00
-3.2238360E-01,3.58398E+00,3.93555E+00
-3.2236512E-01,3.68164E+00,3.93555E+00
-3.2234664E-01,3.62305E+00,3.95508E+00
-3.2232816E-01,3.72070E+00,3.95508E+00
-3.2230968E-01,3.64258E+00,3.99414E+00
-3.2229120E-01,3.64258E+00,3.93555E+00
-3.2227272E-01,3.66211E+00,3.93555E+00
-3.2225424E-01,3.64258E+00,3.83789E+00
-3.2223576E-01,3.60352E+00,3.93555E+00
-3.2221728E-01,3.60352E+00,3.97461E+00
-3.2219880E-01,3.68164E+00,3.95508E+00
-3.2218032E-01,3.58398E+00,3.95508E+00
-3.2216184E-01,3.64258E+00,3.99414E+00
-3.2214336E-01,3.60352E+00,3.97461E+00
-3.2212488E-01,3.58398E+00,3.93555E+00
-3.2210640E-01,3.60352E+00,3.93555E+00
-3.2208792E-01,3.58398E+00,3.97461E+00
-3.2206944E-01,3.62305E+00,3.93555E+00
-3.2205096E-01,3.64258E+00,3.95508E+00
-3.2203248E-01,3.70117E+00,3.93555E+00
-3.2201400E-01,3.62305E+00,4.03320E+00
-3.2199552E-01,3.64258E+00,3.93555E+00
-3.2197704E-01,3.66211E+00,3.95508E+00
-3.2195856E-01,3.70117E+00,3.95508E+00
-3.2194008E-01,3.62305E+00,3.93555E+00
-3.2192160E-01,3.70117E+00,3.99414E+00
-3.2190312E-01,3.70117E+00,3.99414E+00
-3.2188464E-01,3.60352E+00,3.91602E+00
-3.2186616E-01,3.66211E+00,3.97461E+00
-3.2184768E-01,3.66211E+00,3.95508E+00
-3.2182920E-01,3.58398E+00,4.01367E+00
-3.2181072E-01,3.66211E+00,3.93555E+00
-3.2179224E-01,3.60352E+00,3.93555E+00
-3.2177376E-01,3.66211E+00,3.93555E+00
-3.2175528E-01,3.60352E+00,4.03320E+00
-3.2173680E-01,3.70117E+00,3.93555E+00
-3.2171832E-01,3.64258E+00,4.01367E+00
-3.2169984E-01,3.62305E+00,3.95508E+00
-3.2168136E-01,3.66211E+00,3.99414E+00
-3.2166288E-01,3.62305E+00,3.95508E+00
-3.2164440E-01,3.66211E+00,3.93555E+00
-3.2162592E-01,3.64258E+00,3.89648E+00
-3.2160744E-01,3.60352E+00,3.95508E+00
-3.2158896E-01,3.68164E+00,3.95508E+00
-3.2157048E-01,3.66211E+00,3.97461E+00
-3.2155200E-01,3.66211E+00,3.95508E+00
-3.2153352E-01,3.64258E+00,3.99414E+00
-3.2151504E-01,3.64258E+00,3.95508E+00
-3.2149656E-01,3.66211E+00,3.99414E+00
-3.2147808E-01,3.66211E+00,3.95508E+00
-3.2145960E-01,3.66211E+00,3.93555E+00
-3.2144112E-01,3.64258E+00,3.91602E+00
-3.2142264E-01,3.64258E+00,4.05273E+00
-3.2140416E-01,3.64258E+00,3.89648E+00
-3.2138568E-01,3.64258E+00,4.01367E+00
-3.2136720E-01,3.60352E+00,3.95508E+00
-3.2134872E-01,3.60352E+00,3.93555E+00
-3.2133024E-01,3.62305E+00,3.99414E+00
-3.2131176E-01,3.58398E+00,4.01367E+00
-3.2129328E-01,3.58398E+00,3.93555E+00
-3.2127480E-01,3.58398E+00,3.99414E+00
-3.2125632E-01,3.64258E+00,3.99414E+00
-3.2123784E-01,3.60352E+00,4.01367E+00
-3.2121936E-01,3.68164E+00,3.97461E+00
-3.2120088E-01,3.64258E+00,4.01367E+00
-3.2118240E-01,3.70117E+00,3.95508E+00
-3.2116392E-01,3.64258E+00,3.97461E+00
-3.2114544E-01,3.66211E+00,3.95508E+00
-3.2112696E-01,3.68164E+00,3.97461E+00
-3.2110848E-01,3.60352E+00,3.95508E+00
-3.2109000E-01,3.68164E+00,3.99414E+00
-3.2107152E-01,3.64258E+00,3.93555E+00
-3.2105304E-01,3.64258E+00,4.01367E+00
-3.2103456E-01,3.75977E+00,3.97461E+00
-3.2101608E-01,3.60352E+00,3.99414E+00
-3.2099760E-01,3.60352E+00,3.95508E+00
-3.2097912E-01,3.58398E+00,3.95508E+00
-3.2096064E-01,3.70117E+00,3.95508E+00
-3.2094216E-01,3.62305E+00,4.01367E+00
-3.2092368E-01,3.64258E+00,3.99414E+00
-3.2090520E-01,3.64258E+00,4.01367E+00
-3.2088672E-01,3.68164E+00,3.95508E+00
-3.2086824E-01,3.64258E+00,4.01367E+00
-3.2084976E-01,3.62305E+00,3.95508E+00
-3.2083128E-01,3.64258E+00,4.01367E+00
-3.2081280E-01,3.66211E+00,3.91602E+00
-3.2079432E-01,3.64258E+00,4.01367E+00
-3.2077584E-01,3.64258E+00,3.99414E+00
-3.2075736E-01,3.64258E+00,4.05273E+00
-3.2073888E-01,3.68164E+00,3.99414E+00
-3.2072040E-01,3.64258E+00,4.01367E+00
-3.2070192E-01,3.70117E+00,3.95508E+00
-3.2068344E-01,3.60352E+00,4.01367E+00
-3.2066496E-01,3.62305E+00,3.99414E+00
-3.2064648E-01,3.62305E+00,3.99414E+00
-3.2062800E-01,3.68164E+00,3.97461E+00
-3.2060952E-01,3.68164E+00,3.99414E+00
-3.2059104E-01,3.66211E+00,3.97461E+00
-3.2057256E-01,3.66211E+00,3.99414E+00
-3.2055408E-01,3.72070E+00,3.99414E+00
-3.2053560E-01,3.58398E+00,4.07227E+00
-3.2051712E-01,3.62305E+00,4.01367E+00
-3.2049864E-01,3.66211E+00,3.99414E+00
-3.2048016E-01,3.72070E+00,3.93555E+00
-3.2046168E-01,3.64258E+00,4.05273E+00
-3.2044320E-01,3.62305E+00,4.01367E+00
-3.2042472E-01,3.58398E+00,4.01367E+00
-3.2040624E-01,3.66211E+00,3.97461E+00
-3.2038776E-01,3.64258E+00,4.05273E+00
-3.2036928E-01,3.68164E+00,3.99414E+00
-3.2035080E-01,3.66211E+00,3.99414E+00
-3.2033232E-01,3.70117E+00,3.97461E+00
-3.2031384E-01,3.64258E+00,3.99414E+00
-3.2029536E-01,3.72070E+00,3.99414E+00
-3.2027688E-01,3.64258E+00,3.97461E+00
-3.2025840E-01,3.66211E+00,3.97461E+00
-3.2023992E-01,3.68164E+00,4.07227E+00
-3.2022144E-01,3.66211E+00,4.05273E+00
-3.2020296E-01,3.62305E+00,3.93555E+00
-3.2018448E-01,3.72070E+00,3.99414E+00
-3.2016600E-01,3.68164E+00,4.01367E+00
-3.2014752E-01,3.62305E+00,3.95508E+00
-3.2012904E-01,3.66211E+00,3.97461E+00
-3.2011056E-01,3.66211E+00,3.97461E+00
-3.2009208E-01,3.62305E+00,4.05273E+00
-3.2007360E-01,3.66211E+00,3.97461E+00
-3.2005512E-01,3.66211E+00,3.99414E+00
-3.2003664E-01,3.64258E+00,3.95508E+00
-3.2001816E-01,3.72070E+00,3.99414E+00
-3.1999968E-01,3.62305E+00,3.97461E+00
-3.1998120E-01,3.68164E+00,4.01367E+00
-3.1996272E-01,3.62305E+00,3.95508E+00
-3.1994424E-01,3.64258E+00,3.99414E+00
-3.1992576E-01,3.70117E+00,3.95508E+00
-3.1990728E-01,3.72070E+00,3.97461E+00
-3.1988880E-01,3.62305E+00,3.97461E+00
-3.1987032E-01,3.66211E+00,3.99414E+00
-3.1985184E-01,3.64258E+00,3.99414E+00
-3.1983336E-01,3.64258E+00,4.07227E+00
-3.1981488E-01,3.68164E+00,3.97461E+00
-3.1979640E-01,3.56445E+00,3.97461E+00
-3.1977792E-01,3.60352E+00,4.03320E+00
-3.1975944E-01,3.68164E+00,3.99414E+00
-3.1974096E-01,3.68164E+00,3.95508E+00
-3.1972248E-01,3.64258E+00,4.03320E+00
-3.1970400E-01,3.68164E+00,3.95508E+00
-3.1968552E-01,3.62305E+00,4.01367E+00
-3.1966704E-01,3.62305E+00,3.99414E+00
-3.1964856E-01,3.66211E+00,3.99414E+00
-3.1963008E-01,3.70117E+00,3.95508E+00
-3.1961160E-01,3.58398E+00,4.03320E+00
-3.1959312E-01,3.64258E+00,3.95508E+00
-3.1957464E-01,3.64258E+00,3.95508E+00
-3.1955616E-01,3.64258E+00,3.97461E+00
-3.1953768E-01,3.66211E+00,3.99414E+00
-3.1951920E-01,3.70117E+00,3.97461E+00
-3.1950072E-01,3.58398E+00,3.95508E+00
-3.1948224E-01,3.66211E+00,3.99414E+00
-3.1946376E-01,3.68164E+00,3.97461E+00
-3.1944528E-01,3.66211E+00,4.05273E+00
-3.1942680E-01,3.64258E+00,4.05273E+00
-3.1940832E-01,3.74023E+00,4.01367E+00
-3.1938984E-01,3.58398E+00,4.01367E+00
-3.1937136E-01,3.72070E+00,3.95508E+00
-3.1935288E-01,3.60352E+00,4.05273E+00
-3.1933440E-01,3.62305E+00,3.99414E+00
-3.1931592E-01,3.62305E+00,4.03320E+00
-3.1929744E-01,3.70117E+00,4.01367E+00
-3.1927896E-01,3.60352E+00,3.93555E+00
-3.1926048E-01,3.62305E+00,3.97461E+00
-3.1924200E-01,3.70117E+00,4.05273E+00
-3.1922352E-01,3.70117E+00,3.99414E+00
-3.1920504E-01,3.72070E+00,4.03320E+00
-3.1918656E-01,3.66211E+00,3.99414E+00
-3.1916808E-01,3.64258E+00,3.97461E+00
-3.1914960E-01,3.70117E+00,4.01367E+00
-3.1913112E-01,3.60352E+00,3.95508E+00
-3.1911264E-01,3.60352E+00,3.97461E+00
-3.1909416E-01,3.64258E+00,4.03320E+00
-3.1907568E-01,3.62305E+00,3.95508E+00
-3.1905720E-01,3.64258E+00,4.01367E+00
-3.1903872E-01,3.66211E+00,4.01367E+00
-3.1902024E-01,3.68164E+00,4.05273E+00
-3.1900176E-01,3.68164E+00,4.01367E+00
-3.1898328E-01,3.70117E+00,4.05273E+00
-3.1896480E-01,3.62305E+00,3.99414E+00
-3.1894632E-01,3.66211E+00,3.97461E+00
-3.1892784E-01,3.58398E+00,4.01367E+00
-3.1890936E-01,3.64258E+00,4.07227E+00
-3.1889088E-01,3.66211E+00,3.93555E+00
-3.1887240E-01,3.62305E+00,4.05273E+00
-3.1885392E-01,3.64258E+00,3.99414E+00
-3.1883544E-01,3.66211E+00,3.97461E+00
-3.1881696E-01,3.68164E+00,3.95508E+00
-3.1879848E-01,3.66211E+00,3.99414E+00
-3.1878000E-01,3.74023E+00,4.03320E+00
-3.1876152E-01,3.64258E+00,4.03320E+00
-3.1874304E-01,3.62305E+00,4.01367E+00
-3.1872456E-01,3.64258E+00,3.97461E+00
-3.1870608E-01,3.62305E+00,3.95508E+00
-3.1868760E-01,3.68164E+00,4.01367E+00
-3.1866912E-01,3.70117E+00,3.97461E+00
-3.1865064E-01,3.64258E+00,3.97461E+00
-3.1863216E-01,3.72070E+00,3.99414E+00
-3.1861368E-01,3.66211E+00,3.99414E+00
-3.1859520E-01,3.66211E+00,3.99414E+00
-3.1857672E-01,3.68164E+00,4.01367E+00
-3.1855824E-01,3.60352E+00,3.99414E+00
-3.1853976E-01,3.68164E+00,4.01367E+00
-3.1852128E-01,3.66211E+00,3.93555E+00
-3.1850280E-01,3.66211E+00,4.05273E+00
-3.1848432E-01,3.72070E+00,3.95508E+00
-3.1846584E-01,3.70117E+00,3.97461E+00
-3.1844736E-01,3.74023E+00,3.99414E+00
-3.1842888E-01,3.64258E+00,4.05273E+00
-3.1841040E-01,3.68164E+00,4.01367E+00
-3.1839192E-01,3.58398E+00,4.09180E+00
-3.1837344E-01,3.60352E+00,4.01367E+00
-3.1835496E-01,3.64258E+00,4.01367E+00
-3.1833648E-01,3.70117E+00,3.95508E+00
-3.1831800E-01,3.64258E+00,4.07227E+00
-3.1829952E-01,3.64258E+00,3.99414E+00
-3.1828104E-01,3.68164E+00,4.03320E+00
-3.1826256E-01,3.68164E+00,3.99414E+00
-3.1824408E-01,3.60352E+00,3.97461E+00
-3.1822560E-01,3.72070E+00,4.09180E+00
-3.1820712E-01,3.64258E+00,4.09180E+00
-3.1818864E-01,3.68164E+00,3.95508E+00
-3.1817016E-01,3.58398E+00,4.03320E+00
-3.1815168E-01,3.70117E+00,3.99414E+00
-3.1813320E-01,3.66211E+00,3.99414E+00
-3.1811472E-01,3.68164E+00,4.01367E+00
-3.1809624E-01,3.62305E+00,4.07227E+00
-3.1807776E-01,3.66211E+00,3.95508E+00
-3.1805928E-01,3.64258E+00,4.01367E+00
-3.1804080E-01,3.66211E+00,4.01367E+00
-3.1802232E-01,3.62305E+00,4.03320E+00
-3.1800384E-01,3.64258E+00,3.97461E+00
-3.1798536E-01,3.64258E+00,4.01367E+00
-3.1796688E-01,3.72070E+00,4.01367E+00
-3.1794840E-01,3.64258E+00,4.07227E+00
-3.1792992E-01,3.70117E+00,4.01367E+00
-3.1791144E-01,3.66211E+00,4.03320E+00
-3.1789296E-01,3.60352E+00,4.01367E+00
-3.1787448E-01,3.72070E+00,4.07227E+00
-3.1785600E-01,3.66211E+00,4.01367E+00
-3.1783752E-01,3.66211E+00,4.07227E+00
-3.1781904E-01,3.72070E+00,3.99414E+00
-3.1780056E-01,3.62305E+00,4.05273E+00
-3.1778208E-01,3.62305E+00,4.07227E+00
-3.1776360E-01,3.64258E+00,4.05273E+00
-3.1774512E-01,3.66211E+00,4.03320E+00
-3.1772664E-01,3.64258E+00,4.01367E+00
-3.1770816E-01,3.68164E+00,3.95508E+00
-3.1768968E-01,3.68164E+00,4.03320E+00
-3.1767120E-01,3.68164E+00,3.97461E+00
-3.1765272E-01,3.64258E+00,4.05273E+00
-3.1763424E-01,3.70117E+00,3.97461E+00
-3.1761576E-01,3.64258E+00,4.03320E+00
-3.1759728E-01,3.70117E+00,4.05273E+00
-3.1757880E-01,3.72070E+00,4.11133E+00
-3.1756032E-01,3.66211E+00,4.01367E+00
-3.1754184E-01,3.68164E+00,4.07227E+00
-3.1752336E-01,3.72070E+00,4.01367E+00
-3.1750488E-01,3.58398E+00,4.03320E+00
-3.1748640E-01,3.60352E+00,3.99414E+00
-3.1746792E-01,3.60352E+00,3.99414E+00
-3.1744944E-01,3.75977E+00,3.97461E+00
-3.1743096E-01,3.66211E+00,4.05273E+00
-3.1741248E-01,3.66211E+00,3.99414E+00
-3.1739400E-01,3.64258E+00,4.07227E+00
-3.1737552E-01,3.66211E+00,3.99414E+00
-3.1735704E-01,3.66211E+00,4.05273E+00
-3.1733856E-01,3.66211E+00,4.07227E+00
-3.1732008E-01,3.72070E+00,4.07227E+00
-3.1730160E-01,3.66211E+00,3.99414E+00
-3.1728312E-01,3.60352E+00,4.03320E+00
-3.1726464E-01,3.70117E+00,4.01367E+00
-3.1724616E-01,3.66211E+00,4.11133E+00
-3.1722768E-01,3.68164E+00,4.05273E+00
-3.1720920E-01,3.64258E+00,4.07227E+00
-3.1719072E-01,3.68164E+00,4.01367E+00
-3.1717224E-01,3.64258E+00,4.03320E+00
-3.1715376E-01,3.64258E+00,3.97461E+00
-3.1713528E-01,3.68164E+00,4.03320E+00
-3.1711680E-01,3.68164E+00,3.97461E+00
-3.1709832E-01,3.64258E+00,4.05273E+00
-3.1707984E-01,3.68164E+00,4.01367E+00
-3.1706136E-01,3.64258E+00,4.07227E+00
-3.1704288E-01,3.70117E+00,4.07227E+00
-3.1702440E-01,3.60352E+00,4.07227E+00
-3.1700592E-01,3.60352E+00,4.05273E+00
-3.1698744E-01,3.64258E+00,4.05273E+00
-3.1696896E-01,3.68164E+00,4.07227E+00
-3.1695048E-01,3.66211E+00,4.07227E+00
-3.1693200E-01,3.70117E+00,4.01367E+00
-3.1691352E-01,3.70117E+00,4.05273E+00
-3.1689504E-01,3.64258E+00,4.07227E+00
-3.1687656E-01,3.68164E+00,4.11133E+00
-3.1685808E-01,3.60352E+00,4.03320E+00
-3.1683960E-01,3.70117E+00,4.09180E+00
-3.1682112E-01,3.72070E+00,4.03320E+00
-3.1680264E-01,3.64258E+00,4.01367E+00
-3.1678416E-01,3.70117E+00,4.01367E+00
-3.1676568E-01,3.70117E+00,4.11133E+00
-3.1674720E-01,3.64258E+00,4.01367E+00
-3.1672872E-01,3.64258E+00,4.03320E+00
-3.1671024E-01,3.68164E+00,3.99414E+00
-3.1669176E-01,3.66211E+00,4.07227E+00
-3.1667328E-01,3.70117E+00,3.99414E+00
-3.1665480E-01,3.66211E+00,4.07227E+00
-3.1663632E-01,3.64258E+00,3.99414E+00
-3.1661784E-01,3.70117E+00,4.01367E+00
-3.1659936E-01,3.62305E+00,3.95508E+00
-3.1658088E-01,3.64258E+00,4.01367E+00
-3.1656240E-01,3.70117E+00,3.97461E+00
-3.1654392E-01,3.68164E+00,3.99414E+00
-3.1652544E-01,3.60352E+00,4.05273E+00
-3.1650696E-01,3.68164E+00,4.05273E+00
-3.1648848E-01,3.66211E+00,4.03320E+00
-3.1647000E-01,3.72070E+00,3.95508E+00
-3.1645152E-01,3.72070E+00,4.01367E+00
-3.1643304E-01,3.64258E+00,4.01367E+00
-3.1641456E-01,3.66211E+00,4.03320E+00
-3.1639608E-01,3.70117E+00,4.05273E+00
-3.1637760E-01,3.64258E+00,4.01367E+00
-3.1635912E-01,3.66211E+00,4.03320E+00
-3.1634064E-01,3.68164E+00,4.01367E+00
-3.1632216E-01,3.66211E+00,4.03320E+00
-3.1630368E-01,3.64258E+00,4.03320E+00
-3.1628520E-01,3.70117E+00,4.03320E+00
-3.1626672E-01,3.62305E+00,4.01367E+00
-3.1624824E-01,3.64258E+00,4.05273E+00
-3.1622976E-01,3.62305E+00,4.01367E+00
-3.1621128E-01,3.70117E+00,4.05273E+00
-3.1619280E-01,3.68164E+00,4.03320E+00
-3.1617432E-01,3.66211E+00,4.07227E+00
-3.1615584E-01,3.66211E+00,4.05273E+00
-3.1613736E-01,3.66211E+00,4.01367E+00
-3.1611888E-01,3.72070E+00,4.01367E+00
-3.1610040E-01,3.68164E+00,4.11133E+00
-3.1608192E-01,3.66211E+00,3.99414E+00
-3.1606344E-01,3.64258E+00,4.05273E+00
-3.1604496E-01,3.72070E+00,4.01367E+00
-3.1602648E-01,3.66211E+00,4.09180E+00
-3.1600800E-01,3.74023E+00,4.01367E+00
-3.1598952E-01,3.60352E+00,4.13086E+00
-3.1597104E-01,3.72070E+00,4.05273E+00
-3.1595256E-01,3.70117E+00,4.09180E+00
-3.1593408E-01,3.64258E+00,4.03320E+00
-3.1591560E-01,3.66211E+00,4.07227E+00
-3.1589712E-01,3.72070E+00,3.99414E+00
-3.1587864E-01,3.64258E+00,4.07227E+00
-3.1586016E-01,3.68164E+00,4.05273E+00
-3.1584168E-01,3.72070E+00,4.07227E+00
-3.1582320E-01,3.72070E+00,4.01367E+00
-3.1580472E-01,3.64258E+00,4.03320E+00
-3.1578624E-01,3.66211E+00,4.03320E+00
-3.1576776E-01,3.70117E+00,4.07227E+00
-3.1574928E-01,3.72070E+00,4.03320E+00
-3.1573080E-01,3.64258E+00,4.07227E+00
-3.1571232E-01,3.64258E+00,3.95508E+00
-3.1569384E-01,3.66211E+00,4.03320E+00
-3.1567536E-01,3.60352E+00,4.05273E+00
-3.1565688E-01,3.68164E+00,4.07227E+00
-3.1563840E-01,3.72070E+00,4.01367E+00
-3.1561992E-01,3.62305E+00,4.09180E+00
-3.1560144E-01,3.72070E+00,4.03320E+00
-3.1558296E-01,3.68164E+00,4.07227E+00
-3.1556448E-01,3.70117E+00,3.99414E+00
-3.1554600E-01,3.66211E+00,4.03320E+00
-3.1552752E-01,3.64258E+00,3.99414E+00
-3.1550904E-01,3.66211E+00,4.09180E+00
-3.1549056E-01,3.70117E+00,4.03320E+00
-3.1547208E-01,3.66211E+00,4.07227E+00
-3.1545360E-01,3.64258E+00,4.07227E+00
-3.1543512E-01,3.68164E+00,4.05273E+00
-3.1541664E-01,3.70117E+00,4.05273E+00
-3.1539816E-01,3.62305E+00,4.07227E+00
-3.1537968E-01,3.64258E+00,4.03320E+00
-3.1536120E-01,3.66211E+00,4.13086E+00
-3.1534272E-01,3.66211E+00,4.03320E+00
-3.1532424E-01,3.66211E+00,4.07227E+00
-3.1530576E-01,3.72070E+00,4.01367E+00
-3.1528728E-01,3.68164E+00,4.09180E+00
-3.1526880E-01,3.64258E+00,3.99414E+00
-3.1525032E-01,3.70117E+00,4.03320E+00
-3.1523184E-01,3.74023E+00,4.03320E+00
-3.1521336E-01,3.68164E+00,4.05273E+00
-3.1519488E-01,3.70117E+00,4.03320E+00
-3.1517640E-01,3.66211E+00,4.05273E+00
-3.1515792E-01,3.66211E+00,4.09180E+00
-3.1513944E-01,3.68164E+00,4.07227E+00
-3.1512096E-01,3.68164E+00,4.07227E+00
-3.1510248E-01,3.66211E+00,4.01367E+00
-3.1508400E-01,3.70117E+00,4.07227E+00
-3.1506552E-01,3.70117E+00,4.07227E+00
-3.1504704E-01,3.72070E+00,4.03320E+00
-3.1502856E-01,3.66211E+00,4.05273E+00
-3.1501008E-01,3.60352E+00,4.03320E+00
-3.1499160E-01,3.60352E+00,4.09180E+00
-3.1497312E-01,3.77930E+00,4.01367E+00
-3.1495464E-01,3.70117E+00,4.09180E+00
-3.1493616E-01,3.70117E+00,4.03320E+00
-3.1491768E-01,3.70117E+00,4.13086E+00
-3.1489920E-01,3.60352E+00,4.05273E+00
-3.1488072E-01,3.66211E+00,4.15039E+00
-3.1486224E-01,3.72070E+00,4.07227E+00
-3.1484376E-01,3.72070E+00,4.07227E+00
-3.1482528E-01,3.68164E+00,4.09180E+00
-3.1480680E-01,3.66211E+00,4.05273E+00
-3.1478832E-01,3.62305E+00,4.05273E+00
-3.1476984E-01,3.68164E+00,4.03320E+00
-3.1475136E-01,3.70117E+00,4.05273E+00
-3.1473288E-01,3.68164E+00,4.07227E+00
-3.1471440E-01,3.70117E+00,4.03320E+00
-3.1469592E-01,3.66211E+00,4.07227E+00
-3.1467744E-01,3.72070E+00,4.03320E+00
-3.1465896E-01,3.72070E+00,4.03320E+00
-3.1464048E-01,3.72070E+00,3.99414E+00
-3.1462200E-01,3.66211E+00,4.07227E+00
-3.1460352E-01,3.68164E+00,4.03320E+00
-3.1458504E-01,3.72070E+00,4.09180E+00
-3.1456656E-01,3.64258E+00,4.07227E+00
-3.1454808E-01,3.56445E+00,4.03320E+00
-3.1452960E-01,3.66211E+00,4.03320E+00
-3.1451112E-01,3.70117E+00,4.01367E+00
-3.1449264E-01,3.60352E+00,4.07227E+00
-3.1447416E-01,3.60352E+00,4.03320E+00
-3.1445568E-01,3.64258E+00,4.07227E+00
-3.1443720E-01,3.64258E+00,4.15039E+00
-3.1441872E-01,3.70117E+00,4.01367E+00
-3.1440024E-01,3.72070E+00,4.09180E+00
-3.1438176E-01,3.68164E+00,4.01367E+00
-3.1436328E-01,3.72070E+00,4.07227E+00
-3.1434480E-01,3.72070E+00,4.03320E+00
-3.1432632E-01,3.62305E+00,4.09180E+00
-3.1430784E-01,3.70117E+00,4.09180E+00
-3.1428936E-01,3.64258E+00,4.07227E+00
-3.1427088E-01,3.70117E+00,4.01367E+00
-3.1425240E-01,3.70117E+00,4.09180E+00
-3.1423392E-01,3.72070E+00,4.01367E+00
-3.1421544E-01,3.72070E+00,4.11133E+00
-3.1419696E-01,3.70117E+00,4.03320E+00
-3.1417848E-01,3.64258E+00,4.09180E+00
-3.1416000E-01,3.68164E+00,4.09180E+00
-3.1414152E-01,3.64258E+00,4.15039E+00
-3.1412304E-01,3.70117E+00,4.07227E+00
-3.1410456E-01,3.60352E+00,4.07227E+00
-3.1408608E-01,3.64258E+00,4.01367E+00
-3.1406760E-01,3.64258E+00,4.09180E+00
-3.1404912E-01,3.70117E+00,4.13086E+00
-3.1403064E-01,3.62305E+00,4.07227E+00
-3.1401216E-01,3.68164E+00,4.13086E+00
-3.1399368E-01,3.70117E+00,4.11133E+00
-3.1397520E-01,3.64258E+00,4.03320E+00
-3.1395672E-01,3.70117E+00,4.07227E+00
-3.1393824E-01,3.68164E+00,4.07227E+00
-3.1391976E-01,3.68164E+00,4.09180E+00
-3.1390128E-01,3.74023E+00,4.03320E+00
-3.1388280E-01,3.72070E+00,4.13086E+00
-3.1386432E-01,3.66211E+00,4.05273E+00
-3.1384584E-01,3.70117E+00,4.09180E+00
-3.1382736E-01,3.72070E+00,4.03320E+00
-3.1380888E-01,3.66211E+00,4.13086E+00
-3.1379040E-01,3.74023E+00,4.05273E+00
-3.1377192E-01,3.64258E+00,4.13086E+00
-3.1375344E-01,3.66211E+00,4.11133E+00
-3.1373496E-01,3.72070E+00,4.07227E+00
-3.1371648E-01,3.68164E+00,3.97461E+00
-3.1369800E-01,3.68164E+00,4.09180E+00
-3.1367952E-01,3.72070E+00,4.03320E+00
-3.1366104E-01,3.58398E+00,4.15039E+00
-3.1364256E-01,3.75977E+00,4.03320E+00
-3.1362408E-01,3.62305E+00,4.09180E+00
-3.1360560E-01,3.62305E+00,4.07227E+00
-3.1358712E-01,3.66211E+00,4.09180E+00
-3.1356864E-01,3.68164E+00,4.05273E+00
-3.1355016E-01,3.64258E+00,4.09180E+00
-3.1353168E-01,3.72070E+00,4.01367E+00
-3.1351320E-01,3.75977E+00,4.11133E+00
-3.1349472E-01,3.72070E+00,4.07227E+00
-3.1347624E-01,3.72070E+00,4.07227E+00
-3.1345776E-01,3.66211E+00,4.07227E+00
-3.1343928E-01,3.64258E+00,4.03320E+00
-3.1342080E-01,3.66211E+00,4.07227E+00
-3.1340232E-01,3.66211E+00,4.07227E+00
-3.1338384E-01,3.74023E+00,4.03320E+00
-3.1336536E-01,3.68164E+00,4.01367E+00
-3.1334688E-01,3.72070E+00,4.05273E+00
-3.1332840E-01,3.68164E+00,4.09180E+00
-3.1330992E-01,3.70117E+00,4.07227E+00
-3.1329144E-01,3.66211E+00,4.15039E+00
-3.1327296E-01,3.70117E+00,4.05273E+00
-3.1325448E-01,3.68164E+00,4.13086E+00
-3.1323600E-01,3.79883E+00,4.03320E+00
-3.1321752E-01,3.72070E+00,4.20898E+00
-3.1319904E-01,3.70117E+00,4.07227E+00
-3.1318056E-01,3.66211E+00,4.09180E+00
-3.1316208E-01,3.68164E+00,3.99414E+00
-3.1314360E-01,3.64258E+00,4.11133E+00
-3.1312512E-01,3.66211E+00,4.05273E+00
-3.1310664E-01,3.64258E+00,4.07227E+00
-3.1308816E-01,3.75977E+00,4.07227E+00
-3.1306968E-01,3.62305E+00,4.09180E+00
-3.1305120E-01,3.68164E+00,4.03320E+00
-3.1303272E-01,3.66211E+00,4.07227E+00
-3.1301424E-01,3.74023E+00,4.05273E+00
-3.1299576E-01,3.58398E+00,4.09180E+00
-3.1297728E-01,3.70117E+00,4.05273E+00
-3.1295880E-01,3.70117E+00,4.09180E+00
-3.1294032E-01,3.66211E+00,4.09180E+00
-3.1292184E-01,3.62305E+00,4.07227E+00
-3.1290336E-01,3.68164E+00,4.11133E+00
-3.1288488E-01,3.60352E+00,4.09180E+00
-3.1286640E-01,3.68164E+00,4.01367E+00
-3.1284792E-01,3.66211E+00,4.15039E+00
-3.1282944E-01,3.68164E+00,4.11133E+00
-3.1281096E-01,3.68164E+00,4.03320E+00
-3.1279248E-01,3.68164E+00,4.03320E+00
-3.1277400E-01,3.68164E+00,4.13086E+00
-3.1275552E-01,3.66211E+00,4.09180E+00
-3.1273704E-01,3.66211E+00,4.09180E+00
-3.1271856E-01,3.68164E+00,4.05273E+00
-3.1270008E-01,3.72070E+00,4.15039E+00
-3.1268160E-01,3.74023E+00,4.09180E+00
-3.1266312E-01,3.68164E+00,4.18945E+00
-3.1264464E-01,3.70117E+00,4.09180E+00
-3.1262616E-01,3.64258E+00,4.11133E+00
-3.1260768E-01,3.72070E+00,4.09180E+00
-3.1258920E-01,3.66211E+00,4.09180E+00
-3.1257072E-01,3.72070E+00,4.09180E+00
-3.1255224E-01,3.66211E+00,4.11133E+00
-3.1253376E-01,3.66211E+00,4.03320E+00
-3.1251528E-01,3.74023E+00,4.11133E+00
-3.1249680E-01,3.58398E+00,4.05273E+00
-3.1247832E-01,3.62305E+00,4.09180E+00
-3.1245984E-01,3.68164E+00,4.07227E+00
-3.1244136E-01,3.66211E+00,4.11133E+00
-3.1242288E-01,3.68164E+00,4.07227E+00
-3.1240440E-01,3.74023E+00,4.09180E+00
-3.1238592E-01,3.68164E+00,4.09180E+00
-3.1236744E-01,3.64258E+00,4.09180E+00
-3.1234896E-01,3.72070E+00,4.03320E+00
-3.1233048E-01,3.66211E+00,4.09180E+00
-3.1231200E-01,3.62305E+00,4.07227E+00
-3.1229352E-01,3.60352E+00,4.09180E+00
-3.1227504E-01,3.74023E+00,4.09180E+00
-3.1225656E-01,3.72070E+00,4.13086E+00
-3.1223808E-01,3.72070E+00,4.07227E+00
-3.1221960E-01,3.72070E+00,4.11133E+00
-3.1220112E-01,3.70117E+00,4.07227E+00
-3.1218264E-01,3.72070E+00,4.07227E+00
-3.1216416E-01,3.64258E+00,4.09180E+00
-3.1214568E-01,3.72070E+00,4.11133E+00
-3.1212720E-01,3.72070E+00,4.07227E+00
-3.1210872E-01,3.70117E+00,4.11133E+00
-3.1209024E-01,3.70117E+00,4.09180E+00
-3.1207176E-01,3.74023E+00,4.11133E+00
-3.1205328E-01,3.74023E+00,4.07227E+00
-3.1203480E-01,3.64258E+00,4.11133E+00
-3.1201632E-01,3.64258E+00,4.09180E+00
-3.1199784E-01,3.66211E+00,4.11133E+00
-3.1197936E-01,3.72070E+00,4.09180E+00
-3.1196088E-01,3.66211E+00,4.09180E+00
-3.1194240E-01,3.68164E+00,4.07227E+00
-3.1192392E-01,3.62305E+00,4.09180E+00
-3.1190544E-01,3.70117E+00,4.11133E+00
-3.1188696E-01,3.66211E+00,4.09180E+00
-3.1186848E-01,3.68164E+00,4.11133E+00
-3.1185000E-01,3.68164E+00,4.18945E+00
-3.1183152E-01,3.66211E+00,4.05273E+00
-3.1181304E-01,3.72070E+00,4.18945E+00
-3.1179456E-01,3.72070E+00,4.09180E+00
-3.1177608E-01,3.70117E+00,4.15039E+00
-3.1175760E-01,3.70117E+00,4.07227E+00
-3.1173912E-01,3.66211E+00,4.13086E+00
-3.1172064E-01,3.74023E+00,4.09180E+00
-3.1170216E-01,3.68164E+00,4.16992E+00
-3.1168368E-01,3.68164E+00,4.09180E+00
-3.1166520E-01,3.70117E+00,4.15039E+00
-3.1164672E-01,3.70117E+00,4.07227E+00
-3.1162824E-01,3.64258E+00,4.09180E+00
-3.1160976E-01,3.70117E+00,4.05273E+00
-3.1159128E-01,3.64258E+00,4.13086E+00
-3.1157280E-01,3.66211E+00,4.03320E+00
-3.1155432E-01,3.58398E+00,4.09180E+00
-3.1153584E-01,3.60352E+00,4.11133E+00
-3.1151736E-01,3.70117E+00,4.09180E+00
-3.1149888E-01,3.68164E+00,4.09180E+00
-3.1148040E-01,3.70117E+00,4.11133E+00
-3.1146192E-01,3.70117E+00,4.09180E+00
-3.1144344E-01,3.74023E+00,4.13086E+00
-3.1142496E-01,3.79883E+00,4.15039E+00
-3.1140648E-01,3.70117E+00,4.09180E+00
-3.1138800E-01,3.70117E+00,4.11133E+00
-3.1136952E-01,3.66211E+00,4.13086E+00
-3.1135104E-01,3.70117E+00,4.07227E+00
-3.1133256E-01,3.75977E+00,4.15039E+00
-3.1131408E-01,3.64258E+00,4.15039E+00
-3.1129560E-01,3.68164E+00,4.07227E+00
-3.1127712E-01,3.74023E+00,4.07227E+00
-3.1125864E-01,3.70117E+00,4.13086E+00
-3.1124016E-01,3.72070E+00,4.07227E+00
-3.1122168E-01,3.74023E+00,4.13086E+00
-3.1120320E-01,3.72070E+00,4.13086E+00
-3.1118472E-01,3.68164E+00,4.07227E+00
-3.1116624E-01,3.75977E+00,4.09180E+00
-3.1114776E-01,3.64258E+00,4.11133E+00
-3.1112928E-01,3.70117E+00,4.09180E+00
-3.1111080E-01,3.74023E+00,4.15039E+00
-3.1109232E-01,3.75977E+00,4.09180E+00
-3.1107384E-01,3.66211E+00,4.09180E+00
-3.1105536E-01,3.72070E+00,4.05273E+00
-3.1103688E-01,3.70117E+00,4.09180E+00
-3.1101840E-01,3.68164E+00,4.01367E+00
-3.1099992E-01,3.72070E+00,4.09180E+00
-3.1098144E-01,3.70117E+00,4.09180E+00
-3.1096296E-01,3.70117E+00,4.13086E+00
-3.1094448E-01,3.72070E+00,4.09180E+00
-3.1092600E-01,3.68164E+00,4.11133E+00
-3.1090752E-01,3.68164E+00,4.07227E+00
-3.1088904E-01,3.70117E+00,4.13086E+00
-3.1087056E-01,3.66211E+00,4.05273E+00
-3.1085208E-01,3.60352E+00,4.20898E+00
-3.1083360E-01,3.70117E+00,4.09180E+00
-3.1081512E-01,3.72070E+00,4.15039E+00
-3.1079664E-01,3.72070E+00,4.11133E+00
-3.1077816E-01,3.66211E+00,4.18945E+00
-3.1075968E-01,3.70117E+00,4.11133E+00
-3.1074120E-01,3.62305E+00,4.09180E+00
-3.1072272E-01,3.70117E+00,4.01367E+00
-3.1070424E-01,3.68164E+00,4.16992E+00
-3.1068576E-01,3.72070E+00,4.11133E+00
-3.1066728E-01,3.70117E+00,4.15039E+00
-3.1064880E-01,3.70117E+00,4.11133E+00
-3.1063032E-01,3.72070E+00,4.15039E+00
-3.1061184E-01,3.72070E+00,4.09180E+00
-3.1059336E-01,3.68164E+00,4.13086E+00
-3.1057488E-01,3.68164E+00,4.09180E+00
-3.1055640E-01,3.66211E+00,4.16992E+00
-3.1053792E-01,3.60352E+00,4.11133E+00
-3.1051944E-01,3.72070E+00,4.09180E+00
-3.1050096E-01,3.72070E+00,4.09180E+00
-3.1048248E-01,3.74023E+00,4.15039E+00
-3.1046400E-01,3.70117E+00,4.09180E+00
-3.1044552E-01,3.70117E+00,4.20898E+00
-3.1042704E-01,3.68164E+00,4.09180E+00
-3.1040856E-01,3.72070E+00,4.09180E+00
-3.1039008E-01,3.70117E+00,4.09180E+00
-3.1037160E-01,3.70117E+00,4.11133E+00
-3.1035312E-01,3.68164E+00,4.15039E+00
-3.1033464E-01,3.64258E+00,4.15039E+00
-3.1031616E-01,3.70117E+00,4.09180E+00
-3.1029768E-01,3.70117E+00,4.18945E+00
-3.1027920E-01,3.70117E+00,4.09180E+00
-3.1026072E-01,3.68164E+00,4.15039E+00
-3.1024224E-01,3.74023E+00,4.07227E+00
-3.1022376E-01,3.70117E+00,4.11133E+00
-3.1020528E-01,3.70117E+00,4.11133E+00
-3.1018680E-01,3.66211E+00,4.18945E+00
-3.1016832E-01,3.72070E+00,4.11133E+00
-3.1014984E-01,3.68164E+00,4.16992E+00
-3.1013136E-01,3.72070E+00,4.09180E+00
-3.1011288E-01,3.72070E+00,4.13086E+00
-3.1009440E-01,3.72070E+00,4.07227E+00
-3.1007592E-01,3.68164E+00,4.15039E+00
-3.1005744E-01,3.72070E+00,4.15039E+00
-3.1003896E-01,3.70117E+00,4.07227E+00
-3.1002048E-01,3.72070E+00,4.07227E+00
-3.1000200E-01,3.72070E+00,4.11133E+00
-3.0998352E-01,3.68164E+00,4.11133E+00
-3.0996504E-01,3.64258E+00,4.11133E+00
-3.0994656E-01,3.68164E+00,4.11133E+00
-3.0992808E-01,3.72070E+00,4.09180E+00
-3.0990960E-01,3.74023E+00,4.09180E+00
-3.0989112E-01,3.66211E+00,4.15039E+00
-3.0987264E-01,3.72070E+00,4.05273E+00
-3.0985416E-01,3.75977E+00,4.16992E+00
-3.0983568E-01,3.72070E+00,4.09180E+00
-3.0981720E-01,3.66211E+00,4.11133E+00
-3.0979872E-01,3.75977E+00,4.15039E+00
-3.0978024E-01,3.72070E+00,4.05273E+00
-3.0976176E-01,3.64258E+00,4.15039E+00
-3.0974328E-01,3.66211E+00,4.18945E+00
-3.0972480E-01,3.72070E+00,4.09180E+00
-3.0970632E-01,3.72070E+00,4.18945E+00
-3.0968784E-01,3.72070E+00,4.11133E+00
-3.0966936E-01,3.72070E+00,4.13086E+00
-3.0965088E-01,3.70117E+00,4.07227E+00
-3.0963240E-01,3.74023E+00,4.15039E+00
-3.0961392E-01,3.68164E+00,4.13086E+00
-3.0959544E-01,3.64258E+00,4.11133E+00
-3.0957696E-01,3.72070E+00,4.11133E+00
-3.0955848E-01,3.62305E+00,4.20898E+00
-3.0954000E-01,3.72070E+00,4.11133E+00
-3.0952152E-01,3.64258E+00,4.18945E+00
-3.0950304E-01,3.72070E+00,4.09180E+00
-3.0948456E-01,3.70117E+00,4.16992E+00
-3.0946608E-01,3.70117E+00,4.15039E+00
-3.0944760E-01,3.64258E+00,4.20898E+00
-3.0942912E-01,3.68164E+00,4.07227E+00
-3.0941064E-01,3.72070E+00,4.18945E+00
-3.0939216E-01,3.70117E+00,4.07227E+00
-3.0937368E-01,3.62305E+00,4.13086E+00
-3.0935520E-01,3.66211E+00,4.05273E+00
-3.0933672E-01,3.72070E+00,4.18945E+00
-3.0931824E-01,3.70117E+00,4.09180E+00
-3.0929976E-01,3.72070E+00,4.15039E+00
-3.0928128E-01,3.72070E+00,4.09180E+00
-3.0926280E-01,3.66211E+00,4.09180E+00
-3.0924432E-01,3.70117E+00,4.13086E+00
-3.0922584E-01,3.74023E+00,4.18945E+00
-3.0920736E-01,3.72070E+00,4.09180E+00
-3.0918888E-01,3.64258E+00,4.16992E+00
-3.0917040E-01,3.70117E+00,4.09180E+00
-3.0915192E-01,3.60352E+00,4.20898E+00
-3.0913344E-01,3.70117E+00,4.09180E+00
-3.0911496E-01,3.62305E+00,4.16992E+00
-3.0909648E-01,3.75977E+00,4.09180E+00
-3.0907800E-01,3.64258E+00,4.15039E+00
-3.0905952E-01,3.72070E+00,4.11133E+00
-3.0904104E-01,3.70117E+00,4.09180E+00
-3.0902256E-01,3.70117E+00,4.13086E+00
-3.0900408E-01,3.70117E+00,4.13086E+00
-3.0898560E-01,3.72070E+00,4.11133E+00
-3.0896712E-01,3.70117E+00,4.11133E+00
-3.0894864E-01,3.66211E+00,4.11133E+00
-3.0893016E-01,3.72070E+00,4.16992E+00
-3.0891168E-01,3.72070E+00,4.15039E+00
-3.0889320E-01,3.68164E+00,4.13086E+00
-3.0887472E-01,3.68164E+00,4.09180E+00
-3.0885624E-01,3.66211E+00,4.13086E+00
-3.0883776E-01,3.68164E+00,4.09180E+00
-3.0881928E-01,3.68164E+00,4.15039E+00
-3.0880080E-01,3.72070E+00,4.15039E+00
-3.0878232E-01,3.70117E+00,4.18945E+00
-3.0876384E-01,3.70117E+00,4.15039E+00
-3.0874536E-01,3.68164E+00,4.16992E+00
-3.0872688E-01,3.68164E+00,4.15039E+00
-3.0870840E-01,3.64258E+00,4.15039E+00
-3.0868992E-01,3.75977E+00,4.15039E+00
-3.0867144E-01,3.70117E+00,4.15039E+00
-3.0865296E-01,3.72070E+00,4.11133E+00
-3.0863448E-01,3.66211E+00,4.18945E+00
-3.0861600E-01,3.68164E+00,4.07227E+00
-3.0859752E-01,3.74023E+00,4.16992E+00
-3.0857904E-01,3.70117E+00,4.11133E+00
-3.0856056E-01,3.72070E+00,4.15039E+00
-3.0854208E-01,3.77930E+00,4.15039E+00
-3.0852360E-01,3.70117E+00,4.15039E+00
-3.0850512E-01,3.70117E+00,4.09180E+00
-3.0848664E-01,3.68164E+00,4.20898E+00
-3.0846816E-01,3.64258E+00,4.11133E+00
-3.0844968E-01,3.72070E+00,4.11133E+00
-3.0843120E-01,3.70117E+00,4.13086E+00
-3.0841272E-01,3.75977E+00,4.15039E+00
-3.0839424E-01,3.72070E+00,4.13086E+00
-3.0837576E-01,3.66211E+00,4.13086E+00
-3.0835728E-01,3.70117E+00,4.15039E+00
-3.0833880E-01,3.70117E+00,4.16992E+00
-3.0832032E-01,3.72070E+00,4.11133E+00
-3.0830184E-01,3.70117E+00,4.11133E+00
-3.0828336E-01,3.74023E+00,4.11133E+00
-3.0826488E-01,3.72070E+00,4.11133E+00
-3.0824640E-01,3.70117E+00,4.15039E+00
-3.0822792E-01,3.68164E+00,4.15039E+00
-3.0820944E-01,3.75977E+00,4.11133E+00
-3.0819096E-01,3.72070E+00,4.11133E+00
-3.0817248E-01,3.66211E+00,4.15039E+00
-3.0815400E-01,3.64258E+00,4.20898E+00
-3.0813552E-01,3.72070E+00,4.15039E+00
-3.0811704E-01,3.56445E+00,4.15039E+00
-3.0809856E-01,3.72070E+00,4.15039E+00
-3.0808008E-01,3.72070E+00,4.15039E+00
-3.0806160E-01,3.72070E+00,4.15039E+00
-3.0804312E-01,3.70117E+00,4.18945E+00
-3.0802464E-01,3.77930E+00,4.15039E+00
-3.0800616E-01,3.68164E+00,4.18945E+00
-3.0798768E-01,3.74023E+00,4.09180E+00
-3.0796920E-01,3.70117E+00,4.16992E+00
-3.0795072E-01,3.75977E+00,4.15039E+00
-3.0793224E-01,3.70117E+00,4.22852E+00
-3.0791376E-01,3.75977E+00,4.15039E+00
-3.0789528E-01,3.70117E+00,4.16992E+00
-3.0787680E-01,3.68164E+00,4.13086E+00
-3.0785832E-01,3.70117E+00,4.22852E+00
-3.0783984E-01,3.72070E+00,4.09180E+00
-3.0782136E-01,3.66211E+00,4.18945E+00
-3.0780288E-01,3.72070E+00,4.11133E+00
-3.0778440E-01,3.72070E+00,4.20898E+00
-3.0776592E-01,3.72070E+00,4.13086E+00
-3.0774744E-01,3.68164E+00,4.22852E+00
-3.0772896E-01,3.72070E+00,4.15039E+00
-3.0771048E-01,3.68164E+00,4.18945E+00
-3.0769200E-01,3.75977E+00,4.13086E+00
-3.0767352E-01,3.72070E+00,4.16992E+00
-3.0765504E-01,3.72070E+00,4.11133E+00
-3.0763656E-01,3.66211E+00,4.22852E+00
-3.0761808E-01,3.72070E+00,4.15039E+00
-3.0759960E-01,3.64258E+00,4.11133E+00
-3.0758112E-01,3.77930E+00,4.11133E+00
-3.0756264E-01,3.68164E+00,4.24805E+00
-3.0754416E-01,3.79883E+00,4.16992E+00
-3.0752568E-01,3.72070E+00,4.15039E+00
-3.0750720E-01,3.70117E+00,4.13086E+00
-3.0748872E-01,3.70117E+00,4.18945E+00
-3.0747024E-01,3.66211E+00,4.11133E+00
-3.0745176E-01,3.64258E+00,4.15039E+00
-3.0743328E-01,3.68164E+00,4.15039E+00
-3.0741480E-01,3.68164E+00,4.16992E+00
-3.0739632E-01,3.72070E+00,4.13086E+00
-3.0737784E-01,3.66211E+00,4.16992E+00
-3.0735936E-01,3.62305E+00,4.13086E+00
-3.0734088E-01,3.72070E+00,4.22852E+00
-3.0732240E-01,3.72070E+00,4.11133E+00
-3.0730392E-01,3.64258E+00,4.22852E+00
-3.0728544E-01,3.70117E+00,4.15039E+00
-3.0726696E-01,3.72070E+00,4.16992E+00
-3.0724848E-01,3.75977E+00,4.15039E+00
-3.0723000E-01,3.75977E+00,4.16992E+00
-3.0721152E-01,3.72070E+00,4.15039E+00
-3.0719304E-01,3.72070E+00,4.15039E+00
-3.0717456E-01,3.75977E+00,4.16992E+00
-3.0715608E-01,3.77930E+00,4.20898E+00
-3.0713760E-01,3.70117E+00,4.16992E+00
-3.0711912E-01,3.70117E+00,4.16992E+00
-3.0710064E-01,3.74023E+00,4.15039E+00
-3.0708216E-01,3.64258E+00,4.16992E+00
-3.0706368E-01,3.70117E+00,4.15039E+00
-3.0704520E-01,3.72070E+00,4.18945E+00
-3.0702672E-01,3.75977E+00,4.13086E+00
-3.0700824E-01,3.75977E+00,4.22852E+00
-3.0698976E-01,3.72070E+00,4.15039E+00
-3.0697128E-01,3.77930E+00,4.16992E+00
-3.0695280E-01,3.72070E+00,4.09180E+00
-3.0693432E-01,3.72070E+00,4.18945E+00
-3.0691584E-01,3.70117E+00,4.11133E+00
-3.0689736E-01,3.62305E+00,4.24805E+00
-3.0687888E-01,3.72070E+00,4.18945E+00
-3.0686040E-01,3.64258E+00,4.22852E+00
-3.0684192E-01,3.72070E+00,4.09180E+00
-3.0682344E-01,3.72070E+00,4.18945E+00
-3.0680496E-01,3.72070E+00,4.13086E+00
-3.0678648E-01,3.70117E+00,4.16992E+00
-3.0676800E-01,3.75977E+00,4.18945E+00
-3.0674952E-01,3.77930E+00,4.22852E+00
-3.0673104E-01,3.66211E+00,4.15039E+00
-3.0671256E-01,3.72070E+00,4.16992E+00
-3.0669408E-01,3.68164E+00,4.15039E+00
-3.0667560E-01,3.66211E+00,4.16992E+00
-3.0665712E-01,3.72070E+00,4.15039E+00
-3.0663864E-01,3.66211E+00,4.20898E+00
-3.0662016E-01,3.70117E+00,4.20898E+00
-3.0660168E-01,3.68164E+00,4.20898E+00
-3.0658320E-01,3.68164E+00,4.15039E+00
-3.0656472E-01,3.66211E+00,4.16992E+00
-3.0654624E-01,3.66211E+00,4.07227E+00
-3.0652776E-01,3.64258E+00,4.18945E+00
-3.0650928E-01,3.72070E+00,4.13086E+00
-3.0649080E-01,3.64258E+00,4.13086E+00
-3.0647232E-01,3.72070E+00,4.16992E+00
-3.0645384E-01,3.72070E+00,4.18945E+00
-3.0643536E-01,3.70117E+00,4.16992E+00
-3.0641688E-01,3.72070E+00,4.20898E+00
-3.0639840E-01,3.81836E+00,4.15039E+00
-3.0637992E-01,3.68164E+00,4.20898E+00
-3.0636144E-01,3.79883E+00,4.18945E+00
-3.0634296E-01,3.70117E+00,4.15039E+00
-3.0632448E-01,3.75977E+00,4.15039E+00
-3.0630600E-01,3.74023E+00,4.20898E+00
-3.0628752E-01,3.70117E+00,4.15039E+00
-3.0626904E-01,3.77930E+00,4.20898E+00
-3.0625056E-01,3.68164E+00,4.15039E+00
-3.0623208E-01,3.60352E+00,4.16992E+00
-3.0621360E-01,3.75977E+00,4.13086E+00
-3.0619512E-01,3.72070E+00,4.22852E+00
-3.0617664E-01,3.70117E+00,4.16992E+00
-3.0615816E-01,3.68164E+00,4.18945E+00
-3.0613968E-01,3.66211E+00,4.11133E+00
-3.0612120E-01,3.68164E+00,4.18945E+00
-3.0610272E-01,3.72070E+00,4.20898E+00
-3.0608424E-01,3.68164E+00,4.15039E+00
-3.0606576E-01,3.74023E+00,4.11133E+00
-3.0604728E-01,3.66211E+00,4.16992E+00
-3.0602880E-01,3.77930E+00,4.16992E+00
-3.0601032E-01,3.70117E+00,4.22852E+00
-3.0599184E-01,3.68164E+00,4.18945E+00
-3.0597336E-01,3.68164E+00,4.26758E+00
-3.0595488E-01,3.74023E+00,4.15039E+00
-3.0593640E-01,3.64258E+00,4.20898E+00
-3.0591792E-01,3.72070E+00,4.09180E+00
-3.0589944E-01,3.70117E+00,4.18945E+00
-3.0588096E-01,3.66211E+00,4.16992E+00
-3.0586248E-01,3.68164E+00,4.22852E+00
-3.0584400E-01,3.68164E+00,4.18945E+00
-3.0582552E-01,3.66211E+00,4.20898E+00
-3.0580704E-01,3.79883E+00,4.18945E+00
-3.0578856E-01,3.68164E+00,4.22852E+00
-3.0577008E-01,3.74023E+00,4.18945E+00
-3.0575160E-01,3.70117E+00,4.16992E+00
-3.0573312E-01,3.72070E+00,4.16992E+00
-3.0571464E-01,3.72070E+00,4.22852E+00
-3.0569616E-01,3.72070E+00,4.15039E+00
-3.0567768E-01,3.66211E+00,4.18945E+00
-3.0565920E-01,3.72070E+00,4.18945E+00
-3.0564072E-01,3.68164E+00,4.22852E+00
-3.0562224E-01,3.74023E+00,4.11133E+00
-3.0560376E-01,3.72070E+00,4.20898E+00
-3.0558528E-01,3.74023E+00,4.15039E+00
-3.0556680E-01,3.68164E+00,4.16992E+00
-3.0554832E-01,3.74023E+00,4.18945E+00
-3.0552984E-01,3.70117E+00,4.22852E+00
-3.0551136E-01,3.77930E+00,4.13086E+00
-3.0549288E-01,3.70117E+00,4.28711E+00
-3.0547440E-01,3.75977E+00,4.16992E+00
-3.0545592E-01,3.70117E+00,4.24805E+00
-3.0543744E-01,3.72070E+00,4.16992E+00
-3.0541896E-01,3.74023E+00,4.16992E+00
-3.0540048E-01,3.72070E+00,4.13086E+00
-3.0538200E-01,3.72070E+00,4.20898E+00
-3.0536352E-01,3.79883E+00,4.15039E+00
-3.0534504E-01,3.74023E+00,4.22852E+00
-3.0532656E-01,3.72070E+00,4.18945E+00
-3.0530808E-01,3.66211E+00,4.18945E+00
-3.0528960E-01,3.68164E+00,4.15039E+00
-3.0527112E-01,3.66211E+00,4.20898E+00
-3.0525264E-01,3.75977E+00,4.11133E+00
-3.0523416E-01,3.72070E+00,4.16992E+00
-3.0521568E-01,3.74023E+00,4.09180E+00
-3.0519720E-01,3.66211E+00,4.28711E+00
-3.0517872E-01,3.70117E+00,4.13086E+00
-3.0516024E-01,3.77930E+00,4.16992E+00
-3.0514176E-01,3.72070E+00,4.20898E+00
-3.0512328E-01,3.72070E+00,4.22852E+00
-3.0510480E-01,3.68164E+00,4.15039E+00
-3.0508632E-01,3.64258E+00,4.18945E+00
-3.0506784E-01,3.72070E+00,4.20898E+00
-3.0504936E-01,3.72070E+00,4.18945E+00
-3.0503088E-01,3.72070E+00,4.18945E+00
-3.0501240E-01,3.70117E+00,4.24805E+00
-3.0499392E-01,3.70117E+00,4.16992E+00
-3.0497544E-01,3.70117E+00,4.15039E+00
-3.0495696E-01,3.72070E+00,4.16992E+00
-3.0493848E-01,3.64258E+00,4.18945E+00
-3.0492000E-01,3.70117E+00,4.16992E+00
-3.0490152E-01,3.66211E+00,4.24805E+00
-3.0488304E-01,3.70117E+00,4.16992E+00
-3.0486456E-01,3.68164E+00,4.24805E+00
-3.0484608E-01,3.72070E+00,4.20898E+00
-3.0482760E-01,3.72070E+00,4.18945E+00
-3.0480912E-01,3.68164E+00,4.15039E+00
-3.0479064E-01,3.72070E+00,4.26758E+00
-3.0477216E-01,3.72070E+00,4.18945E+00
-3.0475368E-01,3.66211E+00,4.24805E+00
-3.0473520E-01,3.72070E+00,4.15039E+00
-3.0471672E-01,3.72070E+00,4.22852E+00
-3.0469824E-01,3.75977E+00,4.15039E+00
-3.0467976E-01,3.70117E+00,4.22852E+00
-3.0466128E-01,3.74023E+00,4.20898E+00
-3.0464280E-01,3.72070E+00,4.24805E+00
-3.0462432E-01,3.72070E+00,4.15039E+00
-3.0460584E-01,3.64258E+00,4.20898E+00
-3.0458736E-01,3.72070E+00,4.20898E+00
-3.0456888E-01,3.72070E+00,4.16992E+00
-3.0455040E-01,3.77930E+00,4.16992E+00
-3.0453192E-01,3.70117E+00,4.22852E+00
-3.0451344E-01,3.72070E+00,4.11133E+00
-3.0449496E-01,3.70117E+00,4.20898E+00
-3.0447648E-01,3.74023E+00,4.18945E+00
-3.0445800E-01,3.72070E+00,4.24805E+00
-3.0443952E-01,3.72070E+00,4.18945E+00
-3.0442104E-01,3.66211E+00,4.18945E+00
-3.0440256E-01,3.70117E+00,4.18945E+00
-3.0438408E-01,3.68164E+00,4.26758E+00
-3.0436560E-01,3.77930E+00,4.16992E+00
-3.0434712E-01,3.70117E+00,4.22852E+00
-3.0432864E-01,3.77930E+00,4.15039E+00
-3.0431016E-01,3.74023E+00,4.22852E+00
-3.0429168E-01,3.66211E+00,4.20898E+00
-3.0427320E-01,3.68164E+00,4.22852E+00
-3.0425472E-01,3.79883E+00,4.20898E+00
-3.0423624E-01,3.75977E+00,4.26758E+00
-3.0421776E-01,3.77930E+00,4.16992E+00
-3.0419928E-01,3.66211E+00,4.26758E+00
-3.0418080E-01,3.81836E+00,4.20898E+00
-3.0416232E-01,3.70117E+00,4.24805E+00
-3.0414384E-01,3.70117E+00,4.24805E+00
-3.0412536E-01,3.72070E+00,4.20898E+00
-3.0410688E-01,3.74023E+00,4.20898E+00
-3.0408840E-01,3.72070E+00,4.22852E+00
-3.0406992E-01,3.74023E+00,4.16992E+00
-3.0405144E-01,3.72070E+00,4.20898E+00
-3.0403296E-01,3.74023E+00,4.13086E+00
-3.0401448E-01,3.72070E+00,4.20898E+00
-3.0399600E-01,3.74023E+00,4.16992E+00
-3.0397752E-01,3.70117E+00,4.18945E+00
-3.0395904E-01,3.74023E+00,4.18945E+00
-3.0394056E-01,3.72070E+00,4.24805E+00
-3.0392208E-01,3.72070E+00,4.16992E+00
-3.0390360E-01,3.72070E+00,4.18945E+00
-3.0388512E-01,3.74023E+00,4.16992E+00
-3.0386664E-01,3.72070E+00,4.18945E+00
-3.0384816E-01,3.72070E+00,4.18945E+00
-3.0382968E-01,3.68164E+00,4.22852E+00
-3.0381120E-01,3.72070E+00,4.18945E+00
-3.0379272E-01,3.72070E+00,4.22852E+00
-3.0377424E-01,3.70117E+00,4.18945E+00
-3.0375576E-01,3.72070E+00,4.16992E+00
-3.0373728E-01,3.70117E+00,4.22852E+00
-3.0371880E-01,3.66211E+00,4.20898E+00
-3.0370032E-01,3.64258E+00,4.16992E+00
-3.0368184E-01,3.75977E+00,4.20898E+00
-3.0366336E-01,3.72070E+00,4.18945E+00
-3.0364488E-01,3.64258E+00,4.28711E+00
-3.0362640E-01,3.68164E+00,4.18945E+00
-3.0360792E-01,3.74023E+00,4.18945E+00
-3.0358944E-01,3.75977E+00,4.16992E+00
-3.0357096E-01,3.75977E+00,4.22852E+00
-3.0355248E-01,3.74023E+00,4.18945E+00
-3.0353400E-01,3.66211E+00,4.22852E+00
-3.0351552E-01,3.79883E+00,4.15039E+00
-3.0349704E-01,3.64258E+00,4.18945E+00
-3.0347856E-01,3.75977E+00,4.18945E+00
-3.0346008E-01,3.68164E+00,4.26758E+00
-3.0344160E-01,3.68164E+00,4.18945E+00
-3.0342312E-01,3.74023E+00,4.18945E+00
-3.0340464E-01,3.72070E+00,4.16992E+00
-3.0338616E-01,3.77930E+00,4.18945E+00
-3.0336768E-01,3.79883E+00,4.18945E+00
-3.0334920E-01,3.72070E+00,4.18945E+00
-3.0333072E-01,3.75977E+00,4.16992E+00
-3.0331224E-01,3.68164E+00,4.26758E+00
-3.0329376E-01,3.77930E+00,4.18945E+00
-3.0327528E-01,3.74023E+00,4.20898E+00
-3.0325680E-01,3.72070E+00,4.20898E+00
-3.0323832E-01,3.74023E+00,4.22852E+00
-3.0321984E-01,3.68164E+00,4.20898E+00
-3.0320136E-01,3.72070E+00,4.28711E+00
-3.0318288E-01,3.77930E+00,4.16992E+00
-3.0316440E-01,3.75977E+00,4.28711E+00
-3.0314592E-01,3.72070E+00,4.16992E+00
-3.0312744E-01,3.68164E+00,4.22852E+00
-3.0310896E-01,3.74023E+00,4.18945E+00
-3.0309048E-01,3.66211E+00,4.24805E+00
-3.0307200E-01,3.72070E+00,4.22852E+00
-3.0305352E-01,3.68164E+00,4.24805E+00
-3.0303504E-01,3.77930E+00,4.13086E+00
-3.0301656E-01,3.72070E+00,4.24805E+00
-3.0299808E-01,3.75977E+00,4.16992E+00
-3.0297960E-01,3.72070E+00,4.22852E+00
-3.0296112E-01,3.79883E+00,4.18945E+00
-3.0294264E-01,3.70117E+00,4.26758E+00
-3.0292416E-01,3.74023E+00,4.22852E+00
-3.0290568E-01,3.70117E+00,4.30664E+00
-3.0288720E-01,3.74023E+00,4.16992E+00
-3.0286872E-01,3.70117E+00,4.22852E+00
-3.0285024E-01,3.70117E+00,4.20898E+00
-3.0283176E-01,3.77930E+00,4.26758E+00
-3.0281328E-01,3.72070E+00,4.16992E+00
-3.0279480E-01,3.72070E+00,4.20898E+00
-3.0277632E-01,3.77930E+00,4.22852E+00
-3.0275784E-01,3.75977E+00,4.22852E+00
-3.0273936E-01,3.72070E+00,4.16992E+00
-3.0272088E-01,3.72070E+00,4.16992E+00
-3.0270240E-01,3.81836E+00,4.20898E+00
-3.0268392E-01,3.66211E+00,4.24805E+00
-3.0266544E-01,3.72070E+00,4.20898E+00
-3.0264696E-01,3.72070E+00,4.26758E+00
-3.0262848E-01,3.72070E+00,4.20898E+00
-3.0261000E-01,3.68164E+00,4.20898E+00
-3.0259152E-01,3.75977E+00,4.16992E+00
-3.0257304E-01,3.68164E+00,4.20898E+00
-3.0255456E-01,3.79883E+00,4.20898E+00
-3.0253608E-01,3.72070E+00,4.28711E+00
-3.0251760E-01,3.72070E+00,4.20898E+00
-3.0249912E-01,3.75977E+00,4.20898E+00
-3.0248064E-01,3.74023E+00,4.16992E+00
-3.0246216E-01,3.74023E+00,4.26758E+00
-3.0244368E-01,3.64258E+00,4.18945E+00
-3.0242520E-01,3.68164E+00,4.24805E+00
-3.0240672E-01,3.68164E+00,4.18945E+00
-3.0238824E-01,3.66211E+00,4.22852E+00
-3.0236976E-01,3.66211E+00,4.20898E+00
-3.0235128E-01,3.70117E+00,4.26758E+00
-3.0233280E-01,3.72070E+00,4.22852E+00
-3.0231432E-01,3.74023E+00,4.18945E+00
-3.0229584E-01,3.72070E+00,4.16992E+00
-3.0227736E-01,3.68164E+00,4.24805E+00
-3.0225888E-01,3.79883E+00,4.22852E+00
-3.0224040E-01,3.72070E+00,4.28711E+00
-3.0222192E-01,3.72070E+00,4.22852E+00
-3.0220344E-01,3.72070E+00,4.22852E+00
-3.0218496E-01,3.72070E+00,4.18945E+00
-3.0216648E-01,3.64258E+00,4.26758E+00
-3.0214800E-01,3.72070E+00,4.20898E+00
-3.0212952E-01,3.68164E+00,4.28711E+00
-3.0211104E-01,3.72070E+00,4.16992E+00
-3.0209256E-01,3.64258E+00,4.26758E+00
-3.0207408E-01,3.77930E+00,4.22852E+00
-3.0205560E-01,3.72070E+00,4.30664E+00
-3.0203712E-01,3.68164E+00,4.24805E+00
-3.0201864E-01,3.72070E+00,4.26758E+00
-3.0200016E-01,3.72070E+00,4.18945E+00
-3.0198168E-01,3.66211E+00,4.26758E+00
-3.0196320E-01,3.74023E+00,4.26758E+00
-3.0194472E-01,3.68164E+00,4.26758E+00
-3.0192624E-01,3.75977E+00,4.18945E+00
-3.0190776E-01,3.75977E+00,4.28711E+00
-3.0188928E-01,3.72070E+00,4.15039E+00
-3.0187080E-01,3.72070E+00,4.24805E+00
-3.0185232E-01,3.70117E+00,4.20898E+00
-3.0183384E-01,3.72070E+00,4.22852E+00
-3.0181536E-01,3.75977E+00,4.20898E+00
-3.0179688E-01,3.68164E+00,4.22852E+00
-3.0177840E-01,3.74023E+00,4.15039E+00
-3.0175992E-01,3.72070E+00,4.24805E+00
-3.0174144E-01,3.70117E+00,4.16992E+00
-3.0172296E-01,3.77930E+00,4.26758E+00
-3.0170448E-01,3.79883E+00,4.24805E+00
-3.0168600E-01,3.70117E+00,4.22852E+00
-3.0166752E-01,3.70117E+00,4.22852E+00
-3.0164904E-01,3.66211E+00,4.24805E+00
-3.0163056E-01,3.64258E+00,4.20898E+00
-3.0161208E-01,3.79883E+00,4.22852E+00
-3.0159360E-01,3.66211E+00,4.18945E+00
-3.0157512E-01,3.70117E+00,4.24805E+00
-3.0155664E-01,3.74023E+00,4.22852E+00
-3.0153816E-01,3.70117E+00,4.26758E+00
-3.0151968E-01,3.72070E+00,4.20898E+00
-3.0150120E-01,3.72070E+00,4.24805E+00
-3.0148272E-01,3.72070E+00,4.22852E+00
-3.0146424E-01,3.68164E+00,4.22852E+00
-3.0144576E-01,3.75977E+00,4.22852E+00
-3.0142728E-01,3.72070E+00,4.26758E+00
-3.0140880E-01,3.72070E+00,4.20898E+00
-3.0139032E-01,3.77930E+00,4.26758E+00
-3.0137184E-01,3.79883E+00,4.15039E+00
-3.0135336E-01,3.70117E+00,4.24805E+00
-3.0133488E-01,3.74023E+00,4.26758E+00
-3.0131640E-01,3.72070E+00,4.22852E+00
-3.0129792E-01,3.72070E+00,4.22852E+00
-3.0127944E-01,3.72070E+00,4.26758E+00
-3.0126096E-01,3.77930E+00,4.26758E+00
-3.0124248E-01,3.74023E+00,4.16992E+00
-3.0122400E-01,3.75977E+00,4.28711E+00
-3.0120552E-01,3.74023E+00,4.28711E+00
-3.0118704E-01,3.77930E+00,4.26758E+00
-3.0116856E-01,3.72070E+00,4.26758E+00
-3.0115008E-01,3.77930E+00,4.22852E+00
-3.0113160E-01,3.70117E+00,4.30664E+00
-3.0111312E-01,3.70117E+00,4.20898E+00
-3.0109464E-01,3.72070E+00,4.24805E+00
-3.0107616E-01,3.72070E+00,4.26758E+00
-3.0105768E-01,3.72070E+00,4.24805E+00
-3.0103920E-01,3.72070E+00,4.24805E+00
-3.0102072E-01,3.66211E+00,4.28711E+00
-3.0100224E-01,3.72070E+00,4.26758E+00
-3.0098376E-01,3.66211E+00,4.16992E+00
-3.0096528E-01,3.74023E+00,4.16992E+00
-3.0094680E-01,3.70117E+00,4.26758E+00
-3.0092832E-01,3.75977E+00,4.16992E+00
-3.0090984E-01,3.70117E+00,4.24805E+00
-3.0089136E-01,3.72070E+00,4.18945E+00
-3.0087288E-01,3.68164E+00,4.24805E+00
-3.0085440E-01,3.68164E+00,4.20898E+00
-3.0083592E-01,3.77930E+00,4.26758E+00
-3.0081744E-01,3.75977E+00,4.18945E+00
-3.0079896E-01,3.72070E+00,4.30664E+00
-3.0078048E-01,3.79883E+00,4.15039E+00
-3.0076200E-01,3.72070E+00,4.22852E+00
-3.0074352E-01,3.79883E+00,4.28711E+00
-3.0072504E-01,3.72070E+00,4.30664E+00
-3.0070656E-01,3.74023E+00,4.24805E+00
-3.0068808E-01,3.68164E+00,4.24805E+00
-3.0066960E-01,3.72070E+00,4.18945E+00
-3.0065112E-01,3.66211E+00,4.26758E+00
-3.0063264E-01,3.72070E+00,4.20898E+00
-3.0061416E-01,3.64258E+00,4.26758E+00
-3.0059568E-01,3.75977E+00,4.20898E+00
-3.0057720E-01,3.72070E+00,4.26758E+00
-3.0055872E-01,3.72070E+00,4.15039E+00
-3.0054024E-01,3.74023E+00,4.28711E+00
-3.0052176E-01,3.70117E+00,4.22852E+00
-3.0050328E-01,3.72070E+00,4.30664E+00
-3.0048480E-01,3.72070E+00,4.22852E+00
-3.0046632E-01,3.75977E+00,4.22852E+00
-3.0044784E-01,3.75977E+00,4.28711E+00
-3.0042936E-01,3.70117E+00,4.20898E+00
-3.0041088E-01,3.77930E+00,4.18945E+00
-3.0039240E-01,3.68164E+00,4.28711E+00
-3.0037392E-01,3.72070E+00,4.18945E+00
-3.0035544E-01,3.68164E+00,4.30664E+00
-3.0033696E-01,3.74023E+00,4.22852E+00
-3.0031848E-01,3.72070E+00,4.24805E+00
-3.0030000E-01,3.75977E+00,4.20898E+00
-3.0028152E-01,3.64258E+00,4.28711E+00
-3.0026304E-01,3.72070E+00,4.22852E+00
-3.0024456E-01,3.74023E+00,4.28711E+00
-3.0022608E-01,3.72070E+00,4.22852E+00
-3.0020760E-01,3.72070E+00,4.20898E+00
-3.0018912E-01,3.72070E+00,4.24805E+00
-3.0017064E-01,3.74023E+00,4.22852E+00
-3.0015216E-01,3.70117E+00,4.20898E+00
-3.0013368E-01,3.74023E+00,4.22852E+00
-3.0011520E-01,3.70117E+00,4.22852E+00
-3.0009672E-01,3.72070E+00,4.26758E+00
-3.0007824E-01,3.72070E+00,4.16992E+00
-3.0005976E-01,3.72070E+00,4.28711E+00
-3.0004128E-01,3.75977E+00,4.32617E+00
-3.0002280E-01,3.72070E+00,4.20898E+00
-3.0000432E-01,3.72070E+00,4.20898E+00
-2.9998584E-01,3.72070E+00,4.24805E+00
-2.9996736E-01,3.79883E+00,4.22852E+00
-2.9994888E-01,3.79883E+00,4.18945E+00
-2.9993040E-01,3.70117E+00,4.24805E+00
-2.9991192E-01,3.72070E+00,4.28711E+00
-2.9989344E-01,3.72070E+00,4.24805E+00
-2.9987496E-01,3.77930E+00,4.28711E+00
-2.9985648E-01,3.72070E+00,4.24805E+00
-2.9983800E-01,3.74023E+00,4.28711E+00
-2.9981952E-01,3.70117E+00,4.30664E+00
-2.9980104E-01,3.70117E+00,4.26758E+00
-2.9978256E-01,3.74023E+00,4.26758E+00
-2.9976408E-01,3.72070E+00,4.30664E+00
-2.9974560E-01,3.68164E+00,4.28711E+00
-2.9972712E-01,3.72070E+00,4.24805E+00
-2.9970864E-01,3.72070E+00,4.26758E+00
-2.9969016E-01,3.70117E+00,4.24805E+00
-2.9967168E-01,3.79883E+00,4.22852E+00
-2.9965320E-01,3.77930E+00,4.28711E+00
-2.9963472E-01,3.74023E+00,4.32617E+00
-2.9961624E-01,3.72070E+00,4.28711E+00
-2.9959776E-01,3.79883E+00,4.26758E+00
-2.9957928E-01,3.72070E+00,4.28711E+00
-2.9956080E-01,3.74023E+00,4.24805E+00
-2.9954232E-01,3.70117E+00,4.28711E+00
-2.9952384E-01,3.75977E+00,4.28711E+00
-2.9950536E-01,3.68164E+00,4.24805E+00
-2.9948688E-01,3.75977E+00,4.22852E+00
-2.9946840E-01,3.74023E+00,4.22852E+00
-2.9944992E-01,3.74023E+00,4.24805E+00
-2.9943144E-01,3.72070E+00,4.22852E+00
-2.9941296E-01,3.70117E+00,4.28711E+00
-2.9939448E-01,3.77930E+00,4.34570E+00
-2.9937600E-01,3.72070E+00,4.24805E+00
-2.9935752E-01,3.72070E+00,4.34570E+00
-2.9933904E-01,3.74023E+00,4.28711E+00
-2.9932056E-01,3.68164E+00,4.32617E+00
-2.9930208E-01,3.74023E+00,4.22852E+00
-2.9928360E-01,3.66211E+00,4.30664E+00
-2.9926512E-01,3.75977E+00,4.22852E+00
-2.9924664E-01,3.72070E+00,4.28711E+00
-2.9922816E-01,3.74023E+00,4.22852E+00
-2.9920968E-01,3.72070E+00,4.30664E+00
-2.9919120E-01,3.74023E+00,4.18945E+00
-2.9917272E-01,3.68164E+00,4.26758E+00
-2.9915424E-01,3.72070E+00,4.32617E+00
-2.9913576E-01,3.66211E+00,4.32617E+00
-2.9911728E-01,3.72070E+00,4.18945E+00
-2.9909880E-01,3.70117E+00,4.30664E+00
-2.9908032E-01,3.72070E+00,4.28711E+00
-2.9906184E-01,3.74023E+00,4.24805E+00
-2.9904336E-01,3.72070E+00,4.24805E+00
-2.9902488E-01,3.70117E+00,4.28711E+00
-2.9900640E-01,3.74023E+00,4.18945E+00
-2.9898792E-01,3.75977E+00,4.30664E+00
-2.9896944E-01,3.75977E+00,4.26758E+00
-2.9895096E-01,3.72070E+00,4.28711E+00
-2.9893248E-01,3.75977E+00,4.24805E+00
-2.9891400E-01,3.72070E+00,4.28711E+00
-2.9889552E-01,3.77930E+00,4.28711E+00
-2.9887704E-01,3.72070E+00,4.24805E+00
-2.9885856E-01,3.74023E+00,4.28711E+00
-2.9884008E-01,3.66211E+00,4.26758E+00
-2.9882160E-01,3.74023E+00,4.26758E+00
-2.9880312E-01,3.74023E+00,4.28711E+00
-2.9878464E-01,3.83789E+00,4.24805E+00
-2.9876616E-01,3.74023E+00,4.28711E+00
-2.9874768E-01,3.77930E+00,4.26758E+00
-2.9872920E-01,3.68164E+00,4.24805E+00
-2.9871072E-01,3.72070E+00,4.26758E+00
-2.9869224E-01,3.74023E+00,4.30664E+00
-2.9867376E-01,3.77930E+00,4.20898E+00
-2.9865528E-01,3.72070E+00,4.22852E+00
-2.9863680E-01,3.79883E+00,4.28711E+00
-2.9861832E-01,3.72070E+00,4.26758E+00
-2.9859984E-01,3.79883E+00,4.28711E+00
-2.9858136E-01,3.72070E+00,4.34570E+00
-2.9856288E-01,3.72070E+00,4.28711E+00
-2.9854440E-01,3.72070E+00,4.24805E+00
-2.9852592E-01,3.74023E+00,4.24805E+00
-2.9850744E-01,3.72070E+00,4.30664E+00
-2.9848896E-01,3.72070E+00,4.28711E+00
-2.9847048E-01,3.77930E+00,4.24805E+00
-2.9845200E-01,3.72070E+00,4.16992E+00
-2.9843352E-01,3.77930E+00,4.30664E+00
-2.9841504E-01,3.74023E+00,4.24805E+00
-2.9839656E-01,3.70117E+00,4.34570E+00
-2.9837808E-01,3.75977E+00,4.26758E+00
-2.9835960E-01,3.75977E+00,4.32617E+00
-2.9834112E-01,3.77930E+00,4.30664E+00
-2.9832264E-01,3.74023E+00,4.26758E+00
-2.9830416E-01,3.68164E+00,4.22852E+00
-2.9828568E-01,3.66211E+00,4.22852E+00
-2.9826720E-01,3.79883E+00,4.24805E+00
-2.9824872E-01,3.68164E+00,4.24805E+00
-2.9823024E-01,3.77930E+00,4.24805E+00
-2.9821176E-01,3.75977E+00,4.26758E+00
-2.9819328E-01,3.72070E+00,4.24805E+00
-2.9817480E-01,3.74023E+00,4.28711E+00
-2.9815632E-01,3.68164E+00,4.28711E+00
-2.9813784E-01,3.77930E+00,4.32617E+00
-2.9811936E-01,3.79883E+00,4.26758E+00
-2.9810088E-01,3.70117E+00,4.24805E+00
-2.9808240E-01,3.79883E+00,4.26758E+00
-2.9806392E-01,3.66211E+00,4.32617E+00
-2.9804544E-01,3.72070E+00,4.28711E+00
-2.9802696E-01,3.75977E+00,4.28711E+00
-2.9800848E-01,3.72070E+00,4.28711E+00
-2.9799000E-01,3.72070E+00,4.28711E+00
-2.9797152E-01,3.75977E+00,4.24805E+00
-2.9795304E-01,3.72070E+00,4.30664E+00
-2.9793456E-01,3.74023E+00,4.28711E+00
-2.9791608E-01,3.74023E+00,4.26758E+00
-2.9789760E-01,3.74023E+00,4.26758E+00
-2.9787912E-01,3.75977E+00,4.28711E+00
-2.9786064E-01,3.70117E+00,4.32617E+00
-2.9784216E-01,3.74023E+00,4.28711E+00
-2.9782368E-01,3.74023E+00,4.24805E+00
-2.9780520E-01,3.74023E+00,4.24805E+00
-2.9778672E-01,3.74023E+00,4.26758E+00
-2.9776824E-01,3.72070E+00,4.28711E+00
-2.9774976E-01,3.72070E+00,4.24805E+00
-2.9773128E-01,3.70117E+00,4.28711E+00
-2.9771280E-01,3.72070E+00,4.26758E+00
-2.9769432E-01,3.68164E+00,4.26758E+00
-2.9767584E-01,3.75977E+00,4.22852E+00
-2.9765736E-01,3.74023E+00,4.28711E+00
-2.9763888E-01,3.75977E+00,4.28711E+00
-2.9762040E-01,3.70117E+00,4.24805E+00
-2.9760192E-01,3.74023E+00,4.24805E+00
-2.9758344E-01,3.68164E+00,4.32617E+00
-2.9756496E-01,3.72070E+00,4.30664E+00
-2.9754648E-01,3.70117E+00,4.30664E+00
-2.9752800E-01,3.77930E+00,4.24805E+00
-2.9750952E-01,3.72070E+00,4.24805E+00
-2.9749104E-01,3.74023E+00,4.30664E+00
-2.9747256E-01,3.77930E+00,4.30664E+00
-2.9745408E-01,3.74023E+00,4.28711E+00
-2.9743560E-01,3.70117E+00,4.32617E+00
-2.9741712E-01,3.72070E+00,4.26758E+00
-2.9739864E-01,3.74023E+00,4.30664E+00
-2.9738016E-01,3.72070E+00,4.26758E+00
-2.9736168E-01,3.74023E+00,4.28711E+00
-2.9734320E-01,3.70117E+00,4.22852E+00
-2.9732472E-01,3.74023E+00,4.32617E+00
-2.9730624E-01,3.79883E+00,4.30664E+00
-2.9728776E-01,3.77930E+00,4.28711E+00
-2.9726928E-01,3.72070E+00,4.28711E+00
-2.9725080E-01,3.72070E+00,4.30664E+00
-2.9723232E-01,3.72070E+00,4.26758E+00
-2.9721384E-01,3.68164E+00,4.34570E+00
-2.9719536E-01,3.79883E+00,4.22852E+00
-2.9717688E-01,3.75977E+00,4.28711E+00
-2.9715840E-01,3.77930E+00,4.22852E+00
-2.9713992E-01,3.74023E+00,4.34570E+00
-2.9712144E-01,3.75977E+00,4.34570E+00
-2.9710296E-01,3.75977E+00,4.30664E+00
-2.9708448E-01,3.68164E+00,4.30664E+00
-2.9706600E-01,3.75977E+00,4.30664E+00
-2.9704752E-01,3.79883E+00,4.28711E+00
-2.9702904E-01,3.72070E+00,4.30664E+00
-2.9701056E-01,3.72070E+00,4.26758E+00
-2.9699208E-01,3.72070E+00,4.30664E+00
-2.9697360E-01,3.81836E+00,4.30664E+00
-2.9695512E-01,3.74023E+00,4.32617E+00
-2.9693664E-01,3.77930E+00,4.32617E+00
-2.9691816E-01,3.68164E+00,4.30664E+00
-2.9689968E-01,3.79883E+00,4.30664E+00
-2.9688120E-01,3.72070E+00,4.32617E+00
-2.9686272E-01,3.75977E+00,4.32617E+00
-2.9684424E-01,3.79883E+00,4.28711E+00
-2.9682576E-01,3.70117E+00,4.26758E+00
-2.9680728E-01,3.72070E+00,4.30664E+00
-2.9678880E-01,3.72070E+00,4.32617E+00
-2.9677032E-01,3.75977E+00,4.28711E+00
-2.9675184E-01,3.74023E+00,4.24805E+00
-2.9673336E-01,3.83789E+00,4.32617E+00
-2.9671488E-01,3.75977E+00,4.30664E+00
-2.9669640E-01,3.72070E+00,4.30664E+00
-2.9667792E-01,3.74023E+00,4.30664E+00
-2.9665944E-01,3.72070E+00,4.30664E+00
-2.9664096E-01,3.79883E+00,4.24805E+00
-2.9662248E-01,3.74023E+00,4.34570E+00
-2.9660400E-01,3.72070E+00,4.26758E+00
-2.9658552E-01,3.72070E+00,4.32617E+00
-2.9656704E-01,3.72070E+00,4.28711E+00
-2.9654856E-01,3.77930E+00,4.28711E+00
-2.9653008E-01,3.74023E+00,4.28711E+00
-2.9651160E-01,3.77930E+00,4.32617E+00
-2.9649312E-01,3.79883E+00,4.18945E+00
-2.9647464E-01,3.72070E+00,4.26758E+00
-2.9645616E-01,3.79883E+00,4.32617E+00
-2.9643768E-01,3.74023E+00,4.28711E+00
-2.9641920E-01,3.74023E+00,4.34570E+00
-2.9640072E-01,3.81836E+00,4.34570E+00
-2.9638224E-01,3.75977E+00,4.30664E+00
-2.9636376E-01,3.72070E+00,4.26758E+00
-2.9634528E-01,3.75977E+00,4.32617E+00
-2.9632680E-01,3.66211E+00,4.28711E+00
-2.9630832E-01,3.79883E+00,4.28711E+00
-2.9628984E-01,3.74023E+00,4.30664E+00
-2.9627136E-01,3.72070E+00,4.34570E+00
-2.9625288E-01,3.74023E+00,4.28711E+00
-2.9623440E-01,3.79883E+00,4.28711E+00
-2.9621592E-01,3.74023E+00,4.30664E+00
-2.9619744E-01,3.72070E+00,4.30664E+00
-2.9617896E-01,3.64258E+00,4.34570E+00
-2.9616048E-01,3.74023E+00,4.24805E+00
-2.9614200E-01,3.68164E+00,4.28711E+00
-2.9612352E-01,3.79883E+00,4.28711E+00
-2.9610504E-01,3.68164E+00,4.36523E+00
-2.9608656E-01,3.75977E+00,4.34570E+00
-2.9606808E-01,3.70117E+00,4.34570E+00
-2.9604960E-01,3.74023E+00,4.24805E+00
-2.9603112E-01,3.72070E+00,4.30664E+00
-2.9601264E-01,3.68164E+00,4.26758E+00
-2.9599416E-01,3.72070E+00,4.34570E+00
-2.9597568E-01,3.74023E+00,4.30664E+00
-2.9595720E-01,3.72070E+00,4.28711E+00
-2.9593872E-01,3.72070E+00,4.28711E+00
-2.9592024E-01,3.72070E+00,4.32617E+00
-2.9590176E-01,3.74023E+00,4.34570E+00
-2.9588328E-01,3.70117E+00,4.28711E+00
-2.9586480E-01,3.72070E+00,4.32617E+00
-2.9584632E-01,3.72070E+00,4.34570E+00
-2.9582784E-01,3.79883E+00,4.28711E+00
-2.9580936E-01,3.72070E+00,4.34570E+00
-2.9579088E-01,3.72070E+00,4.32617E+00
-2.9577240E-01,3.70117E+00,4.32617E+00
-2.9575392E-01,3.74023E+00,4.34570E+00
-2.9573544E-01,3.68164E+00,4.32617E+00
-2.9571696E-01,3.66211E+00,4.26758E+00
-2.9569848E-01,3.72070E+00,4.36523E+00
-2.9568000E-01,3.79883E+00,4.30664E+00
-2.9566152E-01,3.70117E+00,4.26758E+00
-2.9564304E-01,3.75977E+00,4.28711E+00
-2.9562456E-01,3.72070E+00,4.34570E+00
-2.9560608E-01,3.79883E+00,4.30664E+00
-2.9558760E-01,3.75977E+00,4.32617E+00
-2.9556912E-01,3.74023E+00,4.30664E+00
-2.9555064E-01,3.66211E+00,4.34570E+00
-2.9553216E-01,3.74023E+00,4.36523E+00
-2.9551368E-01,3.77930E+00,4.30664E+00
-2.9549520E-01,3.72070E+00,4.20898E+00
-2.9547672E-01,3.77930E+00,4.32617E+00
-2.9545824E-01,3.74023E+00,4.30664E+00
-2.9543976E-01,3.72070E+00,4.34570E+00
-2.9542128E-01,3.72070E+00,4.28711E+00
-2.9540280E-01,3.72070E+00,4.30664E+00
-2.9538432E-01,3.79883E+00,4.28711E+00
-2.9536584E-01,3.72070E+00,4.26758E+00
-2.9534736E-01,3.74023E+00,4.26758E+00
-2.9532888E-01,3.77930E+00,4.36523E+00
-2.9531040E-01,3.77930E+00,4.34570E+00
-2.9529192E-01,3.70117E+00,4.30664E+00
-2.9527344E-01,3.77930E+00,4.28711E+00
-2.9525496E-01,3.74023E+00,4.28711E+00
-2.9523648E-01,3.75977E+00,4.32617E+00
-2.9521800E-01,3.75977E+00,4.26758E+00
-2.9519952E-01,3.79883E+00,4.32617E+00
-2.9518104E-01,3.77930E+00,4.30664E+00
-2.9516256E-01,3.75977E+00,4.28711E+00
-2.9514408E-01,3.74023E+00,4.36523E+00
-2.9512560E-01,3.74023E+00,4.28711E+00
-2.9510712E-01,3.72070E+00,4.28711E+00
-2.9508864E-01,3.74023E+00,4.28711E+00
-2.9507016E-01,3.77930E+00,4.30664E+00
-2.9505168E-01,3.79883E+00,4.30664E+00
-2.9503320E-01,3.70117E+00,4.30664E+00
-2.9501472E-01,3.72070E+00,4.28711E+00
-2.9499624E-01,3.79883E+00,4.38477E+00
-2.9497776E-01,3.74023E+00,4.34570E+00
-2.9495928E-01,3.70117E+00,4.30664E+00
-2.9494080E-01,3.77930E+00,4.32617E+00
-2.9492232E-01,3.74023E+00,4.30664E+00
-2.9490384E-01,3.79883E+00,4.28711E+00
-2.9488536E-01,3.66211E+00,4.30664E+00
-2.9486688E-01,3.75977E+00,4.30664E+00
-2.9484840E-01,3.68164E+00,4.28711E+00
-2.9482992E-01,3.74023E+00,4.36523E+00
-2.9481144E-01,3.74023E+00,4.32617E+00
-2.9479296E-01,3.72070E+00,4.28711E+00
-2.9477448E-01,3.72070E+00,4.32617E+00
-2.9475600E-01,3.72070E+00,4.36523E+00
-2.9473752E-01,3.68164E+00,4.30664E+00
-2.9471904E-01,3.75977E+00,4.32617E+00
-2.9470056E-01,3.74023E+00,4.30664E+00
-2.9468208E-01,3.70117E+00,4.34570E+00
-2.9466360E-01,3.72070E+00,4.34570E+00
-2.9464512E-01,3.72070E+00,4.30664E+00
-2.9462664E-01,3.72070E+00,4.30664E+00
-2.9460816E-01,3.72070E+00,4.34570E+00
-2.9458968E-01,3.75977E+00,4.36523E+00
-2.9457120E-01,3.70117E+00,4.30664E+00
-2.9455272E-01,3.72070E+00,4.32617E+00
-2.9453424E-01,3.72070E+00,4.24805E+00
-2.9451576E-01,3.77930E+00,4.32617E+00
-2.9449728E-01,3.72070E+00,4.32617E+00
-2.9447880E-01,3.74023E+00,4.26758E+00
-2.9446032E-01,3.77930E+00,4.34570E+00
-2.9444184E-01,3.70117E+00,4.34570E+00
-2.9442336E-01,3.74023E+00,4.32617E+00
-2.9440488E-01,3.75977E+00,4.32617E+00
-2.9438640E-01,3.72070E+00,4.28711E+00
-2.9436792E-01,3.68164E+00,4.26758E+00
-2.9434944E-01,3.79883E+00,4.32617E+00
-2.9433096E-01,3.68164E+00,4.38477E+00
-2.9431248E-01,3.74023E+00,4.28711E+00
-2.9429400E-01,3.72070E+00,4.34570E+00
-2.9427552E-01,3.81836E+00,4.32617E+00
-2.9425704E-01,3.75977E+00,4.34570E+00
-2.9423856E-01,3.72070E+00,4.30664E+00
-2.9422008E-01,3.66211E+00,4.32617E+00
-2.9420160E-01,3.77930E+00,4.30664E+00
-2.9418312E-01,3.75977E+00,4.40430E+00
-2.9416464E-01,3.75977E+00,4.28711E+00
-2.9414616E-01,3.75977E+00,4.30664E+00
-2.9412768E-01,3.74023E+00,4.32617E+00
-2.9410920E-01,3.79883E+00,4.36523E+00
-2.9409072E-01,3.79883E+00,4.30664E+00
-2.9407224E-01,3.75977E+00,4.36523E+00
-2.9405376E-01,3.79883E+00,4.32617E+00
-2.9403528E-01,3.74023E+00,4.34570E+00
-2.9401680E-01,3.66211E+00,4.28711E+00
-2.9399832E-01,3.72070E+00,4.34570E+00
-2.9397984E-01,3.77930E+00,4.26758E+00
-2.9396136E-01,3.72070E+00,4.32617E+00
-2.9394288E-01,3.75977E+00,4.34570E+00
-2.9392440E-01,3.75977E+00,4.32617E+00
-2.9390592E-01,3.75977E+00,4.36523E+00
-2.9388744E-01,3.70117E+00,4.36523E+00
-2.9386896E-01,3.72070E+00,4.36523E+00
-2.9385048E-01,3.72070E+00,4.36523E+00
-2.9383200E-01,3.72070E+00,4.36523E+00
-2.9381352E-01,3.75977E+00,4.36523E+00
-2.9379504E-01,3.75977E+00,4.36523E+00
-2.9377656E-01,3.79883E+00,4.32617E+00
-2.9375808E-01,3.74023E+00,4.32617E+00
-2.9373960E-01,3.77930E+00,4.36523E+00
-2.9372112E-01,3.81836E+00,4.30664E+00
-2.9370264E-01,3.72070E+00,4.44336E+00
-2.9368416E-01,3.70117E+00,4.32617E+00
-2.9366568E-01,3.75977E+00,4.38477E+00
-2.9364720E-01,3.79883E+00,4.36523E+00
-2.9362872E-01,3.72070E+00,4.38477E+00
-2.9361024E-01,3.79883E+00,4.34570E+00
-2.9359176E-01,3.74023E+00,4.30664E+00
-2.9357328E-01,3.75977E+00,4.28711E+00
-2.9355480E-01,3.72070E+00,4.36523E+00
-2.9353632E-01,3.77930E+00,4.30664E+00
-2.9351784E-01,3.72070E+00,4.36523E+00
-2.9349936E-01,3.72070E+00,4.26758E+00
-2.9348088E-01,3.75977E+00,4.34570E+00
-2.9346240E-01,3.72070E+00,4.34570E+00
-2.9344392E-01,3.77930E+00,4.32617E+00
-2.9342544E-01,3.72070E+00,4.34570E+00
-2.9340696E-01,3.83789E+00,4.32617E+00
-2.9338848E-01,3.74023E+00,4.30664E+00
-2.9337000E-01,3.62305E+00,4.38477E+00
-2.9335152E-01,3.74023E+00,4.30664E+00
-2.9333304E-01,3.72070E+00,4.38477E+00
-2.9331456E-01,3.79883E+00,4.30664E+00
-2.9329608E-01,3.75977E+00,4.40430E+00
-2.9327760E-01,3.81836E+00,4.32617E+00
-2.9325912E-01,3.75977E+00,4.36523E+00
-2.9324064E-01,3.72070E+00,4.32617E+00
-2.9322216E-01,3.77930E+00,4.38477E+00
-2.9320368E-01,3.75977E+00,4.36523E+00
-2.9318520E-01,3.70117E+00,4.38477E+00
-2.9316672E-01,3.77930E+00,4.26758E+00
-2.9314824E-01,3.68164E+00,4.42383E+00
-2.9312976E-01,3.72070E+00,4.36523E+00
-2.9311128E-01,3.74023E+00,4.30664E+00
-2.9309280E-01,3.74023E+00,4.36523E+00
-2.9307432E-01,3.75977E+00,4.36523E+00
-2.9305584E-01,3.75977E+00,4.32617E+00
-2.9303736E-01,3.72070E+00,4.32617E+00
-2.9301888E-01,3.77930E+00,4.32617E+00
-2.9300040E-01,3.77930E+00,4.40430E+00
-2.9298192E-01,3.77930E+00,4.36523E+00
-2.9296344E-01,3.72070E+00,4.34570E+00
-2.9294496E-01,3.72070E+00,4.36523E+00
-2.9292648E-01,3.79883E+00,4.32617E+00
-2.9290800E-01,3.75977E+00,4.38477E+00
-2.9288952E-01,3.77930E+00,4.40430E+00
-2.9287104E-01,3.74023E+00,4.34570E+00
-2.9285256E-01,3.81836E+00,4.36523E+00
-2.9283408E-01,3.77930E+00,4.36523E+00
-2.9281560E-01,3.74023E+00,4.40430E+00
-2.9279712E-01,3.79883E+00,4.30664E+00
-2.9277864E-01,3.74023E+00,4.36523E+00
-2.9276016E-01,3.79883E+00,4.30664E+00
-2.9274168E-01,3.77930E+00,4.34570E+00
-2.9272320E-01,3.79883E+00,4.28711E+00
-2.9270472E-01,3.72070E+00,4.34570E+00
-2.9268624E-01,3.79883E+00,4.34570E+00
-2.9266776E-01,3.74023E+00,4.44336E+00
-2.9264928E-01,3.75977E+00,4.36523E+00
-2.9263080E-01,3.72070E+00,4.30664E+00
-2.9261232E-01,3.83789E+00,4.36523E+00
-2.9259384E-01,3.75977E+00,4.36523E+00
-2.9257536E-01,3.74023E+00,4.30664E+00
-2.9255688E-01,3.79883E+00,4.30664E+00
-2.9253840E-01,3.72070E+00,4.36523E+00
-2.9251992E-01,3.74023E+00,4.30664E+00
-2.9250144E-01,3.79883E+00,4.32617E+00
-2.9248296E-01,3.74023E+00,4.36523E+00
-2.9246448E-01,3.79883E+00,4.30664E+00
-2.9244600E-01,3.77930E+00,4.34570E+00
-2.9242752E-01,3.79883E+00,4.30664E+00
-2.9240904E-01,3.77930E+00,4.44336E+00
-2.9239056E-01,3.75977E+00,4.36523E+00
-2.9237208E-01,3.75977E+00,4.34570E+00
-2.9235360E-01,3.75977E+00,4.30664E+00
-2.9233512E-01,3.77930E+00,4.36523E+00
-2.9231664E-01,3.79883E+00,4.34570E+00
-2.9229816E-01,3.74023E+00,4.32617E+00
-2.9227968E-01,3.74023E+00,4.30664E+00
-2.9226120E-01,3.77930E+00,4.42383E+00
-2.9224272E-01,3.77930E+00,4.34570E+00
-2.9222424E-01,3.74023E+00,4.34570E+00
-2.9220576E-01,3.74023E+00,4.34570E+00
-2.9218728E-01,3.72070E+00,4.40430E+00
-2.9216880E-01,3.72070E+00,4.36523E+00
-2.9215032E-01,3.74023E+00,4.36523E+00
-2.9213184E-01,3.77930E+00,4.36523E+00
-2.9211336E-01,3.74023E+00,4.42383E+00
-2.9209488E-01,3.79883E+00,4.34570E+00
-2.9207640E-01,3.79883E+00,4.38477E+00
-2.9205792E-01,3.77930E+00,4.36523E+00
-2.9203944E-01,3.70117E+00,4.40430E+00
-2.9202096E-01,3.79883E+00,4.30664E+00
-2.9200248E-01,3.79883E+00,4.38477E+00
-2.9198400E-01,3.72070E+00,4.34570E+00
-2.9196552E-01,3.74023E+00,4.44336E+00
-2.9194704E-01,3.74023E+00,4.36523E+00
-2.9192856E-01,3.72070E+00,4.42383E+00
-2.9191008E-01,3.72070E+00,4.36523E+00
-2.9189160E-01,3.74023E+00,4.36523E+00
-2.9187312E-01,3.72070E+00,4.36523E+00
-2.9185464E-01,3.68164E+00,4.38477E+00
-2.9183616E-01,3.74023E+00,4.36523E+00
-2.9181768E-01,3.75977E+00,4.40430E+00
-2.9179920E-01,3.79883E+00,4.34570E+00
-2.9178072E-01,3.77930E+00,4.36523E+00
-2.9176224E-01,3.85742E+00,4.36523E+00
-2.9174376E-01,3.72070E+00,4.38477E+00
-2.9172528E-01,3.79883E+00,4.36523E+00
-2.9170680E-01,3.75977E+00,4.42383E+00
-2.9168832E-01,3.74023E+00,4.36523E+00
-2.9166984E-01,3.77930E+00,4.36523E+00
-2.9165136E-01,3.70117E+00,4.26758E+00
-2.9163288E-01,3.74023E+00,4.36523E+00
-2.9161440E-01,3.77930E+00,4.36523E+00
-2.9159592E-01,3.72070E+00,4.32617E+00
-2.9157744E-01,3.79883E+00,4.42383E+00
-2.9155896E-01,3.68164E+00,4.36523E+00
-2.9154048E-01,3.75977E+00,4.36523E+00
-2.9152200E-01,3.72070E+00,4.38477E+00
-2.9150352E-01,3.72070E+00,4.32617E+00
-2.9148504E-01,3.72070E+00,4.38477E+00
-2.9146656E-01,3.83789E+00,4.34570E+00
-2.9144808E-01,3.72070E+00,4.48242E+00
-2.9142960E-01,3.77930E+00,4.36523E+00
-2.9141112E-01,3.77930E+00,4.42383E+00
-2.9139264E-01,3.79883E+00,4.34570E+00
-2.9137416E-01,3.81836E+00,4.36523E+00
-2.9135568E-01,3.79883E+00,4.36523E+00
-2.9133720E-01,3.75977E+00,4.42383E+00
-2.9131872E-01,3.77930E+00,4.32617E+00
-2.9130024E-01,3.77930E+00,4.34570E+00
-2.9128176E-01,3.77930E+00,4.36523E+00
-2.9126328E-01,3.72070E+00,4.40430E+00
-2.9124480E-01,3.70117E+00,4.34570E+00
-2.9122632E-01,3.79883E+00,4.42383E+00
-2.9120784E-01,3.74023E+00,4.38477E+00
-2.9118936E-01,3.75977E+00,4.36523E+00
-2.9117088E-01,3.75977E+00,4.32617E+00
-2.9115240E-01,3.72070E+00,4.36523E+00
-2.9113392E-01,3.79883E+00,4.38477E+00
-2.9111544E-01,3.79883E+00,4.34570E+00
-2.9109696E-01,3.77930E+00,4.36523E+00
-2.9107848E-01,3.74023E+00,4.38477E+00
-2.9106000E-01,3.79883E+00,4.36523E+00
-2.9104152E-01,3.77930E+00,4.36523E+00
-2.9102304E-01,3.72070E+00,4.36523E+00
-2.9100456E-01,3.72070E+00,4.36523E+00
-2.9098608E-01,3.72070E+00,4.38477E+00
-2.9096760E-01,3.72070E+00,4.38477E+00
-2.9094912E-01,3.85742E+00,4.36523E+00
-2.9093064E-01,3.74023E+00,4.46289E+00
-2.9091216E-01,3.79883E+00,4.30664E+00
-2.9089368E-01,3.68164E+00,4.40430E+00
-2.9087520E-01,3.75977E+00,4.38477E+00
-2.9085672E-01,3.77930E+00,4.36523E+00
-2.9083824E-01,3.77930E+00,4.34570E+00
-2.9081976E-01,3.75977E+00,4.44336E+00
-2.9080128E-01,3.89648E+00,4.38477E+00
-2.9078280E-01,3.77930E+00,4.36523E+00
-2.9076432E-01,3.70117E+00,4.36523E+00
-2.9074584E-01,3.74023E+00,4.42383E+00
-2.9072736E-01,3.77930E+00,4.36523E+00
-2.9070888E-01,3.75977E+00,4.40430E+00
-2.9069040E-01,3.75977E+00,4.42383E+00
-2.9067192E-01,3.74023E+00,4.42383E+00
-2.9065344E-01,3.75977E+00,4.40430E+00
-2.9063496E-01,3.72070E+00,4.36523E+00
-2.9061648E-01,3.77930E+00,4.36523E+00
-2.9059800E-01,3.77930E+00,4.46289E+00
-2.9057952E-01,3.72070E+00,4.36523E+00
-2.9056104E-01,3.72070E+00,4.40430E+00
-2.9054256E-01,3.85742E+00,4.38477E+00
-2.9052408E-01,3.74023E+00,4.36523E+00
-2.9050560E-01,3.75977E+00,4.36523E+00
-2.9048712E-01,3.72070E+00,4.40430E+00
-2.9046864E-01,3.79883E+00,4.34570E+00
-2.9045016E-01,3.74023E+00,4.44336E+00
-2.9043168E-01,3.74023E+00,4.40430E+00
-2.9041320E-01,3.79883E+00,4.46289E+00
-2.9039472E-01,3.72070E+00,4.36523E+00
-2.9037624E-01,3.74023E+00,4.42383E+00
-2.9035776E-01,3.74023E+00,4.38477E+00
-2.9033928E-01,3.72070E+00,4.44336E+00
-2.9032080E-01,3.72070E+00,4.40430E+00
-2.9030232E-01,3.77930E+00,4.38477E+00
-2.9028384E-01,3.79883E+00,4.36523E+00
-2.9026536E-01,3.77930E+00,4.40430E+00
-2.9024688E-01,3.74023E+00,4.42383E+00
-2.9022840E-01,3.72070E+00,4.42383E+00
-2.9020992E-01,3.75977E+00,4.40430E+00
-2.9019144E-01,3.77930E+00,4.42383E+00
-2.9017296E-01,3.75977E+00,4.36523E+00
-2.9015448E-01,3.74023E+00,4.40430E+00
-2.9013600E-01,3.83789E+00,4.36523E+00
-2.9011752E-01,3.77930E+00,4.38477E+00
-2.9009904E-01,3.72070E+00,4.38477E+00
-2.9008056E-01,3.79883E+00,4.38477E+00
-2.9006208E-01,3.85742E+00,4.42383E+00
-2.9004360E-01,3.75977E+00,4.44336E+00
-2.9002512E-01,3.77930E+00,4.36523E+00
-2.9000664E-01,3.74023E+00,4.38477E+00
-2.8998816E-01,3.74023E+00,4.36523E+00
-2.8996968E-01,3.68164E+00,4.48242E+00
-2.8995120E-01,3.74023E+00,4.32617E+00
-2.8993272E-01,3.74023E+00,4.34570E+00
-2.8991424E-01,3.79883E+00,4.36523E+00
-2.8989576E-01,3.70117E+00,4.32617E+00
-2.8987728E-01,3.74023E+00,4.40430E+00
-2.8985880E-01,3.66211E+00,4.44336E+00
-2.8984032E-01,3.79883E+00,4.38477E+00
-2.8982184E-01,3.75977E+00,4.40430E+00
-2.8980336E-01,3.79883E+00,4.36523E+00
-2.8978488E-01,3.72070E+00,4.42383E+00
-2.8976640E-01,3.72070E+00,4.36523E+00
-2.8974792E-01,3.85742E+00,4.42383E+00
-2.8972944E-01,3.81836E+00,4.36523E+00
-2.8971096E-01,3.74023E+00,4.36523E+00
-2.8969248E-01,3.79883E+00,4.36523E+00
-2.8967400E-01,3.72070E+00,4.40430E+00
-2.8965552E-01,3.75977E+00,4.38477E+00
-2.8963704E-01,3.72070E+00,4.44336E+00
-2.8961856E-01,3.75977E+00,4.40430E+00
-2.8960008E-01,3.79883E+00,4.38477E+00
-2.8958160E-01,3.81836E+00,4.36523E+00
-2.8956312E-01,3.74023E+00,4.40430E+00
-2.8954464E-01,3.77930E+00,4.40430E+00
-2.8952616E-01,3.79883E+00,4.44336E+00
-2.8950768E-01,3.77930E+00,4.38477E+00
-2.8948920E-01,3.83789E+00,4.42383E+00
-2.8947072E-01,3.77930E+00,4.44336E+00
-2.8945224E-01,3.74023E+00,4.36523E+00
-2.8943376E-01,3.79883E+00,4.36523E+00
-2.8941528E-01,3.74023E+00,4.44336E+00
-2.8939680E-01,3.85742E+00,4.40430E+00
-2.8937832E-01,3.75977E+00,4.40430E+00
-2.8935984E-01,3.72070E+00,4.38477E+00
-2.8934136E-01,3.75977E+00,4.42383E+00
-2.8932288E-01,3.75977E+00,4.36523E+00
-2.8930440E-01,3.74023E+00,4.38477E+00
-2.8928592E-01,3.83789E+00,4.44336E+00
-2.8926744E-01,3.72070E+00,4.38477E+00
-2.8924896E-01,3.75977E+00,4.42383E+00
-2.8923048E-01,3.75977E+00,4.42383E+00
-2.8921200E-01,3.79883E+00,4.40430E+00
-2.8919352E-01,3.75977E+00,4.42383E+00
-2.8917504E-01,3.79883E+00,4.38477E+00
-2.8915656E-01,3.75977E+00,4.44336E+00
-2.8913808E-01,3.75977E+00,4.40430E+00
-2.8911960E-01,3.74023E+00,4.46289E+00
-2.8910112E-01,3.79883E+00,4.36523E+00
-2.8908264E-01,3.74023E+00,4.42383E+00
-2.8906416E-01,3.74023E+00,4.42383E+00
-2.8904568E-01,3.70117E+00,4.48242E+00
-2.8902720E-01,3.79883E+00,4.40430E+00
-2.8900872E-01,3.74023E+00,4.36523E+00
-2.8899024E-01,3.85742E+00,4.38477E+00
-2.8897176E-01,3.74023E+00,4.40430E+00
-2.8895328E-01,3.77930E+00,4.40430E+00
-2.8893480E-01,3.77930E+00,4.38477E+00
-2.8891632E-01,3.85742E+00,4.36523E+00
-2.8889784E-01,3.75977E+00,4.42383E+00
-2.8887936E-01,3.74023E+00,4.42383E+00
-2.8886088E-01,3.77930E+00,4.38477E+00
-2.8884240E-01,3.79883E+00,4.42383E+00
-2.8882392E-01,3.79883E+00,4.46289E+00
-2.8880544E-01,3.83789E+00,4.42383E+00
-2.8878696E-01,3.77930E+00,4.46289E+00
-2.8876848E-01,3.72070E+00,4.36523E+00
-2.8875000E-01,3.81836E+00,4.44336E+00
-2.8873152E-01,3.77930E+00,4.36523E+00
-2.8871304E-01,3.77930E+00,4.38477E+00
-2.8869456E-01,3.79883E+00,4.34570E+00
-2.8867608E-01,3.75977E+00,4.38477E+00
-2.8865760E-01,3.77930E+00,4.38477E+00
-2.8863912E-01,3.77930E+00,4.42383E+00
-2.8862064E-01,3.79883E+00,4.38477E+00
-2.8860216E-01,3.74023E+00,4.42383E+00
-2.8858368E-01,3.79883E+00,4.36523E+00
-2.8856520E-01,3.77930E+00,4.42383E+00
-2.8854672E-01,3.72070E+00,4.40430E+00
-2.8852824E-01,3.74023E+00,4.46289E+00
-2.8850976E-01,3.72070E+00,4.40430E+00
-2.8849128E-01,3.72070E+00,4.42383E+00
-2.8847280E-01,3.66211E+00,4.34570E+00
-2.8845432E-01,3.75977E+00,4.40430E+00
-2.8843584E-01,3.79883E+00,4.40430E+00
-2.8841736E-01,3.68164E+00,4.48242E+00
-2.8839888E-01,3.79883E+00,4.42383E+00
-2.8838040E-01,3.77930E+00,4.46289E+00
-2.8836192E-01,3.79883E+00,4.38477E+00
-2.8834344E-01,3.74023E+00,4.40430E+00
-2.8832496E-01,3.79883E+00,4.36523E+00
-2.8830648E-01,3.77930E+00,4.46289E+00
-2.8828800E-01,3.79883E+00,4.38477E+00
-2.8826952E-01,3.75977E+00,4.48242E+00
-2.8825104E-01,3.81836E+00,4.40430E+00
-2.8823256E-01,3.77930E+00,4.42383E+00
-2.8821408E-01,3.79883E+00,4.38477E+00
-2.8819560E-01,3.79883E+00,4.40430E+00
-2.8817712E-01,3.77930E+00,4.36523E+00
-2.8815864E-01,3.77930E+00,4.40430E+00
-2.8814016E-01,3.77930E+00,4.36523E+00
-2.8812168E-01,3.74023E+00,4.46289E+00
-2.8810320E-01,3.79883E+00,4.42383E+00
-2.8808472E-01,3.74023E+00,4.46289E+00
-2.8806624E-01,3.79883E+00,4.40430E+00
-2.8804776E-01,3.75977E+00,4.42383E+00
-2.8802928E-01,3.68164E+00,4.42383E+00
-2.8801080E-01,3.68164E+00,4.46289E+00
-2.8799232E-01,3.75977E+00,4.38477E+00
-2.8797384E-01,3.75977E+00,4.48242E+00
-2.8795536E-01,3.77930E+00,4.38477E+00
-2.8793688E-01,3.75977E+00,4.42383E+00
-2.8791840E-01,3.81836E+00,4.36523E+00
-2.8789992E-01,3.77930E+00,4.42383E+00
-2.8788144E-01,3.83789E+00,4.44336E+00
-2.8786296E-01,3.75977E+00,4.44336E+00
-2.8784448E-01,3.83789E+00,4.40430E+00
-2.8782600E-01,3.68164E+00,4.40430E+00
-2.8780752E-01,3.79883E+00,4.44336E+00
-2.8778904E-01,3.79883E+00,4.44336E+00
-2.8777056E-01,3.79883E+00,4.44336E+00
-2.8775208E-01,3.79883E+00,4.40430E+00
-2.8773360E-01,3.81836E+00,4.44336E+00
-2.8771512E-01,3.77930E+00,4.40430E+00
-2.8769664E-01,3.79883E+00,4.40430E+00
-2.8767816E-01,3.79883E+00,4.40430E+00
-2.8765968E-01,3.79883E+00,4.42383E+00
-2.8764120E-01,3.75977E+00,4.44336E+00
-2.8762272E-01,3.70117E+00,4.36523E+00
-2.8760424E-01,3.79883E+00,4.46289E+00
-2.8758576E-01,3.75977E+00,4.38477E+00
-2.8756728E-01,3.75977E+00,4.46289E+00
-2.8754880E-01,3.79883E+00,4.34570E+00
-2.8753032E-01,3.79883E+00,4.48242E+00
-2.8751184E-01,3.79883E+00,4.38477E+00
-2.8749336E-01,3.74023E+00,4.38477E+00
-2.8747488E-01,3.81836E+00,4.36523E+00
-2.8745640E-01,3.75977E+00,4.44336E+00
-2.8743792E-01,3.81836E+00,4.44336E+00
-2.8741944E-01,3.79883E+00,4.50195E+00
-2.8740096E-01,3.72070E+00,4.38477E+00
-2.8738248E-01,3.75977E+00,4.48242E+00
-2.8736400E-01,3.81836E+00,4.34570E+00
-2.8734552E-01,3.77930E+00,4.46289E+00
-2.8732704E-01,3.79883E+00,4.48242E+00
-2.8730856E-01,3.75977E+00,4.46289E+00
-2.8729008E-01,3.75977E+00,4.42383E+00
-2.8727160E-01,3.81836E+00,4.48242E+00
-2.8725312E-01,3.79883E+00,4.40430E+00
-2.8723464E-01,3.85742E+00,4.42383E+00
-2.8721616E-01,3.79883E+00,4.38477E+00
-2.8719768E-01,3.72070E+00,4.46289E+00
-2.8717920E-01,3.81836E+00,4.42383E+00
-2.8716072E-01,3.77930E+00,4.42383E+00
-2.8714224E-01,3.75977E+00,4.40430E+00
-2.8712376E-01,3.74023E+00,4.40430E+00
-2.8710528E-01,3.79883E+00,4.36523E+00
-2.8708680E-01,3.77930E+00,4.48242E+00
-2.8706832E-01,3.74023E+00,4.42383E+00
-2.8704984E-01,3.72070E+00,4.44336E+00
-2.8703136E-01,3.89648E+00,4.36523E+00
-2.8701288E-01,3.77930E+00,4.44336E+00
-2.8699440E-01,3.83789E+00,4.38477E+00
-2.8697592E-01,3.79883E+00,4.44336E+00
-2.8695744E-01,3.85742E+00,4.36523E+00
-2.8693896E-01,3.79883E+00,4.40430E+00
-2.8692048E-01,3.85742E+00,4.42383E+00
-2.8690200E-01,3.85742E+00,4.40430E+00
-2.8688352E-01,3.79883E+00,4.40430E+00
-2.8686504E-01,3.77930E+00,4.40430E+00
-2.8684656E-01,3.75977E+00,4.38477E+00
-2.8682808E-01,3.77930E+00,4.44336E+00
-2.8680960E-01,3.72070E+00,4.44336E+00
-2.8679112E-01,3.79883E+00,4.44336E+00
-2.8677264E-01,3.77930E+00,4.50195E+00
-2.8675416E-01,3.77930E+00,4.50195E+00
-2.8673568E-01,3.79883E+00,4.42383E+00
-2.8671720E-01,3.75977E+00,4.44336E+00
-2.8669872E-01,3.85742E+00,4.36523E+00
-2.8668024E-01,3.79883E+00,4.48242E+00
-2.8666176E-01,3.81836E+00,4.46289E+00
-2.8664328E-01,3.70117E+00,4.48242E+00
-2.8662480E-01,3.74023E+00,4.36523E+00
-2.8660632E-01,3.77930E+00,4.50195E+00
-2.8658784E-01,3.79883E+00,4.42383E+00
-2.8656936E-01,3.77930E+00,4.48242E+00
-2.8655088E-01,3.83789E+00,4.42383E+00
-2.8653240E-01,3.81836E+00,4.48242E+00
-2.8651392E-01,3.81836E+00,4.36523E+00
-2.8649544E-01,3.77930E+00,4.42383E+00
-2.8647696E-01,3.79883E+00,4.36523E+00
-2.8645848E-01,3.72070E+00,4.42383E+00
-2.8644000E-01,3.79883E+00,4.38477E+00
-2.8642152E-01,3.81836E+00,4.50195E+00
-2.8640304E-01,3.79883E+00,4.44336E+00
-2.8638456E-01,3.77930E+00,4.46289E+00
-2.8636608E-01,3.75977E+00,4.48242E+00
-2.8634760E-01,3.79883E+00,4.44336E+00
-2.8632912E-01,3.74023E+00,4.42383E+00
-2.8631064E-01,3.74023E+00,4.44336E+00
-2.8629216E-01,3.83789E+00,4.36523E+00
-2.8627368E-01,3.77930E+00,4.52148E+00
-2.8625520E-01,3.81836E+00,4.40430E+00
-2.8623672E-01,3.77930E+00,4.48242E+00
-2.8621824E-01,3.85742E+00,4.42383E+00
-2.8619976E-01,3.79883E+00,4.44336E+00
-2.8618128E-01,3.79883E+00,4.44336E+00
-2.8616280E-01,3.79883E+00,4.54102E+00
-2.8614432E-01,3.79883E+00,4.44336E+00
-2.8612584E-01,3.81836E+00,4.44336E+00
-2.8610736E-01,3.81836E+00,4.42383E+00
-2.8608888E-01,3.77930E+00,4.50195E+00
-2.8607040E-01,3.81836E+00,4.46289E+00
-2.8605192E-01,3.77930E+00,4.38477E+00
-2.8603344E-01,3.79883E+00,4.42383E+00
-2.8601496E-01,3.77930E+00,4.52148E+00
-2.8599648E-01,3.81836E+00,4.46289E+00
-2.8597800E-01,3.75977E+00,4.48242E+00
-2.8595952E-01,3.83789E+00,4.42383E+00
-2.8594104E-01,3.77930E+00,4.50195E+00
-2.8592256E-01,3.79883E+00,4.38477E+00
-2.8590408E-01,3.77930E+00,4.46289E+00
-2.8588560E-01,3.81836E+00,4.44336E+00
-2.8586712E-01,3.79883E+00,4.46289E+00
-2.8584864E-01,3.77930E+00,4.38477E+00
-2.8583016E-01,3.74023E+00,4.50195E+00
-2.8581168E-01,3.81836E+00,4.42383E+00
-2.8579320E-01,3.77930E+00,4.44336E+00
-2.8577472E-01,3.85742E+00,4.44336E+00
-2.8575624E-01,3.75977E+00,4.52148E+00
-2.8573776E-01,3.85742E+00,4.48242E+00
-2.8571928E-01,3.75977E+00,4.48242E+00
-2.8570080E-01,3.79883E+00,4.50195E+00
-2.8568232E-01,3.77930E+00,4.40430E+00
-2.8566384E-01,3.77930E+00,4.40430E+00
-2.8564536E-01,3.74023E+00,4.46289E+00
-2.8562688E-01,3.79883E+00,4.44336E+00
-2.8560840E-01,3.79883E+00,4.48242E+00
-2.8558992E-01,3.79883E+00,4.46289E+00
-2.8557144E-01,3.72070E+00,4.46289E+00
-2.8555296E-01,3.89648E+00,4.48242E+00
-2.8553448E-01,3.75977E+00,4.44336E+00
-2.8551600E-01,3.79883E+00,4.42383E+00
-2.8549752E-01,3.75977E+00,4.46289E+00
-2.8547904E-01,3.89648E+00,4.48242E+00
-2.8546056E-01,3.75977E+00,4.48242E+00
-2.8544208E-01,3.79883E+00,4.42383E+00
-2.8542360E-01,3.83789E+00,4.46289E+00
-2.8540512E-01,3.79883E+00,4.46289E+00
-2.8538664E-01,3.79883E+00,4.50195E+00
-2.8536816E-01,3.74023E+00,4.44336E+00
-2.8534968E-01,3.79883E+00,4.50195E+00
-2.8533120E-01,3.74023E+00,4.46289E+00
-2.8531272E-01,3.79883E+00,4.46289E+00
-2.8529424E-01,3.79883E+00,4.44336E+00
-2.8527576E-01,3.87695E+00,4.48242E+00
-2.8525728E-01,3.83789E+00,4.44336E+00
-2.8523880E-01,3.75977E+00,4.52148E+00
-2.8522032E-01,3.75977E+00,4.42383E+00
-2.8520184E-01,3.81836E+00,4.50195E+00
-2.8518336E-01,3.79883E+00,4.42383E+00
-2.8516488E-01,3.81836E+00,4.44336E+00
-2.8514640E-01,3.83789E+00,4.40430E+00
-2.8512792E-01,3.81836E+00,4.44336E+00
-2.8510944E-01,3.81836E+00,4.44336E+00
-2.8509096E-01,3.77930E+00,4.50195E+00
-2.8507248E-01,3.85742E+00,4.44336E+00
-2.8505400E-01,3.77930E+00,4.46289E+00
-2.8503552E-01,3.83789E+00,4.44336E+00
-2.8501704E-01,3.72070E+00,4.46289E+00
-2.8499856E-01,3.81836E+00,4.44336E+00
-2.8498008E-01,3.81836E+00,4.44336E+00
-2.8496160E-01,3.74023E+00,4.40430E+00
-2.8494312E-01,3.75977E+00,4.52148E+00
-2.8492464E-01,3.83789E+00,4.44336E+00
-2.8490616E-01,3.75977E+00,4.52148E+00
-2.8488768E-01,3.79883E+00,4.44336E+00
-2.8486920E-01,3.77930E+00,4.46289E+00
-2.8485072E-01,3.75977E+00,4.38477E+00
-2.8483224E-01,3.75977E+00,4.44336E+00
-2.8481376E-01,3.79883E+00,4.50195E+00
-2.8479528E-01,3.77930E+00,4.46289E+00
-2.8477680E-01,3.79883E+00,4.46289E+00
-2.8475832E-01,3.81836E+00,4.46289E+00
-2.8473984E-01,3.77930E+00,4.44336E+00
-2.8472136E-01,3.81836E+00,4.48242E+00
-2.8470288E-01,3.85742E+00,4.48242E+00
-2.8468440E-01,3.72070E+00,4.50195E+00
-2.8466592E-01,3.79883E+00,4.48242E+00
-2.8464744E-01,3.72070E+00,4.40430E+00
-2.8462896E-01,3.74023E+00,4.44336E+00
-2.8461048E-01,3.81836E+00,4.56055E+00
-2.8459200E-01,3.85742E+00,4.44336E+00
-2.8457352E-01,3.77930E+00,4.48242E+00
-2.8455504E-01,3.81836E+00,4.44336E+00
-2.8453656E-01,3.72070E+00,4.52148E+00
-2.8451808E-01,3.85742E+00,4.42383E+00
-2.8449960E-01,3.81836E+00,4.48242E+00
-2.8448112E-01,3.79883E+00,4.44336E+00
-2.8446264E-01,3.74023E+00,4.46289E+00
-2.8444416E-01,3.77930E+00,4.42383E+00
-2.8442568E-01,3.72070E+00,4.50195E+00
-2.8440720E-01,3.85742E+00,4.44336E+00
-2.8438872E-01,3.81836E+00,4.48242E+00
-2.8437024E-01,3.85742E+00,4.40430E+00
-2.8435176E-01,3.77930E+00,4.48242E+00
-2.8433328E-01,3.79883E+00,4.44336E+00
-2.8431480E-01,3.79883E+00,4.50195E+00
-2.8429632E-01,3.74023E+00,4.48242E+00
-2.8427784E-01,3.79883E+00,4.54102E+00
-2.8425936E-01,3.81836E+00,4.46289E+00
-2.8424088E-01,3.79883E+00,4.52148E+00
-2.8422240E-01,3.81836E+00,4.46289E+00
-2.8420392E-01,3.85742E+00,4.46289E+00
-2.8418544E-01,3.81836E+00,4.46289E+00
-2.8416696E-01,3.75977E+00,4.48242E+00
-2.8414848E-01,3.81836E+00,4.44336E+00
-2.8413000E-01,3.75977E+00,4.50195E+00
-2.8411152E-01,3.83789E+00,4.48242E+00
-2.8409304E-01,3.81836E+00,4.50195E+00
-2.8407456E-01,3.79883E+00,4.46289E+00
-2.8405608E-01,3.75977E+00,4.52148E+00
-2.8403760E-01,3.77930E+00,4.44336E+00
-2.8401912E-01,3.70117E+00,4.48242E+00
-2.8400064E-01,3.77930E+00,4.48242E+00
-2.8398216E-01,3.79883E+00,4.44336E+00
-2.8396368E-01,3.74023E+00,4.48242E+00
-2.8394520E-01,3.79883E+00,4.46289E+00
-2.8392672E-01,3.74023E+00,4.44336E+00
-2.8390824E-01,3.74023E+00,4.44336E+00
-2.8388976E-01,3.79883E+00,4.50195E+00
-2.8387128E-01,3.79883E+00,4.50195E+00
-2.8385280E-01,3.77930E+00,4.52148E+00
-2.8383432E-01,3.79883E+00,4.46289E+00
-2.8381584E-01,3.79883E+00,4.44336E+00
-2.8379736E-01,3.79883E+00,4.48242E+00
-2.8377888E-01,3.77930E+00,4.40430E+00
-2.8376040E-01,3.79883E+00,4.46289E+00
-2.8374192E-01,3.81836E+00,4.44336E+00
-2.8372344E-01,3.81836E+00,4.52148E+00
-2.8370496E-01,3.79883E+00,4.50195E+00
-2.8368648E-01,3.79883E+00,4.46289E+00
-2.8366800E-01,3.85742E+00,4.44336E+00
-2.8364952E-01,3.77930E+00,4.46289E+00
-2.8363104E-01,3.75977E+00,4.38477E+00
-2.8361256E-01,3.77930E+00,4.50195E+00
-2.8359408E-01,3.77930E+00,4.52148E+00
-2.8357560E-01,3.77930E+00,4.48242E+00
-2.8355712E-01,3.87695E+00,4.46289E+00
-2.8353864E-01,3.77930E+00,4.48242E+00
-2.8352016E-01,3.79883E+00,4.50195E+00
-2.8350168E-01,3.75977E+00,4.48242E+00
-2.8348320E-01,3.79883E+00,4.46289E+00
-2.8346472E-01,3.83789E+00,4.52148E+00
-2.8344624E-01,3.79883E+00,4.40430E+00
-2.8342776E-01,3.79883E+00,4.50195E+00
-2.8340928E-01,3.79883E+00,4.48242E+00
-2.8339080E-01,3.79883E+00,4.54102E+00
-2.8337232E-01,3.70117E+00,4.46289E+00
-2.8335384E-01,3.77930E+00,4.50195E+00
-2.8333536E-01,3.79883E+00,4.44336E+00
-2.8331688E-01,3.74023E+00,4.52148E+00
-2.8329840E-01,3.81836E+00,4.42383E+00
-2.8327992E-01,3.85742E+00,4.50195E+00
-2.8326144E-01,3.79883E+00,4.48242E+00
-2.8324296E-01,3.72070E+00,4.50195E+00
-2.8322448E-01,3.77930E+00,4.46289E+00
-2.8320600E-01,3.75977E+00,4.52148E+00
-2.8318752E-01,3.81836E+00,4.46289E+00
-2.8316904E-01,3.83789E+00,4.50195E+00
-2.8315056E-01,3.81836E+00,4.44336E+00
-2.8313208E-01,3.81836E+00,4.52148E+00
-2.8311360E-01,3.85742E+00,4.46289E+00
-2.8309512E-01,3.75977E+00,4.50195E+00
-2.8307664E-01,3.79883E+00,4.50195E+00
-2.8305816E-01,3.75977E+00,4.50195E+00
-2.8303968E-01,3.79883E+00,4.50195E+00
-2.8302120E-01,3.70117E+00,4.50195E+00
-2.8300272E-01,3.81836E+00,4.50195E+00
-2.8298424E-01,3.77930E+00,4.56055E+00
-2.8296576E-01,3.83789E+00,4.44336E+00
-2.8294728E-01,3.77930E+00,4.50195E+00
-2.8292880E-01,3.81836E+00,4.44336E+00
-2.8291032E-01,3.85742E+00,4.52148E+00
-2.8289184E-01,3.79883E+00,4.44336E+00
-2.8287336E-01,3.79883E+00,4.52148E+00
-2.8285488E-01,3.79883E+00,4.50195E+00
-2.8283640E-01,3.79883E+00,4.58008E+00
-2.8281792E-01,3.79883E+00,4.52148E+00
-2.8279944E-01,3.77930E+00,4.48242E+00
-2.8278096E-01,3.89648E+00,4.46289E+00
-2.8276248E-01,3.74023E+00,4.58008E+00
-2.8274400E-01,3.81836E+00,4.44336E+00
-2.8272552E-01,3.75977E+00,4.48242E+00
-2.8270704E-01,3.79883E+00,4.50195E+00
-2.8268856E-01,3.77930E+00,4.48242E+00
-2.8267008E-01,3.79883E+00,4.46289E+00
-2.8265160E-01,3.87695E+00,4.48242E+00
-2.8263312E-01,3.77930E+00,4.48242E+00
-2.8261464E-01,3.79883E+00,4.52148E+00
-2.8259616E-01,3.85742E+00,4.50195E+00
-2.8257768E-01,3.75977E+00,4.54102E+00
-2.8255920E-01,3.79883E+00,4.48242E+00
-2.8254072E-01,3.77930E+00,4.50195E+00
-2.8252224E-01,3.79883E+00,4.44336E+00
-2.8250376E-01,3.77930E+00,4.50195E+00
-2.8248528E-01,3.87695E+00,4.44336E+00
-2.8246680E-01,3.75977E+00,4.52148E+00
-2.8244832E-01,3.81836E+00,4.50195E+00
-2.8242984E-01,3.79883E+00,4.48242E+00
-2.8241136E-01,3.74023E+00,4.52148E+00
-2.8239288E-01,3.74023E+00,4.50195E+00
-2.8237440E-01,3.83789E+00,4.40430E+00
-2.8235592E-01,3.83789E+00,4.52148E+00
-2.8233744E-01,3.74023E+00,4.44336E+00
-2.8231896E-01,3.77930E+00,4.50195E+00
-2.8230048E-01,3.83789E+00,4.48242E+00
-2.8228200E-01,3.74023E+00,4.52148E+00
-2.8226352E-01,3.79883E+00,4.48242E+00
-2.8224504E-01,3.74023E+00,4.56055E+00
-2.8222656E-01,3.77930E+00,4.42383E+00
-2.8220808E-01,3.83789E+00,4.52148E+00
-2.8218960E-01,3.79883E+00,4.46289E+00
-2.8217112E-01,3.77930E+00,4.40430E+00
-2.8215264E-01,3.85742E+00,4.48242E+00
-2.8213416E-01,3.85742E+00,4.54102E+00
-2.8211568E-01,3.77930E+00,4.50195E+00
-2.8209720E-01,3.77930E+00,4.48242E+00
-2.8207872E-01,3.83789E+00,4.48242E+00
-2.8206024E-01,3.79883E+00,4.50195E+00
-2.8204176E-01,3.79883E+00,4.52148E+00
-2.8202328E-01,3.79883E+00,4.50195E+00
-2.8200480E-01,3.79883E+00,4.48242E+00
-2.8198632E-01,3.79883E+00,4.48242E+00
-2.8196784E-01,3.83789E+00,4.52148E+00
-2.8194936E-01,3.75977E+00,4.54102E+00
-2.8193088E-01,3.81836E+00,4.46289E+00
-2.8191240E-01,3.79883E+00,4.46289E+00
-2.8189392E-01,3.79883E+00,4.48242E+00
-2.8187544E-01,3.79883E+00,4.50195E+00
-2.8185696E-01,3.85742E+00,4.44336E+00
-2.8183848E-01,3.81836E+00,4.52148E+00
-2.8182000E-01,3.91602E+00,4.46289E+00
-2.8180152E-01,3.79883E+00,4.56055E+00
-2.8178304E-01,3.79883E+00,4.50195E+00
-2.8176456E-01,3.74023E+00,4.54102E+00
-2.8174608E-01,3.85742E+00,4.44336E+00
-2.8172760E-01,3.79883E+00,4.46289E+00
-2.8170912E-01,3.81836E+00,4.40430E+00
-2.8169064E-01,3.83789E+00,4.46289E+00
-2.8167216E-01,3.85742E+00,4.50195E+00
-2.8165368E-01,3.72070E+00,4.52148E+00
-2.8163520E-01,3.79883E+00,4.46289E+00
-2.8161672E-01,3.83789E+00,4.52148E+00
-2.8159824E-01,3.75977E+00,4.48242E+00
-2.8157976E-01,3.85742E+00,4.50195E+00
-2.8156128E-01,3.85742E+00,4.42383E+00
-2.8154280E-01,3.75977E+00,4.52148E+00
-2.8152432E-01,3.85742E+00,4.52148E+00
-2.8150584E-01,3.77930E+00,4.54102E+00
-2.8148736E-01,3.83789E+00,4.34570E+00
-2.8146888E-01,3.79883E+00,4.52148E+00
-2.8145040E-01,3.89648E+00,4.56055E+00
-2.8143192E-01,3.77930E+00,4.54102E+00
-2.8141344E-01,3.77930E+00,4.44336E+00
-2.8139496E-01,3.77930E+00,4.50195E+00
-2.8137648E-01,3.77930E+00,4.46289E+00
-2.8135800E-01,3.81836E+00,4.52148E+00
-2.8133952E-01,3.79883E+00,4.44336E+00
-2.8132104E-01,3.77930E+00,4.54102E+00
-2.8130256E-01,3.85742E+00,4.44336E+00
-2.8128408E-01,3.77930E+00,4.50195E+00
-2.8126560E-01,3.79883E+00,4.48242E+00
-2.8124712E-01,3.79883E+00,4.56055E+00
-2.8122864E-01,3.77930E+00,4.50195E+00
-2.8121016E-01,3.85742E+00,4.52148E+00
-2.8119168E-01,3.91602E+00,4.56055E+00
-2.8117320E-01,3.75977E+00,4.52148E+00
-2.8115472E-01,3.79883E+00,4.56055E+00
-2.8113624E-01,3.74023E+00,4.46289E+00
-2.8111776E-01,3.77930E+00,4.48242E+00
-2.8109928E-01,3.75977E+00,4.48242E+00
-2.8108080E-01,3.83789E+00,4.52148E+00
-2.8106232E-01,3.77930E+00,4.52148E+00
-2.8104384E-01,3.81836E+00,4.48242E+00
-2.8102536E-01,3.77930E+00,4.52148E+00
-2.8100688E-01,3.75977E+00,4.52148E+00
-2.8098840E-01,3.75977E+00,4.50195E+00
-2.8096992E-01,3.77930E+00,4.46289E+00
-2.8095144E-01,3.74023E+00,4.50195E+00
-2.8093296E-01,3.75977E+00,4.44336E+00
-2.8091448E-01,3.72070E+00,4.58008E+00
-2.8089600E-01,3.75977E+00,4.50195E+00
-2.8087752E-01,3.77930E+00,4.52148E+00
-2.8085904E-01,3.75977E+00,4.50195E+00
-2.8084056E-01,3.85742E+00,4.52148E+00
-2.8082208E-01,3.85742E+00,4.48242E+00
-2.8080360E-01,3.74023E+00,4.50195E+00
-2.8078512E-01,3.79883E+00,4.40430E+00
-2.8076664E-01,3.79883E+00,4.58008E+00
-2.8074816E-01,3.79883E+00,4.46289E+00
-2.8072968E-01,3.79883E+00,4.56055E+00
-2.8071120E-01,3.83789E+00,4.56055E+00
-2.8069272E-01,3.83789E+00,4.54102E+00
-2.8067424E-01,3.81836E+00,4.44336E+00
-2.8065576E-01,3.83789E+00,4.54102E+00
-2.8063728E-01,3.83789E+00,4.48242E+00
-2.8061880E-01,3.77930E+00,4.58008E+00
-2.8060032E-01,3.79883E+00,4.44336E+00
-2.8058184E-01,3.77930E+00,4.52148E+00
-2.8056336E-01,3.85742E+00,4.48242E+00
-2.8054488E-01,3.74023E+00,4.48242E+00
-2.8052640E-01,3.77930E+00,4.52148E+00
-2.8050792E-01,3.81836E+00,4.59961E+00
-2.8048944E-01,3.85742E+00,4.44336E+00
-2.8047096E-01,3.74023E+00,4.59961E+00
-2.8045248E-01,3.81836E+00,4.46289E+00
-2.8043400E-01,3.81836E+00,4.50195E+00
-2.8041552E-01,3.75977E+00,4.50195E+00
-2.8039704E-01,3.77930E+00,4.46289E+00
-2.8037856E-01,3.79883E+00,4.54102E+00
-2.8036008E-01,3.79883E+00,4.56055E+00
-2.8034160E-01,3.79883E+00,4.56055E+00
-2.8032312E-01,3.79883E+00,4.50195E+00
-2.8030464E-01,3.79883E+00,4.44336E+00
-2.8028616E-01,3.77930E+00,4.58008E+00
-2.8026768E-01,3.85742E+00,4.56055E+00
-2.8024920E-01,3.79883E+00,4.54102E+00
-2.8023072E-01,3.85742E+00,4.56055E+00
-2.8021224E-01,3.77930E+00,4.52148E+00
-2.8019376E-01,3.79883E+00,4.58008E+00
-2.8017528E-01,3.81836E+00,4.58008E+00
-2.8015680E-01,3.83789E+00,4.46289E+00
-2.8013832E-01,3.79883E+00,4.54102E+00
-2.8011984E-01,3.81836E+00,4.52148E+00
-2.8010136E-01,3.83789E+00,4.50195E+00
-2.8008288E-01,3.89648E+00,4.50195E+00
-2.8006440E-01,3.79883E+00,4.52148E+00
-2.8004592E-01,3.83789E+00,4.54102E+00
-2.8002744E-01,3.75977E+00,4.56055E+00
-2.8000896E-01,3.85742E+00,4.50195E+00
-2.7999048E-01,3.81836E+00,4.52148E+00
-2.7997200E-01,3.89648E+00,4.46289E+00
-2.7995352E-01,3.77930E+00,4.58008E+00
-2.7993504E-01,3.79883E+00,4.44336E+00
-2.7991656E-01,3.75977E+00,4.46289E+00
-2.7989808E-01,3.83789E+00,4.54102E+00
-2.7987960E-01,3.85742E+00,4.52148E+00
-2.7986112E-01,3.85742E+00,4.46289E+00
-2.7984264E-01,3.75977E+00,4.50195E+00
-2.7982416E-01,3.74023E+00,4.50195E+00
-2.7980568E-01,3.81836E+00,4.54102E+00
-2.7978720E-01,3.79883E+00,4.50195E+00
-2.7976872E-01,3.77930E+00,4.59961E+00
-2.7975024E-01,3.85742E+00,4.50195E+00
-2.7973176E-01,3.75977E+00,4.46289E+00
-2.7971328E-01,3.79883E+00,4.46289E+00
-2.7969480E-01,3.77930E+00,4.56055E+00
-2.7967632E-01,3.83789E+00,4.54102E+00
-2.7965784E-01,3.72070E+00,4.56055E+00
-2.7963936E-01,3.74023E+00,4.48242E+00
-2.7962088E-01,3.79883E+00,4.52148E+00
-2.7960240E-01,3.79883E+00,4.48242E+00
-2.7958392E-01,3.74023E+00,4.54102E+00
-2.7956544E-01,3.81836E+00,4.52148E+00
-2.7954696E-01,3.77930E+00,4.58008E+00
-2.7952848E-01,3.75977E+00,4.46289E+00
-2.7951000E-01,3.81836E+00,4.56055E+00
-2.7949152E-01,3.83789E+00,4.48242E+00
-2.7947304E-01,3.75977E+00,4.58008E+00
-2.7945456E-01,3.89648E+00,4.48242E+00
-2.7943608E-01,3.74023E+00,4.50195E+00
-2.7941760E-01,3.77930E+00,4.56055E+00
-2.7939912E-01,3.77930E+00,4.59961E+00
-2.7938064E-01,3.79883E+00,4.50195E+00
-2.7936216E-01,3.77930E+00,4.50195E+00
-2.7934368E-01,3.81836E+00,4.48242E+00
-2.7932520E-01,3.81836E+00,4.61914E+00
-2.7930672E-01,3.85742E+00,4.56055E+00
-2.7928824E-01,3.83789E+00,4.54102E+00
-2.7926976E-01,3.83789E+00,4.52148E+00
-2.7925128E-01,3.77930E+00,4.54102E+00
-2.7923280E-01,3.81836E+00,4.56055E+00
-2.7921432E-01,3.83789E+00,4.58008E+00
-2.7919584E-01,3.81836E+00,4.52148E+00
-2.7917736E-01,3.87695E+00,4.52148E+00
-2.7915888E-01,3.77930E+00,4.50195E+00
-2.7914040E-01,3.81836E+00,4.58008E+00
-2.7912192E-01,3.81836E+00,4.56055E+00
-2.7910344E-01,3.81836E+00,4.58008E+00
-2.7908496E-01,3.83789E+00,4.44336E+00
-2.7906648E-01,3.83789E+00,4.56055E+00
-2.7904800E-01,3.79883E+00,4.44336E+00
-2.7902952E-01,3.77930E+00,4.59961E+00
-2.7901104E-01,3.79883E+00,4.48242E+00
-2.7899256E-01,3.85742E+00,4.58008E+00
-2.7897408E-01,3.85742E+00,4.54102E+00
-2.7895560E-01,3.75977E+00,4.50195E+00
-2.7893712E-01,3.74023E+00,4.46289E+00
-2.7891864E-01,3.83789E+00,4.52148E+00
-2.7890016E-01,3.79883E+00,4.52148E+00
-2.7888168E-01,3.74023E+00,4.58008E+00
-2.7886320E-01,3.83789E+00,4.50195E+00
-2.7884472E-01,3.83789E+00,4.54102E+00
-2.7882624E-01,3.79883E+00,4.50195E+00
-2.7880776E-01,3.85742E+00,4.59961E+00
-2.7878928E-01,3.81836E+00,4.58008E+00
-2.7877080E-01,3.77930E+00,4.58008E+00
-2.7875232E-01,3.79883E+00,4.54102E+00
-2.7873384E-01,3.75977E+00,4.58008E+00
-2.7871536E-01,3.79883E+00,4.54102E+00
-2.7869688E-01,3.83789E+00,4.58008E+00
-2.7867840E-01,3.85742E+00,4.46289E+00
-2.7865992E-01,3.85742E+00,4.52148E+00
-2.7864144E-01,3.85742E+00,4.50195E+00
-2.7862296E-01,3.75977E+00,4.56055E+00
-2.7860448E-01,3.79883E+00,4.50195E+00
-2.7858600E-01,3.75977E+00,4.58008E+00
-2.7856752E-01,3.79883E+00,4.52148E+00
-2.7854904E-01,3.79883E+00,4.59961E+00
-2.7853056E-01,3.74023E+00,4.52148E+00
-2.7851208E-01,3.75977E+00,4.52148E+00
-2.7849360E-01,3.85742E+00,4.52148E+00
-2.7847512E-01,3.79883E+00,4.54102E+00
-2.7845664E-01,3.79883E+00,4.54102E+00
-2.7843816E-01,3.72070E+00,4.56055E+00
-2.7841968E-01,3.85742E+00,4.52148E+00
-2.7840120E-01,3.83789E+00,4.54102E+00
-2.7838272E-01,3.79883E+00,4.52148E+00
-2.7836424E-01,3.79883E+00,4.56055E+00
-2.7834576E-01,3.85742E+00,4.50195E+00
-2.7832728E-01,3.83789E+00,4.58008E+00
-2.7830880E-01,3.77930E+00,4.50195E+00
-2.7829032E-01,3.75977E+00,4.59961E+00
-2.7827184E-01,3.81836E+00,4.52148E+00
-2.7825336E-01,3.75977E+00,4.54102E+00
-2.7823488E-01,3.91602E+00,4.44336E+00
-2.7821640E-01,3.81836E+00,4.56055E+00
-2.7819792E-01,3.83789E+00,4.48242E+00
-2.7817944E-01,3.79883E+00,4.56055E+00
-2.7816096E-01,3.77930E+00,4.50195E+00
-2.7814248E-01,3.72070E+00,4.63867E+00
-2.7812400E-01,3.85742E+00,4.52148E+00
-2.7810552E-01,3.85742E+00,4.54102E+00
-2.7808704E-01,3.77930E+00,4.50195E+00
-2.7806856E-01,3.79883E+00,4.63867E+00
-2.7805008E-01,3.85742E+00,4.52148E+00
-2.7803160E-01,3.77930E+00,4.58008E+00
-2.7801312E-01,3.81836E+00,4.52148E+00
-2.7799464E-01,3.83789E+00,4.59961E+00
-2.7797616E-01,3.85742E+00,4.52148E+00
-2.7795768E-01,3.85742E+00,4.54102E+00
-2.7793920E-01,3.79883E+00,4.54102E+00
-2.7792072E-01,3.77930E+00,4.59961E+00
-2.7790224E-01,3.85742E+00,4.56055E+00
-2.7788376E-01,3.79883E+00,4.54102E+00
-2.7786528E-01,3.89648E+00,4.58008E+00
-2.7784680E-01,3.75977E+00,4.54102E+00
-2.7782832E-01,3.81836E+00,4.54102E+00
-2.7780984E-01,3.83789E+00,4.58008E+00
-2.7779136E-01,3.85742E+00,4.56055E+00
-2.7777288E-01,3.81836E+00,4.52148E+00
-2.7775440E-01,3.85742E+00,4.52148E+00
-2.7773592E-01,3.81836E+00,4.61914E+00
-2.7771744E-01,3.83789E+00,4.50195E+00
-2.7769896E-01,3.75977E+00,4.59961E+00
-2.7768048E-01,3.83789E+00,4.54102E+00
-2.7766200E-01,3.77930E+00,4.58008E+00
-2.7764352E-01,3.83789E+00,4.56055E+00
-2.7762504E-01,3.77930E+00,4.58008E+00
-2.7760656E-01,3.85742E+00,4.54102E+00
-2.7758808E-01,3.83789E+00,4.58008E+00
-2.7756960E-01,3.81836E+00,4.52148E+00
-2.7755112E-01,3.79883E+00,4.58008E+00
-2.7753264E-01,3.89648E+00,4.52148E+00
-2.7751416E-01,3.81836E+00,4.59961E+00
-2.7749568E-01,3.89648E+00,4.52148E+00
-2.7747720E-01,3.77930E+00,4.58008E+00
-2.7745872E-01,3.79883E+00,4.54102E+00
-2.7744024E-01,3.79883E+00,4.59961E+00
-2.7742176E-01,3.77930E+00,4.52148E+00
-2.7740328E-01,3.85742E+00,4.56055E+00
-2.7738480E-01,3.81836E+00,4.52148E+00
-2.7736632E-01,3.79883E+00,4.58008E+00
-2.7734784E-01,3.83789E+00,4.56055E+00
-2.7732936E-01,3.81836E+00,4.56055E+00
-2.7731088E-01,3.87695E+00,4.56055E+00
-2.7729240E-01,3.79883E+00,4.59961E+00
-2.7727392E-01,3.85742E+00,4.58008E+00
-2.7725544E-01,3.79883E+00,4.59961E+00
-2.7723696E-01,3.89648E+00,4.56055E+00
-2.7721848E-01,3.77930E+00,4.58008E+00
-2.7720000E-01,3.79883E+00,4.50195E+00
-2.7718152E-01,3.74023E+00,4.58008E+00
-2.7716304E-01,3.81836E+00,4.48242E+00
-2.7714456E-01,3.79883E+00,4.58008E+00
-2.7712608E-01,3.87695E+00,4.54102E+00
-2.7710760E-01,3.77930E+00,4.54102E+00
-2.7708912E-01,3.81836E+00,4.52148E+00
-2.7707064E-01,3.85742E+00,4.54102E+00
-2.7705216E-01,3.81836E+00,4.58008E+00
-2.7703368E-01,3.87695E+00,4.63867E+00
-2.7701520E-01,3.77930E+00,4.52148E+00
-2.7699672E-01,3.81836E+00,4.52148E+00
-2.7697824E-01,3.85742E+00,4.56055E+00
-2.7695976E-01,3.79883E+00,4.59961E+00
-2.7694128E-01,3.79883E+00,4.54102E+00
-2.7692280E-01,3.85742E+00,4.59961E+00
-2.7690432E-01,3.85742E+00,4.52148E+00
-2.7688584E-01,3.79883E+00,4.58008E+00
-2.7686736E-01,3.85742E+00,4.61914E+00
-2.7684888E-01,3.75977E+00,4.58008E+00
-2.7683040E-01,3.85742E+00,4.46289E+00
-2.7681192E-01,3.79883E+00,4.52148E+00
-2.7679344E-01,3.85742E+00,4.59961E+00
-2.7677496E-01,3.79883E+00,4.54102E+00
-2.7675648E-01,3.81836E+00,4.54102E+00
-2.7673800E-01,3.81836E+00,4.59961E+00
-2.7671952E-01,3.91602E+00,4.59961E+00
-2.7670104E-01,3.79883E+00,4.63867E+00
-2.7668256E-01,3.81836E+00,4.58008E+00
-2.7666408E-01,3.79883E+00,4.56055E+00
-2.7664560E-01,3.79883E+00,4.52148E+00
-2.7662712E-01,3.81836E+00,4.61914E+00
-2.7660864E-01,3.83789E+00,4.58008E+00
-2.7659016E-01,3.77930E+00,4.61914E+00
-2.7657168E-01,3.75977E+00,4.56055E+00
-2.7655320E-01,3.79883E+00,4.65820E+00
-2.7653472E-01,3.81836E+00,4.56055E+00
-2.7651624E-01,3.77930E+00,4.65820E+00
-2.7649776E-01,3.87695E+00,4.56055E+00
-2.7647928E-01,3.79883E+00,4.63867E+00
-2.7646080E-01,3.83789E+00,4.58008E+00
-2.7644232E-01,3.75977E+00,4.58008E+00
-2.7642384E-01,3.87695E+00,4.52148E+00
-2.7640536E-01,3.74023E+00,4.61914E+00
-2.7638688E-01,3.85742E+00,4.54102E+00
-2.7636840E-01,3.77930E+00,4.52148E+00
-2.7634992E-01,3.85742E+00,4.56055E+00
-2.7633144E-01,3.79883E+00,4.58008E+00
-2.7631296E-01,3.85742E+00,4.52148E+00
-2.7629448E-01,3.77930E+00,4.58008E+00
-2.7627600E-01,3.91602E+00,4.58008E+00
-2.7625752E-01,3.75977E+00,4.63867E+00
-2.7623904E-01,3.77930E+00,4.52148E+00
-2.7622056E-01,3.85742E+00,4.59961E+00
-2.7620208E-01,3.89648E+00,4.61914E+00
-2.7618360E-01,3.85742E+00,4.61914E+00
-2.7616512E-01,3.87695E+00,4.58008E+00
-2.7614664E-01,3.79883E+00,4.58008E+00
-2.7612816E-01,3.74023E+00,4.56055E+00
-2.7610968E-01,3.77930E+00,4.61914E+00
-2.7609120E-01,3.79883E+00,4.54102E+00
-2.7607272E-01,3.87695E+00,4.63867E+00
-2.7605424E-01,3.81836E+00,4.52148E+00
-2.7603576E-01,3.81836E+00,4.61914E+00
-2.7601728E-01,3.79883E+00,4.59961E+00
-2.7599880E-01,3.79883E+00,4.59961E+00
-2.7598032E-01,3.77930E+00,4.54102E+00
-2.7596184E-01,3.79883E+00,4.56055E+00
-2.7594336E-01,3.87695E+00,4.56055E+00
-2.7592488E-01,3.74023E+00,4.65820E+00
-2.7590640E-01,3.79883E+00,4.54102E+00
-2.7588792E-01,3.77930E+00,4.59961E+00
-2.7586944E-01,3.87695E+00,4.52148E+00
-2.7585096E-01,3.79883E+00,4.58008E+00
-2.7583248E-01,3.85742E+00,4.58008E+00
-2.7581400E-01,3.85742E+00,4.65820E+00
-2.7579552E-01,3.79883E+00,4.63867E+00
-2.7577704E-01,3.83789E+00,4.61914E+00
-2.7575856E-01,3.85742E+00,4.56055E+00
-2.7574008E-01,3.79883E+00,4.59961E+00
-2.7572160E-01,3.79883E+00,4.58008E+00
-2.7570312E-01,3.85742E+00,4.58008E+00
-2.7568464E-01,3.85742E+00,4.61914E+00
-2.7566616E-01,3.77930E+00,4.59961E+00
-2.7564768E-01,3.83789E+00,4.61914E+00
-2.7562920E-01,3.81836E+00,4.58008E+00
-2.7561072E-01,3.85742E+00,4.58008E+00
-2.7559224E-01,3.77930E+00,4.61914E+00
-2.7557376E-01,3.89648E+00,4.58008E+00
-2.7555528E-01,3.81836E+00,4.61914E+00
-2.7553680E-01,3.91602E+00,4.65820E+00
-2.7551832E-01,3.85742E+00,4.54102E+00
-2.7549984E-01,3.85742E+00,4.59961E+00
-2.7548136E-01,3.79883E+00,4.58008E+00
-2.7546288E-01,3.79883E+00,4.56055E+00
-2.7544440E-01,3.83789E+00,4.59961E+00
-2.7542592E-01,3.85742E+00,4.59961E+00
-2.7540744E-01,3.83789E+00,4.65820E+00
-2.7538896E-01,3.91602E+00,4.59961E+00
-2.7537048E-01,3.79883E+00,4.61914E+00
-2.7535200E-01,3.87695E+00,4.58008E+00
-2.7533352E-01,3.83789E+00,4.59961E+00
-2.7531504E-01,3.79883E+00,4.54102E+00
-2.7529656E-01,3.79883E+00,4.59961E+00
-2.7527808E-01,3.79883E+00,4.65820E+00
-2.7525960E-01,3.77930E+00,4.65820E+00
-2.7524112E-01,3.89648E+00,4.58008E+00
-2.7522264E-01,3.83789E+00,4.58008E+00
-2.7520416E-01,3.81836E+00,4.59961E+00
-2.7518568E-01,3.77930E+00,4.63867E+00
-2.7516720E-01,3.87695E+00,4.58008E+00
-2.7514872E-01,3.85742E+00,4.59961E+00
-2.7513024E-01,3.85742E+00,4.54102E+00
-2.7511176E-01,3.85742E+00,4.61914E+00
-2.7509328E-01,3.79883E+00,4.54102E+00
-2.7507480E-01,3.85742E+00,4.58008E+00
-2.7505632E-01,3.83789E+00,4.54102E+00
-2.7503784E-01,3.79883E+00,4.59961E+00
-2.7501936E-01,3.85742E+00,4.63867E+00
-2.7500088E-01,3.77930E+00,4.63867E+00
-2.7498240E-01,3.89648E+00,4.56055E+00
-2.7496392E-01,3.79883E+00,4.61914E+00
-2.7494544E-01,3.83789E+00,4.59961E+00
-2.7492696E-01,3.85742E+00,4.65820E+00
-2.7490848E-01,3.85742E+00,4.56055E+00
-2.7489000E-01,3.81836E+00,4.58008E+00
-2.7487152E-01,3.91602E+00,4.58008E+00
-2.7485304E-01,3.81836E+00,4.63867E+00
-2.7483456E-01,3.91602E+00,4.58008E+00
-2.7481608E-01,3.87695E+00,4.58008E+00
-2.7479760E-01,3.81836E+00,4.56055E+00
-2.7477912E-01,3.85742E+00,4.61914E+00
-2.7476064E-01,3.91602E+00,4.52148E+00
-2.7474216E-01,3.74023E+00,4.63867E+00
-2.7472368E-01,3.83789E+00,4.56055E+00
-2.7470520E-01,3.79883E+00,4.65820E+00
-2.7468672E-01,3.77930E+00,4.56055E+00
-2.7466824E-01,3.79883E+00,4.63867E+00
-2.7464976E-01,3.81836E+00,4.54102E+00
-2.7463128E-01,3.83789E+00,4.63867E+00
-2.7461280E-01,3.87695E+00,4.56055E+00
-2.7459432E-01,3.83789E+00,4.63867E+00
-2.7457584E-01,3.79883E+00,4.61914E+00
-2.7455736E-01,3.85742E+00,4.65820E+00
-2.7453888E-01,3.87695E+00,4.58008E+00
-2.7452040E-01,3.77930E+00,4.59961E+00
-2.7450192E-01,3.85742E+00,4.56055E+00
-2.7448344E-01,3.75977E+00,4.69727E+00
-2.7446496E-01,3.85742E+00,4.58008E+00
-2.7444648E-01,3.83789E+00,4.61914E+00
-2.7442800E-01,3.85742E+00,4.58008E+00
-2.7440952E-01,3.79883E+00,4.61914E+00
-2.7439104E-01,3.85742E+00,4.58008E+00
-2.7437256E-01,3.75977E+00,4.61914E+00
-2.7435408E-01,3.87695E+00,4.58008E+00
-2.7433560E-01,3.85742E+00,4.65820E+00
-2.7431712E-01,3.85742E+00,4.58008E+00
-2.7429864E-01,3.79883E+00,4.59961E+00
-2.7428016E-01,3.81836E+00,4.63867E+00
-2.7426168E-01,3.85742E+00,4.61914E+00
-2.7424320E-01,3.77930E+00,4.58008E+00
-2.7422472E-01,3.81836E+00,4.58008E+00
-2.7420624E-01,3.87695E+00,4.59961E+00
-2.7418776E-01,3.83789E+00,4.59961E+00
-2.7416928E-01,3.83789E+00,4.52148E+00
-2.7415080E-01,3.79883E+00,4.61914E+00
-2.7413232E-01,3.89648E+00,4.61914E+00
-2.7411384E-01,3.87695E+00,4.59961E+00
-2.7409536E-01,3.91602E+00,4.63867E+00
-2.7407688E-01,3.85742E+00,4.59961E+00
-2.7405840E-01,3.72070E+00,4.56055E+00
-2.7403992E-01,3.81836E+00,4.61914E+00
-2.7402144E-01,3.79883E+00,4.56055E+00
-2.7400296E-01,3.85742E+00,4.65820E+00
-2.7398448E-01,3.79883E+00,4.59961E+00
-2.7396600E-01,3.77930E+00,4.65820E+00
-2.7394752E-01,3.83789E+00,4.59961E+00
-2.7392904E-01,3.79883E+00,4.63867E+00
-2.7391056E-01,3.89648E+00,4.56055E+00
-2.7389208E-01,3.79883E+00,4.63867E+00
-2.7387360E-01,3.81836E+00,4.56055E+00
-2.7385512E-01,3.87695E+00,4.65820E+00
-2.7383664E-01,3.91602E+00,4.58008E+00
-2.7381816E-01,3.85742E+00,4.69727E+00
-2.7379968E-01,3.89648E+00,4.58008E+00
-2.7378120E-01,3.79883E+00,4.59961E+00
-2.7376272E-01,3.83789E+00,4.58008E+00
-2.7374424E-01,3.70117E+00,4.65820E+00
-2.7372576E-01,3.87695E+00,4.63867E+00
-2.7370728E-01,3.85742E+00,4.69727E+00
-2.7368880E-01,3.95508E+00,4.61914E+00
-2.7367032E-01,3.77930E+00,4.61914E+00
-2.7365184E-01,3.79883E+00,4.59961E+00
-2.7363336E-01,3.85742E+00,4.61914E+00
-2.7361488E-01,3.85742E+00,4.58008E+00
-2.7359640E-01,3.83789E+00,4.63867E+00
-2.7357792E-01,3.79883E+00,4.61914E+00
-2.7355944E-01,3.81836E+00,4.67773E+00
-2.7354096E-01,3.85742E+00,4.58008E+00
-2.7352248E-01,3.79883E+00,4.63867E+00
-2.7350400E-01,3.83789E+00,4.58008E+00
-2.7348552E-01,3.77930E+00,4.61914E+00
-2.7346704E-01,3.83789E+00,4.56055E+00
-2.7344856E-01,3.85742E+00,4.65820E+00
-2.7343008E-01,3.89648E+00,4.58008E+00
-2.7341160E-01,3.85742E+00,4.65820E+00
-2.7339312E-01,3.79883E+00,4.65820E+00
-2.7337464E-01,3.81836E+00,4.63867E+00
-2.7335616E-01,3.85742E+00,4.59961E+00
-2.7333768E-01,3.83789E+00,4.67773E+00
-2.7331920E-01,3.85742E+00,4.63867E+00
-2.7330072E-01,3.81836E+00,4.65820E+00
-2.7328224E-01,3.87695E+00,4.67773E+00
-2.7326376E-01,3.79883E+00,4.59961E+00
-2.7324528E-01,3.85742E+00,4.63867E+00
-2.7322680E-01,3.77930E+00,4.59961E+00
-2.7320832E-01,3.91602E+00,4.58008E+00
-2.7318984E-01,3.83789E+00,4.58008E+00
-2.7317136E-01,3.79883E+00,4.59961E+00
-2.7315288E-01,3.79883E+00,4.69727E+00
-2.7313440E-01,3.83789E+00,4.59961E+00
-2.7311592E-01,3.74023E+00,4.65820E+00
-2.7309744E-01,3.85742E+00,4.56055E+00
-2.7307896E-01,3.81836E+00,4.69727E+00
-2.7306048E-01,3.87695E+00,4.61914E+00
-2.7304200E-01,3.83789E+00,4.61914E+00
-2.7302352E-01,3.81836E+00,4.58008E+00
-2.7300504E-01,3.75977E+00,4.65820E+00
-2.7298656E-01,3.79883E+00,4.65820E+00
-2.7296808E-01,3.83789E+00,4.65820E+00
-2.7294960E-01,3.81836E+00,4.63867E+00
-2.7293112E-01,3.87695E+00,4.63867E+00
-2.7291264E-01,3.85742E+00,4.59961E+00
-2.7289416E-01,3.79883E+00,4.63867E+00
-2.7287568E-01,3.83789E+00,4.65820E+00
-2.7285720E-01,3.79883E+00,4.71680E+00
-2.7283872E-01,3.83789E+00,4.61914E+00
-2.7282024E-01,3.85742E+00,4.65820E+00
-2.7280176E-01,3.83789E+00,4.58008E+00
-2.7278328E-01,3.75977E+00,4.65820E+00
-2.7276480E-01,3.87695E+00,4.58008E+00
-2.7274632E-01,3.77930E+00,4.65820E+00
-2.7272784E-01,3.85742E+00,4.63867E+00
-2.7270936E-01,3.79883E+00,4.65820E+00
-2.7269088E-01,3.85742E+00,4.59961E+00
-2.7267240E-01,3.83789E+00,4.69727E+00
-2.7265392E-01,3.87695E+00,4.58008E+00
-2.7263544E-01,3.79883E+00,4.69727E+00
-2.7261696E-01,3.87695E+00,4.58008E+00
-2.7259848E-01,3.85742E+00,4.67773E+00
-2.7258000E-01,3.93555E+00,4.56055E+00
-2.7256152E-01,3.81836E+00,4.71680E+00
-2.7254304E-01,3.87695E+00,4.58008E+00
-2.7252456E-01,3.83789E+00,4.69727E+00
-2.7250608E-01,3.83789E+00,4.59961E+00
-2.7248760E-01,3.79883E+00,4.65820E+00
-2.7246912E-01,3.85742E+00,4.63867E+00
-2.7245064E-01,3.81836E+00,4.69727E+00
-2.7243216E-01,3.83789E+00,4.61914E+00
-2.7241368E-01,3.83789E+00,4.71680E+00
-2.7239520E-01,3.87695E+00,4.58008E+00
-2.7237672E-01,3.81836E+00,4.65820E+00
-2.7235824E-01,3.81836E+00,4.54102E+00
-2.7233976E-01,3.81836E+00,4.75586E+00
-2.7232128E-01,3.93555E+00,4.65820E+00
-2.7230280E-01,3.81836E+00,4.61914E+00
-2.7228432E-01,3.83789E+00,4.61914E+00
-2.7226584E-01,3.85742E+00,4.65820E+00
-2.7224736E-01,3.89648E+00,4.65820E+00
-2.7222888E-01,3.85742E+00,4.65820E+00
-2.7221040E-01,3.83789E+00,4.59961E+00
-2.7219192E-01,3.85742E+00,4.69727E+00
-2.7217344E-01,3.85742E+00,4.63867E+00
-2.7215496E-01,3.81836E+00,4.59961E+00
-2.7213648E-01,3.77930E+00,4.61914E+00
-2.7211800E-01,3.85742E+00,4.65820E+00
-2.7209952E-01,3.79883E+00,4.59961E+00
-2.7208104E-01,3.79883E+00,4.63867E+00
-2.7206256E-01,3.85742E+00,4.56055E+00
-2.7204408E-01,3.75977E+00,4.71680E+00
-2.7202560E-01,3.85742E+00,4.59961E+00
-2.7200712E-01,3.79883E+00,4.65820E+00
-2.7198864E-01,3.87695E+00,4.63867E+00
-2.7197016E-01,3.79883E+00,4.65820E+00
-2.7195168E-01,3.83789E+00,4.58008E+00
-2.7193320E-01,3.77930E+00,4.67773E+00
-2.7191472E-01,3.91602E+00,4.65820E+00
-2.7189624E-01,3.79883E+00,4.69727E+00
-2.7187776E-01,3.93555E+00,4.58008E+00
-2.7185928E-01,3.79883E+00,4.65820E+00
-2.7184080E-01,3.85742E+00,4.65820E+00
-2.7182232E-01,3.77930E+00,4.65820E+00
-2.7180384E-01,3.83789E+00,4.56055E+00
-2.7178536E-01,3.75977E+00,4.65820E+00
-2.7176688E-01,3.79883E+00,4.58008E+00
-2.7174840E-01,3.83789E+00,4.65820E+00
-2.7172992E-01,3.83789E+00,4.63867E+00
-2.7171144E-01,3.77930E+00,4.65820E+00
-2.7169296E-01,3.91602E+00,4.59961E+00
-2.7167448E-01,3.83789E+00,4.69727E+00
-2.7165600E-01,3.85742E+00,4.61914E+00
-2.7163752E-01,3.85742E+00,4.65820E+00
-2.7161904E-01,3.91602E+00,4.58008E+00
-2.7160056E-01,3.79883E+00,4.69727E+00
-2.7158208E-01,3.91602E+00,4.65820E+00
-2.7156360E-01,3.81836E+00,4.65820E+00
-2.7154512E-01,3.81836E+00,4.63867E+00
-2.7152664E-01,3.83789E+00,4.65820E+00
-2.7150816E-01,3.91602E+00,4.61914E+00
-2.7148968E-01,3.83789E+00,4.65820E+00
-2.7147120E-01,3.87695E+00,4.59961E+00
-2.7145272E-01,3.75977E+00,4.69727E+00
-2.7143424E-01,3.79883E+00,4.59961E+00
-2.7141576E-01,3.83789E+00,4.67773E+00
-2.7139728E-01,3.91602E+00,4.61914E+00
-2.7137880E-01,3.83789E+00,4.69727E+00
-2.7136032E-01,3.85742E+00,4.59961E+00
-2.7134184E-01,3.77930E+00,4.65820E+00
-2.7132336E-01,3.83789E+00,4.63867E+00
-2.7130488E-01,3.79883E+00,4.65820E+00
-2.7128640E-01,3.83789E+00,4.61914E+00
-2.7126792E-01,3.85742E+00,4.69727E+00
-2.7124944E-01,3.87695E+00,4.63867E+00
-2.7123096E-01,3.81836E+00,4.65820E+00
-2.7121248E-01,3.79883E+00,4.63867E+00
-2.7119400E-01,3.77930E+00,4.69727E+00
-2.7117552E-01,3.75977E+00,4.59961E+00
-2.7115704E-01,3.81836E+00,4.71680E+00
-2.7113856E-01,3.91602E+00,4.63867E+00
-2.7112008E-01,3.81836E+00,4.73633E+00
-2.7110160E-01,3.87695E+00,4.63867E+00
-2.7108312E-01,3.81836E+00,4.63867E+00
-2.7106464E-01,3.85742E+00,4.59961E+00
-2.7104616E-01,3.83789E+00,4.65820E+00
-2.7102768E-01,3.85742E+00,4.61914E+00
-2.7100920E-01,3.79883E+00,4.65820E+00
-2.7099072E-01,3.85742E+00,4.65820E+00
-2.7097224E-01,3.81836E+00,4.71680E+00
-2.7095376E-01,3.87695E+00,4.61914E+00
-2.7093528E-01,3.79883E+00,4.65820E+00
-2.7091680E-01,3.79883E+00,4.61914E+00
-2.7089832E-01,3.83789E+00,4.65820E+00
-2.7087984E-01,3.83789E+00,4.61914E+00
-2.7086136E-01,3.85742E+00,4.67773E+00
-2.7084288E-01,3.81836E+00,4.69727E+00
-2.7082440E-01,3.79883E+00,4.65820E+00
-2.7080592E-01,3.85742E+00,4.63867E+00
-2.7078744E-01,3.83789E+00,4.65820E+00
-2.7076896E-01,3.89648E+00,4.59961E+00
-2.7075048E-01,3.79883E+00,4.65820E+00
-2.7073200E-01,3.81836E+00,4.65820E+00
-2.7071352E-01,3.85742E+00,4.71680E+00
-2.7069504E-01,3.89648E+00,4.65820E+00
-2.7067656E-01,3.79883E+00,4.65820E+00
-2.7065808E-01,3.85742E+00,4.59961E+00
-2.7063960E-01,3.87695E+00,4.65820E+00
-2.7062112E-01,3.83789E+00,4.63867E+00
-2.7060264E-01,3.85742E+00,4.65820E+00
-2.7058416E-01,3.87695E+00,4.65820E+00
-2.7056568E-01,3.89648E+00,4.71680E+00
-2.7054720E-01,3.85742E+00,4.65820E+00
-2.7052872E-01,3.85742E+00,4.69727E+00
-2.7051024E-01,3.79883E+00,4.63867E+00
-2.7049176E-01,3.83789E+00,4.69727E+00
-2.7047328E-01,3.85742E+00,4.59961E+00
-2.7045480E-01,3.79883E+00,4.65820E+00
-2.7043632E-01,3.91602E+00,4.67773E+00
-2.7041784E-01,3.79883E+00,4.69727E+00
-2.7039936E-01,3.87695E+00,4.58008E+00
-2.7038088E-01,3.81836E+00,4.73633E+00
-2.7036240E-01,3.85742E+00,4.63867E+00
-2.7034392E-01,3.79883E+00,4.67773E+00
-2.7032544E-01,3.87695E+00,4.61914E+00
-2.7030696E-01,3.81836E+00,4.65820E+00
-2.7028848E-01,3.87695E+00,4.65820E+00
-2.7027000E-01,3.85742E+00,4.67773E+00
-2.7025152E-01,3.83789E+00,4.65820E+00
-2.7023304E-01,3.87695E+00,4.67773E+00
-2.7021456E-01,3.81836E+00,4.59961E+00
-2.7019608E-01,3.83789E+00,4.69727E+00
-2.7017760E-01,3.89648E+00,4.65820E+00
-2.7015912E-01,3.83789E+00,4.77539E+00
-2.7014064E-01,3.83789E+00,4.67773E+00
-2.7012216E-01,3.81836E+00,4.67773E+00
-2.7010368E-01,3.87695E+00,4.59961E+00
-2.7008520E-01,3.79883E+00,4.75586E+00
-2.7006672E-01,3.89648E+00,4.67773E+00
-2.7004824E-01,3.81836E+00,4.71680E+00
-2.7002976E-01,3.87695E+00,4.67773E+00
-2.7001128E-01,3.83789E+00,4.69727E+00
-2.6999280E-01,3.83789E+00,4.69727E+00
-2.6997432E-01,3.77930E+00,4.65820E+00
-2.6995584E-01,3.87695E+00,4.65820E+00
-2.6993736E-01,3.83789E+00,4.69727E+00
-2.6991888E-01,3.87695E+00,4.65820E+00
-2.6990040E-01,3.79883E+00,4.71680E+00
-2.6988192E-01,3.85742E+00,4.65820E+00
-2.6986344E-01,3.79883E+00,4.73633E+00
-2.6984496E-01,3.85742E+00,4.67773E+00
-2.6982648E-01,3.75977E+00,4.65820E+00
-2.6980800E-01,3.89648E+00,4.67773E+00
-2.6978952E-01,3.87695E+00,4.69727E+00
-2.6977104E-01,3.81836E+00,4.67773E+00
-2.6975256E-01,3.91602E+00,4.65820E+00
-2.6973408E-01,3.87695E+00,4.65820E+00
-2.6971560E-01,3.85742E+00,4.67773E+00
-2.6969712E-01,3.85742E+00,4.63867E+00
-2.6967864E-01,3.83789E+00,4.73633E+00
-2.6966016E-01,3.91602E+00,4.63867E+00
-2.6964168E-01,3.85742E+00,4.65820E+00
-2.6962320E-01,3.85742E+00,4.65820E+00
-2.6960472E-01,3.91602E+00,4.73633E+00
-2.6958624E-01,3.87695E+00,4.65820E+00
-2.6956776E-01,3.83789E+00,4.65820E+00
-2.6954928E-01,3.81836E+00,4.61914E+00
-2.6953080E-01,3.77930E+00,4.71680E+00
-2.6951232E-01,3.85742E+00,4.67773E+00
-2.6949384E-01,3.85742E+00,4.67773E+00
-2.6947536E-01,3.91602E+00,4.65820E+00
-2.6945688E-01,3.79883E+00,4.67773E+00
-2.6943840E-01,3.85742E+00,4.61914E+00
-2.6941992E-01,3.79883E+00,4.65820E+00
-2.6940144E-01,3.91602E+00,4.65820E+00
-2.6938296E-01,3.85742E+00,4.75586E+00
-2.6936448E-01,3.85742E+00,4.61914E+00
-2.6934600E-01,3.79883E+00,4.71680E+00
-2.6932752E-01,3.85742E+00,4.65820E+00
-2.6930904E-01,3.83789E+00,4.67773E+00
-2.6929056E-01,3.89648E+00,4.63867E+00
-2.6927208E-01,3.85742E+00,4.67773E+00
-2.6925360E-01,3.85742E+00,4.63867E+00
-2.6923512E-01,3.81836E+00,4.69727E+00
-2.6921664E-01,3.87695E+00,4.67773E+00
-2.6919816E-01,3.77930E+00,4.71680E+00
-2.6917968E-01,3.91602E+00,4.67773E+00
-2.6916120E-01,3.75977E+00,4.71680E+00
-2.6914272E-01,3.87695E+00,4.65820E+00
-2.6912424E-01,3.79883E+00,4.67773E+00
-2.6910576E-01,3.81836E+00,4.59961E+00
-2.6908728E-01,3.79883E+00,4.71680E+00
-2.6906880E-01,3.81836E+00,4.65820E+00
-2.6905032E-01,3.85742E+00,4.71680E+00
-2.6903184E-01,3.91602E+00,4.59961E+00
-2.6901336E-01,3.81836E+00,4.65820E+00
-2.6899488E-01,3.85742E+00,4.65820E+00
-2.6897640E-01,3.79883E+00,4.67773E+00
-2.6895792E-01,3.81836E+00,4.69727E+00
-2.6893944E-01,3.79883E+00,4.65820E+00
-2.6892096E-01,3.85742E+00,4.65820E+00
-2.6890248E-01,3.85742E+00,4.71680E+00
-2.6888400E-01,3.91602E+00,4.63867E+00
-2.6886552E-01,3.79883E+00,4.73633E+00
-2.6884704E-01,3.87695E+00,4.61914E+00
-2.6882856E-01,3.81836E+00,4.63867E+00
-2.6881008E-01,3.85742E+00,4.65820E+00
-2.6879160E-01,3.81836E+00,4.67773E+00
-2.6877312E-01,3.81836E+00,4.65820E+00
-2.6875464E-01,3.79883E+00,4.77539E+00
-2.6873616E-01,3.81836E+00,4.67773E+00
-2.6871768E-01,3.85742E+00,4.69727E+00
-2.6869920E-01,3.91602E+00,4.69727E+00
-2.6868072E-01,3.85742E+00,4.65820E+00
-2.6866224E-01,3.87695E+00,4.67773E+00
-2.6864376E-01,3.87695E+00,4.71680E+00
-2.6862528E-01,3.85742E+00,4.65820E+00
-2.6860680E-01,3.75977E+00,4.65820E+00
-2.6858832E-01,3.89648E+00,4.67773E+00
-2.6856984E-01,3.79883E+00,4.69727E+00
-2.6855136E-01,3.87695E+00,4.61914E+00
-2.6853288E-01,3.89648E+00,4.73633E+00
-2.6851440E-01,3.79883E+00,4.73633E+00
-2.6849592E-01,3.83789E+00,4.71680E+00
-2.6847744E-01,3.91602E+00,4.69727E+00
-2.6845896E-01,3.85742E+00,4.71680E+00
-2.6844048E-01,3.89648E+00,4.71680E+00
-2.6842200E-01,3.85742E+00,4.71680E+00
-2.6840352E-01,3.79883E+00,4.67773E+00
-2.6838504E-01,3.85742E+00,4.71680E+00
-2.6836656E-01,3.79883E+00,4.65820E+00
-2.6834808E-01,3.79883E+00,4.71680E+00
-2.6832960E-01,3.87695E+00,4.65820E+00
-2.6831112E-01,3.85742E+00,4.71680E+00
-2.6829264E-01,3.87695E+00,4.67773E+00
-2.6827416E-01,3.79883E+00,4.69727E+00
-2.6825568E-01,3.81836E+00,4.65820E+00
-2.6823720E-01,3.87695E+00,4.69727E+00
-2.6821872E-01,3.85742E+00,4.65820E+00
-2.6820024E-01,3.85742E+00,4.71680E+00
-2.6818176E-01,3.79883E+00,4.67773E+00
-2.6816328E-01,3.77930E+00,4.71680E+00
-2.6814480E-01,3.93555E+00,4.65820E+00
-2.6812632E-01,3.77930E+00,4.69727E+00
-2.6810784E-01,3.93555E+00,4.69727E+00
-2.6808936E-01,3.89648E+00,4.69727E+00
-2.6807088E-01,3.91602E+00,4.71680E+00
-2.6805240E-01,3.81836E+00,4.65820E+00
-2.6803392E-01,3.87695E+00,4.69727E+00
-2.6801544E-01,3.91602E+00,4.67773E+00
-2.6799696E-01,3.87695E+00,4.63867E+00
-2.6797848E-01,3.81836E+00,4.65820E+00
-2.6796000E-01,3.81836E+00,4.67773E+00
-2.6794152E-01,3.93555E+00,4.69727E+00
-2.6792304E-01,3.83789E+00,4.65820E+00
-2.6790456E-01,3.83789E+00,4.71680E+00
-2.6788608E-01,3.79883E+00,4.73633E+00
-2.6786760E-01,3.89648E+00,4.67773E+00
-2.6784912E-01,3.91602E+00,4.67773E+00
-2.6783064E-01,3.81836E+00,4.73633E+00
-2.6781216E-01,3.87695E+00,4.69727E+00
-2.6779368E-01,3.81836E+00,4.71680E+00
-2.6777520E-01,3.87695E+00,4.65820E+00
-2.6775672E-01,3.81836E+00,4.67773E+00
-2.6773824E-01,3.87695E+00,4.71680E+00
-2.6771976E-01,3.83789E+00,4.73633E+00
-2.6770128E-01,3.85742E+00,4.71680E+00
-2.6768280E-01,3.83789E+00,4.77539E+00
-2.6766432E-01,3.89648E+00,4.65820E+00
-2.6764584E-01,3.85742E+00,4.69727E+00
-2.6762736E-01,3.89648E+00,4.67773E+00
-2.6760888E-01,3.89648E+00,4.69727E+00
-2.6759040E-01,3.87695E+00,4.65820E+00
-2.6757192E-01,3.81836E+00,4.71680E+00
-2.6755344E-01,3.85742E+00,4.71680E+00
-2.6753496E-01,3.79883E+00,4.71680E+00
-2.6751648E-01,3.81836E+00,4.67773E+00
-2.6749800E-01,3.89648E+00,4.71680E+00
-2.6747952E-01,3.89648E+00,4.71680E+00
-2.6746104E-01,3.83789E+00,4.73633E+00
-2.6744256E-01,3.87695E+00,4.65820E+00
-2.6742408E-01,3.85742E+00,4.69727E+00
-2.6740560E-01,3.89648E+00,4.69727E+00
-2.6738712E-01,3.81836E+00,4.71680E+00
-2.6736864E-01,3.89648E+00,4.67773E+00
-2.6735016E-01,3.79883E+00,4.69727E+00
-2.6733168E-01,3.89648E+00,4.69727E+00
-2.6731320E-01,3.77930E+00,4.69727E+00
-2.6729472E-01,3.91602E+00,4.67773E+00
-2.6727624E-01,3.81836E+00,4.65820E+00
-2.6725776E-01,3.95508E+00,4.71680E+00
-2.6723928E-01,3.81836E+00,4.77539E+00
-2.6722080E-01,3.85742E+00,4.67773E+00
-2.6720232E-01,3.79883E+00,4.71680E+00
-2.6718384E-01,3.83789E+00,4.69727E+00
-2.6716536E-01,3.81836E+00,4.71680E+00
-2.6714688E-01,3.85742E+00,4.65820E+00
-2.6712840E-01,3.83789E+00,4.77539E+00
-2.6710992E-01,3.89648E+00,4.71680E+00
-2.6709144E-01,3.83789E+00,4.69727E+00
-2.6707296E-01,3.83789E+00,4.65820E+00
-2.6705448E-01,3.81836E+00,4.73633E+00
-2.6703600E-01,3.89648E+00,4.71680E+00
-2.6701752E-01,3.83789E+00,4.79492E+00
-2.6699904E-01,3.89648E+00,4.71680E+00
-2.6698056E-01,3.79883E+00,4.69727E+00
-2.6696208E-01,3.87695E+00,4.65820E+00
-2.6694360E-01,3.85742E+00,4.73633E+00
-2.6692512E-01,3.89648E+00,4.71680E+00
-2.6690664E-01,3.87695E+00,4.73633E+00
-2.6688816E-01,3.91602E+00,4.67773E+00
-2.6686968E-01,3.83789E+00,4.65820E+00
-2.6685120E-01,3.87695E+00,4.67773E+00
-2.6683272E-01,3.91602E+00,4.69727E+00
-2.6681424E-01,3.87695E+00,4.75586E+00
-2.6679576E-01,3.85742E+00,4.73633E+00
-2.6677728E-01,3.85742E+00,4.67773E+00
-2.6675880E-01,3.83789E+00,4.73633E+00
-2.6674032E-01,3.83789E+00,4.71680E+00
-2.6672184E-01,3.79883E+00,4.73633E+00
-2.6670336E-01,3.91602E+00,4.73633E+00
-2.6668488E-01,3.85742E+00,4.71680E+00
-2.6666640E-01,3.87695E+00,4.71680E+00
-2.6664792E-01,3.85742E+00,4.77539E+00
-2.6662944E-01,3.85742E+00,4.69727E+00
-2.6661096E-01,3.81836E+00,4.73633E+00
-2.6659248E-01,3.89648E+00,4.73633E+00
-2.6657400E-01,3.83789E+00,4.71680E+00
-2.6655552E-01,3.87695E+00,4.71680E+00
-2.6653704E-01,3.85742E+00,4.79492E+00
-2.6651856E-01,3.91602E+00,4.67773E+00
-2.6650008E-01,3.79883E+00,4.73633E+00
-2.6648160E-01,3.89648E+00,4.71680E+00
-2.6646312E-01,3.89648E+00,4.73633E+00
-2.6644464E-01,3.89648E+00,4.67773E+00
-2.6642616E-01,3.85742E+00,4.75586E+00
-2.6640768E-01,3.87695E+00,4.71680E+00
-2.6638920E-01,3.81836E+00,4.77539E+00
-2.6637072E-01,3.85742E+00,4.71680E+00
-2.6635224E-01,3.85742E+00,4.73633E+00
-2.6633376E-01,3.85742E+00,4.71680E+00
-2.6631528E-01,3.79883E+00,4.71680E+00
-2.6629680E-01,3.89648E+00,4.67773E+00
-2.6627832E-01,3.85742E+00,4.73633E+00
-2.6625984E-01,3.85742E+00,4.67773E+00
-2.6624136E-01,3.87695E+00,4.73633E+00
-2.6622288E-01,3.87695E+00,4.71680E+00
-2.6620440E-01,3.85742E+00,4.67773E+00
-2.6618592E-01,3.89648E+00,4.71680E+00
-2.6616744E-01,3.79883E+00,4.67773E+00
-2.6614896E-01,3.85742E+00,4.73633E+00
-2.6613048E-01,3.81836E+00,4.71680E+00
-2.6611200E-01,3.83789E+00,4.69727E+00
-2.6609352E-01,3.87695E+00,4.75586E+00
-2.6607504E-01,3.85742E+00,4.71680E+00
-2.6605656E-01,3.85742E+00,4.73633E+00
-2.6603808E-01,3.89648E+00,4.71680E+00
-2.6601960E-01,3.85742E+00,4.73633E+00
-2.6600112E-01,3.91602E+00,4.67773E+00
-2.6598264E-01,3.91602E+00,4.79492E+00
-2.6596416E-01,3.87695E+00,4.71680E+00
-2.6594568E-01,3.85742E+00,4.79492E+00
-2.6592720E-01,3.85742E+00,4.69727E+00
-2.6590872E-01,3.85742E+00,4.75586E+00
-2.6589024E-01,3.89648E+00,4.73633E+00
-2.6587176E-01,3.85742E+00,4.71680E+00
-2.6585328E-01,3.95508E+00,4.73633E+00
-2.6583480E-01,3.81836E+00,4.71680E+00
-2.6581632E-01,3.89648E+00,4.69727E+00
-2.6579784E-01,3.85742E+00,4.77539E+00
-2.6577936E-01,3.89648E+00,4.69727E+00
-2.6576088E-01,3.83789E+00,4.71680E+00
-2.6574240E-01,3.85742E+00,4.71680E+00
-2.6572392E-01,3.87695E+00,4.71680E+00
-2.6570544E-01,3.91602E+00,4.77539E+00
-2.6568696E-01,3.91602E+00,4.67773E+00
-2.6566848E-01,3.87695E+00,4.69727E+00
-2.6565000E-01,3.89648E+00,4.77539E+00
-2.6563152E-01,3.87695E+00,4.67773E+00
-2.6561304E-01,3.85742E+00,4.79492E+00
-2.6559456E-01,3.89648E+00,4.71680E+00
-2.6557608E-01,3.83789E+00,4.67773E+00
-2.6555760E-01,3.83789E+00,4.73633E+00
-2.6553912E-01,3.85742E+00,4.73633E+00
-2.6552064E-01,3.89648E+00,4.71680E+00
-2.6550216E-01,3.81836E+00,4.71680E+00
-2.6548368E-01,3.91602E+00,4.73633E+00
-2.6546520E-01,3.85742E+00,4.81445E+00
-2.6544672E-01,3.89648E+00,4.73633E+00
-2.6542824E-01,3.83789E+00,4.77539E+00
-2.6540976E-01,3.91602E+00,4.73633E+00
-2.6539128E-01,3.75977E+00,4.77539E+00
-2.6537280E-01,3.91602E+00,4.71680E+00
-2.6535432E-01,3.79883E+00,4.71680E+00
-2.6533584E-01,3.83789E+00,4.73633E+00
-2.6531736E-01,3.87695E+00,4.79492E+00
-2.6529888E-01,3.87695E+00,4.71680E+00
-2.6528040E-01,3.85742E+00,4.69727E+00
-2.6526192E-01,3.91602E+00,4.71680E+00
-2.6524344E-01,3.79883E+00,4.71680E+00
-2.6522496E-01,3.89648E+00,4.69727E+00
-2.6520648E-01,3.87695E+00,4.73633E+00
-2.6518800E-01,3.85742E+00,4.73633E+00
-2.6516952E-01,3.87695E+00,4.77539E+00
-2.6515104E-01,3.89648E+00,4.73633E+00
-2.6513256E-01,3.85742E+00,4.73633E+00
-2.6511408E-01,3.89648E+00,4.77539E+00
-2.6509560E-01,3.85742E+00,4.71680E+00
-2.6507712E-01,3.85742E+00,4.65820E+00
-2.6505864E-01,3.77930E+00,4.73633E+00
-2.6504016E-01,3.89648E+00,4.79492E+00
-2.6502168E-01,3.79883E+00,4.69727E+00
-2.6500320E-01,3.85742E+00,4.71680E+00
-2.6498472E-01,3.91602E+00,4.77539E+00
-2.6496624E-01,3.93555E+00,4.71680E+00
-2.6494776E-01,3.79883E+00,4.73633E+00
-2.6492928E-01,3.89648E+00,4.67773E+00
-2.6491080E-01,3.79883E+00,4.71680E+00
-2.6489232E-01,3.85742E+00,4.73633E+00
-2.6487384E-01,3.81836E+00,4.71680E+00
-2.6485536E-01,3.85742E+00,4.73633E+00
-2.6483688E-01,3.85742E+00,4.79492E+00
-2.6481840E-01,3.89648E+00,4.73633E+00
-2.6479992E-01,3.79883E+00,4.75586E+00
-2.6478144E-01,3.87695E+00,4.73633E+00
-2.6476296E-01,3.81836E+00,4.77539E+00
-2.6474448E-01,3.83789E+00,4.73633E+00
-2.6472600E-01,3.83789E+00,4.75586E+00
-2.6470752E-01,3.89648E+00,4.79492E+00
-2.6468904E-01,3.85742E+00,4.75586E+00
-2.6467056E-01,3.83789E+00,4.71680E+00
-2.6465208E-01,3.83789E+00,4.73633E+00
-2.6463360E-01,3.93555E+00,4.73633E+00
-2.6461512E-01,3.85742E+00,4.79492E+00
-2.6459664E-01,3.91602E+00,4.71680E+00
-2.6457816E-01,3.79883E+00,4.67773E+00
-2.6455968E-01,3.83789E+00,4.73633E+00
-2.6454120E-01,3.91602E+00,4.75586E+00
-2.6452272E-01,3.87695E+00,4.77539E+00
-2.6450424E-01,3.85742E+00,4.71680E+00
-2.6448576E-01,3.91602E+00,4.73633E+00
-2.6446728E-01,3.87695E+00,4.69727E+00
-2.6444880E-01,3.87695E+00,4.67773E+00
-2.6443032E-01,3.85742E+00,4.71680E+00
-2.6441184E-01,3.87695E+00,4.73633E+00
-2.6439336E-01,3.91602E+00,4.65820E+00
-2.6437488E-01,3.87695E+00,4.79492E+00
-2.6435640E-01,3.85742E+00,4.73633E+00
-2.6433792E-01,3.93555E+00,4.71680E+00
-2.6431944E-01,3.89648E+00,4.71680E+00
-2.6430096E-01,3.89648E+00,4.73633E+00
-2.6428248E-01,3.91602E+00,4.75586E+00
-2.6426400E-01,3.91602E+00,4.79492E+00
-2.6424552E-01,3.85742E+00,4.67773E+00
-2.6422704E-01,3.89648E+00,4.71680E+00
-2.6420856E-01,3.89648E+00,4.73633E+00
-2.6419008E-01,3.85742E+00,4.71680E+00
-2.6417160E-01,3.83789E+00,4.81445E+00
-2.6415312E-01,3.87695E+00,4.69727E+00
-2.6413464E-01,3.87695E+00,4.73633E+00
-2.6411616E-01,3.83789E+00,4.73633E+00
-2.6409768E-01,3.83789E+00,4.77539E+00
-2.6407920E-01,3.85742E+00,4.79492E+00
-2.6406072E-01,3.85742E+00,4.75586E+00
-2.6404224E-01,3.91602E+00,4.73633E+00
-2.6402376E-01,3.85742E+00,4.79492E+00
-2.6400528E-01,3.87695E+00,4.79492E+00
-2.6398680E-01,3.91602E+00,4.71680E+00
-2.6396832E-01,3.79883E+00,4.79492E+00
-2.6394984E-01,3.83789E+00,4.79492E+00
-2.6393136E-01,3.89648E+00,4.79492E+00
-2.6391288E-01,3.83789E+00,4.75586E+00
-2.6389440E-01,3.93555E+00,4.75586E+00
-2.6387592E-01,3.81836E+00,4.79492E+00
-2.6385744E-01,3.83789E+00,4.75586E+00
-2.6383896E-01,3.85742E+00,4.75586E+00
-2.6382048E-01,3.85742E+00,4.75586E+00
-2.6380200E-01,3.81836E+00,4.71680E+00
-2.6378352E-01,3.91602E+00,4.69727E+00
-2.6376504E-01,3.79883E+00,4.81445E+00
-2.6374656E-01,3.91602E+00,4.73633E+00
-2.6372808E-01,3.83789E+00,4.69727E+00
-2.6370960E-01,3.79883E+00,4.75586E+00
-2.6369112E-01,3.79883E+00,4.79492E+00
-2.6367264E-01,3.91602E+00,4.75586E+00
-2.6365416E-01,3.79883E+00,4.67773E+00
-2.6363568E-01,3.95508E+00,4.73633E+00
-2.6361720E-01,3.79883E+00,4.85352E+00
-2.6359872E-01,3.89648E+00,4.73633E+00
-2.6358024E-01,3.81836E+00,4.77539E+00
-2.6356176E-01,3.85742E+00,4.75586E+00
-2.6354328E-01,3.89648E+00,4.69727E+00
-2.6352480E-01,3.85742E+00,4.73633E+00
-2.6350632E-01,3.85742E+00,4.77539E+00
-2.6348784E-01,3.87695E+00,4.67773E+00
-2.6346936E-01,3.81836E+00,4.73633E+00
-2.6345088E-01,3.89648E+00,4.67773E+00
-2.6343240E-01,3.79883E+00,4.75586E+00
-2.6341392E-01,3.85742E+00,4.71680E+00
-2.6339544E-01,3.91602E+00,4.79492E+00
-2.6337696E-01,3.91602E+00,4.71680E+00
-2.6335848E-01,3.85742E+00,4.79492E+00
-2.6334000E-01,3.95508E+00,4.75586E+00
-2.6332152E-01,3.79883E+00,4.79492E+00
-2.6330304E-01,3.91602E+00,4.71680E+00
-2.6328456E-01,3.85742E+00,4.77539E+00
-2.6326608E-01,3.81836E+00,4.79492E+00
-2.6324760E-01,3.79883E+00,4.79492E+00
-2.6322912E-01,3.89648E+00,4.79492E+00
-2.6321064E-01,3.85742E+00,4.73633E+00
-2.6319216E-01,3.85742E+00,4.79492E+00
-2.6317368E-01,3.83789E+00,4.73633E+00
-2.6315520E-01,3.89648E+00,4.71680E+00
-2.6313672E-01,3.81836E+00,4.73633E+00
-2.6311824E-01,3.83789E+00,4.75586E+00
-2.6309976E-01,3.87695E+00,4.77539E+00
-2.6308128E-01,3.83789E+00,4.75586E+00
-2.6306280E-01,3.87695E+00,4.71680E+00
-2.6304432E-01,3.85742E+00,4.75586E+00
-2.6302584E-01,3.81836E+00,4.79492E+00
-2.6300736E-01,3.85742E+00,4.69727E+00
-2.6298888E-01,3.83789E+00,4.75586E+00
-2.6297040E-01,3.89648E+00,4.77539E+00
-2.6295192E-01,3.85742E+00,4.69727E+00
-2.6293344E-01,3.83789E+00,4.69727E+00
-2.6291496E-01,3.79883E+00,4.79492E+00
-2.6289648E-01,3.93555E+00,4.67773E+00
-2.6287800E-01,3.79883E+00,4.81445E+00
-2.6285952E-01,3.91602E+00,4.71680E+00
-2.6284104E-01,3.83789E+00,4.69727E+00
-2.6282256E-01,3.89648E+00,4.77539E+00
-2.6280408E-01,3.81836E+00,4.77539E+00
-2.6278560E-01,3.83789E+00,4.77539E+00
-2.6276712E-01,3.85742E+00,4.79492E+00
-2.6274864E-01,3.89648E+00,4.81445E+00
-2.6273016E-01,3.83789E+00,4.77539E+00
-2.6271168E-01,3.87695E+00,4.75586E+00
-2.6269320E-01,3.85742E+00,4.73633E+00
-2.6267472E-01,3.91602E+00,4.75586E+00
-2.6265624E-01,3.87695E+00,4.73633E+00
-2.6263776E-01,3.85742E+00,4.75586E+00
-2.6261928E-01,3.87695E+00,4.81445E+00
-2.6260080E-01,3.93555E+00,4.77539E+00
-2.6258232E-01,3.85742E+00,4.79492E+00
-2.6256384E-01,3.85742E+00,4.75586E+00
-2.6254536E-01,3.87695E+00,4.73633E+00
-2.6252688E-01,3.91602E+00,4.75586E+00
-2.6250840E-01,3.83789E+00,4.77539E+00
-2.6248992E-01,3.87695E+00,4.77539E+00
-2.6247144E-01,3.87695E+00,4.73633E+00
-2.6245296E-01,3.93555E+00,4.73633E+00
-2.6243448E-01,3.83789E+00,4.71680E+00
-2.6241600E-01,3.87695E+00,4.77539E+00
-2.6239752E-01,3.89648E+00,4.77539E+00
-2.6237904E-01,3.83789E+00,4.79492E+00
-2.6236056E-01,3.91602E+00,4.71680E+00
-2.6234208E-01,3.85742E+00,4.81445E+00
-2.6232360E-01,3.77930E+00,4.73633E+00
-2.6230512E-01,3.89648E+00,4.73633E+00
-2.6228664E-01,3.81836E+00,4.77539E+00
-2.6226816E-01,3.81836E+00,4.67773E+00
-2.6224968E-01,3.83789E+00,4.79492E+00
-2.6223120E-01,3.89648E+00,4.75586E+00
-2.6221272E-01,3.89648E+00,4.81445E+00
-2.6219424E-01,3.89648E+00,4.73633E+00
-2.6217576E-01,3.89648E+00,4.75586E+00
-2.6215728E-01,3.97461E+00,4.75586E+00
-2.6213880E-01,3.83789E+00,4.75586E+00
-2.6212032E-01,3.87695E+00,4.77539E+00
-2.6210184E-01,3.89648E+00,4.77539E+00
-2.6208336E-01,3.97461E+00,4.83398E+00
-2.6206488E-01,3.87695E+00,4.83398E+00
-2.6204640E-01,3.91602E+00,4.79492E+00
-2.6202792E-01,3.83789E+00,4.79492E+00
-2.6200944E-01,3.89648E+00,4.79492E+00
-2.6199096E-01,3.83789E+00,4.75586E+00
-2.6197248E-01,3.83789E+00,4.79492E+00
-2.6195400E-01,3.83789E+00,4.79492E+00
-2.6193552E-01,3.93555E+00,4.81445E+00
-2.6191704E-01,3.87695E+00,4.73633E+00
-2.6189856E-01,3.85742E+00,4.79492E+00
-2.6188008E-01,3.77930E+00,4.81445E+00
-2.6186160E-01,3.87695E+00,4.79492E+00
-2.6184312E-01,3.81836E+00,4.81445E+00
-2.6182464E-01,3.87695E+00,4.79492E+00
-2.6180616E-01,3.79883E+00,4.77539E+00
-2.6178768E-01,3.89648E+00,4.81445E+00
-2.6176920E-01,3.79883E+00,4.77539E+00
-2.6175072E-01,3.87695E+00,4.77539E+00
-2.6173224E-01,3.87695E+00,4.85352E+00
-2.6171376E-01,3.85742E+00,4.81445E+00
-2.6169528E-01,3.85742E+00,4.75586E+00
-2.6167680E-01,3.85742E+00,4.83398E+00
-2.6165832E-01,3.89648E+00,4.75586E+00
-2.6163984E-01,3.81836E+00,4.83398E+00
-2.6162136E-01,3.87695E+00,4.75586E+00
-2.6160288E-01,3.85742E+00,4.79492E+00
-2.6158440E-01,3.81836E+00,4.79492E+00
-2.6156592E-01,3.85742E+00,4.73633E+00
-2.6154744E-01,3.77930E+00,4.73633E+00
-2.6152896E-01,3.85742E+00,4.79492E+00
-2.6151048E-01,3.91602E+00,4.79492E+00
-2.6149200E-01,3.91602E+00,4.71680E+00
-2.6147352E-01,3.87695E+00,4.75586E+00
-2.6145504E-01,3.91602E+00,4.79492E+00
-2.6143656E-01,3.87695E+00,4.83398E+00
-2.6141808E-01,3.87695E+00,4.73633E+00
-2.6139960E-01,3.85742E+00,4.83398E+00
-2.6138112E-01,3.87695E+00,4.79492E+00
-2.6136264E-01,3.85742E+00,4.85352E+00
-2.6134416E-01,3.89648E+00,4.73633E+00
-2.6132568E-01,3.77930E+00,4.79492E+00
-2.6130720E-01,3.87695E+00,4.75586E+00
-2.6128872E-01,3.89648E+00,4.79492E+00
-2.6127024E-01,3.95508E+00,4.79492E+00
-2.6125176E-01,3.85742E+00,4.83398E+00
-2.6123328E-01,3.87695E+00,4.73633E+00
-2.6121480E-01,3.85742E+00,4.79492E+00
-2.6119632E-01,3.93555E+00,4.81445E+00
-2.6117784E-01,3.91602E+00,4.75586E+00
-2.6115936E-01,3.93555E+00,4.79492E+00
-2.6114088E-01,3.81836E+00,4.77539E+00
-2.6112240E-01,4.01367E+00,4.75586E+00
-2.6110392E-01,3.87695E+00,4.71680E+00
-2.6108544E-01,3.91602E+00,4.79492E+00
-2.6106696E-01,3.83789E+00,4.81445E+00
-2.6104848E-01,3.87695E+00,4.75586E+00
-2.6103000E-01,3.83789E+00,4.77539E+00
-2.6101152E-01,3.85742E+00,4.81445E+00
-2.6099304E-01,3.81836E+00,4.75586E+00
-2.6097456E-01,3.89648E+00,4.79492E+00
-2.6095608E-01,3.83789E+00,4.79492E+00
-2.6093760E-01,3.95508E+00,4.75586E+00
-2.6091912E-01,3.85742E+00,4.81445E+00
-2.6090064E-01,3.87695E+00,4.77539E+00
-2.6088216E-01,3.87695E+00,4.79492E+00
-2.6086368E-01,3.93555E+00,4.79492E+00
-2.6084520E-01,3.93555E+00,4.83398E+00
-2.6082672E-01,3.87695E+00,4.81445E+00
-2.6080824E-01,3.91602E+00,4.81445E+00
-2.6078976E-01,3.89648E+00,4.79492E+00
-2.6077128E-01,3.91602E+00,4.79492E+00
-2.6075280E-01,3.89648E+00,4.83398E+00
-2.6073432E-01,3.85742E+00,4.75586E+00
-2.6071584E-01,3.87695E+00,4.81445E+00
-2.6069736E-01,3.85742E+00,4.79492E+00
-2.6067888E-01,3.87695E+00,4.79492E+00
-2.6066040E-01,3.81836E+00,4.79492E+00
-2.6064192E-01,3.89648E+00,4.83398E+00
-2.6062344E-01,3.83789E+00,4.75586E+00
-2.6060496E-01,3.87695E+00,4.77539E+00
-2.6058648E-01,3.83789E+00,4.81445E+00
-2.6056800E-01,3.91602E+00,4.75586E+00
-2.6054952E-01,3.91602E+00,4.79492E+00
-2.6053104E-01,3.87695E+00,4.75586E+00
-2.6051256E-01,3.89648E+00,4.85352E+00
-2.6049408E-01,3.91602E+00,4.79492E+00
-2.6047560E-01,3.83789E+00,4.75586E+00
-2.6045712E-01,3.97461E+00,4.75586E+00
-2.6043864E-01,3.85742E+00,4.77539E+00
-2.6042016E-01,3.91602E+00,4.85352E+00
-2.6040168E-01,3.91602E+00,4.81445E+00
-2.6038320E-01,3.85742E+00,4.81445E+00
-2.6036472E-01,3.89648E+00,4.85352E+00
-2.6034624E-01,3.87695E+00,4.77539E+00
-2.6032776E-01,3.89648E+00,4.83398E+00
-2.6030928E-01,3.89648E+00,4.79492E+00
-2.6029080E-01,3.99414E+00,4.83398E+00
-2.6027232E-01,3.91602E+00,4.83398E+00
-2.6025384E-01,3.81836E+00,4.81445E+00
-2.6023536E-01,3.87695E+00,4.85352E+00
-2.6021688E-01,3.89648E+00,4.79492E+00
-2.6019840E-01,3.95508E+00,4.79492E+00
-2.6017992E-01,3.87695E+00,4.83398E+00
-2.6016144E-01,3.97461E+00,4.83398E+00
-2.6014296E-01,3.85742E+00,4.81445E+00
-2.6012448E-01,3.91602E+00,4.83398E+00
-2.6010600E-01,3.85742E+00,4.81445E+00
-2.6008752E-01,3.89648E+00,4.83398E+00
-2.6006904E-01,3.85742E+00,4.81445E+00
-2.6005056E-01,3.91602E+00,4.77539E+00
-2.6003208E-01,3.91602E+00,4.81445E+00
-2.6001360E-01,3.91602E+00,4.81445E+00
-2.5999512E-01,3.87695E+00,4.79492E+00
-2.5997664E-01,3.87695E+00,4.79492E+00
-2.5995816E-01,3.85742E+00,4.81445E+00
-2.5993968E-01,3.87695E+00,4.81445E+00
-2.5992120E-01,3.85742E+00,4.79492E+00
-2.5990272E-01,3.91602E+00,4.87305E+00
-2.5988424E-01,3.83789E+00,4.79492E+00
-2.5986576E-01,3.87695E+00,4.79492E+00
-2.5984728E-01,3.83789E+00,4.85352E+00
-2.5982880E-01,3.93555E+00,4.79492E+00
-2.5981032E-01,3.87695E+00,4.79492E+00
-2.5979184E-01,3.93555E+00,4.81445E+00
-2.5977336E-01,3.87695E+00,4.85352E+00
-2.5975488E-01,3.87695E+00,4.73633E+00
-2.5973640E-01,3.87695E+00,4.87305E+00
-2.5971792E-01,3.95508E+00,4.85352E+00
-2.5969944E-01,3.85742E+00,4.83398E+00
-2.5968096E-01,3.91602E+00,4.83398E+00
-2.5966248E-01,3.91602E+00,4.83398E+00
-2.5964400E-01,3.99414E+00,4.79492E+00
-2.5962552E-01,3.85742E+00,4.81445E+00
-2.5960704E-01,3.91602E+00,4.75586E+00
-2.5958856E-01,3.85742E+00,4.77539E+00
-2.5957008E-01,3.81836E+00,4.77539E+00
-2.5955160E-01,3.81836E+00,4.79492E+00
-2.5953312E-01,3.89648E+00,4.77539E+00
-2.5951464E-01,3.79883E+00,4.81445E+00
-2.5949616E-01,3.83789E+00,4.85352E+00
-2.5947768E-01,3.81836E+00,4.79492E+00
-2.5945920E-01,3.83789E+00,4.81445E+00
-2.5944072E-01,3.85742E+00,4.83398E+00
-2.5942224E-01,3.89648E+00,4.81445E+00
-2.5940376E-01,3.89648E+00,4.81445E+00
-2.5938528E-01,3.91602E+00,4.83398E+00
-2.5936680E-01,3.85742E+00,4.83398E+00
-2.5934832E-01,3.87695E+00,4.79492E+00
-2.5932984E-01,3.95508E+00,4.85352E+00
-2.5931136E-01,3.87695E+00,4.79492E+00
-2.5929288E-01,3.85742E+00,4.81445E+00
-2.5927440E-01,3.91602E+00,4.87305E+00
-2.5925592E-01,3.91602E+00,4.79492E+00
-2.5923744E-01,3.87695E+00,4.89258E+00
-2.5921896E-01,3.89648E+00,4.85352E+00
-2.5920048E-01,3.93555E+00,4.83398E+00
-2.5918200E-01,3.85742E+00,4.77539E+00
-2.5916352E-01,3.89648E+00,4.81445E+00
-2.5914504E-01,3.87695E+00,4.83398E+00
-2.5912656E-01,3.91602E+00,4.83398E+00
-2.5910808E-01,3.93555E+00,4.79492E+00
-2.5908960E-01,3.87695E+00,4.79492E+00
-2.5907112E-01,3.75977E+00,4.81445E+00
-2.5905264E-01,3.91602E+00,4.81445E+00
-2.5903416E-01,3.89648E+00,4.81445E+00
-2.5901568E-01,3.91602E+00,4.81445E+00
-2.5899720E-01,3.93555E+00,4.83398E+00
-2.5897872E-01,3.91602E+00,4.79492E+00
-2.5896024E-01,3.79883E+00,4.81445E+00
-2.5894176E-01,3.89648E+00,4.77539E+00
-2.5892328E-01,3.87695E+00,4.81445E+00
-2.5890480E-01,3.85742E+00,4.85352E+00
-2.5888632E-01,3.91602E+00,4.81445E+00
-2.5886784E-01,3.83789E+00,4.83398E+00
-2.5884936E-01,3.79883E+00,4.79492E+00
-2.5883088E-01,3.83789E+00,4.85352E+00
-2.5881240E-01,3.85742E+00,4.87305E+00
-2.5879392E-01,3.91602E+00,4.79492E+00
-2.5877544E-01,3.83789E+00,4.87305E+00
-2.5875696E-01,3.87695E+00,4.83398E+00
-2.5873848E-01,3.87695E+00,4.79492E+00
-2.5872000E-01,3.91602E+00,4.85352E+00
-2.5870152E-01,3.85742E+00,4.83398E+00
-2.5868304E-01,3.89648E+00,4.81445E+00
-2.5866456E-01,3.85742E+00,4.83398E+00
-2.5864608E-01,3.91602E+00,4.81445E+00
-2.5862760E-01,3.83789E+00,4.79492E+00
-2.5860912E-01,4.01367E+00,4.85352E+00
-2.5859064E-01,3.89648E+00,4.79492E+00
-2.5857216E-01,3.89648E+00,4.81445E+00
-2.5855368E-01,3.85742E+00,4.81445E+00
-2.5853520E-01,3.93555E+00,4.75586E+00
-2.5851672E-01,3.87695E+00,4.73633E+00
-2.5849824E-01,3.91602E+00,4.79492E+00
-2.5847976E-01,3.85742E+00,4.81445E+00
-2.5846128E-01,3.91602E+00,4.85352E+00
-2.5844280E-01,3.85742E+00,4.89258E+00
-2.5842432E-01,3.91602E+00,4.81445E+00
-2.5840584E-01,3.91602E+00,4.85352E+00
-2.5838736E-01,3.93555E+00,4.79492E+00
-2.5836888E-01,3.85742E+00,4.79492E+00
-2.5835040E-01,3.93555E+00,4.79492E+00
-2.5833192E-01,3.89648E+00,4.79492E+00
-2.5831344E-01,3.91602E+00,4.85352E+00
-2.5829496E-01,3.85742E+00,4.89258E+00
-2.5827648E-01,3.95508E+00,4.85352E+00
-2.5825800E-01,3.87695E+00,4.83398E+00
-2.5823952E-01,3.95508E+00,4.85352E+00
-2.5822104E-01,3.89648E+00,4.85352E+00
-2.5820256E-01,3.85742E+00,4.87305E+00
-2.5818408E-01,3.87695E+00,4.83398E+00
-2.5816560E-01,3.89648E+00,4.81445E+00
-2.5814712E-01,3.85742E+00,4.79492E+00
-2.5812864E-01,3.93555E+00,4.83398E+00
-2.5811016E-01,3.79883E+00,4.91211E+00
-2.5809168E-01,3.87695E+00,4.83398E+00
-2.5807320E-01,3.83789E+00,4.87305E+00
-2.5805472E-01,3.95508E+00,4.85352E+00
-2.5803624E-01,3.93555E+00,4.79492E+00
-2.5801776E-01,3.99414E+00,4.81445E+00
-2.5799928E-01,3.87695E+00,4.87305E+00
-2.5798080E-01,3.83789E+00,4.81445E+00
-2.5796232E-01,3.89648E+00,4.85352E+00
-2.5794384E-01,3.85742E+00,4.85352E+00
-2.5792536E-01,3.87695E+00,4.81445E+00
-2.5790688E-01,3.89648E+00,4.83398E+00
-2.5788840E-01,3.91602E+00,4.79492E+00
-2.5786992E-01,3.93555E+00,4.85352E+00
-2.5785144E-01,3.85742E+00,4.87305E+00
-2.5783296E-01,3.93555E+00,4.79492E+00
-2.5781448E-01,3.89648E+00,4.81445E+00
-2.5779600E-01,3.89648E+00,4.83398E+00
-2.5777752E-01,3.81836E+00,4.83398E+00
-2.5775904E-01,3.87695E+00,4.81445E+00
-2.5774056E-01,3.89648E+00,4.87305E+00
-2.5772208E-01,3.93555E+00,4.81445E+00
-2.5770360E-01,3.79883E+00,4.81445E+00
-2.5768512E-01,3.89648E+00,4.87305E+00
-2.5766664E-01,3.85742E+00,4.79492E+00
-2.5764816E-01,3.91602E+00,4.85352E+00
-2.5762968E-01,3.85742E+00,4.85352E+00
-2.5761120E-01,3.95508E+00,4.79492E+00
-2.5759272E-01,3.93555E+00,4.87305E+00
-2.5757424E-01,3.87695E+00,4.83398E+00
-2.5755576E-01,3.85742E+00,4.81445E+00
-2.5753728E-01,3.87695E+00,4.81445E+00
-2.5751880E-01,3.93555E+00,4.83398E+00
-2.5750032E-01,3.93555E+00,4.83398E+00
-2.5748184E-01,3.89648E+00,4.79492E+00
-2.5746336E-01,3.91602E+00,4.83398E+00
-2.5744488E-01,3.85742E+00,4.93164E+00
-2.5742640E-01,3.91602E+00,4.85352E+00
-2.5740792E-01,3.81836E+00,4.83398E+00
-2.5738944E-01,3.95508E+00,4.81445E+00
-2.5737096E-01,3.87695E+00,4.79492E+00
-2.5735248E-01,3.91602E+00,4.85352E+00
-2.5733400E-01,3.87695E+00,4.85352E+00
-2.5731552E-01,3.95508E+00,4.89258E+00
-2.5729704E-01,3.85742E+00,4.81445E+00
-2.5727856E-01,3.93555E+00,4.83398E+00
-2.5726008E-01,3.83789E+00,4.83398E+00
-2.5724160E-01,3.91602E+00,4.77539E+00
-2.5722312E-01,3.91602E+00,4.89258E+00
-2.5720464E-01,3.91602E+00,4.83398E+00
-2.5718616E-01,3.87695E+00,4.79492E+00
-2.5716768E-01,3.97461E+00,4.89258E+00
-2.5714920E-01,3.83789E+00,4.81445E+00
-2.5713072E-01,3.93555E+00,4.81445E+00
-2.5711224E-01,3.87695E+00,4.75586E+00
-2.5709376E-01,3.89648E+00,4.85352E+00
-2.5707528E-01,3.91602E+00,4.83398E+00
-2.5705680E-01,3.93555E+00,4.89258E+00
-2.5703832E-01,3.93555E+00,4.87305E+00
-2.5701984E-01,3.99414E+00,4.81445E+00
-2.5700136E-01,3.85742E+00,4.83398E+00
-2.5698288E-01,3.89648E+00,4.85352E+00
-2.5696440E-01,3.85742E+00,4.87305E+00
-2.5694592E-01,3.93555E+00,4.85352E+00
-2.5692744E-01,3.85742E+00,4.81445E+00
-2.5690896E-01,3.95508E+00,4.87305E+00
-2.5689048E-01,3.91602E+00,4.85352E+00
-2.5687200E-01,3.85742E+00,4.87305E+00
-2.5685352E-01,3.85742E+00,4.83398E+00
-2.5683504E-01,3.97461E+00,4.85352E+00
-2.5681656E-01,3.83789E+00,4.81445E+00
-2.5679808E-01,3.89648E+00,4.87305E+00
-2.5677960E-01,3.85742E+00,4.85352E+00
-2.5676112E-01,3.87695E+00,4.83398E+00
-2.5674264E-01,3.85742E+00,4.89258E+00
-2.5672416E-01,3.87695E+00,4.81445E+00
-2.5670568E-01,3.85742E+00,4.85352E+00
-2.5668720E-01,3.95508E+00,4.85352E+00
-2.5666872E-01,3.93555E+00,4.79492E+00
-2.5665024E-01,3.99414E+00,4.83398E+00
-2.5663176E-01,3.85742E+00,4.77539E+00
-2.5661328E-01,3.87695E+00,4.77539E+00
-2.5659480E-01,3.87695E+00,4.87305E+00
-2.5657632E-01,3.91602E+00,4.85352E+00
-2.5655784E-01,3.81836E+00,4.83398E+00
-2.5653936E-01,3.99414E+00,4.87305E+00
-2.5652088E-01,3.85742E+00,4.87305E+00
-2.5650240E-01,3.89648E+00,4.87305E+00
-2.5648392E-01,3.83789E+00,4.81445E+00
-2.5646544E-01,3.91602E+00,4.89258E+00
-2.5644696E-01,3.81836E+00,4.83398E+00
-2.5642848E-01,3.95508E+00,4.89258E+00
-2.5641000E-01,3.85742E+00,4.85352E+00
-2.5639152E-01,3.95508E+00,4.83398E+00
-2.5637304E-01,3.85742E+00,4.81445E+00
-2.5635456E-01,3.95508E+00,4.81445E+00
-2.5633608E-01,3.93555E+00,4.89258E+00
-2.5631760E-01,3.87695E+00,4.85352E+00
-2.5629912E-01,3.91602E+00,4.85352E+00
-2.5628064E-01,3.89648E+00,4.87305E+00
-2.5626216E-01,3.89648E+00,4.89258E+00
-2.5624368E-01,3.91602E+00,4.87305E+00
-2.5622520E-01,3.85742E+00,4.91211E+00
-2.5620672E-01,3.87695E+00,4.83398E+00
-2.5618824E-01,3.87695E+00,4.93164E+00
-2.5616976E-01,3.93555E+00,4.87305E+00
-2.5615128E-01,3.93555E+00,4.85352E+00
-2.5613280E-01,3.91602E+00,4.81445E+00
-2.5611432E-01,3.95508E+00,4.83398E+00
-2.5609584E-01,3.93555E+00,4.85352E+00
-2.5607736E-01,3.87695E+00,4.83398E+00
-2.5605888E-01,3.91602E+00,4.85352E+00
-2.5604040E-01,3.91602E+00,4.91211E+00
-2.5602192E-01,3.89648E+00,4.87305E+00
-2.5600344E-01,3.83789E+00,4.87305E+00
-2.5598496E-01,3.93555E+00,4.85352E+00
-2.5596648E-01,3.87695E+00,4.89258E+00
-2.5594800E-01,3.89648E+00,4.87305E+00
-2.5592952E-01,3.89648E+00,4.89258E+00
-2.5591104E-01,3.95508E+00,4.87305E+00
-2.5589256E-01,3.91602E+00,4.91211E+00
-2.5587408E-01,3.85742E+00,4.87305E+00
-2.5585560E-01,3.83789E+00,4.89258E+00
-2.5583712E-01,3.85742E+00,4.87305E+00
-2.5581864E-01,3.91602E+00,4.85352E+00
-2.5580016E-01,3.89648E+00,4.85352E+00
-2.5578168E-01,3.85742E+00,4.87305E+00
-2.5576320E-01,3.99414E+00,4.87305E+00
-2.5574472E-01,3.81836E+00,4.89258E+00
-2.5572624E-01,3.93555E+00,4.89258E+00
-2.5570776E-01,3.85742E+00,4.87305E+00
-2.5568928E-01,3.89648E+00,4.97070E+00
-2.5567080E-01,3.91602E+00,4.83398E+00
-2.5565232E-01,3.91602E+00,4.91211E+00
-2.5563384E-01,3.83789E+00,4.87305E+00
-2.5561536E-01,3.81836E+00,4.87305E+00
-2.5559688E-01,3.89648E+00,4.89258E+00
-2.5557840E-01,3.91602E+00,4.87305E+00
-2.5555992E-01,3.89648E+00,4.87305E+00
-2.5554144E-01,3.85742E+00,4.81445E+00
-2.5552296E-01,3.87695E+00,4.85352E+00
-2.5550448E-01,3.95508E+00,4.89258E+00
-2.5548600E-01,3.91602E+00,4.87305E+00
-2.5546752E-01,3.87695E+00,4.85352E+00
-2.5544904E-01,3.93555E+00,4.87305E+00
-2.5543056E-01,3.97461E+00,4.87305E+00
-2.5541208E-01,3.83789E+00,4.89258E+00
-2.5539360E-01,3.91602E+00,4.87305E+00
-2.5537512E-01,3.93555E+00,4.81445E+00
-2.5535664E-01,3.93555E+00,4.87305E+00
-2.5533816E-01,3.93555E+00,4.89258E+00
-2.5531968E-01,3.93555E+00,4.83398E+00
-2.5530120E-01,3.87695E+00,4.81445E+00
-2.5528272E-01,3.93555E+00,4.89258E+00
-2.5526424E-01,3.89648E+00,4.83398E+00
-2.5524576E-01,3.87695E+00,4.85352E+00
-2.5522728E-01,3.85742E+00,4.91211E+00
-2.5520880E-01,3.95508E+00,4.91211E+00
-2.5519032E-01,3.81836E+00,4.93164E+00
-2.5517184E-01,3.89648E+00,4.85352E+00
-2.5515336E-01,3.89648E+00,4.91211E+00
-2.5513488E-01,3.87695E+00,4.85352E+00
-2.5511640E-01,3.87695E+00,4.91211E+00
-2.5509792E-01,3.95508E+00,4.87305E+00
-2.5507944E-01,3.85742E+00,4.89258E+00
-2.5506096E-01,3.89648E+00,4.83398E+00
-2.5504248E-01,3.83789E+00,4.93164E+00
-2.5502400E-01,3.91602E+00,4.95117E+00
-2.5500552E-01,3.99414E+00,4.87305E+00
-2.5498704E-01,3.89648E+00,4.87305E+00
-2.5496856E-01,3.89648E+00,4.87305E+00
-2.5495008E-01,3.93555E+00,4.87305E+00
-2.5493160E-01,3.91602E+00,4.85352E+00
-2.5491312E-01,3.89648E+00,4.91211E+00
-2.5489464E-01,3.93555E+00,4.83398E+00
-2.5487616E-01,3.91602E+00,4.83398E+00
-2.5485768E-01,3.89648E+00,4.83398E+00
-2.5483920E-01,3.93555E+00,4.91211E+00
-2.5482072E-01,3.91602E+00,4.93164E+00
-2.5480224E-01,3.87695E+00,4.85352E+00
-2.5478376E-01,3.87695E+00,4.83398E+00
-2.5476528E-01,3.89648E+00,4.91211E+00
-2.5474680E-01,3.93555E+00,4.87305E+00
-2.5472832E-01,3.93555E+00,4.95117E+00
-2.5470984E-01,3.93555E+00,4.87305E+00
-2.5469136E-01,3.89648E+00,4.91211E+00
-2.5467288E-01,3.99414E+00,4.89258E+00
-2.5465440E-01,3.93555E+00,4.81445E+00
-2.5463592E-01,3.95508E+00,4.87305E+00
-2.5461744E-01,3.93555E+00,4.91211E+00
-2.5459896E-01,3.85742E+00,4.87305E+00
-2.5458048E-01,3.87695E+00,4.83398E+00
-2.5456200E-01,3.85742E+00,4.89258E+00
-2.5454352E-01,3.93555E+00,4.91211E+00
-2.5452504E-01,3.93555E+00,4.87305E+00
-2.5450656E-01,3.87695E+00,4.87305E+00
-2.5448808E-01,3.87695E+00,4.87305E+00
-2.5446960E-01,3.95508E+00,4.93164E+00
-2.5445112E-01,3.87695E+00,4.89258E+00
-2.5443264E-01,3.85742E+00,4.83398E+00
-2.5441416E-01,3.89648E+00,4.89258E+00
-2.5439568E-01,3.93555E+00,4.93164E+00
-2.5437720E-01,3.83789E+00,4.89258E+00
-2.5435872E-01,3.95508E+00,4.87305E+00
-2.5434024E-01,3.93555E+00,4.83398E+00
-2.5432176E-01,3.91602E+00,4.89258E+00
-2.5430328E-01,3.83789E+00,4.91211E+00
-2.5428480E-01,3.89648E+00,4.89258E+00
-2.5426632E-01,3.89648E+00,4.93164E+00
-2.5424784E-01,3.93555E+00,4.83398E+00
-2.5422936E-01,3.91602E+00,4.81445E+00
-2.5421088E-01,3.91602E+00,4.85352E+00
-2.5419240E-01,3.91602E+00,4.81445E+00
-2.5417392E-01,3.91602E+00,4.85352E+00
-2.5415544E-01,3.87695E+00,4.89258E+00
-2.5413696E-01,3.97461E+00,4.95117E+00
-2.5411848E-01,3.81836E+00,4.89258E+00
-2.5410000E-01,3.91602E+00,4.93164E+00
-2.5408152E-01,3.91602E+00,4.91211E+00
-2.5406304E-01,3.93555E+00,4.93164E+00
-2.5404456E-01,4.01367E+00,4.87305E+00
-2.5402608E-01,3.91602E+00,4.83398E+00
-2.5400760E-01,3.89648E+00,4.93164E+00
-2.5398912E-01,3.93555E+00,4.85352E+00
-2.5397064E-01,3.83789E+00,4.83398E+00
-2.5395216E-01,3.97461E+00,4.91211E+00
-2.5393368E-01,3.95508E+00,4.91211E+00
-2.5391520E-01,3.89648E+00,4.85352E+00
-2.5389672E-01,3.89648E+00,4.81445E+00
-2.5387824E-01,3.91602E+00,4.95117E+00
-2.5385976E-01,3.95508E+00,4.89258E+00
-2.5384128E-01,3.93555E+00,4.87305E+00
-2.5382280E-01,3.89648E+00,4.83398E+00
-2.5380432E-01,3.89648E+00,4.83398E+00
-2.5378584E-01,3.83789E+00,4.87305E+00
-2.5376736E-01,3.93555E+00,4.89258E+00
-2.5374888E-01,3.85742E+00,4.87305E+00
-2.5373040E-01,3.99414E+00,4.87305E+00
-2.5371192E-01,3.89648E+00,4.93164E+00
-2.5369344E-01,3.91602E+00,4.89258E+00
-2.5367496E-01,3.85742E+00,4.91211E+00
-2.5365648E-01,3.87695E+00,4.87305E+00
-2.5363800E-01,3.83789E+00,4.87305E+00
-2.5361952E-01,3.89648E+00,4.83398E+00
-2.5360104E-01,3.87695E+00,4.87305E+00
-2.5358256E-01,3.91602E+00,4.91211E+00
-2.5356408E-01,3.91602E+00,4.89258E+00
-2.5354560E-01,3.93555E+00,4.89258E+00
-2.5352712E-01,3.87695E+00,4.87305E+00
-2.5350864E-01,3.91602E+00,4.89258E+00
-2.5349016E-01,3.91602E+00,4.81445E+00
-2.5347168E-01,3.95508E+00,4.87305E+00
-2.5345320E-01,3.97461E+00,4.89258E+00
-2.5343472E-01,3.91602E+00,4.93164E+00
-2.5341624E-01,3.93555E+00,4.87305E+00
-2.5339776E-01,3.89648E+00,4.95117E+00
-2.5337928E-01,3.93555E+00,4.93164E+00
-2.5336080E-01,3.97461E+00,4.89258E+00
-2.5334232E-01,3.91602E+00,4.87305E+00
-2.5332384E-01,3.93555E+00,4.91211E+00
-2.5330536E-01,3.85742E+00,4.83398E+00
-2.5328688E-01,3.95508E+00,4.89258E+00
-2.5326840E-01,3.87695E+00,4.91211E+00
-2.5324992E-01,3.91602E+00,4.93164E+00
-2.5323144E-01,3.85742E+00,4.89258E+00
-2.5321296E-01,3.93555E+00,4.91211E+00
-2.5319448E-01,3.89648E+00,4.83398E+00
-2.5317600E-01,3.93555E+00,4.89258E+00
-2.5315752E-01,3.85742E+00,4.91211E+00
-2.5313904E-01,3.89648E+00,4.87305E+00
-2.5312056E-01,3.87695E+00,4.93164E+00
-2.5310208E-01,3.95508E+00,4.97070E+00
-2.5308360E-01,3.85742E+00,4.91211E+00
-2.5306512E-01,3.87695E+00,4.93164E+00
-2.5304664E-01,3.91602E+00,4.89258E+00
-2.5302816E-01,3.99414E+00,4.91211E+00
-2.5300968E-01,3.85742E+00,4.91211E+00
-2.5299120E-01,3.93555E+00,4.93164E+00
-2.5297272E-01,3.95508E+00,4.93164E+00
-2.5295424E-01,3.91602E+00,4.91211E+00
-2.5293576E-01,3.87695E+00,4.87305E+00
-2.5291728E-01,3.93555E+00,4.93164E+00
-2.5289880E-01,3.91602E+00,4.93164E+00
-2.5288032E-01,3.97461E+00,4.93164E+00
-2.5286184E-01,3.91602E+00,4.89258E+00
-2.5284336E-01,3.95508E+00,4.93164E+00
-2.5282488E-01,3.89648E+00,4.93164E+00
-2.5280640E-01,3.95508E+00,4.93164E+00
-2.5278792E-01,3.89648E+00,4.89258E+00
-2.5276944E-01,3.91602E+00,4.91211E+00
-2.5275096E-01,3.89648E+00,4.91211E+00
-2.5273248E-01,3.99414E+00,4.93164E+00
-2.5271400E-01,3.85742E+00,4.89258E+00
-2.5269552E-01,3.89648E+00,4.93164E+00
-2.5267704E-01,3.89648E+00,4.89258E+00
-2.5265856E-01,3.91602E+00,4.87305E+00
-2.5264008E-01,3.89648E+00,4.87305E+00
-2.5262160E-01,3.91602E+00,4.89258E+00
-2.5260312E-01,3.89648E+00,4.93164E+00
-2.5258464E-01,3.95508E+00,4.87305E+00
-2.5256616E-01,3.91602E+00,4.89258E+00
-2.5254768E-01,3.99414E+00,4.93164E+00
-2.5252920E-01,3.89648E+00,4.91211E+00
-2.5251072E-01,3.93555E+00,4.89258E+00
-2.5249224E-01,3.93555E+00,4.93164E+00
-2.5247376E-01,3.93555E+00,4.89258E+00
-2.5245528E-01,3.87695E+00,4.91211E+00
-2.5243680E-01,3.99414E+00,4.87305E+00
-2.5241832E-01,3.87695E+00,4.91211E+00
-2.5239984E-01,3.93555E+00,4.87305E+00
-2.5238136E-01,3.91602E+00,4.87305E+00
-2.5236288E-01,3.97461E+00,4.87305E+00
-2.5234440E-01,3.89648E+00,4.93164E+00
-2.5232592E-01,3.91602E+00,4.95117E+00
-2.5230744E-01,3.85742E+00,4.89258E+00
-2.5228896E-01,3.95508E+00,4.83398E+00
-2.5227048E-01,3.91602E+00,4.95117E+00
-2.5225200E-01,3.91602E+00,4.91211E+00
-2.5223352E-01,3.89648E+00,4.87305E+00
-2.5221504E-01,3.95508E+00,4.87305E+00
-2.5219656E-01,3.93555E+00,4.87305E+00
-2.5217808E-01,3.91602E+00,5.00977E+00
-2.5215960E-01,3.93555E+00,4.87305E+00
-2.5214112E-01,3.93555E+00,4.91211E+00
-2.5212264E-01,3.87695E+00,4.89258E+00
-2.5210416E-01,3.89648E+00,4.87305E+00
-2.5208568E-01,3.89648E+00,4.89258E+00
-2.5206720E-01,4.01367E+00,4.95117E+00
-2.5204872E-01,3.91602E+00,4.93164E+00
-2.5203024E-01,3.99414E+00,4.89258E+00
-2.5201176E-01,3.85742E+00,4.91211E+00
-2.5199328E-01,3.95508E+00,4.91211E+00
-2.5197480E-01,3.93555E+00,4.93164E+00
-2.5195632E-01,3.91602E+00,4.91211E+00
-2.5193784E-01,3.93555E+00,4.91211E+00
-2.5191936E-01,3.99414E+00,4.89258E+00
-2.5190088E-01,3.89648E+00,4.91211E+00
-2.5188240E-01,3.97461E+00,4.97070E+00
-2.5186392E-01,3.89648E+00,4.89258E+00
-2.5184544E-01,3.89648E+00,4.87305E+00
-2.5182696E-01,3.91602E+00,4.85352E+00
-2.5180848E-01,3.91602E+00,4.99023E+00
-2.5179000E-01,3.87695E+00,4.95117E+00
-2.5177152E-01,3.93555E+00,4.99023E+00
-2.5175304E-01,3.85742E+00,4.93164E+00
-2.5173456E-01,3.97461E+00,4.97070E+00
-2.5171608E-01,3.95508E+00,4.89258E+00
-2.5169760E-01,3.93555E+00,4.89258E+00
-2.5167912E-01,3.97461E+00,4.89258E+00
-2.5166064E-01,3.95508E+00,4.87305E+00
-2.5164216E-01,3.93555E+00,4.93164E+00
-2.5162368E-01,3.97461E+00,4.91211E+00
-2.5160520E-01,3.93555E+00,4.93164E+00
-2.5158672E-01,3.95508E+00,4.93164E+00
-2.5156824E-01,3.89648E+00,4.85352E+00
-2.5154976E-01,3.95508E+00,4.91211E+00
-2.5153128E-01,3.83789E+00,4.83398E+00
-2.5151280E-01,3.95508E+00,4.93164E+00
-2.5149432E-01,3.91602E+00,4.87305E+00
-2.5147584E-01,3.93555E+00,4.95117E+00
-2.5145736E-01,3.93555E+00,4.89258E+00
-2.5143888E-01,3.95508E+00,4.91211E+00
-2.5142040E-01,3.89648E+00,4.93164E+00
-2.5140192E-01,3.93555E+00,4.89258E+00
-2.5138344E-01,3.89648E+00,4.89258E+00
-2.5136496E-01,3.91602E+00,4.89258E+00
-2.5134648E-01,3.85742E+00,4.91211E+00
-2.5132800E-01,3.87695E+00,4.87305E+00
-2.5130952E-01,3.91602E+00,4.93164E+00
-2.5129104E-01,3.89648E+00,4.91211E+00
-2.5127256E-01,3.89648E+00,4.89258E+00
-2.5125408E-01,4.01367E+00,4.95117E+00
-2.5123560E-01,3.89648E+00,4.95117E+00
-2.5121712E-01,3.97461E+00,4.91211E+00
-2.5119864E-01,3.91602E+00,4.93164E+00
-2.5118016E-01,3.97461E+00,4.89258E+00
-2.5116168E-01,3.89648E+00,4.87305E+00
-2.5114320E-01,3.93555E+00,4.89258E+00
-2.5112472E-01,3.95508E+00,4.95117E+00
-2.5110624E-01,3.99414E+00,4.93164E+00
-2.5108776E-01,3.93555E+00,4.89258E+00
-2.5106928E-01,3.89648E+00,4.93164E+00
-2.5105080E-01,3.95508E+00,4.95117E+00
-2.5103232E-01,3.93555E+00,4.95117E+00
-2.5101384E-01,3.97461E+00,4.91211E+00
-2.5099536E-01,3.83789E+00,4.95117E+00
-2.5097688E-01,3.91602E+00,4.87305E+00
-2.5095840E-01,3.93555E+00,4.91211E+00
-2.5093992E-01,3.93555E+00,4.93164E+00
-2.5092144E-01,3.95508E+00,4.95117E+00
-2.5090296E-01,3.91602E+00,4.97070E+00
-2.5088448E-01,3.89648E+00,4.89258E+00
-2.5086600E-01,3.89648E+00,4.89258E+00
-2.5084752E-01,3.95508E+00,4.89258E+00
-2.5082904E-01,3.99414E+00,4.89258E+00
-2.5081056E-01,3.93555E+00,4.95117E+00
-2.5079208E-01,3.95508E+00,4.95117E+00
-2.5077360E-01,3.87695E+00,4.95117E+00
-2.5075512E-01,3.91602E+00,4.89258E+00
-2.5073664E-01,3.95508E+00,4.97070E+00
-2.5071816E-01,3.89648E+00,4.87305E+00
-2.5069968E-01,3.99414E+00,4.95117E+00
-2.5068120E-01,3.93555E+00,4.93164E+00
-2.5066272E-01,3.89648E+00,4.95117E+00
-2.5064424E-01,3.83789E+00,4.93164E+00
-2.5062576E-01,3.85742E+00,4.91211E+00
-2.5060728E-01,3.91602E+00,4.99023E+00
-2.5058880E-01,3.95508E+00,4.93164E+00
-2.5057032E-01,3.85742E+00,4.93164E+00
-2.5055184E-01,3.93555E+00,4.89258E+00
-2.5053336E-01,3.91602E+00,4.97070E+00
-2.5051488E-01,3.99414E+00,4.95117E+00
-2.5049640E-01,3.87695E+00,4.99023E+00
-2.5047792E-01,3.95508E+00,4.87305E+00
-2.5045944E-01,3.91602E+00,4.91211E+00
-2.5044096E-01,3.91602E+00,4.95117E+00
-2.5042248E-01,3.89648E+00,4.89258E+00
-2.5040400E-01,3.89648E+00,4.95117E+00
-2.5038552E-01,3.93555E+00,4.89258E+00
-2.5036704E-01,4.01367E+00,4.93164E+00
-2.5034856E-01,3.83789E+00,4.93164E+00
-2.5033008E-01,3.97461E+00,4.97070E+00
-2.5031160E-01,3.85742E+00,4.97070E+00
-2.5029312E-01,3.95508E+00,4.95117E+00
-2.5027464E-01,3.85742E+00,4.95117E+00
-2.5025616E-01,3.91602E+00,4.95117E+00
-2.5023768E-01,3.89648E+00,4.99023E+00
-2.5021920E-01,3.93555E+00,4.93164E+00
-2.5020072E-01,3.87695E+00,4.95117E+00
-2.5018224E-01,3.89648E+00,4.93164E+00
-2.5016376E-01,3.85742E+00,4.93164E+00
-2.5014528E-01,3.85742E+00,4.89258E+00
-2.5012680E-01,3.95508E+00,4.91211E+00
-2.5010832E-01,3.91602E+00,4.91211E+00
-2.5008984E-01,3.93555E+00,4.91211E+00
-2.5007136E-01,3.87695E+00,4.93164E+00
-2.5005288E-01,3.99414E+00,4.95117E+00
-2.5003440E-01,3.95508E+00,4.95117E+00
-2.5001592E-01,3.93555E+00,4.95117E+00
-2.4999744E-01,3.99414E+00,4.97070E+00
-2.4997896E-01,3.91602E+00,4.93164E+00
-2.4996048E-01,3.97461E+00,4.93164E+00
-2.4994200E-01,3.99414E+00,4.93164E+00
-2.4992352E-01,3.99414E+00,4.89258E+00
-2.4990504E-01,3.89648E+00,4.93164E+00
-2.4988656E-01,3.97461E+00,4.97070E+00
-2.4986808E-01,3.95508E+00,4.97070E+00
-2.4984960E-01,3.93555E+00,4.95117E+00
-2.4983112E-01,3.93555E+00,4.93164E+00
-2.4981264E-01,3.91602E+00,4.91211E+00
-2.4979416E-01,3.89648E+00,4.89258E+00
-2.4977568E-01,3.93555E+00,4.93164E+00
-2.4975720E-01,3.89648E+00,4.85352E+00
-2.4973872E-01,3.93555E+00,4.95117E+00
-2.4972024E-01,3.95508E+00,4.97070E+00
-2.4970176E-01,3.95508E+00,4.95117E+00
-2.4968328E-01,3.87695E+00,4.93164E+00
-2.4966480E-01,3.89648E+00,5.00977E+00
-2.4964632E-01,3.93555E+00,4.91211E+00
-2.4962784E-01,3.93555E+00,4.97070E+00
-2.4960936E-01,3.91602E+00,4.95117E+00
-2.4959088E-01,4.01367E+00,4.95117E+00
-2.4957240E-01,3.93555E+00,4.97070E+00
-2.4955392E-01,3.99414E+00,5.00977E+00
-2.4953544E-01,3.87695E+00,4.93164E+00
-2.4951696E-01,3.91602E+00,4.87305E+00
-2.4949848E-01,3.91602E+00,4.89258E+00
-2.4948000E-01,3.93555E+00,4.91211E+00
-2.4946152E-01,3.89648E+00,4.93164E+00
-2.4944304E-01,3.89648E+00,4.95117E+00
-2.4942456E-01,3.95508E+00,4.95117E+00
-2.4940608E-01,3.89648E+00,4.93164E+00
-2.4938760E-01,3.91602E+00,5.00977E+00
-2.4936912E-01,3.91602E+00,4.97070E+00
-2.4935064E-01,3.89648E+00,4.97070E+00
-2.4933216E-01,3.97461E+00,4.89258E+00
-2.4931368E-01,3.91602E+00,4.93164E+00
-2.4929520E-01,3.89648E+00,4.95117E+00
-2.4927672E-01,3.93555E+00,4.95117E+00
-2.4925824E-01,3.93555E+00,4.99023E+00
-2.4923976E-01,3.91602E+00,4.97070E+00
-2.4922128E-01,3.93555E+00,4.97070E+00
-2.4920280E-01,3.93555E+00,4.95117E+00
-2.4918432E-01,3.93555E+00,4.97070E+00
-2.4916584E-01,3.99414E+00,4.95117E+00
-2.4914736E-01,3.95508E+00,4.89258E+00
-2.4912888E-01,3.83789E+00,4.91211E+00
-2.4911040E-01,3.95508E+00,5.00977E+00
-2.4909192E-01,3.89648E+00,4.99023E+00
-2.4907344E-01,3.95508E+00,4.95117E+00
-2.4905496E-01,3.93555E+00,5.02930E+00
-2.4903648E-01,4.01367E+00,4.93164E+00
-2.4901800E-01,3.87695E+00,4.97070E+00
-2.4899952E-01,3.99414E+00,4.95117E+00
-2.4898104E-01,3.91602E+00,4.95117E+00
-2.4896256E-01,3.93555E+00,4.95117E+00
-2.4894408E-01,3.87695E+00,4.91211E+00
-2.4892560E-01,3.93555E+00,4.97070E+00
-2.4890712E-01,3.91602E+00,4.91211E+00
-2.4888864E-01,3.93555E+00,4.97070E+00
-2.4887016E-01,3.91602E+00,4.95117E+00
-2.4885168E-01,3.87695E+00,4.99023E+00
-2.4883320E-01,3.89648E+00,4.95117E+00
-2.4881472E-01,3.97461E+00,4.93164E+00
-2.4879624E-01,3.91602E+00,4.97070E+00
-2.4877776E-01,3.95508E+00,4.97070E+00
-2.4875928E-01,3.93555E+00,5.04883E+00
-2.4874080E-01,3.91602E+00,4.97070E+00
-2.4872232E-01,3.91602E+00,4.99023E+00
-2.4870384E-01,3.87695E+00,4.97070E+00
-2.4868536E-01,3.93555E+00,4.95117E+00
-2.4866688E-01,3.97461E+00,4.95117E+00
-2.4864840E-01,3.89648E+00,4.99023E+00
-2.4862992E-01,3.89648E+00,4.97070E+00
-2.4861144E-01,3.93555E+00,4.97070E+00
-2.4859296E-01,3.99414E+00,4.95117E+00
-2.4857448E-01,3.87695E+00,4.95117E+00
-2.4855600E-01,3.99414E+00,4.99023E+00
-2.4853752E-01,3.93555E+00,4.91211E+00
-2.4851904E-01,3.97461E+00,4.95117E+00
-2.4850056E-01,3.87695E+00,4.95117E+00
-2.4848208E-01,3.89648E+00,5.00977E+00
-2.4846360E-01,3.93555E+00,4.95117E+00
-2.4844512E-01,3.95508E+00,4.99023E+00
-2.4842664E-01,3.93555E+00,4.95117E+00
-2.4840816E-01,3.93555E+00,4.95117E+00
-2.4838968E-01,3.99414E+00,4.99023E+00
-2.4837120E-01,3.99414E+00,4.89258E+00
-2.4835272E-01,3.93555E+00,5.00977E+00
-2.4833424E-01,3.93555E+00,5.02930E+00
-2.4831576E-01,3.85742E+00,4.97070E+00
-2.4829728E-01,3.95508E+00,4.93164E+00
-2.4827880E-01,3.91602E+00,4.97070E+00
-2.4826032E-01,3.91602E+00,4.97070E+00
-2.4824184E-01,3.97461E+00,4.97070E+00
-2.4822336E-01,4.01367E+00,4.99023E+00
-2.4820488E-01,3.95508E+00,4.97070E+00
-2.4818640E-01,4.03320E+00,4.95117E+00
-2.4816792E-01,3.85742E+00,4.97070E+00
-2.4814944E-01,3.91602E+00,4.95117E+00
-2.4813096E-01,3.89648E+00,4.99023E+00
-2.4811248E-01,3.91602E+00,4.97070E+00
-2.4809400E-01,3.93555E+00,4.99023E+00
-2.4807552E-01,3.97461E+00,4.99023E+00
-2.4805704E-01,3.97461E+00,4.91211E+00
-2.4803856E-01,3.95508E+00,4.93164E+00
-2.4802008E-01,3.95508E+00,4.99023E+00
-2.4800160E-01,3.95508E+00,5.02930E+00
-2.4798312E-01,3.91602E+00,4.95117E+00
-2.4796464E-01,3.93555E+00,4.93164E+00
-2.4794616E-01,3.97461E+00,4.99023E+00
-2.4792768E-01,3.97461E+00,4.99023E+00
-2.4790920E-01,3.97461E+00,4.97070E+00
-2.4789072E-01,3.97461E+00,4.95117E+00
-2.4787224E-01,4.01367E+00,4.97070E+00
-2.4785376E-01,4.01367E+00,4.99023E+00
-2.4783528E-01,3.99414E+00,4.93164E+00
-2.4781680E-01,3.91602E+00,4.95117E+00
-2.4779832E-01,3.93555E+00,4.97070E+00
-2.4777984E-01,3.99414E+00,5.00977E+00
-2.4776136E-01,3.85742E+00,4.99023E+00
-2.4774288E-01,3.89648E+00,5.00977E+00
-2.4772440E-01,3.87695E+00,5.00977E+00
-2.4770592E-01,3.97461E+00,4.97070E+00
-2.4768744E-01,3.93555E+00,4.93164E+00
-2.4766896E-01,3.97461E+00,5.02930E+00
-2.4765048E-01,3.87695E+00,4.99023E+00
-2.4763200E-01,3.99414E+00,5.00977E+00
-2.4761352E-01,3.89648E+00,5.00977E+00
-2.4759504E-01,3.91602E+00,4.99023E+00
-2.4757656E-01,3.87695E+00,4.99023E+00
-2.4755808E-01,3.91602E+00,4.99023E+00
-2.4753960E-01,3.85742E+00,4.95117E+00
-2.4752112E-01,3.99414E+00,4.93164E+00
-2.4750264E-01,3.85742E+00,4.93164E+00
-2.4748416E-01,3.97461E+00,5.02930E+00
-2.4746568E-01,3.89648E+00,4.97070E+00
-2.4744720E-01,3.99414E+00,5.00977E+00
-2.4742872E-01,3.89648E+00,4.99023E+00
-2.4741024E-01,4.01367E+00,5.00977E+00
-2.4739176E-01,3.89648E+00,4.99023E+00
-2.4737328E-01,3.99414E+00,5.02930E+00
-2.4735480E-01,3.91602E+00,4.99023E+00
-2.4733632E-01,3.93555E+00,4.99023E+00
-2.4731784E-01,3.91602E+00,4.97070E+00
-2.4729936E-01,3.99414E+00,4.97070E+00
-2.4728088E-01,3.91602E+00,5.00977E+00
-2.4726240E-01,3.93555E+00,4.97070E+00
-2.4724392E-01,3.89648E+00,5.00977E+00
-2.4722544E-01,3.93555E+00,4.97070E+00
-2.4720696E-01,3.81836E+00,5.02930E+00
-2.4718848E-01,3.95508E+00,4.95117E+00
-2.4717000E-01,3.95508E+00,4.95117E+00
-2.4715152E-01,3.99414E+00,5.00977E+00
-2.4713304E-01,3.87695E+00,4.95117E+00
-2.4711456E-01,4.01367E+00,4.97070E+00
-2.4709608E-01,3.91602E+00,4.95117E+00
-2.4707760E-01,4.01367E+00,4.95117E+00
-2.4705912E-01,3.97461E+00,5.00977E+00
-2.4704064E-01,3.93555E+00,4.97070E+00
-2.4702216E-01,3.91602E+00,4.99023E+00
-2.4700368E-01,3.97461E+00,4.99023E+00
-2.4698520E-01,3.89648E+00,4.95117E+00
-2.4696672E-01,3.93555E+00,5.00977E+00
-2.4694824E-01,3.97461E+00,4.95117E+00
-2.4692976E-01,3.99414E+00,4.99023E+00
-2.4691128E-01,3.95508E+00,4.99023E+00
-2.4689280E-01,3.93555E+00,4.91211E+00
-2.4687432E-01,3.93555E+00,4.97070E+00
-2.4685584E-01,3.99414E+00,5.04883E+00
-2.4683736E-01,3.93555E+00,4.99023E+00
-2.4681888E-01,3.95508E+00,4.95117E+00
-2.4680040E-01,3.91602E+00,4.95117E+00
-2.4678192E-01,3.99414E+00,4.97070E+00
-2.4676344E-01,3.93555E+00,5.06836E+00
-2.4674496E-01,3.97461E+00,4.95117E+00
-2.4672648E-01,3.91602E+00,4.95117E+00
-2.4670800E-01,3.95508E+00,5.00977E+00
-2.4668952E-01,3.89648E+00,4.95117E+00
-2.4667104E-01,3.93555E+00,4.97070E+00
-2.4665256E-01,3.89648E+00,4.95117E+00
-2.4663408E-01,3.93555E+00,5.02930E+00
-2.4661560E-01,3.87695E+00,4.95117E+00
-2.4659712E-01,3.89648E+00,5.00977E+00
-2.4657864E-01,3.91602E+00,5.04883E+00
-2.4656016E-01,3.87695E+00,4.95117E+00
-2.4654168E-01,3.93555E+00,5.00977E+00
-2.4652320E-01,3.93555E+00,5.00977E+00
-2.4650472E-01,3.87695E+00,4.99023E+00
-2.4648624E-01,3.89648E+00,5.00977E+00
-2.4646776E-01,3.89648E+00,4.95117E+00
-2.4644928E-01,3.99414E+00,4.99023E+00
-2.4643080E-01,3.99414E+00,4.99023E+00
-2.4641232E-01,3.99414E+00,4.97070E+00
-2.4639384E-01,3.97461E+00,5.00977E+00
-2.4637536E-01,4.01367E+00,5.02930E+00
-2.4635688E-01,3.89648E+00,4.95117E+00
-2.4633840E-01,3.95508E+00,4.95117E+00
-2.4631992E-01,3.93555E+00,5.00977E+00
-2.4630144E-01,3.99414E+00,4.99023E+00
-2.4628296E-01,3.91602E+00,4.99023E+00
-2.4626448E-01,3.91602E+00,4.99023E+00
-2.4624600E-01,3.87695E+00,4.89258E+00
-2.4622752E-01,3.97461E+00,4.99023E+00
-2.4620904E-01,3.91602E+00,5.00977E+00
-2.4619056E-01,3.99414E+00,4.97070E+00
-2.4617208E-01,3.89648E+00,4.95117E+00
-2.4615360E-01,3.89648E+00,4.95117E+00
-2.4613512E-01,3.95508E+00,4.97070E+00
-2.4611664E-01,3.89648E+00,4.97070E+00
-2.4609816E-01,3.97461E+00,4.99023E+00
-2.4607968E-01,3.97461E+00,4.93164E+00
-2.4606120E-01,3.89648E+00,4.93164E+00
-2.4604272E-01,3.93555E+00,4.95117E+00
-2.4602424E-01,3.89648E+00,4.93164E+00
-2.4600576E-01,3.97461E+00,4.99023E+00
-2.4598728E-01,3.95508E+00,4.97070E+00
-2.4596880E-01,4.05273E+00,4.97070E+00
-2.4595032E-01,3.89648E+00,5.00977E+00
-2.4593184E-01,3.99414E+00,4.97070E+00
-2.4591336E-01,3.99414E+00,5.00977E+00
-2.4589488E-01,3.93555E+00,5.08789E+00
-2.4587640E-01,3.85742E+00,4.97070E+00
-2.4585792E-01,3.99414E+00,4.99023E+00
-2.4583944E-01,3.87695E+00,4.97070E+00
-2.4582096E-01,3.95508E+00,4.97070E+00
-2.4580248E-01,3.95508E+00,4.95117E+00
-2.4578400E-01,3.97461E+00,4.99023E+00
-2.4576552E-01,3.93555E+00,5.00977E+00
-2.4574704E-01,3.93555E+00,5.00977E+00
-2.4572856E-01,3.91602E+00,5.00977E+00
-2.4571008E-01,3.97461E+00,4.99023E+00
-2.4569160E-01,3.91602E+00,5.06836E+00
-2.4567312E-01,3.93555E+00,4.95117E+00
-2.4565464E-01,3.93555E+00,5.00977E+00
-2.4563616E-01,3.95508E+00,5.00977E+00
-2.4561768E-01,3.89648E+00,4.93164E+00
-2.4559920E-01,3.95508E+00,5.04883E+00
-2.4558072E-01,3.95508E+00,5.06836E+00
-2.4556224E-01,3.91602E+00,4.97070E+00
-2.4554376E-01,3.99414E+00,5.02930E+00
-2.4552528E-01,3.93555E+00,5.00977E+00
-2.4550680E-01,3.83789E+00,5.04883E+00
-2.4548832E-01,3.89648E+00,5.02930E+00
-2.4546984E-01,3.95508E+00,5.04883E+00
-2.4545136E-01,3.93555E+00,4.95117E+00
-2.4543288E-01,3.91602E+00,5.00977E+00
-2.4541440E-01,3.87695E+00,4.99023E+00
-2.4539592E-01,4.01367E+00,5.00977E+00
-2.4537744E-01,3.91602E+00,4.97070E+00
-2.4535896E-01,3.87695E+00,4.95117E+00
-2.4534048E-01,3.91602E+00,5.00977E+00
-2.4532200E-01,3.87695E+00,4.95117E+00
-2.4530352E-01,3.87695E+00,4.99023E+00
-2.4528504E-01,3.87695E+00,5.00977E+00
-2.4526656E-01,3.99414E+00,5.00977E+00
-2.4524808E-01,3.97461E+00,4.99023E+00
-2.4522960E-01,4.01367E+00,4.99023E+00
-2.4521112E-01,3.95508E+00,4.95117E+00
-2.4519264E-01,3.99414E+00,5.00977E+00
-2.4517416E-01,3.99414E+00,4.95117E+00
-2.4515568E-01,3.99414E+00,4.99023E+00
-2.4513720E-01,3.97461E+00,5.00977E+00
-2.4511872E-01,3.95508E+00,4.93164E+00
-2.4510024E-01,3.91602E+00,4.99023E+00
-2.4508176E-01,3.89648E+00,4.95117E+00
-2.4506328E-01,3.91602E+00,5.04883E+00
-2.4504480E-01,3.99414E+00,4.95117E+00
-2.4502632E-01,3.85742E+00,5.00977E+00
-2.4500784E-01,3.99414E+00,4.99023E+00
-2.4498936E-01,3.87695E+00,4.99023E+00
-2.4497088E-01,3.95508E+00,4.97070E+00
-2.4495240E-01,3.97461E+00,5.02930E+00
-2.4493392E-01,3.99414E+00,5.00977E+00
-2.4491544E-01,3.91602E+00,4.99023E+00
-2.4489696E-01,3.95508E+00,4.97070E+00
-2.4487848E-01,3.91602E+00,4.99023E+00
-2.4486000E-01,3.93555E+00,5.00977E+00
-2.4484152E-01,3.93555E+00,5.00977E+00
-2.4482304E-01,3.93555E+00,4.99023E+00
-2.4480456E-01,3.91602E+00,4.99023E+00
-2.4478608E-01,3.99414E+00,4.97070E+00
-2.4476760E-01,3.93555E+00,4.95117E+00
-2.4474912E-01,3.89648E+00,5.04883E+00
-2.4473064E-01,3.97461E+00,4.99023E+00
-2.4471216E-01,3.95508E+00,4.97070E+00
-2.4469368E-01,3.93555E+00,4.97070E+00
-2.4467520E-01,3.93555E+00,4.97070E+00
-2.4465672E-01,3.99414E+00,4.99023E+00
-2.4463824E-01,4.01367E+00,4.99023E+00
-2.4461976E-01,3.89648E+00,5.00977E+00
-2.4460128E-01,3.97461E+00,4.99023E+00
-2.4458280E-01,3.95508E+00,4.95117E+00
-2.4456432E-01,3.97461E+00,5.04883E+00
-2.4454584E-01,3.87695E+00,4.95117E+00
-2.4452736E-01,3.97461E+00,5.06836E+00
-2.4450888E-01,3.93555E+00,4.97070E+00
-2.4449040E-01,3.93555E+00,5.00977E+00
-2.4447192E-01,3.97461E+00,4.95117E+00
-2.4445344E-01,3.99414E+00,4.97070E+00
-2.4443496E-01,3.97461E+00,4.97070E+00
-2.4441648E-01,3.93555E+00,5.02930E+00
-2.4439800E-01,3.87695E+00,5.00977E+00
-2.4437952E-01,3.93555E+00,5.02930E+00
-2.4436104E-01,3.93555E+00,5.00977E+00
-2.4434256E-01,3.93555E+00,5.02930E+00
-2.4432408E-01,3.97461E+00,5.00977E+00
-2.4430560E-01,3.93555E+00,5.00977E+00
-2.4428712E-01,3.97461E+00,5.02930E+00
-2.4426864E-01,3.95508E+00,4.99023E+00
-2.4425016E-01,3.97461E+00,5.04883E+00
-2.4423168E-01,3.95508E+00,4.97070E+00
-2.4421320E-01,3.91602E+00,5.00977E+00
-2.4419472E-01,3.95508E+00,5.00977E+00
-2.4417624E-01,3.91602E+00,5.00977E+00
-2.4415776E-01,4.01367E+00,5.00977E+00
-2.4413928E-01,3.91602E+00,5.08789E+00
-2.4412080E-01,3.99414E+00,4.99023E+00
-2.4410232E-01,3.95508E+00,4.99023E+00
-2.4408384E-01,3.99414E+00,5.02930E+00
-2.4406536E-01,3.87695E+00,5.00977E+00
-2.4404688E-01,4.03320E+00,5.04883E+00
-2.4402840E-01,3.95508E+00,5.00977E+00
-2.4400992E-01,3.99414E+00,5.04883E+00
-2.4399144E-01,3.99414E+00,4.95117E+00
-2.4397296E-01,3.99414E+00,4.95117E+00
-2.4395448E-01,3.95508E+00,4.97070E+00
-2.4393600E-01,4.01367E+00,5.02930E+00
-2.4391752E-01,3.97461E+00,5.04883E+00
-2.4389904E-01,3.93555E+00,5.02930E+00
-2.4388056E-01,3.93555E+00,5.02930E+00
-2.4386208E-01,3.99414E+00,5.00977E+00
-2.4384360E-01,3.89648E+00,4.95117E+00
-2.4382512E-01,3.99414E+00,4.99023E+00
-2.4380664E-01,3.95508E+00,4.99023E+00
-2.4378816E-01,3.97461E+00,5.00977E+00
-2.4376968E-01,3.93555E+00,5.00977E+00
-2.4375120E-01,3.99414E+00,5.02930E+00
-2.4373272E-01,3.99414E+00,4.97070E+00
-2.4371424E-01,3.97461E+00,5.04883E+00
-2.4369576E-01,3.85742E+00,5.00977E+00
-2.4367728E-01,3.97461E+00,4.99023E+00
-2.4365880E-01,3.93555E+00,5.04883E+00
-2.4364032E-01,3.95508E+00,5.00977E+00
-2.4362184E-01,3.89648E+00,4.97070E+00
-2.4360336E-01,3.99414E+00,5.00977E+00
-2.4358488E-01,3.89648E+00,4.99023E+00
-2.4356640E-01,4.01367E+00,5.04883E+00
-2.4354792E-01,3.89648E+00,4.95117E+00
-2.4352944E-01,3.93555E+00,5.02930E+00
-2.4351096E-01,3.91602E+00,5.02930E+00
-2.4349248E-01,4.01367E+00,5.00977E+00
-2.4347400E-01,3.93555E+00,4.99023E+00
-2.4345552E-01,3.91602E+00,5.02930E+00
-2.4343704E-01,3.93555E+00,5.00977E+00
-2.4341856E-01,3.93555E+00,5.00977E+00
-2.4340008E-01,3.93555E+00,5.02930E+00
-2.4338160E-01,3.93555E+00,5.06836E+00
-2.4336312E-01,3.93555E+00,5.02930E+00
-2.4334464E-01,3.99414E+00,5.02930E+00
-2.4332616E-01,3.91602E+00,5.06836E+00
-2.4330768E-01,3.99414E+00,5.04883E+00
-2.4328920E-01,4.03320E+00,5.00977E+00
-2.4327072E-01,3.95508E+00,5.06836E+00
-2.4325224E-01,3.99414E+00,5.00977E+00
-2.4323376E-01,3.93555E+00,5.02930E+00
-2.4321528E-01,3.93555E+00,5.00977E+00
-2.4319680E-01,3.99414E+00,4.95117E+00
-2.4317832E-01,3.95508E+00,5.04883E+00
-2.4315984E-01,3.99414E+00,5.00977E+00
-2.4314136E-01,3.93555E+00,5.04883E+00
-2.4312288E-01,3.99414E+00,5.00977E+00
-2.4310440E-01,3.91602E+00,5.00977E+00
-2.4308592E-01,3.93555E+00,5.02930E+00
-2.4306744E-01,3.93555E+00,5.02930E+00
-2.4304896E-01,3.95508E+00,4.99023E+00
-2.4303048E-01,3.95508E+00,5.06836E+00
-2.4301200E-01,3.95508E+00,4.97070E+00
-2.4299352E-01,3.93555E+00,5.08789E+00
-2.4297504E-01,3.95508E+00,5.04883E+00
-2.4295656E-01,3.97461E+00,5.06836E+00
-2.4293808E-01,3.97461E+00,5.04883E+00
-2.4291960E-01,3.95508E+00,5.04883E+00
-2.4290112E-01,3.95508E+00,5.02930E+00
-2.4288264E-01,3.93555E+00,5.06836E+00
-2.4286416E-01,3.95508E+00,5.08789E+00
-2.4284568E-01,3.85742E+00,5.00977E+00
-2.4282720E-01,3.93555E+00,5.02930E+00
-2.4280872E-01,3.85742E+00,5.02930E+00
-2.4279024E-01,3.87695E+00,5.00977E+00
-2.4277176E-01,3.93555E+00,5.02930E+00
-2.4275328E-01,3.97461E+00,5.00977E+00
-2.4273480E-01,4.03320E+00,5.06836E+00
-2.4271632E-01,4.01367E+00,5.02930E+00
-2.4269784E-01,3.83789E+00,5.02930E+00
-2.4267936E-01,4.01367E+00,5.04883E+00
-2.4266088E-01,3.91602E+00,5.04883E+00
-2.4264240E-01,4.01367E+00,5.04883E+00
-2.4262392E-01,3.95508E+00,5.02930E+00
-2.4260544E-01,3.95508E+00,5.00977E+00
-2.4258696E-01,3.99414E+00,5.04883E+00
-2.4256848E-01,3.99414E+00,5.02930E+00
-2.4255000E-01,3.99414E+00,5.02930E+00
-2.4253152E-01,3.91602E+00,5.04883E+00
-2.4251304E-01,3.91602E+00,5.00977E+00
-2.4249456E-01,3.95508E+00,5.08789E+00
-2.4247608E-01,3.91602E+00,5.06836E+00
-2.4245760E-01,3.99414E+00,5.00977E+00
-2.4243912E-01,3.91602E+00,5.08789E+00
-2.4242064E-01,3.99414E+00,5.06836E+00
-2.4240216E-01,3.83789E+00,5.04883E+00
-2.4238368E-01,3.99414E+00,5.08789E+00
-2.4236520E-01,3.91602E+00,5.06836E+00
-2.4234672E-01,4.01367E+00,5.04883E+00
-2.4232824E-01,3.91602E+00,5.04883E+00
-2.4230976E-01,3.95508E+00,5.04883E+00
-2.4229128E-01,3.87695E+00,5.06836E+00
-2.4227280E-01,3.95508E+00,5.00977E+00
-2.4225432E-01,4.01367E+00,5.06836E+00
-2.4223584E-01,3.93555E+00,5.04883E+00
-2.4221736E-01,3.89648E+00,5.08789E+00
-2.4219888E-01,3.95508E+00,5.04883E+00
-2.4218040E-01,3.93555E+00,5.06836E+00
-2.4216192E-01,3.99414E+00,5.00977E+00
-2.4214344E-01,3.91602E+00,5.04883E+00
-2.4212496E-01,3.99414E+00,5.08789E+00
-2.4210648E-01,3.93555E+00,5.02930E+00
-2.4208800E-01,3.93555E+00,5.02930E+00
-2.4206952E-01,3.93555E+00,5.02930E+00
-2.4205104E-01,3.97461E+00,5.02930E+00
-2.4203256E-01,3.87695E+00,4.99023E+00
-2.4201408E-01,3.93555E+00,5.04883E+00
-2.4199560E-01,3.97461E+00,5.00977E+00
-2.4197712E-01,3.93555E+00,5.00977E+00
-2.4195864E-01,3.93555E+00,5.06836E+00
-2.4194016E-01,3.95508E+00,5.02930E+00
-2.4192168E-01,3.91602E+00,5.06836E+00
-2.4190320E-01,3.99414E+00,5.02930E+00
-2.4188472E-01,3.93555E+00,5.08789E+00
-2.4186624E-01,4.01367E+00,5.02930E+00
-2.4184776E-01,3.93555E+00,5.02930E+00
-2.4182928E-01,3.99414E+00,5.06836E+00
-2.4181080E-01,3.91602E+00,5.04883E+00
-2.4179232E-01,3.93555E+00,4.95117E+00
-2.4177384E-01,3.93555E+00,5.06836E+00
-2.4175536E-01,4.01367E+00,5.04883E+00
-2.4173688E-01,3.97461E+00,5.06836E+00
-2.4171840E-01,3.99414E+00,5.12695E+00
-2.4169992E-01,3.87695E+00,5.02930E+00
-2.4168144E-01,4.01367E+00,5.02930E+00
-2.4166296E-01,3.97461E+00,5.02930E+00
-2.4164448E-01,3.93555E+00,5.08789E+00
-2.4162600E-01,3.93555E+00,5.02930E+00
-2.4160752E-01,3.99414E+00,5.08789E+00
-2.4158904E-01,3.93555E+00,5.02930E+00
-2.4157056E-01,3.99414E+00,5.04883E+00
-2.4155208E-01,3.91602E+00,5.00977E+00
-2.4153360E-01,4.01367E+00,5.06836E+00
-2.4151512E-01,3.93555E+00,5.06836E+00
-2.4149664E-01,3.93555E+00,5.02930E+00
-2.4147816E-01,3.97461E+00,5.02930E+00
-2.4145968E-01,4.03320E+00,4.99023E+00
-2.4144120E-01,3.95508E+00,5.06836E+00
-2.4142272E-01,3.93555E+00,5.06836E+00
-2.4140424E-01,4.01367E+00,5.02930E+00
-2.4138576E-01,3.99414E+00,5.00977E+00
-2.4136728E-01,3.95508E+00,5.06836E+00
-2.4134880E-01,4.07227E+00,5.00977E+00
-2.4133032E-01,4.01367E+00,5.00977E+00
-2.4131184E-01,3.99414E+00,5.00977E+00
-2.4129336E-01,3.91602E+00,5.06836E+00
-2.4127488E-01,3.95508E+00,5.06836E+00
-2.4125640E-01,3.93555E+00,5.08789E+00
-2.4123792E-01,3.95508E+00,5.04883E+00
-2.4121944E-01,3.95508E+00,5.02930E+00
-2.4120096E-01,3.93555E+00,5.02930E+00
-2.4118248E-01,3.95508E+00,5.10742E+00
-2.4116400E-01,3.97461E+00,5.00977E+00
-2.4114552E-01,3.95508E+00,5.02930E+00
-2.4112704E-01,3.91602E+00,5.02930E+00
-2.4110856E-01,3.95508E+00,5.08789E+00
-2.4109008E-01,3.93555E+00,5.06836E+00
-2.4107160E-01,3.99414E+00,5.00977E+00
-2.4105312E-01,3.99414E+00,5.06836E+00
-2.4103464E-01,3.99414E+00,5.00977E+00
-2.4101616E-01,4.01367E+00,5.02930E+00
-2.4099768E-01,3.95508E+00,5.02930E+00
-2.4097920E-01,3.97461E+00,5.04883E+00
-2.4096072E-01,3.93555E+00,5.04883E+00
-2.4094224E-01,3.97461E+00,5.02930E+00
-2.4092376E-01,3.93555E+00,5.02930E+00
-2.4090528E-01,4.01367E+00,5.02930E+00
-2.4088680E-01,3.99414E+00,5.08789E+00
-2.4086832E-01,4.01367E+00,5.04883E+00
-2.4084984E-01,3.99414E+00,5.04883E+00
-2.4083136E-01,3.91602E+00,5.02930E+00
-2.4081288E-01,3.93555E+00,5.02930E+00
-2.4079440E-01,3.95508E+00,5.04883E+00
-2.4077592E-01,3.99414E+00,5.02930E+00
-2.4075744E-01,3.89648E+00,5.04883E+00
-2.4073896E-01,3.89648E+00,5.06836E+00
-2.4072048E-01,3.95508E+00,5.06836E+00
-2.4070200E-01,3.99414E+00,5.02930E+00
-2.4068352E-01,3.93555E+00,5.00977E+00
-2.4066504E-01,3.89648E+00,5.06836E+00
-2.4064656E-01,3.99414E+00,5.02930E+00
-2.4062808E-01,3.93555E+00,5.02930E+00
-2.4060960E-01,3.93555E+00,5.02930E+00
-2.4059112E-01,3.91602E+00,5.06836E+00
-2.4057264E-01,3.95508E+00,5.00977E+00
-2.4055416E-01,4.01367E+00,5.00977E+00
-2.4053568E-01,3.93555E+00,5.02930E+00
-2.4051720E-01,3.93555E+00,5.06836E+00
-2.4049872E-01,3.99414E+00,5.02930E+00
-2.4048024E-01,3.93555E+00,5.06836E+00
-2.4046176E-01,3.91602E+00,5.00977E+00
-2.4044328E-01,4.03320E+00,5.04883E+00
-2.4042480E-01,3.93555E+00,5.02930E+00
-2.4040632E-01,4.01367E+00,5.06836E+00
-2.4038784E-01,3.97461E+00,5.02930E+00
-2.4036936E-01,3.99414E+00,5.06836E+00
-2.4035088E-01,3.93555E+00,5.02930E+00
-2.4033240E-01,3.93555E+00,5.06836E+00
-2.4031392E-01,4.01367E+00,5.08789E+00
-2.4029544E-01,3.87695E+00,5.00977E+00
-2.4027696E-01,3.95508E+00,5.02930E+00
-2.4025848E-01,3.95508E+00,5.04883E+00
-2.4024000E-01,4.01367E+00,5.06836E+00
-2.4022152E-01,3.89648E+00,5.10742E+00
-2.4020304E-01,3.95508E+00,5.02930E+00
-2.4018456E-01,3.97461E+00,5.06836E+00
-2.4016608E-01,3.99414E+00,5.08789E+00
-2.4014760E-01,3.95508E+00,4.99023E+00
-2.4012912E-01,3.99414E+00,5.08789E+00
-2.4011064E-01,3.93555E+00,5.04883E+00
-2.4009216E-01,3.99414E+00,5.02930E+00
-2.4007368E-01,3.93555E+00,5.00977E+00
-2.4005520E-01,3.93555E+00,5.04883E+00
-2.4003672E-01,3.99414E+00,5.02930E+00
-2.4001824E-01,3.93555E+00,5.04883E+00
-2.3999976E-01,3.99414E+00,5.00977E+00
-2.3998128E-01,3.99414E+00,5.02930E+00
-2.3996280E-01,3.99414E+00,5.00977E+00
-2.3994432E-01,4.01367E+00,5.04883E+00
-2.3992584E-01,3.99414E+00,5.02930E+00
-2.3990736E-01,4.01367E+00,4.99023E+00
-2.3988888E-01,3.91602E+00,5.04883E+00
-2.3987040E-01,3.95508E+00,5.06836E+00
-2.3985192E-01,3.85742E+00,5.04883E+00
-2.3983344E-01,4.05273E+00,5.04883E+00
-2.3981496E-01,3.93555E+00,5.04883E+00
-2.3979648E-01,3.97461E+00,5.12695E+00
-2.3977800E-01,4.01367E+00,5.04883E+00
-2.3975952E-01,3.97461E+00,5.04883E+00
-2.3974104E-01,3.89648E+00,5.06836E+00
-2.3972256E-01,3.99414E+00,5.04883E+00
-2.3970408E-01,3.89648E+00,5.06836E+00
-2.3968560E-01,3.97461E+00,5.02930E+00
-2.3966712E-01,3.89648E+00,5.04883E+00
-2.3964864E-01,3.99414E+00,5.06836E+00
-2.3963016E-01,3.97461E+00,5.02930E+00
-2.3961168E-01,4.03320E+00,5.04883E+00
-2.3959320E-01,3.93555E+00,5.04883E+00
-2.3957472E-01,4.05273E+00,5.02930E+00
-2.3955624E-01,3.93555E+00,5.02930E+00
-2.3953776E-01,4.05273E+00,5.02930E+00
-2.3951928E-01,3.99414E+00,5.00977E+00
-2.3950080E-01,3.87695E+00,5.02930E+00
-2.3948232E-01,3.99414E+00,5.00977E+00
-2.3946384E-01,3.93555E+00,5.04883E+00
-2.3944536E-01,3.95508E+00,5.02930E+00
-2.3942688E-01,3.99414E+00,5.04883E+00
-2.3940840E-01,3.89648E+00,5.10742E+00
-2.3938992E-01,4.01367E+00,5.04883E+00
-2.3937144E-01,3.95508E+00,5.00977E+00
-2.3935296E-01,3.93555E+00,5.02930E+00
-2.3933448E-01,4.01367E+00,5.04883E+00
-2.3931600E-01,4.01367E+00,5.08789E+00
-2.3929752E-01,3.91602E+00,5.08789E+00
-2.3927904E-01,4.01367E+00,5.04883E+00
-2.3926056E-01,3.97461E+00,5.02930E+00
-2.3924208E-01,4.01367E+00,5.00977E+00
-2.3922360E-01,3.89648E+00,5.06836E+00
-2.3920512E-01,4.01367E+00,5.04883E+00
-2.3918664E-01,3.91602E+00,5.00977E+00
-2.3916816E-01,3.99414E+00,5.04883E+00
-2.3914968E-01,3.99414E+00,5.02930E+00
-2.3913120E-01,3.99414E+00,5.14648E+00
-2.3911272E-01,3.97461E+00,5.08789E+00
-2.3909424E-01,3.93555E+00,5.08789E+00
-2.3907576E-01,4.01367E+00,5.06836E+00
-2.3905728E-01,3.95508E+00,4.95117E+00
-2.3903880E-01,3.99414E+00,5.08789E+00
-2.3902032E-01,4.03320E+00,5.06836E+00
-2.3900184E-01,3.97461E+00,5.02930E+00
-2.3898336E-01,3.95508E+00,5.02930E+00
-2.3896488E-01,3.89648E+00,5.06836E+00
-2.3894640E-01,3.99414E+00,5.02930E+00
-2.3892792E-01,3.93555E+00,4.99023E+00
-2.3890944E-01,3.95508E+00,5.02930E+00
-2.3889096E-01,3.97461E+00,5.02930E+00
-2.3887248E-01,3.95508E+00,5.02930E+00
-2.3885400E-01,3.89648E+00,5.02930E+00
-2.3883552E-01,3.99414E+00,4.99023E+00
-2.3881704E-01,3.95508E+00,5.06836E+00
-2.3879856E-01,3.95508E+00,5.02930E+00
-2.3878008E-01,3.93555E+00,5.08789E+00
-2.3876160E-01,3.95508E+00,5.02930E+00
-2.3874312E-01,3.87695E+00,5.08789E+00
-2.3872464E-01,4.01367E+00,5.06836E+00
-2.3870616E-01,3.95508E+00,5.06836E+00
-2.3868768E-01,4.01367E+00,5.00977E+00
-2.3866920E-01,3.93555E+00,5.08789E+00
-2.3865072E-01,3.99414E+00,5.00977E+00
-2.3863224E-01,3.93555E+00,5.00977E+00
-2.3861376E-01,3.99414E+00,5.06836E+00
-2.3859528E-01,3.93555E+00,5.02930E+00
-2.3857680E-01,3.99414E+00,5.02930E+00
-2.3855832E-01,3.95508E+00,4.97070E+00
-2.3853984E-01,4.05273E+00,5.08789E+00
-2.3852136E-01,3.93555E+00,5.00977E+00
-2.3850288E-01,4.01367E+00,5.04883E+00
-2.3848440E-01,3.99414E+00,5.06836E+00
-2.3846592E-01,4.03320E+00,5.04883E+00
-2.3844744E-01,3.95508E+00,5.06836E+00
-2.3842896E-01,3.97461E+00,5.02930E+00
-2.3841048E-01,4.01367E+00,5.06836E+00
-2.3839200E-01,4.01367E+00,5.04883E+00
-2.3837352E-01,3.99414E+00,5.04883E+00
-2.3835504E-01,3.97461E+00,5.04883E+00
-2.3833656E-01,3.99414E+00,5.06836E+00
-2.3831808E-01,4.05273E+00,5.06836E+00
-2.3829960E-01,3.91602E+00,5.06836E+00
-2.3828112E-01,4.01367E+00,5.08789E+00
-2.3826264E-01,3.93555E+00,5.02930E+00
-2.3824416E-01,3.97461E+00,4.99023E+00
-2.3822568E-01,3.93555E+00,5.06836E+00
-2.3820720E-01,3.99414E+00,5.02930E+00
-2.3818872E-01,3.93555E+00,5.06836E+00
-2.3817024E-01,3.99414E+00,5.08789E+00
-2.3815176E-01,4.01367E+00,5.08789E+00
-2.3813328E-01,4.01367E+00,5.02930E+00
-2.3811480E-01,4.03320E+00,5.02930E+00
-2.3809632E-01,3.99414E+00,5.08789E+00
-2.3807784E-01,3.99414E+00,5.04883E+00
-2.3805936E-01,3.99414E+00,5.02930E+00
-2.3804088E-01,3.91602E+00,5.00977E+00
-2.3802240E-01,3.99414E+00,5.06836E+00
-2.3800392E-01,3.97461E+00,5.08789E+00
-2.3798544E-01,3.95508E+00,4.99023E+00
-2.3796696E-01,3.85742E+00,5.12695E+00
-2.3794848E-01,3.97461E+00,5.02930E+00
-2.3793000E-01,3.99414E+00,5.02930E+00
-2.3791152E-01,3.97461E+00,5.00977E+00
-2.3789304E-01,3.93555E+00,5.02930E+00
-2.3787456E-01,3.97461E+00,5.02930E+00
-2.3785608E-01,3.95508E+00,5.14648E+00
-2.3783760E-01,3.99414E+00,5.00977E+00
-2.3781912E-01,3.93555E+00,5.08789E+00
-2.3780064E-01,3.97461E+00,5.02930E+00
-2.3778216E-01,3.99414E+00,5.02930E+00
-2.3776368E-01,3.97461E+00,5.06836E+00
-2.3774520E-01,3.91602E+00,5.02930E+00
-2.3772672E-01,3.99414E+00,5.02930E+00
-2.3770824E-01,3.97461E+00,5.06836E+00
-2.3768976E-01,3.97461E+00,5.02930E+00
-2.3767128E-01,3.97461E+00,4.97070E+00
-2.3765280E-01,3.97461E+00,5.02930E+00
-2.3763432E-01,3.89648E+00,5.00977E+00
-2.3761584E-01,4.03320E+00,5.02930E+00
-2.3759736E-01,3.93555E+00,5.02930E+00
-2.3757888E-01,4.01367E+00,5.08789E+00
-2.3756040E-01,3.91602E+00,5.08789E+00
-2.3754192E-01,3.97461E+00,5.06836E+00
-2.3752344E-01,3.97461E+00,5.02930E+00
-2.3750496E-01,4.03320E+00,5.08789E+00
-2.3748648E-01,3.99414E+00,5.04883E+00
-2.3746800E-01,4.01367E+00,5.02930E+00
-2.3744952E-01,4.01367E+00,5.04883E+00
-2.3743104E-01,3.97461E+00,5.02930E+00
-2.3741256E-01,3.99414E+00,5.06836E+00
-2.3739408E-01,4.05273E+00,5.04883E+00
-2.3737560E-01,3.91602E+00,5.04883E+00
-2.3735712E-01,4.07227E+00,5.02930E+00
-2.3733864E-01,3.93555E+00,5.04883E+00
-2.3732016E-01,3.93555E+00,5.08789E+00
-2.3730168E-01,3.95508E+00,5.00977E+00
-2.3728320E-01,3.91602E+00,5.04883E+00
-2.3726472E-01,3.95508E+00,5.06836E+00
-2.3724624E-01,3.99414E+00,4.97070E+00
-2.3722776E-01,3.93555E+00,5.12695E+00
-2.3720928E-01,3.95508E+00,5.00977E+00
-2.3719080E-01,3.99414E+00,5.06836E+00
-2.3717232E-01,3.95508E+00,5.02930E+00
-2.3715384E-01,3.99414E+00,5.08789E+00
-2.3713536E-01,3.97461E+00,5.06836E+00
-2.3711688E-01,3.95508E+00,5.02930E+00
-2.3709840E-01,4.01367E+00,5.06836E+00
-2.3707992E-01,4.09180E+00,5.06836E+00
-2.3706144E-01,4.01367E+00,5.06836E+00
-2.3704296E-01,3.87695E+00,5.02930E+00
-2.3702448E-01,4.01367E+00,5.02930E+00
-2.3700600E-01,3.89648E+00,5.04883E+00
-2.3698752E-01,3.99414E+00,5.02930E+00
-2.3696904E-01,3.99414E+00,5.06836E+00
-2.3695056E-01,3.99414E+00,5.02930E+00
-2.3693208E-01,3.95508E+00,5.02930E+00
-2.3691360E-01,4.07227E+00,5.04883E+00
-2.3689512E-01,3.97461E+00,4.99023E+00
-2.3687664E-01,3.99414E+00,5.00977E+00
-2.3685816E-01,3.93555E+00,5.02930E+00
-2.3683968E-01,4.07227E+00,5.02930E+00
-2.3682120E-01,3.99414E+00,5.06836E+00
-2.3680272E-01,4.01367E+00,5.00977E+00
-2.3678424E-01,4.01367E+00,5.04883E+00
-2.3676576E-01,4.01367E+00,5.06836E+00
-2.3674728E-01,4.01367E+00,5.04883E+00
-2.3672880E-01,3.97461E+00,5.02930E+00
-2.3671032E-01,3.95508E+00,5.04883E+00
-2.3669184E-01,4.01367E+00,5.02930E+00
-2.3667336E-01,3.85742E+00,5.00977E+00
-2.3665488E-01,4.01367E+00,5.02930E+00
-2.3663640E-01,3.95508E+00,4.95117E+00
-2.3661792E-01,4.03320E+00,5.04883E+00
-2.3659944E-01,3.95508E+00,5.00977E+00
-2.3658096E-01,4.01367E+00,5.00977E+00
-2.3656248E-01,3.93555E+00,5.04883E+00
-2.3654400E-01,4.05273E+00,5.00977E+00
-2.3652552E-01,3.99414E+00,5.02930E+00
-2.3650704E-01,3.93555E+00,5.08789E+00
-2.3648856E-01,3.99414E+00,5.06836E+00
-2.3647008E-01,4.01367E+00,4.97070E+00
-2.3645160E-01,3.91602E+00,5.06836E+00
-2.3643312E-01,3.97461E+00,5.06836E+00
-2.3641464E-01,3.89648E+00,4.97070E+00
-2.3639616E-01,3.97461E+00,5.00977E+00
-2.3637768E-01,3.91602E+00,5.02930E+00
-2.3635920E-01,4.01367E+00,5.04883E+00
-2.3634072E-01,3.97461E+00,5.04883E+00
-2.3632224E-01,4.05273E+00,5.06836E+00
-2.3630376E-01,3.99414E+00,5.02930E+00
-2.3628528E-01,3.97461E+00,5.06836E+00
-2.3626680E-01,3.89648E+00,5.02930E+00
-2.3624832E-01,3.99414E+00,5.02930E+00
-2.3622984E-01,3.85742E+00,5.02930E+00
-2.3621136E-01,4.01367E+00,5.00977E+00
-2.3619288E-01,3.99414E+00,5.06836E+00
-2.3617440E-01,4.01367E+00,5.00977E+00
-2.3615592E-01,3.99414E+00,5.06836E+00
-2.3613744E-01,3.95508E+00,5.02930E+00
-2.3611896E-01,3.87695E+00,4.99023E+00
-2.3610048E-01,4.01367E+00,5.08789E+00
-2.3608200E-01,3.89648E+00,5.04883E+00
-2.3606352E-01,3.93555E+00,5.02930E+00
-2.3604504E-01,3.95508E+00,5.02930E+00
-2.3602656E-01,4.01367E+00,5.06836E+00
-2.3600808E-01,4.01367E+00,5.02930E+00
-2.3598960E-01,3.93555E+00,5.02930E+00
-2.3597112E-01,3.91602E+00,5.02930E+00
-2.3595264E-01,3.97461E+00,5.02930E+00
-2.3593416E-01,3.91602E+00,5.00977E+00
-2.3591568E-01,3.95508E+00,4.99023E+00
-2.3589720E-01,3.99414E+00,5.00977E+00
-2.3587872E-01,4.01367E+00,5.04883E+00
-2.3586024E-01,4.03320E+00,5.02930E+00
-2.3584176E-01,4.01367E+00,5.10742E+00
-2.3582328E-01,3.97461E+00,5.04883E+00
-2.3580480E-01,3.99414E+00,5.02930E+00
-2.3578632E-01,3.95508E+00,5.08789E+00
-2.3576784E-01,4.07227E+00,5.02930E+00
-2.3574936E-01,3.91602E+00,5.04883E+00
-2.3573088E-01,3.99414E+00,5.06836E+00
-2.3571240E-01,3.89648E+00,5.04883E+00
-2.3569392E-01,4.01367E+00,5.02930E+00
-2.3567544E-01,3.97461E+00,5.04883E+00
-2.3565696E-01,3.93555E+00,5.02930E+00
-2.3563848E-01,4.01367E+00,5.04883E+00
-2.3562000E-01,4.01367E+00,5.02930E+00
-2.3560152E-01,3.99414E+00,5.00977E+00
-2.3558304E-01,4.01367E+00,5.00977E+00
-2.3556456E-01,3.99414E+00,5.02930E+00
-2.3554608E-01,3.97461E+00,5.02930E+00
-2.3552760E-01,3.93555E+00,5.02930E+00
-2.3550912E-01,4.01367E+00,5.02930E+00
-2.3549064E-01,4.01367E+00,5.04883E+00
-2.3547216E-01,3.95508E+00,5.10742E+00
-2.3545368E-01,3.95508E+00,5.02930E+00
-2.3543520E-01,3.97461E+00,5.02930E+00
-2.3541672E-01,4.01367E+00,5.06836E+00
-2.3539824E-01,4.01367E+00,5.04883E+00
-2.3537976E-01,3.93555E+00,4.99023E+00
-2.3536128E-01,3.95508E+00,5.00977E+00
-2.3534280E-01,3.95508E+00,4.99023E+00
-2.3532432E-01,3.95508E+00,5.02930E+00
-2.3530584E-01,3.91602E+00,4.97070E+00
-2.3528736E-01,4.03320E+00,5.02930E+00
-2.3526888E-01,3.99414E+00,5.04883E+00
-2.3525040E-01,3.99414E+00,5.04883E+00
-2.3523192E-01,4.01367E+00,5.02930E+00
-2.3521344E-01,3.91602E+00,5.00977E+00
-2.3519496E-01,3.93555E+00,5.02930E+00
-2.3517648E-01,4.01367E+00,5.04883E+00
-2.3515800E-01,3.99414E+00,5.02930E+00
-2.3513952E-01,4.01367E+00,5.08789E+00
-2.3512104E-01,3.87695E+00,5.00977E+00
-2.3510256E-01,3.97461E+00,5.04883E+00
-2.3508408E-01,3.95508E+00,5.06836E+00
-2.3506560E-01,4.03320E+00,5.04883E+00
-2.3504712E-01,3.97461E+00,5.04883E+00
-2.3502864E-01,3.99414E+00,5.08789E+00
-2.3501016E-01,3.97461E+00,5.02930E+00
-2.3499168E-01,4.01367E+00,5.08789E+00
-2.3497320E-01,3.93555E+00,5.02930E+00
-2.3495472E-01,3.97461E+00,5.06836E+00
-2.3493624E-01,3.99414E+00,5.06836E+00
-2.3491776E-01,3.93555E+00,5.02930E+00
-2.3489928E-01,4.03320E+00,5.08789E+00
-2.3488080E-01,4.07227E+00,5.04883E+00
-2.3486232E-01,4.01367E+00,5.00977E+00
-2.3484384E-01,3.99414E+00,5.02930E+00
-2.3482536E-01,3.99414E+00,5.00977E+00
-2.3480688E-01,4.01367E+00,5.06836E+00
-2.3478840E-01,3.99414E+00,5.00977E+00
-2.3476992E-01,4.01367E+00,5.02930E+00
-2.3475144E-01,3.99414E+00,5.04883E+00
-2.3473296E-01,3.99414E+00,5.02930E+00
-2.3471448E-01,3.89648E+00,5.04883E+00
-2.3469600E-01,3.89648E+00,5.04883E+00
-2.3467752E-01,3.95508E+00,5.06836E+00
-2.3465904E-01,3.97461E+00,5.04883E+00
-2.3464056E-01,3.99414E+00,5.02930E+00
-2.3462208E-01,3.99414E+00,5.04883E+00
-2.3460360E-01,4.01367E+00,5.04883E+00
-2.3458512E-01,4.03320E+00,5.06836E+00
-2.3456664E-01,3.95508E+00,5.04883E+00
-2.3454816E-01,3.97461E+00,5.02930E+00
-2.3452968E-01,3.91602E+00,5.04883E+00
-2.3451120E-01,3.97461E+00,5.06836E+00
-2.3449272E-01,3.99414E+00,5.00977E+00
-2.3447424E-01,3.99414E+00,5.00977E+00
-2.3445576E-01,3.99414E+00,5.00977E+00
-2.3443728E-01,4.03320E+00,5.02930E+00
-2.3441880E-01,3.97461E+00,4.99023E+00
-2.3440032E-01,3.95508E+00,5.04883E+00
-2.3438184E-01,3.99414E+00,5.06836E+00
-2.3436336E-01,3.97461E+00,5.00977E+00
-2.3434488E-01,3.93555E+00,5.04883E+00
-2.3432640E-01,3.97461E+00,5.02930E+00
-2.3430792E-01,3.99414E+00,5.04883E+00
-2.3428944E-01,3.99414E+00,5.04883E+00
-2.3427096E-01,3.95508E+00,5.08789E+00
-2.3425248E-01,4.03320E+00,5.02930E+00
-2.3423400E-01,3.91602E+00,5.02930E+00
-2.3421552E-01,3.95508E+00,5.10742E+00
-2.3419704E-01,3.87695E+00,5.04883E+00
-2.3417856E-01,3.99414E+00,5.00977E+00
-2.3416008E-01,3.93555E+00,5.02930E+00
-2.3414160E-01,3.93555E+00,5.02930E+00
-2.3412312E-01,3.95508E+00,5.04883E+00
-2.3410464E-01,4.01367E+00,5.00977E+00
-2.3408616E-01,4.01367E+00,5.00977E+00
-2.3406768E-01,4.03320E+00,5.04883E+00
-2.3404920E-01,3.95508E+00,5.06836E+00
-2.3403072E-01,4.01367E+00,5.02930E+00
-2.3401224E-01,3.97461E+00,5.06836E+00
-2.3399376E-01,4.01367E+00,5.06836E+00
-2.3397528E-01,3.99414E+00,4.99023E+00
-2.3395680E-01,3.95508E+00,5.02930E+00
-2.3393832E-01,3.95508E+00,5.04883E+00
-2.3391984E-01,4.01367E+00,5.02930E+00
-2.3390136E-01,3.99414E+00,5.06836E+00
-2.3388288E-01,4.01367E+00,5.02930E+00
-2.3386440E-01,3.85742E+00,5.04883E+00
-2.3384592E-01,4.01367E+00,4.97070E+00
-2.3382744E-01,3.99414E+00,5.04883E+00
-2.3380896E-01,3.99414E+00,5.06836E+00
-2.3379048E-01,3.97461E+00,5.06836E+00
-2.3377200E-01,4.01367E+00,4.99023E+00
-2.3375352E-01,4.01367E+00,5.06836E+00
-2.3373504E-01,3.97461E+00,5.04883E+00
-2.3371656E-01,3.97461E+00,5.06836E+00
-2.3369808E-01,4.03320E+00,5.06836E+00
-2.3367960E-01,3.95508E+00,4.99023E+00
-2.3366112E-01,3.97461E+00,4.99023E+00
-2.3364264E-01,3.99414E+00,5.02930E+00
-2.3362416E-01,3.95508E+00,5.08789E+00
-2.3360568E-01,3.91602E+00,5.04883E+00
-2.3358720E-01,4.01367E+00,5.02930E+00
-2.3356872E-01,3.97461E+00,5.06836E+00
-2.3355024E-01,3.97461E+00,5.06836E+00
-2.3353176E-01,3.95508E+00,5.02930E+00
-2.3351328E-01,4.01367E+00,5.04883E+00
-2.3349480E-01,3.99414E+00,5.04883E+00
-2.3347632E-01,3.97461E+00,5.06836E+00
-2.3345784E-01,3.99414E+00,5.02930E+00
-2.3343936E-01,4.01367E+00,5.04883E+00
-2.3342088E-01,3.97461E+00,4.97070E+00
-2.3340240E-01,3.97461E+00,5.00977E+00
-2.3338392E-01,3.95508E+00,5.02930E+00
-2.3336544E-01,4.01367E+00,5.04883E+00
-2.3334696E-01,3.95508E+00,5.00977E+00
-2.3332848E-01,3.99414E+00,5.04883E+00
-2.3331000E-01,3.95508E+00,5.02930E+00
-2.3329152E-01,4.01367E+00,5.02930E+00
-2.3327304E-01,3.99414E+00,5.02930E+00
-2.3325456E-01,3.99414E+00,5.00977E+00
-2.3323608E-01,4.01367E+00,5.08789E+00
-2.3321760E-01,4.03320E+00,5.06836E+00
-2.3319912E-01,4.01367E+00,4.99023E+00
-2.3318064E-01,4.05273E+00,5.04883E+00
-2.3316216E-01,3.93555E+00,5.06836E+00
-2.3314368E-01,4.03320E+00,5.04883E+00
-2.3312520E-01,3.93555E+00,5.02930E+00
-2.3310672E-01,4.03320E+00,4.97070E+00
-2.3308824E-01,3.95508E+00,5.00977E+00
-2.3306976E-01,4.05273E+00,5.02930E+00
-2.3305128E-01,3.99414E+00,5.06836E+00
-2.3303280E-01,3.95508E+00,5.00977E+00
-2.3301432E-01,3.93555E+00,5.06836E+00
-2.3299584E-01,3.93555E+00,5.04883E+00
-2.3297736E-01,3.93555E+00,5.02930E+00
-2.3295888E-01,3.99414E+00,5.02930E+00
-2.3294040E-01,3.93555E+00,5.04883E+00
-2.3292192E-01,3.99414E+00,5.04883E+00
-2.3290344E-01,3.93555E+00,5.06836E+00
-2.3288496E-01,3.99414E+00,5.06836E+00
-2.3286648E-01,4.03320E+00,5.04883E+00
-2.3284800E-01,4.01367E+00,5.06836E+00
-2.3282952E-01,3.97461E+00,5.04883E+00
-2.3281104E-01,4.05273E+00,5.02930E+00
-2.3279256E-01,3.99414E+00,4.97070E+00
-2.3277408E-01,4.03320E+00,5.00977E+00
-2.3275560E-01,4.01367E+00,5.02930E+00
-2.3273712E-01,4.01367E+00,5.04883E+00
-2.3271864E-01,3.95508E+00,5.04883E+00
-2.3270016E-01,4.07227E+00,4.99023E+00
-2.3268168E-01,3.99414E+00,5.04883E+00
-2.3266320E-01,4.01367E+00,5.02930E+00
-2.3264472E-01,4.03320E+00,5.02930E+00
-2.3262624E-01,3.99414E+00,5.02930E+00
-2.3260776E-01,4.01367E+00,5.02930E+00
-2.3258928E-01,3.99414E+00,5.04883E+00
-2.3257080E-01,3.97461E+00,5.04883E+00
-2.3255232E-01,4.01367E+00,5.06836E+00
-2.3253384E-01,3.97461E+00,5.10742E+00
-2.3251536E-01,3.99414E+00,5.00977E+00
-2.3249688E-01,4.05273E+00,5.08789E+00
-2.3247840E-01,3.99414E+00,5.00977E+00
-2.3245992E-01,4.03320E+00,5.06836E+00
-2.3244144E-01,4.05273E+00,5.06836E+00
-2.3242296E-01,3.95508E+00,5.00977E+00
-2.3240448E-01,3.99414E+00,5.04883E+00
-2.3238600E-01,3.95508E+00,4.97070E+00
-2.3236752E-01,4.05273E+00,5.06836E+00
-2.3234904E-01,3.93555E+00,5.02930E+00
-2.3233056E-01,4.03320E+00,5.02930E+00
-2.3231208E-01,3.95508E+00,5.08789E+00
-2.3229360E-01,4.05273E+00,5.04883E+00
-2.3227512E-01,4.01367E+00,4.99023E+00
-2.3225664E-01,3.97461E+00,5.06836E+00
-2.3223816E-01,3.95508E+00,5.06836E+00
-2.3221968E-01,4.05273E+00,5.02930E+00
-2.3220120E-01,3.97461E+00,5.06836E+00
-2.3218272E-01,4.05273E+00,5.06836E+00
-2.3216424E-01,3.95508E+00,5.06836E+00
-2.3214576E-01,4.01367E+00,5.06836E+00
-2.3212728E-01,3.93555E+00,4.99023E+00
-2.3210880E-01,3.99414E+00,5.06836E+00
-2.3209032E-01,3.99414E+00,5.02930E+00
-2.3207184E-01,4.01367E+00,5.08789E+00
-2.3205336E-01,3.97461E+00,5.00977E+00
-2.3203488E-01,4.01367E+00,5.10742E+00
-2.3201640E-01,3.99414E+00,5.04883E+00
-2.3199792E-01,4.07227E+00,5.02930E+00
-2.3197944E-01,3.95508E+00,5.02930E+00
-2.3196096E-01,4.01367E+00,5.00977E+00
-2.3194248E-01,3.95508E+00,5.06836E+00
-2.3192400E-01,4.01367E+00,5.00977E+00
-2.3190552E-01,3.99414E+00,5.02930E+00
-2.3188704E-01,3.95508E+00,5.08789E+00
-2.3186856E-01,3.97461E+00,5.06836E+00
-2.3185008E-01,3.99414E+00,5.04883E+00
-2.3183160E-01,3.97461E+00,5.04883E+00
-2.3181312E-01,3.99414E+00,5.02930E+00
-2.3179464E-01,4.01367E+00,5.02930E+00
-2.3177616E-01,3.99414E+00,5.02930E+00
-2.3175768E-01,3.97461E+00,5.06836E+00
-2.3173920E-01,4.03320E+00,5.04883E+00
-2.3172072E-01,3.91602E+00,5.06836E+00
-2.3170224E-01,3.95508E+00,5.00977E+00
-2.3168376E-01,3.93555E+00,5.04883E+00
-2.3166528E-01,4.01367E+00,5.06836E+00
-2.3164680E-01,3.99414E+00,5.06836E+00
-2.3162832E-01,4.07227E+00,5.02930E+00
-2.3160984E-01,4.05273E+00,5.06836E+00
-2.3159136E-01,4.01367E+00,5.02930E+00
-2.3157288E-01,4.01367E+00,5.02930E+00
-2.3155440E-01,4.01367E+00,5.02930E+00
-2.3153592E-01,3.99414E+00,5.04883E+00
-2.3151744E-01,3.99414E+00,5.04883E+00
-2.3149896E-01,4.03320E+00,5.00977E+00
-2.3148048E-01,4.01367E+00,4.99023E+00
-2.3146200E-01,4.05273E+00,5.08789E+00
-2.3144352E-01,4.01367E+00,5.04883E+00
-2.3142504E-01,4.03320E+00,4.95117E+00
-2.3140656E-01,3.97461E+00,5.10742E+00
-2.3138808E-01,4.01367E+00,5.02930E+00
-2.3136960E-01,3.95508E+00,5.08789E+00
-2.3135112E-01,4.01367E+00,4.99023E+00
-2.3133264E-01,4.01367E+00,5.06836E+00
-2.3131416E-01,3.97461E+00,5.04883E+00
-2.3129568E-01,3.99414E+00,5.04883E+00
-2.3127720E-01,3.95508E+00,5.04883E+00
-2.3125872E-01,3.95508E+00,5.00977E+00
-2.3124024E-01,3.93555E+00,5.04883E+00
-2.3122176E-01,3.99414E+00,5.06836E+00
-2.3120328E-01,3.97461E+00,5.06836E+00
-2.3118480E-01,3.97461E+00,5.02930E+00
-2.3116632E-01,4.03320E+00,5.02930E+00
-2.3114784E-01,3.99414E+00,5.00977E+00
-2.3112936E-01,3.99414E+00,5.00977E+00
-2.3111088E-01,4.01367E+00,5.08789E+00
-2.3109240E-01,3.95508E+00,5.02930E+00
-2.3107392E-01,4.07227E+00,5.02930E+00
-2.3105544E-01,3.91602E+00,5.04883E+00
-2.3103696E-01,4.01367E+00,5.02930E+00
-2.3101848E-01,3.97461E+00,5.00977E+00
-2.3100000E-01,3.93555E+00,5.02930E+00
-2.3098152E-01,3.97461E+00,5.06836E+00
-2.3096304E-01,3.97461E+00,4.97070E+00
-2.3094456E-01,3.99414E+00,5.04883E+00
-2.3092608E-01,3.99414E+00,5.04883E+00
-2.3090760E-01,4.05273E+00,5.02930E+00
-2.3088912E-01,4.07227E+00,5.08789E+00
-2.3087064E-01,3.95508E+00,5.06836E+00
-2.3085216E-01,3.97461E+00,5.02930E+00
-2.3083368E-01,4.01367E+00,5.02930E+00
-2.3081520E-01,4.01367E+00,5.02930E+00
-2.3079672E-01,4.01367E+00,5.06836E+00
-2.3077824E-01,3.99414E+00,5.04883E+00
-2.3075976E-01,3.99414E+00,5.04883E+00
-2.3074128E-01,4.05273E+00,5.02930E+00
-2.3072280E-01,3.97461E+00,5.04883E+00
-2.3070432E-01,4.07227E+00,5.04883E+00
-2.3068584E-01,4.05273E+00,5.06836E+00
-2.3066736E-01,3.97461E+00,5.08789E+00
-2.3064888E-01,3.97461E+00,5.08789E+00
-2.3063040E-01,4.01367E+00,5.04883E+00
-2.3061192E-01,3.99414E+00,4.99023E+00
-2.3059344E-01,3.99414E+00,5.04883E+00
-2.3057496E-01,3.95508E+00,5.00977E+00
-2.3055648E-01,4.01367E+00,5.04883E+00
-2.3053800E-01,3.99414E+00,5.06836E+00
-2.3051952E-01,3.97461E+00,5.02930E+00
-2.3050104E-01,3.89648E+00,5.02930E+00
-2.3048256E-01,4.07227E+00,5.06836E+00
-2.3046408E-01,4.01367E+00,5.02930E+00
-2.3044560E-01,4.01367E+00,5.00977E+00
-2.3042712E-01,3.97461E+00,5.06836E+00
-2.3040864E-01,4.01367E+00,5.02930E+00
-2.3039016E-01,4.01367E+00,5.04883E+00
-2.3037168E-01,4.03320E+00,5.04883E+00
-2.3035320E-01,4.05273E+00,5.02930E+00
-2.3033472E-01,4.01367E+00,4.97070E+00
-2.3031624E-01,4.01367E+00,5.06836E+00
-2.3029776E-01,4.01367E+00,5.00977E+00
-2.3027928E-01,3.99414E+00,5.04883E+00
-2.3026080E-01,3.95508E+00,5.04883E+00
-2.3024232E-01,3.97461E+00,5.00977E+00
-2.3022384E-01,4.03320E+00,4.97070E+00
-2.3020536E-01,4.03320E+00,5.04883E+00
-2.3018688E-01,4.03320E+00,5.06836E+00
-2.3016840E-01,3.97461E+00,5.08789E+00
-2.3014992E-01,4.03320E+00,5.00977E+00
-2.3013144E-01,3.99414E+00,5.02930E+00
-2.3011296E-01,4.07227E+00,4.97070E+00
-2.3009448E-01,3.97461E+00,5.00977E+00
-2.3007600E-01,4.01367E+00,4.97070E+00
-2.3005752E-01,4.01367E+00,5.06836E+00
-2.3003904E-01,4.07227E+00,5.00977E+00
-2.3002056E-01,3.97461E+00,5.04883E+00
-2.3000208E-01,4.09180E+00,5.04883E+00
-2.2998360E-01,4.05273E+00,5.14648E+00
-2.2996512E-01,4.05273E+00,5.08789E+00
-2.2994664E-01,4.01367E+00,5.04883E+00
-2.2992816E-01,4.09180E+00,5.10742E+00
-2.2990968E-01,3.99414E+00,5.02930E+00
-2.2989120E-01,4.01367E+00,5.02930E+00
-2.2987272E-01,3.91602E+00,5.00977E+00
-2.2985424E-01,4.03320E+00,5.02930E+00
-2.2983576E-01,3.97461E+00,5.00977E+00
-2.2981728E-01,4.01367E+00,5.06836E+00
-2.2979880E-01,3.93555E+00,5.00977E+00
-2.2978032E-01,4.01367E+00,5.02930E+00
-2.2976184E-01,3.97461E+00,5.06836E+00
-2.2974336E-01,4.03320E+00,5.08789E+00
-2.2972488E-01,4.01367E+00,5.04883E+00
-2.2970640E-01,4.03320E+00,5.04883E+00
-2.2968792E-01,3.93555E+00,4.99023E+00
-2.2966944E-01,3.95508E+00,5.00977E+00
-2.2965096E-01,3.99414E+00,5.04883E+00
-2.2963248E-01,4.05273E+00,5.02930E+00
-2.2961400E-01,3.97461E+00,5.04883E+00
-2.2959552E-01,4.03320E+00,5.02930E+00
-2.2957704E-01,4.01367E+00,5.04883E+00
-2.2955856E-01,4.01367E+00,5.04883E+00
-2.2954008E-01,4.03320E+00,5.06836E+00
-2.2952160E-01,4.01367E+00,5.08789E+00
-2.2950312E-01,3.99414E+00,5.04883E+00
-2.2948464E-01,4.01367E+00,5.02930E+00
-2.2946616E-01,3.95508E+00,5.00977E+00
-2.2944768E-01,3.99414E+00,5.04883E+00
-2.2942920E-01,3.99414E+00,5.00977E+00
-2.2941072E-01,4.07227E+00,4.99023E+00
-2.2939224E-01,3.99414E+00,5.04883E+00
-2.2937376E-01,4.01367E+00,5.06836E+00
-2.2935528E-01,4.03320E+00,5.00977E+00
-2.2933680E-01,3.99414E+00,5.00977E+00
-2.2931832E-01,3.99414E+00,5.06836E+00
-2.2929984E-01,4.01367E+00,4.99023E+00
-2.2928136E-01,4.01367E+00,5.06836E+00
-2.2926288E-01,4.07227E+00,5.04883E+00
-2.2924440E-01,3.99414E+00,5.02930E+00
-2.2922592E-01,3.93555E+00,5.08789E+00
-2.2920744E-01,3.99414E+00,5.06836E+00
-2.2918896E-01,4.07227E+00,4.99023E+00
-2.2917048E-01,4.09180E+00,5.08789E+00
-2.2915200E-01,4.11133E+00,5.02930E+00
-2.2913352E-01,3.97461E+00,5.04883E+00
-2.2911504E-01,3.97461E+00,5.02930E+00
-2.2909656E-01,3.97461E+00,5.06836E+00
-2.2907808E-01,4.01367E+00,5.04883E+00
-2.2905960E-01,3.95508E+00,5.04883E+00
-2.2904112E-01,4.07227E+00,5.02930E+00
-2.2902264E-01,3.93555E+00,5.04883E+00
-2.2900416E-01,4.01367E+00,5.02930E+00
-2.2898568E-01,3.99414E+00,5.04883E+00
-2.2896720E-01,4.01367E+00,5.02930E+00
-2.2894872E-01,3.95508E+00,5.06836E+00
-2.2893024E-01,4.03320E+00,5.04883E+00
-2.2891176E-01,4.05273E+00,5.06836E+00
-2.2889328E-01,4.01367E+00,5.00977E+00
-2.2887480E-01,3.93555E+00,5.02930E+00
-2.2885632E-01,4.05273E+00,5.00977E+00
-2.2883784E-01,3.93555E+00,5.04883E+00
-2.2881936E-01,4.07227E+00,5.04883E+00
-2.2880088E-01,3.97461E+00,4.97070E+00
-2.2878240E-01,4.01367E+00,5.12695E+00
-2.2876392E-01,3.95508E+00,5.02930E+00
-2.2874544E-01,4.01367E+00,5.02930E+00
-2.2872696E-01,4.03320E+00,4.99023E+00
-2.2870848E-01,4.07227E+00,5.02930E+00
-2.2869000E-01,3.99414E+00,5.04883E+00
-2.2867152E-01,4.01367E+00,5.00977E+00
-2.2865304E-01,3.97461E+00,5.04883E+00
-2.2863456E-01,4.01367E+00,5.08789E+00
-2.2861608E-01,3.99414E+00,5.00977E+00
-2.2859760E-01,4.05273E+00,5.08789E+00
-2.2857912E-01,3.99414E+00,5.04883E+00
-2.2856064E-01,3.97461E+00,5.04883E+00
-2.2854216E-01,3.97461E+00,5.08789E+00
-2.2852368E-01,4.01367E+00,5.08789E+00
-2.2850520E-01,3.93555E+00,4.97070E+00
-2.2848672E-01,4.01367E+00,5.02930E+00
-2.2846824E-01,3.97461E+00,5.10742E+00
-2.2844976E-01,4.05273E+00,4.99023E+00
-2.2843128E-01,4.05273E+00,5.00977E+00
-2.2841280E-01,3.99414E+00,5.02930E+00
-2.2839432E-01,3.95508E+00,5.02930E+00
-2.2837584E-01,4.03320E+00,5.00977E+00
-2.2835736E-01,4.01367E+00,5.08789E+00
-2.2833888E-01,4.01367E+00,5.04883E+00
-2.2832040E-01,3.97461E+00,5.00977E+00
-2.2830192E-01,4.07227E+00,5.02930E+00
-2.2828344E-01,4.05273E+00,5.04883E+00
-2.2826496E-01,3.97461E+00,5.00977E+00
-2.2824648E-01,3.97461E+00,5.06836E+00
-2.2822800E-01,4.05273E+00,5.02930E+00
-2.2820952E-01,3.99414E+00,5.04883E+00
-2.2819104E-01,4.05273E+00,5.04883E+00
-2.2817256E-01,4.01367E+00,5.08789E+00
-2.2815408E-01,4.03320E+00,5.04883E+00
-2.2813560E-01,3.99414E+00,5.06836E+00
-2.2811712E-01,4.01367E+00,5.02930E+00
-2.2809864E-01,3.95508E+00,5.02930E+00
-2.2808016E-01,3.99414E+00,4.99023E+00
-2.2806168E-01,3.99414E+00,5.02930E+00
-2.2804320E-01,4.07227E+00,5.02930E+00
-2.2802472E-01,4.01367E+00,5.04883E+00
-2.2800624E-01,4.01367E+00,5.02930E+00
-2.2798776E-01,3.95508E+00,5.04883E+00
-2.2796928E-01,4.03320E+00,4.99023E+00
-2.2795080E-01,3.99414E+00,5.04883E+00
-2.2793232E-01,4.01367E+00,5.08789E+00
-2.2791384E-01,3.89648E+00,5.00977E+00
-2.2789536E-01,3.95508E+00,5.04883E+00
-2.2787688E-01,3.97461E+00,5.04883E+00
-2.2785840E-01,4.01367E+00,5.06836E+00
-2.2783992E-01,4.01367E+00,5.06836E+00
-2.2782144E-01,4.07227E+00,5.02930E+00
-2.2780296E-01,3.99414E+00,5.06836E+00
-2.2778448E-01,4.01367E+00,5.02930E+00
-2.2776600E-01,3.97461E+00,5.08789E+00
-2.2774752E-01,4.01367E+00,4.97070E+00
-2.2772904E-01,3.95508E+00,5.02930E+00
-2.2771056E-01,4.03320E+00,5.02930E+00
-2.2769208E-01,3.95508E+00,5.02930E+00
-2.2767360E-01,4.07227E+00,5.06836E+00
-2.2765512E-01,4.01367E+00,5.02930E+00
-2.2763664E-01,4.01367E+00,5.02930E+00
-2.2761816E-01,4.03320E+00,5.00977E+00
-2.2759968E-01,3.97461E+00,5.02930E+00
-2.2758120E-01,4.05273E+00,5.04883E+00
-2.2756272E-01,4.01367E+00,5.06836E+00
-2.2754424E-01,3.97461E+00,5.04883E+00
-2.2752576E-01,4.05273E+00,5.00977E+00
-2.2750728E-01,3.93555E+00,5.02930E+00
-2.2748880E-01,4.05273E+00,5.06836E+00
-2.2747032E-01,3.99414E+00,5.02930E+00
-2.2745184E-01,4.03320E+00,5.04883E+00
-2.2743336E-01,4.01367E+00,5.06836E+00
-2.2741488E-01,3.99414E+00,5.02930E+00
-2.2739640E-01,4.03320E+00,5.00977E+00
-2.2737792E-01,4.07227E+00,5.04883E+00
-2.2735944E-01,3.97461E+00,5.04883E+00
-2.2734096E-01,4.01367E+00,5.04883E+00
-2.2732248E-01,4.05273E+00,5.06836E+00
-2.2730400E-01,4.07227E+00,5.02930E+00
-2.2728552E-01,4.01367E+00,5.02930E+00
-2.2726704E-01,4.07227E+00,5.00977E+00
-2.2724856E-01,4.01367E+00,5.06836E+00
-2.2723008E-01,4.05273E+00,5.04883E+00
-2.2721160E-01,3.93555E+00,5.00977E+00
-2.2719312E-01,4.05273E+00,5.02930E+00
-2.2717464E-01,4.01367E+00,5.00977E+00
-2.2715616E-01,4.07227E+00,5.02930E+00
-2.2713768E-01,4.05273E+00,5.06836E+00
-2.2711920E-01,3.99414E+00,5.04883E+00
-2.2710072E-01,4.05273E+00,5.02930E+00
-2.2708224E-01,4.09180E+00,5.04883E+00
-2.2706376E-01,3.95508E+00,5.02930E+00
-2.2704528E-01,3.99414E+00,5.04883E+00
-2.2702680E-01,3.97461E+00,4.99023E+00
-2.2700832E-01,4.05273E+00,5.02930E+00
-2.2698984E-01,3.97461E+00,4.99023E+00
-2.2697136E-01,4.07227E+00,4.99023E+00
-2.2695288E-01,4.03320E+00,5.02930E+00
-2.2693440E-01,4.01367E+00,5.02930E+00
-2.2691592E-01,3.97461E+00,5.06836E+00
-2.2689744E-01,3.95508E+00,5.04883E+00
-2.2687896E-01,3.99414E+00,5.04883E+00
-2.2686048E-01,4.01367E+00,5.08789E+00
-2.2684200E-01,4.01367E+00,4.99023E+00
-2.2682352E-01,3.99414E+00,5.04883E+00
-2.2680504E-01,4.01367E+00,5.02930E+00
-2.2678656E-01,4.03320E+00,5.00977E+00
-2.2676808E-01,4.03320E+00,5.02930E+00
-2.2674960E-01,4.01367E+00,5.04883E+00
-2.2673112E-01,4.01367E+00,5.00977E+00
-2.2671264E-01,3.97461E+00,5.02930E+00
-2.2669416E-01,3.99414E+00,5.06836E+00
-2.2667568E-01,4.07227E+00,5.02930E+00
-2.2665720E-01,3.93555E+00,5.06836E+00
-2.2663872E-01,4.07227E+00,5.06836E+00
-2.2662024E-01,4.01367E+00,5.00977E+00
-2.2660176E-01,4.01367E+00,5.02930E+00
-2.2658328E-01,4.07227E+00,5.02930E+00
-2.2656480E-01,4.07227E+00,5.00977E+00
-2.2654632E-01,3.99414E+00,5.10742E+00
-2.2652784E-01,4.07227E+00,4.99023E+00
-2.2650936E-01,3.99414E+00,4.95117E+00
-2.2649088E-01,3.97461E+00,5.02930E+00
-2.2647240E-01,4.01367E+00,5.06836E+00
-2.2645392E-01,4.01367E+00,5.02930E+00
-2.2643544E-01,4.01367E+00,5.00977E+00
-2.2641696E-01,4.03320E+00,5.04883E+00
-2.2639848E-01,4.01367E+00,5.00977E+00
-2.2638000E-01,4.01367E+00,5.04883E+00
-2.2636152E-01,4.01367E+00,5.06836E+00
-2.2634304E-01,4.05273E+00,5.04883E+00
-2.2632456E-01,3.99414E+00,5.04883E+00
-2.2630608E-01,4.09180E+00,5.00977E+00
-2.2628760E-01,3.95508E+00,5.10742E+00
-2.2626912E-01,4.07227E+00,5.04883E+00
-2.2625064E-01,3.91602E+00,5.08789E+00
-2.2623216E-01,4.07227E+00,5.06836E+00
-2.2621368E-01,3.99414E+00,5.02930E+00
-2.2619520E-01,4.03320E+00,5.02930E+00
-2.2617672E-01,3.97461E+00,5.02930E+00
-2.2615824E-01,4.05273E+00,5.02930E+00
-2.2613976E-01,4.07227E+00,5.00977E+00
-2.2612128E-01,4.09180E+00,5.04883E+00
-2.2610280E-01,3.99414E+00,5.02930E+00
-2.2608432E-01,4.05273E+00,5.06836E+00
-2.2606584E-01,4.09180E+00,5.02930E+00
-2.2604736E-01,4.07227E+00,5.02930E+00
-2.2602888E-01,3.97461E+00,5.04883E+00
-2.2601040E-01,4.03320E+00,5.02930E+00
-2.2599192E-01,4.07227E+00,5.04883E+00
-2.2597344E-01,4.05273E+00,5.14648E+00
-2.2595496E-01,4.01367E+00,5.12695E+00
-2.2593648E-01,4.05273E+00,5.00977E+00
-2.2591800E-01,4.01367E+00,5.02930E+00
-2.2589952E-01,4.01367E+00,5.00977E+00
-2.2588104E-01,4.01367E+00,5.00977E+00
-2.2586256E-01,4.07227E+00,5.04883E+00
-2.2584408E-01,4.01367E+00,5.00977E+00
-2.2582560E-01,4.03320E+00,5.04883E+00
-2.2580712E-01,3.97461E+00,5.04883E+00
-2.2578864E-01,4.01367E+00,4.99023E+00
-2.2577016E-01,4.01367E+00,5.00977E+00
-2.2575168E-01,4.05273E+00,5.04883E+00
-2.2573320E-01,4.01367E+00,5.08789E+00
-2.2571472E-01,3.99414E+00,4.99023E+00
-2.2569624E-01,3.95508E+00,5.02930E+00
-2.2567776E-01,3.99414E+00,5.08789E+00
-2.2565928E-01,4.05273E+00,5.04883E+00
-2.2564080E-01,4.01367E+00,5.08789E+00
-2.2562232E-01,4.05273E+00,5.00977E+00
-2.2560384E-01,3.99414E+00,4.99023E+00
-2.2558536E-01,4.03320E+00,5.02930E+00
-2.2556688E-01,4.03320E+00,5.02930E+00
-2.2554840E-01,4.05273E+00,5.04883E+00
-2.2552992E-01,4.13086E+00,5.06836E+00
-2.2551144E-01,3.95508E+00,5.04883E+00
-2.2549296E-01,4.05273E+00,5.02930E+00
-2.2547448E-01,4.01367E+00,5.06836E+00
-2.2545600E-01,4.01367E+00,4.99023E+00
-2.2543752E-01,3.95508E+00,5.02930E+00
-2.2541904E-01,4.01367E+00,5.02930E+00
-2.2540056E-01,4.05273E+00,5.06836E+00
-2.2538208E-01,4.07227E+00,5.06836E+00
-2.2536360E-01,3.95508E+00,5.06836E+00
-2.2534512E-01,4.16992E+00,5.06836E+00
-2.2532664E-01,3.97461E+00,5.06836E+00
-2.2530816E-01,4.03320E+00,5.06836E+00
-2.2528968E-01,3.99414E+00,5.02930E+00
-2.2527120E-01,3.97461E+00,5.08789E+00
-2.2525272E-01,4.01367E+00,5.00977E+00
-2.2523424E-01,3.99414E+00,5.04883E+00
-2.2521576E-01,3.99414E+00,5.00977E+00
-2.2519728E-01,4.01367E+00,5.02930E+00
-2.2517880E-01,3.99414E+00,5.04883E+00
-2.2516032E-01,4.01367E+00,5.06836E+00
-2.2514184E-01,4.01367E+00,5.04883E+00
-2.2512336E-01,4.09180E+00,5.08789E+00
-2.2510488E-01,4.07227E+00,5.06836E+00
-2.2508640E-01,4.01367E+00,4.97070E+00
-2.2506792E-01,4.03320E+00,5.06836E+00
-2.2504944E-01,4.07227E+00,5.04883E+00
-2.2503096E-01,4.03320E+00,5.00977E+00
-2.2501248E-01,4.01367E+00,5.00977E+00
-2.2499400E-01,3.99414E+00,5.02930E+00
-2.2497552E-01,4.07227E+00,5.02930E+00
-2.2495704E-01,3.99414E+00,5.04883E+00
-2.2493856E-01,4.05273E+00,4.97070E+00
-2.2492008E-01,4.01367E+00,5.00977E+00
-2.2490160E-01,4.07227E+00,5.04883E+00
-2.2488312E-01,4.09180E+00,5.04883E+00
-2.2486464E-01,4.05273E+00,5.04883E+00
-2.2484616E-01,3.97461E+00,4.99023E+00
-2.2482768E-01,4.03320E+00,5.00977E+00
-2.2480920E-01,4.07227E+00,5.04883E+00
-2.2479072E-01,4.05273E+00,5.02930E+00
-2.2477224E-01,4.01367E+00,5.04883E+00
-2.2475376E-01,4.01367E+00,4.99023E+00
-2.2473528E-01,4.01367E+00,5.04883E+00
-2.2471680E-01,3.99414E+00,5.02930E+00
-2.2469832E-01,4.03320E+00,5.02930E+00
-2.2467984E-01,4.01367E+00,5.00977E+00
-2.2466136E-01,3.97461E+00,5.02930E+00
-2.2464288E-01,4.01367E+00,5.06836E+00
-2.2462440E-01,3.99414E+00,5.00977E+00
-2.2460592E-01,4.01367E+00,5.04883E+00
-2.2458744E-01,3.99414E+00,5.02930E+00
-2.2456896E-01,4.01367E+00,5.06836E+00
-2.2455048E-01,3.97461E+00,5.04883E+00
-2.2453200E-01,3.99414E+00,5.02930E+00
-2.2451352E-01,4.01367E+00,5.06836E+00
-2.2449504E-01,4.05273E+00,5.04883E+00
-2.2447656E-01,4.01367E+00,5.00977E+00
-2.2445808E-01,4.03320E+00,5.04883E+00
-2.2443960E-01,3.97461E+00,5.02930E+00
-2.2442112E-01,4.09180E+00,5.04883E+00
-2.2440264E-01,4.01367E+00,4.99023E+00
-2.2438416E-01,4.05273E+00,5.08789E+00
-2.2436568E-01,4.01367E+00,5.00977E+00
-2.2434720E-01,4.07227E+00,5.06836E+00
-2.2432872E-01,4.01367E+00,5.06836E+00
-2.2431024E-01,4.05273E+00,5.02930E+00
-2.2429176E-01,4.01367E+00,5.04883E+00
-2.2427328E-01,3.99414E+00,5.00977E+00
-2.2425480E-01,3.97461E+00,5.06836E+00
-2.2423632E-01,4.05273E+00,5.02930E+00
-2.2421784E-01,4.01367E+00,5.06836E+00
-2.2419936E-01,4.03320E+00,5.08789E+00
-2.2418088E-01,3.95508E+00,4.97070E+00
-2.2416240E-01,4.07227E+00,5.02930E+00
-2.2414392E-01,4.01367E+00,4.97070E+00
-2.2412544E-01,4.05273E+00,5.06836E+00
-2.2410696E-01,4.01367E+00,5.06836E+00
-2.2408848E-01,4.07227E+00,5.02930E+00
-2.2407000E-01,4.03320E+00,5.04883E+00
-2.2405152E-01,4.03320E+00,5.02930E+00
-2.2403304E-01,3.95508E+00,5.00977E+00
-2.2401456E-01,4.07227E+00,5.00977E+00
-2.2399608E-01,3.97461E+00,5.06836E+00
-2.2397760E-01,4.01367E+00,5.00977E+00
-2.2395912E-01,4.05273E+00,5.04883E+00
-2.2394064E-01,4.01367E+00,5.00977E+00
-2.2392216E-01,4.01367E+00,5.02930E+00
-2.2390368E-01,3.99414E+00,5.02930E+00
-2.2388520E-01,4.01367E+00,5.04883E+00
-2.2386672E-01,3.99414E+00,5.06836E+00
-2.2384824E-01,3.97461E+00,4.97070E+00
-2.2382976E-01,4.01367E+00,5.02930E+00
-2.2381128E-01,3.99414E+00,5.00977E+00
-2.2379280E-01,4.01367E+00,5.02930E+00
-2.2377432E-01,3.97461E+00,5.06836E+00
-2.2375584E-01,4.11133E+00,5.02930E+00
-2.2373736E-01,3.99414E+00,5.06836E+00
-2.2371888E-01,4.01367E+00,5.06836E+00
-2.2370040E-01,3.93555E+00,5.00977E+00
-2.2368192E-01,4.05273E+00,5.06836E+00
-2.2366344E-01,4.03320E+00,5.02930E+00
-2.2364496E-01,4.01367E+00,5.04883E+00
-2.2362648E-01,3.95508E+00,5.00977E+00
-2.2360800E-01,4.09180E+00,5.02930E+00
-2.2358952E-01,4.01367E+00,5.06836E+00
-2.2357104E-01,3.99414E+00,5.04883E+00
-2.2355256E-01,4.03320E+00,5.06836E+00
-2.2353408E-01,4.05273E+00,5.00977E+00
-2.2351560E-01,4.05273E+00,5.08789E+00
-2.2349712E-01,4.13086E+00,5.06836E+00
-2.2347864E-01,3.99414E+00,4.97070E+00
-2.2346016E-01,4.01367E+00,5.00977E+00
-2.2344168E-01,3.99414E+00,5.04883E+00
-2.2342320E-01,4.09180E+00,5.02930E+00
-2.2340472E-01,3.99414E+00,5.04883E+00
-2.2338624E-01,4.01367E+00,4.99023E+00
-2.2336776E-01,4.01367E+00,5.08789E+00
-2.2334928E-01,4.01367E+00,5.00977E+00
-2.2333080E-01,4.03320E+00,4.99023E+00
-2.2331232E-01,4.13086E+00,5.04883E+00
-2.2329384E-01,3.97461E+00,5.08789E+00
-2.2327536E-01,4.03320E+00,5.00977E+00
-2.2325688E-01,3.97461E+00,5.02930E+00
-2.2323840E-01,4.01367E+00,5.02930E+00
-2.2321992E-01,3.99414E+00,5.00977E+00
-2.2320144E-01,3.99414E+00,5.00977E+00
-2.2318296E-01,4.01367E+00,5.06836E+00
-2.2316448E-01,4.11133E+00,5.00977E+00
-2.2314600E-01,4.03320E+00,5.00977E+00
-2.2312752E-01,4.01367E+00,5.02930E+00
-2.2310904E-01,3.95508E+00,5.06836E+00
-2.2309056E-01,4.13086E+00,5.00977E+00
-2.2307208E-01,4.01367E+00,5.04883E+00
-2.2305360E-01,4.05273E+00,4.97070E+00
-2.2303512E-01,4.03320E+00,5.06836E+00
-2.2301664E-01,4.13086E+00,4.97070E+00
-2.2299816E-01,4.01367E+00,5.06836E+00
-2.2297968E-01,4.03320E+00,5.08789E+00
-2.2296120E-01,4.01367E+00,5.10742E+00
-2.2294272E-01,4.09180E+00,5.06836E+00
-2.2292424E-01,4.01367E+00,5.00977E+00
-2.2290576E-01,4.01367E+00,5.00977E+00
-2.2288728E-01,4.01367E+00,5.02930E+00
-2.2286880E-01,4.11133E+00,5.02930E+00
-2.2285032E-01,4.01367E+00,5.06836E+00
-2.2283184E-01,4.07227E+00,5.04883E+00
-2.2281336E-01,4.01367E+00,5.00977E+00
-2.2279488E-01,4.09180E+00,5.00977E+00
-2.2277640E-01,3.97461E+00,5.04883E+00
-2.2275792E-01,3.99414E+00,5.02930E+00
-2.2273944E-01,3.87695E+00,5.08789E+00
-2.2272096E-01,3.87695E+00,4.93164E+00
-2.2270248E-01,3.85742E+00,4.71680E+00
-2.2268400E-01,3.79883E+00,4.48242E+00
-2.2266552E-01,3.72070E+00,4.30664E+00
-2.2264704E-01,3.66211E+00,4.13086E+00
-2.2262856E-01,3.58398E+00,3.95508E+00
-2.2261008E-01,3.54492E+00,3.70117E+00
-2.2259160E-01,3.46680E+00,3.56445E+00
-2.2257312E-01,3.46680E+00,3.38867E+00
-2.2255464E-01,3.29102E+00,3.15430E+00
-2.2253616E-01,3.29102E+00,2.97852E+00
-2.2251768E-01,3.21289E+00,2.80273E+00
-2.2249920E-01,3.13477E+00,2.56836E+00
-2.2248072E-01,3.15430E+00,2.33398E+00
-2.2246224E-01,3.01758E+00,2.13867E+00
-2.2244376E-01,3.01758E+00,1.92383E+00
-2.2242528E-01,2.95898E+00,1.70898E+00
-2.2240680E-01,2.90039E+00,1.51367E+00
-2.2238832E-01,2.86133E+00,1.29883E+00
-2.2236984E-01,2.74414E+00,1.10352E+00
-2.2235136E-01,2.70508E+00,9.27734E-01
-2.2233288E-01,2.60742E+00,6.73828E-01
-2.2231440E-01,2.58789E+00,5.17578E-01
-2.2229592E-01,2.49023E+00,4.19922E-01
-2.2227744E-01,2.50977E+00,1.46484E-01
-2.2225896E-01,2.39258E+00,1.26953E-01
-2.2224048E-01,2.39258E+00,6.83594E-02
-2.2222200E-01,2.29492E+00,6.83594E-02
-2.2220352E-01,2.25586E+00,4.88281E-02
-2.2218504E-01,2.17773E+00,6.83594E-02
-2.2216656E-01,2.09961E+00,-2.92969E-02
-2.2214808E-01,1.96289E+00,1.07422E-01
-2.2212960E-01,2.04102E+00,4.88281E-02
-2.2211112E-01,1.88477E+00,6.83594E-02
-2.2209264E-01,1.84570E+00,4.88281E-02
-2.2207416E-01,1.72852E+00,4.88281E-02
-2.2205568E-01,1.74805E+00,4.88281E-02
-2.2203720E-01,1.68945E+00,2.92969E-02
-2.2201872E-01,1.65039E+00,9.76562E-03
-2.2200024E-01,1.53320E+00,6.83594E-02
-2.2198176E-01,1.45508E+00,4.88281E-02
-2.2196328E-01,1.51367E+00,6.83594E-02
-2.2194480E-01,1.39648E+00,-6.83594E-02
-2.2192632E-01,1.25977E+00,4.88281E-02
-2.2190784E-01,1.25977E+00,9.76562E-03
-2.2188936E-01,1.22070E+00,8.78906E-02
-2.2187088E-01,1.16211E+00,-2.92969E-02
-2.2185240E-01,1.04492E+00,6.83594E-02
-2.2183392E-01,9.86328E-01,9.76562E-03
-2.2181544E-01,9.27734E-01,2.92969E-02
-2.2179696E-01,9.66797E-01,9.76562E-03
-2.2177848E-01,7.91016E-01,6.83594E-02
-2.2176000E-01,7.71484E-01,2.92969E-02
-2.2174152E-01,7.32422E-01,6.83594E-02
-2.2172304E-01,6.54297E-01,2.92969E-02
-2.2170456E-01,5.37109E-01,2.92969E-02
-2.2168608E-01,5.76172E-01,-2.92969E-02
-2.2166760E-01,4.39453E-01,2.92969E-02
-2.2164912E-01,4.98047E-01,4.88281E-02
-2.2163064E-01,3.61328E-01,2.92969E-02
-2.2161216E-01,3.22266E-01,4.88281E-02
-2.2159368E-01,2.24609E-01,4.88281E-02
-2.2157520E-01,2.05078E-01,-4.88281E-02
-2.2155672E-01,6.83594E-02,2.92969E-02
-2.2153824E-01,1.07422E-01,4.88281E-02
-2.2151976E-01,2.92969E-02,2.92969E-02
-2.2150128E-01,6.83594E-02,4.88281E-02
-2.2148280E-01,-9.76562E-03,4.88281E-02
-2.2146432E-01,6.83594E-02,2.92969E-02
-2.2144584E-01,9.76562E-03,6.83594E-02
-2.2142736E-01,8.78906E-02,9.76562E-03
-2.2140888E-01,6.83594E-02,6.83594E-02
-2.2139040E-01,8.78906E-02,-9.76562E-03
-2.2137192E-01,6.83594E-02,4.88281E-02
-2.2135344E-01,8.78906E-02,9.76562E-03
-2.2133496E-01,2.92969E-02,6.83594E-02
-2.2131648E-01,9.76562E-03,9.76562E-03
-2.2129800E-01,9.76562E-03,6.83594E-02
-2.2127952E-01,8.78906E-02,4.88281E-02
-2.2126104E-01,-2.92969E-02,2.92969E-02
-2.2124256E-01,6.83594E-02,-4.88281E-02
-2.2122408E-01,2.92969E-02,2.92969E-02
-2.2120560E-01,2.92969E-02,2.92969E-02
-2.2118712E-01,-9.76562E-03,2.92969E-02
-2.2116864E-01,4.88281E-02,-9.76562E-03
-2.2115016E-01,6.83594E-02,2.92969E-02
-2.2113168E-01,6.83594E-02,9.76562E-03
-2.2111320E-01,2.92969E-02,4.88281E-02
-2.2109472E-01,4.88281E-02,-2.92969E-02
-2.2107624E-01,-2.92969E-02,9.76562E-03
-2.2105776E-01,9.76562E-03,9.76562E-03
-2.2103928E-01,1.07422E-01,6.83594E-02
-2.2102080E-01,8.78906E-02,4.88281E-02
-2.2100232E-01,6.83594E-02,9.76562E-03
-2.2098384E-01,6.83594E-02,2.92969E-02
-2.2096536E-01,4.88281E-02,9.76562E-03
-2.2094688E-01,2.92969E-02,9.76562E-03
-2.2092840E-01,9.76562E-03,6.83594E-02
-2.2090992E-01,8.78906E-02,4.88281E-02
-2.2089144E-01,9.76562E-03,9.76562E-03
-2.2087296E-01,8.78906E-02,4.88281E-02
-2.2085448E-01,8.78906E-02,1.07422E-01
-2.2083600E-01,6.83594E-02,-9.76562E-03
-2.2081752E-01,2.92969E-02,2.92969E-02
-2.2079904E-01,1.07422E-01,2.92969E-02
-2.2078056E-01,8.78906E-02,2.92969E-02
-2.2076208E-01,8.78906E-02,9.76562E-03
-2.2074360E-01,9.76562E-03,4.88281E-02
-2.2072512E-01,2.92969E-02,-2.92969E-02
-2.2070664E-01,6.83594E-02,9.76562E-03
-2.2068816E-01,-9.76562E-03,9.76562E-03
-2.2066968E-01,9.76562E-03,2.92969E-02
-2.2065120E-01,8.78906E-02,4.88281E-02
-2.2063272E-01,2.92969E-02,2.92969E-02
-2.2061424E-01,4.88281E-02,9.76562E-03
-2.2059576E-01,4.88281E-02,2.92969E-02
-2.2057728E-01,6.83594E-02,4.88281E-02
-2.2055880E-01,4.88281E-02,-9.76562E-03
-2.2054032E-01,-9.76562E-03,-6.83594E-02
-2.2052184E-01,4.88281E-02,9.76562E-03
-2.2050336E-01,9.76562E-03,4.88281E-02
-2.2048488E-01,9.76562E-03,4.88281E-02
-2.2046640E-01,2.92969E-02,9.76562E-03
-2.2044792E-01,4.88281E-02,-4.88281E-02
-2.2042944E-01,6.83594E-02,-9.76562E-03
-2.2041096E-01,2.92969E-02,4.88281E-02
-2.2039248E-01,6.83594E-02,6.83594E-02
-2.2037400E-01,-2.92969E-02,4.88281E-02
-2.2035552E-01,8.78906E-02,9.76562E-03
-2.2033704E-01,4.88281E-02,6.83594E-02
-2.2031856E-01,6.83594E-02,2.92969E-02
-2.2030008E-01,4.88281E-02,6.83594E-02
-2.2028160E-01,8.78906E-02,9.76562E-03
-2.2026312E-01,9.76562E-03,6.83594E-02
-2.2024464E-01,4.88281E-02,-9.76562E-03
-2.2022616E-01,1.07422E-01,2.92969E-02
-2.2020768E-01,1.07422E-01,4.88281E-02
-2.2018920E-01,2.92969E-02,4.88281E-02
-2.2017072E-01,6.83594E-02,2.92969E-02
-2.2015224E-01,-6.83594E-02,9.76562E-03
-2.2013376E-01,1.07422E-01,2.92969E-02
-2.2011528E-01,-2.92969E-02,6.83594E-02
-2.2009680E-01,2.92969E-02,9.76562E-03
-2.2007832E-01,2.92969E-02,2.92969E-02
-2.2005984E-01,8.78906E-02,6.83594E-02
-2.2004136E-01,2.92969E-02,4.88281E-02
-2.2002288E-01,6.83594E-02,4.88281E-02
-2.2000440E-01,-2.92969E-02,2.92969E-02
-2.1998592E-01,6.83594E-02,6.83594E-02
-2.1996744E-01,6.83594E-02,9.76562E-03
-2.1994896E-01,8.78906E-02,2.92969E-02
-2.1993048E-01,6.83594E-02,4.88281E-02
-2.1991200E-01,4.88281E-02,4.88281E-02
-2.1989352E-01,-9.76562E-03,6.83594E-02
-2.1987504E-01,6.83594E-02,-9.76562E-03
-2.1985656E-01,6.83594E-02,2.92969E-02
-2.1983808E-01,6.83594E-02,-6.83594E-02
-2.1981960E-01,2.92969E-02,2.92969E-02
-2.1980112E-01,8.78906E-02,9.76562E-03
-2.1978264E-01,-9.76562E-03,6.83594E-02
-2.1976416E-01,1.26953E-01,9.76562E-03
-2.1974568E-01,2.92969E-02,6.83594E-02
-2.1972720E-01,4.88281E-02,2.92969E-02
-2.1970872E-01,4.88281E-02,9.76562E-03
-2.1969024E-01,1.07422E-01,-4.88281E-02
-2.1967176E-01,-9.76562E-03,6.83594E-02
-2.1965328E-01,4.88281E-02,6.83594E-02
-2.1963480E-01,4.88281E-02,4.88281E-02
-2.1961632E-01,9.76562E-03,2.92969E-02
-2.1959784E-01,6.83594E-02,4.88281E-02
-2.1957936E-01,4.88281E-02,4.88281E-02
-2.1956088E-01,2.92969E-02,4.88281E-02
-2.1954240E-01,6.83594E-02,9.76562E-03
-2.1952392E-01,8.78906E-02,9.76562E-03
-2.1950544E-01,6.83594E-02,-2.92969E-02
-2.1948696E-01,4.88281E-02,4.88281E-02
-2.1946848E-01,6.83594E-02,9.76562E-03
-2.1945000E-01,2.92969E-02,1.26953E-01
-2.1943152E-01,4.88281E-02,9.76562E-03
-2.1941304E-01,4.88281E-02,9.76562E-03
-2.1939456E-01,4.88281E-02,-9.76562E-03
-2.1937608E-01,6.83594E-02,2.92969E-02
-2.1935760E-01,6.83594E-02,-2.92969E-02
-2.1933912E-01,4.88281E-02,9.76562E-03
-2.1932064E-01,6.83594E-02,2.92969E-02
-2.1930216E-01,8.78906E-02,6.83594E-02
-2.1928368E-01,8.78906E-02,9.76562E-03
-2.1926520E-01,8.78906E-02,2.92969E-02
-2.1924672E-01,6.83594E-02,2.92969E-02
-2.1922824E-01,-9.76562E-03,8.78906E-02
-2.1920976E-01,8.78906E-02,4.88281E-02
-2.1919128E-01,4.88281E-02,2.92969E-02
-2.1917280E-01,2.92969E-02,-9.76562E-03
-2.1915432E-01,-9.76562E-03,6.83594E-02
-2.1913584E-01,2.92969E-02,4.88281E-02
-2.1911736E-01,-4.88281E-02,8.78906E-02
-2.1909888E-01,2.92969E-02,4.88281E-02
-2.1908040E-01,2.92969E-02,8.78906E-02
-2.1906192E-01,2.92969E-02,9.76562E-03
-2.1904344E-01,2.92969E-02,4.88281E-02
-2.1902496E-01,1.07422E-01,2.92969E-02
-2.1900648E-01,4.88281E-02,-4.88281E-02
-2.1898800E-01,4.88281E-02,2.92969E-02
-2.1896952E-01,6.83594E-02,6.83594E-02
-2.1895104E-01,9.76562E-03,4.88281E-02
-2.1893256E-01,9.76562E-03,4.88281E-02
-2.1891408E-01,2.92969E-02,4.88281E-02
-2.1889560E-01,9.76562E-03,-9.76562E-03
-2.1887712E-01,6.83594E-02,6.83594E-02
-2.1885864E-01,2.92969E-02,-2.92969E-02
-2.1884016E-01,8.78906E-02,-2.92969E-02
-2.1882168E-01,6.83594E-02,-9.76562E-03
-2.1880320E-01,8.78906E-02,4.88281E-02
-2.1878472E-01,-4.88281E-02,4.88281E-02
-2.1876624E-01,6.83594E-02,9.76562E-03
-2.1874776E-01,2.92969E-02,-9.76562E-03
-2.1872928E-01,1.26953E-01,9.76562E-03
-2.1871080E-01,-4.88281E-02,4.88281E-02
-2.1869232E-01,6.83594E-02,9.76562E-03
-2.1867384E-01,4.88281E-02,2.92969E-02
-2.1865536E-01,1.26953E-01,4.88281E-02
-2.1863688E-01,2.92969E-02,9.76562E-03
-2.1861840E-01,4.88281E-02,4.88281E-02
-2.1859992E-01,4.88281E-02,2.92969E-02
-2.1858144E-01,1.07422E-01,-9.76562E-03
-2.1856296E-01,9.76562E-03,-4.88281E-02
-2.1854448E-01,6.83594E-02,2.92969E-02
-2.1852600E-01,6.83594E-02,4.88281E-02
-2.1850752E-01,4.88281E-02,4.88281E-02
-2.1848904E-01,2.92969E-02,1.07422E-01
-2.1847056E-01,1.46484E-01,2.92969E-02
-2.1845208E-01,4.88281E-02,2.92969E-02
-2.1843360E-01,9.76562E-03,9.76562E-03
-2.1841512E-01,-9.76562E-03,1.26953E-01
-2.1839664E-01,6.83594E-02,-9.76562E-03
-2.1837816E-01,6.83594E-02,2.92969E-02
-2.1835968E-01,6.83594E-02,6.83594E-02
-2.1834120E-01,6.83594E-02,4.88281E-02
-2.1832272E-01,8.78906E-02,4.88281E-02
-2.1830424E-01,9.76562E-03,4.88281E-02
-2.1828576E-01,6.83594E-02,4.88281E-02
-2.1826728E-01,4.88281E-02,8.78906E-02
-2.1824880E-01,6.83594E-02,4.88281E-02
-2.1823032E-01,6.83594E-02,4.88281E-02
-2.1821184E-01,2.92969E-02,2.92969E-02
-2.1819336E-01,6.83594E-02,9.76562E-03
-2.1817488E-01,6.83594E-02,4.88281E-02
-2.1815640E-01,6.83594E-02,6.83594E-02
-2.1813792E-01,1.46484E-01,-9.76562E-03
-2.1811944E-01,4.88281E-02,4.88281E-02
-2.1810096E-01,9.76562E-03,-2.92969E-02
-2.1808248E-01,9.76562E-03,2.92969E-02
-2.1806400E-01,6.83594E-02,-2.92969E-02
-2.1804552E-01,6.83594E-02,9.76562E-03
-2.1802704E-01,4.88281E-02,4.88281E-02
-2.1800856E-01,2.92969E-02,2.92969E-02
-2.1799008E-01,8.78906E-02,-9.76562E-03
-2.1797160E-01,9.76562E-03,2.92969E-02
-2.1795312E-01,1.26953E-01,2.92969E-02
-2.1793464E-01,-9.76562E-03,4.88281E-02
-2.1791616E-01,8.78906E-02,9.76562E-03
-2.1789768E-01,4.88281E-02,6.83594E-02
-2.1787920E-01,6.83594E-02,9.76562E-03
-2.1786072E-01,2.92969E-02,4.88281E-02
-2.1784224E-01,1.07422E-01,9.76562E-03
-2.1782376E-01,4.88281E-02,1.07422E-01
-2.1780528E-01,4.88281E-02,9.76562E-03
-2.1778680E-01,2.92969E-02,2.92969E-02
-2.1776832E-01,6.83594E-02,2.92969E-02
-2.1774984E-01,4.88281E-02,9.76562E-03
-2.1773136E-01,4.88281E-02,-9.76562E-03
-2.1771288E-01,4.88281E-02,2.92969E-02
-2.1769440E-01,9.76562E-03,9.76562E-03
-2.1767592E-01,2.92969E-02,2.92969E-02
-2.1765744E-01,6.83594E-02,-2.92969E-02
-2.1763896E-01,4.88281E-02,1.07422E-01
-2.1762048E-01,6.83594E-02,-4.88281E-02
-2.1760200E-01,4.88281E-02,9.76562E-03
-2.1758352E-01,1.46484E-01,8.78906E-02
-2.1756504E-01,4.88281E-02,2.92969E-02
-2.1754656E-01,2.92969E-02,6.83594E-02
-2.1752808E-01,-9.76562E-03,-6.83594E-02
-2.1750960E-01,1.46484E-01,-9.76562E-03
-2.1749112E-01,9.76562E-03,4.88281E-02
-2.1747264E-01,9.76562E-03,-9.76562E-03
-2.1745416E-01,-9.76562E-03,9.76562E-03
-2.1743568E-01,8.78906E-02,4.88281E-02
-2.1741720E-01,-9.76562E-03,2.92969E-02
-2.1739872E-01,6.83594E-02,4.88281E-02
-2.1738024E-01,-9.76562E-03,9.76562E-03
-2.1736176E-01,8.78906E-02,9.76562E-03
-2.1734328E-01,8.78906E-02,2.92969E-02
-2.1732480E-01,6.83594E-02,2.92969E-02
-2.1730632E-01,1.07422E-01,9.76562E-03
-2.1728784E-01,6.83594E-02,-9.76562E-03
-2.1726936E-01,1.07422E-01,6.83594E-02
-2.1725088E-01,6.83594E-02,2.92969E-02
-2.1723240E-01,9.76562E-03,4.88281E-02
-2.1721392E-01,1.26953E-01,2.92969E-02
-2.1719544E-01,6.83594E-02,4.88281E-02
-2.1717696E-01,2.92969E-02,9.76562E-03
-2.1715848E-01,6.83594E-02,4.88281E-02
-2.1714000E-01,6.83594E-02,4.88281E-02
-2.1712152E-01,8.78906E-02,4.88281E-02
-2.1710304E-01,9.76562E-03,4.88281E-02
-2.1708456E-01,4.88281E-02,9.76562E-03
-2.1706608E-01,6.83594E-02,2.92969E-02
-2.1704760E-01,6.83594E-02,6.83594E-02
-2.1702912E-01,6.83594E-02,4.88281E-02
-2.1701064E-01,-2.92969E-02,6.83594E-02
-2.1699216E-01,6.83594E-02,9.76562E-03
-2.1697368E-01,6.83594E-02,1.26953E-01
-2.1695520E-01,1.46484E-01,2.92969E-02
-2.1693672E-01,9.76562E-03,4.88281E-02
-2.1691824E-01,1.26953E-01,4.88281E-02
-2.1689976E-01,4.88281E-02,1.26953E-01
-2.1688128E-01,1.07422E-01,2.92969E-02
-2.1686280E-01,8.78906E-02,4.88281E-02
-2.1684432E-01,6.83594E-02,-2.92969E-02
-2.1682584E-01,4.88281E-02,4.88281E-02
-2.1680736E-01,8.78906E-02,-9.76562E-03
-2.1678888E-01,-4.88281E-02,9.76562E-03
-2.1677040E-01,6.83594E-02,2.92969E-02
-2.1675192E-01,2.92969E-02,2.92969E-02
-2.1673344E-01,8.78906E-02,4.88281E-02
-2.1671496E-01,6.83594E-02,1.07422E-01
-2.1669648E-01,4.88281E-02,9.76562E-03
-2.1667800E-01,4.88281E-02,2.92969E-02
-2.1665952E-01,1.07422E-01,-2.92969E-02
-2.1664104E-01,4.88281E-02,2.92969E-02
-2.1662256E-01,8.78906E-02,-2.92969E-02
-2.1660408E-01,6.83594E-02,6.83594E-02
-2.1658560E-01,6.83594E-02,4.88281E-02
-2.1656712E-01,2.92969E-02,1.26953E-01
-2.1654864E-01,1.26953E-01,9.76562E-03
-2.1653016E-01,4.88281E-02,1.26953E-01
-2.1651168E-01,8.78906E-02,9.76562E-03
-2.1649320E-01,6.83594E-02,4.88281E-02
-2.1647472E-01,6.83594E-02,4.88281E-02
-2.1645624E-01,6.83594E-02,9.76562E-03
-2.1643776E-01,2.92969E-02,-9.76562E-03
-2.1641928E-01,4.88281E-02,6.83594E-02
-2.1640080E-01,1.07422E-01,-9.76562E-03
-2.1638232E-01,2.92969E-02,6.83594E-02
-2.1636384E-01,8.78906E-02,-4.88281E-02
-2.1634536E-01,4.88281E-02,4.88281E-02
-2.1632688E-01,9.76562E-03,-9.76562E-03
-2.1630840E-01,4.88281E-02,2.92969E-02
-2.1628992E-01,1.46484E-01,4.88281E-02
-2.1627144E-01,4.88281E-02,9.76562E-03
-2.1625296E-01,6.83594E-02,4.88281E-02
-2.1623448E-01,4.88281E-02,2.92969E-02
-2.1621600E-01,2.92969E-02,4.88281E-02
-2.1619752E-01,6.83594E-02,2.92969E-02
-2.1617904E-01,2.92969E-02,2.92969E-02
-2.1616056E-01,2.92969E-02,6.83594E-02
-2.1614208E-01,6.83594E-02,2.92969E-02
-2.1612360E-01,4.88281E-02,1.26953E-01
-2.1610512E-01,6.83594E-02,9.76562E-03
-2.1608664E-01,6.83594E-02,4.88281E-02
-2.1606816E-01,1.26953E-01,9.76562E-03
-2.1604968E-01,6.83594E-02,9.76562E-03
-2.1603120E-01,4.88281E-02,9.76562E-03
-2.1601272E-01,-4.88281E-02,4.88281E-02
-2.1599424E-01,1.07422E-01,4.88281E-02
-2.1597576E-01,6.83594E-02,4.88281E-02
-2.1595728E-01,1.46484E-01,4.88281E-02
-2.1593880E-01,2.92969E-02,4.88281E-02
-2.1592032E-01,8.78906E-02,4.88281E-02
-2.1590184E-01,6.83594E-02,9.76562E-03
-2.1588336E-01,4.88281E-02,-9.76562E-03
-2.1586488E-01,6.83594E-02,4.88281E-02
-2.1584640E-01,8.78906E-02,2.92969E-02
-2.1582792E-01,4.88281E-02,-9.76562E-03
-2.1580944E-01,6.83594E-02,9.76562E-03
-2.1579096E-01,1.07422E-01,4.88281E-02
-2.1577248E-01,8.78906E-02,4.88281E-02
-2.1575400E-01,2.92969E-02,4.88281E-02
-2.1573552E-01,1.46484E-01,6.83594E-02
-2.1571704E-01,4.88281E-02,4.88281E-02
-2.1569856E-01,6.83594E-02,-2.92969E-02
-2.1568008E-01,4.88281E-02,2.92969E-02
-2.1566160E-01,2.92969E-02,-9.76562E-03
-2.1564312E-01,1.07422E-01,9.76562E-03
-2.1562464E-01,8.78906E-02,-9.76562E-03
-2.1560616E-01,6.83594E-02,2.92969E-02
-2.1558768E-01,1.46484E-01,-2.92969E-02
-2.1556920E-01,6.83594E-02,9.76562E-03
-2.1555072E-01,1.07422E-01,4.88281E-02
-2.1553224E-01,6.83594E-02,8.78906E-02
-2.1551376E-01,6.83594E-02,4.88281E-02
-2.1549528E-01,4.88281E-02,2.92969E-02
-2.1547680E-01,1.26953E-01,4.88281E-02
-2.1545832E-01,1.26953E-01,9.76562E-03
-2.1543984E-01,1.26953E-01,-4.88281E-02
-2.1542136E-01,6.83594E-02,9.76562E-03
-2.1540288E-01,1.26953E-01,-9.76562E-03
-2.1538440E-01,1.07422E-01,8.78906E-02
-2.1536592E-01,8.78906E-02,2.92969E-02
-2.1534744E-01,6.83594E-02,6.83594E-02
-2.1532896E-01,1.07422E-01,-9.76562E-03
-2.1531048E-01,8.78906E-02,4.88281E-02
-2.1529200E-01,8.78906E-02,-9.76562E-03
-2.1527352E-01,1.07422E-01,4.88281E-02
-2.1525504E-01,1.46484E-01,4.88281E-02
-2.1523656E-01,8.78906E-02,2.92969E-02
-2.1521808E-01,1.07422E-01,6.83594E-02
-2.1519960E-01,8.78906E-02,2.92969E-02
-2.1518112E-01,6.83594E-02,-4.88281E-02
-2.1516264E-01,2.92969E-02,6.83594E-02
-2.1514416E-01,6.83594E-02,-2.92969E-02
-2.1512568E-01,6.83594E-02,2.92969E-02
-2.1510720E-01,1.26953E-01,2.92969E-02
-2.1508872E-01,2.92969E-02,9.76562E-03
-2.1507024E-01,1.07422E-01,9.76562E-03
-2.1505176E-01,6.83594E-02,1.07422E-01
-2.1503328E-01,1.26953E-01,9.76562E-03
-2.1501480E-01,-9.76562E-03,4.88281E-02
-2.1499632E-01,4.88281E-02,4.88281E-02
-2.1497784E-01,6.83594E-02,6.83594E-02
-2.1495936E-01,1.46484E-01,9.76562E-03
-2.1494088E-01,4.88281E-02,8.78906E-02
-2.1492240E-01,8.78906E-02,9.76562E-03
-2.1490392E-01,6.83594E-02,6.83594E-02
-2.1488544E-01,1.26953E-01,4.88281E-02
-2.1486696E-01,6.83594E-02,6.83594E-02
-2.1484848E-01,1.26953E-01,6.83594E-02
-2.1483000E-01,4.88281E-02,9.76562E-03
-2.1481152E-01,8.78906E-02,4.88281E-02
-2.1479304E-01,6.83594E-02,6.83594E-02
-2.1477456E-01,1.07422E-01,4.88281E-02
-2.1475608E-01,6.83594E-02,6.83594E-02
-2.1473760E-01,1.26953E-01,-9.76562E-03
-2.1471912E-01,4.88281E-02,8.78906E-02
-2.1470064E-01,1.66016E-01,4.88281E-02
-2.1468216E-01,4.88281E-02,2.92969E-02
-2.1466368E-01,1.07422E-01,6.83594E-02
-2.1464520E-01,4.88281E-02,2.92969E-02
-2.1462672E-01,2.92969E-02,-9.76562E-03
-2.1460824E-01,6.83594E-02,6.83594E-02
-2.1458976E-01,8.78906E-02,9.76562E-03
-2.1457128E-01,4.88281E-02,4.88281E-02
-2.1455280E-01,8.78906E-02,9.76562E-03
-2.1453432E-01,1.07422E-01,4.88281E-02
-2.1451584E-01,1.26953E-01,2.92969E-02
-2.1449736E-01,2.92969E-02,9.76562E-03
-2.1447888E-01,1.07422E-01,2.92969E-02
-2.1446040E-01,8.78906E-02,6.83594E-02
-2.1444192E-01,1.46484E-01,2.92969E-02
-2.1442344E-01,4.88281E-02,6.83594E-02
-2.1440496E-01,8.78906E-02,-9.76562E-03
-2.1438648E-01,1.26953E-01,2.92969E-02
-2.1436800E-01,8.78906E-02,-9.76562E-03
-2.1434952E-01,1.07422E-01,6.83594E-02
-2.1433104E-01,6.83594E-02,2.92969E-02
-2.1431256E-01,9.76562E-03,2.92969E-02
-2.1429408E-01,1.07422E-01,-9.76562E-03
-2.1427560E-01,4.88281E-02,4.88281E-02
-2.1425712E-01,6.83594E-02,-9.76562E-03
-2.1423864E-01,4.88281E-02,4.88281E-02
-2.1422016E-01,8.78906E-02,6.83594E-02
-2.1420168E-01,1.26953E-01,4.88281E-02
-2.1418320E-01,1.26953E-01,6.83594E-02
-2.1416472E-01,9.76562E-03,6.83594E-02
-2.1414624E-01,1.26953E-01,2.92969E-02
-2.1412776E-01,4.88281E-02,2.92969E-02
-2.1410928E-01,6.83594E-02,6.83594E-02
-2.1409080E-01,4.88281E-02,8.78906E-02
-2.1407232E-01,4.88281E-02,4.88281E-02
-2.1405384E-01,9.76562E-03,4.88281E-02
-2.1403536E-01,1.07422E-01,4.88281E-02
-2.1401688E-01,4.88281E-02,2.92969E-02
-2.1399840E-01,8.78906E-02,6.83594E-02
-2.1397992E-01,8.78906E-02,2.92969E-02
-2.1396144E-01,1.46484E-01,9.76562E-03
-2.1394296E-01,9.76562E-03,9.76562E-03
-2.1392448E-01,1.07422E-01,2.92969E-02
-2.1390600E-01,6.83594E-02,6.83594E-02
-2.1388752E-01,6.83594E-02,4.88281E-02
-2.1386904E-01,6.83594E-02,1.07422E-01
-2.1385056E-01,2.92969E-02,9.76562E-03
-2.1383208E-01,1.07422E-01,2.92969E-02
-2.1381360E-01,1.07422E-01,9.76562E-03
-2.1379512E-01,4.88281E-02,4.88281E-02
-2.1377664E-01,1.07422E-01,2.92969E-02
-2.1375816E-01,4.88281E-02,6.83594E-02
-2.1373968E-01,8.78906E-02,-6.83594E-02
-2.1372120E-01,4.88281E-02,6.83594E-02
-2.1370272E-01,1.26953E-01,4.88281E-02
-2.1368424E-01,6.83594E-02,-6.83594E-02
-2.1366576E-01,1.07422E-01,2.92969E-02
-2.1364728E-01,4.88281E-02,2.92969E-02
-2.1362880E-01,1.26953E-01,4.88281E-02
-2.1361032E-01,6.83594E-02,4.88281E-02
-2.1359184E-01,1.07422E-01,4.88281E-02
-2.1357336E-01,6.83594E-02,4.88281E-02
-2.1355488E-01,6.83594E-02,2.92969E-02
-2.1353640E-01,6.83594E-02,6.83594E-02
-2.1351792E-01,1.07422E-01,9.76562E-03
-2.1349944E-01,2.92969E-02,8.78906E-02
-2.1348096E-01,4.88281E-02,-9.76562E-03
-2.1346248E-01,8.78906E-02,6.83594E-02
-2.1344400E-01,1.07422E-01,-9.76562E-03
-2.1342552E-01,2.92969E-02,4.88281E-02
-2.1340704E-01,1.66016E-01,-9.76562E-03
-2.1338856E-01,4.88281E-02,6.83594E-02
-2.1337008E-01,6.83594E-02,2.92969E-02
-2.1335160E-01,6.83594E-02,9.76562E-03
-2.1333312E-01,1.46484E-01,4.88281E-02
-2.1331464E-01,6.83594E-02,8.78906E-02
-2.1329616E-01,8.78906E-02,9.76562E-03
-2.1327768E-01,4.88281E-02,2.92969E-02
-2.1325920E-01,1.26953E-01,2.92969E-02
-2.1324072E-01,6.83594E-02,6.83594E-02
-2.1322224E-01,2.92969E-02,2.92969E-02
-2.1320376E-01,8.78906E-02,4.88281E-02
-2.1318528E-01,6.83594E-02,9.76562E-03
-2.1316680E-01,4.88281E-02,4.88281E-02
-2.1314832E-01,6.83594E-02,6.83594E-02
-2.1312984E-01,6.83594E-02,4.88281E-02
-2.1311136E-01,8.78906E-02,4.88281E-02
-2.1309288E-01,6.83594E-02,8.78906E-02
-2.1307440E-01,1.26953E-01,2.92969E-02
-2.1305592E-01,8.78906E-02,-2.92969E-02
-2.1303744E-01,1.26953E-01,4.88281E-02
-2.1301896E-01,6.83594E-02,6.83594E-02
-2.1300048E-01,1.46484E-01,4.88281E-02
-2.1298200E-01,2.92969E-02,8.78906E-02
-2.1296352E-01,6.83594E-02,9.76562E-03
-2.1294504E-01,9.76562E-03,2.92969E-02
-2.1292656E-01,6.83594E-02,4.88281E-02
-2.1290808E-01,2.92969E-02,4.88281E-02
-2.1288960E-01,4.88281E-02,9.76562E-03
-2.1287112E-01,9.76562E-03,2.92969E-02
-2.1285264E-01,8.78906E-02,6.83594E-02
-2.1283416E-01,6.83594E-02,9.76562E-03
-2.1281568E-01,9.76562E-03,2.92969E-02
-2.1279720E-01,6.83594E-02,9.76562E-03
-2.1277872E-01,1.85547E-01,6.83594E-02
-2.1276024E-01,4.88281E-02,6.83594E-02
-2.1274176E-01,1.07422E-01,9.76562E-03
-2.1272328E-01,4.88281E-02,6.83594E-02
-2.1270480E-01,1.07422E-01,4.88281E-02
-2.1268632E-01,6.83594E-02,1.07422E-01
-2.1266784E-01,1.26953E-01,9.76562E-03
-2.1264936E-01,6.83594E-02,6.83594E-02
-2.1263088E-01,6.83594E-02,9.76562E-03
-2.1261240E-01,1.07422E-01,8.78906E-02
-2.1259392E-01,8.78906E-02,4.88281E-02
-2.1257544E-01,8.78906E-02,8.78906E-02
-2.1255696E-01,4.88281E-02,9.76562E-03
-2.1253848E-01,6.83594E-02,1.07422E-01
-2.1252000E-01,1.26953E-01,2.92969E-02
-2.1250152E-01,9.76562E-03,6.83594E-02
-2.1248304E-01,6.83594E-02,9.76562E-03
-2.1246456E-01,8.78906E-02,2.92969E-02
-2.1244608E-01,1.66016E-01,-9.76562E-03
-2.1242760E-01,8.78906E-02,4.88281E-02
-2.1240912E-01,1.46484E-01,9.76562E-03
-2.1239064E-01,6.83594E-02,2.92969E-02
-2.1237216E-01,1.07422E-01,-2.92969E-02
-2.1235368E-01,-4.88281E-02,1.07422E-01
-2.1233520E-01,1.46484E-01,4.88281E-02
-2.1231672E-01,2.92969E-02,1.07422E-01
-2.1229824E-01,8.78906E-02,4.88281E-02
-2.1227976E-01,4.88281E-02,4.88281E-02
-2.1226128E-01,8.78906E-02,4.88281E-02
-2.1224280E-01,6.83594E-02,6.83594E-02
-2.1222432E-01,8.78906E-02,4.88281E-02
-2.1220584E-01,4.88281E-02,8.78906E-02
-2.1218736E-01,1.26953E-01,9.76562E-03
-2.1216888E-01,4.88281E-02,2.92969E-02
-2.1215040E-01,6.83594E-02,9.76562E-03
-2.1213192E-01,4.88281E-02,9.76562E-03
-2.1211344E-01,4.88281E-02,9.76562E-03
-2.1209496E-01,6.83594E-02,4.88281E-02
-2.1207648E-01,1.07422E-01,4.88281E-02
-2.1205800E-01,6.83594E-02,6.83594E-02
-2.1203952E-01,1.07422E-01,9.76562E-03
-2.1202104E-01,4.88281E-02,4.88281E-02
-2.1200256E-01,1.07422E-01,-2.92969E-02
-2.1198408E-01,8.78906E-02,4.88281E-02
-2.1196560E-01,8.78906E-02,4.88281E-02
-2.1194712E-01,1.26953E-01,-9.76562E-03
-2.1192864E-01,1.07422E-01,2.92969E-02
-2.1191016E-01,9.76562E-03,6.83594E-02
-2.1189168E-01,1.07422E-01,2.92969E-02
-2.1187320E-01,8.78906E-02,9.76562E-03
-2.1185472E-01,1.26953E-01,9.76562E-03
-2.1183624E-01,6.83594E-02,2.92969E-02
-2.1181776E-01,8.78906E-02,4.88281E-02
-2.1179928E-01,4.88281E-02,9.76562E-03
-2.1178080E-01,4.88281E-02,2.92969E-02
-2.1176232E-01,2.92969E-02,2.92969E-02
-2.1174384E-01,1.07422E-01,-9.76562E-03
-2.1172536E-01,6.83594E-02,6.83594E-02
-2.1170688E-01,1.66016E-01,9.76562E-03
-2.1168840E-01,6.83594E-02,2.92969E-02
-2.1166992E-01,1.46484E-01,9.76562E-03
-2.1165144E-01,2.92969E-02,6.83594E-02
-2.1163296E-01,2.92969E-02,9.76562E-03
-2.1161448E-01,6.83594E-02,2.92969E-02
-2.1159600E-01,1.07422E-01,-2.92969E-02
-2.1157752E-01,2.92969E-02,9.76562E-03
-2.1155904E-01,8.78906E-02,9.76562E-03
-2.1154056E-01,4.88281E-02,8.78906E-02
-2.1152208E-01,1.07422E-01,2.92969E-02
-2.1150360E-01,4.88281E-02,2.92969E-02
-2.1148512E-01,8.78906E-02,4.88281E-02
-2.1146664E-01,6.83594E-02,4.88281E-02
-2.1144816E-01,2.92969E-02,-4.88281E-02
-2.1142968E-01,9.76562E-03,6.83594E-02
-2.1141120E-01,1.07422E-01,9.76562E-03
-2.1139272E-01,6.83594E-02,2.92969E-02
-2.1137424E-01,8.78906E-02,6.83594E-02
-2.1135576E-01,6.83594E-02,4.88281E-02
-2.1133728E-01,6.83594E-02,4.88281E-02
-2.1131880E-01,4.88281E-02,8.78906E-02
-2.1130032E-01,1.26953E-01,6.83594E-02
-2.1128184E-01,1.46484E-01,9.76562E-03
-2.1126336E-01,1.46484E-01,2.92969E-02
-2.1124488E-01,4.88281E-02,4.88281E-02
-2.1122640E-01,6.83594E-02,2.92969E-02
-2.1120792E-01,8.78906E-02,2.92969E-02
-2.1118944E-01,8.78906E-02,4.88281E-02
-2.1117096E-01,1.07422E-01,8.78906E-02
-2.1115248E-01,1.26953E-01,-6.83594E-02
-2.1113400E-01,8.78906E-02,6.83594E-02
-2.1111552E-01,1.26953E-01,8.78906E-02
-2.1109704E-01,6.83594E-02,8.78906E-02
-2.1107856E-01,1.07422E-01,4.88281E-02
-2.1106008E-01,2.92969E-02,6.83594E-02
-2.1104160E-01,1.26953E-01,9.76562E-03
-2.1102312E-01,6.83594E-02,4.88281E-02
-2.1100464E-01,1.07422E-01,9.76562E-03
-2.1098616E-01,4.88281E-02,4.88281E-02
-2.1096768E-01,1.26953E-01,2.92969E-02
-2.1094920E-01,1.07422E-01,4.88281E-02
-2.1093072E-01,8.78906E-02,2.92969E-02
-2.1091224E-01,9.76562E-03,8.78906E-02
-2.1089376E-01,1.07422E-01,9.76562E-03
-2.1087528E-01,6.83594E-02,1.07422E-01
-2.1085680E-01,1.46484E-01,9.76562E-03
-2.1083832E-01,6.83594E-02,4.88281E-02
-2.1081984E-01,1.07422E-01,-9.76562E-03
-2.1080136E-01,1.26953E-01,4.88281E-02
-2.1078288E-01,1.26953E-01,2.92969E-02
-2.1076440E-01,1.07422E-01,9.76562E-03
-2.1074592E-01,1.46484E-01,9.76562E-03
-2.1072744E-01,6.83594E-02,8.78906E-02
-2.1070896E-01,1.46484E-01,9.76562E-03
-2.1069048E-01,6.83594E-02,2.92969E-02
-2.1067200E-01,6.83594E-02,9.76562E-03
-2.1065352E-01,2.92969E-02,8.78906E-02
-2.1063504E-01,1.46484E-01,6.83594E-02
-2.1061656E-01,1.07422E-01,9.76562E-03
-2.1059808E-01,1.26953E-01,9.76562E-03
-2.1057960E-01,8.78906E-02,4.88281E-02
-2.1056112E-01,1.46484E-01,4.88281E-02
-2.1054264E-01,8.78906E-02,9.76562E-03
-2.1052416E-01,6.83594E-02,2.92969E-02
-2.1050568E-01,6.83594E-02,6.83594E-02
-2.1048720E-01,8.78906E-02,4.88281E-02
-2.1046872E-01,8.78906E-02,4.88281E-02
-2.1045024E-01,1.07422E-01,2.92969E-02
-2.1043176E-01,4.88281E-02,6.83594E-02
-2.1041328E-01,1.46484E-01,9.76562E-03
-2.1039480E-01,6.83594E-02,1.26953E-01
-2.1037632E-01,8.78906E-02,-2.92969E-02
-2.1035784E-01,4.88281E-02,9.76562E-03
-2.1033936E-01,1.26953E-01,4.88281E-02
-2.1032088E-01,2.92969E-02,8.78906E-02
-2.1030240E-01,2.92969E-02,4.88281E-02
-2.1028392E-01,4.88281E-02,6.83594E-02
-2.1026544E-01,8.78906E-02,6.83594E-02
-2.1024696E-01,1.26953E-01,6.83594E-02
-2.1022848E-01,1.46484E-01,2.92969E-02
-2.1021000E-01,9.76562E-03,1.26953E-01
-2.1019152E-01,1.26953E-01,-9.76562E-03
-2.1017304E-01,1.07422E-01,2.92969E-02
-2.1015456E-01,1.85547E-01,9.76562E-03
-2.1013608E-01,6.83594E-02,9.76562E-03
-2.1011760E-01,1.46484E-01,9.76562E-03
-2.1009912E-01,6.83594E-02,4.88281E-02
-2.1008064E-01,2.92969E-02,2.92969E-02
-2.1006216E-01,4.88281E-02,4.88281E-02
-2.1004368E-01,1.46484E-01,6.83594E-02
-2.1002520E-01,4.88281E-02,4.88281E-02
-2.1000672E-01,8.78906E-02,9.76562E-03
-2.0998824E-01,8.78906E-02,2.92969E-02
-2.0996976E-01,1.85547E-01,-2.92969E-02
-2.0995128E-01,1.26953E-01,6.83594E-02
-2.0993280E-01,6.83594E-02,9.76562E-03
-2.0991432E-01,8.78906E-02,9.76562E-03
-2.0989584E-01,1.46484E-01,4.88281E-02
-2.0987736E-01,1.07422E-01,4.88281E-02
-2.0985888E-01,1.46484E-01,-4.88281E-02
-2.0984040E-01,6.83594E-02,6.83594E-02
-2.0982192E-01,1.07422E-01,6.83594E-02
-2.0980344E-01,1.07422E-01,9.76562E-03
-2.0978496E-01,8.78906E-02,9.76562E-03
-2.0976648E-01,2.92969E-02,8.78906E-02
-2.0974800E-01,8.78906E-02,9.76562E-03
-2.0972952E-01,9.76562E-03,9.76562E-03
-2.0971104E-01,6.83594E-02,9.76562E-03
-2.0969256E-01,1.66016E-01,1.07422E-01
-2.0967408E-01,1.46484E-01,9.76562E-03
-2.0965560E-01,1.07422E-01,4.88281E-02
-2.0963712E-01,1.85547E-01,9.76562E-03
-2.0961864E-01,8.78906E-02,2.92969E-02
-2.0960016E-01,9.76562E-03,4.88281E-02
-2.0958168E-01,6.83594E-02,9.76562E-03
-2.0956320E-01,1.46484E-01,-9.76562E-03
-2.0954472E-01,8.78906E-02,6.83594E-02
-2.0952624E-01,4.88281E-02,-2.92969E-02
-2.0950776E-01,6.83594E-02,9.76562E-03
-2.0948928E-01,8.78906E-02,9.76562E-03
-2.0947080E-01,8.78906E-02,4.88281E-02
-2.0945232E-01,8.78906E-02,2.92969E-02
-2.0943384E-01,1.26953E-01,2.92969E-02
-2.0941536E-01,1.46484E-01,4.88281E-02
-2.0939688E-01,1.07422E-01,6.83594E-02
-2.0937840E-01,8.78906E-02,-9.76562E-03
-2.0935992E-01,1.66016E-01,4.88281E-02
-2.0934144E-01,8.78906E-02,2.92969E-02
-2.0932296E-01,4.88281E-02,-9.76562E-03
-2.0930448E-01,1.46484E-01,9.76562E-03
-2.0928600E-01,6.83594E-02,4.88281E-02
-2.0926752E-01,6.83594E-02,-4.88281E-02
-2.0924904E-01,1.26953E-01,8.78906E-02
-2.0923056E-01,1.46484E-01,9.76562E-03
-2.0921208E-01,1.07422E-01,1.07422E-01
-2.0919360E-01,1.46484E-01,2.92969E-02
-2.0917512E-01,1.07422E-01,6.83594E-02
-2.0915664E-01,8.78906E-02,4.88281E-02
-2.0913816E-01,2.92969E-02,4.88281E-02
-2.0911968E-01,6.83594E-02,6.83594E-02
-2.0910120E-01,6.83594E-02,9.76562E-03
-2.0908272E-01,1.26953E-01,-9.76562E-03
-2.0906424E-01,6.83594E-02,6.83594E-02
-2.0904576E-01,8.78906E-02,4.88281E-02
-2.0902728E-01,6.83594E-02,4.88281E-02
-2.0900880E-01,9.76562E-03,9.76562E-03
-2.0899032E-01,6.83594E-02,9.76562E-03
-2.0897184E-01,1.46484E-01,2.92969E-02
-2.0895336E-01,1.07422E-01,8.78906E-02
-2.0893488E-01,1.46484E-01,2.92969E-02
-2.0891640E-01,4.88281E-02,4.88281E-02
-2.0889792E-01,1.26953E-01,4.88281E-02
-2.0887944E-01,9.76562E-03,1.07422E-01
-2.0886096E-01,6.83594E-02,4.88281E-02
-2.0884248E-01,1.07422E-01,6.83594E-02
-2.0882400E-01,6.83594E-02,-2.92969E-02
-2.0880552E-01,1.07422E-01,8.78906E-02
-2.0878704E-01,1.07422E-01,6.83594E-02
-2.0876856E-01,2.92969E-02,6.83594E-02
-2.0875008E-01,1.07422E-01,9.76562E-03
-2.0873160E-01,1.07422E-01,4.88281E-02
-2.0871312E-01,1.46484E-01,2.92969E-02
-2.0869464E-01,6.83594E-02,4.88281E-02
-2.0867616E-01,1.66016E-01,-9.76562E-03
-2.0865768E-01,1.07422E-01,2.92969E-02
-2.0863920E-01,8.78906E-02,-4.88281E-02
-2.0862072E-01,4.88281E-02,8.78906E-02
-2.0860224E-01,1.07422E-01,-9.76562E-03
-2.0858376E-01,4.88281E-02,6.83594E-02
-2.0856528E-01,1.26953E-01,4.88281E-02
-2.0854680E-01,8.78906E-02,4.88281E-02
-2.0852832E-01,1.46484E-01,2.92969E-02
-2.0850984E-01,6.83594E-02,4.88281E-02
-2.0849136E-01,1.07422E-01,-9.76562E-03
-2.0847288E-01,6.83594E-02,9.76562E-03
-2.0845440E-01,1.46484E-01,9.76562E-03
-2.0843592E-01,4.88281E-02,2.92969E-02
-2.0841744E-01,1.26953E-01,4.88281E-02
-2.0839896E-01,1.46484E-01,2.92969E-02
-2.0838048E-01,1.26953E-01,4.88281E-02
-2.0836200E-01,6.83594E-02,4.88281E-02
-2.0834352E-01,1.07422E-01,4.88281E-02
-2.0832504E-01,4.88281E-02,9.76562E-03
-2.0830656E-01,1.26953E-01,4.88281E-02
-2.0828808E-01,1.26953E-01,1.26953E-01
-2.0826960E-01,1.46484E-01,-9.76562E-03
-2.0825112E-01,1.26953E-01,2.92969E-02
-2.0823264E-01,1.46484E-01,9.76562E-03
-2.0821416E-01,6.83594E-02,2.92969E-02
-2.0819568E-01,1.26953E-01,4.88281E-02
-2.0817720E-01,1.85547E-01,6.83594E-02
-2.0815872E-01,1.07422E-01,2.92969E-02
-2.0814024E-01,1.26953E-01,6.83594E-02
-2.0812176E-01,1.07422E-01,2.92969E-02
-2.0810328E-01,2.92969E-02,4.88281E-02
-2.0808480E-01,8.78906E-02,2.92969E-02
-2.0806632E-01,8.78906E-02,2.92969E-02
-2.0804784E-01,6.83594E-02,4.88281E-02
-2.0802936E-01,4.88281E-02,4.88281E-02
-2.0801088E-01,1.66016E-01,9.76562E-03
-2.0799240E-01,1.07422E-01,6.83594E-02
-2.0797392E-01,1.26953E-01,-9.76562E-03
-2.0795544E-01,1.26953E-01,2.92969E-02
-2.0793696E-01,1.46484E-01,9.76562E-03
-2.0791848E-01,6.83594E-02,4.88281E-02
-2.0790000E-01,2.05078E-01,-9.76562E-03
-2.0788152E-01,6.83594E-02,4.88281E-02
-2.0786304E-01,1.26953E-01,-9.76562E-03
-2.0784456E-01,8.78906E-02,2.92969E-02
-2.0782608E-01,1.07422E-01,9.76562E-03
-2.0780760E-01,6.83594E-02,2.92969E-02
-2.0778912E-01,1.66016E-01,9.76562E-03
-2.0777064E-01,6.83594E-02,2.92969E-02
-2.0775216E-01,8.78906E-02,9.76562E-03
-2.0773368E-01,1.07422E-01,9.76562E-03
-2.0771520E-01,1.46484E-01,9.76562E-03
-2.0769672E-01,1.66016E-01,2.92969E-02
-2.0767824E-01,1.66016E-01,9.76562E-03
-2.0765976E-01,1.07422E-01,4.88281E-02
-2.0764128E-01,1.46484E-01,9.76562E-03
-2.0762280E-01,4.88281E-02,6.83594E-02
-2.0760432E-01,1.66016E-01,-9.76562E-03
-2.0758584E-01,1.26953E-01,4.88281E-02
-2.0756736E-01,1.46484E-01,2.92969E-02
-2.0754888E-01,1.26953E-01,6.83594E-02
-2.0753040E-01,1.85547E-01,4.88281E-02
-2.0751192E-01,6.83594E-02,2.92969E-02
-2.0749344E-01,6.83594E-02,4.88281E-02
-2.0747496E-01,2.92969E-02,4.88281E-02
-2.0745648E-01,6.83594E-02,9.76562E-03
-2.0743800E-01,1.07422E-01,9.76562E-03
-2.0741952E-01,1.26953E-01,6.83594E-02
-2.0740104E-01,6.83594E-02,6.83594E-02
-2.0738256E-01,2.05078E-01,9.76562E-03
-2.0736408E-01,9.76562E-03,9.76562E-03
-2.0734560E-01,1.66016E-01,-9.76562E-03
-2.0732712E-01,1.26953E-01,-9.76562E-03
-2.0730864E-01,8.78906E-02,6.83594E-02
-2.0729016E-01,2.92969E-02,4.88281E-02
-2.0727168E-01,1.46484E-01,4.88281E-02
-2.0725320E-01,1.85547E-01,6.83594E-02
-2.0723472E-01,2.92969E-02,4.88281E-02
-2.0721624E-01,6.83594E-02,4.88281E-02
-2.0719776E-01,1.46484E-01,9.76562E-03
-2.0717928E-01,6.83594E-02,4.88281E-02
-2.0716080E-01,1.07422E-01,9.76562E-03
-2.0714232E-01,6.83594E-02,4.88281E-02
-2.0712384E-01,1.26953E-01,9.76562E-03
-2.0710536E-01,6.83594E-02,9.76562E-03
-2.0708688E-01,1.26953E-01,9.76562E-03
-2.0706840E-01,1.26953E-01,6.83594E-02
-2.0704992E-01,1.07422E-01,-2.92969E-02
-2.0703144E-01,6.83594E-02,6.83594E-02
-2.0701296E-01,8.78906E-02,2.92969E-02
-2.0699448E-01,4.88281E-02,4.88281E-02
-2.0697600E-01,8.78906E-02,-9.76562E-03
-2.0695752E-01,1.66016E-01,4.88281E-02
-2.0693904E-01,1.07422E-01,9.76562E-03
-2.0692056E-01,6.83594E-02,6.83594E-02
-2.0690208E-01,1.46484E-01,9.76562E-03
-2.0688360E-01,6.83594E-02,8.78906E-02
-2.0686512E-01,1.66016E-01,4.88281E-02
-2.0684664E-01,8.78906E-02,2.92969E-02
-2.0682816E-01,6.83594E-02,4.88281E-02
-2.0680968E-01,8.78906E-02,4.88281E-02
-2.0679120E-01,1.26953E-01,4.88281E-02
-2.0677272E-01,1.07422E-01,6.83594E-02
-2.0675424E-01,1.26953E-01,9.76562E-03
-2.0673576E-01,1.07422E-01,-9.76562E-03
-2.0671728E-01,1.66016E-01,4.88281E-02
-2.0669880E-01,1.26953E-01,4.88281E-02
-2.0668032E-01,2.05078E-01,-9.76562E-03
-2.0666184E-01,1.26953E-01,2.92969E-02
-2.0664336E-01,1.07422E-01,6.83594E-02
-2.0662488E-01,6.83594E-02,2.92969E-02
-2.0660640E-01,6.83594E-02,-9.76562E-03
-2.0658792E-01,1.85547E-01,1.26953E-01
-2.0656944E-01,1.26953E-01,9.76562E-03
-2.0655096E-01,8.78906E-02,2.92969E-02
-2.0653248E-01,1.26953E-01,4.88281E-02
-2.0651400E-01,8.78906E-02,-9.76562E-03
-2.0649552E-01,1.46484E-01,2.92969E-02
-2.0647704E-01,4.88281E-02,4.88281E-02
-2.0645856E-01,1.46484E-01,2.92969E-02
-2.0644008E-01,1.26953E-01,1.07422E-01
-2.0642160E-01,1.46484E-01,-1.07422E-01
-2.0640312E-01,1.26953E-01,4.88281E-02
-2.0638464E-01,1.26953E-01,9.76562E-03
-2.0636616E-01,6.83594E-02,6.83594E-02
-2.0634768E-01,1.46484E-01,-6.83594E-02
-2.0632920E-01,1.07422E-01,2.92969E-02
-2.0631072E-01,8.78906E-02,4.88281E-02
-2.0629224E-01,4.88281E-02,9.76562E-03
-2.0627376E-01,1.07422E-01,-9.76562E-03
-2.0625528E-01,6.83594E-02,9.76562E-03
-2.0623680E-01,1.85547E-01,2.92969E-02
-2.0621832E-01,2.05078E-01,9.76562E-03
-2.0619984E-01,1.46484E-01,-2.92969E-02
-2.0618136E-01,6.83594E-02,2.92969E-02
-2.0616288E-01,1.26953E-01,2.92969E-02
-2.0614440E-01,8.78906E-02,4.88281E-02
-2.0612592E-01,1.46484E-01,-4.88281E-02
-2.0610744E-01,6.83594E-02,4.88281E-02
-2.0608896E-01,4.88281E-02,4.88281E-02
-2.0607048E-01,1.46484E-01,4.88281E-02
-2.0605200E-01,1.46484E-01,9.76562E-03
-2.0603352E-01,2.92969E-02,4.88281E-02
-2.0601504E-01,1.46484E-01,2.92969E-02
-2.0599656E-01,1.26953E-01,4.88281E-02
-2.0597808E-01,1.85547E-01,9.76562E-03
-2.0595960E-01,1.07422E-01,9.76562E-03
-2.0594112E-01,8.78906E-02,4.88281E-02
-2.0592264E-01,8.78906E-02,6.83594E-02
-2.0590416E-01,1.46484E-01,6.83594E-02
-2.0588568E-01,8.78906E-02,2.92969E-02
-2.0586720E-01,1.26953E-01,9.76562E-03
-2.0584872E-01,2.92969E-02,2.92969E-02
-2.0583024E-01,1.46484E-01,2.92969E-02
-2.0581176E-01,8.78906E-02,1.07422E-01
-2.0579328E-01,1.26953E-01,2.92969E-02
-2.0577480E-01,8.78906E-02,9.76562E-03
-2.0575632E-01,1.07422E-01,-2.92969E-02
-2.0573784E-01,1.85547E-01,2.92969E-02
-2.0571936E-01,8.78906E-02,6.83594E-02
-2.0570088E-01,8.78906E-02,9.76562E-03
-2.0568240E-01,1.46484E-01,4.88281E-02
-2.0566392E-01,8.78906E-02,9.76562E-03
-2.0564544E-01,1.07422E-01,4.88281E-02
-2.0562696E-01,8.78906E-02,2.92969E-02
-2.0560848E-01,1.46484E-01,9.76562E-03
-2.0559000E-01,6.83594E-02,4.88281E-02
-2.0557152E-01,1.85547E-01,2.92969E-02
-2.0555304E-01,1.46484E-01,2.92969E-02
-2.0553456E-01,1.26953E-01,4.88281E-02
-2.0551608E-01,1.46484E-01,4.88281E-02
-2.0549760E-01,1.07422E-01,-2.92969E-02
-2.0547912E-01,1.46484E-01,2.92969E-02
-2.0546064E-01,1.07422E-01,9.76562E-03
-2.0544216E-01,4.88281E-02,4.88281E-02
-2.0542368E-01,8.78906E-02,2.92969E-02
-2.0540520E-01,2.92969E-02,4.88281E-02
-2.0538672E-01,1.66016E-01,2.92969E-02
-2.0536824E-01,8.78906E-02,4.88281E-02
-2.0534976E-01,1.46484E-01,2.92969E-02
-2.0533128E-01,1.26953E-01,2.92969E-02
-2.0531280E-01,8.78906E-02,9.76562E-03
-2.0529432E-01,8.78906E-02,6.83594E-02
-2.0527584E-01,1.46484E-01,9.76562E-03
-2.0525736E-01,1.26953E-01,6.83594E-02
-2.0523888E-01,1.46484E-01,-2.92969E-02
-2.0522040E-01,6.83594E-02,4.88281E-02
-2.0520192E-01,8.78906E-02,6.83594E-02
-2.0518344E-01,4.88281E-02,2.92969E-02
-2.0516496E-01,8.78906E-02,4.88281E-02
-2.0514648E-01,1.26953E-01,2.92969E-02
-2.0512800E-01,1.26953E-01,2.92969E-02
-2.0510952E-01,8.78906E-02,6.83594E-02
-2.0509104E-01,4.88281E-02,4.88281E-02
-2.0507256E-01,1.26953E-01,6.83594E-02
-2.0505408E-01,6.83594E-02,4.88281E-02
-2.0503560E-01,4.88281E-02,6.83594E-02
-2.0501712E-01,1.07422E-01,2.92969E-02
-2.0499864E-01,6.83594E-02,1.46484E-01
-2.0498016E-01,1.46484E-01,-9.76562E-03
-2.0496168E-01,1.46484E-01,9.76562E-03
-2.0494320E-01,1.46484E-01,2.92969E-02
-2.0492472E-01,1.26953E-01,6.83594E-02
-2.0490624E-01,1.66016E-01,-9.76562E-03
-2.0488776E-01,1.07422E-01,2.92969E-02
-2.0486928E-01,1.46484E-01,2.92969E-02
-2.0485080E-01,1.26953E-01,9.76562E-03
-2.0483232E-01,1.07422E-01,4.88281E-02
-2.0481384E-01,1.26953E-01,2.92969E-02
-2.0479536E-01,1.46484E-01,-4.88281E-02
-2.0477688E-01,1.26953E-01,4.88281E-02
-2.0475840E-01,1.26953E-01,4.88281E-02
-2.0473992E-01,8.78906E-02,4.88281E-02
-2.0472144E-01,1.66016E-01,9.76562E-03
-2.0470296E-01,1.07422E-01,6.83594E-02
-2.0468448E-01,2.05078E-01,6.83594E-02
-2.0466600E-01,6.83594E-02,8.78906E-02
-2.0464752E-01,2.24609E-01,-9.76562E-03
-2.0462904E-01,6.83594E-02,8.78906E-02
-2.0461056E-01,1.66016E-01,2.92969E-02
-2.0459208E-01,1.07422E-01,6.83594E-02
-2.0457360E-01,6.83594E-02,2.92969E-02
-2.0455512E-01,1.26953E-01,4.88281E-02
-2.0453664E-01,1.07422E-01,4.88281E-02
-2.0451816E-01,1.26953E-01,4.88281E-02
-2.0449968E-01,1.26953E-01,9.76562E-03
-2.0448120E-01,1.07422E-01,6.83594E-02
-2.0446272E-01,1.26953E-01,-9.76562E-03
-2.0444424E-01,1.46484E-01,2.92969E-02
-2.0442576E-01,1.85547E-01,2.92969E-02
-2.0440728E-01,1.46484E-01,9.76562E-03
-2.0438880E-01,1.85547E-01,9.76562E-03
-2.0437032E-01,4.88281E-02,2.92969E-02
-2.0435184E-01,1.46484E-01,2.92969E-02
-2.0433336E-01,1.07422E-01,2.92969E-02
-2.0431488E-01,1.07422E-01,9.76562E-03
-2.0429640E-01,1.26953E-01,4.88281E-02
-2.0427792E-01,1.46484E-01,-9.76562E-03
-2.0425944E-01,1.26953E-01,2.92969E-02
-2.0424096E-01,1.46484E-01,6.83594E-02
-2.0422248E-01,9.76562E-03,4.88281E-02
-2.0420400E-01,1.46484E-01,4.88281E-02
-2.0418552E-01,4.88281E-02,6.83594E-02
-2.0416704E-01,1.85547E-01,9.76562E-03
-2.0414856E-01,1.46484E-01,1.07422E-01
-2.0413008E-01,1.07422E-01,4.88281E-02
-2.0411160E-01,6.83594E-02,4.88281E-02
-2.0409312E-01,1.46484E-01,4.88281E-02
-2.0407464E-01,8.78906E-02,2.92969E-02
-2.0405616E-01,1.26953E-01,4.88281E-02
-2.0403768E-01,1.46484E-01,1.07422E-01
-2.0401920E-01,1.26953E-01,9.76562E-03
-2.0400072E-01,8.78906E-02,4.88281E-02
-2.0398224E-01,1.46484E-01,-2.92969E-02
-2.0396376E-01,6.83594E-02,4.88281E-02
-2.0394528E-01,1.46484E-01,-9.76562E-03
-2.0392680E-01,8.78906E-02,2.92969E-02
-2.0390832E-01,8.78906E-02,4.88281E-02
-2.0388984E-01,8.78906E-02,9.76562E-03
-2.0387136E-01,2.05078E-01,6.83594E-02
-2.0385288E-01,6.83594E-02,6.83594E-02
-2.0383440E-01,1.26953E-01,4.88281E-02
-2.0381592E-01,1.26953E-01,8.78906E-02
-2.0379744E-01,1.85547E-01,-9.76562E-03
-2.0377896E-01,1.85547E-01,-9.76562E-03
-2.0376048E-01,1.46484E-01,6.83594E-02
-2.0374200E-01,1.26953E-01,9.76562E-03
-2.0372352E-01,2.63672E-01,2.92969E-02
-2.0370504E-01,9.76562E-03,4.88281E-02
-2.0368656E-01,1.66016E-01,2.92969E-02
-2.0366808E-01,2.92969E-02,9.76562E-03
-2.0364960E-01,1.85547E-01,-2.92969E-02
-2.0363112E-01,1.26953E-01,9.76562E-03
-2.0361264E-01,1.66016E-01,9.76562E-03
-2.0359416E-01,2.05078E-01,9.76562E-03
-2.0357568E-01,1.66016E-01,4.88281E-02
-2.0355720E-01,1.26953E-01,4.88281E-02
-2.0353872E-01,1.07422E-01,4.88281E-02
-2.0352024E-01,6.83594E-02,4.88281E-02
-2.0350176E-01,8.78906E-02,2.92969E-02
-2.0348328E-01,1.46484E-01,4.88281E-02
-2.0346480E-01,8.78906E-02,2.92969E-02
-2.0344632E-01,8.78906E-02,8.78906E-02
-2.0342784E-01,1.66016E-01,-2.92969E-02
-2.0340936E-01,1.46484E-01,6.83594E-02
-2.0339088E-01,1.46484E-01,9.76562E-03
-2.0337240E-01,4.88281E-02,4.88281E-02
-2.0335392E-01,1.26953E-01,2.92969E-02
-2.0333544E-01,1.46484E-01,9.76562E-03
-2.0331696E-01,8.78906E-02,9.76562E-03
-2.0329848E-01,1.26953E-01,6.83594E-02
-2.0328000E-01,2.05078E-01,4.88281E-02
-2.0326152E-01,8.78906E-02,4.88281E-02
-2.0324304E-01,1.26953E-01,-9.76562E-03
-2.0322456E-01,8.78906E-02,6.83594E-02
-2.0320608E-01,1.26953E-01,4.88281E-02
-2.0318760E-01,1.46484E-01,2.92969E-02
-2.0316912E-01,8.78906E-02,2.92969E-02
-2.0315064E-01,1.07422E-01,6.83594E-02
-2.0313216E-01,1.07422E-01,2.92969E-02
-2.0311368E-01,1.07422E-01,8.78906E-02
-2.0309520E-01,1.46484E-01,2.92969E-02
-2.0307672E-01,1.07422E-01,8.78906E-02
-2.0305824E-01,2.05078E-01,2.92969E-02
-2.0303976E-01,1.26953E-01,9.76562E-03
-2.0302128E-01,1.66016E-01,2.92969E-02
-2.0300280E-01,6.83594E-02,-9.76562E-03
-2.0298432E-01,1.26953E-01,6.83594E-02
-2.0296584E-01,1.26953E-01,2.92969E-02
-2.0294736E-01,1.46484E-01,9.76562E-03
-2.0292888E-01,1.46484E-01,2.92969E-02
-2.0291040E-01,1.46484E-01,9.76562E-03
-2.0289192E-01,6.83594E-02,4.88281E-02
-2.0287344E-01,1.46484E-01,9.76562E-03
-2.0285496E-01,8.78906E-02,9.76562E-03
-2.0283648E-01,1.46484E-01,6.83594E-02
-2.0281800E-01,1.26953E-01,2.92969E-02
-2.0279952E-01,1.66016E-01,4.88281E-02
-2.0278104E-01,8.78906E-02,8.78906E-02
-2.0276256E-01,1.07422E-01,9.76562E-03
-2.0274408E-01,9.76562E-03,4.88281E-02
-2.0272560E-01,1.46484E-01,2.92969E-02
-2.0270712E-01,6.83594E-02,8.78906E-02
-2.0268864E-01,1.66016E-01,9.76562E-03
-2.0267016E-01,1.07422E-01,2.92969E-02
-2.0265168E-01,1.46484E-01,9.76562E-03
-2.0263320E-01,1.26953E-01,9.76562E-03
-2.0261472E-01,1.26953E-01,2.92969E-02
-2.0259624E-01,4.88281E-02,9.76562E-03
-2.0257776E-01,1.26953E-01,-9.76562E-03
-2.0255928E-01,1.46484E-01,2.92969E-02
-2.0254080E-01,1.46484E-01,9.76562E-03
-2.0252232E-01,6.83594E-02,6.83594E-02
-2.0250384E-01,1.66016E-01,2.92969E-02
-2.0248536E-01,1.26953E-01,1.07422E-01
-2.0246688E-01,1.46484E-01,2.92969E-02
-2.0244840E-01,2.92969E-02,6.83594E-02
-2.0242992E-01,1.07422E-01,8.78906E-02
-2.0241144E-01,1.26953E-01,9.76562E-03
-2.0239296E-01,1.66016E-01,4.88281E-02
-2.0237448E-01,1.07422E-01,2.92969E-02
-2.0235600E-01,1.66016E-01,9.76562E-03
-2.0233752E-01,1.46484E-01,-4.88281E-02
-2.0231904E-01,1.66016E-01,-9.76562E-03
-2.0230056E-01,8.78906E-02,6.83594E-02
-2.0228208E-01,1.46484E-01,6.83594E-02
-2.0226360E-01,1.46484E-01,6.83594E-02
-2.0224512E-01,1.66016E-01,4.88281E-02
-2.0222664E-01,6.83594E-02,9.76562E-03
-2.0220816E-01,1.46484E-01,-9.76562E-03
-2.0218968E-01,1.66016E-01,4.88281E-02
-2.0217120E-01,1.46484E-01,6.83594E-02
-2.0215272E-01,8.78906E-02,1.26953E-01
-2.0213424E-01,1.46484E-01,9.76562E-03
-2.0211576E-01,8.78906E-02,4.88281E-02
-2.0209728E-01,1.85547E-01,2.92969E-02
-2.0207880E-01,1.26953E-01,4.88281E-02
-2.0206032E-01,1.46484E-01,-2.92969E-02
-2.0204184E-01,1.46484E-01,2.92969E-02
-2.0202336E-01,6.83594E-02,9.76562E-03
-2.0200488E-01,8.78906E-02,-9.76562E-03
-2.0198640E-01,1.85547E-01,4.88281E-02
-2.0196792E-01,8.78906E-02,2.92969E-02
-2.0194944E-01,1.46484E-01,2.92969E-02
-2.0193096E-01,1.26953E-01,1.66016E-01
-2.0191248E-01,1.85547E-01,4.88281E-02
-2.0189400E-01,8.78906E-02,4.88281E-02
-2.0187552E-01,1.46484E-01,9.76562E-03
-2.0185704E-01,1.46484E-01,9.76562E-03
-2.0183856E-01,8.78906E-02,4.88281E-02
-2.0182008E-01,6.83594E-02,6.83594E-02
-2.0180160E-01,1.85547E-01,2.92969E-02
-2.0178312E-01,6.83594E-02,4.88281E-02
-2.0176464E-01,1.26953E-01,-2.92969E-02
-2.0174616E-01,1.07422E-01,9.76562E-03
-2.0172768E-01,1.46484E-01,-2.92969E-02
-2.0170920E-01,6.83594E-02,2.92969E-02
-2.0169072E-01,1.46484E-01,9.76562E-03
-2.0167224E-01,6.83594E-02,6.83594E-02
-2.0165376E-01,1.26953E-01,2.92969E-02
-2.0163528E-01,1.26953E-01,6.83594E-02
-2.0161680E-01,1.26953E-01,9.76562E-03
-2.0159832E-01,6.83594E-02,4.88281E-02
-2.0157984E-01,1.46484E-01,6.83594E-02
-2.0156136E-01,6.83594E-02,2.92969E-02
-2.0154288E-01,1.07422E-01,6.83594E-02
-2.0152440E-01,1.26953E-01,2.92969E-02
-2.0150592E-01,1.07422E-01,2.92969E-02
-2.0148744E-01,1.07422E-01,2.92969E-02
-2.0146896E-01,1.66016E-01,9.76562E-03
-2.0145048E-01,1.26953E-01,6.83594E-02
-2.0143200E-01,1.26953E-01,6.83594E-02
-2.0141352E-01,2.92969E-02,2.92969E-02
-2.0139504E-01,6.83594E-02,2.92969E-02
-2.0137656E-01,8.78906E-02,4.88281E-02
-2.0135808E-01,8.78906E-02,2.92969E-02
-2.0133960E-01,1.07422E-01,4.88281E-02
-2.0132112E-01,6.83594E-02,-9.76562E-03
-2.0130264E-01,8.78906E-02,4.88281E-02
-2.0128416E-01,1.46484E-01,-4.88281E-02
-2.0126568E-01,1.26953E-01,1.26953E-01
-2.0124720E-01,2.05078E-01,9.76562E-03
-2.0122872E-01,1.07422E-01,1.07422E-01
-2.0121024E-01,1.46484E-01,2.92969E-02
-2.0119176E-01,1.07422E-01,2.92969E-02
-2.0117328E-01,1.26953E-01,9.76562E-03
-2.0115480E-01,1.26953E-01,4.88281E-02
-2.0113632E-01,8.78906E-02,2.92969E-02
-2.0111784E-01,8.78906E-02,4.88281E-02
-2.0109936E-01,1.85547E-01,9.76562E-03
-2.0108088E-01,1.26953E-01,4.88281E-02
-2.0106240E-01,1.85547E-01,4.88281E-02
-2.0104392E-01,8.78906E-02,6.83594E-02
-2.0102544E-01,1.46484E-01,-9.76562E-03
-2.0100696E-01,2.92969E-02,4.88281E-02
-2.0098848E-01,1.46484E-01,9.76562E-03
-2.0097000E-01,1.66016E-01,1.07422E-01
-2.0095152E-01,1.85547E-01,-2.92969E-02
-2.0093304E-01,6.83594E-02,4.88281E-02
-2.0091456E-01,1.26953E-01,-9.76562E-03
-2.0089608E-01,8.78906E-02,4.88281E-02
-2.0087760E-01,1.46484E-01,2.92969E-02
-2.0085912E-01,1.46484E-01,6.83594E-02
-2.0084064E-01,1.46484E-01,2.92969E-02
-2.0082216E-01,1.26953E-01,6.83594E-02
-2.0080368E-01,1.85547E-01,2.92969E-02
-2.0078520E-01,8.78906E-02,2.92969E-02
-2.0076672E-01,1.46484E-01,2.92969E-02
-2.0074824E-01,1.46484E-01,9.76562E-03
-2.0072976E-01,8.78906E-02,1.07422E-01
-2.0071128E-01,6.83594E-02,6.83594E-02
-2.0069280E-01,1.66016E-01,9.76562E-03
-2.0067432E-01,1.46484E-01,6.83594E-02
-2.0065584E-01,1.66016E-01,-2.92969E-02
-2.0063736E-01,1.26953E-01,4.88281E-02
-2.0061888E-01,1.46484E-01,2.92969E-02
-2.0060040E-01,6.83594E-02,9.76562E-03
-2.0058192E-01,1.26953E-01,2.92969E-02
-2.0056344E-01,1.07422E-01,9.76562E-03
-2.0054496E-01,1.46484E-01,9.76562E-03
-2.0052648E-01,8.78906E-02,6.83594E-02
-2.0050800E-01,1.46484E-01,2.92969E-02
-2.0048952E-01,1.46484E-01,6.83594E-02
-2.0047104E-01,2.63672E-01,9.76562E-03
-2.0045256E-01,1.07422E-01,9.76562E-03
-2.0043408E-01,1.46484E-01,4.88281E-02
-2.0041560E-01,6.83594E-02,6.83594E-02
-2.0039712E-01,2.05078E-01,9.76562E-03
-2.0037864E-01,1.26953E-01,2.92969E-02
-2.0036016E-01,8.78906E-02,4.88281E-02
-2.0034168E-01,2.92969E-02,8.78906E-02
-2.0032320E-01,1.85547E-01,9.76562E-03
-2.0030472E-01,2.92969E-02,2.92969E-02
-2.0028624E-01,2.05078E-01,2.92969E-02
-2.0026776E-01,1.26953E-01,8.78906E-02
-2.0024928E-01,1.26953E-01,2.92969E-02
-2.0023080E-01,6.83594E-02,2.92969E-02
-2.0021232E-01,1.46484E-01,9.76562E-03
-2.0019384E-01,1.66016E-01,4.88281E-02
-2.0017536E-01,1.66016E-01,-9.76562E-03
-2.0015688E-01,1.26953E-01,4.88281E-02
-2.0013840E-01,1.46484E-01,4.88281E-02
-2.0011992E-01,2.24609E-01,2.92969E-02
-2.0010144E-01,1.46484E-01,4.88281E-02
-2.0008296E-01,1.26953E-01,8.78906E-02
-2.0006448E-01,1.46484E-01,-9.76562E-03
-2.0004600E-01,8.78906E-02,6.83594E-02
-2.0002752E-01,1.26953E-01,9.76562E-03
-2.0000904E-01,1.46484E-01,6.83594E-02
-1.9999056E-01,1.07422E-01,9.76562E-03
-1.9997208E-01,1.26953E-01,4.88281E-02
-1.9995360E-01,1.26953E-01,4.88281E-02
-1.9993512E-01,1.07422E-01,8.78906E-02
-1.9991664E-01,1.07422E-01,6.83594E-02
-1.9989816E-01,8.78906E-02,4.88281E-02
-1.9987968E-01,1.46484E-01,-6.83594E-02
-1.9986120E-01,1.07422E-01,1.07422E-01
-1.9984272E-01,1.07422E-01,9.76562E-03
-1.9982424E-01,1.26953E-01,8.78906E-02
-1.9980576E-01,2.05078E-01,6.83594E-02
-1.9978728E-01,8.78906E-02,8.78906E-02
-1.9976880E-01,8.78906E-02,9.76562E-03
-1.9975032E-01,1.26953E-01,6.83594E-02
-1.9973184E-01,1.66016E-01,-2.92969E-02
-1.9971336E-01,4.88281E-02,9.76562E-03
-1.9969488E-01,1.46484E-01,4.88281E-02
-1.9967640E-01,4.88281E-02,6.83594E-02
-1.9965792E-01,2.92969E-02,9.76562E-03
-1.9963944E-01,1.26953E-01,9.76562E-03
-1.9962096E-01,1.46484E-01,2.92969E-02
-1.9960248E-01,1.07422E-01,2.92969E-02
-1.9958400E-01,1.66016E-01,9.76562E-03
-1.9956552E-01,1.85547E-01,4.88281E-02
-1.9954704E-01,1.46484E-01,4.88281E-02
-1.9952856E-01,1.46484E-01,9.76562E-03
-1.9951008E-01,2.05078E-01,-2.92969E-02
-1.9949160E-01,1.26953E-01,4.88281E-02
-1.9947312E-01,1.46484E-01,4.88281E-02
-1.9945464E-01,1.46484E-01,2.92969E-02
-1.9943616E-01,1.46484E-01,9.76562E-03
-1.9941768E-01,1.26953E-01,2.92969E-02
-1.9939920E-01,2.05078E-01,9.76562E-03
-1.9938072E-01,8.78906E-02,1.07422E-01
-1.9936224E-01,1.26953E-01,6.83594E-02
-1.9934376E-01,1.07422E-01,2.92969E-02
-1.9932528E-01,1.07422E-01,2.92969E-02
-1.9930680E-01,1.26953E-01,8.78906E-02
-1.9928832E-01,8.78906E-02,4.88281E-02
-1.9926984E-01,1.26953E-01,4.88281E-02
-1.9925136E-01,1.85547E-01,6.83594E-02
-1.9923288E-01,1.07422E-01,6.83594E-02
-1.9921440E-01,1.46484E-01,9.76562E-03
-1.9919592E-01,6.83594E-02,6.83594E-02
-1.9917744E-01,1.66016E-01,4.88281E-02
-1.9915896E-01,1.07422E-01,6.83594E-02
-1.9914048E-01,2.05078E-01,9.76562E-03
-1.9912200E-01,1.46484E-01,4.88281E-02
-1.9910352E-01,1.46484E-01,8.78906E-02
-1.9908504E-01,1.46484E-01,2.92969E-02
-1.9906656E-01,2.05078E-01,9.76562E-03
-1.9904808E-01,1.07422E-01,2.92969E-02
-1.9902960E-01,1.46484E-01,2.92969E-02
-1.9901112E-01,1.26953E-01,1.07422E-01
-1.9899264E-01,1.66016E-01,2.92969E-02
-1.9897416E-01,8.78906E-02,9.76562E-03
-1.9895568E-01,2.24609E-01,4.88281E-02
-1.9893720E-01,8.78906E-02,4.88281E-02
-1.9891872E-01,1.46484E-01,9.76562E-03
-1.9890024E-01,6.83594E-02,4.88281E-02
-1.9888176E-01,8.78906E-02,2.92969E-02
-1.9886328E-01,1.26953E-01,4.88281E-02
-1.9884480E-01,2.05078E-01,-4.88281E-02
-1.9882632E-01,1.26953E-01,9.76562E-03
-1.9880784E-01,1.66016E-01,2.92969E-02
-1.9878936E-01,1.07422E-01,4.88281E-02
-1.9877088E-01,1.46484E-01,-9.76562E-03
-1.9875240E-01,1.07422E-01,4.88281E-02
-1.9873392E-01,1.07422E-01,4.88281E-02
-1.9871544E-01,8.78906E-02,6.83594E-02
-1.9869696E-01,2.05078E-01,4.88281E-02
-1.9867848E-01,1.07422E-01,8.78906E-02
-1.9866000E-01,1.26953E-01,4.88281E-02
-1.9864152E-01,1.26953E-01,9.76562E-03
-1.9862304E-01,1.46484E-01,9.76562E-03
-1.9860456E-01,1.26953E-01,2.92969E-02
-1.9858608E-01,1.46484E-01,6.83594E-02
-1.9856760E-01,2.92969E-02,-9.76562E-03
-1.9854912E-01,1.46484E-01,9.76562E-03
-1.9853064E-01,1.07422E-01,1.07422E-01
-1.9851216E-01,1.26953E-01,-9.76562E-03
-1.9849368E-01,1.26953E-01,9.76562E-03
-1.9847520E-01,2.05078E-01,-9.76562E-03
-1.9845672E-01,2.05078E-01,6.83594E-02
-1.9843824E-01,2.24609E-01,9.76562E-03
-1.9841976E-01,1.26953E-01,8.78906E-02
-1.9840128E-01,1.85547E-01,2.92969E-02
-1.9838280E-01,1.66016E-01,2.92969E-02
-1.9836432E-01,1.85547E-01,9.76562E-03
-1.9834584E-01,1.85547E-01,6.83594E-02
-1.9832736E-01,1.46484E-01,4.88281E-02
-1.9830888E-01,1.07422E-01,6.83594E-02
-1.9829040E-01,1.07422E-01,2.92969E-02
-1.9827192E-01,1.46484E-01,2.92969E-02
-1.9825344E-01,1.26953E-01,-2.92969E-02
-1.9823496E-01,2.05078E-01,6.83594E-02
-1.9821648E-01,1.46484E-01,2.92969E-02
-1.9819800E-01,8.78906E-02,9.76562E-03
-1.9817952E-01,1.26953E-01,-2.92969E-02
-1.9816104E-01,8.78906E-02,4.88281E-02
-1.9814256E-01,1.46484E-01,-4.88281E-02
-1.9812408E-01,1.07422E-01,4.88281E-02
-1.9810560E-01,1.26953E-01,2.92969E-02
-1.9808712E-01,1.26953E-01,6.83594E-02
-1.9806864E-01,1.46484E-01,-2.92969E-02
-1.9805016E-01,1.66016E-01,6.83594E-02
-1.9803168E-01,2.05078E-01,2.92969E-02
-1.9801320E-01,1.26953E-01,2.92969E-02
-1.9799472E-01,1.07422E-01,9.76562E-03
-1.9797624E-01,1.26953E-01,6.83594E-02
-1.9795776E-01,1.85547E-01,9.76562E-03
-1.9793928E-01,1.46484E-01,4.88281E-02
-1.9792080E-01,1.66016E-01,9.76562E-03
-1.9790232E-01,1.26953E-01,1.07422E-01
-1.9788384E-01,1.26953E-01,4.88281E-02
-1.9786536E-01,1.07422E-01,9.76562E-03
-1.9784688E-01,1.85547E-01,9.76562E-03
-1.9782840E-01,1.07422E-01,4.88281E-02
-1.9780992E-01,2.05078E-01,9.76562E-03
-1.9779144E-01,1.46484E-01,4.88281E-02
-1.9777296E-01,1.85547E-01,4.88281E-02
-1.9775448E-01,1.46484E-01,9.76562E-03
-1.9773600E-01,1.07422E-01,2.92969E-02
-1.9771752E-01,1.07422E-01,2.92969E-02
-1.9769904E-01,1.46484E-01,2.92969E-02
-1.9768056E-01,1.26953E-01,4.88281E-02
-1.9766208E-01,1.85547E-01,-9.76562E-03
-1.9764360E-01,1.26953E-01,8.78906E-02
-1.9762512E-01,2.24609E-01,9.76562E-03
-1.9760664E-01,1.85547E-01,6.83594E-02
-1.9758816E-01,1.66016E-01,-9.76562E-03
-1.9756968E-01,6.83594E-02,4.88281E-02
-1.9755120E-01,1.46484E-01,9.76562E-03
-1.9753272E-01,1.66016E-01,6.83594E-02
-1.9751424E-01,1.46484E-01,2.92969E-02
-1.9749576E-01,4.88281E-02,8.78906E-02
-1.9747728E-01,2.05078E-01,-9.76562E-03
-1.9745880E-01,1.46484E-01,4.88281E-02
-1.9744032E-01,1.46484E-01,-2.92969E-02
-1.9742184E-01,1.85547E-01,2.92969E-02
-1.9740336E-01,1.46484E-01,-9.76562E-03
-1.9738488E-01,8.78906E-02,-9.76562E-03
-1.9736640E-01,1.66016E-01,6.83594E-02
-1.9734792E-01,1.07422E-01,2.92969E-02
-1.9732944E-01,1.07422E-01,4.88281E-02
-1.9731096E-01,6.83594E-02,2.92969E-02
-1.9729248E-01,1.66016E-01,4.88281E-02
-1.9727400E-01,1.46484E-01,9.76562E-03
-1.9725552E-01,1.66016E-01,4.88281E-02
-1.9723704E-01,1.26953E-01,4.88281E-02
-1.9721856E-01,1.46484E-01,4.88281E-02
-1.9720008E-01,1.07422E-01,1.07422E-01
-1.9718160E-01,1.07422E-01,4.88281E-02
-1.9716312E-01,1.07422E-01,9.76562E-03
-1.9714464E-01,2.05078E-01,2.92969E-02
-1.9712616E-01,1.46484E-01,2.92969E-02
-1.9710768E-01,2.05078E-01,-2.92969E-02
-1.9708920E-01,1.07422E-01,4.88281E-02
-1.9707072E-01,1.46484E-01,-9.76562E-03
-1.9705224E-01,1.85547E-01,-4.88281E-02
-1.9703376E-01,1.46484E-01,9.76562E-03
-1.9701528E-01,6.83594E-02,4.88281E-02
-1.9699680E-01,1.66016E-01,2.92969E-02
-1.9697832E-01,8.78906E-02,8.78906E-02
-1.9695984E-01,1.46484E-01,4.88281E-02
-1.9694136E-01,1.46484E-01,6.83594E-02
-1.9692288E-01,2.63672E-01,-2.92969E-02
-1.9690440E-01,1.46484E-01,9.76562E-03
-1.9688592E-01,1.66016E-01,1.07422E-01
-1.9686744E-01,1.07422E-01,6.83594E-02
-1.9684896E-01,1.85547E-01,2.92969E-02
-1.9683048E-01,6.83594E-02,4.88281E-02
-1.9681200E-01,1.46484E-01,9.76562E-03
-1.9679352E-01,1.46484E-01,9.76562E-03
-1.9677504E-01,1.66016E-01,-9.76562E-03
-1.9675656E-01,6.83594E-02,2.92969E-02
-1.9673808E-01,1.26953E-01,4.88281E-02
-1.9671960E-01,1.26953E-01,4.88281E-02
-1.9670112E-01,2.05078E-01,4.88281E-02
-1.9668264E-01,1.07422E-01,2.92969E-02
-1.9666416E-01,1.66016E-01,2.92969E-02
-1.9664568E-01,6.83594E-02,4.88281E-02
-1.9662720E-01,1.66016E-01,2.92969E-02
-1.9660872E-01,1.07422E-01,1.07422E-01
-1.9659024E-01,1.46484E-01,6.83594E-02
-1.9657176E-01,1.46484E-01,6.83594E-02
-1.9655328E-01,1.46484E-01,-9.76562E-03
-1.9653480E-01,1.46484E-01,-4.88281E-02
-1.9651632E-01,1.66016E-01,6.83594E-02
-1.9649784E-01,1.07422E-01,2.92969E-02
-1.9647936E-01,1.85547E-01,9.76562E-03
-1.9646088E-01,1.26953E-01,2.92969E-02
-1.9644240E-01,1.46484E-01,-9.76562E-03
-1.9642392E-01,1.46484E-01,2.92969E-02
-1.9640544E-01,1.66016E-01,2.92969E-02
-1.9638696E-01,1.07422E-01,6.83594E-02
-1.9636848E-01,1.66016E-01,9.76562E-03
-1.9635000E-01,8.78906E-02,4.88281E-02
-1.9633152E-01,1.46484E-01,1.07422E-01
-1.9631304E-01,1.26953E-01,4.88281E-02
-1.9629456E-01,1.46484E-01,-9.76562E-03
-1.9627608E-01,8.78906E-02,2.92969E-02
-1.9625760E-01,1.46484E-01,9.76562E-03
-1.9623912E-01,1.85547E-01,6.83594E-02
-1.9622064E-01,1.85547E-01,9.76562E-03
-1.9620216E-01,8.78906E-02,-2.92969E-02
-1.9618368E-01,8.78906E-02,4.88281E-02
-1.9616520E-01,1.46484E-01,2.92969E-02
-1.9614672E-01,1.66016E-01,6.83594E-02
-1.9612824E-01,1.66016E-01,8.78906E-02
-1.9610976E-01,1.26953E-01,2.92969E-02
-1.9609128E-01,4.88281E-02,2.92969E-02
-1.9607280E-01,1.26953E-01,9.76562E-03
-1.9605432E-01,8.78906E-02,4.88281E-02
-1.9603584E-01,1.46484E-01,9.76562E-03
-1.9601736E-01,1.85547E-01,9.76562E-03
-1.9599888E-01,2.05078E-01,4.88281E-02
-1.9598040E-01,1.07422E-01,9.76562E-03
-1.9596192E-01,1.46484E-01,-4.88281E-02
-1.9594344E-01,1.26953E-01,6.83594E-02
-1.9592496E-01,8.78906E-02,4.88281E-02
-1.9590648E-01,8.78906E-02,6.83594E-02
-1.9588800E-01,1.46484E-01,2.92969E-02
-1.9586952E-01,1.46484E-01,-2.92969E-02
-1.9585104E-01,1.46484E-01,2.92969E-02
-1.9583256E-01,8.78906E-02,2.92969E-02
-1.9581408E-01,1.66016E-01,4.88281E-02
-1.9579560E-01,8.78906E-02,6.83594E-02
-1.9577712E-01,1.07422E-01,9.76562E-03
-1.9575864E-01,1.07422E-01,4.88281E-02
-1.9574016E-01,1.66016E-01,6.83594E-02
-1.9572168E-01,1.46484E-01,9.76562E-03
-1.9570320E-01,1.26953E-01,9.76562E-03
-1.9568472E-01,1.26953E-01,6.83594E-02
-1.9566624E-01,1.66016E-01,2.92969E-02
-1.9564776E-01,1.26953E-01,2.92969E-02
-1.9562928E-01,2.05078E-01,9.76562E-03
-1.9561080E-01,1.26953E-01,2.92969E-02
-1.9559232E-01,1.46484E-01,4.88281E-02
-1.9557384E-01,1.26953E-01,4.88281E-02
-1.9555536E-01,1.85547E-01,4.88281E-02
-1.9553688E-01,1.46484E-01,2.92969E-02
-1.9551840E-01,1.46484E-01,4.88281E-02
-1.9549992E-01,1.26953E-01,4.88281E-02
-1.9548144E-01,1.46484E-01,4.88281E-02
-1.9546296E-01,1.26953E-01,2.92969E-02
-1.9544448E-01,2.05078E-01,4.88281E-02
-1.9542600E-01,8.78906E-02,4.88281E-02
-1.9540752E-01,2.05078E-01,4.88281E-02
-1.9538904E-01,6.83594E-02,4.88281E-02
-1.9537056E-01,2.24609E-01,-4.88281E-02
-1.9535208E-01,1.26953E-01,6.83594E-02
-1.9533360E-01,8.78906E-02,-9.76562E-03
-1.9531512E-01,1.07422E-01,2.92969E-02
-1.9529664E-01,1.66016E-01,-9.76562E-03
-1.9527816E-01,8.78906E-02,4.88281E-02
-1.9525968E-01,1.85547E-01,9.76562E-03
-1.9524120E-01,8.78906E-02,2.92969E-02
-1.9522272E-01,1.85547E-01,9.76562E-03
-1.9520424E-01,1.26953E-01,6.83594E-02
-1.9518576E-01,1.07422E-01,2.92969E-02
-1.9516728E-01,1.07422E-01,2.92969E-02
-1.9514880E-01,1.46484E-01,-9.76562E-03
-1.9513032E-01,1.46484E-01,6.83594E-02
-1.9511184E-01,1.85547E-01,4.88281E-02
-1.9509336E-01,1.26953E-01,1.07422E-01
-1.9507488E-01,1.46484E-01,2.92969E-02
-1.9505640E-01,1.26953E-01,2.92969E-02
-1.9503792E-01,2.05078E-01,-9.76562E-03
-1.9501944E-01,1.07422E-01,4.88281E-02
-1.9500096E-01,1.85547E-01,-9.76562E-03
-1.9498248E-01,1.46484E-01,8.78906E-02
-1.9496400E-01,1.46484E-01,4.88281E-02
-1.9494552E-01,8.78906E-02,4.88281E-02
-1.9492704E-01,1.46484E-01,9.76562E-03
-1.9490856E-01,6.83594E-02,6.83594E-02
-1.9489008E-01,1.26953E-01,4.88281E-02
-1.9487160E-01,1.66016E-01,1.07422E-01
-1.9485312E-01,2.05078E-01,-9.76562E-03
-1.9483464E-01,1.26953E-01,1.07422E-01
-1.9481616E-01,1.85547E-01,9.76562E-03
-1.9479768E-01,1.07422E-01,4.88281E-02
-1.9477920E-01,1.46484E-01,2.92969E-02
-1.9476072E-01,1.46484E-01,6.83594E-02
-1.9474224E-01,1.46484E-01,2.92969E-02
-1.9472376E-01,1.85547E-01,9.76562E-03
-1.9470528E-01,1.66016E-01,4.88281E-02
-1.9468680E-01,6.83594E-02,2.92969E-02
-1.9466832E-01,1.85547E-01,9.76562E-03
-1.9464984E-01,1.26953E-01,6.83594E-02
-1.9463136E-01,1.66016E-01,2.92969E-02
-1.9461288E-01,1.46484E-01,4.88281E-02
-1.9459440E-01,1.46484E-01,9.76562E-03
-1.9457592E-01,1.26953E-01,9.76562E-03
-1.9455744E-01,2.24609E-01,2.92969E-02
-1.9453896E-01,1.46484E-01,-4.88281E-02
-1.9452048E-01,1.46484E-01,2.92969E-02
-1.9450200E-01,8.78906E-02,4.88281E-02
-1.9448352E-01,1.46484E-01,2.92969E-02
-1.9446504E-01,1.07422E-01,6.83594E-02
-1.9444656E-01,2.24609E-01,2.92969E-02
-1.9442808E-01,1.46484E-01,9.76562E-03
-1.9440960E-01,1.26953E-01,9.76562E-03
-1.9439112E-01,1.66016E-01,1.07422E-01
-1.9437264E-01,6.83594E-02,9.76562E-03
-1.9435416E-01,8.78906E-02,4.88281E-02
-1.9433568E-01,2.05078E-01,-9.76562E-03
-1.9431720E-01,1.07422E-01,2.92969E-02
-1.9429872E-01,1.26953E-01,4.88281E-02
-1.9428024E-01,1.07422E-01,2.92969E-02
-1.9426176E-01,1.46484E-01,6.83594E-02
-1.9424328E-01,1.07422E-01,2.92969E-02
-1.9422480E-01,1.46484E-01,4.88281E-02
-1.9420632E-01,1.46484E-01,4.88281E-02
-1.9418784E-01,1.85547E-01,9.76562E-03
-1.9416936E-01,2.05078E-01,2.92969E-02
-1.9415088E-01,2.24609E-01,9.76562E-03
-1.9413240E-01,2.05078E-01,6.83594E-02
-1.9411392E-01,2.05078E-01,9.76562E-03
-1.9409544E-01,1.07422E-01,6.83594E-02
-1.9407696E-01,1.66016E-01,9.76562E-03
-1.9405848E-01,1.07422E-01,6.83594E-02
-1.9404000E-01,1.26953E-01,4.88281E-02
-1.9402152E-01,2.05078E-01,2.92969E-02
-1.9400304E-01,2.24609E-01,4.88281E-02
-1.9398456E-01,1.26953E-01,2.92969E-02
-1.9396608E-01,2.05078E-01,2.92969E-02
-1.9394760E-01,6.83594E-02,6.83594E-02
-1.9392912E-01,1.66016E-01,9.76562E-03
-1.9391064E-01,1.66016E-01,9.76562E-03
-1.9389216E-01,1.46484E-01,-2.92969E-02
-1.9387368E-01,1.66016E-01,2.92969E-02
-1.9385520E-01,1.66016E-01,2.92969E-02
-1.9383672E-01,1.07422E-01,4.88281E-02
-1.9381824E-01,1.26953E-01,-9.76562E-03
-1.9379976E-01,1.26953E-01,1.07422E-01
-1.9378128E-01,1.46484E-01,2.92969E-02
-1.9376280E-01,1.66016E-01,6.83594E-02
-1.9374432E-01,2.63672E-01,-9.76562E-03
-1.9372584E-01,4.88281E-02,6.83594E-02
-1.9370736E-01,1.85547E-01,4.88281E-02
-1.9368888E-01,1.46484E-01,4.88281E-02
-1.9367040E-01,1.66016E-01,-2.92969E-02
-1.9365192E-01,1.26953E-01,9.76562E-03
-1.9363344E-01,1.46484E-01,9.76562E-03
-1.9361496E-01,1.26953E-01,6.83594E-02
-1.9359648E-01,1.85547E-01,9.76562E-03
-1.9357800E-01,6.83594E-02,4.88281E-02
-1.9355952E-01,2.24609E-01,2.92969E-02
-1.9354104E-01,1.66016E-01,-9.76562E-03
-1.9352256E-01,1.46484E-01,4.88281E-02
-1.9350408E-01,1.46484E-01,2.92969E-02
-1.9348560E-01,1.46484E-01,9.76562E-03
-1.9346712E-01,1.66016E-01,6.83594E-02
-1.9344864E-01,1.46484E-01,-2.92969E-02
-1.9343016E-01,1.66016E-01,-4.88281E-02
-1.9341168E-01,1.66016E-01,6.83594E-02
-1.9339320E-01,1.66016E-01,4.88281E-02
-1.9337472E-01,2.05078E-01,9.76562E-03
-1.9335624E-01,1.46484E-01,9.76562E-03
-1.9333776E-01,1.46484E-01,-9.76562E-03
-1.9331928E-01,1.46484E-01,4.88281E-02
-1.9330080E-01,2.05078E-01,1.07422E-01
-1.9328232E-01,1.46484E-01,9.76562E-03
-1.9326384E-01,1.46484E-01,9.76562E-03
-1.9324536E-01,1.26953E-01,6.83594E-02
-1.9322688E-01,1.66016E-01,9.76562E-03
-1.9320840E-01,1.46484E-01,1.07422E-01
-1.9318992E-01,2.05078E-01,4.88281E-02
-1.9317144E-01,6.83594E-02,2.92969E-02
-1.9315296E-01,1.66016E-01,9.76562E-03
-1.9313448E-01,1.46484E-01,2.92969E-02
-1.9311600E-01,1.07422E-01,4.88281E-02
-1.9309752E-01,1.07422E-01,2.92969E-02
-1.9307904E-01,1.85547E-01,-9.76562E-03
-1.9306056E-01,1.85547E-01,1.46484E-01
-1.9304208E-01,1.66016E-01,2.92969E-02
-1.9302360E-01,1.07422E-01,2.92969E-02
-1.9300512E-01,1.46484E-01,-9.76562E-03
-1.9298664E-01,1.26953E-01,6.83594E-02
-1.9296816E-01,1.66016E-01,-9.76562E-03
-1.9294968E-01,1.85547E-01,9.76562E-03
-1.9293120E-01,1.66016E-01,-4.88281E-02
-1.9291272E-01,8.78906E-02,4.88281E-02
-1.9289424E-01,1.85547E-01,9.76562E-03
-1.9287576E-01,1.07422E-01,-9.76562E-03
-1.9285728E-01,1.66016E-01,2.92969E-02
-1.9283880E-01,1.66016E-01,2.92969E-02
-1.9282032E-01,1.66016E-01,4.88281E-02
-1.9280184E-01,1.07422E-01,4.88281E-02
-1.9278336E-01,1.26953E-01,4.88281E-02
-1.9276488E-01,1.07422E-01,2.92969E-02
-1.9274640E-01,1.46484E-01,4.88281E-02
-1.9272792E-01,2.05078E-01,9.76562E-03
-1.9270944E-01,1.66016E-01,4.88281E-02
-1.9269096E-01,1.26953E-01,9.76562E-03
-1.9267248E-01,1.46484E-01,4.88281E-02
-1.9265400E-01,8.78906E-02,6.83594E-02
-1.9263552E-01,1.66016E-01,4.88281E-02
-1.9261704E-01,1.26953E-01,4.88281E-02
-1.9259856E-01,2.24609E-01,-4.88281E-02
-1.9258008E-01,1.46484E-01,9.76562E-03
-1.9256160E-01,1.46484E-01,9.76562E-03
-1.9254312E-01,1.46484E-01,1.26953E-01
-1.9252464E-01,1.46484E-01,4.88281E-02
-1.9250616E-01,1.07422E-01,6.83594E-02
-1.9248768E-01,1.66016E-01,2.92969E-02
-1.9246920E-01,1.46484E-01,9.76562E-03
-1.9245072E-01,1.66016E-01,9.76562E-03
-1.9243224E-01,1.07422E-01,9.76562E-03
-1.9241376E-01,2.24609E-01,9.76562E-03
-1.9239528E-01,1.46484E-01,4.88281E-02
-1.9237680E-01,1.46484E-01,2.92969E-02
-1.9235832E-01,1.46484E-01,1.26953E-01
-1.9233984E-01,2.05078E-01,2.92969E-02
-1.9232136E-01,1.46484E-01,-2.92969E-02
-1.9230288E-01,1.66016E-01,9.76562E-03
-1.9228440E-01,1.46484E-01,4.88281E-02
-1.9226592E-01,1.85547E-01,4.88281E-02
-1.9224744E-01,1.85547E-01,4.88281E-02
-1.9222896E-01,1.46484E-01,9.76562E-03
-1.9221048E-01,2.05078E-01,2.92969E-02
-1.9219200E-01,1.46484E-01,-9.76562E-03
-1.9217352E-01,1.26953E-01,4.88281E-02
-1.9215504E-01,1.85547E-01,9.76562E-03
-1.9213656E-01,1.66016E-01,2.92969E-02
-1.9211808E-01,1.66016E-01,4.88281E-02
-1.9209960E-01,1.46484E-01,6.83594E-02
-1.9208112E-01,2.05078E-01,-9.76562E-03
-1.9206264E-01,6.83594E-02,6.83594E-02
-1.9204416E-01,2.05078E-01,6.83594E-02
-1.9202568E-01,1.46484E-01,6.83594E-02
-1.9200720E-01,2.05078E-01,2.92969E-02
-1.9198872E-01,1.26953E-01,2.92969E-02
-1.9197024E-01,1.07422E-01,9.76562E-03
-1.9195176E-01,1.26953E-01,6.83594E-02
-1.9193328E-01,1.66016E-01,9.76562E-03
-1.9191480E-01,1.46484E-01,-4.88281E-02
-1.9189632E-01,1.66016E-01,-4.88281E-02
-1.9187784E-01,1.66016E-01,9.76562E-03
-1.9185936E-01,1.46484E-01,9.76562E-03
-1.9184088E-01,1.26953E-01,4.88281E-02
-1.9182240E-01,1.46484E-01,9.76562E-03
-1.9180392E-01,8.78906E-02,6.83594E-02
-1.9178544E-01,2.05078E-01,9.76562E-03
-1.9176696E-01,1.66016E-01,4.88281E-02
-1.9174848E-01,2.05078E-01,-9.76562E-03
-1.9173000E-01,1.46484E-01,2.92969E-02
-1.9171152E-01,1.46484E-01,-9.76562E-03
-1.9169304E-01,1.66016E-01,4.88281E-02
-1.9167456E-01,1.46484E-01,9.76562E-03
-1.9165608E-01,1.26953E-01,2.92969E-02
-1.9163760E-01,1.85547E-01,2.92969E-02
-1.9161912E-01,2.05078E-01,1.26953E-01
-1.9160064E-01,1.46484E-01,9.76562E-03
-1.9158216E-01,1.66016E-01,9.76562E-03
-1.9156368E-01,1.85547E-01,-2.92969E-02
-1.9154520E-01,1.85547E-01,2.92969E-02
-1.9152672E-01,1.66016E-01,-9.76562E-03
-1.9150824E-01,1.46484E-01,6.83594E-02
-1.9148976E-01,1.46484E-01,-2.92969E-02
-1.9147128E-01,1.46484E-01,9.76562E-03
-1.9145280E-01,2.05078E-01,9.76562E-03
-1.9143432E-01,2.24609E-01,9.76562E-03
-1.9141584E-01,1.66016E-01,4.88281E-02
-1.9139736E-01,1.07422E-01,9.76562E-03
-1.9137888E-01,1.85547E-01,2.92969E-02
-1.9136040E-01,2.24609E-01,2.92969E-02
-1.9134192E-01,2.05078E-01,-4.88281E-02
-1.9132344E-01,2.05078E-01,4.88281E-02
-1.9130496E-01,2.63672E-01,2.92969E-02
-1.9128648E-01,2.24609E-01,9.76562E-03
-1.9126800E-01,1.66016E-01,9.76562E-03
-1.9124952E-01,6.83594E-02,4.88281E-02
-1.9123104E-01,1.66016E-01,9.76562E-03
-1.9121256E-01,2.05078E-01,6.83594E-02
-1.9119408E-01,2.24609E-01,9.76562E-03
-1.9117560E-01,1.66016E-01,6.83594E-02
-1.9115712E-01,1.46484E-01,-2.92969E-02
-1.9113864E-01,1.26953E-01,6.83594E-02
-1.9112016E-01,2.44141E-01,4.88281E-02
-1.9110168E-01,1.26953E-01,6.83594E-02
-1.9108320E-01,2.05078E-01,6.83594E-02
-1.9106472E-01,2.05078E-01,1.26953E-01
-1.9104624E-01,1.85547E-01,2.92969E-02
-1.9102776E-01,1.26953E-01,4.88281E-02
-1.9100928E-01,1.66016E-01,6.83594E-02
-1.9099080E-01,1.46484E-01,8.78906E-02
-1.9097232E-01,1.85547E-01,-9.76562E-03
-1.9095384E-01,1.26953E-01,2.92969E-02
-1.9093536E-01,1.46484E-01,4.88281E-02
-1.9091688E-01,1.66016E-01,-9.76562E-03
-1.9089840E-01,1.66016E-01,4.88281E-02
-1.9087992E-01,1.46484E-01,6.83594E-02
-1.9086144E-01,2.05078E-01,4.88281E-02
-1.9084296E-01,1.66016E-01,6.83594E-02
-1.9082448E-01,2.05078E-01,2.92969E-02
-1.9080600E-01,1.66016E-01,6.83594E-02
-1.9078752E-01,1.85547E-01,-2.92969E-02
-1.9076904E-01,1.26953E-01,4.88281E-02
-1.9075056E-01,2.63672E-01,4.88281E-02
-1.9073208E-01,1.26953E-01,2.92969E-02
-1.9071360E-01,1.46484E-01,-2.92969E-02
-1.9069512E-01,2.24609E-01,9.76562E-03
-1.9067664E-01,2.44141E-01,9.76562E-03
-1.9065816E-01,1.66016E-01,1.46484E-01
-1.9063968E-01,2.44141E-01,2.92969E-02
-1.9062120E-01,8.78906E-02,2.92969E-02
-1.9060272E-01,1.46484E-01,8.78906E-02
-1.9058424E-01,1.26953E-01,1.07422E-01
-1.9056576E-01,1.85547E-01,2.92969E-02
-1.9054728E-01,1.46484E-01,4.88281E-02
-1.9052880E-01,1.26953E-01,2.92969E-02
-1.9051032E-01,1.85547E-01,9.76562E-03
-1.9049184E-01,1.46484E-01,-2.92969E-02
-1.9047336E-01,1.07422E-01,4.88281E-02
-1.9045488E-01,1.66016E-01,4.88281E-02
-1.9043640E-01,1.46484E-01,6.83594E-02
-1.9041792E-01,1.26953E-01,9.76562E-03
-1.9039944E-01,1.85547E-01,2.92969E-02
-1.9038096E-01,1.85547E-01,9.76562E-03
-1.9036248E-01,2.63672E-01,2.92969E-02
-1.9034400E-01,2.24609E-01,2.92969E-02
-1.9032552E-01,2.24609E-01,6.83594E-02
-1.9030704E-01,2.24609E-01,-4.88281E-02
-1.9028856E-01,1.66016E-01,6.83594E-02
-1.9027008E-01,2.05078E-01,9.76562E-03
-1.9025160E-01,8.78906E-02,6.83594E-02
-1.9023312E-01,1.46484E-01,4.88281E-02
-1.9021464E-01,1.66016E-01,4.88281E-02
-1.9019616E-01,1.85547E-01,2.92969E-02
-1.9017768E-01,1.66016E-01,-9.76562E-03
-1.9015920E-01,2.05078E-01,-9.76562E-03
-1.9014072E-01,1.26953E-01,4.88281E-02
-1.9012224E-01,1.66016E-01,9.76562E-03
-1.9010376E-01,1.85547E-01,2.92969E-02
-1.9008528E-01,1.85547E-01,6.83594E-02
-1.9006680E-01,1.85547E-01,6.83594E-02
-1.9004832E-01,2.05078E-01,9.76562E-03
-1.9002984E-01,1.46484E-01,4.88281E-02
-1.9001136E-01,1.46484E-01,-9.76562E-03
-1.8999288E-01,2.24609E-01,-9.76562E-03
-1.8997440E-01,1.66016E-01,4.88281E-02
-1.8995592E-01,1.85547E-01,2.92969E-02
-1.8993744E-01,2.05078E-01,2.92969E-02
-1.8991896E-01,2.05078E-01,2.92969E-02
-1.8990048E-01,2.24609E-01,8.78906E-02
-1.8988200E-01,1.26953E-01,4.88281E-02
-1.8986352E-01,1.46484E-01,-2.92969E-02
-1.8984504E-01,1.46484E-01,9.76562E-03
-1.8982656E-01,1.46484E-01,2.92969E-02
-1.8980808E-01,1.85547E-01,6.83594E-02
-1.8978960E-01,2.44141E-01,4.88281E-02
-1.8977112E-01,1.07422E-01,4.88281E-02
-1.8975264E-01,2.83203E-01,9.76562E-03
-1.8973416E-01,1.85547E-01,6.83594E-02
-1.8971568E-01,1.26953E-01,2.92969E-02
-1.8969720E-01,1.46484E-01,4.88281E-02
-1.8967872E-01,2.05078E-01,2.92969E-02
-1.8966024E-01,1.66016E-01,9.76562E-03
-1.8964176E-01,1.66016E-01,9.76562E-03
-1.8962328E-01,1.46484E-01,2.92969E-02
-1.8960480E-01,2.44141E-01,2.92969E-02
-1.8958632E-01,1.85547E-01,2.92969E-02
-1.8956784E-01,1.46484E-01,9.76562E-03
-1.8954936E-01,1.66016E-01,4.88281E-02
-1.8953088E-01,1.46484E-01,6.83594E-02
-1.8951240E-01,1.26953E-01,2.92969E-02
-1.8949392E-01,2.05078E-01,2.92969E-02
-1.8947544E-01,1.46484E-01,6.83594E-02
-1.8945696E-01,2.05078E-01,9.76562E-03
-1.8943848E-01,1.07422E-01,2.92969E-02
-1.8942000E-01,2.05078E-01,-2.92969E-02
-1.8940152E-01,1.26953E-01,6.83594E-02
-1.8938304E-01,1.85547E-01,2.92969E-02
-1.8936456E-01,1.46484E-01,2.92969E-02
-1.8934608E-01,1.66016E-01,9.76562E-03
-1.8932760E-01,1.46484E-01,2.92969E-02
-1.8930912E-01,2.05078E-01,2.92969E-02
-1.8929064E-01,1.85547E-01,2.92969E-02
-1.8927216E-01,2.24609E-01,9.76562E-03
-1.8925368E-01,1.26953E-01,6.83594E-02
-1.8923520E-01,2.05078E-01,2.92969E-02
-1.8921672E-01,1.85547E-01,9.76562E-03
-1.8919824E-01,1.66016E-01,9.76562E-03
-1.8917976E-01,1.46484E-01,2.92969E-02
-1.8916128E-01,1.46484E-01,6.83594E-02
-1.8914280E-01,1.46484E-01,6.83594E-02
-1.8912432E-01,1.85547E-01,9.76562E-03
-1.8910584E-01,1.66016E-01,-9.76562E-03
-1.8908736E-01,1.85547E-01,-9.76562E-03
-1.8906888E-01,1.26953E-01,6.83594E-02
-1.8905040E-01,1.66016E-01,2.92969E-02
-1.8903192E-01,1.46484E-01,2.92969E-02
-1.8901344E-01,2.05078E-01,-9.76562E-03
-1.8899496E-01,1.26953E-01,2.92969E-02
-1.8897648E-01,2.83203E-01,9.76562E-03
-1.8895800E-01,1.26953E-01,6.83594E-02
-1.8893952E-01,2.05078E-01,2.92969E-02
-1.8892104E-01,1.85547E-01,-2.92969E-02
-1.8890256E-01,1.46484E-01,9.76562E-03
-1.8888408E-01,1.85547E-01,8.78906E-02
-1.8886560E-01,1.66016E-01,9.76562E-03
-1.8884712E-01,8.78906E-02,2.92969E-02
-1.8882864E-01,2.05078E-01,-4.88281E-02
-1.8881016E-01,1.07422E-01,9.76562E-03
-1.8879168E-01,2.05078E-01,9.76562E-03
-1.8877320E-01,1.66016E-01,9.76562E-03
-1.8875472E-01,1.85547E-01,2.92969E-02
-1.8873624E-01,1.66016E-01,9.76562E-03
-1.8871776E-01,2.24609E-01,2.92969E-02
-1.8869928E-01,1.66016E-01,4.88281E-02
-1.8868080E-01,2.05078E-01,9.76562E-03
-1.8866232E-01,1.46484E-01,2.92969E-02
-1.8864384E-01,2.05078E-01,2.92969E-02
-1.8862536E-01,1.85547E-01,-4.88281E-02
-1.8860688E-01,2.05078E-01,4.88281E-02
-1.8858840E-01,2.24609E-01,4.88281E-02
-1.8856992E-01,2.24609E-01,4.88281E-02
-1.8855144E-01,1.46484E-01,4.88281E-02
-1.8853296E-01,2.44141E-01,4.88281E-02
-1.8851448E-01,1.26953E-01,8.78906E-02
-1.8849600E-01,2.24609E-01,2.92969E-02
-1.8847752E-01,1.46484E-01,9.76562E-03
-1.8845904E-01,2.05078E-01,6.83594E-02
-1.8844056E-01,1.46484E-01,2.92969E-02
-1.8842208E-01,2.24609E-01,4.88281E-02
-1.8840360E-01,1.26953E-01,2.92969E-02
-1.8838512E-01,1.46484E-01,2.92969E-02
-1.8836664E-01,1.66016E-01,6.83594E-02
-1.8834816E-01,1.46484E-01,9.76562E-03
-1.8832968E-01,1.85547E-01,-4.88281E-02
-1.8831120E-01,2.05078E-01,9.76562E-03
-1.8829272E-01,1.85547E-01,6.83594E-02
-1.8827424E-01,2.63672E-01,4.88281E-02
-1.8825576E-01,8.78906E-02,2.92969E-02
-1.8823728E-01,2.63672E-01,2.92969E-02
-1.8821880E-01,1.85547E-01,9.76562E-03
-1.8820032E-01,2.05078E-01,2.92969E-02
-1.8818184E-01,1.46484E-01,2.92969E-02
-1.8816336E-01,2.05078E-01,4.88281E-02
-1.8814488E-01,1.46484E-01,9.76562E-03
-1.8812640E-01,2.44141E-01,-2.92969E-02
-1.8810792E-01,1.66016E-01,8.78906E-02
-1.8808944E-01,2.05078E-01,9.76562E-03
-1.8807096E-01,1.46484E-01,1.07422E-01
-1.8805248E-01,2.05078E-01,9.76562E-03
-1.8803400E-01,1.85547E-01,4.88281E-02
-1.8801552E-01,1.85547E-01,4.88281E-02
-1.8799704E-01,1.26953E-01,2.92969E-02
-1.8797856E-01,2.05078E-01,4.88281E-02
-1.8796008E-01,1.85547E-01,4.88281E-02
-1.8794160E-01,2.63672E-01,2.92969E-02
-1.8792312E-01,1.85547E-01,2.92969E-02
-1.8790464E-01,1.66016E-01,-9.76562E-03
-1.8788616E-01,2.05078E-01,6.83594E-02
-1.8786768E-01,2.24609E-01,2.92969E-02
-1.8784920E-01,1.07422E-01,2.92969E-02
-1.8783072E-01,1.66016E-01,9.76562E-03
-1.8781224E-01,1.46484E-01,4.88281E-02
-1.8779376E-01,1.46484E-01,2.92969E-02
-1.8777528E-01,1.66016E-01,9.76562E-03
-1.8775680E-01,2.24609E-01,-9.76562E-03
-1.8773832E-01,1.66016E-01,9.76562E-03
-1.8771984E-01,2.05078E-01,6.83594E-02
-1.8770136E-01,1.46484E-01,2.92969E-02
-1.8768288E-01,2.05078E-01,4.88281E-02
-1.8766440E-01,2.24609E-01,4.88281E-02
-1.8764592E-01,2.05078E-01,-2.92969E-02
-1.8762744E-01,1.85547E-01,2.92969E-02
-1.8760896E-01,1.66016E-01,2.92969E-02
-1.8759048E-01,1.66016E-01,6.83594E-02
-1.8757200E-01,1.46484E-01,2.92969E-02
-1.8755352E-01,2.05078E-01,4.88281E-02
-1.8753504E-01,1.85547E-01,-9.76562E-03
-1.8751656E-01,1.46484E-01,9.76562E-03
-1.8749808E-01,1.66016E-01,2.92969E-02
-1.8747960E-01,1.07422E-01,6.83594E-02
-1.8746112E-01,1.66016E-01,4.88281E-02
-1.8744264E-01,1.07422E-01,9.76562E-03
-1.8742416E-01,2.44141E-01,-2.92969E-02
-1.8740568E-01,1.07422E-01,1.07422E-01
-1.8738720E-01,2.05078E-01,2.92969E-02
-1.8736872E-01,2.24609E-01,1.26953E-01
-1.8735024E-01,1.46484E-01,-6.83594E-02
-1.8733176E-01,2.05078E-01,6.83594E-02
-1.8731328E-01,1.46484E-01,4.88281E-02
-1.8729480E-01,2.05078E-01,9.76562E-03
-1.8727632E-01,2.05078E-01,-9.76562E-03
-1.8725784E-01,1.46484E-01,1.26953E-01
-1.8723936E-01,2.05078E-01,9.76562E-03
-1.8722088E-01,1.66016E-01,4.88281E-02
-1.8720240E-01,1.66016E-01,-2.92969E-02
-1.8718392E-01,1.07422E-01,2.92969E-02
-1.8716544E-01,1.46484E-01,2.92969E-02
-1.8714696E-01,1.66016E-01,9.76562E-03
-1.8712848E-01,2.63672E-01,-2.92969E-02
-1.8711000E-01,1.46484E-01,4.88281E-02
-1.8709152E-01,2.24609E-01,4.88281E-02
-1.8707304E-01,1.46484E-01,9.76562E-03
-1.8705456E-01,1.66016E-01,9.76562E-03
-1.8703608E-01,2.05078E-01,1.07422E-01
-1.8701760E-01,1.46484E-01,4.88281E-02
-1.8699912E-01,1.26953E-01,9.76562E-03
-1.8698064E-01,2.05078E-01,-9.76562E-03
-1.8696216E-01,1.66016E-01,6.83594E-02
-1.8694368E-01,1.07422E-01,9.76562E-03
-1.8692520E-01,2.05078E-01,4.88281E-02
-1.8690672E-01,2.24609E-01,2.92969E-02
-1.8688824E-01,1.26953E-01,4.88281E-02
-1.8686976E-01,1.85547E-01,2.92969E-02
-1.8685128E-01,1.46484E-01,6.83594E-02
-1.8683280E-01,2.44141E-01,9.76562E-03
-1.8681432E-01,1.46484E-01,9.76562E-03
-1.8679584E-01,2.05078E-01,4.88281E-02
-1.8677736E-01,1.07422E-01,6.83594E-02
-1.8675888E-01,1.26953E-01,-8.78906E-02
-1.8674040E-01,1.46484E-01,2.92969E-02
-1.8672192E-01,2.44141E-01,2.92969E-02
-1.8670344E-01,2.05078E-01,6.83594E-02
-1.8668496E-01,2.05078E-01,4.88281E-02
-1.8666648E-01,1.07422E-01,6.83594E-02
-1.8664800E-01,1.46484E-01,9.76562E-03
-1.8662952E-01,1.46484E-01,2.92969E-02
-1.8661104E-01,1.66016E-01,4.88281E-02
-1.8659256E-01,1.85547E-01,2.92969E-02
-1.8657408E-01,2.44141E-01,2.92969E-02
-1.8655560E-01,1.85547E-01,2.92969E-02
-1.8653712E-01,2.24609E-01,9.76562E-03
-1.8651864E-01,1.46484E-01,8.78906E-02
-1.8650016E-01,1.26953E-01,4.88281E-02
-1.8648168E-01,2.05078E-01,4.88281E-02
-1.8646320E-01,2.44141E-01,2.92969E-02
-1.8644472E-01,2.24609E-01,4.88281E-02
-1.8642624E-01,2.63672E-01,2.92969E-02
-1.8640776E-01,1.66016E-01,2.92969E-02
-1.8638928E-01,2.05078E-01,-2.92969E-02
-1.8637080E-01,1.66016E-01,-4.88281E-02
-1.8635232E-01,1.46484E-01,2.92969E-02
-1.8633384E-01,2.05078E-01,2.92969E-02
-1.8631536E-01,2.24609E-01,-9.76562E-03
-1.8629688E-01,1.66016E-01,4.88281E-02
-1.8627840E-01,2.24609E-01,9.76562E-03
-1.8625992E-01,1.07422E-01,2.92969E-02
-1.8624144E-01,2.05078E-01,-9.76562E-03
-1.8622296E-01,1.66016E-01,9.76562E-03
-1.8620448E-01,2.05078E-01,9.76562E-03
-1.8618600E-01,1.66016E-01,2.92969E-02
-1.8616752E-01,2.24609E-01,2.92969E-02
-1.8614904E-01,1.26953E-01,9.76562E-03
-1.8613056E-01,2.24609E-01,-9.76562E-03
-1.8611208E-01,1.66016E-01,4.88281E-02
-1.8609360E-01,2.05078E-01,-9.76562E-03
-1.8607512E-01,1.66016E-01,4.88281E-02
-1.8605664E-01,2.05078E-01,9.76562E-03
-1.8603816E-01,2.24609E-01,1.46484E-01
-1.8601968E-01,2.05078E-01,-9.76562E-03
-1.8600120E-01,1.46484E-01,4.88281E-02
-1.8598272E-01,2.24609E-01,4.88281E-02
-1.8596424E-01,2.05078E-01,6.83594E-02
-1.8594576E-01,2.24609E-01,-2.92969E-02
-1.8592728E-01,2.24609E-01,8.78906E-02
-1.8590880E-01,1.46484E-01,6.83594E-02
-1.8589032E-01,2.24609E-01,2.92969E-02
-1.8587184E-01,2.05078E-01,9.76562E-03
-1.8585336E-01,2.05078E-01,2.92969E-02
-1.8583488E-01,2.05078E-01,-9.76562E-03
-1.8581640E-01,2.05078E-01,2.92969E-02
-1.8579792E-01,2.44141E-01,2.92969E-02
-1.8577944E-01,2.63672E-01,9.76562E-03
-1.8576096E-01,1.85547E-01,2.92969E-02
-1.8574248E-01,1.46484E-01,4.88281E-02
-1.8572400E-01,2.44141E-01,4.88281E-02
-1.8570552E-01,6.83594E-02,2.92969E-02
-1.8568704E-01,2.05078E-01,4.88281E-02
-1.8566856E-01,1.66016E-01,1.07422E-01
-1.8565008E-01,1.66016E-01,9.76562E-03
-1.8563160E-01,1.26953E-01,9.76562E-03
-1.8561312E-01,2.63672E-01,2.92969E-02
-1.8559464E-01,2.44141E-01,4.88281E-02
-1.8557616E-01,1.66016E-01,-9.76562E-03
-1.8555768E-01,2.05078E-01,2.92969E-02
-1.8553920E-01,1.85547E-01,9.76562E-03
-1.8552072E-01,2.05078E-01,8.78906E-02
-1.8550224E-01,2.05078E-01,2.92969E-02
-1.8548376E-01,1.46484E-01,4.88281E-02
-1.8546528E-01,1.26953E-01,-9.76562E-03
-1.8544680E-01,1.66016E-01,2.92969E-02
-1.8542832E-01,1.85547E-01,2.92969E-02
-1.8540984E-01,1.07422E-01,6.83594E-02
-1.8539136E-01,1.66016E-01,2.92969E-02
-1.8537288E-01,2.05078E-01,-6.83594E-02
-1.8535440E-01,2.05078E-01,2.92969E-02
-1.8533592E-01,2.24609E-01,9.76562E-03
-1.8531744E-01,2.05078E-01,-2.92969E-02
-1.8529896E-01,1.07422E-01,2.92969E-02
-1.8528048E-01,2.05078E-01,2.92969E-02
-1.8526200E-01,1.26953E-01,9.76562E-03
-1.8524352E-01,2.24609E-01,6.83594E-02
-1.8522504E-01,1.66016E-01,2.92969E-02
-1.8520656E-01,1.46484E-01,2.92969E-02
-1.8518808E-01,1.66016E-01,9.76562E-03
-1.8516960E-01,2.24609E-01,9.76562E-03
-1.8515112E-01,2.05078E-01,-9.76562E-03
-1.8513264E-01,2.44141E-01,4.88281E-02
-1.8511416E-01,2.05078E-01,6.83594E-02
-1.8509568E-01,2.24609E-01,9.76562E-03
-1.8507720E-01,1.66016E-01,9.76562E-03
-1.8505872E-01,2.05078E-01,9.76562E-03
-1.8504024E-01,1.66016E-01,8.78906E-02
-1.8502176E-01,2.24609E-01,8.78906E-02
-1.8500328E-01,1.46484E-01,6.83594E-02
-1.8498480E-01,2.24609E-01,-2.92969E-02
-1.8496632E-01,1.66016E-01,9.76562E-03
-1.8494784E-01,2.05078E-01,9.76562E-03
-1.8492936E-01,1.26953E-01,8.78906E-02
-1.8491088E-01,2.24609E-01,4.88281E-02
-1.8489240E-01,2.05078E-01,4.88281E-02
-1.8487392E-01,2.05078E-01,9.76562E-03
-1.8485544E-01,2.24609E-01,6.83594E-02
-1.8483696E-01,2.24609E-01,9.76562E-03
-1.8481848E-01,1.07422E-01,1.26953E-01
-1.8480000E-01,1.85547E-01,4.88281E-02
-1.8478152E-01,1.66016E-01,4.88281E-02
-1.8476304E-01,2.63672E-01,9.76562E-03
-1.8474456E-01,1.66016E-01,4.88281E-02
-1.8472608E-01,2.44141E-01,9.76562E-03
-1.8470760E-01,1.85547E-01,4.88281E-02
-1.8468912E-01,1.85547E-01,9.76562E-03
-1.8467064E-01,2.05078E-01,8.78906E-02
-1.8465216E-01,2.05078E-01,2.92969E-02
-1.8463368E-01,2.05078E-01,4.88281E-02
-1.8461520E-01,2.05078E-01,2.92969E-02
-1.8459672E-01,1.46484E-01,2.92969E-02
-1.8457824E-01,2.05078E-01,2.92969E-02
-1.8455976E-01,1.66016E-01,4.88281E-02
-1.8454128E-01,1.85547E-01,4.88281E-02
-1.8452280E-01,1.66016E-01,2.92969E-02
-1.8450432E-01,2.05078E-01,9.76562E-03
-1.8448584E-01,1.85547E-01,6.83594E-02
-1.8446736E-01,1.85547E-01,2.92969E-02
-1.8444888E-01,1.85547E-01,-2.92969E-02
-1.8443040E-01,2.05078E-01,2.92969E-02
-1.8441192E-01,1.66016E-01,9.76562E-03
-1.8439344E-01,2.05078E-01,4.88281E-02
-1.8437496E-01,1.66016E-01,2.92969E-02
-1.8435648E-01,2.05078E-01,2.92969E-02
-1.8433800E-01,1.85547E-01,2.92969E-02
-1.8431952E-01,2.63672E-01,-2.92969E-02
-1.8430104E-01,1.46484E-01,6.83594E-02
-1.8428256E-01,2.05078E-01,-4.88281E-02
-1.8426408E-01,1.26953E-01,2.92969E-02
-1.8424560E-01,2.05078E-01,9.76562E-03
-1.8422712E-01,1.46484E-01,6.83594E-02
-1.8420864E-01,2.05078E-01,9.76562E-03
-1.8419016E-01,1.26953E-01,4.88281E-02
-1.8417168E-01,1.85547E-01,4.88281E-02
-1.8415320E-01,1.85547E-01,2.92969E-02
-1.8413472E-01,2.24609E-01,2.92969E-02
-1.8411624E-01,2.24609E-01,2.92969E-02
-1.8409776E-01,1.66016E-01,2.92969E-02
-1.8407928E-01,1.66016E-01,9.76562E-03
-1.8406080E-01,1.85547E-01,2.92969E-02
-1.8404232E-01,1.46484E-01,6.83594E-02
-1.8402384E-01,1.66016E-01,9.76562E-03
-1.8400536E-01,1.66016E-01,-9.76562E-03
-1.8398688E-01,2.24609E-01,4.88281E-02
-1.8396840E-01,1.85547E-01,2.92969E-02
-1.8394992E-01,2.05078E-01,-9.76562E-03
-1.8393144E-01,1.26953E-01,6.83594E-02
-1.8391296E-01,2.05078E-01,6.83594E-02
-1.8389448E-01,1.07422E-01,6.83594E-02
-1.8387600E-01,2.24609E-01,2.92969E-02
-1.8385752E-01,1.46484E-01,2.92969E-02
-1.8383904E-01,1.66016E-01,2.92969E-02
-1.8382056E-01,2.24609E-01,6.83594E-02
-1.8380208E-01,2.63672E-01,2.92969E-02
-1.8378360E-01,1.66016E-01,1.07422E-01
-1.8376512E-01,1.85547E-01,9.76562E-03
-1.8374664E-01,1.66016E-01,-2.92969E-02
-1.8372816E-01,1.66016E-01,6.83594E-02
-1.8370968E-01,1.85547E-01,9.76562E-03
-1.8369120E-01,2.05078E-01,6.83594E-02
-1.8367272E-01,2.05078E-01,4.88281E-02
-1.8365424E-01,1.85547E-01,6.83594E-02
-1.8363576E-01,1.26953E-01,6.83594E-02
-1.8361728E-01,2.44141E-01,9.76562E-03
-1.8359880E-01,1.85547E-01,4.88281E-02
-1.8358032E-01,2.05078E-01,2.92969E-02
-1.8356184E-01,1.46484E-01,-9.76562E-03
-1.8354336E-01,2.24609E-01,4.88281E-02
-1.8352488E-01,1.26953E-01,4.88281E-02
-1.8350640E-01,1.46484E-01,-9.76562E-03
-1.8348792E-01,2.24609E-01,6.83594E-02
-1.8346944E-01,1.46484E-01,4.88281E-02
-1.8345096E-01,1.66016E-01,6.83594E-02
-1.8343248E-01,1.66016E-01,-4.88281E-02
-1.8341400E-01,1.66016E-01,2.92969E-02
-1.8339552E-01,2.24609E-01,2.92969E-02
-1.8337704E-01,1.46484E-01,2.92969E-02
-1.8335856E-01,2.44141E-01,9.76562E-03
-1.8334008E-01,8.78906E-02,2.92969E-02
-1.8332160E-01,2.24609E-01,9.76562E-03
-1.8330312E-01,1.85547E-01,4.88281E-02
-1.8328464E-01,1.46484E-01,4.88281E-02
-1.8326616E-01,1.85547E-01,9.76562E-03
-1.8324768E-01,2.24609E-01,-4.88281E-02
-1.8322920E-01,2.05078E-01,9.76562E-03
-1.8321072E-01,1.85547E-01,-9.76562E-03
-1.8319224E-01,1.85547E-01,2.92969E-02
-1.8317376E-01,2.24609E-01,9.76562E-03
-1.8315528E-01,2.24609E-01,4.88281E-02
-1.8313680E-01,2.05078E-01,2.92969E-02
-1.8311832E-01,1.66016E-01,6.83594E-02
-1.8309984E-01,2.05078E-01,-9.76562E-03
-1.8308136E-01,1.66016E-01,9.76562E-03
-1.8306288E-01,1.85547E-01,2.92969E-02
-1.8304440E-01,1.85547E-01,4.88281E-02
-1.8302592E-01,2.83203E-01,2.92969E-02
-1.8300744E-01,2.44141E-01,4.88281E-02
-1.8298896E-01,2.44141E-01,9.76562E-03
-1.8297048E-01,2.24609E-01,2.92969E-02
-1.8295200E-01,2.05078E-01,4.88281E-02
-1.8293352E-01,1.46484E-01,6.83594E-02
-1.8291504E-01,2.05078E-01,4.88281E-02
-1.8289656E-01,1.85547E-01,2.92969E-02
-1.8287808E-01,1.85547E-01,9.76562E-03
-1.8285960E-01,1.07422E-01,9.76562E-03
-1.8284112E-01,1.85547E-01,-9.76562E-03
-1.8282264E-01,2.05078E-01,4.88281E-02
-1.8280416E-01,1.46484E-01,-2.92969E-02
-1.8278568E-01,1.85547E-01,4.88281E-02
-1.8276720E-01,2.83203E-01,4.88281E-02
-1.8274872E-01,1.66016E-01,9.76562E-03
-1.8273024E-01,1.46484E-01,6.83594E-02
-1.8271176E-01,1.26953E-01,6.83594E-02
-1.8269328E-01,2.24609E-01,2.92969E-02
-1.8267480E-01,1.85547E-01,9.76562E-03
-1.8265632E-01,1.46484E-01,4.88281E-02
-1.8263784E-01,1.07422E-01,9.76562E-03
-1.8261936E-01,1.85547E-01,9.76562E-03
-1.8260088E-01,1.26953E-01,4.88281E-02
-1.8258240E-01,1.26953E-01,4.88281E-02
-1.8256392E-01,1.66016E-01,6.83594E-02
-1.8254544E-01,2.05078E-01,2.92969E-02
-1.8252696E-01,1.66016E-01,6.83594E-02
-1.8250848E-01,2.63672E-01,9.76562E-03
-1.8249000E-01,2.05078E-01,6.83594E-02
-1.8247152E-01,2.44141E-01,2.92969E-02
-1.8245304E-01,1.66016E-01,2.92969E-02
-1.8243456E-01,1.46484E-01,-9.76562E-03
-1.8241608E-01,2.24609E-01,8.78906E-02
-1.8239760E-01,1.85547E-01,9.76562E-03
-1.8237912E-01,1.85547E-01,8.78906E-02
-1.8236064E-01,2.44141E-01,9.76562E-03
-1.8234216E-01,1.46484E-01,9.76562E-03
-1.8232368E-01,1.85547E-01,4.88281E-02
-1.8230520E-01,1.66016E-01,2.92969E-02
-1.8228672E-01,2.05078E-01,-9.76562E-03
-1.8226824E-01,2.24609E-01,4.88281E-02
-1.8224976E-01,1.66016E-01,-9.76562E-03
-1.8223128E-01,2.44141E-01,4.88281E-02
-1.8221280E-01,1.85547E-01,4.88281E-02
-1.8219432E-01,1.85547E-01,9.76562E-03
-1.8217584E-01,2.05078E-01,9.76562E-03
-1.8215736E-01,2.05078E-01,6.83594E-02
-1.8213888E-01,2.05078E-01,9.76562E-03
-1.8212040E-01,2.24609E-01,8.78906E-02
-1.8210192E-01,1.66016E-01,9.76562E-03
-1.8208344E-01,1.66016E-01,6.83594E-02
-1.8206496E-01,2.05078E-01,-9.76562E-03
-1.8204648E-01,2.24609E-01,6.83594E-02
-1.8202800E-01,2.05078E-01,9.76562E-03
-1.8200952E-01,2.63672E-01,9.76562E-03
-1.8199104E-01,1.85547E-01,9.76562E-03
-1.8197256E-01,1.26953E-01,4.88281E-02
-1.8195408E-01,2.24609E-01,-9.76562E-03
-1.8193560E-01,2.05078E-01,6.83594E-02
-1.8191712E-01,2.05078E-01,2.92969E-02
-1.8189864E-01,2.24609E-01,6.83594E-02
-1.8188016E-01,2.44141E-01,4.88281E-02
-1.8186168E-01,2.05078E-01,1.26953E-01
-1.8184320E-01,2.63672E-01,4.88281E-02
-1.8182472E-01,2.63672E-01,4.88281E-02
-1.8180624E-01,2.05078E-01,2.92969E-02
-1.8178776E-01,1.46484E-01,6.83594E-02
-1.8176928E-01,2.05078E-01,4.88281E-02
-1.8175080E-01,1.46484E-01,2.92969E-02
-1.8173232E-01,1.46484E-01,4.88281E-02
-1.8171384E-01,1.85547E-01,4.88281E-02
-1.8169536E-01,1.66016E-01,6.83594E-02
-1.8167688E-01,1.26953E-01,2.92969E-02
-1.8165840E-01,2.05078E-01,2.92969E-02
-1.8163992E-01,1.46484E-01,2.92969E-02
-1.8162144E-01,1.85547E-01,2.92969E-02
-1.8160296E-01,2.63672E-01,4.88281E-02
-1.8158448E-01,2.24609E-01,9.76562E-03
-1.8156600E-01,1.46484E-01,6.83594E-02
-1.8154752E-01,1.85547E-01,2.92969E-02
-1.8152904E-01,1.85547E-01,9.76562E-03
-1.8151056E-01,2.05078E-01,-2.92969E-02
-1.8149208E-01,2.63672E-01,9.76562E-03
-1.8147360E-01,2.05078E-01,2.92969E-02
-1.8145512E-01,2.05078E-01,-2.92969E-02
-1.8143664E-01,2.83203E-01,2.92969E-02
-1.8141816E-01,1.66016E-01,2.92969E-02
-1.8139968E-01,2.05078E-01,-9.76562E-03
-1.8138120E-01,1.85547E-01,8.78906E-02
-1.8136272E-01,2.44141E-01,4.88281E-02
-1.8134424E-01,2.24609E-01,2.92969E-02
-1.8132576E-01,2.05078E-01,6.83594E-02
-1.8130728E-01,2.05078E-01,6.83594E-02
-1.8128880E-01,2.63672E-01,2.92969E-02
-1.8127032E-01,2.05078E-01,2.92969E-02
-1.8125184E-01,2.24609E-01,9.76562E-03
-1.8123336E-01,1.66016E-01,2.92969E-02
-1.8121488E-01,2.05078E-01,6.83594E-02
-1.8119640E-01,2.44141E-01,2.92969E-02
-1.8117792E-01,2.24609E-01,2.92969E-02
-1.8115944E-01,2.83203E-01,2.92969E-02
-1.8114096E-01,2.05078E-01,2.92969E-02
-1.8112248E-01,1.85547E-01,8.78906E-02
-1.8110400E-01,1.85547E-01,9.76562E-03
-1.8108552E-01,2.44141E-01,8.78906E-02
-1.8106704E-01,2.44141E-01,9.76562E-03
-1.8104856E-01,2.44141E-01,9.76562E-03
-1.8103008E-01,2.05078E-01,2.92969E-02
-1.8101160E-01,2.44141E-01,4.88281E-02
-1.8099312E-01,1.66016E-01,4.88281E-02
-1.8097464E-01,2.05078E-01,9.76562E-03
-1.8095616E-01,2.05078E-01,6.83594E-02
-1.8093768E-01,1.85547E-01,-9.76562E-03
-1.8091920E-01,1.85547E-01,9.76562E-03
-1.8090072E-01,2.24609E-01,2.92969E-02
-1.8088224E-01,1.46484E-01,2.92969E-02
-1.8086376E-01,2.63672E-01,2.92969E-02
-1.8084528E-01,2.44141E-01,9.76562E-03
-1.8082680E-01,1.66016E-01,1.26953E-01
-1.8080832E-01,2.24609E-01,6.83594E-02
-1.8078984E-01,2.24609E-01,2.92969E-02
-1.8077136E-01,2.24609E-01,-9.76562E-03
-1.8075288E-01,2.05078E-01,4.88281E-02
-1.8073440E-01,2.63672E-01,6.83594E-02
-1.8071592E-01,2.24609E-01,2.92969E-02
-1.8069744E-01,2.24609E-01,-9.76562E-03
-1.8067896E-01,2.44141E-01,4.88281E-02
-1.8066048E-01,2.24609E-01,2.92969E-02
-1.8064200E-01,2.83203E-01,-2.92969E-02
-1.8062352E-01,2.05078E-01,2.92969E-02
-1.8060504E-01,1.46484E-01,8.78906E-02
-1.8058656E-01,2.83203E-01,4.88281E-02
-1.8056808E-01,2.24609E-01,9.76562E-03
-1.8054960E-01,2.83203E-01,4.88281E-02
-1.8053112E-01,1.85547E-01,6.83594E-02
-1.8051264E-01,2.44141E-01,9.76562E-03
-1.8049416E-01,2.24609E-01,4.88281E-02
-1.8047568E-01,2.44141E-01,9.76562E-03
-1.8045720E-01,1.46484E-01,4.88281E-02
-1.8043872E-01,1.66016E-01,2.92969E-02
-1.8042024E-01,1.85547E-01,2.92969E-02
-1.8040176E-01,2.83203E-01,6.83594E-02
-1.8038328E-01,1.26953E-01,4.88281E-02
-1.8036480E-01,1.85547E-01,2.92969E-02
-1.8034632E-01,2.24609E-01,4.88281E-02
-1.8032784E-01,2.63672E-01,4.88281E-02
-1.8030936E-01,1.85547E-01,2.92969E-02
-1.8029088E-01,2.44141E-01,2.92969E-02
-1.8027240E-01,1.26953E-01,6.83594E-02
-1.8025392E-01,2.24609E-01,4.88281E-02
-1.8023544E-01,1.85547E-01,4.88281E-02
-1.8021696E-01,2.24609E-01,9.76562E-03
-1.8019848E-01,1.85547E-01,6.83594E-02
-1.8018000E-01,1.85547E-01,4.88281E-02
-1.8016152E-01,1.66016E-01,4.88281E-02
-1.8014304E-01,2.83203E-01,9.76562E-03
-1.8012456E-01,2.05078E-01,6.83594E-02
-1.8010608E-01,2.63672E-01,9.76562E-03
-1.8008760E-01,1.66016E-01,2.92969E-02
-1.8006912E-01,2.44141E-01,2.92969E-02
-1.8005064E-01,2.44141E-01,2.92969E-02
-1.8003216E-01,1.85547E-01,4.88281E-02
-1.8001368E-01,2.24609E-01,9.76562E-03
-1.7999520E-01,2.24609E-01,9.76562E-03
-1.7997672E-01,2.24609E-01,6.83594E-02
-1.7995824E-01,1.66016E-01,4.88281E-02
-1.7993976E-01,1.85547E-01,8.78906E-02
-1.7992128E-01,2.05078E-01,9.76562E-03
-1.7990280E-01,2.44141E-01,1.07422E-01
-1.7988432E-01,1.66016E-01,1.07422E-01
-1.7986584E-01,1.85547E-01,9.76562E-03
-1.7984736E-01,2.05078E-01,2.92969E-02
-1.7982888E-01,1.85547E-01,6.83594E-02
-1.7981040E-01,2.44141E-01,-9.76562E-03
-1.7979192E-01,2.24609E-01,9.76562E-03
-1.7977344E-01,1.85547E-01,4.88281E-02
-1.7975496E-01,1.46484E-01,9.76562E-03
-1.7973648E-01,2.24609E-01,4.88281E-02
-1.7971800E-01,2.63672E-01,6.83594E-02
-1.7969952E-01,2.63672E-01,-9.76562E-03
-1.7968104E-01,1.26953E-01,2.92969E-02
-1.7966256E-01,2.05078E-01,-4.88281E-02
-1.7964408E-01,1.46484E-01,1.07422E-01
-1.7962560E-01,2.05078E-01,6.83594E-02
-1.7960712E-01,1.66016E-01,4.88281E-02
-1.7958864E-01,2.05078E-01,9.76562E-03
-1.7957016E-01,1.85547E-01,2.92969E-02
-1.7955168E-01,2.24609E-01,9.76562E-03
-1.7953320E-01,2.63672E-01,9.76562E-03
-1.7951472E-01,1.66016E-01,9.76562E-03
-1.7949624E-01,1.66016E-01,2.92969E-02
-1.7947776E-01,1.85547E-01,-9.76562E-03
-1.7945928E-01,2.83203E-01,6.83594E-02
-1.7944080E-01,2.44141E-01,-2.92969E-02
-1.7942232E-01,2.83203E-01,1.07422E-01
-1.7940384E-01,2.24609E-01,2.92969E-02
-1.7938536E-01,1.26953E-01,2.92969E-02
-1.7936688E-01,1.85547E-01,2.92969E-02
-1.7934840E-01,2.24609E-01,6.83594E-02
-1.7932992E-01,2.05078E-01,6.83594E-02
-1.7931144E-01,2.63672E-01,6.83594E-02
-1.7929296E-01,2.24609E-01,-9.76562E-03
-1.7927448E-01,2.44141E-01,6.83594E-02
-1.7925600E-01,2.44141E-01,9.76562E-03
-1.7923752E-01,2.24609E-01,4.88281E-02
-1.7921904E-01,2.24609E-01,6.83594E-02
-1.7920056E-01,1.46484E-01,6.83594E-02
-1.7918208E-01,2.05078E-01,9.76562E-03
-1.7916360E-01,1.07422E-01,-9.76562E-03
-1.7914512E-01,2.05078E-01,6.83594E-02
-1.7912664E-01,2.05078E-01,4.88281E-02
-1.7910816E-01,1.46484E-01,9.76562E-03
-1.7908968E-01,2.83203E-01,2.92969E-02
-1.7907120E-01,2.24609E-01,2.92969E-02
-1.7905272E-01,2.24609E-01,4.88281E-02
-1.7903424E-01,1.66016E-01,2.92969E-02
-1.7901576E-01,8.78906E-02,-9.76562E-03
-1.7899728E-01,2.44141E-01,2.92969E-02
-1.7897880E-01,2.05078E-01,2.92969E-02
-1.7896032E-01,2.63672E-01,9.76562E-03
-1.7894184E-01,2.05078E-01,2.92969E-02
-1.7892336E-01,2.24609E-01,-9.76562E-03
-1.7890488E-01,2.05078E-01,8.78906E-02
-1.7888640E-01,2.83203E-01,4.88281E-02
-1.7886792E-01,1.66016E-01,6.83594E-02
-1.7884944E-01,2.83203E-01,4.88281E-02
-1.7883096E-01,1.46484E-01,1.07422E-01
-1.7881248E-01,2.83203E-01,2.92969E-02
-1.7879400E-01,1.66016E-01,1.07422E-01
-1.7877552E-01,2.05078E-01,-9.76562E-03
-1.7875704E-01,2.05078E-01,4.88281E-02
-1.7873856E-01,2.05078E-01,4.88281E-02
-1.7872008E-01,2.24609E-01,9.76562E-03
-1.7870160E-01,2.24609E-01,9.76562E-03
-1.7868312E-01,1.85547E-01,6.83594E-02
-1.7866464E-01,2.05078E-01,1.07422E-01
-1.7864616E-01,2.44141E-01,6.83594E-02
-1.7862768E-01,2.05078E-01,9.76562E-03
-1.7860920E-01,2.44141E-01,4.88281E-02
-1.7859072E-01,2.24609E-01,9.76562E-03
-1.7857224E-01,1.85547E-01,4.88281E-02
-1.7855376E-01,2.44141E-01,2.92969E-02
-1.7853528E-01,1.66016E-01,4.88281E-02
-1.7851680E-01,2.24609E-01,9.76562E-03
-1.7849832E-01,1.85547E-01,-2.92969E-02
-1.7847984E-01,2.63672E-01,9.76562E-03
-1.7846136E-01,1.26953E-01,4.88281E-02
-1.7844288E-01,2.83203E-01,2.92969E-02
-1.7842440E-01,2.05078E-01,2.92969E-02
-1.7840592E-01,1.46484E-01,2.92969E-02
-1.7838744E-01,1.66016E-01,2.92969E-02
-1.7836896E-01,2.24609E-01,9.76562E-03
-1.7835048E-01,1.85547E-01,6.83594E-02
-1.7833200E-01,2.24609E-01,6.83594E-02
-1.7831352E-01,2.44141E-01,6.83594E-02
-1.7829504E-01,2.63672E-01,2.92969E-02
-1.7827656E-01,2.05078E-01,2.92969E-02
-1.7825808E-01,1.66016E-01,4.88281E-02
-1.7823960E-01,2.24609E-01,6.83594E-02
-1.7822112E-01,2.05078E-01,6.83594E-02
-1.7820264E-01,1.66016E-01,4.88281E-02
-1.7818416E-01,2.05078E-01,-2.92969E-02
-1.7816568E-01,1.46484E-01,2.92969E-02
-1.7814720E-01,2.63672E-01,-9.76562E-03
-1.7812872E-01,1.85547E-01,6.83594E-02
-1.7811024E-01,2.24609E-01,9.76562E-03
-1.7809176E-01,2.05078E-01,2.92969E-02
-1.7807328E-01,2.24609E-01,2.92969E-02
-1.7805480E-01,2.63672E-01,2.92969E-02
-1.7803632E-01,2.63672E-01,9.76562E-03
-1.7801784E-01,1.85547E-01,1.07422E-01
-1.7799936E-01,2.05078E-01,4.88281E-02
-1.7798088E-01,2.05078E-01,6.83594E-02
-1.7796240E-01,2.05078E-01,4.88281E-02
-1.7794392E-01,1.85547E-01,9.76562E-03
-1.7792544E-01,2.05078E-01,4.88281E-02
-1.7790696E-01,2.05078E-01,6.83594E-02
-1.7788848E-01,2.63672E-01,1.26953E-01
-1.7787000E-01,2.44141E-01,6.83594E-02
-1.7785152E-01,2.24609E-01,2.92969E-02
-1.7783304E-01,2.83203E-01,2.92969E-02
-1.7781456E-01,1.66016E-01,4.88281E-02
-1.7779608E-01,2.05078E-01,6.83594E-02
-1.7777760E-01,2.44141E-01,4.88281E-02
-1.7775912E-01,1.46484E-01,4.88281E-02
-1.7774064E-01,2.24609E-01,9.76562E-03
-1.7772216E-01,1.85547E-01,4.88281E-02
-1.7770368E-01,2.05078E-01,2.92969E-02
-1.7768520E-01,2.63672E-01,4.88281E-02
-1.7766672E-01,2.24609E-01,4.88281E-02
-1.7764824E-01,2.63672E-01,-2.92969E-02
-1.7762976E-01,2.83203E-01,-2.92969E-02
-1.7761128E-01,1.66016E-01,4.88281E-02
-1.7759280E-01,2.44141E-01,4.88281E-02
-1.7757432E-01,1.66016E-01,2.92969E-02
-1.7755584E-01,2.24609E-01,4.88281E-02
-1.7753736E-01,2.44141E-01,2.92969E-02
-1.7751888E-01,2.05078E-01,9.76562E-03
-1.7750040E-01,2.24609E-01,4.88281E-02
-1.7748192E-01,2.05078E-01,9.76562E-03
-1.7746344E-01,1.85547E-01,4.88281E-02
-1.7744496E-01,2.44141E-01,9.76562E-03
-1.7742648E-01,2.44141E-01,2.92969E-02
-1.7740800E-01,2.05078E-01,-9.76562E-03
-1.7738952E-01,2.63672E-01,6.83594E-02
-1.7737104E-01,2.44141E-01,9.76562E-03
-1.7735256E-01,2.05078E-01,4.88281E-02
-1.7733408E-01,2.83203E-01,-2.92969E-02
-1.7731560E-01,1.85547E-01,4.88281E-02
-1.7729712E-01,2.05078E-01,9.76562E-03
-1.7727864E-01,1.07422E-01,6.83594E-02
-1.7726016E-01,2.24609E-01,2.92969E-02
-1.7724168E-01,1.85547E-01,-9.76562E-03
-1.7722320E-01,2.24609E-01,2.92969E-02
-1.7720472E-01,2.63672E-01,8.78906E-02
-1.7718624E-01,2.05078E-01,2.92969E-02
-1.7716776E-01,1.66016E-01,-4.88281E-02
-1.7714928E-01,2.24609E-01,9.76562E-03
-1.7713080E-01,1.85547E-01,4.88281E-02
-1.7711232E-01,2.83203E-01,2.92969E-02
-1.7709384E-01,2.05078E-01,1.07422E-01
-1.7707536E-01,2.63672E-01,2.92969E-02
-1.7705688E-01,1.66016E-01,1.07422E-01
-1.7703840E-01,2.83203E-01,2.92969E-02
-1.7701992E-01,1.66016E-01,2.92969E-02
-1.7700144E-01,2.05078E-01,9.76562E-03
-1.7698296E-01,1.66016E-01,-9.76562E-03
-1.7696448E-01,2.83203E-01,9.76562E-03
-1.7694600E-01,1.85547E-01,6.83594E-02
-1.7692752E-01,2.63672E-01,-9.76562E-03
-1.7690904E-01,1.66016E-01,4.88281E-02
-1.7689056E-01,1.46484E-01,9.76562E-03
-1.7687208E-01,2.44141E-01,6.83594E-02
-1.7685360E-01,2.44141E-01,2.92969E-02
-1.7683512E-01,1.85547E-01,6.83594E-02
-1.7681664E-01,2.05078E-01,2.92969E-02
-1.7679816E-01,1.85547E-01,4.88281E-02
-1.7677968E-01,2.05078E-01,9.76562E-03
-1.7676120E-01,2.24609E-01,6.83594E-02
-1.7674272E-01,2.24609E-01,6.83594E-02
-1.7672424E-01,2.24609E-01,2.92969E-02
-1.7670576E-01,2.44141E-01,9.76562E-03
-1.7668728E-01,1.85547E-01,6.83594E-02
-1.7666880E-01,2.24609E-01,9.76562E-03
-1.7665032E-01,2.24609E-01,2.92969E-02
-1.7663184E-01,1.85547E-01,9.76562E-03
-1.7661336E-01,2.24609E-01,6.83594E-02
-1.7659488E-01,2.83203E-01,9.76562E-03
-1.7657640E-01,2.05078E-01,4.88281E-02
-1.7655792E-01,1.66016E-01,4.88281E-02
-1.7653944E-01,2.05078E-01,2.92969E-02
-1.7652096E-01,2.24609E-01,2.92969E-02
-1.7650248E-01,2.24609E-01,2.92969E-02
-1.7648400E-01,2.05078E-01,9.76562E-03
-1.7646552E-01,1.46484E-01,4.88281E-02
-1.7644704E-01,3.02734E-01,-9.76562E-03
-1.7642856E-01,2.05078E-01,9.76562E-03
-1.7641008E-01,1.66016E-01,9.76562E-03
-1.7639160E-01,2.44141E-01,-9.76562E-03
-1.7637312E-01,1.46484E-01,2.92969E-02
-1.7635464E-01,2.24609E-01,1.26953E-01
-1.7633616E-01,2.63672E-01,9.76562E-03
-1.7631768E-01,2.44141E-01,4.88281E-02
-1.7629920E-01,2.05078E-01,4.88281E-02
-1.7628072E-01,1.66016E-01,9.76562E-03
-1.7626224E-01,2.83203E-01,9.76562E-03
-1.7624376E-01,1.85547E-01,4.88281E-02
-1.7622528E-01,1.85547E-01,8.78906E-02
-1.7620680E-01,1.85547E-01,6.83594E-02
-1.7618832E-01,2.05078E-01,2.92969E-02
-1.7616984E-01,2.05078E-01,4.88281E-02
-1.7615136E-01,2.83203E-01,4.88281E-02
-1.7613288E-01,2.05078E-01,-2.92969E-02
-1.7611440E-01,2.44141E-01,9.76562E-03
-1.7609592E-01,2.63672E-01,2.92969E-02
-1.7607744E-01,1.66016E-01,-4.88281E-02
-1.7605896E-01,2.24609E-01,6.83594E-02
-1.7604048E-01,2.24609E-01,9.76562E-03
-1.7602200E-01,2.63672E-01,8.78906E-02
-1.7600352E-01,2.24609E-01,6.83594E-02
-1.7598504E-01,1.66016E-01,6.83594E-02
-1.7596656E-01,3.02734E-01,2.92969E-02
-1.7594808E-01,2.83203E-01,9.76562E-03
-1.7592960E-01,3.41797E-01,2.92969E-02
-1.7591112E-01,2.44141E-01,4.88281E-02
-1.7589264E-01,2.44141E-01,2.92969E-02
-1.7587416E-01,1.26953E-01,4.88281E-02
-1.7585568E-01,2.63672E-01,2.92969E-02
-1.7583720E-01,2.24609E-01,4.88281E-02
-1.7581872E-01,1.66016E-01,-9.76562E-03
-1.7580024E-01,2.24609E-01,2.92969E-02
-1.7578176E-01,2.63672E-01,-2.92969E-02
-1.7576328E-01,2.05078E-01,6.83594E-02
-1.7574480E-01,2.63672E-01,9.76562E-03
-1.7572632E-01,1.85547E-01,8.78906E-02
-1.7570784E-01,2.63672E-01,4.88281E-02
-1.7568936E-01,2.24609E-01,6.83594E-02
-1.7567088E-01,2.24609E-01,4.88281E-02
-1.7565240E-01,2.44141E-01,4.88281E-02
-1.7563392E-01,2.44141E-01,2.92969E-02
-1.7561544E-01,1.85547E-01,9.76562E-03
-1.7559696E-01,2.63672E-01,6.83594E-02
-1.7557848E-01,1.46484E-01,6.83594E-02
-1.7556000E-01,2.44141E-01,4.88281E-02
-1.7554152E-01,2.24609E-01,4.88281E-02
-1.7552304E-01,2.83203E-01,4.88281E-02
-1.7550456E-01,1.85547E-01,4.88281E-02
-1.7548608E-01,2.05078E-01,9.76562E-03
-1.7546760E-01,2.24609E-01,9.76562E-03
-1.7544912E-01,2.44141E-01,9.76562E-03
-1.7543064E-01,2.05078E-01,4.88281E-02
-1.7541216E-01,2.05078E-01,2.92969E-02
-1.7539368E-01,1.66016E-01,4.88281E-02
-1.7537520E-01,2.24609E-01,9.76562E-03
-1.7535672E-01,1.85547E-01,2.92969E-02
-1.7533824E-01,2.44141E-01,2.92969E-02
-1.7531976E-01,2.44141E-01,1.07422E-01
-1.7530128E-01,2.05078E-01,2.92969E-02
-1.7528280E-01,1.66016E-01,2.92969E-02
-1.7526432E-01,2.24609E-01,9.76562E-03
-1.7524584E-01,2.44141E-01,4.88281E-02
-1.7522736E-01,1.85547E-01,-9.76562E-03
-1.7520888E-01,1.85547E-01,9.76562E-03
-1.7519040E-01,2.24609E-01,9.76562E-03
-1.7517192E-01,2.44141E-01,2.92969E-02
-1.7515344E-01,2.05078E-01,2.92969E-02
-1.7513496E-01,2.24609E-01,9.76562E-03
-1.7511648E-01,2.05078E-01,4.88281E-02
-1.7509800E-01,2.44141E-01,4.88281E-02
-1.7507952E-01,2.05078E-01,-9.76562E-03
-1.7506104E-01,2.63672E-01,1.07422E-01
-1.7504256E-01,2.44141E-01,9.76562E-03
-1.7502408E-01,2.24609E-01,9.76562E-03
-1.7500560E-01,2.24609E-01,2.92969E-02
-1.7498712E-01,2.24609E-01,9.76562E-03
-1.7496864E-01,2.83203E-01,9.76562E-03
-1.7495016E-01,2.44141E-01,4.88281E-02
-1.7493168E-01,2.24609E-01,2.92969E-02
-1.7491320E-01,2.83203E-01,2.92969E-02
-1.7489472E-01,2.83203E-01,4.88281E-02
-1.7487624E-01,2.24609E-01,6.83594E-02
-1.7485776E-01,1.85547E-01,-9.76562E-03
-1.7483928E-01,2.44141E-01,4.88281E-02
-1.7482080E-01,2.44141E-01,2.92969E-02
-1.7480232E-01,3.02734E-01,9.76562E-03
-1.7478384E-01,3.02734E-01,2.92969E-02
-1.7476536E-01,2.05078E-01,6.83594E-02
-1.7474688E-01,2.44141E-01,2.92969E-02
-1.7472840E-01,2.24609E-01,6.83594E-02
-1.7470992E-01,2.05078E-01,9.76562E-03
-1.7469144E-01,1.85547E-01,8.78906E-02
-1.7467296E-01,3.41797E-01,4.88281E-02
-1.7465448E-01,2.05078E-01,2.92969E-02
-1.7463600E-01,2.83203E-01,4.88281E-02
-1.7461752E-01,1.66016E-01,6.83594E-02
-1.7459904E-01,2.24609E-01,6.83594E-02
-1.7458056E-01,2.83203E-01,2.92969E-02
-1.7456208E-01,2.44141E-01,9.76562E-03
-1.7454360E-01,2.83203E-01,9.76562E-03
-1.7452512E-01,2.83203E-01,-9.76562E-03
-1.7450664E-01,2.63672E-01,6.83594E-02
-1.7448816E-01,3.02734E-01,9.76562E-03
-1.7446968E-01,2.83203E-01,2.92969E-02
-1.7445120E-01,2.24609E-01,9.76562E-03
-1.7443272E-01,1.46484E-01,9.76562E-03
-1.7441424E-01,2.83203E-01,9.76562E-03
-1.7439576E-01,2.44141E-01,2.92969E-02
-1.7437728E-01,1.46484E-01,-9.76562E-03
-1.7435880E-01,2.83203E-01,1.07422E-01
-1.7434032E-01,2.05078E-01,2.92969E-02
-1.7432184E-01,1.46484E-01,2.92969E-02
-1.7430336E-01,2.63672E-01,2.92969E-02
-1.7428488E-01,2.83203E-01,6.83594E-02
-1.7426640E-01,2.83203E-01,4.88281E-02
-1.7424792E-01,2.44141E-01,9.76562E-03
-1.7422944E-01,2.83203E-01,2.92969E-02
-1.7421096E-01,1.46484E-01,8.78906E-02
-1.7419248E-01,2.24609E-01,2.92969E-02
-1.7417400E-01,2.44141E-01,2.92969E-02
-1.7415552E-01,2.24609E-01,4.88281E-02
-1.7413704E-01,1.85547E-01,2.92969E-02
-1.7411856E-01,2.24609E-01,-9.76562E-03
-1.7410008E-01,2.24609E-01,9.76562E-03
-1.7408160E-01,2.05078E-01,4.88281E-02
-1.7406312E-01,1.85547E-01,2.92969E-02
-1.7404464E-01,3.02734E-01,9.76562E-03
-1.7402616E-01,1.26953E-01,9.76562E-03
-1.7400768E-01,2.83203E-01,6.83594E-02
-1.7398920E-01,2.63672E-01,4.88281E-02
-1.7397072E-01,2.44141E-01,-9.76562E-03
-1.7395224E-01,2.05078E-01,2.92969E-02
-1.7393376E-01,2.83203E-01,9.76562E-03
-1.7391528E-01,2.05078E-01,9.76562E-03
-1.7389680E-01,2.83203E-01,2.92969E-02
-1.7387832E-01,2.24609E-01,4.88281E-02
-1.7385984E-01,2.83203E-01,2.92969E-02
-1.7384136E-01,1.66016E-01,1.46484E-01
-1.7382288E-01,2.05078E-01,9.76562E-03
-1.7380440E-01,2.63672E-01,1.07422E-01
-1.7378592E-01,2.05078E-01,6.83594E-02
-1.7376744E-01,2.44141E-01,9.76562E-03
-1.7374896E-01,2.63672E-01,2.92969E-02
-1.7373048E-01,2.05078E-01,9.76562E-03
-1.7371200E-01,2.24609E-01,2.92969E-02
-1.7369352E-01,2.63672E-01,2.92969E-02
-1.7367504E-01,2.44141E-01,9.76562E-03
-1.7365656E-01,2.24609E-01,4.88281E-02
-1.7363808E-01,2.63672E-01,-4.88281E-02
-1.7361960E-01,2.24609E-01,4.88281E-02
-1.7360112E-01,2.24609E-01,4.88281E-02
-1.7358264E-01,1.85547E-01,9.76562E-03
-1.7356416E-01,2.63672E-01,-9.76562E-03
-1.7354568E-01,2.05078E-01,-4.88281E-02
-1.7352720E-01,2.24609E-01,9.76562E-03
-1.7350872E-01,1.66016E-01,8.78906E-02
-1.7349024E-01,2.83203E-01,2.92969E-02
-1.7347176E-01,2.24609E-01,2.92969E-02
-1.7345328E-01,2.24609E-01,4.88281E-02
-1.7343480E-01,1.85547E-01,6.83594E-02
-1.7341632E-01,2.24609E-01,2.92969E-02
-1.7339784E-01,2.05078E-01,1.07422E-01
-1.7337936E-01,2.83203E-01,6.83594E-02
-1.7336088E-01,2.44141E-01,4.88281E-02
-1.7334240E-01,2.83203E-01,2.92969E-02
-1.7332392E-01,1.85547E-01,2.92969E-02
-1.7330544E-01,3.22266E-01,-4.88281E-02
-1.7328696E-01,2.05078E-01,2.92969E-02
-1.7326848E-01,2.24609E-01,9.76562E-03
-1.7325000E-01,1.46484E-01,4.88281E-02
-1.7323152E-01,2.83203E-01,9.76562E-03
-1.7321304E-01,2.24609E-01,2.92969E-02
-1.7319456E-01,2.83203E-01,6.83594E-02
-1.7317608E-01,2.24609E-01,2.92969E-02
-1.7315760E-01,2.44141E-01,2.92969E-02
-1.7313912E-01,2.63672E-01,4.88281E-02
-1.7312064E-01,2.05078E-01,2.92969E-02
-1.7310216E-01,2.24609E-01,2.92969E-02
-1.7308368E-01,2.63672E-01,4.88281E-02
-1.7306520E-01,2.63672E-01,2.92969E-02
-1.7304672E-01,2.24609E-01,9.76562E-03
-1.7302824E-01,2.83203E-01,4.88281E-02
-1.7300976E-01,2.83203E-01,-9.76562E-03
-1.7299128E-01,1.26953E-01,2.92969E-02
-1.7297280E-01,2.44141E-01,8.78906E-02
-1.7295432E-01,1.46484E-01,4.88281E-02
-1.7293584E-01,2.63672E-01,9.76562E-03
-1.7291736E-01,2.05078E-01,4.88281E-02
-1.7289888E-01,2.44141E-01,9.76562E-03
-1.7288040E-01,1.85547E-01,9.76562E-03
-1.7286192E-01,2.63672E-01,4.88281E-02
-1.7284344E-01,2.63672E-01,9.76562E-03
-1.7282496E-01,3.41797E-01,9.76562E-03
-1.7280648E-01,2.05078E-01,9.76562E-03
-1.7278800E-01,1.46484E-01,2.92969E-02
-1.7276952E-01,3.02734E-01,6.83594E-02
-1.7275104E-01,1.46484E-01,2.92969E-02
-1.7273256E-01,2.44141E-01,2.92969E-02
-1.7271408E-01,2.24609E-01,2.92969E-02
-1.7269560E-01,2.44141E-01,1.07422E-01
-1.7267712E-01,2.05078E-01,-9.76562E-03
-1.7265864E-01,3.02734E-01,9.76562E-03
-1.7264016E-01,2.83203E-01,4.88281E-02
-1.7262168E-01,2.05078E-01,4.88281E-02
-1.7260320E-01,3.22266E-01,4.88281E-02
-1.7258472E-01,1.66016E-01,6.83594E-02
-1.7256624E-01,1.85547E-01,4.88281E-02
-1.7254776E-01,2.24609E-01,6.83594E-02
-1.7252928E-01,2.24609E-01,4.88281E-02
-1.7251080E-01,1.85547E-01,6.83594E-02
-1.7249232E-01,2.05078E-01,9.76562E-03
-1.7247384E-01,2.44141E-01,2.92969E-02
-1.7245536E-01,2.83203E-01,2.92969E-02
-1.7243688E-01,1.66016E-01,8.78906E-02
-1.7241840E-01,2.24609E-01,9.76562E-03
-1.7239992E-01,2.24609E-01,4.88281E-02
-1.7238144E-01,2.05078E-01,2.92969E-02
-1.7236296E-01,2.05078E-01,4.88281E-02
-1.7234448E-01,2.44141E-01,2.92969E-02
-1.7232600E-01,2.83203E-01,9.76562E-03
-1.7230752E-01,2.83203E-01,9.76562E-03
-1.7228904E-01,2.63672E-01,4.88281E-02
-1.7227056E-01,2.24609E-01,6.83594E-02
-1.7225208E-01,2.44141E-01,1.26953E-01
-1.7223360E-01,2.63672E-01,-9.76562E-03
-1.7221512E-01,2.05078E-01,8.78906E-02
-1.7219664E-01,2.24609E-01,4.88281E-02
-1.7217816E-01,2.05078E-01,2.92969E-02
-1.7215968E-01,2.63672E-01,2.92969E-02
-1.7214120E-01,2.63672E-01,2.92969E-02
-1.7212272E-01,3.02734E-01,9.76562E-03
-1.7210424E-01,1.66016E-01,6.83594E-02
-1.7208576E-01,2.83203E-01,6.83594E-02
-1.7206728E-01,2.24609E-01,2.92969E-02
-1.7204880E-01,2.83203E-01,9.76562E-03
-1.7203032E-01,1.85547E-01,4.88281E-02
-1.7201184E-01,2.44141E-01,9.76562E-03
-1.7199336E-01,2.83203E-01,1.07422E-01
-1.7197488E-01,2.63672E-01,2.92969E-02
-1.7195640E-01,1.85547E-01,8.78906E-02
-1.7193792E-01,2.44141E-01,4.88281E-02
-1.7191944E-01,2.83203E-01,2.92969E-02
-1.7190096E-01,2.63672E-01,9.76562E-03
-1.7188248E-01,2.83203E-01,6.83594E-02
-1.7186400E-01,2.63672E-01,4.88281E-02
-1.7184552E-01,2.05078E-01,4.88281E-02
-1.7182704E-01,2.63672E-01,2.92969E-02
-1.7180856E-01,2.83203E-01,4.88281E-02
-1.7179008E-01,2.24609E-01,9.76562E-03
-1.7177160E-01,2.44141E-01,4.88281E-02
-1.7175312E-01,2.83203E-01,9.76562E-03
-1.7173464E-01,2.83203E-01,9.76562E-03
-1.7171616E-01,2.63672E-01,9.76562E-03
-1.7169768E-01,2.63672E-01,4.88281E-02
-1.7167920E-01,2.05078E-01,9.76562E-03
-1.7166072E-01,2.05078E-01,-9.76562E-03
-1.7164224E-01,2.05078E-01,2.92969E-02
-1.7162376E-01,3.02734E-01,8.78906E-02
-1.7160528E-01,2.24609E-01,4.88281E-02
-1.7158680E-01,2.24609E-01,2.92969E-02
-1.7156832E-01,3.02734E-01,2.92969E-02
-1.7154984E-01,2.24609E-01,6.83594E-02
-1.7153136E-01,2.44141E-01,-9.76562E-03
-1.7151288E-01,2.44141E-01,8.78906E-02
-1.7149440E-01,3.02734E-01,9.76562E-03
-1.7147592E-01,2.44141E-01,2.92969E-02
-1.7145744E-01,3.02734E-01,9.76562E-03
-1.7143896E-01,2.05078E-01,4.88281E-02
-1.7142048E-01,2.44141E-01,-9.76562E-03
-1.7140200E-01,2.44141E-01,4.88281E-02
-1.7138352E-01,2.05078E-01,4.88281E-02
-1.7136504E-01,2.05078E-01,1.26953E-01
-1.7134656E-01,1.85547E-01,4.88281E-02
-1.7132808E-01,1.66016E-01,2.92969E-02
-1.7130960E-01,2.24609E-01,-6.83594E-02
-1.7129112E-01,2.63672E-01,2.92969E-02
-1.7127264E-01,2.05078E-01,-9.76562E-03
-1.7125416E-01,2.44141E-01,2.92969E-02
-1.7123568E-01,3.02734E-01,9.76562E-03
-1.7121720E-01,2.24609E-01,-2.92969E-02
-1.7119872E-01,2.63672E-01,9.76562E-03
-1.7118024E-01,2.24609E-01,4.88281E-02
-1.7116176E-01,2.63672E-01,9.76562E-03
-1.7114328E-01,2.05078E-01,9.76562E-03
-1.7112480E-01,2.83203E-01,4.88281E-02
-1.7110632E-01,2.63672E-01,4.88281E-02
-1.7108784E-01,2.83203E-01,9.76562E-03
-1.7106936E-01,2.24609E-01,1.26953E-01
-1.7105088E-01,2.63672E-01,-9.76562E-03
-1.7103240E-01,2.44141E-01,6.83594E-02
-1.7101392E-01,2.44141E-01,9.76562E-03
-1.7099544E-01,2.05078E-01,8.78906E-02
-1.7097696E-01,2.83203E-01,9.76562E-03
-1.7095848E-01,2.63672E-01,4.88281E-02
-1.7094000E-01,2.44141E-01,-2.92969E-02
-1.7092152E-01,1.66016E-01,4.88281E-02
-1.7090304E-01,2.05078E-01,-9.76562E-03
-1.7088456E-01,1.66016E-01,4.88281E-02
-1.7086608E-01,2.63672E-01,2.92969E-02
-1.7084760E-01,2.24609E-01,6.83594E-02
-1.7082912E-01,2.63672E-01,-9.76562E-03
-1.7081064E-01,2.44141E-01,-2.92969E-02
-1.7079216E-01,2.44141E-01,9.76562E-03
-1.7077368E-01,2.05078E-01,2.92969E-02
-1.7075520E-01,2.24609E-01,4.88281E-02
-1.7073672E-01,2.24609E-01,4.88281E-02
-1.7071824E-01,2.63672E-01,4.88281E-02
-1.7069976E-01,2.83203E-01,1.26953E-01
-1.7068128E-01,2.24609E-01,-2.92969E-02
-1.7066280E-01,2.44141E-01,4.88281E-02
-1.7064432E-01,2.63672E-01,2.92969E-02
-1.7062584E-01,2.44141E-01,4.88281E-02
-1.7060736E-01,2.44141E-01,2.92969E-02
-1.7058888E-01,2.44141E-01,-9.76562E-03
-1.7057040E-01,2.83203E-01,-9.76562E-03
-1.7055192E-01,2.05078E-01,2.92969E-02
-1.7053344E-01,2.24609E-01,8.78906E-02
-1.7051496E-01,1.46484E-01,1.07422E-01
-1.7049648E-01,2.05078E-01,2.92969E-02
-1.7047800E-01,2.24609E-01,2.92969E-02
-1.7045952E-01,2.24609E-01,4.88281E-02
-1.7044104E-01,2.24609E-01,4.88281E-02
-1.7042256E-01,2.63672E-01,9.76562E-03
-1.7040408E-01,1.85547E-01,9.76562E-03
-1.7038560E-01,2.44141E-01,-9.76562E-03
-1.7036712E-01,2.05078E-01,4.88281E-02
-1.7034864E-01,2.63672E-01,9.76562E-03
-1.7033016E-01,2.83203E-01,9.76562E-03
-1.7031168E-01,2.83203E-01,4.88281E-02
-1.7029320E-01,2.05078E-01,4.88281E-02
-1.7027472E-01,3.02734E-01,-9.76562E-03
-1.7025624E-01,2.44141E-01,6.83594E-02
-1.7023776E-01,2.83203E-01,4.88281E-02
-1.7021928E-01,2.63672E-01,4.88281E-02
-1.7020080E-01,2.63672E-01,-6.83594E-02
-1.7018232E-01,1.66016E-01,2.92969E-02
-1.7016384E-01,2.83203E-01,9.76562E-03
-1.7014536E-01,1.85547E-01,6.83594E-02
-1.7012688E-01,2.63672E-01,4.88281E-02
-1.7010840E-01,1.85547E-01,9.76562E-03
-1.7008992E-01,2.83203E-01,4.88281E-02
-1.7007144E-01,2.83203E-01,9.76562E-03
-1.7005296E-01,2.44141E-01,-9.76562E-03
-1.7003448E-01,2.24609E-01,6.83594E-02
-1.7001600E-01,1.85547E-01,-9.76562E-03
-1.6999752E-01,2.24609E-01,2.92969E-02
-1.6997904E-01,2.24609E-01,-9.76562E-03
-1.6996056E-01,2.83203E-01,2.92969E-02
-1.6994208E-01,2.05078E-01,4.88281E-02
-1.6992360E-01,1.85547E-01,4.88281E-02
-1.6990512E-01,2.05078E-01,2.92969E-02
-1.6988664E-01,2.24609E-01,9.76562E-03
-1.6986816E-01,2.44141E-01,-9.76562E-03
-1.6984968E-01,2.83203E-01,4.88281E-02
-1.6983120E-01,2.44141E-01,4.88281E-02
-1.6981272E-01,2.24609E-01,9.76562E-03
-1.6979424E-01,2.24609E-01,4.88281E-02
-1.6977576E-01,2.05078E-01,2.92969E-02
-1.6975728E-01,2.44141E-01,2.92969E-02
-1.6973880E-01,2.05078E-01,2.92969E-02
-1.6972032E-01,2.83203E-01,-6.83594E-02
-1.6970184E-01,2.24609E-01,4.88281E-02
-1.6968336E-01,2.05078E-01,4.88281E-02
-1.6966488E-01,2.24609E-01,4.88281E-02
-1.6964640E-01,2.24609E-01,9.76562E-03
-1.6962792E-01,2.05078E-01,4.88281E-02
-1.6960944E-01,2.44141E-01,4.88281E-02
-1.6959096E-01,2.24609E-01,8.78906E-02
-1.6957248E-01,2.63672E-01,-9.76562E-03
-1.6955400E-01,2.83203E-01,2.92969E-02
-1.6953552E-01,2.63672E-01,9.76562E-03
-1.6951704E-01,2.63672E-01,2.92969E-02
-1.6949856E-01,3.22266E-01,2.92969E-02
-1.6948008E-01,1.85547E-01,6.83594E-02
-1.6946160E-01,2.63672E-01,4.88281E-02
-1.6944312E-01,2.05078E-01,4.88281E-02
-1.6942464E-01,2.83203E-01,2.92969E-02
-1.6940616E-01,3.22266E-01,4.88281E-02
-1.6938768E-01,2.44141E-01,2.92969E-02
-1.6936920E-01,2.44141E-01,6.83594E-02
-1.6935072E-01,2.44141E-01,6.83594E-02
-1.6933224E-01,2.05078E-01,1.07422E-01
-1.6931376E-01,2.83203E-01,-9.76562E-03
-1.6929528E-01,2.63672E-01,-2.92969E-02
-1.6927680E-01,2.83203E-01,4.88281E-02
-1.6925832E-01,2.63672E-01,2.92969E-02
-1.6923984E-01,2.83203E-01,9.76562E-03
-1.6922136E-01,2.83203E-01,2.92969E-02
-1.6920288E-01,2.83203E-01,6.83594E-02
-1.6918440E-01,1.85547E-01,4.88281E-02
-1.6916592E-01,2.24609E-01,9.76562E-03
-1.6914744E-01,3.22266E-01,6.83594E-02
-1.6912896E-01,2.05078E-01,-9.76562E-03
-1.6911048E-01,2.24609E-01,2.92969E-02
-1.6909200E-01,2.83203E-01,4.88281E-02
-1.6907352E-01,2.83203E-01,4.88281E-02
-1.6905504E-01,3.02734E-01,-2.92969E-02
-1.6903656E-01,2.24609E-01,4.88281E-02
-1.6901808E-01,2.44141E-01,-9.76562E-03
-1.6899960E-01,2.44141E-01,4.88281E-02
-1.6898112E-01,2.05078E-01,4.88281E-02
-1.6896264E-01,2.05078E-01,2.92969E-02
-1.6894416E-01,3.02734E-01,4.88281E-02
-1.6892568E-01,2.24609E-01,6.83594E-02
-1.6890720E-01,2.63672E-01,2.92969E-02
-1.6888872E-01,2.24609E-01,1.07422E-01
-1.6887024E-01,2.83203E-01,2.92969E-02
-1.6885176E-01,2.83203E-01,1.26953E-01
-1.6883328E-01,2.24609E-01,4.88281E-02
-1.6881480E-01,2.24609E-01,2.92969E-02
-1.6879632E-01,2.24609E-01,-2.92969E-02
-1.6877784E-01,2.05078E-01,-4.88281E-02
-1.6875936E-01,2.24609E-01,-2.92969E-02
-1.6874088E-01,2.44141E-01,6.83594E-02
-1.6872240E-01,3.22266E-01,4.88281E-02
-1.6870392E-01,2.24609E-01,6.83594E-02
-1.6868544E-01,2.05078E-01,-4.88281E-02
-1.6866696E-01,2.24609E-01,4.88281E-02
-1.6864848E-01,2.83203E-01,4.88281E-02
-1.6863000E-01,1.66016E-01,6.83594E-02
-1.6861152E-01,2.63672E-01,9.76562E-03
-1.6859304E-01,2.63672E-01,4.88281E-02
-1.6857456E-01,2.83203E-01,4.88281E-02
-1.6855608E-01,2.05078E-01,4.88281E-02
-1.6853760E-01,2.63672E-01,-9.76562E-03
-1.6851912E-01,2.24609E-01,2.92969E-02
-1.6850064E-01,2.63672E-01,9.76562E-03
-1.6848216E-01,1.85547E-01,9.76562E-03
-1.6846368E-01,2.63672E-01,2.92969E-02
-1.6844520E-01,1.66016E-01,6.83594E-02
-1.6842672E-01,2.83203E-01,2.92969E-02
-1.6840824E-01,2.05078E-01,6.83594E-02
-1.6838976E-01,2.24609E-01,-4.88281E-02
-1.6837128E-01,2.83203E-01,9.76562E-03
-1.6835280E-01,1.85547E-01,2.92969E-02
-1.6833432E-01,2.05078E-01,6.83594E-02
-1.6831584E-01,2.63672E-01,-9.76562E-03
-1.6829736E-01,2.83203E-01,-4.88281E-02
-1.6827888E-01,2.05078E-01,9.76562E-03
-1.6826040E-01,2.83203E-01,6.83594E-02
-1.6824192E-01,2.83203E-01,-4.88281E-02
-1.6822344E-01,2.44141E-01,4.88281E-02
-1.6820496E-01,2.24609E-01,9.76562E-03
-1.6818648E-01,2.44141E-01,2.92969E-02
-1.6816800E-01,2.63672E-01,2.92969E-02
-1.6814952E-01,2.83203E-01,6.83594E-02
-1.6813104E-01,2.83203E-01,4.88281E-02
-1.6811256E-01,2.83203E-01,4.88281E-02
-1.6809408E-01,2.24609E-01,9.76562E-03
-1.6807560E-01,2.83203E-01,4.88281E-02
-1.6805712E-01,2.83203E-01,9.76562E-03
-1.6803864E-01,2.44141E-01,2.92969E-02
-1.6802016E-01,2.63672E-01,9.76562E-03
-1.6800168E-01,2.44141E-01,4.88281E-02
-1.6798320E-01,2.63672E-01,-2.92969E-02
-1.6796472E-01,2.24609E-01,4.88281E-02
-1.6794624E-01,2.63672E-01,9.76562E-03
-1.6792776E-01,3.41797E-01,9.76562E-03
-1.6790928E-01,2.83203E-01,-2.92969E-02
-1.6789080E-01,1.66016E-01,4.88281E-02
-1.6787232E-01,2.63672E-01,9.76562E-03
-1.6785384E-01,1.66016E-01,6.83594E-02
-1.6783536E-01,2.63672E-01,9.76562E-03
-1.6781688E-01,2.44141E-01,4.88281E-02
-1.6779840E-01,2.44141E-01,4.88281E-02
-1.6777992E-01,3.02734E-01,6.83594E-02
-1.6776144E-01,2.44141E-01,2.92969E-02
-1.6774296E-01,2.05078E-01,4.88281E-02
-1.6772448E-01,2.44141E-01,2.92969E-02
-1.6770600E-01,2.83203E-01,9.76562E-03
-1.6768752E-01,3.02734E-01,2.92969E-02
-1.6766904E-01,2.83203E-01,2.92969E-02
-1.6765056E-01,2.83203E-01,2.92969E-02
-1.6763208E-01,3.02734E-01,2.92969E-02
-1.6761360E-01,2.83203E-01,8.78906E-02
-1.6759512E-01,2.05078E-01,6.83594E-02
-1.6757664E-01,3.02734E-01,-9.76562E-03
-1.6755816E-01,2.63672E-01,2.92969E-02
-1.6753968E-01,2.83203E-01,9.76562E-03
-1.6752120E-01,2.24609E-01,9.76562E-03
-1.6750272E-01,2.44141E-01,2.92969E-02
-1.6748424E-01,2.24609E-01,4.88281E-02
-1.6746576E-01,2.83203E-01,9.76562E-03
-1.6744728E-01,2.05078E-01,4.88281E-02
-1.6742880E-01,2.05078E-01,2.92969E-02
-1.6741032E-01,2.63672E-01,4.88281E-02
-1.6739184E-01,2.83203E-01,4.88281E-02
-1.6737336E-01,2.24609E-01,-6.83594E-02
-1.6735488E-01,3.02734E-01,6.83594E-02
-1.6733640E-01,2.63672E-01,6.83594E-02
-1.6731792E-01,2.24609E-01,-4.88281E-02
-1.6729944E-01,2.83203E-01,4.88281E-02
-1.6728096E-01,3.22266E-01,2.92969E-02
-1.6726248E-01,2.83203E-01,2.92969E-02
-1.6724400E-01,3.22266E-01,2.92969E-02
-1.6722552E-01,2.24609E-01,8.78906E-02
-1.6720704E-01,2.63672E-01,4.88281E-02
-1.6718856E-01,2.83203E-01,4.88281E-02
-1.6717008E-01,2.05078E-01,4.88281E-02
-1.6715160E-01,2.63672E-01,2.92969E-02
-1.6713312E-01,2.44141E-01,4.88281E-02
-1.6711464E-01,2.83203E-01,4.88281E-02
-1.6709616E-01,3.22266E-01,9.76562E-03
-1.6707768E-01,2.63672E-01,4.88281E-02
-1.6705920E-01,3.22266E-01,9.76562E-03
-1.6704072E-01,2.63672E-01,6.83594E-02
-1.6702224E-01,2.83203E-01,-9.76562E-03
-1.6700376E-01,2.63672E-01,9.76562E-03
-1.6698528E-01,2.63672E-01,9.76562E-03
-1.6696680E-01,2.83203E-01,4.88281E-02
-1.6694832E-01,2.44141E-01,4.88281E-02
-1.6692984E-01,2.83203E-01,9.76562E-03
-1.6691136E-01,2.44141E-01,1.07422E-01
-1.6689288E-01,2.63672E-01,6.83594E-02
-1.6687440E-01,2.83203E-01,-9.76562E-03
-1.6685592E-01,1.66016E-01,2.92969E-02
-1.6683744E-01,2.83203E-01,6.83594E-02
-1.6681896E-01,2.05078E-01,-2.92969E-02
-1.6680048E-01,2.24609E-01,2.92969E-02
-1.6678200E-01,2.44141E-01,2.92969E-02
-1.6676352E-01,2.63672E-01,2.92969E-02
-1.6674504E-01,2.05078E-01,4.88281E-02
-1.6672656E-01,2.63672E-01,9.76562E-03
-1.6670808E-01,2.24609E-01,6.83594E-02
-1.6668960E-01,3.22266E-01,-9.76562E-03
-1.6667112E-01,2.44141E-01,6.83594E-02
-1.6665264E-01,2.44141E-01,2.92969E-02
-1.6663416E-01,2.63672E-01,6.83594E-02
-1.6661568E-01,3.02734E-01,4.88281E-02
-1.6659720E-01,2.63672E-01,6.83594E-02
-1.6657872E-01,2.24609E-01,4.88281E-02
-1.6656024E-01,2.83203E-01,4.88281E-02
-1.6654176E-01,2.44141E-01,2.92969E-02
-1.6652328E-01,2.83203E-01,6.83594E-02
-1.6650480E-01,2.63672E-01,2.92969E-02
-1.6648632E-01,2.83203E-01,4.88281E-02
-1.6646784E-01,3.41797E-01,9.76562E-03
-1.6644936E-01,2.05078E-01,2.92969E-02
-1.6643088E-01,2.83203E-01,9.76562E-03
-1.6641240E-01,2.44141E-01,4.88281E-02
-1.6639392E-01,2.83203E-01,-2.92969E-02
-1.6637544E-01,2.05078E-01,2.92969E-02
-1.6635696E-01,2.63672E-01,2.92969E-02
-1.6633848E-01,2.24609E-01,6.83594E-02
-1.6632000E-01,3.02734E-01,9.76562E-03
-1.6630152E-01,2.05078E-01,2.92969E-02
-1.6628304E-01,2.44141E-01,9.76562E-03
-1.6626456E-01,2.83203E-01,4.88281E-02
-1.6624608E-01,3.22266E-01,4.88281E-02
-1.6622760E-01,2.83203E-01,6.83594E-02
-1.6620912E-01,3.41797E-01,9.76562E-03
-1.6619064E-01,2.83203E-01,9.76562E-03
-1.6617216E-01,2.83203E-01,2.92969E-02
-1.6615368E-01,2.83203E-01,1.07422E-01
-1.6613520E-01,2.05078E-01,4.88281E-02
-1.6611672E-01,2.05078E-01,4.88281E-02
-1.6609824E-01,2.63672E-01,2.92969E-02
-1.6607976E-01,2.83203E-01,6.83594E-02
-1.6606128E-01,3.02734E-01,2.92969E-02
-1.6604280E-01,2.44141E-01,-4.88281E-02
-1.6602432E-01,2.83203E-01,9.76562E-03
-1.6600584E-01,2.63672E-01,8.78906E-02
-1.6598736E-01,3.02734E-01,9.76562E-03
-1.6596888E-01,2.63672E-01,6.83594E-02
-1.6595040E-01,3.02734E-01,9.76562E-03
-1.6593192E-01,2.83203E-01,1.07422E-01
-1.6591344E-01,2.83203E-01,2.92969E-02
-1.6589496E-01,2.83203E-01,6.83594E-02
-1.6587648E-01,3.02734E-01,-9.76562E-03
-1.6585800E-01,2.05078E-01,2.92969E-02
-1.6583952E-01,2.24609E-01,9.76562E-03
-1.6582104E-01,2.44141E-01,6.83594E-02
-1.6580256E-01,2.83203E-01,4.88281E-02
-1.6578408E-01,2.24609E-01,2.92969E-02
-1.6576560E-01,3.22266E-01,6.83594E-02
-1.6574712E-01,2.83203E-01,1.07422E-01
-1.6572864E-01,2.83203E-01,9.76562E-03
-1.6571016E-01,2.24609E-01,8.78906E-02
-1.6569168E-01,2.63672E-01,4.88281E-02
-1.6567320E-01,2.83203E-01,9.76562E-03
-1.6565472E-01,2.44141E-01,2.92969E-02
-1.6563624E-01,2.24609E-01,8.78906E-02
-1.6561776E-01,2.83203E-01,2.92969E-02
-1.6559928E-01,2.63672E-01,2.92969E-02
-1.6558080E-01,2.05078E-01,4.88281E-02
-1.6556232E-01,2.44141E-01,-4.88281E-02
-1.6554384E-01,2.83203E-01,2.92969E-02
-1.6552536E-01,2.83203E-01,6.83594E-02
-1.6550688E-01,3.22266E-01,9.76562E-03
-1.6548840E-01,2.44141E-01,-4.88281E-02
-1.6546992E-01,2.83203E-01,-9.76562E-03
-1.6545144E-01,2.44141E-01,6.83594E-02
-1.6543296E-01,2.83203E-01,4.88281E-02
-1.6541448E-01,1.85547E-01,6.83594E-02
-1.6539600E-01,2.83203E-01,6.83594E-02
-1.6537752E-01,2.24609E-01,2.92969E-02
-1.6535904E-01,3.02734E-01,-6.83594E-02
-1.6534056E-01,2.44141E-01,9.76562E-03
-1.6532208E-01,3.22266E-01,2.92969E-02
-1.6530360E-01,2.83203E-01,2.92969E-02
-1.6528512E-01,3.22266E-01,4.88281E-02
-1.6526664E-01,2.24609E-01,9.76562E-03
-1.6524816E-01,2.44141E-01,4.88281E-02
-1.6522968E-01,2.63672E-01,2.92969E-02
-1.6521120E-01,2.63672E-01,4.88281E-02
-1.6519272E-01,2.24609E-01,4.88281E-02
-1.6517424E-01,3.22266E-01,2.92969E-02
-1.6515576E-01,3.02734E-01,9.76562E-03
-1.6513728E-01,1.85547E-01,6.83594E-02
-1.6511880E-01,2.05078E-01,4.88281E-02
-1.6510032E-01,2.83203E-01,4.88281E-02
-1.6508184E-01,2.24609E-01,4.88281E-02
-1.6506336E-01,2.44141E-01,-9.76562E-03
-1.6504488E-01,2.05078E-01,6.83594E-02
-1.6502640E-01,2.44141E-01,4.88281E-02
-1.6500792E-01,2.24609E-01,9.76562E-03
-1.6498944E-01,2.24609E-01,2.92969E-02
-1.6497096E-01,2.05078E-01,-2.92969E-02
-1.6495248E-01,2.44141E-01,4.88281E-02
-1.6493400E-01,2.44141E-01,4.88281E-02
-1.6491552E-01,2.83203E-01,2.92969E-02
-1.6489704E-01,2.05078E-01,6.83594E-02
-1.6487856E-01,3.41797E-01,4.88281E-02
-1.6486008E-01,3.22266E-01,6.83594E-02
-1.6484160E-01,2.05078E-01,4.88281E-02
-1.6482312E-01,2.83203E-01,2.92969E-02
-1.6480464E-01,2.83203E-01,9.76562E-03
-1.6478616E-01,2.24609E-01,2.92969E-02
-1.6476768E-01,2.44141E-01,9.76562E-03
-1.6474920E-01,2.44141E-01,6.83594E-02
-1.6473072E-01,3.22266E-01,9.76562E-03
-1.6471224E-01,2.83203E-01,8.78906E-02
-1.6469376E-01,2.83203E-01,9.76562E-03
-1.6467528E-01,2.24609E-01,6.83594E-02
-1.6465680E-01,2.24609E-01,2.92969E-02
-1.6463832E-01,2.83203E-01,9.76562E-03
-1.6461984E-01,3.02734E-01,4.88281E-02
-1.6460136E-01,2.63672E-01,2.92969E-02
-1.6458288E-01,2.63672E-01,2.92969E-02
-1.6456440E-01,3.02734E-01,4.88281E-02
-1.6454592E-01,2.63672E-01,9.76562E-03
-1.6452744E-01,2.83203E-01,9.76562E-03
-1.6450896E-01,2.44141E-01,2.92969E-02
-1.6449048E-01,2.63672E-01,4.88281E-02
-1.6447200E-01,2.44141E-01,9.76562E-03
-1.6445352E-01,1.66016E-01,6.83594E-02
-1.6443504E-01,3.22266E-01,2.92969E-02
-1.6441656E-01,2.63672E-01,2.92969E-02
-1.6439808E-01,3.41797E-01,2.92969E-02
-1.6437960E-01,2.83203E-01,6.83594E-02
-1.6436112E-01,2.83203E-01,2.92969E-02
-1.6434264E-01,2.83203E-01,6.83594E-02
-1.6432416E-01,2.44141E-01,-4.88281E-02
-1.6430568E-01,2.44141E-01,4.88281E-02
-1.6428720E-01,2.44141E-01,6.83594E-02
-1.6426872E-01,2.83203E-01,6.83594E-02
-1.6425024E-01,2.44141E-01,2.92969E-02
-1.6423176E-01,2.05078E-01,6.83594E-02
-1.6421328E-01,2.05078E-01,2.92969E-02
-1.6419480E-01,2.83203E-01,9.76562E-03
-1.6417632E-01,3.41797E-01,4.88281E-02
-1.6415784E-01,3.22266E-01,2.92969E-02
-1.6413936E-01,2.83203E-01,9.76562E-03
-1.6412088E-01,2.44141E-01,8.78906E-02
-1.6410240E-01,2.05078E-01,4.88281E-02
-1.6408392E-01,2.24609E-01,4.88281E-02
-1.6406544E-01,2.63672E-01,2.92969E-02
-1.6404696E-01,2.83203E-01,1.07422E-01
-1.6402848E-01,2.83203E-01,2.92969E-02
-1.6401000E-01,2.83203E-01,4.88281E-02
-1.6399152E-01,2.83203E-01,9.76562E-03
-1.6397304E-01,2.63672E-01,9.76562E-03
-1.6395456E-01,3.22266E-01,9.76562E-03
-1.6393608E-01,2.83203E-01,6.83594E-02
-1.6391760E-01,2.44141E-01,-4.88281E-02
-1.6389912E-01,2.44141E-01,2.92969E-02
-1.6388064E-01,3.02734E-01,9.76562E-03
-1.6386216E-01,2.44141E-01,6.83594E-02
-1.6384368E-01,2.63672E-01,4.88281E-02
-1.6382520E-01,2.83203E-01,6.83594E-02
-1.6380672E-01,3.22266E-01,-9.76562E-03
-1.6378824E-01,2.63672E-01,2.92969E-02
-1.6376976E-01,3.02734E-01,4.88281E-02
-1.6375128E-01,2.44141E-01,9.76562E-03
-1.6373280E-01,2.83203E-01,9.76562E-03
-1.6371432E-01,2.05078E-01,9.76562E-03
-1.6369584E-01,2.83203E-01,-9.76562E-03
-1.6367736E-01,2.24609E-01,-4.88281E-02
-1.6365888E-01,2.44141E-01,9.76562E-03
-1.6364040E-01,1.66016E-01,4.88281E-02
-1.6362192E-01,2.44141E-01,2.92969E-02
-1.6360344E-01,2.24609E-01,-2.92969E-02
-1.6358496E-01,2.44141E-01,2.92969E-02
-1.6356648E-01,2.83203E-01,9.76562E-03
-1.6354800E-01,2.83203E-01,9.76562E-03
-1.6352952E-01,2.83203E-01,8.78906E-02
-1.6351104E-01,2.83203E-01,9.76562E-03
-1.6349256E-01,2.24609E-01,9.76562E-03
-1.6347408E-01,3.41797E-01,9.76562E-03
-1.6345560E-01,2.83203E-01,4.88281E-02
-1.6343712E-01,2.83203E-01,2.92969E-02
-1.6341864E-01,2.83203E-01,6.83594E-02
-1.6340016E-01,2.83203E-01,1.07422E-01
-1.6338168E-01,2.24609E-01,4.88281E-02
-1.6336320E-01,2.63672E-01,9.76562E-03
-1.6334472E-01,2.83203E-01,4.88281E-02
-1.6332624E-01,2.83203E-01,9.76562E-03
-1.6330776E-01,2.24609E-01,2.92969E-02
-1.6328928E-01,2.44141E-01,9.76562E-03
-1.6327080E-01,2.63672E-01,2.92969E-02
-1.6325232E-01,3.02734E-01,4.88281E-02
-1.6323384E-01,2.24609E-01,2.92969E-02
-1.6321536E-01,3.02734E-01,2.92969E-02
-1.6319688E-01,2.24609E-01,4.88281E-02
-1.6317840E-01,3.41797E-01,9.76562E-03
-1.6315992E-01,3.02734E-01,6.83594E-02
-1.6314144E-01,3.02734E-01,9.76562E-03
-1.6312296E-01,2.83203E-01,9.76562E-03
-1.6310448E-01,2.83203E-01,-9.76562E-03
-1.6308600E-01,2.44141E-01,6.83594E-02
-1.6306752E-01,2.83203E-01,9.76562E-03
-1.6304904E-01,2.83203E-01,2.92969E-02
-1.6303056E-01,2.83203E-01,9.76562E-03
-1.6301208E-01,2.83203E-01,6.83594E-02
-1.6299360E-01,2.83203E-01,9.76562E-03
-1.6297512E-01,3.02734E-01,9.76562E-03
-1.6295664E-01,2.83203E-01,6.83594E-02
-1.6293816E-01,2.83203E-01,-9.76562E-03
-1.6291968E-01,2.24609E-01,2.92969E-02
-1.6290120E-01,2.83203E-01,2.92969E-02
-1.6288272E-01,2.44141E-01,4.88281E-02
-1.6286424E-01,2.24609E-01,-9.76562E-03
-1.6284576E-01,2.83203E-01,-6.83594E-02
-1.6282728E-01,3.02734E-01,9.76562E-03
-1.6280880E-01,2.83203E-01,2.92969E-02
-1.6279032E-01,2.24609E-01,4.88281E-02
-1.6277184E-01,3.22266E-01,4.88281E-02
-1.6275336E-01,3.22266E-01,6.83594E-02
-1.6273488E-01,2.44141E-01,6.83594E-02
-1.6271640E-01,2.83203E-01,2.92969E-02
-1.6269792E-01,2.83203E-01,-9.76562E-03
-1.6267944E-01,3.02734E-01,2.92969E-02
-1.6266096E-01,3.41797E-01,4.88281E-02
-1.6264248E-01,2.24609E-01,6.83594E-02
-1.6262400E-01,3.22266E-01,2.92969E-02
-1.6260552E-01,2.44141E-01,6.83594E-02
-1.6258704E-01,3.02734E-01,6.83594E-02
-1.6256856E-01,2.83203E-01,8.78906E-02
-1.6255008E-01,3.61328E-01,9.76562E-03
-1.6253160E-01,2.83203E-01,6.83594E-02
-1.6251312E-01,2.83203E-01,9.76562E-03
-1.6249464E-01,2.63672E-01,4.88281E-02
-1.6247616E-01,3.22266E-01,6.83594E-02
-1.6245768E-01,2.83203E-01,9.76562E-03
-1.6243920E-01,3.22266E-01,9.76562E-03
-1.6242072E-01,2.44141E-01,6.83594E-02
-1.6240224E-01,2.63672E-01,2.92969E-02
-1.6238376E-01,2.83203E-01,6.83594E-02
-1.6236528E-01,2.83203E-01,9.76562E-03
-1.6234680E-01,2.24609E-01,6.83594E-02
-1.6232832E-01,3.22266E-01,4.88281E-02
-1.6230984E-01,2.83203E-01,4.88281E-02
-1.6229136E-01,2.44141E-01,2.92969E-02
-1.6227288E-01,2.83203E-01,6.83594E-02
-1.6225440E-01,2.44141E-01,2.92969E-02
-1.6223592E-01,2.63672E-01,4.88281E-02
-1.6221744E-01,2.83203E-01,2.92969E-02
-1.6219896E-01,2.83203E-01,8.78906E-02
-1.6218048E-01,2.44141E-01,2.92969E-02
-1.6216200E-01,3.41797E-01,4.88281E-02
-1.6214352E-01,3.02734E-01,9.76562E-03
-1.6212504E-01,3.02734E-01,9.76562E-03
-1.6210656E-01,3.02734E-01,6.83594E-02
-1.6208808E-01,2.63672E-01,6.83594E-02
-1.6206960E-01,2.63672E-01,4.88281E-02
-1.6205112E-01,2.44141E-01,6.83594E-02
-1.6203264E-01,3.02734E-01,4.88281E-02
-1.6201416E-01,2.05078E-01,6.83594E-02
-1.6199568E-01,3.02734E-01,4.88281E-02
-1.6197720E-01,2.24609E-01,4.88281E-02
-1.6195872E-01,3.02734E-01,9.76562E-03
-1.6194024E-01,2.44141E-01,2.92969E-02
-1.6192176E-01,2.44141E-01,2.92969E-02
-1.6190328E-01,2.63672E-01,9.76562E-03
-1.6188480E-01,3.22266E-01,9.76562E-03
-1.6186632E-01,2.44141E-01,2.92969E-02
-1.6184784E-01,3.61328E-01,9.76562E-03
-1.6182936E-01,2.44141E-01,6.83594E-02
-1.6181088E-01,2.83203E-01,-2.92969E-02
-1.6179240E-01,2.63672E-01,2.92969E-02
-1.6177392E-01,3.22266E-01,4.88281E-02
-1.6175544E-01,2.83203E-01,2.92969E-02
-1.6173696E-01,3.41797E-01,2.92969E-02
-1.6171848E-01,2.24609E-01,6.83594E-02
-1.6170000E-01,3.22266E-01,2.92969E-02
-1.6168152E-01,3.22266E-01,2.92969E-02
-1.6166304E-01,3.02734E-01,2.92969E-02
-1.6164456E-01,2.63672E-01,2.92969E-02
-1.6162608E-01,3.02734E-01,9.76562E-03
-1.6160760E-01,2.05078E-01,6.83594E-02
-1.6158912E-01,2.24609E-01,2.92969E-02
-1.6157064E-01,2.83203E-01,4.88281E-02
-1.6155216E-01,2.63672E-01,4.88281E-02
-1.6153368E-01,2.24609E-01,6.83594E-02
-1.6151520E-01,2.83203E-01,9.76562E-03
-1.6149672E-01,3.02734E-01,-9.76562E-03
-1.6147824E-01,3.22266E-01,2.92969E-02
-1.6145976E-01,2.83203E-01,4.88281E-02
-1.6144128E-01,2.83203E-01,2.92969E-02
-1.6142280E-01,1.85547E-01,4.88281E-02
-1.6140432E-01,4.00391E-01,-2.92969E-02
-1.6138584E-01,3.22266E-01,8.78906E-02
-1.6136736E-01,3.02734E-01,9.76562E-03
-1.6134888E-01,2.24609E-01,2.92969E-02
-1.6133040E-01,3.02734E-01,4.88281E-02
-1.6131192E-01,3.22266E-01,9.76562E-03
-1.6129344E-01,2.83203E-01,6.83594E-02
-1.6127496E-01,2.24609E-01,2.92969E-02
-1.6125648E-01,3.02734E-01,8.78906E-02
-1.6123800E-01,3.02734E-01,4.88281E-02
-1.6121952E-01,2.63672E-01,9.76562E-03
-1.6120104E-01,2.83203E-01,4.88281E-02
-1.6118256E-01,3.22266E-01,9.76562E-03
-1.6116408E-01,3.02734E-01,6.83594E-02
-1.6114560E-01,2.83203E-01,4.88281E-02
-1.6112712E-01,2.83203E-01,2.92969E-02
-1.6110864E-01,3.02734E-01,4.88281E-02
-1.6109016E-01,2.63672E-01,9.76562E-03
-1.6107168E-01,3.22266E-01,2.92969E-02
-1.6105320E-01,2.44141E-01,4.88281E-02
-1.6103472E-01,3.41797E-01,4.88281E-02
-1.6101624E-01,2.24609E-01,6.83594E-02
-1.6099776E-01,3.41797E-01,9.76562E-03
-1.6097928E-01,2.83203E-01,9.76562E-03
-1.6096080E-01,3.22266E-01,-9.76562E-03
-1.6094232E-01,3.41797E-01,9.76562E-03
-1.6092384E-01,2.63672E-01,6.83594E-02
-1.6090536E-01,2.44141E-01,2.92969E-02
-1.6088688E-01,3.22266E-01,9.76562E-03
-1.6086840E-01,2.83203E-01,-4.88281E-02
-1.6084992E-01,2.83203E-01,9.76562E-03
-1.6083144E-01,2.83203E-01,4.88281E-02
-1.6081296E-01,3.22266E-01,-9.76562E-03
-1.6079448E-01,2.83203E-01,4.88281E-02
-1.6077600E-01,2.83203E-01,4.88281E-02
-1.6075752E-01,2.83203E-01,2.92969E-02
-1.6073904E-01,2.83203E-01,4.88281E-02
-1.6072056E-01,2.63672E-01,8.78906E-02
-1.6070208E-01,3.02734E-01,-9.76562E-03
-1.6068360E-01,2.24609E-01,-9.76562E-03
-1.6066512E-01,3.61328E-01,-4.88281E-02
-1.6064664E-01,2.83203E-01,6.83594E-02
-1.6062816E-01,3.22266E-01,9.76562E-03
-1.6060968E-01,2.24609E-01,2.92969E-02
-1.6059120E-01,2.44141E-01,4.88281E-02
-1.6057272E-01,3.22266E-01,4.88281E-02
-1.6055424E-01,2.83203E-01,9.76562E-03
-1.6053576E-01,2.44141E-01,9.76562E-03
-1.6051728E-01,2.83203E-01,9.76562E-03
-1.6049880E-01,2.63672E-01,9.76562E-03
-1.6048032E-01,2.83203E-01,2.92969E-02
-1.6046184E-01,3.02734E-01,6.83594E-02
-1.6044336E-01,3.02734E-01,9.76562E-03
-1.6042488E-01,2.24609E-01,4.88281E-02
-1.6040640E-01,2.83203E-01,9.76562E-03
-1.6038792E-01,2.44141E-01,6.83594E-02
-1.6036944E-01,3.22266E-01,-9.76562E-03
-1.6035096E-01,2.44141E-01,9.76562E-03
-1.6033248E-01,3.22266E-01,9.76562E-03
-1.6031400E-01,3.02734E-01,6.83594E-02
-1.6029552E-01,2.83203E-01,9.76562E-03
-1.6027704E-01,2.24609E-01,4.88281E-02
-1.6025856E-01,2.44141E-01,2.92969E-02
-1.6024008E-01,3.02734E-01,9.76562E-03
-1.6022160E-01,3.02734E-01,9.76562E-03
-1.6020312E-01,2.83203E-01,2.92969E-02
-1.6018464E-01,3.02734E-01,-6.83594E-02
-1.6016616E-01,2.44141E-01,4.88281E-02
-1.6014768E-01,2.83203E-01,2.92969E-02
-1.6012920E-01,3.02734E-01,6.83594E-02
-1.6011072E-01,2.83203E-01,1.07422E-01
-1.6009224E-01,2.83203E-01,8.78906E-02
-1.6007376E-01,3.02734E-01,4.88281E-02
-1.6005528E-01,2.63672E-01,4.88281E-02
-1.6003680E-01,3.02734E-01,2.92969E-02
-1.6001832E-01,2.83203E-01,2.92969E-02
-1.5999984E-01,3.02734E-01,4.88281E-02
-1.5998136E-01,2.63672E-01,6.83594E-02
-1.5996288E-01,2.44141E-01,9.76562E-03
-1.5994440E-01,3.02734E-01,2.92969E-02
-1.5992592E-01,2.83203E-01,9.76562E-03
-1.5990744E-01,2.44141E-01,2.92969E-02
-1.5988896E-01,3.41797E-01,-2.92969E-02
-1.5987048E-01,2.83203E-01,9.76562E-03
-1.5985200E-01,2.44141E-01,2.92969E-02
-1.5983352E-01,2.44141E-01,6.83594E-02
-1.5981504E-01,3.41797E-01,4.88281E-02
-1.5979656E-01,2.24609E-01,6.83594E-02
-1.5977808E-01,3.41797E-01,4.88281E-02
-1.5975960E-01,2.83203E-01,2.92969E-02
-1.5974112E-01,3.41797E-01,4.88281E-02
-1.5972264E-01,2.83203E-01,2.92969E-02
-1.5970416E-01,3.61328E-01,9.76562E-03
-1.5968568E-01,3.22266E-01,1.26953E-01
-1.5966720E-01,2.83203E-01,2.92969E-02
-1.5964872E-01,2.83203E-01,6.83594E-02
-1.5963024E-01,2.83203E-01,-9.76562E-03
-1.5961176E-01,2.24609E-01,4.88281E-02
-1.5959328E-01,3.22266E-01,2.92969E-02
-1.5957480E-01,2.83203E-01,4.88281E-02
-1.5955632E-01,3.22266E-01,2.92969E-02
-1.5953784E-01,2.83203E-01,6.83594E-02
-1.5951936E-01,3.02734E-01,4.88281E-02
-1.5950088E-01,1.85547E-01,4.88281E-02
-1.5948240E-01,3.41797E-01,4.88281E-02
-1.5946392E-01,3.41797E-01,2.92969E-02
-1.5944544E-01,3.41797E-01,2.92969E-02
-1.5942696E-01,3.02734E-01,1.07422E-01
-1.5940848E-01,3.61328E-01,9.76562E-03
-1.5939000E-01,3.02734E-01,4.88281E-02
-1.5937152E-01,3.22266E-01,2.92969E-02
-1.5935304E-01,3.22266E-01,4.88281E-02
-1.5933456E-01,2.63672E-01,-4.88281E-02
-1.5931608E-01,2.63672E-01,4.88281E-02
-1.5929760E-01,2.44141E-01,4.88281E-02
-1.5927912E-01,2.24609E-01,6.83594E-02
-1.5926064E-01,3.22266E-01,4.88281E-02
-1.5924216E-01,3.41797E-01,4.88281E-02
-1.5922368E-01,3.02734E-01,9.76562E-03
-1.5920520E-01,2.83203E-01,4.88281E-02
-1.5918672E-01,3.02734E-01,9.76562E-03
-1.5916824E-01,2.44141E-01,9.76562E-03
-1.5914976E-01,3.22266E-01,-4.88281E-02
-1.5913128E-01,2.83203E-01,4.88281E-02
-1.5911280E-01,2.83203E-01,9.76562E-03
-1.5909432E-01,3.22266E-01,8.78906E-02
-1.5907584E-01,3.22266E-01,9.76562E-03
-1.5905736E-01,2.83203E-01,2.92969E-02
-1.5903888E-01,2.83203E-01,-2.92969E-02
-1.5902040E-01,3.22266E-01,1.07422E-01
-1.5900192E-01,3.22266E-01,4.88281E-02
-1.5898344E-01,3.02734E-01,6.83594E-02
-1.5896496E-01,2.44141E-01,8.78906E-02
-1.5894648E-01,2.83203E-01,9.76562E-03
-1.5892800E-01,3.02734E-01,9.76562E-03
-1.5890952E-01,2.83203E-01,4.88281E-02
-1.5889104E-01,2.63672E-01,9.76562E-03
-1.5887256E-01,2.24609E-01,-9.76562E-03
-1.5885408E-01,3.41797E-01,9.76562E-03
-1.5883560E-01,2.63672E-01,6.83594E-02
-1.5881712E-01,2.63672E-01,2.92969E-02
-1.5879864E-01,3.41797E-01,2.92969E-02
-1.5878016E-01,3.02734E-01,-9.76562E-03
-1.5876168E-01,2.83203E-01,8.78906E-02
-1.5874320E-01,2.83203E-01,4.88281E-02
-1.5872472E-01,2.63672E-01,8.78906E-02
-1.5870624E-01,3.02734E-01,4.88281E-02
-1.5868776E-01,2.83203E-01,6.83594E-02
-1.5866928E-01,2.63672E-01,9.76562E-03
-1.5865080E-01,3.02734E-01,6.83594E-02
-1.5863232E-01,3.61328E-01,4.88281E-02
-1.5861384E-01,2.83203E-01,-2.92969E-02
-1.5859536E-01,3.41797E-01,9.76562E-03
-1.5857688E-01,3.22266E-01,4.88281E-02
-1.5855840E-01,3.41797E-01,-2.92969E-02
-1.5853992E-01,2.83203E-01,2.92969E-02
-1.5852144E-01,3.02734E-01,9.76562E-03
-1.5850296E-01,2.44141E-01,1.26953E-01
-1.5848448E-01,2.83203E-01,9.76562E-03
-1.5846600E-01,2.83203E-01,6.83594E-02
-1.5844752E-01,2.63672E-01,2.92969E-02
-1.5842904E-01,3.02734E-01,6.83594E-02
-1.5841056E-01,2.83203E-01,-2.92969E-02
-1.5839208E-01,2.83203E-01,4.88281E-02
-1.5837360E-01,3.22266E-01,2.92969E-02
-1.5835512E-01,3.02734E-01,4.88281E-02
-1.5833664E-01,3.41797E-01,9.76562E-03
-1.5831816E-01,2.83203E-01,4.88281E-02
-1.5829968E-01,3.41797E-01,2.92969E-02
-1.5828120E-01,2.83203E-01,8.78906E-02
-1.5826272E-01,3.80859E-01,4.88281E-02
-1.5824424E-01,2.83203E-01,9.76562E-03
-1.5822576E-01,3.22266E-01,9.76562E-03
-1.5820728E-01,2.63672E-01,9.76562E-03
-1.5818880E-01,2.83203E-01,-9.76562E-03
-1.5817032E-01,2.83203E-01,8.78906E-02
-1.5815184E-01,3.80859E-01,-2.92969E-02
-1.5813336E-01,2.63672E-01,9.76562E-03
-1.5811488E-01,2.44141E-01,-9.76562E-03
-1.5809640E-01,3.41797E-01,8.78906E-02
-1.5807792E-01,2.83203E-01,-9.76562E-03
-1.5805944E-01,3.22266E-01,9.76562E-03
-1.5804096E-01,2.83203E-01,9.76562E-03
-1.5802248E-01,2.83203E-01,4.88281E-02
-1.5800400E-01,3.80859E-01,2.92969E-02
-1.5798552E-01,3.02734E-01,4.88281E-02
-1.5796704E-01,3.02734E-01,4.88281E-02
-1.5794856E-01,2.83203E-01,4.88281E-02
-1.5793008E-01,4.00391E-01,2.92969E-02
-1.5791160E-01,3.22266E-01,4.88281E-02
-1.5789312E-01,3.22266E-01,2.92969E-02
-1.5787464E-01,2.05078E-01,-2.92969E-02
-1.5785616E-01,2.83203E-01,2.92969E-02
-1.5783768E-01,2.83203E-01,9.76562E-03
-1.5781920E-01,2.44141E-01,2.92969E-02
-1.5780072E-01,2.44141E-01,-2.92969E-02
-1.5778224E-01,2.44141E-01,2.92969E-02
-1.5776376E-01,2.24609E-01,4.88281E-02
-1.5774528E-01,3.02734E-01,8.78906E-02
-1.5772680E-01,2.83203E-01,2.92969E-02
-1.5770832E-01,2.83203E-01,9.76562E-03
-1.5768984E-01,2.83203E-01,2.92969E-02
-1.5767136E-01,2.83203E-01,4.88281E-02
-1.5765288E-01,3.02734E-01,4.88281E-02
-1.5763440E-01,3.02734E-01,4.88281E-02
-1.5761592E-01,2.83203E-01,6.83594E-02
-1.5759744E-01,2.83203E-01,8.78906E-02
-1.5757896E-01,3.02734E-01,8.78906E-02
-1.5756048E-01,3.80859E-01,9.76562E-03
-1.5754200E-01,2.83203E-01,4.88281E-02
-1.5752352E-01,2.63672E-01,2.92969E-02
-1.5750504E-01,3.41797E-01,4.88281E-02
-1.5748656E-01,2.83203E-01,4.88281E-02
-1.5746808E-01,2.44141E-01,4.88281E-02
-1.5744960E-01,3.02734E-01,4.88281E-02
-1.5743112E-01,3.02734E-01,8.78906E-02
-1.5741264E-01,3.02734E-01,1.26953E-01
-1.5739416E-01,2.44141E-01,6.83594E-02
-1.5737568E-01,3.22266E-01,-6.83594E-02
-1.5735720E-01,2.83203E-01,2.92969E-02
-1.5733872E-01,3.02734E-01,2.92969E-02
-1.5732024E-01,3.22266E-01,2.92969E-02
-1.5730176E-01,2.83203E-01,4.88281E-02
-1.5728328E-01,3.02734E-01,2.92969E-02
-1.5726480E-01,3.41797E-01,2.92969E-02
-1.5724632E-01,3.41797E-01,9.76562E-03
-1.5722784E-01,3.22266E-01,2.92969E-02
-1.5720936E-01,2.83203E-01,1.85547E-01
-1.5719088E-01,3.61328E-01,2.92969E-02
-1.5717240E-01,3.22266E-01,6.83594E-02
-1.5715392E-01,2.44141E-01,2.92969E-02
-1.5713544E-01,2.83203E-01,8.78906E-02
-1.5711696E-01,2.83203E-01,2.92969E-02
-1.5709848E-01,3.22266E-01,6.83594E-02
-1.5708000E-01,3.22266E-01,4.88281E-02
-1.5706152E-01,2.83203E-01,2.92969E-02
-1.5704304E-01,2.44141E-01,-9.76562E-03
-1.5702456E-01,2.83203E-01,4.88281E-02
-1.5700608E-01,2.44141E-01,2.92969E-02
-1.5698760E-01,3.61328E-01,4.88281E-02
-1.5696912E-01,3.41797E-01,2.92969E-02
-1.5695064E-01,2.63672E-01,6.83594E-02
-1.5693216E-01,2.83203E-01,2.92969E-02
-1.5691368E-01,2.83203E-01,4.88281E-02
-1.5689520E-01,3.02734E-01,9.76562E-03
-1.5687672E-01,2.83203E-01,6.83594E-02
-1.5685824E-01,2.24609E-01,4.88281E-02
-1.5683976E-01,2.44141E-01,9.76562E-03
-1.5682128E-01,3.61328E-01,9.76562E-03
-1.5680280E-01,2.83203E-01,2.92969E-02
-1.5678432E-01,3.41797E-01,6.83594E-02
-1.5676584E-01,3.41797E-01,4.88281E-02
-1.5674736E-01,3.02734E-01,2.92969E-02
-1.5672888E-01,3.41797E-01,2.92969E-02
-1.5671040E-01,3.41797E-01,9.76562E-03
-1.5669192E-01,2.63672E-01,4.88281E-02
-1.5667344E-01,2.83203E-01,4.88281E-02
-1.5665496E-01,2.83203E-01,2.92969E-02
-1.5663648E-01,3.22266E-01,2.92969E-02
-1.5661800E-01,2.83203E-01,6.83594E-02
-1.5659952E-01,3.41797E-01,9.76562E-03
-1.5658104E-01,2.63672E-01,6.83594E-02
-1.5656256E-01,2.44141E-01,2.92969E-02
-1.5654408E-01,2.44141E-01,4.88281E-02
-1.5652560E-01,3.02734E-01,2.92969E-02
-1.5650712E-01,3.41797E-01,6.83594E-02
-1.5648864E-01,4.00391E-01,9.76562E-03
-1.5647016E-01,2.44141E-01,6.83594E-02
-1.5645168E-01,3.41797E-01,2.92969E-02
-1.5643320E-01,2.83203E-01,4.88281E-02
-1.5641472E-01,3.22266E-01,9.76562E-03
-1.5639624E-01,2.83203E-01,9.76562E-03
-1.5637776E-01,2.83203E-01,-9.76562E-03
-1.5635928E-01,2.83203E-01,4.88281E-02
-1.5634080E-01,3.22266E-01,9.76562E-03
-1.5632232E-01,2.24609E-01,-2.92969E-02
-1.5630384E-01,3.02734E-01,6.83594E-02
-1.5628536E-01,3.02734E-01,4.88281E-02
-1.5626688E-01,3.02734E-01,-4.88281E-02
-1.5624840E-01,2.83203E-01,4.88281E-02
-1.5622992E-01,2.83203E-01,9.76562E-03
-1.5621144E-01,2.44141E-01,4.88281E-02
-1.5619296E-01,2.44141E-01,-4.88281E-02
-1.5617448E-01,3.02734E-01,6.83594E-02
-1.5615600E-01,3.41797E-01,9.76562E-03
-1.5613752E-01,3.22266E-01,4.88281E-02
-1.5611904E-01,3.22266E-01,9.76562E-03
-1.5610056E-01,2.83203E-01,2.92969E-02
-1.5608208E-01,3.22266E-01,9.76562E-03
-1.5606360E-01,2.83203E-01,9.76562E-03
-1.5604512E-01,3.41797E-01,-9.76562E-03
-1.5602664E-01,2.24609E-01,4.88281E-02
-1.5600816E-01,3.41797E-01,-4.88281E-02
-1.5598968E-01,3.22266E-01,2.92969E-02
-1.5597120E-01,3.02734E-01,4.88281E-02
-1.5595272E-01,2.44141E-01,6.83594E-02
-1.5593424E-01,2.83203E-01,6.83594E-02
-1.5591576E-01,3.22266E-01,6.83594E-02
-1.5589728E-01,3.61328E-01,-2.92969E-02
-1.5587880E-01,3.61328E-01,8.78906E-02
-1.5586032E-01,4.00391E-01,2.92969E-02
-1.5584184E-01,1.85547E-01,4.88281E-02
-1.5582336E-01,3.41797E-01,2.92969E-02
-1.5580488E-01,2.24609E-01,2.92969E-02
-1.5578640E-01,3.61328E-01,-9.76562E-03
-1.5576792E-01,3.22266E-01,2.92969E-02
-1.5574944E-01,3.41797E-01,9.76562E-03
-1.5573096E-01,2.83203E-01,9.76562E-03
-1.5571248E-01,3.02734E-01,4.88281E-02
-1.5569400E-01,2.63672E-01,9.76562E-03
-1.5567552E-01,3.61328E-01,9.76562E-03
-1.5565704E-01,3.41797E-01,-9.76562E-03
-1.5563856E-01,3.61328E-01,4.88281E-02
-1.5562008E-01,2.83203E-01,4.88281E-02
-1.5560160E-01,3.22266E-01,9.76562E-03
-1.5558312E-01,2.83203E-01,8.78906E-02
-1.5556464E-01,3.02734E-01,9.76562E-03
-1.5554616E-01,2.83203E-01,2.92969E-02
-1.5552768E-01,2.83203E-01,9.76562E-03
-1.5550920E-01,2.83203E-01,6.83594E-02
-1.5549072E-01,2.83203E-01,4.88281E-02
-1.5547224E-01,2.83203E-01,8.78906E-02
-1.5545376E-01,3.02734E-01,2.92969E-02
-1.5543528E-01,3.02734E-01,9.76562E-03
-1.5541680E-01,3.22266E-01,9.76562E-03
-1.5539832E-01,3.02734E-01,9.76562E-03
-1.5537984E-01,3.22266E-01,2.92969E-02
-1.5536136E-01,3.02734E-01,4.88281E-02
-1.5534288E-01,3.61328E-01,-9.76562E-03
-1.5532440E-01,3.02734E-01,9.76562E-03
-1.5530592E-01,3.41797E-01,9.76562E-03
-1.5528744E-01,2.63672E-01,6.83594E-02
-1.5526896E-01,4.19922E-01,9.76562E-03
-1.5525048E-01,3.41797E-01,4.88281E-02
-1.5523200E-01,3.22266E-01,9.76562E-03
-1.5521352E-01,3.41797E-01,4.88281E-02
-1.5519504E-01,3.61328E-01,-9.76562E-03
-1.5517656E-01,2.83203E-01,4.88281E-02
-1.5515808E-01,3.41797E-01,-9.76562E-03
-1.5513960E-01,3.41797E-01,2.92969E-02
-1.5512112E-01,3.61328E-01,9.76562E-03
-1.5510264E-01,2.83203E-01,9.76562E-03
-1.5508416E-01,2.83203E-01,-9.76562E-03
-1.5506568E-01,2.83203E-01,6.83594E-02
-1.5504720E-01,3.22266E-01,-9.76562E-03
-1.5502872E-01,3.61328E-01,6.83594E-02
-1.5501024E-01,4.00391E-01,6.83594E-02
-1.5499176E-01,3.61328E-01,4.88281E-02
-1.5497328E-01,3.22266E-01,4.88281E-02
-1.5495480E-01,2.83203E-01,6.83594E-02
-1.5493632E-01,4.00391E-01,9.76562E-03
-1.5491784E-01,2.83203E-01,-9.76562E-03
-1.5489936E-01,3.22266E-01,4.88281E-02
-1.5488088E-01,3.02734E-01,4.88281E-02
-1.5486240E-01,3.02734E-01,2.92969E-02
-1.5484392E-01,3.41797E-01,-9.76562E-03
-1.5482544E-01,3.22266E-01,9.76562E-03
-1.5480696E-01,2.83203E-01,2.92969E-02
-1.5478848E-01,3.41797E-01,-2.92969E-02
-1.5477000E-01,3.61328E-01,2.92969E-02
-1.5475152E-01,3.41797E-01,2.92969E-02
-1.5473304E-01,3.02734E-01,4.88281E-02
-1.5471456E-01,3.22266E-01,9.76562E-03
-1.5469608E-01,2.63672E-01,9.76562E-03
-1.5467760E-01,2.44141E-01,4.88281E-02
-1.5465912E-01,2.44141E-01,4.88281E-02
-1.5464064E-01,2.83203E-01,4.88281E-02
-1.5462216E-01,2.44141E-01,9.76562E-03
-1.5460368E-01,3.41797E-01,9.76562E-03
-1.5458520E-01,3.02734E-01,4.88281E-02
-1.5456672E-01,3.22266E-01,-9.76562E-03
-1.5454824E-01,3.02734E-01,-6.83594E-02
-1.5452976E-01,2.44141E-01,2.92969E-02
-1.5451128E-01,3.22266E-01,4.88281E-02
-1.5449280E-01,3.22266E-01,9.76562E-03
-1.5447432E-01,2.83203E-01,4.88281E-02
-1.5445584E-01,3.22266E-01,2.92969E-02
-1.5443736E-01,3.41797E-01,6.83594E-02
-1.5441888E-01,3.22266E-01,4.88281E-02
-1.5440040E-01,3.61328E-01,2.92969E-02
-1.5438192E-01,3.02734E-01,6.83594E-02
-1.5436344E-01,2.83203E-01,-9.76562E-03
-1.5434496E-01,3.02734E-01,4.88281E-02
-1.5432648E-01,2.83203E-01,4.88281E-02
-1.5430800E-01,3.22266E-01,6.83594E-02
-1.5428952E-01,3.02734E-01,6.83594E-02
-1.5427104E-01,3.02734E-01,-9.76562E-03
-1.5425256E-01,2.83203E-01,2.92969E-02
-1.5423408E-01,3.02734E-01,-9.76562E-03
-1.5421560E-01,3.41797E-01,-9.76562E-03
-1.5419712E-01,3.80859E-01,2.92969E-02
-1.5417864E-01,3.02734E-01,6.83594E-02
-1.5416016E-01,3.22266E-01,2.92969E-02
-1.5414168E-01,3.02734E-01,-2.92969E-02
-1.5412320E-01,4.00391E-01,9.76562E-03
-1.5410472E-01,3.02734E-01,9.76562E-03
-1.5408624E-01,3.22266E-01,4.88281E-02
-1.5406776E-01,2.83203E-01,8.78906E-02
-1.5404928E-01,2.83203E-01,9.76562E-03
-1.5403080E-01,3.02734E-01,2.92969E-02
-1.5401232E-01,3.02734E-01,4.88281E-02
-1.5399384E-01,3.41797E-01,2.92969E-02
-1.5397536E-01,2.83203E-01,2.92969E-02
-1.5395688E-01,2.44141E-01,9.76562E-03
-1.5393840E-01,3.02734E-01,2.92969E-02
-1.5391992E-01,2.24609E-01,9.76562E-03
-1.5390144E-01,4.00391E-01,9.76562E-03
-1.5388296E-01,2.63672E-01,8.78906E-02
-1.5386448E-01,3.41797E-01,-4.88281E-02
-1.5384600E-01,3.22266E-01,9.76562E-03
-1.5382752E-01,3.22266E-01,2.92969E-02
-1.5380904E-01,2.83203E-01,2.92969E-02
-1.5379056E-01,3.22266E-01,9.76562E-03
-1.5377208E-01,2.44141E-01,9.76562E-03
-1.5375360E-01,2.24609E-01,6.83594E-02
-1.5373512E-01,3.22266E-01,6.83594E-02
-1.5371664E-01,3.02734E-01,9.76562E-03
-1.5369816E-01,3.41797E-01,4.88281E-02
-1.5367968E-01,3.22266E-01,-9.76562E-03
-1.5366120E-01,3.41797E-01,2.92969E-02
-1.5364272E-01,3.41797E-01,2.92969E-02
-1.5362424E-01,3.61328E-01,9.76562E-03
-1.5360576E-01,2.63672E-01,2.92969E-02
-1.5358728E-01,3.22266E-01,6.83594E-02
-1.5356880E-01,3.22266E-01,9.76562E-03
-1.5355032E-01,2.63672E-01,4.88281E-02
-1.5353184E-01,2.44141E-01,9.76562E-03
-1.5351336E-01,3.22266E-01,1.07422E-01
-1.5349488E-01,3.02734E-01,-4.88281E-02
-1.5347640E-01,2.83203E-01,6.83594E-02
-1.5345792E-01,2.63672E-01,2.92969E-02
-1.5343944E-01,3.02734E-01,9.76562E-03
-1.5342096E-01,3.22266E-01,2.92969E-02
-1.5340248E-01,2.83203E-01,2.92969E-02
-1.5338400E-01,3.02734E-01,6.83594E-02
-1.5336552E-01,2.83203E-01,2.92969E-02
-1.5334704E-01,3.22266E-01,-9.76562E-03
-1.5332856E-01,3.61328E-01,9.76562E-03
-1.5331008E-01,4.00391E-01,6.83594E-02
-1.5329160E-01,2.83203E-01,4.88281E-02
-1.5327312E-01,3.61328E-01,-9.76562E-03
-1.5325464E-01,3.02734E-01,2.92969E-02
-1.5323616E-01,3.02734E-01,4.88281E-02
-1.5321768E-01,2.83203E-01,2.92969E-02
-1.5319920E-01,3.02734E-01,2.92969E-02
-1.5318072E-01,3.61328E-01,2.92969E-02
-1.5316224E-01,2.24609E-01,9.76562E-03
-1.5314376E-01,3.41797E-01,6.83594E-02
-1.5312528E-01,3.02734E-01,9.76562E-03
-1.5310680E-01,3.41797E-01,2.92969E-02
-1.5308832E-01,3.41797E-01,9.76562E-03
-1.5306984E-01,3.02734E-01,2.92969E-02
-1.5305136E-01,3.41797E-01,4.88281E-02
-1.5303288E-01,3.22266E-01,4.88281E-02
-1.5301440E-01,3.41797E-01,-9.76562E-03
-1.5299592E-01,3.02734E-01,2.92969E-02
-1.5297744E-01,3.02734E-01,2.92969E-02
-1.5295896E-01,2.83203E-01,8.78906E-02
-1.5294048E-01,3.61328E-01,2.92969E-02
-1.5292200E-01,3.02734E-01,-9.76562E-03
-1.5290352E-01,3.02734E-01,-2.92969E-02
-1.5288504E-01,2.24609E-01,2.92969E-02
-1.5286656E-01,3.61328E-01,-9.76562E-03
-1.5284808E-01,3.22266E-01,2.92969E-02
-1.5282960E-01,3.02734E-01,2.92969E-02
-1.5281112E-01,3.61328E-01,1.26953E-01
-1.5279264E-01,3.41797E-01,-9.76562E-03
-1.5277416E-01,3.41797E-01,4.88281E-02
-1.5275568E-01,3.61328E-01,4.88281E-02
-1.5273720E-01,3.02734E-01,6.83594E-02
-1.5271872E-01,3.80859E-01,9.76562E-03
-1.5270024E-01,3.22266E-01,4.88281E-02
-1.5268176E-01,3.02734E-01,-9.76562E-03
-1.5266328E-01,3.02734E-01,2.92969E-02
-1.5264480E-01,3.80859E-01,2.92969E-02
-1.5262632E-01,3.02734E-01,4.88281E-02
-1.5260784E-01,3.61328E-01,4.88281E-02
-1.5258936E-01,3.22266E-01,4.88281E-02
-1.5257088E-01,2.63672E-01,9.76562E-03
-1.5255240E-01,3.61328E-01,6.83594E-02
-1.5253392E-01,3.41797E-01,9.76562E-03
-1.5251544E-01,3.22266E-01,4.88281E-02
-1.5249696E-01,3.41797E-01,6.83594E-02
-1.5247848E-01,3.22266E-01,2.92969E-02
-1.5246000E-01,3.02734E-01,2.92969E-02
-1.5244152E-01,3.02734E-01,6.83594E-02
-1.5242304E-01,3.41797E-01,9.76562E-03
-1.5240456E-01,2.83203E-01,-6.83594E-02
-1.5238608E-01,3.41797E-01,-4.88281E-02
-1.5236760E-01,3.41797E-01,9.76562E-03
-1.5234912E-01,2.63672E-01,2.92969E-02
-1.5233064E-01,3.22266E-01,9.76562E-03
-1.5231216E-01,3.22266E-01,4.88281E-02
-1.5229368E-01,3.02734E-01,6.83594E-02
-1.5227520E-01,3.22266E-01,2.92969E-02
-1.5225672E-01,3.02734E-01,4.88281E-02
-1.5223824E-01,3.22266E-01,9.76562E-03
-1.5221976E-01,2.83203E-01,6.83594E-02
-1.5220128E-01,3.41797E-01,-4.88281E-02
-1.5218280E-01,3.22266E-01,4.88281E-02
-1.5216432E-01,4.00391E-01,4.88281E-02
-1.5214584E-01,3.41797E-01,2.92969E-02
-1.5212736E-01,4.00391E-01,4.88281E-02
-1.5210888E-01,3.22266E-01,8.78906E-02
-1.5209040E-01,3.22266E-01,-9.76562E-03
-1.5207192E-01,2.63672E-01,4.88281E-02
-1.5205344E-01,2.83203E-01,-9.76562E-03
-1.5203496E-01,2.83203E-01,6.83594E-02
-1.5201648E-01,3.02734E-01,6.83594E-02
-1.5199800E-01,3.41797E-01,2.92969E-02
-1.5197952E-01,3.41797E-01,2.92969E-02
-1.5196104E-01,2.83203E-01,-4.88281E-02
-1.5194256E-01,3.41797E-01,2.92969E-02
-1.5192408E-01,2.83203E-01,4.88281E-02
-1.5190560E-01,3.61328E-01,6.83594E-02
-1.5188712E-01,3.61328E-01,1.07422E-01
-1.5186864E-01,4.19922E-01,-4.88281E-02
-1.5185016E-01,2.83203E-01,2.92969E-02
-1.5183168E-01,2.83203E-01,2.92969E-02
-1.5181320E-01,2.44141E-01,2.92969E-02
-1.5179472E-01,3.41797E-01,2.92969E-02
-1.5177624E-01,3.61328E-01,2.92969E-02
-1.5175776E-01,3.80859E-01,9.76562E-03
-1.5173928E-01,3.22266E-01,4.88281E-02
-1.5172080E-01,3.22266E-01,2.92969E-02
-1.5170232E-01,3.02734E-01,6.83594E-02
-1.5168384E-01,3.22266E-01,-2.92969E-02
-1.5166536E-01,3.02734E-01,6.83594E-02
-1.5164688E-01,3.80859E-01,-4.88281E-02
-1.5162840E-01,3.22266E-01,2.92969E-02
-1.5160992E-01,3.41797E-01,4.88281E-02
-1.5159144E-01,3.02734E-01,6.83594E-02
-1.5157296E-01,3.61328E-01,2.92969E-02
-1.5155448E-01,3.41797E-01,1.07422E-01
-1.5153600E-01,3.61328E-01,9.76562E-03
-1.5151752E-01,2.83203E-01,4.88281E-02
-1.5149904E-01,3.22266E-01,2.92969E-02
-1.5148056E-01,2.83203E-01,4.88281E-02
-1.5146208E-01,3.61328E-01,2.92969E-02
-1.5144360E-01,2.83203E-01,6.83594E-02
-1.5142512E-01,3.61328E-01,6.83594E-02
-1.5140664E-01,3.02734E-01,4.88281E-02
-1.5138816E-01,3.41797E-01,4.88281E-02
-1.5136968E-01,3.61328E-01,2.92969E-02
-1.5135120E-01,3.02734E-01,2.92969E-02
-1.5133272E-01,3.22266E-01,4.88281E-02
-1.5131424E-01,3.22266E-01,4.88281E-02
-1.5129576E-01,3.41797E-01,4.88281E-02
-1.5127728E-01,2.83203E-01,6.83594E-02
-1.5125880E-01,2.63672E-01,6.83594E-02
-1.5124032E-01,3.80859E-01,6.83594E-02
-1.5122184E-01,2.83203E-01,9.76562E-03
-1.5120336E-01,3.02734E-01,9.76562E-03
-1.5118488E-01,2.24609E-01,8.78906E-02
-1.5116640E-01,3.61328E-01,2.92969E-02
-1.5114792E-01,3.02734E-01,4.88281E-02
-1.5112944E-01,3.61328E-01,-9.76562E-03
-1.5111096E-01,3.22266E-01,1.66016E-01
-1.5109248E-01,4.00391E-01,2.92969E-02
-1.5107400E-01,3.22266E-01,4.88281E-02
-1.5105552E-01,3.41797E-01,2.92969E-02
-1.5103704E-01,3.02734E-01,4.88281E-02
-1.5101856E-01,2.83203E-01,6.83594E-02
-1.5100008E-01,2.24609E-01,4.88281E-02
-1.5098160E-01,3.41797E-01,-2.92969E-02
-1.5096312E-01,2.83203E-01,6.83594E-02
-1.5094464E-01,3.41797E-01,2.92969E-02
-1.5092616E-01,3.02734E-01,4.88281E-02
-1.5090768E-01,4.00391E-01,9.76562E-03
-1.5088920E-01,4.00391E-01,2.92969E-02
-1.5087072E-01,4.00391E-01,9.76562E-03
-1.5085224E-01,3.61328E-01,2.92969E-02
-1.5083376E-01,3.02734E-01,4.88281E-02
-1.5081528E-01,2.83203E-01,6.83594E-02
-1.5079680E-01,3.80859E-01,-2.92969E-02
-1.5077832E-01,2.24609E-01,4.88281E-02
-1.5075984E-01,3.61328E-01,4.88281E-02
-1.5074136E-01,3.41797E-01,-9.76562E-03
-1.5072288E-01,3.22266E-01,9.76562E-03
-1.5070440E-01,2.44141E-01,6.83594E-02
-1.5068592E-01,3.02734E-01,9.76562E-03
-1.5066744E-01,3.41797E-01,8.78906E-02
-1.5064896E-01,3.02734E-01,9.76562E-03
-1.5063048E-01,3.22266E-01,2.92969E-02
-1.5061200E-01,4.00391E-01,6.83594E-02
-1.5059352E-01,3.41797E-01,9.76562E-03
-1.5057504E-01,3.41797E-01,-2.92969E-02
-1.5055656E-01,3.61328E-01,4.88281E-02
-1.5053808E-01,2.83203E-01,9.76562E-03
-1.5051960E-01,2.63672E-01,1.07422E-01
-1.5050112E-01,3.41797E-01,-2.92969E-02
-1.5048264E-01,3.02734E-01,6.83594E-02
-1.5046416E-01,3.41797E-01,2.92969E-02
-1.5044568E-01,2.44141E-01,4.88281E-02
-1.5042720E-01,2.63672E-01,9.76562E-03
-1.5040872E-01,2.83203E-01,9.76562E-03
-1.5039024E-01,3.41797E-01,-9.76562E-03
-1.5037176E-01,3.02734E-01,8.78906E-02
-1.5035328E-01,3.41797E-01,2.92969E-02
-1.5033480E-01,3.61328E-01,2.92969E-02
-1.5031632E-01,3.22266E-01,2.92969E-02
-1.5029784E-01,3.41797E-01,6.83594E-02
-1.5027936E-01,4.19922E-01,2.92969E-02
-1.5026088E-01,3.22266E-01,6.83594E-02
-1.5024240E-01,2.83203E-01,2.92969E-02
-1.5022392E-01,3.02734E-01,4.88281E-02
-1.5020544E-01,3.61328E-01,4.88281E-02
-1.5018696E-01,2.83203E-01,6.83594E-02
-1.5016848E-01,2.83203E-01,2.92969E-02
-1.5015000E-01,2.83203E-01,4.88281E-02
-1.5013152E-01,3.41797E-01,6.83594E-02
-1.5011304E-01,3.41797E-01,4.88281E-02
-1.5009456E-01,3.61328E-01,2.92969E-02
-1.5007608E-01,3.41797E-01,4.88281E-02
-1.5005760E-01,3.41797E-01,-9.76562E-03
-1.5003912E-01,3.80859E-01,4.88281E-02
-1.5002064E-01,3.61328E-01,9.76562E-03
-1.5000216E-01,2.83203E-01,-9.76562E-03
-1.4998368E-01,3.61328E-01,6.83594E-02
-1.4996520E-01,3.22266E-01,4.88281E-02
-1.4994672E-01,3.41797E-01,6.83594E-02
-1.4992824E-01,3.61328E-01,2.92969E-02
-1.4990976E-01,3.22266E-01,6.83594E-02
-1.4989128E-01,2.83203E-01,4.88281E-02
-1.4987280E-01,3.61328E-01,9.76562E-03
-1.4985432E-01,3.02734E-01,1.07422E-01
-1.4983584E-01,3.02734E-01,4.88281E-02
-1.4981736E-01,3.02734E-01,2.92969E-02
-1.4979888E-01,3.80859E-01,4.88281E-02
-1.4978040E-01,2.83203E-01,2.92969E-02
-1.4976192E-01,3.02734E-01,4.88281E-02
-1.4974344E-01,3.02734E-01,2.92969E-02
-1.4972496E-01,3.22266E-01,9.76562E-03
-1.4970648E-01,2.83203E-01,8.78906E-02
-1.4968800E-01,3.22266E-01,-9.76562E-03
-1.4966952E-01,2.83203E-01,6.83594E-02
-1.4965104E-01,3.80859E-01,9.76562E-03
-1.4963256E-01,2.83203E-01,1.07422E-01
-1.4961408E-01,4.19922E-01,4.88281E-02
-1.4959560E-01,3.02734E-01,4.88281E-02
-1.4957712E-01,3.02734E-01,2.92969E-02
-1.4955864E-01,2.83203E-01,2.92969E-02
-1.4954016E-01,3.22266E-01,9.76562E-03
-1.4952168E-01,4.00391E-01,4.88281E-02
-1.4950320E-01,3.61328E-01,4.88281E-02
-1.4948472E-01,3.80859E-01,9.76562E-03
-1.4946624E-01,4.19922E-01,9.76562E-03
-1.4944776E-01,2.63672E-01,1.07422E-01
-1.4942928E-01,3.41797E-01,4.88281E-02
-1.4941080E-01,3.02734E-01,6.83594E-02
-1.4939232E-01,3.61328E-01,4.88281E-02
-1.4937384E-01,3.80859E-01,8.78906E-02
-1.4935536E-01,3.61328E-01,2.92969E-02
-1.4933688E-01,3.02734E-01,-9.76562E-03
-1.4931840E-01,3.41797E-01,2.92969E-02
-1.4929992E-01,2.83203E-01,4.88281E-02
-1.4928144E-01,3.61328E-01,9.76562E-03
-1.4926296E-01,2.83203E-01,4.88281E-02
-1.4924448E-01,3.41797E-01,-9.76562E-03
-1.4922600E-01,3.02734E-01,6.83594E-02
-1.4920752E-01,3.41797E-01,2.92969E-02
-1.4918904E-01,4.00391E-01,9.76562E-03
-1.4917056E-01,4.00391E-01,2.92969E-02
-1.4915208E-01,3.22266E-01,4.88281E-02
-1.4913360E-01,3.80859E-01,9.76562E-03
-1.4911512E-01,2.83203E-01,-9.76562E-03
-1.4909664E-01,3.80859E-01,2.92969E-02
-1.4907816E-01,3.61328E-01,4.88281E-02
-1.4905968E-01,3.41797E-01,4.88281E-02
-1.4904120E-01,3.02734E-01,1.07422E-01
-1.4902272E-01,3.61328E-01,2.92969E-02
-1.4900424E-01,2.44141E-01,8.78906E-02
-1.4898576E-01,3.61328E-01,4.88281E-02
-1.4896728E-01,2.63672E-01,4.88281E-02
-1.4894880E-01,3.22266E-01,4.88281E-02
-1.4893032E-01,3.02734E-01,4.88281E-02
-1.4891184E-01,3.61328E-01,2.92969E-02
-1.4889336E-01,3.02734E-01,9.76562E-03
-1.4887488E-01,3.02734E-01,2.92969E-02
-1.4885640E-01,3.61328E-01,6.83594E-02
-1.4883792E-01,3.61328E-01,8.78906E-02
-1.4881944E-01,3.61328E-01,6.83594E-02
-1.4880096E-01,3.80859E-01,2.92969E-02
-1.4878248E-01,3.22266E-01,8.78906E-02
-1.4876400E-01,3.02734E-01,-2.92969E-02
-1.4874552E-01,3.41797E-01,6.83594E-02
-1.4872704E-01,3.80859E-01,4.88281E-02
-1.4870856E-01,3.02734E-01,9.76562E-03
-1.4869008E-01,3.02734E-01,2.92969E-02
-1.4867160E-01,3.02734E-01,4.88281E-02
-1.4865312E-01,3.02734E-01,9.76562E-03
-1.4863464E-01,3.22266E-01,4.88281E-02
-1.4861616E-01,3.80859E-01,9.76562E-03
-1.4859768E-01,2.83203E-01,1.07422E-01
-1.4857920E-01,3.80859E-01,6.83594E-02
-1.4856072E-01,2.83203E-01,6.83594E-02
-1.4854224E-01,3.61328E-01,-2.92969E-02
-1.4852376E-01,3.22266E-01,9.76562E-03
-1.4850528E-01,3.61328E-01,2.92969E-02
-1.4848680E-01,3.61328E-01,4.88281E-02
-1.4846832E-01,3.61328E-01,2.92969E-02
-1.4844984E-01,3.41797E-01,1.07422E-01
-1.4843136E-01,3.41797E-01,9.76562E-03
-1.4841288E-01,3.22266E-01,4.88281E-02
-1.4839440E-01,3.41797E-01,8.78906E-02
-1.4837592E-01,3.22266E-01,6.83594E-02
-1.4835744E-01,4.00391E-01,2.92969E-02
-1.4833896E-01,3.41797E-01,6.83594E-02
-1.4832048E-01,3.41797E-01,2.92969E-02
-1.4830200E-01,3.61328E-01,2.92969E-02
-1.4828352E-01,3.22266E-01,-9.76562E-03
-1.4826504E-01,3.41797E-01,6.83594E-02
-1.4824656E-01,3.80859E-01,4.88281E-02
-1.4822808E-01,2.83203E-01,2.92969E-02
-1.4820960E-01,2.83203E-01,4.88281E-02
-1.4819112E-01,3.61328E-01,1.07422E-01
-1.4817264E-01,3.80859E-01,6.83594E-02
-1.4815416E-01,3.22266E-01,2.92969E-02
-1.4813568E-01,3.22266E-01,4.88281E-02
-1.4811720E-01,2.83203E-01,4.88281E-02
-1.4809872E-01,3.61328E-01,2.92969E-02
-1.4808024E-01,3.22266E-01,1.07422E-01
-1.4806176E-01,4.19922E-01,-2.92969E-02
-1.4804328E-01,3.22266E-01,4.88281E-02
-1.4802480E-01,3.41797E-01,1.07422E-01
-1.4800632E-01,3.02734E-01,4.88281E-02
-1.4798784E-01,3.61328E-01,4.88281E-02
-1.4796936E-01,2.83203E-01,6.83594E-02
-1.4795088E-01,3.02734E-01,4.88281E-02
-1.4793240E-01,3.02734E-01,6.83594E-02
-1.4791392E-01,3.61328E-01,2.92969E-02
-1.4789544E-01,3.02734E-01,8.78906E-02
-1.4787696E-01,3.61328E-01,-9.76562E-03
-1.4785848E-01,4.00391E-01,4.88281E-02
-1.4784000E-01,3.41797E-01,-4.88281E-02
-1.4782152E-01,2.83203E-01,2.92969E-02
-1.4780304E-01,3.61328E-01,4.88281E-02
-1.4778456E-01,3.41797E-01,4.88281E-02
-1.4776608E-01,4.00391E-01,9.76562E-03
-1.4774760E-01,3.61328E-01,4.88281E-02
-1.4772912E-01,3.61328E-01,4.88281E-02
-1.4771064E-01,3.22266E-01,6.83594E-02
-1.4769216E-01,3.41797E-01,2.92969E-02
-1.4767368E-01,3.02734E-01,2.92969E-02
-1.4765520E-01,4.00391E-01,-4.88281E-02
-1.4763672E-01,3.61328E-01,6.83594E-02
-1.4761824E-01,2.83203E-01,2.92969E-02
-1.4759976E-01,3.02734E-01,4.88281E-02
-1.4758128E-01,3.22266E-01,9.76562E-03
-1.4756280E-01,3.22266E-01,9.76562E-03
-1.4754432E-01,3.80859E-01,2.92969E-02
-1.4752584E-01,3.61328E-01,4.88281E-02
-1.4750736E-01,3.22266E-01,9.76562E-03
-1.4748888E-01,3.22266E-01,6.83594E-02
-1.4747040E-01,2.83203E-01,9.76562E-03
-1.4745192E-01,3.41797E-01,9.76562E-03
-1.4743344E-01,3.61328E-01,2.92969E-02
-1.4741496E-01,3.61328E-01,9.76562E-03
-1.4739648E-01,3.61328E-01,4.88281E-02
-1.4737800E-01,3.02734E-01,2.92969E-02
-1.4735952E-01,3.61328E-01,6.83594E-02
-1.4734104E-01,3.61328E-01,1.07422E-01
-1.4732256E-01,3.61328E-01,4.88281E-02
-1.4730408E-01,3.22266E-01,9.76562E-03
-1.4728560E-01,4.00391E-01,6.83594E-02
-1.4726712E-01,3.22266E-01,2.92969E-02
-1.4724864E-01,4.00391E-01,9.76562E-03
-1.4723016E-01,3.41797E-01,4.88281E-02
-1.4721168E-01,3.80859E-01,6.83594E-02
-1.4719320E-01,3.61328E-01,4.88281E-02
-1.4717472E-01,4.00391E-01,9.76562E-03
-1.4715624E-01,2.83203E-01,4.88281E-02
-1.4713776E-01,3.61328E-01,-2.92969E-02
-1.4711928E-01,3.02734E-01,4.88281E-02
-1.4710080E-01,3.61328E-01,4.88281E-02
-1.4708232E-01,3.22266E-01,6.83594E-02
-1.4706384E-01,4.19922E-01,-2.92969E-02
-1.4704536E-01,2.83203E-01,1.26953E-01
-1.4702688E-01,3.61328E-01,9.76562E-03
-1.4700840E-01,2.63672E-01,4.88281E-02
-1.4698992E-01,3.80859E-01,6.83594E-02
-1.4697144E-01,3.02734E-01,2.92969E-02
-1.4695296E-01,3.22266E-01,9.76562E-03
-1.4693448E-01,3.02734E-01,4.88281E-02
-1.4691600E-01,3.22266E-01,9.76562E-03
-1.4689752E-01,3.61328E-01,4.88281E-02
-1.4687904E-01,3.61328E-01,4.88281E-02
-1.4686056E-01,2.24609E-01,4.88281E-02
-1.4684208E-01,4.00391E-01,6.83594E-02
-1.4682360E-01,2.83203E-01,6.83594E-02
-1.4680512E-01,3.22266E-01,-9.76562E-03
-1.4678664E-01,2.83203E-01,4.88281E-02
-1.4676816E-01,3.61328E-01,9.76562E-03
-1.4674968E-01,3.61328E-01,4.88281E-02
-1.4673120E-01,3.61328E-01,-9.76562E-03
-1.4671272E-01,3.22266E-01,1.26953E-01
-1.4669424E-01,3.61328E-01,2.92969E-02
-1.4667576E-01,3.61328E-01,2.92969E-02
-1.4665728E-01,3.61328E-01,6.83594E-02
-1.4663880E-01,3.02734E-01,6.83594E-02
-1.4662032E-01,3.61328E-01,4.88281E-02
-1.4660184E-01,3.41797E-01,4.88281E-02
-1.4658336E-01,4.19922E-01,4.88281E-02
-1.4656488E-01,3.22266E-01,9.76562E-03
-1.4654640E-01,3.41797E-01,-9.76562E-03
-1.4652792E-01,2.83203E-01,4.88281E-02
-1.4650944E-01,4.00391E-01,9.76562E-03
-1.4649096E-01,2.83203E-01,4.88281E-02
-1.4647248E-01,4.00391E-01,6.83594E-02
-1.4645400E-01,2.83203E-01,1.46484E-01
-1.4643552E-01,3.80859E-01,-4.88281E-02
-1.4641704E-01,3.61328E-01,6.83594E-02
-1.4639856E-01,3.41797E-01,9.76562E-03
-1.4638008E-01,3.22266E-01,4.88281E-02
-1.4636160E-01,3.41797E-01,4.88281E-02
-1.4634312E-01,3.41797E-01,4.88281E-02
-1.4632464E-01,3.61328E-01,9.76562E-03
-1.4630616E-01,3.41797E-01,6.83594E-02
-1.4628768E-01,3.61328E-01,2.92969E-02
-1.4626920E-01,3.02734E-01,9.76562E-03
-1.4625072E-01,2.83203E-01,-9.76562E-03
-1.4623224E-01,3.02734E-01,9.76562E-03
-1.4621376E-01,3.41797E-01,9.76562E-03
-1.4619528E-01,3.41797E-01,9.76562E-03
-1.4617680E-01,4.00391E-01,9.76562E-03
-1.4615832E-01,3.61328E-01,6.83594E-02
-1.4613984E-01,3.61328E-01,2.92969E-02
-1.4612136E-01,3.80859E-01,2.92969E-02
-1.4610288E-01,3.41797E-01,2.92969E-02
-1.4608440E-01,2.83203E-01,9.76562E-03
-1.4606592E-01,3.80859E-01,9.76562E-03
-1.4604744E-01,3.61328E-01,1.07422E-01
-1.4602896E-01,3.61328E-01,9.76562E-03
-1.4601048E-01,3.80859E-01,6.83594E-02
-1.4599200E-01,3.80859E-01,2.92969E-02
-1.4597352E-01,2.83203E-01,4.88281E-02
-1.4595504E-01,3.80859E-01,4.88281E-02
-1.4593656E-01,3.41797E-01,9.76562E-03
-1.4591808E-01,3.02734E-01,9.76562E-03
-1.4589960E-01,3.61328E-01,6.83594E-02
-1.4588112E-01,2.83203E-01,9.76562E-03
-1.4586264E-01,3.41797E-01,4.88281E-02
-1.4584416E-01,3.41797E-01,4.88281E-02
-1.4582568E-01,3.61328E-01,8.78906E-02
-1.4580720E-01,3.41797E-01,2.92969E-02
-1.4578872E-01,3.41797E-01,2.92969E-02
-1.4577024E-01,3.80859E-01,4.88281E-02
-1.4575176E-01,3.61328E-01,8.78906E-02
-1.4573328E-01,3.61328E-01,9.76562E-03
-1.4571480E-01,3.22266E-01,2.92969E-02
-1.4569632E-01,4.00391E-01,-2.92969E-02
-1.4567784E-01,3.80859E-01,6.83594E-02
-1.4565936E-01,3.02734E-01,4.88281E-02
-1.4564088E-01,3.41797E-01,4.88281E-02
-1.4562240E-01,3.61328E-01,2.92969E-02
-1.4560392E-01,3.61328E-01,2.92969E-02
-1.4558544E-01,3.41797E-01,4.88281E-02
-1.4556696E-01,3.61328E-01,2.92969E-02
-1.4554848E-01,3.61328E-01,4.88281E-02
-1.4553000E-01,2.63672E-01,4.88281E-02
-1.4551152E-01,3.22266E-01,9.76562E-03
-1.4549304E-01,3.41797E-01,2.92969E-02
-1.4547456E-01,3.22266E-01,4.88281E-02
-1.4545608E-01,3.02734E-01,1.26953E-01
-1.4543760E-01,4.19922E-01,-9.76562E-03
-1.4541912E-01,3.61328E-01,9.76562E-03
-1.4540064E-01,4.00391E-01,-9.76562E-03
-1.4538216E-01,3.80859E-01,2.92969E-02
-1.4536368E-01,3.41797E-01,-4.88281E-02
-1.4534520E-01,3.02734E-01,9.76562E-03
-1.4532672E-01,3.41797E-01,9.76562E-03
-1.4530824E-01,2.83203E-01,9.76562E-03
-1.4528976E-01,3.22266E-01,9.76562E-03
-1.4527128E-01,3.02734E-01,4.88281E-02
-1.4525280E-01,3.41797E-01,2.92969E-02
-1.4523432E-01,2.83203E-01,6.83594E-02
-1.4521584E-01,3.02734E-01,4.88281E-02
-1.4519736E-01,3.22266E-01,2.92969E-02
-1.4517888E-01,2.83203E-01,2.92969E-02
-1.4516040E-01,2.63672E-01,2.92969E-02
-1.4514192E-01,3.02734E-01,-6.83594E-02
-1.4512344E-01,3.22266E-01,2.92969E-02
-1.4510496E-01,3.41797E-01,9.76562E-03
-1.4508648E-01,3.22266E-01,-2.92969E-02
-1.4506800E-01,4.00391E-01,9.76562E-03
-1.4504952E-01,2.83203E-01,-2.92969E-02
-1.4503104E-01,3.41797E-01,2.92969E-02
-1.4501256E-01,2.83203E-01,4.88281E-02
-1.4499408E-01,3.41797E-01,-2.92969E-02
-1.4497560E-01,2.83203E-01,6.83594E-02
-1.4495712E-01,3.22266E-01,9.76562E-03
-1.4493864E-01,3.41797E-01,2.92969E-02
-1.4492016E-01,3.22266E-01,-2.92969E-02
-1.4490168E-01,2.24609E-01,-9.76562E-03
-1.4488320E-01,3.61328E-01,-9.76562E-03
-1.4486472E-01,3.02734E-01,2.92969E-02
-1.4484624E-01,3.22266E-01,4.88281E-02
-1.4482776E-01,3.41797E-01,2.92969E-02
-1.4480928E-01,3.22266E-01,2.92969E-02
-1.4479080E-01,3.41797E-01,-9.76562E-03
-1.4477232E-01,3.02734E-01,2.92969E-02
-1.4475384E-01,3.41797E-01,6.83594E-02
-1.4473536E-01,3.02734E-01,2.92969E-02
-1.4471688E-01,3.61328E-01,9.76562E-03
-1.4469840E-01,3.22266E-01,9.76562E-03
-1.4467992E-01,2.83203E-01,2.92969E-02
-1.4466144E-01,4.00391E-01,9.76562E-03
-1.4464296E-01,3.41797E-01,6.83594E-02
-1.4462448E-01,3.02734E-01,9.76562E-03
-1.4460600E-01,3.61328E-01,6.83594E-02
-1.4458752E-01,4.00391E-01,4.88281E-02
-1.4456904E-01,3.22266E-01,4.88281E-02
-1.4455056E-01,3.61328E-01,2.92969E-02
-1.4453208E-01,3.02734E-01,6.83594E-02
-1.4451360E-01,3.41797E-01,9.76562E-03
-1.4449512E-01,2.83203E-01,1.07422E-01
-1.4447664E-01,3.02734E-01,9.76562E-03
-1.4445816E-01,3.22266E-01,4.88281E-02
-1.4443968E-01,3.02734E-01,6.83594E-02
-1.4442120E-01,3.61328E-01,4.88281E-02
-1.4440272E-01,4.00391E-01,2.92969E-02
-1.4438424E-01,3.61328E-01,9.76562E-03
-1.4436576E-01,3.41797E-01,4.88281E-02
-1.4434728E-01,3.80859E-01,8.78906E-02
-1.4432880E-01,3.41797E-01,9.76562E-03
-1.4431032E-01,3.80859E-01,-4.88281E-02
-1.4429184E-01,4.00391E-01,9.76562E-03
-1.4427336E-01,3.41797E-01,-6.83594E-02
-1.4425488E-01,3.22266E-01,9.76562E-03
-1.4423640E-01,3.22266E-01,6.83594E-02
-1.4421792E-01,3.22266E-01,9.76562E-03
-1.4419944E-01,3.22266E-01,2.92969E-02
-1.4418096E-01,3.61328E-01,6.83594E-02
-1.4416248E-01,3.41797E-01,4.88281E-02
-1.4414400E-01,3.41797E-01,9.76562E-03
-1.4412552E-01,3.61328E-01,4.88281E-02
-1.4410704E-01,4.19922E-01,9.76562E-03
-1.4408856E-01,3.22266E-01,2.92969E-02
-1.4407008E-01,3.22266E-01,2.92969E-02
-1.4405160E-01,2.83203E-01,9.76562E-03
-1.4403312E-01,4.00391E-01,2.92969E-02
-1.4401464E-01,3.22266E-01,4.88281E-02
-1.4399616E-01,3.61328E-01,2.92969E-02
-1.4397768E-01,3.02734E-01,8.78906E-02
-1.4395920E-01,3.80859E-01,9.76562E-03
-1.4394072E-01,3.02734E-01,8.78906E-02
-1.4392224E-01,3.41797E-01,4.88281E-02
-1.4390376E-01,3.41797E-01,6.83594E-02
-1.4388528E-01,3.02734E-01,9.76562E-03
-1.4386680E-01,3.22266E-01,2.92969E-02
-1.4384832E-01,3.22266E-01,4.88281E-02
-1.4382984E-01,3.02734E-01,4.88281E-02
-1.4381136E-01,3.41797E-01,2.92969E-02
-1.4379288E-01,3.61328E-01,6.83594E-02
-1.4377440E-01,4.00391E-01,9.76562E-03
-1.4375592E-01,3.41797E-01,2.92969E-02
-1.4373744E-01,3.61328E-01,4.88281E-02
-1.4371896E-01,3.41797E-01,2.92969E-02
-1.4370048E-01,3.80859E-01,-9.76562E-03
-1.4368200E-01,2.63672E-01,-9.76562E-03
-1.4366352E-01,4.00391E-01,2.92969E-02
-1.4364504E-01,3.61328E-01,6.83594E-02
-1.4362656E-01,3.61328E-01,9.76562E-03
-1.4360808E-01,3.02734E-01,4.88281E-02
-1.4358960E-01,3.61328E-01,4.88281E-02
-1.4357112E-01,3.61328E-01,4.88281E-02
-1.4355264E-01,4.19922E-01,-2.92969E-02
-1.4353416E-01,3.41797E-01,-9.76562E-03
-1.4351568E-01,3.80859E-01,4.88281E-02
-1.4349720E-01,4.19922E-01,9.76562E-03
-1.4347872E-01,3.80859E-01,9.76562E-03
-1.4346024E-01,3.61328E-01,2.92969E-02
-1.4344176E-01,3.61328E-01,9.76562E-03
-1.4342328E-01,2.83203E-01,6.83594E-02
-1.4340480E-01,4.00391E-01,9.76562E-03
-1.4338632E-01,3.02734E-01,-9.76562E-03
-1.4336784E-01,3.80859E-01,-9.76562E-03
-1.4334936E-01,3.41797E-01,2.92969E-02
-1.4333088E-01,3.41797E-01,2.92969E-02
-1.4331240E-01,3.02734E-01,1.26953E-01
-1.4329392E-01,4.19922E-01,4.88281E-02
-1.4327544E-01,3.80859E-01,4.88281E-02
-1.4325696E-01,3.41797E-01,4.88281E-02
-1.4323848E-01,3.61328E-01,4.88281E-02
-1.4322000E-01,3.41797E-01,-9.76562E-03
-1.4320152E-01,3.02734E-01,2.92969E-02
-1.4318304E-01,4.19922E-01,2.92969E-02
-1.4316456E-01,3.02734E-01,9.76562E-03
-1.4314608E-01,3.61328E-01,4.88281E-02
-1.4312760E-01,3.41797E-01,2.92969E-02
-1.4310912E-01,4.00391E-01,2.92969E-02
-1.4309064E-01,3.41797E-01,-9.76562E-03
-1.4307216E-01,3.22266E-01,4.88281E-02
-1.4305368E-01,3.22266E-01,6.83594E-02
-1.4303520E-01,4.00391E-01,2.92969E-02
-1.4301672E-01,3.61328E-01,2.92969E-02
-1.4299824E-01,4.00391E-01,4.88281E-02
-1.4297976E-01,3.61328E-01,4.88281E-02
-1.4296128E-01,4.19922E-01,-4.88281E-02
-1.4294280E-01,3.61328E-01,9.76562E-03
-1.4292432E-01,4.58984E-01,9.76562E-03
-1.4290584E-01,3.22266E-01,2.92969E-02
-1.4288736E-01,3.22266E-01,9.76562E-03
-1.4286888E-01,3.41797E-01,6.83594E-02
-1.4285040E-01,4.00391E-01,9.76562E-03
-1.4283192E-01,3.41797E-01,2.92969E-02
-1.4281344E-01,3.61328E-01,4.88281E-02
-1.4279496E-01,3.61328E-01,4.88281E-02
-1.4277648E-01,2.83203E-01,2.92969E-02
-1.4275800E-01,3.41797E-01,6.83594E-02
-1.4273952E-01,3.02734E-01,-2.92969E-02
-1.4272104E-01,3.61328E-01,6.83594E-02
-1.4270256E-01,3.41797E-01,9.76562E-03
-1.4268408E-01,3.61328E-01,6.83594E-02
-1.4266560E-01,3.22266E-01,-2.92969E-02
-1.4264712E-01,3.61328E-01,2.92969E-02
-1.4262864E-01,3.22266E-01,9.76562E-03
-1.4261016E-01,4.19922E-01,9.76562E-03
-1.4259168E-01,4.00391E-01,4.88281E-02
-1.4257320E-01,4.00391E-01,-4.88281E-02
-1.4255472E-01,4.00391E-01,9.76562E-03
-1.4253624E-01,3.61328E-01,9.76562E-03
-1.4251776E-01,3.41797E-01,-9.76562E-03
-1.4249928E-01,3.41797E-01,4.88281E-02
-1.4248080E-01,3.80859E-01,9.76562E-03
-1.4246232E-01,3.41797E-01,-9.76562E-03
-1.4244384E-01,3.41797E-01,9.76562E-03
-1.4242536E-01,3.41797E-01,2.92969E-02
-1.4240688E-01,3.22266E-01,6.83594E-02
-1.4238840E-01,3.22266E-01,6.83594E-02
-1.4236992E-01,3.61328E-01,-9.76562E-03
-1.4235144E-01,3.22266E-01,9.76562E-03
-1.4233296E-01,3.80859E-01,4.88281E-02
-1.4231448E-01,3.22266E-01,8.78906E-02
-1.4229600E-01,3.41797E-01,9.76562E-03
-1.4227752E-01,2.83203E-01,2.92969E-02
-1.4225904E-01,3.41797E-01,2.92969E-02
-1.4224056E-01,3.41797E-01,4.88281E-02
-1.4222208E-01,3.22266E-01,4.88281E-02
-1.4220360E-01,3.61328E-01,9.76562E-03
-1.4218512E-01,3.41797E-01,-9.76562E-03
-1.4216664E-01,3.61328E-01,6.83594E-02
-1.4214816E-01,3.80859E-01,9.76562E-03
-1.4212968E-01,3.61328E-01,4.88281E-02
-1.4211120E-01,4.58984E-01,2.92969E-02
-1.4209272E-01,3.22266E-01,4.88281E-02
-1.4207424E-01,4.19922E-01,-4.88281E-02
-1.4205576E-01,3.22266E-01,4.88281E-02
-1.4203728E-01,3.61328E-01,6.83594E-02
-1.4201880E-01,3.22266E-01,9.76562E-03
-1.4200032E-01,3.41797E-01,9.76562E-03
-1.4198184E-01,3.22266E-01,9.76562E-03
-1.4196336E-01,3.80859E-01,6.83594E-02
-1.4194488E-01,3.22266E-01,6.83594E-02
-1.4192640E-01,3.02734E-01,4.88281E-02
-1.4190792E-01,4.19922E-01,6.83594E-02
-1.4188944E-01,4.00391E-01,9.76562E-03
-1.4187096E-01,3.22266E-01,6.83594E-02
-1.4185248E-01,3.22266E-01,2.92969E-02
-1.4183400E-01,3.61328E-01,2.92969E-02
-1.4181552E-01,3.80859E-01,9.76562E-03
-1.4179704E-01,3.80859E-01,9.76562E-03
-1.4177856E-01,3.80859E-01,4.88281E-02
-1.4176008E-01,3.22266E-01,6.83594E-02
-1.4174160E-01,3.41797E-01,1.26953E-01
-1.4172312E-01,3.02734E-01,2.92969E-02
-1.4170464E-01,3.80859E-01,-2.92969E-02
-1.4168616E-01,3.61328E-01,2.92969E-02
-1.4166768E-01,3.61328E-01,-9.76562E-03
-1.4164920E-01,3.61328E-01,4.88281E-02
-1.4163072E-01,3.41797E-01,9.76562E-03
-1.4161224E-01,3.41797E-01,-2.92969E-02
-1.4159376E-01,3.22266E-01,9.76562E-03
-1.4157528E-01,3.61328E-01,6.83594E-02
-1.4155680E-01,3.80859E-01,6.83594E-02
-1.4153832E-01,3.61328E-01,8.78906E-02
-1.4151984E-01,3.61328E-01,9.76562E-03
-1.4150136E-01,3.22266E-01,9.76562E-03
-1.4148288E-01,3.61328E-01,2.92969E-02
-1.4146440E-01,3.61328E-01,2.92969E-02
-1.4144592E-01,3.41797E-01,6.83594E-02
-1.4142744E-01,4.00391E-01,2.92969E-02
-1.4140896E-01,3.22266E-01,2.92969E-02
-1.4139048E-01,4.00391E-01,4.88281E-02
-1.4137200E-01,3.61328E-01,4.88281E-02
-1.4135352E-01,3.41797E-01,4.88281E-02
-1.4133504E-01,4.19922E-01,4.88281E-02
-1.4131656E-01,4.00391E-01,2.92969E-02
-1.4129808E-01,4.39453E-01,2.92969E-02
-1.4127960E-01,3.22266E-01,-9.76562E-03
-1.4126112E-01,3.61328E-01,9.76562E-03
-1.4124264E-01,3.61328E-01,6.83594E-02
-1.4122416E-01,3.80859E-01,4.88281E-02
-1.4120568E-01,3.41797E-01,2.92969E-02
-1.4118720E-01,3.80859E-01,9.76562E-03
-1.4116872E-01,4.00391E-01,9.76562E-03
-1.4115024E-01,4.19922E-01,4.88281E-02
-1.4113176E-01,3.02734E-01,2.92969E-02
-1.4111328E-01,3.41797E-01,-4.88281E-02
-1.4109480E-01,3.02734E-01,2.92969E-02
-1.4107632E-01,3.41797E-01,9.76562E-03
-1.4105784E-01,3.61328E-01,4.88281E-02
-1.4103936E-01,3.61328E-01,4.88281E-02
-1.4102088E-01,2.83203E-01,9.76562E-03
-1.4100240E-01,4.00391E-01,4.88281E-02
-1.4098392E-01,3.61328E-01,1.26953E-01
-1.4096544E-01,4.19922E-01,9.76562E-03
-1.4094696E-01,3.22266E-01,4.88281E-02
-1.4092848E-01,4.19922E-01,6.83594E-02
-1.4091000E-01,3.22266E-01,2.92969E-02
-1.4089152E-01,4.00391E-01,9.76562E-03
-1.4087304E-01,3.02734E-01,4.88281E-02
-1.4085456E-01,3.80859E-01,2.92969E-02
-1.4083608E-01,3.41797E-01,4.88281E-02
-1.4081760E-01,4.19922E-01,4.88281E-02
-1.4079912E-01,3.02734E-01,2.92969E-02
-1.4078064E-01,4.00391E-01,2.92969E-02
-1.4076216E-01,3.41797E-01,2.92969E-02
-1.4074368E-01,3.41797E-01,-9.76562E-03
-1.4072520E-01,3.61328E-01,4.88281E-02
-1.4070672E-01,2.83203E-01,9.76562E-03
-1.4068824E-01,3.61328E-01,2.92969E-02
-1.4066976E-01,3.80859E-01,9.76562E-03
-1.4065128E-01,3.02734E-01,-9.76562E-03
-1.4063280E-01,4.00391E-01,6.83594E-02
-1.4061432E-01,3.02734E-01,4.88281E-02
-1.4059584E-01,3.80859E-01,2.92969E-02
-1.4057736E-01,3.22266E-01,2.92969E-02
-1.4055888E-01,3.61328E-01,6.83594E-02
-1.4054040E-01,2.83203E-01,6.83594E-02
-1.4052192E-01,3.41797E-01,4.88281E-02
-1.4050344E-01,2.44141E-01,6.83594E-02
-1.4048496E-01,4.19922E-01,2.92969E-02
-1.4046648E-01,3.61328E-01,1.46484E-01
-1.4044800E-01,3.61328E-01,-9.76562E-03
-1.4042952E-01,3.61328E-01,4.88281E-02
-1.4041104E-01,4.19922E-01,2.92969E-02
-1.4039256E-01,4.00391E-01,1.07422E-01
-1.4037408E-01,3.22266E-01,-2.92969E-02
-1.4035560E-01,3.41797E-01,8.78906E-02
-1.4033712E-01,3.22266E-01,9.76562E-03
-1.4031864E-01,3.80859E-01,4.88281E-02
-1.4030016E-01,3.22266E-01,9.76562E-03
-1.4028168E-01,3.02734E-01,2.92969E-02
-1.4026320E-01,4.00391E-01,2.92969E-02
-1.4024472E-01,3.41797E-01,8.78906E-02
-1.4022624E-01,3.80859E-01,9.76562E-03
-1.4020776E-01,3.02734E-01,9.76562E-03
-1.4018928E-01,3.80859E-01,4.88281E-02
-1.4017080E-01,3.41797E-01,4.88281E-02
-1.4015232E-01,3.61328E-01,9.76562E-03
-1.4013384E-01,3.61328E-01,2.92969E-02
-1.4011536E-01,3.80859E-01,1.07422E-01
-1.4009688E-01,3.61328E-01,2.92969E-02
-1.4007840E-01,3.61328E-01,-9.76562E-03
-1.4005992E-01,3.61328E-01,9.76562E-03
-1.4004144E-01,3.80859E-01,9.76562E-03
-1.4002296E-01,3.41797E-01,4.88281E-02
-1.4000448E-01,4.19922E-01,9.76562E-03
-1.3998600E-01,3.61328E-01,9.76562E-03
-1.3996752E-01,4.19922E-01,4.88281E-02
-1.3994904E-01,3.41797E-01,8.78906E-02
-1.3993056E-01,4.78516E-01,2.92969E-02
-1.3991208E-01,3.61328E-01,4.88281E-02
-1.3989360E-01,3.22266E-01,2.92969E-02
-1.3987512E-01,3.41797E-01,8.78906E-02
-1.3985664E-01,3.80859E-01,-6.83594E-02
-1.3983816E-01,4.00391E-01,9.76562E-03
-1.3981968E-01,4.19922E-01,2.92969E-02
-1.3980120E-01,3.61328E-01,4.88281E-02
-1.3978272E-01,4.58984E-01,4.88281E-02
-1.3976424E-01,3.02734E-01,6.83594E-02
-1.3974576E-01,3.80859E-01,8.78906E-02
-1.3972728E-01,3.61328E-01,9.76562E-03
-1.3970880E-01,4.00391E-01,9.76562E-03
-1.3969032E-01,3.61328E-01,1.26953E-01
-1.3967184E-01,3.41797E-01,4.88281E-02
-1.3965336E-01,3.61328E-01,4.88281E-02
-1.3963488E-01,3.61328E-01,2.92969E-02
-1.3961640E-01,3.22266E-01,4.88281E-02
-1.3959792E-01,4.19922E-01,2.92969E-02
-1.3957944E-01,3.61328E-01,2.92969E-02
-1.3956096E-01,3.61328E-01,9.76562E-03
-1.3954248E-01,4.00391E-01,2.92969E-02
-1.3952400E-01,3.80859E-01,4.88281E-02
-1.3950552E-01,3.61328E-01,4.88281E-02
-1.3948704E-01,4.19922E-01,4.88281E-02
-1.3946856E-01,3.80859E-01,8.78906E-02
-1.3945008E-01,2.83203E-01,4.88281E-02
-1.3943160E-01,3.41797E-01,8.78906E-02
-1.3941312E-01,4.00391E-01,-2.92969E-02
-1.3939464E-01,3.02734E-01,4.88281E-02
-1.3937616E-01,3.41797E-01,-9.76562E-03
-1.3935768E-01,3.41797E-01,4.88281E-02
-1.3933920E-01,4.00391E-01,-9.76562E-03
-1.3932072E-01,2.83203E-01,9.76562E-03
-1.3930224E-01,4.39453E-01,9.76562E-03
-1.3928376E-01,3.22266E-01,6.83594E-02
-1.3926528E-01,3.80859E-01,-9.76562E-03
-1.3924680E-01,3.22266E-01,6.83594E-02
-1.3922832E-01,3.80859E-01,2.92969E-02
-1.3920984E-01,3.61328E-01,6.83594E-02
-1.3919136E-01,3.41797E-01,2.92969E-02
-1.3917288E-01,3.80859E-01,4.88281E-02
-1.3915440E-01,3.61328E-01,4.88281E-02
-1.3913592E-01,4.00391E-01,4.88281E-02
-1.3911744E-01,4.19922E-01,2.92969E-02
-1.3909896E-01,3.61328E-01,4.88281E-02
-1.3908048E-01,3.80859E-01,9.76562E-03
-1.3906200E-01,3.22266E-01,4.88281E-02
-1.3904352E-01,3.80859E-01,2.92969E-02
-1.3902504E-01,3.80859E-01,1.07422E-01
-1.3900656E-01,4.00391E-01,2.92969E-02
-1.3898808E-01,3.41797E-01,6.83594E-02
-1.3896960E-01,3.80859E-01,4.88281E-02
-1.3895112E-01,4.39453E-01,6.83594E-02
-1.3893264E-01,4.19922E-01,4.88281E-02
-1.3891416E-01,4.00391E-01,4.88281E-02
-1.3889568E-01,3.61328E-01,9.76562E-03
-1.3887720E-01,3.41797E-01,2.92969E-02
-1.3885872E-01,4.00391E-01,9.76562E-03
-1.3884024E-01,3.22266E-01,6.83594E-02
-1.3882176E-01,4.19922E-01,2.92969E-02
-1.3880328E-01,4.00391E-01,2.92969E-02
-1.3878480E-01,3.61328E-01,2.92969E-02
-1.3876632E-01,3.80859E-01,4.88281E-02
-1.3874784E-01,3.41797E-01,4.88281E-02
-1.3872936E-01,4.00391E-01,-2.92969E-02
-1.3871088E-01,4.19922E-01,-9.76562E-03
-1.3869240E-01,2.83203E-01,8.78906E-02
-1.3867392E-01,3.80859E-01,4.88281E-02
-1.3865544E-01,4.19922E-01,4.88281E-02
-1.3863696E-01,3.80859E-01,6.83594E-02
-1.3861848E-01,3.80859E-01,-9.76562E-03
-1.3860000E-01,4.39453E-01,4.88281E-02
-1.3858152E-01,3.80859E-01,2.92969E-02
-1.3856304E-01,3.22266E-01,9.76562E-03
-1.3854456E-01,4.39453E-01,4.88281E-02
-1.3852608E-01,3.41797E-01,-9.76562E-03
-1.3850760E-01,3.80859E-01,2.92969E-02
-1.3848912E-01,4.19922E-01,-4.88281E-02
-1.3847064E-01,3.80859E-01,4.88281E-02
-1.3845216E-01,4.00391E-01,2.92969E-02
-1.3843368E-01,4.78516E-01,2.92969E-02
-1.3841520E-01,3.41797E-01,2.92969E-02
-1.3839672E-01,3.41797E-01,4.88281E-02
-1.3837824E-01,4.00391E-01,-9.76562E-03
-1.3835976E-01,3.41797E-01,1.26953E-01
-1.3834128E-01,3.02734E-01,9.76562E-03
-1.3832280E-01,3.41797E-01,4.88281E-02
-1.3830432E-01,4.19922E-01,4.88281E-02
-1.3828584E-01,3.80859E-01,6.83594E-02
-1.3826736E-01,4.00391E-01,2.92969E-02
-1.3824888E-01,4.00391E-01,6.83594E-02
-1.3823040E-01,4.00391E-01,9.76562E-03
-1.3821192E-01,3.80859E-01,2.92969E-02
-1.3819344E-01,4.19922E-01,4.88281E-02
-1.3817496E-01,3.80859E-01,9.76562E-03
-1.3815648E-01,4.19922E-01,2.92969E-02
-1.3813800E-01,4.00391E-01,9.76562E-03
-1.3811952E-01,3.80859E-01,9.76562E-03
-1.3810104E-01,4.00391E-01,2.92969E-02
-1.3808256E-01,3.61328E-01,2.92969E-02
-1.3806408E-01,3.41797E-01,4.88281E-02
-1.3804560E-01,4.19922E-01,9.76562E-03
-1.3802712E-01,3.80859E-01,2.92969E-02
-1.3800864E-01,4.39453E-01,2.92969E-02
-1.3799016E-01,3.41797E-01,4.88281E-02
-1.3797168E-01,3.80859E-01,1.07422E-01
-1.3795320E-01,3.61328E-01,6.83594E-02
-1.3793472E-01,4.00391E-01,-9.76562E-03
-1.3791624E-01,3.41797E-01,2.92969E-02
-1.3789776E-01,3.80859E-01,2.92969E-02
-1.3787928E-01,4.19922E-01,4.88281E-02
-1.3786080E-01,3.80859E-01,4.88281E-02
-1.3784232E-01,3.22266E-01,9.76562E-03
-1.3782384E-01,4.19922E-01,2.92969E-02
-1.3780536E-01,3.41797E-01,8.78906E-02
-1.3778688E-01,4.00391E-01,-4.88281E-02
-1.3776840E-01,3.61328E-01,4.88281E-02
-1.3774992E-01,4.00391E-01,2.92969E-02
-1.3773144E-01,2.83203E-01,6.83594E-02
-1.3771296E-01,3.41797E-01,9.76562E-03
-1.3769448E-01,4.00391E-01,6.83594E-02
-1.3767600E-01,4.78516E-01,4.88281E-02
-1.3765752E-01,3.22266E-01,6.83594E-02
-1.3763904E-01,3.61328E-01,4.88281E-02
-1.3762056E-01,3.61328E-01,6.83594E-02
-1.3760208E-01,3.80859E-01,9.76562E-03
-1.3758360E-01,3.22266E-01,2.92969E-02
-1.3756512E-01,3.41797E-01,9.76562E-03
-1.3754664E-01,3.61328E-01,1.07422E-01
-1.3752816E-01,4.00391E-01,9.76562E-03
-1.3750968E-01,3.61328E-01,6.83594E-02
-1.3749120E-01,3.61328E-01,6.83594E-02
-1.3747272E-01,3.61328E-01,4.88281E-02
-1.3745424E-01,3.61328E-01,9.76562E-03
-1.3743576E-01,3.80859E-01,1.07422E-01
-1.3741728E-01,3.80859E-01,2.92969E-02
-1.3739880E-01,3.61328E-01,-2.92969E-02
-1.3738032E-01,3.61328E-01,4.88281E-02
-1.3736184E-01,3.80859E-01,4.88281E-02
-1.3734336E-01,4.39453E-01,2.92969E-02
-1.3732488E-01,3.41797E-01,4.88281E-02
-1.3730640E-01,4.00391E-01,4.88281E-02
-1.3728792E-01,3.61328E-01,9.76562E-03
-1.3726944E-01,4.19922E-01,6.83594E-02
-1.3725096E-01,3.80859E-01,6.83594E-02
-1.3723248E-01,4.39453E-01,2.92969E-02
-1.3721400E-01,4.19922E-01,9.76562E-03
-1.3719552E-01,4.19922E-01,2.92969E-02
-1.3717704E-01,2.83203E-01,1.07422E-01
-1.3715856E-01,4.19922E-01,4.88281E-02
-1.3714008E-01,3.61328E-01,9.76562E-03
-1.3712160E-01,3.02734E-01,2.92969E-02
-1.3710312E-01,3.80859E-01,9.76562E-03
-1.3708464E-01,4.39453E-01,2.92969E-02
-1.3706616E-01,3.61328E-01,2.92969E-02
-1.3704768E-01,3.80859E-01,9.76562E-03
-1.3702920E-01,3.22266E-01,6.83594E-02
-1.3701072E-01,4.00391E-01,-9.76562E-03
-1.3699224E-01,4.00391E-01,6.83594E-02
-1.3697376E-01,4.00391E-01,9.76562E-03
-1.3695528E-01,4.39453E-01,9.76562E-03
-1.3693680E-01,3.80859E-01,-9.76562E-03
-1.3691832E-01,3.61328E-01,6.83594E-02
-1.3689984E-01,3.80859E-01,2.92969E-02
-1.3688136E-01,3.61328E-01,4.88281E-02
-1.3686288E-01,4.39453E-01,4.88281E-02
-1.3684440E-01,3.02734E-01,2.92969E-02
-1.3682592E-01,4.19922E-01,-9.76562E-03
-1.3680744E-01,3.41797E-01,9.76562E-03
-1.3678896E-01,4.00391E-01,2.92969E-02
-1.3677048E-01,3.41797E-01,2.92969E-02
-1.3675200E-01,4.39453E-01,4.88281E-02
-1.3673352E-01,3.61328E-01,6.83594E-02
-1.3671504E-01,4.19922E-01,-9.76562E-03
-1.3669656E-01,2.83203E-01,-9.76562E-03
-1.3667808E-01,3.61328E-01,9.76562E-03
-1.3665960E-01,3.41797E-01,-2.92969E-02
-1.3664112E-01,3.80859E-01,2.92969E-02
-1.3662264E-01,3.41797E-01,4.88281E-02
-1.3660416E-01,4.19922E-01,4.88281E-02
-1.3658568E-01,3.61328E-01,4.88281E-02
-1.3656720E-01,3.61328E-01,-9.76562E-03
-1.3654872E-01,3.61328E-01,9.76562E-03
-1.3653024E-01,4.19922E-01,2.92969E-02
-1.3651176E-01,3.22266E-01,6.83594E-02
-1.3649328E-01,3.80859E-01,2.92969E-02
-1.3647480E-01,3.61328E-01,6.83594E-02
-1.3645632E-01,3.02734E-01,4.88281E-02
-1.3643784E-01,3.61328E-01,6.83594E-02
-1.3641936E-01,4.00391E-01,-2.92969E-02
-1.3640088E-01,3.61328E-01,1.07422E-01
-1.3638240E-01,4.19922E-01,-2.92969E-02
-1.3636392E-01,4.00391E-01,2.92969E-02
-1.3634544E-01,4.00391E-01,1.07422E-01
-1.3632696E-01,3.61328E-01,6.83594E-02
-1.3630848E-01,3.80859E-01,4.88281E-02
-1.3629000E-01,3.61328E-01,1.07422E-01
-1.3627152E-01,4.00391E-01,2.92969E-02
-1.3625304E-01,3.22266E-01,4.88281E-02
-1.3623456E-01,4.19922E-01,-9.76562E-03
-1.3621608E-01,2.83203E-01,-9.76562E-03
-1.3619760E-01,4.00391E-01,2.92969E-02
-1.3617912E-01,4.19922E-01,2.92969E-02
-1.3616064E-01,3.41797E-01,9.76562E-03
-1.3614216E-01,3.41797E-01,6.83594E-02
-1.3612368E-01,4.19922E-01,6.83594E-02
-1.3610520E-01,3.61328E-01,2.92969E-02
-1.3608672E-01,4.39453E-01,2.92969E-02
-1.3606824E-01,4.00391E-01,6.83594E-02
-1.3604976E-01,4.00391E-01,6.83594E-02
-1.3603128E-01,3.41797E-01,6.83594E-02
-1.3601280E-01,3.41797E-01,2.92969E-02
-1.3599432E-01,3.41797E-01,2.92969E-02
-1.3597584E-01,4.00391E-01,9.76562E-03
-1.3595736E-01,3.80859E-01,6.83594E-02
-1.3593888E-01,3.80859E-01,6.83594E-02
-1.3592040E-01,3.61328E-01,2.92969E-02
-1.3590192E-01,3.41797E-01,4.88281E-02
-1.3588344E-01,3.41797E-01,4.88281E-02
-1.3586496E-01,4.00391E-01,9.76562E-03
-1.3584648E-01,4.19922E-01,-9.76562E-03
-1.3582800E-01,4.39453E-01,2.92969E-02
-1.3580952E-01,4.00391E-01,4.88281E-02
-1.3579104E-01,4.00391E-01,2.92969E-02
-1.3577256E-01,3.41797E-01,1.07422E-01
-1.3575408E-01,4.00391E-01,4.88281E-02
-1.3573560E-01,4.58984E-01,6.83594E-02
-1.3571712E-01,4.78516E-01,2.92969E-02
-1.3569864E-01,3.80859E-01,2.92969E-02
-1.3568016E-01,4.19922E-01,6.83594E-02
-1.3566168E-01,3.80859E-01,9.76562E-03
-1.3564320E-01,3.80859E-01,2.92969E-02
-1.3562472E-01,3.61328E-01,9.76562E-03
-1.3560624E-01,4.58984E-01,4.88281E-02
-1.3558776E-01,4.00391E-01,6.83594E-02
-1.3556928E-01,4.39453E-01,4.88281E-02
-1.3555080E-01,3.22266E-01,4.88281E-02
-1.3553232E-01,4.19922E-01,9.76562E-03
-1.3551384E-01,3.80859E-01,4.88281E-02
-1.3549536E-01,3.61328E-01,6.83594E-02
-1.3547688E-01,3.61328E-01,2.92969E-02
-1.3545840E-01,3.80859E-01,1.26953E-01
-1.3543992E-01,3.80859E-01,4.88281E-02
-1.3542144E-01,5.37109E-01,4.88281E-02
-1.3540296E-01,3.61328E-01,4.88281E-02
-1.3538448E-01,4.39453E-01,4.88281E-02
-1.3536600E-01,3.41797E-01,2.92969E-02
-1.3534752E-01,3.80859E-01,9.76562E-03
-1.3532904E-01,3.41797E-01,6.83594E-02
-1.3531056E-01,3.80859E-01,9.76562E-03
-1.3529208E-01,3.61328E-01,9.76562E-03
-1.3527360E-01,4.39453E-01,2.92969E-02
-1.3525512E-01,3.02734E-01,4.88281E-02
-1.3523664E-01,4.19922E-01,6.83594E-02
-1.3521816E-01,3.41797E-01,9.76562E-03
-1.3519968E-01,4.19922E-01,2.92969E-02
-1.3518120E-01,3.02734E-01,9.76562E-03
-1.3516272E-01,4.39453E-01,4.88281E-02
-1.3514424E-01,3.80859E-01,9.76562E-03
-1.3512576E-01,4.19922E-01,6.83594E-02
-1.3510728E-01,3.80859E-01,4.88281E-02
-1.3508880E-01,4.58984E-01,4.88281E-02
-1.3507032E-01,4.19922E-01,1.26953E-01
-1.3505184E-01,4.39453E-01,9.76562E-03
-1.3503336E-01,3.61328E-01,2.92969E-02
-1.3501488E-01,4.00391E-01,4.88281E-02
-1.3499640E-01,4.00391E-01,4.88281E-02
-1.3497792E-01,3.61328E-01,-4.88281E-02
-1.3495944E-01,3.61328E-01,4.88281E-02
-1.3494096E-01,4.39453E-01,9.76562E-03
-1.3492248E-01,3.61328E-01,6.83594E-02
-1.3490400E-01,4.58984E-01,2.92969E-02
-1.3488552E-01,4.19922E-01,9.76562E-03
-1.3486704E-01,3.61328E-01,-9.76562E-03
-1.3484856E-01,4.00391E-01,2.92969E-02
-1.3483008E-01,3.61328E-01,9.76562E-03
-1.3481160E-01,4.00391E-01,6.83594E-02
-1.3479312E-01,3.80859E-01,9.76562E-03
-1.3477464E-01,4.00391E-01,2.92969E-02
-1.3475616E-01,3.80859E-01,9.76562E-03
-1.3473768E-01,3.41797E-01,2.92969E-02
-1.3471920E-01,4.00391E-01,2.92969E-02
-1.3470072E-01,4.58984E-01,4.88281E-02
-1.3468224E-01,4.19922E-01,9.76562E-03
-1.3466376E-01,3.61328E-01,2.92969E-02
-1.3464528E-01,4.00391E-01,6.83594E-02
-1.3462680E-01,3.22266E-01,9.76562E-03
-1.3460832E-01,4.58984E-01,6.83594E-02
-1.3458984E-01,4.19922E-01,8.78906E-02
-1.3457136E-01,4.19922E-01,6.83594E-02
-1.3455288E-01,3.61328E-01,1.26953E-01
-1.3453440E-01,3.80859E-01,4.88281E-02
-1.3451592E-01,4.58984E-01,9.76562E-03
-1.3449744E-01,4.00391E-01,-2.92969E-02
-1.3447896E-01,3.61328E-01,-9.76562E-03
-1.3446048E-01,4.00391E-01,4.88281E-02
-1.3444200E-01,4.19922E-01,6.83594E-02
-1.3442352E-01,4.19922E-01,4.88281E-02
-1.3440504E-01,4.00391E-01,9.76562E-03
-1.3438656E-01,3.80859E-01,2.92969E-02
-1.3436808E-01,4.00391E-01,2.92969E-02
-1.3434960E-01,3.61328E-01,-4.88281E-02
-1.3433112E-01,3.61328E-01,4.88281E-02
-1.3431264E-01,4.39453E-01,9.76562E-03
-1.3429416E-01,4.00391E-01,9.76562E-03
-1.3427568E-01,4.00391E-01,2.92969E-02
-1.3425720E-01,3.61328E-01,-4.88281E-02
-1.3423872E-01,4.00391E-01,4.88281E-02
-1.3422024E-01,4.19922E-01,6.83594E-02
-1.3420176E-01,4.58984E-01,6.83594E-02
-1.3418328E-01,4.19922E-01,1.26953E-01
-1.3416480E-01,4.00391E-01,2.92969E-02
-1.3414632E-01,4.00391E-01,6.83594E-02
-1.3412784E-01,4.98047E-01,6.83594E-02
-1.3410936E-01,3.61328E-01,9.76562E-03
-1.3409088E-01,4.39453E-01,2.92969E-02
-1.3407240E-01,3.61328E-01,2.92969E-02
-1.3405392E-01,4.19922E-01,4.88281E-02
-1.3403544E-01,3.80859E-01,6.83594E-02
-1.3401696E-01,4.58984E-01,6.83594E-02
-1.3399848E-01,3.61328E-01,2.92969E-02
-1.3398000E-01,4.39453E-01,4.88281E-02
-1.3396152E-01,3.41797E-01,4.88281E-02
-1.3394304E-01,3.80859E-01,4.88281E-02
-1.3392456E-01,4.00391E-01,2.92969E-02
-1.3390608E-01,3.61328E-01,4.88281E-02
-1.3388760E-01,3.61328E-01,6.83594E-02
-1.3386912E-01,3.61328E-01,4.88281E-02
-1.3385064E-01,4.00391E-01,2.92969E-02
-1.3383216E-01,3.61328E-01,9.76562E-03
-1.3381368E-01,3.80859E-01,2.92969E-02
-1.3379520E-01,3.41797E-01,4.88281E-02
-1.3377672E-01,3.80859E-01,2.92969E-02
-1.3375824E-01,4.00391E-01,4.88281E-02
-1.3373976E-01,4.00391E-01,4.88281E-02
-1.3372128E-01,4.19922E-01,9.76562E-03
-1.3370280E-01,3.61328E-01,8.78906E-02
-1.3368432E-01,4.00391E-01,9.76562E-03
-1.3366584E-01,3.80859E-01,2.92969E-02
-1.3364736E-01,4.19922E-01,2.92969E-02
-1.3362888E-01,3.61328E-01,2.92969E-02
-1.3361040E-01,3.41797E-01,2.92969E-02
-1.3359192E-01,4.19922E-01,6.83594E-02
-1.3357344E-01,3.80859E-01,4.88281E-02
-1.3355496E-01,3.61328E-01,4.88281E-02
-1.3353648E-01,3.61328E-01,4.88281E-02
-1.3351800E-01,3.80859E-01,8.78906E-02
-1.3349952E-01,4.19922E-01,-9.76562E-03
-1.3348104E-01,4.00391E-01,4.88281E-02
-1.3346256E-01,4.39453E-01,2.92969E-02
-1.3344408E-01,3.61328E-01,9.76562E-03
-1.3342560E-01,4.39453E-01,4.88281E-02
-1.3340712E-01,3.41797E-01,1.07422E-01
-1.3338864E-01,4.00391E-01,2.92969E-02
-1.3337016E-01,4.00391E-01,6.83594E-02
-1.3335168E-01,3.61328E-01,6.83594E-02
-1.3333320E-01,3.41797E-01,6.83594E-02
-1.3331472E-01,4.19922E-01,9.76562E-03
-1.3329624E-01,3.80859E-01,6.83594E-02
-1.3327776E-01,4.39453E-01,4.88281E-02
-1.3325928E-01,3.80859E-01,2.92969E-02
-1.3324080E-01,4.00391E-01,4.88281E-02
-1.3322232E-01,3.80859E-01,6.83594E-02
-1.3320384E-01,4.19922E-01,4.88281E-02
-1.3318536E-01,4.19922E-01,4.88281E-02
-1.3316688E-01,4.19922E-01,-9.76562E-03
-1.3314840E-01,3.61328E-01,2.92969E-02
-1.3312992E-01,4.19922E-01,2.92969E-02
-1.3311144E-01,4.19922E-01,6.83594E-02
-1.3309296E-01,4.19922E-01,9.76562E-03
-1.3307448E-01,3.80859E-01,4.88281E-02
-1.3305600E-01,3.61328E-01,2.92969E-02
-1.3303752E-01,3.61328E-01,2.92969E-02
-1.3301904E-01,3.61328E-01,2.92969E-02
-1.3300056E-01,3.02734E-01,9.76562E-03
-1.3298208E-01,3.61328E-01,2.92969E-02
-1.3296360E-01,3.80859E-01,1.07422E-01
-1.3294512E-01,4.00391E-01,4.88281E-02
-1.3292664E-01,3.80859E-01,4.88281E-02
-1.3290816E-01,4.39453E-01,-2.92969E-02
-1.3288968E-01,4.19922E-01,6.83594E-02
-1.3287120E-01,3.61328E-01,2.92969E-02
-1.3285272E-01,3.02734E-01,8.78906E-02
-1.3283424E-01,3.80859E-01,2.92969E-02
-1.3281576E-01,3.80859E-01,1.07422E-01
-1.3279728E-01,4.19922E-01,2.92969E-02
-1.3277880E-01,3.61328E-01,-2.92969E-02
-1.3276032E-01,4.39453E-01,-9.76562E-03
-1.3274184E-01,4.00391E-01,6.83594E-02
-1.3272336E-01,4.19922E-01,9.76562E-03
-1.3270488E-01,3.61328E-01,4.88281E-02
-1.3268640E-01,4.00391E-01,-2.92969E-02
-1.3266792E-01,4.00391E-01,2.92969E-02
-1.3264944E-01,3.80859E-01,9.76562E-03
-1.3263096E-01,4.39453E-01,2.92969E-02
-1.3261248E-01,4.19922E-01,2.92969E-02
-1.3259400E-01,3.41797E-01,1.26953E-01
-1.3257552E-01,3.61328E-01,-9.76562E-03
-1.3255704E-01,3.41797E-01,6.83594E-02
-1.3253856E-01,3.61328E-01,9.76562E-03
-1.3252008E-01,3.61328E-01,4.88281E-02
-1.3250160E-01,4.58984E-01,-9.76562E-03
-1.3248312E-01,3.80859E-01,4.88281E-02
-1.3246464E-01,4.58984E-01,6.83594E-02
-1.3244616E-01,3.80859E-01,1.07422E-01
-1.3242768E-01,4.58984E-01,6.83594E-02
-1.3240920E-01,3.61328E-01,4.88281E-02
-1.3239072E-01,4.39453E-01,-2.92969E-02
-1.3237224E-01,4.19922E-01,1.07422E-01
-1.3235376E-01,4.58984E-01,-9.76562E-03
-1.3233528E-01,3.41797E-01,4.88281E-02
-1.3231680E-01,4.00391E-01,-9.76562E-03
-1.3229832E-01,3.80859E-01,4.88281E-02
-1.3227984E-01,3.61328E-01,9.76562E-03
-1.3226136E-01,3.61328E-01,1.07422E-01
-1.3224288E-01,3.80859E-01,-9.76562E-03
-1.3222440E-01,3.61328E-01,6.83594E-02
-1.3220592E-01,3.61328E-01,2.92969E-02
-1.3218744E-01,4.00391E-01,6.83594E-02
-1.3216896E-01,3.80859E-01,-9.76562E-03
-1.3215048E-01,3.02734E-01,9.76562E-03
-1.3213200E-01,4.39453E-01,4.88281E-02
-1.3211352E-01,3.61328E-01,4.88281E-02
-1.3209504E-01,4.00391E-01,-6.83594E-02
-1.3207656E-01,4.00391E-01,9.76562E-03
-1.3205808E-01,4.19922E-01,9.76562E-03
-1.3203960E-01,4.19922E-01,8.78906E-02
-1.3202112E-01,4.98047E-01,4.88281E-02
-1.3200264E-01,4.00391E-01,6.83594E-02
-1.3198416E-01,4.19922E-01,9.76562E-03
-1.3196568E-01,4.39453E-01,9.76562E-03
-1.3194720E-01,4.19922E-01,-2.92969E-02
-1.3192872E-01,4.78516E-01,9.76562E-03
-1.3191024E-01,4.19922E-01,2.92969E-02
-1.3189176E-01,3.61328E-01,8.78906E-02
-1.3187328E-01,4.58984E-01,4.88281E-02
-1.3185480E-01,4.19922E-01,9.76562E-03
-1.3183632E-01,3.61328E-01,8.78906E-02
-1.3181784E-01,4.00391E-01,6.83594E-02
-1.3179936E-01,3.22266E-01,-6.83594E-02
-1.3178088E-01,3.41797E-01,4.88281E-02
-1.3176240E-01,4.19922E-01,2.92969E-02
-1.3174392E-01,4.19922E-01,8.78906E-02
-1.3172544E-01,4.19922E-01,8.78906E-02
-1.3170696E-01,3.41797E-01,6.83594E-02
-1.3168848E-01,4.00391E-01,2.92969E-02
-1.3167000E-01,4.39453E-01,2.92969E-02
-1.3165152E-01,4.19922E-01,9.76562E-03
-1.3163304E-01,3.61328E-01,2.92969E-02
-1.3161456E-01,4.98047E-01,4.88281E-02
-1.3159608E-01,4.00391E-01,4.88281E-02
-1.3157760E-01,4.19922E-01,2.92969E-02
-1.3155912E-01,3.22266E-01,4.88281E-02
-1.3154064E-01,4.19922E-01,-9.76562E-03
-1.3152216E-01,3.22266E-01,4.88281E-02
-1.3150368E-01,3.61328E-01,2.92969E-02
-1.3148520E-01,4.19922E-01,6.83594E-02
-1.3146672E-01,4.19922E-01,2.92969E-02
-1.3144824E-01,3.80859E-01,4.88281E-02
-1.3142976E-01,4.78516E-01,2.92969E-02
-1.3141128E-01,4.19922E-01,2.92969E-02
-1.3139280E-01,3.61328E-01,9.76562E-03
-1.3137432E-01,3.61328E-01,6.83594E-02
-1.3135584E-01,4.00391E-01,4.88281E-02
-1.3133736E-01,3.61328E-01,-2.92969E-02
-1.3131888E-01,3.80859E-01,9.76562E-03
-1.3130040E-01,3.61328E-01,6.83594E-02
-1.3128192E-01,3.80859E-01,2.92969E-02
-1.3126344E-01,4.19922E-01,4.88281E-02
-1.3124496E-01,4.19922E-01,9.76562E-03
-1.3122648E-01,3.61328E-01,4.88281E-02
-1.3120800E-01,4.00391E-01,2.92969E-02
-1.3118952E-01,4.19922E-01,4.88281E-02
-1.3117104E-01,4.39453E-01,9.76562E-03
-1.3115256E-01,3.61328E-01,4.88281E-02
-1.3113408E-01,4.19922E-01,4.88281E-02
-1.3111560E-01,4.39453E-01,6.83594E-02
-1.3109712E-01,4.19922E-01,2.92969E-02
-1.3107864E-01,3.61328E-01,4.88281E-02
-1.3106016E-01,4.00391E-01,-2.92969E-02
-1.3104168E-01,3.41797E-01,4.88281E-02
-1.3102320E-01,4.00391E-01,2.92969E-02
-1.3100472E-01,3.61328E-01,4.88281E-02
-1.3098624E-01,4.39453E-01,-2.92969E-02
-1.3096776E-01,3.61328E-01,6.83594E-02
-1.3094928E-01,4.19922E-01,2.92969E-02
-1.3093080E-01,3.80859E-01,2.92969E-02
-1.3091232E-01,4.39453E-01,2.92969E-02
-1.3089384E-01,3.02734E-01,2.92969E-02
-1.3087536E-01,4.19922E-01,-2.92969E-02
-1.3085688E-01,4.39453E-01,6.83594E-02
-1.3083840E-01,4.00391E-01,9.76562E-03
-1.3081992E-01,3.80859E-01,4.88281E-02
-1.3080144E-01,4.00391E-01,9.76562E-03
-1.3078296E-01,4.19922E-01,6.83594E-02
-1.3076448E-01,4.00391E-01,4.88281E-02
-1.3074600E-01,3.41797E-01,1.07422E-01
-1.3072752E-01,4.39453E-01,2.92969E-02
-1.3070904E-01,3.80859E-01,9.76562E-03
-1.3069056E-01,4.19922E-01,4.88281E-02
-1.3067208E-01,3.22266E-01,4.88281E-02
-1.3065360E-01,4.39453E-01,-9.76562E-03
-1.3063512E-01,3.61328E-01,9.76562E-03
-1.3061664E-01,4.19922E-01,9.76562E-03
-1.3059816E-01,4.00391E-01,4.88281E-02
-1.3057968E-01,4.78516E-01,-9.76562E-03
-1.3056120E-01,4.00391E-01,9.76562E-03
-1.3054272E-01,4.19922E-01,-4.88281E-02
-1.3052424E-01,3.80859E-01,1.07422E-01
-1.3050576E-01,4.58984E-01,2.92969E-02
-1.3048728E-01,3.61328E-01,6.83594E-02
-1.3046880E-01,3.80859E-01,2.92969E-02
-1.3045032E-01,4.00391E-01,4.88281E-02
-1.3043184E-01,3.80859E-01,9.76562E-03
-1.3041336E-01,4.19922E-01,9.76562E-03
-1.3039488E-01,3.61328E-01,9.76562E-03
-1.3037640E-01,4.00391E-01,6.83594E-02
-1.3035792E-01,4.78516E-01,4.88281E-02
-1.3033944E-01,4.39453E-01,4.88281E-02
-1.3032096E-01,4.19922E-01,-9.76562E-03
-1.3030248E-01,4.00391E-01,2.92969E-02
-1.3028400E-01,3.80859E-01,6.83594E-02
-1.3026552E-01,4.58984E-01,6.83594E-02
-1.3024704E-01,4.98047E-01,-9.76562E-03
-1.3022856E-01,4.39453E-01,9.76562E-03
-1.3021008E-01,4.78516E-01,4.88281E-02
-1.3019160E-01,4.00391E-01,2.92969E-02
-1.3017312E-01,4.39453E-01,6.83594E-02
-1.3015464E-01,3.61328E-01,6.83594E-02
-1.3013616E-01,3.80859E-01,9.76562E-03
-1.3011768E-01,3.22266E-01,4.88281E-02
-1.3009920E-01,4.19922E-01,2.92969E-02
-1.3008072E-01,3.61328E-01,-9.76562E-03
-1.3006224E-01,4.58984E-01,2.92969E-02
-1.3004376E-01,3.80859E-01,6.83594E-02
-1.3002528E-01,4.58984E-01,9.76562E-03
-1.3000680E-01,2.83203E-01,9.76562E-03
-1.2998832E-01,4.19922E-01,-2.92969E-02
-1.2996984E-01,4.19922E-01,9.76562E-03
-1.2995136E-01,4.00391E-01,9.76562E-03
-1.2993288E-01,3.80859E-01,1.07422E-01
-1.2991440E-01,4.19922E-01,6.83594E-02
-1.2989592E-01,4.39453E-01,6.83594E-02
-1.2987744E-01,4.39453E-01,-9.76562E-03
-1.2985896E-01,4.58984E-01,6.83594E-02
-1.2984048E-01,4.58984E-01,9.76562E-03
-1.2982200E-01,3.61328E-01,4.88281E-02
-1.2980352E-01,4.78516E-01,2.92969E-02
-1.2978504E-01,3.80859E-01,4.88281E-02
-1.2976656E-01,4.39453E-01,9.76562E-03
-1.2974808E-01,3.61328E-01,8.78906E-02
-1.2972960E-01,4.39453E-01,4.88281E-02
-1.2971112E-01,4.19922E-01,4.88281E-02
-1.2969264E-01,4.00391E-01,4.88281E-02
-1.2967416E-01,3.80859E-01,9.76562E-03
-1.2965568E-01,4.00391E-01,9.76562E-03
-1.2963720E-01,3.22266E-01,4.88281E-02
-1.2961872E-01,4.78516E-01,9.76562E-03
-1.2960024E-01,3.80859E-01,6.83594E-02
-1.2958176E-01,3.41797E-01,9.76562E-03
-1.2956328E-01,4.58984E-01,4.88281E-02
-1.2954480E-01,4.39453E-01,9.76562E-03
-1.2952632E-01,4.00391E-01,1.07422E-01
-1.2950784E-01,4.00391E-01,2.92969E-02
-1.2948936E-01,4.19922E-01,2.92969E-02
-1.2947088E-01,4.58984E-01,9.76562E-03
-1.2945240E-01,3.61328E-01,4.88281E-02
-1.2943392E-01,4.39453E-01,-9.76562E-03
-1.2941544E-01,4.19922E-01,6.83594E-02
-1.2939696E-01,4.19922E-01,2.92969E-02
-1.2937848E-01,4.19922E-01,6.83594E-02
-1.2936000E-01,4.19922E-01,-9.76562E-03
-1.2934152E-01,3.61328E-01,6.83594E-02
-1.2932304E-01,4.00391E-01,-2.92969E-02
-1.2930456E-01,4.00391E-01,9.76562E-03
-1.2928608E-01,4.19922E-01,9.76562E-03
-1.2926760E-01,4.00391E-01,2.92969E-02
-1.2924912E-01,4.19922E-01,9.76562E-03
-1.2923064E-01,3.02734E-01,4.88281E-02
-1.2921216E-01,4.78516E-01,4.88281E-02
-1.2919368E-01,3.61328E-01,2.92969E-02
-1.2917520E-01,4.39453E-01,2.92969E-02
-1.2915672E-01,3.80859E-01,9.76562E-03
-1.2913824E-01,4.58984E-01,-2.92969E-02
-1.2911976E-01,4.00391E-01,9.76562E-03
-1.2910128E-01,4.39453E-01,4.88281E-02
-1.2908280E-01,4.19922E-01,6.83594E-02
-1.2906432E-01,4.58984E-01,4.88281E-02
-1.2904584E-01,3.41797E-01,4.88281E-02
-1.2902736E-01,4.58984E-01,4.88281E-02
-1.2900888E-01,3.80859E-01,6.83594E-02
-1.2899040E-01,4.19922E-01,-2.92969E-02
-1.2897192E-01,4.39453E-01,6.83594E-02
-1.2895344E-01,4.19922E-01,9.76562E-03
-1.2893496E-01,4.00391E-01,6.83594E-02
-1.2891648E-01,3.80859E-01,4.88281E-02
-1.2889800E-01,4.58984E-01,2.92969E-02
-1.2887952E-01,4.98047E-01,4.88281E-02
-1.2886104E-01,4.39453E-01,6.83594E-02
-1.2884256E-01,5.17578E-01,9.76562E-03
-1.2882408E-01,4.39453E-01,4.88281E-02
-1.2880560E-01,4.39453E-01,-9.76562E-03
-1.2878712E-01,4.00391E-01,1.26953E-01
-1.2876864E-01,3.61328E-01,4.88281E-02
-1.2875016E-01,3.80859E-01,2.92969E-02
-1.2873168E-01,4.19922E-01,2.92969E-02
-1.2871320E-01,4.00391E-01,4.88281E-02
-1.2869472E-01,4.00391E-01,2.92969E-02
-1.2867624E-01,4.00391E-01,-4.88281E-02
-1.2865776E-01,4.98047E-01,2.92969E-02
-1.2863928E-01,2.83203E-01,4.88281E-02
-1.2862080E-01,4.00391E-01,6.83594E-02
-1.2860232E-01,4.19922E-01,4.88281E-02
-1.2858384E-01,4.19922E-01,-2.92969E-02
-1.2856536E-01,4.19922E-01,6.83594E-02
-1.2854688E-01,3.80859E-01,4.88281E-02
-1.2852840E-01,3.80859E-01,4.88281E-02
-1.2850992E-01,4.39453E-01,4.88281E-02
-1.2849144E-01,3.61328E-01,6.83594E-02
-1.2847296E-01,3.61328E-01,2.92969E-02
-1.2845448E-01,4.19922E-01,9.76562E-03
-1.2843600E-01,4.00391E-01,9.76562E-03
-1.2841752E-01,4.58984E-01,9.76562E-03
-1.2839904E-01,4.39453E-01,9.76562E-03
-1.2838056E-01,4.39453E-01,1.07422E-01
-1.2836208E-01,3.61328E-01,-9.76562E-03
-1.2834360E-01,3.22266E-01,4.88281E-02
-1.2832512E-01,4.58984E-01,-9.76562E-03
-1.2830664E-01,4.00391E-01,2.92969E-02
-1.2828816E-01,3.80859E-01,2.92969E-02
-1.2826968E-01,4.58984E-01,6.83594E-02
-1.2825120E-01,3.80859E-01,9.76562E-03
-1.2823272E-01,4.58984E-01,9.76562E-03
-1.2821424E-01,4.00391E-01,4.88281E-02
-1.2819576E-01,4.19922E-01,9.76562E-03
-1.2817728E-01,4.00391E-01,2.92969E-02
-1.2815880E-01,4.78516E-01,9.76562E-03
-1.2814032E-01,4.00391E-01,9.76562E-03
-1.2812184E-01,3.80859E-01,1.07422E-01
-1.2810336E-01,3.41797E-01,-9.76562E-03
-1.2808488E-01,3.80859E-01,-9.76562E-03
-1.2806640E-01,4.58984E-01,2.92969E-02
-1.2804792E-01,3.80859E-01,9.76562E-03
-1.2802944E-01,4.39453E-01,9.76562E-03
-1.2801096E-01,4.39453E-01,2.92969E-02
-1.2799248E-01,4.19922E-01,2.92969E-02
-1.2797400E-01,4.00391E-01,2.92969E-02
-1.2795552E-01,4.19922E-01,9.76562E-03
-1.2793704E-01,3.61328E-01,6.83594E-02
-1.2791856E-01,4.39453E-01,9.76562E-03
-1.2790008E-01,3.80859E-01,4.88281E-02
-1.2788160E-01,4.19922E-01,4.88281E-02
-1.2786312E-01,3.61328E-01,6.83594E-02
-1.2784464E-01,4.58984E-01,9.76562E-03
-1.2782616E-01,4.19922E-01,2.92969E-02
-1.2780768E-01,4.00391E-01,-9.76562E-03
-1.2778920E-01,3.80859E-01,9.76562E-03
-1.2777072E-01,4.19922E-01,2.92969E-02
-1.2775224E-01,4.00391E-01,2.92969E-02
-1.2773376E-01,4.39453E-01,9.76562E-03
-1.2771528E-01,4.00391E-01,6.83594E-02
-1.2769680E-01,4.19922E-01,2.92969E-02
-1.2767832E-01,4.00391E-01,4.88281E-02
-1.2765984E-01,4.58984E-01,-6.83594E-02
-1.2764136E-01,3.80859E-01,4.88281E-02
-1.2762288E-01,4.39453E-01,2.92969E-02
-1.2760440E-01,3.61328E-01,9.76562E-03
-1.2758592E-01,3.80859E-01,-9.76562E-03
-1.2756744E-01,3.41797E-01,4.88281E-02
-1.2754896E-01,4.39453E-01,2.92969E-02
-1.2753048E-01,4.39453E-01,4.88281E-02
-1.2751200E-01,4.58984E-01,2.92969E-02
-1.2749352E-01,4.39453E-01,6.83594E-02
-1.2747504E-01,4.00391E-01,4.88281E-02
-1.2745656E-01,3.61328E-01,2.92969E-02
-1.2743808E-01,4.39453E-01,4.88281E-02
-1.2741960E-01,4.00391E-01,4.88281E-02
-1.2740112E-01,4.19922E-01,-9.76562E-03
-1.2738264E-01,3.80859E-01,6.83594E-02
-1.2736416E-01,4.39453E-01,-9.76562E-03
-1.2734568E-01,3.80859E-01,2.92969E-02
-1.2732720E-01,4.98047E-01,4.88281E-02
-1.2730872E-01,4.39453E-01,4.88281E-02
-1.2729024E-01,4.19922E-01,-9.76562E-03
-1.2727176E-01,3.61328E-01,6.83594E-02
-1.2725328E-01,4.19922E-01,9.76562E-03
-1.2723480E-01,4.39453E-01,4.88281E-02
-1.2721632E-01,3.80859E-01,4.88281E-02
-1.2719784E-01,4.78516E-01,2.92969E-02
-1.2717936E-01,4.19922E-01,2.92969E-02
-1.2716088E-01,3.61328E-01,9.76562E-03
-1.2714240E-01,4.00391E-01,9.76562E-03
-1.2712392E-01,4.19922E-01,4.88281E-02
-1.2710544E-01,3.61328E-01,2.92969E-02
-1.2708696E-01,3.80859E-01,6.83594E-02
-1.2706848E-01,4.39453E-01,4.88281E-02
-1.2705000E-01,3.80859E-01,1.26953E-01
-1.2703152E-01,4.58984E-01,4.88281E-02
-1.2701304E-01,4.19922E-01,6.83594E-02
-1.2699456E-01,4.19922E-01,9.76562E-03
-1.2697608E-01,4.39453E-01,2.92969E-02
-1.2695760E-01,4.00391E-01,9.76562E-03
-1.2693912E-01,3.61328E-01,9.76562E-03
-1.2692064E-01,3.61328E-01,9.76562E-03
-1.2690216E-01,4.19922E-01,4.88281E-02
-1.2688368E-01,4.39453E-01,-2.92969E-02
-1.2686520E-01,4.00391E-01,9.76562E-03
-1.2684672E-01,4.19922E-01,4.88281E-02
-1.2682824E-01,4.19922E-01,2.92969E-02
-1.2680976E-01,5.37109E-01,9.76562E-03
-1.2679128E-01,3.61328E-01,9.76562E-03
-1.2677280E-01,4.39453E-01,2.92969E-02
-1.2675432E-01,4.58984E-01,6.83594E-02
-1.2673584E-01,3.80859E-01,2.92969E-02
-1.2671736E-01,4.39453E-01,2.92969E-02
-1.2669888E-01,4.00391E-01,-9.76562E-03
-1.2668040E-01,3.41797E-01,4.88281E-02
-1.2666192E-01,4.19922E-01,2.92969E-02
-1.2664344E-01,4.39453E-01,2.92969E-02
-1.2662496E-01,4.98047E-01,-2.92969E-02
-1.2660648E-01,3.80859E-01,8.78906E-02
-1.2658800E-01,4.39453E-01,2.92969E-02
-1.2656952E-01,4.58984E-01,2.92969E-02
-1.2655104E-01,4.00391E-01,-9.76562E-03
-1.2653256E-01,4.39453E-01,2.92969E-02
-1.2651408E-01,4.00391E-01,4.88281E-02
-1.2649560E-01,4.00391E-01,4.88281E-02
-1.2647712E-01,4.19922E-01,-2.92969E-02
-1.2645864E-01,3.41797E-01,4.88281E-02
-1.2644016E-01,4.19922E-01,-9.76562E-03
-1.2642168E-01,4.39453E-01,6.83594E-02
-1.2640320E-01,4.19922E-01,9.76562E-03
-1.2638472E-01,3.80859E-01,4.88281E-02
-1.2636624E-01,4.00391E-01,4.88281E-02
-1.2634776E-01,3.80859E-01,6.83594E-02
-1.2632928E-01,4.00391E-01,4.88281E-02
-1.2631080E-01,3.61328E-01,6.83594E-02
-1.2629232E-01,4.00391E-01,2.92969E-02
-1.2627384E-01,4.19922E-01,4.88281E-02
-1.2625536E-01,4.39453E-01,2.92969E-02
-1.2623688E-01,4.39453E-01,6.83594E-02
-1.2621840E-01,4.58984E-01,4.88281E-02
-1.2619992E-01,3.41797E-01,6.83594E-02
-1.2618144E-01,3.80859E-01,-9.76562E-03
-1.2616296E-01,4.19922E-01,6.83594E-02
-1.2614448E-01,4.39453E-01,9.76562E-03
-1.2612600E-01,4.00391E-01,6.83594E-02
-1.2610752E-01,4.78516E-01,9.76562E-03
-1.2608904E-01,3.41797E-01,6.83594E-02
-1.2607056E-01,4.98047E-01,2.92969E-02
-1.2605208E-01,4.00391E-01,9.76562E-03
-1.2603360E-01,4.78516E-01,4.88281E-02
-1.2601512E-01,4.00391E-01,2.92969E-02
-1.2599664E-01,4.58984E-01,4.88281E-02
-1.2597816E-01,4.19922E-01,2.92969E-02
-1.2595968E-01,4.58984E-01,-4.88281E-02
-1.2594120E-01,4.58984E-01,9.76562E-03
-1.2592272E-01,4.78516E-01,2.92969E-02
-1.2590424E-01,3.61328E-01,2.92969E-02
-1.2588576E-01,4.98047E-01,-6.83594E-02
-1.2586728E-01,3.61328E-01,2.92969E-02
-1.2584880E-01,3.80859E-01,9.76562E-03
-1.2583032E-01,4.58984E-01,9.76562E-03
-1.2581184E-01,4.98047E-01,-9.76562E-03
-1.2579336E-01,3.61328E-01,1.07422E-01
-1.2577488E-01,4.19922E-01,9.76562E-03
-1.2575640E-01,4.00391E-01,2.92969E-02
-1.2573792E-01,4.78516E-01,9.76562E-03
-1.2571944E-01,4.19922E-01,6.83594E-02
-1.2570096E-01,4.78516E-01,2.92969E-02
-1.2568248E-01,3.61328E-01,6.83594E-02
-1.2566400E-01,4.39453E-01,4.88281E-02
-1.2564552E-01,4.19922E-01,9.76562E-03
-1.2562704E-01,3.80859E-01,4.88281E-02
-1.2560856E-01,3.80859E-01,2.92969E-02
-1.2559008E-01,4.19922E-01,-9.76562E-03
-1.2557160E-01,4.58984E-01,1.26953E-01
-1.2555312E-01,4.39453E-01,2.92969E-02
-1.2553464E-01,4.19922E-01,4.88281E-02
-1.2551616E-01,3.80859E-01,9.76562E-03
-1.2549768E-01,3.80859E-01,6.83594E-02
-1.2547920E-01,3.80859E-01,6.83594E-02
-1.2546072E-01,4.39453E-01,2.92969E-02
-1.2544224E-01,4.58984E-01,2.92969E-02
-1.2542376E-01,4.19922E-01,4.88281E-02
-1.2540528E-01,4.39453E-01,9.76562E-03
-1.2538680E-01,4.19922E-01,6.83594E-02
-1.2536832E-01,4.58984E-01,9.76562E-03
-1.2534984E-01,4.00391E-01,6.83594E-02
-1.2533136E-01,4.39453E-01,2.92969E-02
-1.2531288E-01,3.80859E-01,6.83594E-02
-1.2529440E-01,4.98047E-01,6.83594E-02
-1.2527592E-01,4.19922E-01,2.92969E-02
-1.2525744E-01,4.39453E-01,4.88281E-02
-1.2523896E-01,4.39453E-01,2.92969E-02
-1.2522048E-01,4.00391E-01,9.76562E-03
-1.2520200E-01,3.80859E-01,6.83594E-02
-1.2518352E-01,4.78516E-01,9.76562E-03
-1.2516504E-01,3.80859E-01,6.83594E-02
-1.2514656E-01,4.39453E-01,9.76562E-03
-1.2512808E-01,3.80859E-01,6.83594E-02
-1.2510960E-01,4.78516E-01,2.92969E-02
-1.2509112E-01,4.98047E-01,4.88281E-02
-1.2507264E-01,3.22266E-01,-9.76562E-03
-1.2505416E-01,3.61328E-01,6.83594E-02
-1.2503568E-01,4.19922E-01,9.76562E-03
-1.2501720E-01,3.80859E-01,6.83594E-02
-1.2499872E-01,4.98047E-01,-9.76562E-03
-1.2498024E-01,4.19922E-01,6.83594E-02
-1.2496176E-01,4.58984E-01,2.92969E-02
-1.2494328E-01,4.00391E-01,8.78906E-02
-1.2492480E-01,4.58984E-01,9.76562E-03
-1.2490632E-01,4.98047E-01,6.83594E-02
-1.2488784E-01,4.39453E-01,-2.92969E-02
-1.2486936E-01,3.80859E-01,4.88281E-02
-1.2485088E-01,4.78516E-01,-9.76562E-03
-1.2483240E-01,4.19922E-01,8.78906E-02
-1.2481392E-01,4.19922E-01,9.76562E-03
-1.2479544E-01,4.00391E-01,6.83594E-02
-1.2477696E-01,5.17578E-01,2.92969E-02
-1.2475848E-01,4.39453E-01,8.78906E-02
-1.2474000E-01,4.19922E-01,9.76562E-03
-1.2472152E-01,4.39453E-01,2.92969E-02
-1.2470304E-01,4.19922E-01,4.88281E-02
-1.2468456E-01,4.19922E-01,4.88281E-02
-1.2466608E-01,4.39453E-01,6.83594E-02
-1.2464760E-01,3.61328E-01,2.92969E-02
-1.2462912E-01,4.58984E-01,4.88281E-02
-1.2461064E-01,3.41797E-01,4.88281E-02
-1.2459216E-01,4.00391E-01,-2.92969E-02
-1.2457368E-01,4.58984E-01,4.88281E-02
-1.2455520E-01,5.17578E-01,2.92969E-02
-1.2453672E-01,4.78516E-01,4.88281E-02
-1.2451824E-01,4.19922E-01,6.83594E-02
-1.2449976E-01,4.00391E-01,4.88281E-02
-1.2448128E-01,4.19922E-01,9.76562E-03
-1.2446280E-01,3.61328E-01,2.92969E-02
-1.2444432E-01,4.19922E-01,4.88281E-02
-1.2442584E-01,4.39453E-01,9.76562E-03
-1.2440736E-01,4.39453E-01,2.92969E-02
-1.2438888E-01,4.00391E-01,1.26953E-01
-1.2437040E-01,4.78516E-01,2.92969E-02
-1.2435192E-01,3.61328E-01,4.88281E-02
-1.2433344E-01,4.39453E-01,-2.92969E-02
-1.2431496E-01,4.00391E-01,2.92969E-02
-1.2429648E-01,4.58984E-01,2.92969E-02
-1.2427800E-01,3.80859E-01,2.92969E-02
-1.2425952E-01,4.58984E-01,9.76562E-03
-1.2424104E-01,4.39453E-01,4.88281E-02
-1.2422256E-01,4.58984E-01,2.92969E-02
-1.2420408E-01,4.78516E-01,9.76562E-03
-1.2418560E-01,4.58984E-01,-9.76562E-03
-1.2416712E-01,3.61328E-01,8.78906E-02
-1.2414864E-01,4.19922E-01,-6.83594E-02
-1.2413016E-01,3.61328E-01,4.88281E-02
-1.2411168E-01,4.39453E-01,2.92969E-02
-1.2409320E-01,3.61328E-01,2.92969E-02
-1.2407472E-01,5.17578E-01,6.83594E-02
-1.2405624E-01,3.61328E-01,-4.88281E-02
-1.2403776E-01,4.19922E-01,2.92969E-02
-1.2401928E-01,4.00391E-01,8.78906E-02
-1.2400080E-01,4.00391E-01,4.88281E-02
-1.2398232E-01,4.39453E-01,4.88281E-02
-1.2396384E-01,3.80859E-01,-9.76562E-03
-1.2394536E-01,4.00391E-01,6.83594E-02
-1.2392688E-01,4.58984E-01,6.83594E-02
-1.2390840E-01,4.39453E-01,8.78906E-02
-1.2388992E-01,4.19922E-01,2.92969E-02
-1.2387144E-01,4.00391E-01,2.92969E-02
-1.2385296E-01,3.61328E-01,4.88281E-02
-1.2383448E-01,4.00391E-01,6.83594E-02
-1.2381600E-01,3.80859E-01,9.76562E-03
-1.2379752E-01,4.58984E-01,4.88281E-02
-1.2377904E-01,4.78516E-01,4.88281E-02
-1.2376056E-01,4.39453E-01,4.88281E-02
-1.2374208E-01,4.19922E-01,-4.88281E-02
-1.2372360E-01,3.80859E-01,6.83594E-02
-1.2370512E-01,3.80859E-01,2.92969E-02
-1.2368664E-01,3.41797E-01,2.92969E-02
-1.2366816E-01,3.80859E-01,6.83594E-02
-1.2364968E-01,3.80859E-01,9.76562E-03
-1.2363120E-01,4.39453E-01,9.76562E-03
-1.2361272E-01,4.00391E-01,4.88281E-02
-1.2359424E-01,4.58984E-01,6.83594E-02
-1.2357576E-01,4.39453E-01,6.83594E-02
-1.2355728E-01,4.58984E-01,2.92969E-02
-1.2353880E-01,3.80859E-01,2.92969E-02
-1.2352032E-01,4.58984E-01,6.83594E-02
-1.2350184E-01,4.39453E-01,2.92969E-02
-1.2348336E-01,4.39453E-01,2.92969E-02
-1.2346488E-01,4.78516E-01,6.83594E-02
-1.2344640E-01,4.39453E-01,4.88281E-02
-1.2342792E-01,4.00391E-01,4.88281E-02
-1.2340944E-01,5.17578E-01,2.92969E-02
-1.2339096E-01,3.61328E-01,9.76562E-03
-1.2337248E-01,4.19922E-01,-9.76562E-03
-1.2335400E-01,3.61328E-01,8.78906E-02
-1.2333552E-01,4.19922E-01,4.88281E-02
-1.2331704E-01,4.98047E-01,2.92969E-02
-1.2329856E-01,4.19922E-01,6.83594E-02
-1.2328008E-01,3.61328E-01,9.76562E-03
-1.2326160E-01,4.98047E-01,-9.76562E-03
-1.2324312E-01,3.61328E-01,1.07422E-01
-1.2322464E-01,4.39453E-01,2.92969E-02
-1.2320616E-01,4.58984E-01,6.83594E-02
-1.2318768E-01,4.39453E-01,4.88281E-02
-1.2316920E-01,3.61328E-01,2.92969E-02
-1.2315072E-01,4.19922E-01,4.88281E-02
-1.2313224E-01,4.19922E-01,9.76562E-03
-1.2311376E-01,4.58984E-01,2.92969E-02
-1.2309528E-01,3.80859E-01,6.83594E-02
-1.2307680E-01,4.39453E-01,4.88281E-02
-1.2305832E-01,4.00391E-01,4.88281E-02
-1.2303984E-01,4.58984E-01,-9.76562E-03
-1.2302136E-01,4.39453E-01,6.83594E-02
-1.2300288E-01,4.98047E-01,6.83594E-02
-1.2298440E-01,4.00391E-01,2.92969E-02
-1.2296592E-01,4.39453E-01,9.76562E-03
-1.2294744E-01,4.00391E-01,2.92969E-02
-1.2292896E-01,4.58984E-01,9.76562E-03
-1.2291048E-01,4.00391E-01,2.92969E-02
-1.2289200E-01,5.17578E-01,2.92969E-02
-1.2287352E-01,4.98047E-01,6.83594E-02
-1.2285504E-01,4.39453E-01,9.76562E-03
-1.2283656E-01,3.80859E-01,6.83594E-02
-1.2281808E-01,4.78516E-01,9.76562E-03
-1.2279960E-01,4.39453E-01,9.76562E-03
-1.2278112E-01,4.78516E-01,4.88281E-02
-1.2276264E-01,3.80859E-01,9.76562E-03
-1.2274416E-01,3.80859E-01,2.92969E-02
-1.2272568E-01,4.19922E-01,9.76562E-03
-1.2270720E-01,4.39453E-01,-9.76562E-03
-1.2268872E-01,4.19922E-01,4.88281E-02
-1.2267024E-01,4.39453E-01,4.88281E-02
-1.2265176E-01,4.19922E-01,4.88281E-02
-1.2263328E-01,4.39453E-01,2.92969E-02
-1.2261480E-01,3.80859E-01,2.92969E-02
-1.2259632E-01,4.39453E-01,9.76562E-03
-1.2257784E-01,3.80859E-01,9.76562E-03
-1.2255936E-01,5.56641E-01,9.76562E-03
-1.2254088E-01,4.19922E-01,6.83594E-02
-1.2252240E-01,4.39453E-01,-9.76562E-03
-1.2250392E-01,3.61328E-01,4.88281E-02
-1.2248544E-01,4.39453E-01,2.92969E-02
-1.2246696E-01,4.19922E-01,9.76562E-03
-1.2244848E-01,4.39453E-01,2.92969E-02
-1.2243000E-01,4.00391E-01,4.88281E-02
-1.2241152E-01,4.58984E-01,2.92969E-02
-1.2239304E-01,4.19922E-01,4.88281E-02
-1.2237456E-01,4.39453E-01,9.76562E-03
-1.2235608E-01,3.80859E-01,9.76562E-03
-1.2233760E-01,4.19922E-01,4.88281E-02
-1.2231912E-01,3.80859E-01,6.83594E-02
-1.2230064E-01,4.39453E-01,-2.92969E-02
-1.2228216E-01,4.98047E-01,9.76562E-03
-1.2226368E-01,4.58984E-01,4.88281E-02
-1.2224520E-01,4.78516E-01,9.76562E-03
-1.2222672E-01,4.58984E-01,2.92969E-02
-1.2220824E-01,4.58984E-01,4.88281E-02
-1.2218976E-01,4.58984E-01,2.92969E-02
-1.2217128E-01,3.80859E-01,1.07422E-01
-1.2215280E-01,4.19922E-01,-9.76562E-03
-1.2213432E-01,4.00391E-01,4.88281E-02
-1.2211584E-01,4.98047E-01,2.92969E-02
-1.2209736E-01,4.19922E-01,9.76562E-03
-1.2207888E-01,4.98047E-01,4.88281E-02
-1.2206040E-01,4.19922E-01,4.88281E-02
-1.2204192E-01,4.39453E-01,4.88281E-02
-1.2202344E-01,4.78516E-01,2.92969E-02
-1.2200496E-01,3.80859E-01,4.88281E-02
-1.2198648E-01,4.58984E-01,6.83594E-02
-1.2196800E-01,4.19922E-01,4.88281E-02
-1.2194952E-01,3.41797E-01,1.07422E-01
-1.2193104E-01,3.80859E-01,2.92969E-02
-1.2191256E-01,4.39453E-01,2.92969E-02
-1.2189408E-01,4.19922E-01,-9.76562E-03
-1.2187560E-01,3.80859E-01,9.76562E-03
-1.2185712E-01,4.39453E-01,4.88281E-02
-1.2183864E-01,4.19922E-01,6.83594E-02
-1.2182016E-01,4.39453E-01,4.88281E-02
-1.2180168E-01,3.80859E-01,4.88281E-02
-1.2178320E-01,4.58984E-01,-2.92969E-02
-1.2176472E-01,3.80859E-01,2.92969E-02
-1.2174624E-01,4.39453E-01,2.92969E-02
-1.2172776E-01,4.58984E-01,2.92969E-02
-1.2170928E-01,4.58984E-01,2.92969E-02
-1.2169080E-01,3.80859E-01,4.88281E-02
-1.2167232E-01,4.98047E-01,2.92969E-02
-1.2165384E-01,4.39453E-01,9.76562E-03
-1.2163536E-01,4.39453E-01,-4.88281E-02
-1.2161688E-01,4.39453E-01,4.88281E-02
-1.2159840E-01,3.80859E-01,-2.92969E-02
-1.2157992E-01,4.98047E-01,9.76562E-03
-1.2156144E-01,4.58984E-01,6.83594E-02
-1.2154296E-01,3.80859E-01,2.92969E-02
-1.2152448E-01,3.61328E-01,2.92969E-02
-1.2150600E-01,4.78516E-01,-2.92969E-02
-1.2148752E-01,4.39453E-01,-9.76562E-03
-1.2146904E-01,4.19922E-01,-9.76562E-03
-1.2145056E-01,4.78516E-01,9.76562E-03
-1.2143208E-01,4.39453E-01,8.78906E-02
-1.2141360E-01,4.39453E-01,-9.76562E-03
-1.2139512E-01,3.41797E-01,2.92969E-02
-1.2137664E-01,4.19922E-01,9.76562E-03
-1.2135816E-01,3.80859E-01,6.83594E-02
-1.2133968E-01,4.39453E-01,-9.76562E-03
-1.2132120E-01,4.39453E-01,4.88281E-02
-1.2130272E-01,5.17578E-01,9.76562E-03
-1.2128424E-01,4.98047E-01,4.88281E-02
-1.2126576E-01,4.58984E-01,4.88281E-02
-1.2124728E-01,3.80859E-01,6.83594E-02
-1.2122880E-01,4.39453E-01,2.92969E-02
-1.2121032E-01,4.39453E-01,1.07422E-01
-1.2119184E-01,4.00391E-01,2.92969E-02
-1.2117336E-01,4.78516E-01,9.76562E-03
-1.2115488E-01,4.39453E-01,2.92969E-02
-1.2113640E-01,4.39453E-01,2.92969E-02
-1.2111792E-01,4.39453E-01,-9.76562E-03
-1.2109944E-01,4.98047E-01,-4.88281E-02
-1.2108096E-01,4.00391E-01,-4.88281E-02
-1.2106248E-01,4.39453E-01,2.92969E-02
-1.2104400E-01,4.19922E-01,2.92969E-02
-1.2102552E-01,4.00391E-01,9.76562E-03
-1.2100704E-01,4.39453E-01,9.76562E-03
-1.2098856E-01,3.61328E-01,2.92969E-02
-1.2097008E-01,4.58984E-01,6.83594E-02
-1.2095160E-01,4.00391E-01,6.83594E-02
-1.2093312E-01,4.19922E-01,2.92969E-02
-1.2091464E-01,4.78516E-01,9.76562E-03
-1.2089616E-01,4.19922E-01,9.76562E-03
-1.2087768E-01,4.19922E-01,4.88281E-02
-1.2085920E-01,5.17578E-01,4.88281E-02
-1.2084072E-01,4.78516E-01,2.92969E-02
-1.2082224E-01,4.39453E-01,-9.76562E-03
-1.2080376E-01,4.58984E-01,4.88281E-02
-1.2078528E-01,4.19922E-01,6.83594E-02
-1.2076680E-01,4.58984E-01,9.76562E-03
-1.2074832E-01,4.39453E-01,9.76562E-03
-1.2072984E-01,4.78516E-01,6.83594E-02
-1.2071136E-01,4.19922E-01,4.88281E-02
-1.2069288E-01,4.39453E-01,6.83594E-02
-1.2067440E-01,4.58984E-01,-9.76562E-03
-1.2065592E-01,4.19922E-01,2.92969E-02
-1.2063744E-01,4.39453E-01,4.88281E-02
-1.2061896E-01,3.80859E-01,6.83594E-02
-1.2060048E-01,3.80859E-01,-9.76562E-03
-1.2058200E-01,4.00391E-01,6.83594E-02
-1.2056352E-01,4.58984E-01,2.92969E-02
-1.2054504E-01,3.80859E-01,2.92969E-02
-1.2052656E-01,4.39453E-01,6.83594E-02
-1.2050808E-01,4.78516E-01,4.88281E-02
-1.2048960E-01,4.78516E-01,9.76562E-03
-1.2047112E-01,3.80859E-01,9.76562E-03
-1.2045264E-01,4.39453E-01,9.76562E-03
-1.2043416E-01,4.78516E-01,4.88281E-02
-1.2041568E-01,4.98047E-01,9.76562E-03
-1.2039720E-01,4.39453E-01,4.88281E-02
-1.2037872E-01,5.37109E-01,2.92969E-02
-1.2036024E-01,5.37109E-01,2.92969E-02
-1.2034176E-01,5.17578E-01,2.92969E-02
-1.2032328E-01,4.39453E-01,4.88281E-02
-1.2030480E-01,4.00391E-01,9.76562E-03
-1.2028632E-01,4.39453E-01,2.92969E-02
-1.2026784E-01,4.19922E-01,9.76562E-03
-1.2024936E-01,4.39453E-01,4.88281E-02
-1.2023088E-01,4.58984E-01,-2.92969E-02
-1.2021240E-01,4.98047E-01,6.83594E-02
-1.2019392E-01,4.19922E-01,6.83594E-02
-1.2017544E-01,3.80859E-01,1.07422E-01
-1.2015696E-01,4.98047E-01,4.88281E-02
-1.2013848E-01,4.19922E-01,2.92969E-02
-1.2012000E-01,4.58984E-01,4.88281E-02
-1.2010152E-01,4.19922E-01,4.88281E-02
-1.2008304E-01,4.98047E-01,-9.76562E-03
-1.2006456E-01,3.80859E-01,9.76562E-03
-1.2004608E-01,4.78516E-01,4.88281E-02
-1.2002760E-01,4.58984E-01,6.83594E-02
-1.2000912E-01,4.78516E-01,9.76562E-03
-1.1999064E-01,4.78516E-01,-4.88281E-02
-1.1997216E-01,5.37109E-01,4.88281E-02
-1.1995368E-01,4.39453E-01,2.92969E-02
-1.1993520E-01,4.39453E-01,9.76562E-03
-1.1991672E-01,4.98047E-01,2.92969E-02
-1.1989824E-01,4.39453E-01,9.76562E-03
-1.1987976E-01,4.39453E-01,8.78906E-02
-1.1986128E-01,5.37109E-01,2.92969E-02
-1.1984280E-01,4.39453E-01,-9.76562E-03
-1.1982432E-01,5.37109E-01,-9.76562E-03
-1.1980584E-01,4.00391E-01,1.07422E-01
-1.1978736E-01,4.39453E-01,2.92969E-02
-1.1976888E-01,4.39453E-01,4.88281E-02
-1.1975040E-01,4.58984E-01,9.76562E-03
-1.1973192E-01,4.19922E-01,9.76562E-03
-1.1971344E-01,4.39453E-01,2.92969E-02
-1.1969496E-01,4.39453E-01,6.83594E-02
-1.1967648E-01,4.19922E-01,2.92969E-02
-1.1965800E-01,3.80859E-01,4.88281E-02
-1.1963952E-01,5.17578E-01,8.78906E-02
-1.1962104E-01,4.39453E-01,6.83594E-02
-1.1960256E-01,4.98047E-01,2.92969E-02
-1.1958408E-01,4.39453E-01,2.92969E-02
-1.1956560E-01,4.00391E-01,6.83594E-02
-1.1954712E-01,3.61328E-01,8.78906E-02
-1.1952864E-01,4.98047E-01,6.83594E-02
-1.1951016E-01,4.00391E-01,8.78906E-02
-1.1949168E-01,5.37109E-01,6.83594E-02
-1.1947320E-01,4.19922E-01,4.88281E-02
-1.1945472E-01,4.58984E-01,4.88281E-02
-1.1943624E-01,4.39453E-01,4.88281E-02
-1.1941776E-01,4.58984E-01,-9.76562E-03
-1.1939928E-01,3.61328E-01,4.88281E-02
-1.1938080E-01,4.39453E-01,2.92969E-02
-1.1936232E-01,4.78516E-01,2.92969E-02
-1.1934384E-01,5.17578E-01,6.83594E-02
-1.1932536E-01,4.39453E-01,2.92969E-02
-1.1930688E-01,4.98047E-01,2.92969E-02
-1.1928840E-01,4.98047E-01,6.83594E-02
-1.1926992E-01,4.78516E-01,4.88281E-02
-1.1925144E-01,4.78516E-01,6.83594E-02
-1.1923296E-01,4.58984E-01,9.76562E-03
-1.1921448E-01,3.80859E-01,2.92969E-02
-1.1919600E-01,4.39453E-01,2.92969E-02
-1.1917752E-01,4.19922E-01,9.76562E-03
-1.1915904E-01,4.58984E-01,4.88281E-02
-1.1914056E-01,4.19922E-01,6.83594E-02
-1.1912208E-01,4.98047E-01,2.92969E-02
-1.1910360E-01,4.39453E-01,4.88281E-02
-1.1908512E-01,4.19922E-01,2.92969E-02
-1.1906664E-01,4.19922E-01,4.88281E-02
-1.1904816E-01,4.78516E-01,9.76562E-03
-1.1902968E-01,4.19922E-01,9.76562E-03
-1.1901120E-01,5.17578E-01,2.92969E-02
-1.1899272E-01,4.39453E-01,2.92969E-02
-1.1897424E-01,4.39453E-01,4.88281E-02
-1.1895576E-01,3.80859E-01,4.88281E-02
-1.1893728E-01,5.37109E-01,-2.92969E-02
-1.1891880E-01,4.39453E-01,-2.92969E-02
-1.1890032E-01,4.19922E-01,4.88281E-02
-1.1888184E-01,4.78516E-01,8.78906E-02
-1.1886336E-01,4.58984E-01,4.88281E-02
-1.1884488E-01,4.39453E-01,6.83594E-02
-1.1882640E-01,4.39453E-01,2.92969E-02
-1.1880792E-01,4.39453E-01,6.83594E-02
-1.1878944E-01,4.39453E-01,9.76562E-03
-1.1877096E-01,4.19922E-01,9.76562E-03
-1.1875248E-01,4.98047E-01,-4.88281E-02
-1.1873400E-01,4.78516E-01,2.92969E-02
-1.1871552E-01,4.78516E-01,6.83594E-02
-1.1869704E-01,4.00391E-01,8.78906E-02
-1.1867856E-01,4.39453E-01,2.92969E-02
-1.1866008E-01,4.39453E-01,9.76562E-03
-1.1864160E-01,3.61328E-01,2.92969E-02
-1.1862312E-01,4.00391E-01,-2.92969E-02
-1.1860464E-01,4.98047E-01,-4.88281E-02
-1.1858616E-01,3.80859E-01,4.88281E-02
-1.1856768E-01,4.39453E-01,9.76562E-03
-1.1854920E-01,3.61328E-01,4.88281E-02
-1.1853072E-01,4.98047E-01,9.76562E-03
-1.1851224E-01,4.58984E-01,9.76562E-03
-1.1849376E-01,4.58984E-01,8.78906E-02
-1.1847528E-01,4.78516E-01,1.26953E-01
-1.1845680E-01,4.58984E-01,-9.76562E-03
-1.1843832E-01,4.39453E-01,4.88281E-02
-1.1841984E-01,4.39453E-01,2.92969E-02
-1.1840136E-01,4.19922E-01,2.92969E-02
-1.1838288E-01,4.58984E-01,2.92969E-02
-1.1836440E-01,4.98047E-01,4.88281E-02
-1.1834592E-01,4.39453E-01,1.07422E-01
-1.1832744E-01,4.98047E-01,2.92969E-02
-1.1830896E-01,4.58984E-01,4.88281E-02
-1.1829048E-01,4.39453E-01,8.78906E-02
-1.1827200E-01,4.00391E-01,4.88281E-02
-1.1825352E-01,4.39453E-01,4.88281E-02
-1.1823504E-01,4.00391E-01,9.76562E-03
-1.1821656E-01,4.19922E-01,1.26953E-01
-1.1819808E-01,4.39453E-01,4.88281E-02
-1.1817960E-01,3.80859E-01,4.88281E-02
-1.1816112E-01,4.39453E-01,2.92969E-02
-1.1814264E-01,4.58984E-01,2.92969E-02
-1.1812416E-01,4.58984E-01,2.92969E-02
-1.1810568E-01,4.00391E-01,4.88281E-02
-1.1808720E-01,4.98047E-01,9.76562E-03
-1.1806872E-01,4.58984E-01,2.92969E-02
-1.1805024E-01,4.39453E-01,2.92969E-02
-1.1803176E-01,4.98047E-01,4.88281E-02
-1.1801328E-01,4.58984E-01,9.76562E-03
-1.1799480E-01,4.39453E-01,2.92969E-02
-1.1797632E-01,4.98047E-01,2.92969E-02
-1.1795784E-01,3.80859E-01,6.83594E-02
-1.1793936E-01,4.39453E-01,9.76562E-03
-1.1792088E-01,4.39453E-01,4.88281E-02
-1.1790240E-01,4.19922E-01,4.88281E-02
-1.1788392E-01,4.19922E-01,2.92969E-02
-1.1786544E-01,4.58984E-01,9.76562E-03
-1.1784696E-01,3.80859E-01,-2.92969E-02
-1.1782848E-01,4.00391E-01,-9.76562E-03
-1.1781000E-01,4.58984E-01,6.83594E-02
-1.1779152E-01,4.78516E-01,4.88281E-02
-1.1777304E-01,4.78516E-01,4.88281E-02
-1.1775456E-01,4.39453E-01,4.88281E-02
-1.1773608E-01,4.78516E-01,2.92969E-02
-1.1771760E-01,5.17578E-01,9.76562E-03
-1.1769912E-01,4.78516E-01,2.92969E-02
-1.1768064E-01,4.78516E-01,2.92969E-02
-1.1766216E-01,4.19922E-01,9.76562E-03
-1.1764368E-01,4.58984E-01,4.88281E-02
-1.1762520E-01,4.19922E-01,2.92969E-02
-1.1760672E-01,4.39453E-01,4.88281E-02
-1.1758824E-01,4.78516E-01,6.83594E-02
-1.1756976E-01,4.78516E-01,-6.83594E-02
-1.1755128E-01,4.98047E-01,1.07422E-01
-1.1753280E-01,4.58984E-01,2.92969E-02
-1.1751432E-01,4.78516E-01,8.78906E-02
-1.1749584E-01,4.19922E-01,4.88281E-02
-1.1747736E-01,4.39453E-01,2.92969E-02
-1.1745888E-01,5.37109E-01,8.78906E-02
-1.1744040E-01,3.61328E-01,2.92969E-02
-1.1742192E-01,4.78516E-01,9.76562E-03
-1.1740344E-01,4.39453E-01,4.88281E-02
-1.1738496E-01,4.39453E-01,1.07422E-01
-1.1736648E-01,4.00391E-01,2.92969E-02
-1.1734800E-01,4.19922E-01,-9.76562E-03
-1.1732952E-01,4.39453E-01,9.76562E-03
-1.1731104E-01,4.39453E-01,9.76562E-03
-1.1729256E-01,4.39453E-01,6.83594E-02
-1.1727408E-01,4.98047E-01,9.76562E-03
-1.1725560E-01,3.61328E-01,6.83594E-02
-1.1723712E-01,4.78516E-01,-9.76562E-03
-1.1721864E-01,4.78516E-01,-2.92969E-02
-1.1720016E-01,4.98047E-01,4.88281E-02
-1.1718168E-01,4.39453E-01,2.92969E-02
-1.1716320E-01,4.78516E-01,2.92969E-02
-1.1714472E-01,4.98047E-01,9.76562E-03
-1.1712624E-01,4.19922E-01,-9.76562E-03
-1.1710776E-01,4.00391E-01,6.83594E-02
-1.1708928E-01,4.78516E-01,4.88281E-02
-1.1707080E-01,4.39453E-01,4.88281E-02
-1.1705232E-01,4.78516E-01,9.76562E-03
-1.1703384E-01,4.58984E-01,4.88281E-02
-1.1701536E-01,5.17578E-01,6.83594E-02
-1.1699688E-01,4.19922E-01,6.83594E-02
-1.1697840E-01,4.58984E-01,4.88281E-02
-1.1695992E-01,4.98047E-01,6.83594E-02
-1.1694144E-01,4.39453E-01,4.88281E-02
-1.1692296E-01,3.61328E-01,6.83594E-02
-1.1690448E-01,4.39453E-01,4.88281E-02
-1.1688600E-01,4.39453E-01,4.88281E-02
-1.1686752E-01,5.37109E-01,9.76562E-03
-1.1684904E-01,4.19922E-01,2.92969E-02
-1.1683056E-01,4.39453E-01,9.76562E-03
-1.1681208E-01,3.80859E-01,9.76562E-03
-1.1679360E-01,4.98047E-01,9.76562E-03
-1.1677512E-01,4.98047E-01,4.88281E-02
-1.1675664E-01,5.56641E-01,4.88281E-02
-1.1673816E-01,4.58984E-01,-9.76562E-03
-1.1671968E-01,4.78516E-01,9.76562E-03
-1.1670120E-01,4.39453E-01,2.92969E-02
-1.1668272E-01,4.98047E-01,-9.76562E-03
-1.1666424E-01,4.98047E-01,4.88281E-02
-1.1664576E-01,4.19922E-01,6.83594E-02
-1.1662728E-01,4.39453E-01,6.83594E-02
-1.1660880E-01,4.39453E-01,2.92969E-02
-1.1659032E-01,4.39453E-01,9.76562E-03
-1.1657184E-01,5.17578E-01,2.92969E-02
-1.1655336E-01,4.98047E-01,6.83594E-02
-1.1653488E-01,4.78516E-01,4.88281E-02
-1.1651640E-01,4.58984E-01,4.88281E-02
-1.1649792E-01,4.98047E-01,9.76562E-03
-1.1647944E-01,4.98047E-01,4.88281E-02
-1.1646096E-01,4.78516E-01,9.76562E-03
-1.1644248E-01,4.39453E-01,6.83594E-02
-1.1642400E-01,4.78516E-01,9.76562E-03
-1.1640552E-01,4.98047E-01,4.88281E-02
-1.1638704E-01,5.17578E-01,2.92969E-02
-1.1636856E-01,4.39453E-01,6.83594E-02
-1.1635008E-01,5.17578E-01,2.92969E-02
-1.1633160E-01,4.00391E-01,6.83594E-02
-1.1631312E-01,4.19922E-01,9.76562E-03
-1.1629464E-01,4.98047E-01,2.92969E-02
-1.1627616E-01,4.98047E-01,4.88281E-02
-1.1625768E-01,4.19922E-01,4.88281E-02
-1.1623920E-01,4.98047E-01,9.76562E-03
-1.1622072E-01,4.78516E-01,4.88281E-02
-1.1620224E-01,4.19922E-01,9.76562E-03
-1.1618376E-01,3.80859E-01,4.88281E-02
-1.1616528E-01,4.19922E-01,2.92969E-02
-1.1614680E-01,4.19922E-01,9.76562E-03
-1.1612832E-01,4.98047E-01,9.76562E-03
-1.1610984E-01,4.58984E-01,2.92969E-02
-1.1609136E-01,4.78516E-01,4.88281E-02
-1.1607288E-01,4.98047E-01,4.88281E-02
-1.1605440E-01,4.39453E-01,-4.88281E-02
-1.1603592E-01,4.58984E-01,2.92969E-02
-1.1601744E-01,4.98047E-01,2.92969E-02
-1.1599896E-01,4.39453E-01,2.92969E-02
-1.1598048E-01,4.98047E-01,-9.76562E-03
-1.1596200E-01,4.39453E-01,4.88281E-02
-1.1594352E-01,4.78516E-01,2.92969E-02
-1.1592504E-01,4.39453E-01,2.92969E-02
-1.1590656E-01,4.98047E-01,2.92969E-02
-1.1588808E-01,4.78516E-01,9.76562E-03
-1.1586960E-01,4.58984E-01,2.92969E-02
-1.1585112E-01,4.78516E-01,4.88281E-02
-1.1583264E-01,4.98047E-01,-2.92969E-02
-1.1581416E-01,4.78516E-01,2.92969E-02
-1.1579568E-01,4.98047E-01,6.83594E-02
-1.1577720E-01,4.00391E-01,6.83594E-02
-1.1575872E-01,4.58984E-01,2.92969E-02
-1.1574024E-01,4.19922E-01,2.92969E-02
-1.1572176E-01,4.98047E-01,-9.76562E-03
-1.1570328E-01,4.98047E-01,2.92969E-02
-1.1568480E-01,4.98047E-01,9.76562E-03
-1.1566632E-01,4.39453E-01,4.88281E-02
-1.1564784E-01,4.58984E-01,4.88281E-02
-1.1562936E-01,4.00391E-01,4.88281E-02
-1.1561088E-01,4.19922E-01,2.92969E-02
-1.1559240E-01,4.39453E-01,2.92969E-02
-1.1557392E-01,4.39453E-01,6.83594E-02
-1.1555544E-01,4.39453E-01,2.92969E-02
-1.1553696E-01,4.78516E-01,9.76562E-03
-1.1551848E-01,3.80859E-01,4.88281E-02
-1.1550000E-01,4.58984E-01,4.88281E-02
-1.1548152E-01,4.78516E-01,2.92969E-02
-1.1546304E-01,4.78516E-01,9.76562E-03
-1.1544456E-01,3.80859E-01,4.88281E-02
-1.1542608E-01,4.98047E-01,4.88281E-02
-1.1540760E-01,4.58984E-01,6.83594E-02
-1.1538912E-01,5.17578E-01,6.83594E-02
-1.1537064E-01,4.19922E-01,2.92969E-02
-1.1535216E-01,4.19922E-01,4.88281E-02
-1.1533368E-01,4.58984E-01,4.88281E-02
-1.1531520E-01,5.17578E-01,9.76562E-03
-1.1529672E-01,4.00391E-01,9.76562E-03
-1.1527824E-01,4.78516E-01,2.92969E-02
-1.1525976E-01,3.61328E-01,-4.88281E-02
-1.1524128E-01,4.58984E-01,4.88281E-02
-1.1522280E-01,4.78516E-01,8.78906E-02
-1.1520432E-01,4.98047E-01,9.76562E-03
-1.1518584E-01,4.39453E-01,4.88281E-02
-1.1516736E-01,4.39453E-01,4.88281E-02
-1.1514888E-01,4.98047E-01,9.76562E-03
-1.1513040E-01,4.58984E-01,9.76562E-03
-1.1511192E-01,4.39453E-01,6.83594E-02
-1.1509344E-01,4.39453E-01,2.92969E-02
-1.1507496E-01,4.00391E-01,4.88281E-02
-1.1505648E-01,5.56641E-01,9.76562E-03
-1.1503800E-01,4.98047E-01,6.83594E-02
-1.1501952E-01,5.17578E-01,-9.76562E-03
-1.1500104E-01,3.61328E-01,2.92969E-02
-1.1498256E-01,4.98047E-01,2.92969E-02
-1.1496408E-01,4.39453E-01,4.88281E-02
-1.1494560E-01,5.37109E-01,9.76562E-03
-1.1492712E-01,4.98047E-01,-6.83594E-02
-1.1490864E-01,4.19922E-01,9.76562E-03
-1.1489016E-01,4.78516E-01,6.83594E-02
-1.1487168E-01,4.78516E-01,2.92969E-02
-1.1485320E-01,4.39453E-01,4.88281E-02
-1.1483472E-01,4.78516E-01,6.83594E-02
-1.1481624E-01,4.19922E-01,6.83594E-02
-1.1479776E-01,4.58984E-01,2.92969E-02
-1.1477928E-01,4.98047E-01,2.92969E-02
-1.1476080E-01,4.58984E-01,2.92969E-02
-1.1474232E-01,4.78516E-01,6.83594E-02
-1.1472384E-01,4.39453E-01,-9.76562E-03
-1.1470536E-01,4.98047E-01,4.88281E-02
-1.1468688E-01,4.39453E-01,9.76562E-03
-1.1466840E-01,4.58984E-01,-9.76562E-03
-1.1464992E-01,4.39453E-01,-9.76562E-03
-1.1463144E-01,5.37109E-01,2.92969E-02
-1.1461296E-01,4.39453E-01,2.92969E-02
-1.1459448E-01,3.80859E-01,6.83594E-02
-1.1457600E-01,5.17578E-01,9.76562E-03
-1.1455752E-01,4.19922E-01,4.88281E-02
-1.1453904E-01,4.00391E-01,9.76562E-03
-1.1452056E-01,4.39453E-01,2.92969E-02
-1.1450208E-01,4.98047E-01,9.76562E-03
-1.1448360E-01,4.19922E-01,9.76562E-03
-1.1446512E-01,4.78516E-01,4.88281E-02
-1.1444664E-01,4.39453E-01,4.88281E-02
-1.1442816E-01,5.17578E-01,-9.76562E-03
-1.1440968E-01,4.58984E-01,6.83594E-02
-1.1439120E-01,4.58984E-01,4.88281E-02
-1.1437272E-01,4.78516E-01,2.92969E-02
-1.1435424E-01,5.56641E-01,-9.76562E-03
-1.1433576E-01,4.58984E-01,2.92969E-02
-1.1431728E-01,4.78516E-01,2.92969E-02
-1.1429880E-01,4.58984E-01,6.83594E-02
-1.1428032E-01,5.37109E-01,2.92969E-02
-1.1426184E-01,3.61328E-01,2.92969E-02
-1.1424336E-01,4.98047E-01,2.92969E-02
-1.1422488E-01,4.98047E-01,4.88281E-02
-1.1420640E-01,4.98047E-01,2.92969E-02
-1.1418792E-01,4.19922E-01,-2.92969E-02
-1.1416944E-01,4.39453E-01,4.88281E-02
-1.1415096E-01,4.98047E-01,9.76562E-03
-1.1413248E-01,4.39453E-01,4.88281E-02
-1.1411400E-01,5.17578E-01,9.76562E-03
-1.1409552E-01,4.39453E-01,6.83594E-02
-1.1407704E-01,4.39453E-01,4.88281E-02
-1.1405856E-01,4.39453E-01,9.76562E-03
-1.1404008E-01,4.78516E-01,-9.76562E-03
-1.1402160E-01,4.98047E-01,9.76562E-03
-1.1400312E-01,4.19922E-01,2.92969E-02
-1.1398464E-01,4.78516E-01,2.92969E-02
-1.1396616E-01,3.80859E-01,2.92969E-02
-1.1394768E-01,5.17578E-01,9.76562E-03
-1.1392920E-01,4.78516E-01,2.92969E-02
-1.1391072E-01,4.98047E-01,9.76562E-03
-1.1389224E-01,4.78516E-01,2.92969E-02
-1.1387376E-01,5.37109E-01,-2.92969E-02
-1.1385528E-01,4.39453E-01,4.88281E-02
-1.1383680E-01,4.58984E-01,2.92969E-02
-1.1381832E-01,4.39453E-01,2.92969E-02
-1.1379984E-01,4.98047E-01,-9.76562E-03
-1.1378136E-01,4.98047E-01,2.92969E-02
-1.1376288E-01,5.17578E-01,9.76562E-03
-1.1374440E-01,4.98047E-01,2.92969E-02
-1.1372592E-01,4.98047E-01,9.76562E-03
-1.1370744E-01,4.78516E-01,-9.76562E-03
-1.1368896E-01,5.37109E-01,9.76562E-03
-1.1367048E-01,4.39453E-01,6.83594E-02
-1.1365200E-01,4.98047E-01,6.83594E-02
-1.1363352E-01,4.98047E-01,2.92969E-02
-1.1361504E-01,5.17578E-01,4.88281E-02
-1.1359656E-01,4.98047E-01,4.88281E-02
-1.1357808E-01,4.78516E-01,9.76562E-03
-1.1355960E-01,4.39453E-01,9.76562E-03
-1.1354112E-01,4.98047E-01,2.92969E-02
-1.1352264E-01,3.80859E-01,6.83594E-02
-1.1350416E-01,4.78516E-01,9.76562E-03
-1.1348568E-01,5.56641E-01,6.83594E-02
-1.1346720E-01,4.98047E-01,9.76562E-03
-1.1344872E-01,4.19922E-01,2.92969E-02
-1.1343024E-01,4.98047E-01,9.76562E-03
-1.1341176E-01,4.19922E-01,9.76562E-03
-1.1339328E-01,4.58984E-01,2.92969E-02
-1.1337480E-01,4.39453E-01,9.76562E-03
-1.1335632E-01,4.39453E-01,2.92969E-02
-1.1333784E-01,4.58984E-01,4.88281E-02
-1.1331936E-01,4.98047E-01,2.92969E-02
-1.1330088E-01,4.98047E-01,4.88281E-02
-1.1328240E-01,4.78516E-01,4.88281E-02
-1.1326392E-01,4.58984E-01,6.83594E-02
-1.1324544E-01,4.78516E-01,-2.92969E-02
-1.1322696E-01,4.98047E-01,6.83594E-02
-1.1320848E-01,4.78516E-01,4.88281E-02
-1.1319000E-01,4.00391E-01,2.92969E-02
-1.1317152E-01,4.98047E-01,4.88281E-02
-1.1315304E-01,4.39453E-01,9.76562E-03
-1.1313456E-01,4.58984E-01,-9.76562E-03
-1.1311608E-01,4.98047E-01,6.83594E-02
-1.1309760E-01,4.39453E-01,-9.76562E-03
-1.1307912E-01,4.98047E-01,2.92969E-02
-1.1306064E-01,4.39453E-01,9.76562E-03
-1.1304216E-01,4.19922E-01,1.07422E-01
-1.1302368E-01,4.39453E-01,4.88281E-02
-1.1300520E-01,4.98047E-01,8.78906E-02
-1.1298672E-01,5.17578E-01,2.92969E-02
-1.1296824E-01,4.00391E-01,6.83594E-02
-1.1294976E-01,4.78516E-01,2.92969E-02
-1.1293128E-01,4.98047E-01,9.76562E-03
-1.1291280E-01,4.39453E-01,-9.76562E-03
-1.1289432E-01,4.39453E-01,6.83594E-02
-1.1287584E-01,4.78516E-01,2.92969E-02
-1.1285736E-01,4.58984E-01,8.78906E-02
-1.1283888E-01,5.56641E-01,4.88281E-02
-1.1282040E-01,4.58984E-01,4.88281E-02
-1.1280192E-01,5.17578E-01,9.76562E-03
-1.1278344E-01,4.58984E-01,4.88281E-02
-1.1276496E-01,5.37109E-01,4.88281E-02
-1.1274648E-01,4.19922E-01,2.92969E-02
-1.1272800E-01,4.78516E-01,6.83594E-02
-1.1270952E-01,4.98047E-01,4.88281E-02
-1.1269104E-01,4.19922E-01,6.83594E-02
-1.1267256E-01,4.98047E-01,6.83594E-02
-1.1265408E-01,5.76172E-01,2.92969E-02
-1.1263560E-01,4.39453E-01,4.88281E-02
-1.1261712E-01,5.37109E-01,9.76562E-03
-1.1259864E-01,4.19922E-01,-9.76562E-03
-1.1258016E-01,4.78516E-01,9.76562E-03
-1.1256168E-01,4.00391E-01,9.76562E-03
-1.1254320E-01,4.39453E-01,4.88281E-02
-1.1252472E-01,4.98047E-01,1.07422E-01
-1.1250624E-01,4.98047E-01,9.76562E-03
-1.1248776E-01,4.58984E-01,9.76562E-03
-1.1246928E-01,4.39453E-01,2.92969E-02
-1.1245080E-01,4.98047E-01,2.92969E-02
-1.1243232E-01,4.19922E-01,4.88281E-02
-1.1241384E-01,4.78516E-01,9.76562E-03
-1.1239536E-01,5.37109E-01,9.76562E-03
-1.1237688E-01,5.17578E-01,4.88281E-02
-1.1235840E-01,4.98047E-01,2.92969E-02
-1.1233992E-01,4.19922E-01,6.83594E-02
-1.1232144E-01,4.78516E-01,4.88281E-02
-1.1230296E-01,4.39453E-01,8.78906E-02
-1.1228448E-01,4.58984E-01,4.88281E-02
-1.1226600E-01,4.39453E-01,6.83594E-02
-1.1224752E-01,4.98047E-01,9.76562E-03
-1.1222904E-01,4.78516E-01,2.92969E-02
-1.1221056E-01,4.58984E-01,9.76562E-03
-1.1219208E-01,4.98047E-01,9.76562E-03
-1.1217360E-01,5.17578E-01,4.88281E-02
-1.1215512E-01,4.19922E-01,4.88281E-02
-1.1213664E-01,5.37109E-01,-9.76562E-03
-1.1211816E-01,4.78516E-01,6.83594E-02
-1.1209968E-01,5.17578E-01,4.88281E-02
-1.1208120E-01,4.98047E-01,2.92969E-02
-1.1206272E-01,4.19922E-01,9.76562E-03
-1.1204424E-01,5.37109E-01,2.92969E-02
-1.1202576E-01,4.58984E-01,4.88281E-02
-1.1200728E-01,4.78516E-01,-4.88281E-02
-1.1198880E-01,4.98047E-01,2.92969E-02
-1.1197032E-01,4.98047E-01,4.88281E-02
-1.1195184E-01,4.98047E-01,9.76562E-03
-1.1193336E-01,4.58984E-01,9.76562E-03
-1.1191488E-01,4.78516E-01,4.88281E-02
-1.1189640E-01,4.39453E-01,9.76562E-03
-1.1187792E-01,4.98047E-01,6.83594E-02
-1.1185944E-01,4.39453E-01,4.88281E-02
-1.1184096E-01,4.98047E-01,2.92969E-02
-1.1182248E-01,5.17578E-01,9.76562E-03
-1.1180400E-01,4.78516E-01,-4.88281E-02
-1.1178552E-01,4.39453E-01,6.83594E-02
-1.1176704E-01,4.98047E-01,2.92969E-02
-1.1174856E-01,4.39453E-01,4.88281E-02
-1.1173008E-01,4.98047E-01,-4.88281E-02
-1.1171160E-01,4.78516E-01,6.83594E-02
-1.1169312E-01,4.78516E-01,2.92969E-02
-1.1167464E-01,4.58984E-01,4.88281E-02
-1.1165616E-01,4.58984E-01,-9.76562E-03
-1.1163768E-01,4.78516E-01,2.92969E-02
-1.1161920E-01,5.37109E-01,4.88281E-02
-1.1160072E-01,4.98047E-01,4.88281E-02
-1.1158224E-01,4.19922E-01,-9.76562E-03
-1.1156376E-01,4.39453E-01,6.83594E-02
-1.1154528E-01,4.98047E-01,2.92969E-02
-1.1152680E-01,4.98047E-01,9.76562E-03
-1.1150832E-01,4.78516E-01,4.88281E-02
-1.1148984E-01,4.78516E-01,-9.76562E-03
-1.1147136E-01,5.37109E-01,9.76562E-03
-1.1145288E-01,4.39453E-01,4.88281E-02
-1.1143440E-01,4.39453E-01,2.92969E-02
-1.1141592E-01,4.98047E-01,6.83594E-02
-1.1139744E-01,4.58984E-01,-9.76562E-03
-1.1137896E-01,4.98047E-01,6.83594E-02
-1.1136048E-01,4.58984E-01,-9.76562E-03
-1.1134200E-01,5.37109E-01,9.76562E-03
-1.1132352E-01,5.37109E-01,4.88281E-02
-1.1130504E-01,4.78516E-01,6.83594E-02
-1.1128656E-01,4.78516E-01,9.76562E-03
-1.1126808E-01,4.39453E-01,1.07422E-01
-1.1124960E-01,5.17578E-01,9.76562E-03
-1.1123112E-01,4.98047E-01,6.83594E-02
-1.1121264E-01,4.58984E-01,9.76562E-03
-1.1119416E-01,4.98047E-01,6.83594E-02
-1.1117568E-01,5.56641E-01,2.92969E-02
-1.1115720E-01,4.39453E-01,-9.76562E-03
-1.1113872E-01,5.17578E-01,-9.76562E-03
-1.1112024E-01,4.98047E-01,2.92969E-02
-1.1110176E-01,5.17578E-01,4.88281E-02
-1.1108328E-01,4.78516E-01,2.92969E-02
-1.1106480E-01,4.98047E-01,2.92969E-02
-1.1104632E-01,4.78516E-01,6.83594E-02
-1.1102784E-01,4.58984E-01,9.76562E-03
-1.1100936E-01,4.78516E-01,6.83594E-02
-1.1099088E-01,5.17578E-01,9.76562E-03
-1.1097240E-01,5.17578E-01,9.76562E-03
-1.1095392E-01,5.17578E-01,-9.76562E-03
-1.1093544E-01,4.39453E-01,2.92969E-02
-1.1091696E-01,4.98047E-01,8.78906E-02
-1.1089848E-01,4.58984E-01,4.88281E-02
-1.1088000E-01,4.39453E-01,4.88281E-02
-1.1086152E-01,4.98047E-01,4.88281E-02
-1.1084304E-01,5.17578E-01,2.92969E-02
-1.1082456E-01,4.19922E-01,2.92969E-02
-1.1080608E-01,5.56641E-01,2.92969E-02
-1.1078760E-01,4.39453E-01,9.76562E-03
-1.1076912E-01,4.78516E-01,9.76562E-03
-1.1075064E-01,4.39453E-01,4.88281E-02
-1.1073216E-01,4.58984E-01,2.92969E-02
-1.1071368E-01,4.98047E-01,-2.92969E-02
-1.1069520E-01,4.58984E-01,9.76562E-03
-1.1067672E-01,4.39453E-01,4.88281E-02
-1.1065824E-01,4.19922E-01,9.76562E-03
-1.1063976E-01,4.98047E-01,6.83594E-02
-1.1062128E-01,4.19922E-01,4.88281E-02
-1.1060280E-01,5.37109E-01,8.78906E-02
-1.1058432E-01,4.58984E-01,2.92969E-02
-1.1056584E-01,4.98047E-01,6.83594E-02
-1.1054736E-01,4.78516E-01,-2.92969E-02
-1.1052888E-01,4.98047E-01,4.88281E-02
-1.1051040E-01,5.17578E-01,9.76562E-03
-1.1049192E-01,5.56641E-01,6.83594E-02
-1.1047344E-01,4.78516E-01,4.88281E-02
-1.1045496E-01,4.19922E-01,2.92969E-02
-1.1043648E-01,5.17578E-01,2.92969E-02
-1.1041800E-01,5.56641E-01,4.88281E-02
-1.1039952E-01,5.17578E-01,-9.76562E-03
-1.1038104E-01,4.19922E-01,6.83594E-02
-1.1036256E-01,5.17578E-01,9.76562E-03
-1.1034408E-01,4.58984E-01,6.83594E-02
-1.1032560E-01,5.76172E-01,4.88281E-02
-1.1030712E-01,4.98047E-01,2.92969E-02
-1.1028864E-01,4.98047E-01,2.92969E-02
-1.1027016E-01,5.37109E-01,6.83594E-02
-1.1025168E-01,5.37109E-01,4.88281E-02
-1.1023320E-01,5.37109E-01,1.07422E-01
-1.1021472E-01,4.58984E-01,2.92969E-02
-1.1019624E-01,4.58984E-01,1.26953E-01
-1.1017776E-01,4.98047E-01,8.78906E-02
-1.1015928E-01,4.98047E-01,6.83594E-02
-1.1014080E-01,4.39453E-01,2.92969E-02
-1.1012232E-01,4.78516E-01,-9.76562E-03
-1.1010384E-01,4.58984E-01,9.76562E-03
-1.1008536E-01,4.78516E-01,4.88281E-02
-1.1006688E-01,4.98047E-01,2.92969E-02
-1.1004840E-01,4.39453E-01,6.83594E-02
-1.1002992E-01,4.98047E-01,-9.76562E-03
-1.1001144E-01,5.17578E-01,6.83594E-02
-1.0999296E-01,4.58984E-01,9.76562E-03
-1.0997448E-01,4.98047E-01,6.83594E-02
-1.0995600E-01,4.98047E-01,9.76562E-03
-1.0993752E-01,5.17578E-01,9.76562E-03
-1.0991904E-01,4.98047E-01,9.76562E-03
-1.0990056E-01,4.39453E-01,6.83594E-02
-1.0988208E-01,4.39453E-01,-9.76562E-03
-1.0986360E-01,4.58984E-01,4.88281E-02
-1.0984512E-01,4.98047E-01,2.92969E-02
-1.0982664E-01,4.58984E-01,6.83594E-02
-1.0980816E-01,5.17578E-01,9.76562E-03
-1.0978968E-01,5.17578E-01,4.88281E-02
-1.0977120E-01,4.58984E-01,-2.92969E-02
-1.0975272E-01,4.39453E-01,4.88281E-02
-1.0973424E-01,4.98047E-01,4.88281E-02
-1.0971576E-01,4.98047E-01,9.76562E-03
-1.0969728E-01,4.78516E-01,-9.76562E-03
-1.0967880E-01,4.78516E-01,-4.88281E-02
-1.0966032E-01,4.98047E-01,9.76562E-03
-1.0964184E-01,4.39453E-01,2.92969E-02
-1.0962336E-01,4.98047E-01,4.88281E-02
-1.0960488E-01,4.58984E-01,-9.76562E-03
-1.0958640E-01,5.37109E-01,4.88281E-02
-1.0956792E-01,4.39453E-01,-9.76562E-03
-1.0954944E-01,3.80859E-01,4.88281E-02
-1.0953096E-01,4.98047E-01,2.92969E-02
-1.0951248E-01,4.39453E-01,2.92969E-02
-1.0949400E-01,4.00391E-01,6.83594E-02
-1.0947552E-01,4.19922E-01,2.92969E-02
-1.0945704E-01,5.37109E-01,6.83594E-02
-1.0943856E-01,4.39453E-01,-9.76562E-03
-1.0942008E-01,4.39453E-01,6.83594E-02
-1.0940160E-01,4.98047E-01,-9.76562E-03
-1.0938312E-01,4.78516E-01,2.92969E-02
-1.0936464E-01,4.98047E-01,2.92969E-02
-1.0934616E-01,4.78516E-01,9.76562E-03
-1.0932768E-01,4.98047E-01,-4.88281E-02
-1.0930920E-01,4.98047E-01,2.92969E-02
-1.0929072E-01,4.98047E-01,6.83594E-02
-1.0927224E-01,4.98047E-01,2.92969E-02
-1.0925376E-01,5.17578E-01,2.92969E-02
-1.0923528E-01,4.98047E-01,2.92969E-02
-1.0921680E-01,5.17578E-01,6.83594E-02
-1.0919832E-01,4.98047E-01,6.83594E-02
-1.0917984E-01,5.56641E-01,1.26953E-01
-1.0916136E-01,3.80859E-01,6.83594E-02
-1.0914288E-01,4.98047E-01,9.76562E-03
-1.0912440E-01,4.98047E-01,6.83594E-02
-1.0910592E-01,4.98047E-01,9.76562E-03
-1.0908744E-01,4.98047E-01,2.92969E-02
-1.0906896E-01,4.39453E-01,-2.92969E-02
-1.0905048E-01,4.00391E-01,6.83594E-02
-1.0903200E-01,4.98047E-01,9.76562E-03
-1.0901352E-01,4.39453E-01,4.88281E-02
-1.0899504E-01,4.98047E-01,8.78906E-02
-1.0897656E-01,4.78516E-01,2.92969E-02
-1.0895808E-01,5.37109E-01,4.88281E-02
-1.0893960E-01,4.39453E-01,6.83594E-02
-1.0892112E-01,4.58984E-01,9.76562E-03
-1.0890264E-01,5.17578E-01,9.76562E-03
-1.0888416E-01,4.98047E-01,9.76562E-03
-1.0886568E-01,4.98047E-01,2.92969E-02
-1.0884720E-01,5.17578E-01,6.83594E-02
-1.0882872E-01,4.39453E-01,9.76562E-03
-1.0881024E-01,4.98047E-01,9.76562E-03
-1.0879176E-01,4.39453E-01,4.88281E-02
-1.0877328E-01,4.39453E-01,2.92969E-02
-1.0875480E-01,4.98047E-01,6.83594E-02
-1.0873632E-01,5.17578E-01,2.92969E-02
-1.0871784E-01,4.58984E-01,6.83594E-02
-1.0869936E-01,4.98047E-01,9.76562E-03
-1.0868088E-01,4.58984E-01,4.88281E-02
-1.0866240E-01,4.98047E-01,9.76562E-03
-1.0864392E-01,4.58984E-01,2.92969E-02
-1.0862544E-01,4.98047E-01,9.76562E-03
-1.0860696E-01,4.58984E-01,4.88281E-02
-1.0858848E-01,5.17578E-01,4.88281E-02
-1.0857000E-01,3.80859E-01,4.88281E-02
-1.0855152E-01,4.78516E-01,6.83594E-02
-1.0853304E-01,4.39453E-01,6.83594E-02
-1.0851456E-01,4.00391E-01,2.92969E-02
-1.0849608E-01,4.58984E-01,2.92969E-02
-1.0847760E-01,4.98047E-01,9.76562E-03
-1.0845912E-01,5.37109E-01,1.07422E-01
-1.0844064E-01,5.56641E-01,4.88281E-02
-1.0842216E-01,3.61328E-01,6.83594E-02
-1.0840368E-01,4.78516E-01,9.76562E-03
-1.0838520E-01,5.56641E-01,-9.76562E-03
-1.0836672E-01,4.39453E-01,-9.76562E-03
-1.0834824E-01,4.78516E-01,8.78906E-02
-1.0832976E-01,4.58984E-01,9.76562E-03
-1.0831128E-01,4.98047E-01,2.92969E-02
-1.0829280E-01,5.17578E-01,2.92969E-02
-1.0827432E-01,5.17578E-01,2.92969E-02
-1.0825584E-01,4.98047E-01,9.76562E-03
-1.0823736E-01,4.98047E-01,2.92969E-02
-1.0821888E-01,4.98047E-01,9.76562E-03
-1.0820040E-01,4.98047E-01,4.88281E-02
-1.0818192E-01,4.58984E-01,4.88281E-02
-1.0816344E-01,4.78516E-01,2.92969E-02
-1.0814496E-01,5.17578E-01,2.92969E-02
-1.0812648E-01,4.78516E-01,2.92969E-02
-1.0810800E-01,4.78516E-01,9.76562E-03
-1.0808952E-01,4.19922E-01,4.88281E-02
-1.0807104E-01,4.39453E-01,-2.92969E-02
-1.0805256E-01,4.98047E-01,4.88281E-02
-1.0803408E-01,4.78516E-01,4.88281E-02
-1.0801560E-01,4.98047E-01,4.88281E-02
-1.0799712E-01,5.17578E-01,-2.92969E-02
-1.0797864E-01,5.37109E-01,2.92969E-02
-1.0796016E-01,4.98047E-01,-2.92969E-02
-1.0794168E-01,4.98047E-01,9.76562E-03
-1.0792320E-01,4.58984E-01,4.88281E-02
-1.0790472E-01,4.58984E-01,1.26953E-01
-1.0788624E-01,4.78516E-01,2.92969E-02
-1.0786776E-01,5.17578E-01,-2.92969E-02
-1.0784928E-01,4.58984E-01,9.76562E-03
-1.0783080E-01,4.39453E-01,2.92969E-02
-1.0781232E-01,5.17578E-01,4.88281E-02
-1.0779384E-01,5.17578E-01,6.83594E-02
-1.0777536E-01,4.78516E-01,9.76562E-03
-1.0775688E-01,4.98047E-01,6.83594E-02
-1.0773840E-01,4.78516E-01,4.88281E-02
-1.0771992E-01,4.58984E-01,9.76562E-03
-1.0770144E-01,4.98047E-01,6.83594E-02
-1.0768296E-01,4.58984E-01,9.76562E-03
-1.0766448E-01,5.56641E-01,2.92969E-02
-1.0764600E-01,4.39453E-01,2.92969E-02
-1.0762752E-01,5.37109E-01,-9.76562E-03
-1.0760904E-01,4.98047E-01,2.92969E-02
-1.0759056E-01,4.78516E-01,9.76562E-03
-1.0757208E-01,4.58984E-01,6.83594E-02
-1.0755360E-01,4.98047E-01,4.88281E-02
-1.0753512E-01,4.19922E-01,6.83594E-02
-1.0751664E-01,5.37109E-01,2.92969E-02
-1.0749816E-01,4.98047E-01,6.83594E-02
-1.0747968E-01,5.17578E-01,-9.76562E-03
-1.0746120E-01,5.17578E-01,2.92969E-02
-1.0744272E-01,4.19922E-01,2.92969E-02
-1.0742424E-01,4.58984E-01,4.88281E-02
-1.0740576E-01,4.58984E-01,4.88281E-02
-1.0738728E-01,4.78516E-01,8.78906E-02
-1.0736880E-01,5.17578E-01,-9.76562E-03
-1.0735032E-01,5.37109E-01,6.83594E-02
-1.0733184E-01,4.98047E-01,4.88281E-02
-1.0731336E-01,5.37109E-01,6.83594E-02
-1.0729488E-01,4.98047E-01,2.92969E-02
-1.0727640E-01,4.78516E-01,2.92969E-02
-1.0725792E-01,5.37109E-01,2.92969E-02
-1.0723944E-01,5.17578E-01,9.76562E-03
-1.0722096E-01,4.39453E-01,-9.76562E-03
-1.0720248E-01,4.39453E-01,2.92969E-02
-1.0718400E-01,4.98047E-01,4.88281E-02
-1.0716552E-01,4.98047E-01,9.76562E-03
-1.0714704E-01,4.98047E-01,2.92969E-02
-1.0712856E-01,4.39453E-01,9.76562E-03
-1.0711008E-01,4.58984E-01,9.76562E-03
-1.0709160E-01,4.98047E-01,2.92969E-02
-1.0707312E-01,4.98047E-01,-9.76562E-03
-1.0705464E-01,4.00391E-01,4.88281E-02
-1.0703616E-01,5.17578E-01,4.88281E-02
-1.0701768E-01,4.98047E-01,6.83594E-02
-1.0699920E-01,4.98047E-01,4.88281E-02
-1.0698072E-01,5.17578E-01,-9.76562E-03
-1.0696224E-01,5.17578E-01,2.92969E-02
-1.0694376E-01,4.39453E-01,2.92969E-02
-1.0692528E-01,4.98047E-01,9.76562E-03
-1.0690680E-01,4.39453E-01,4.88281E-02
-1.0688832E-01,5.56641E-01,6.83594E-02
-1.0686984E-01,5.17578E-01,6.83594E-02
-1.0685136E-01,4.78516E-01,4.88281E-02
-1.0683288E-01,4.78516E-01,4.88281E-02
-1.0681440E-01,4.98047E-01,2.92969E-02
-1.0679592E-01,4.98047E-01,6.83594E-02
-1.0677744E-01,4.98047E-01,9.76562E-03
-1.0675896E-01,5.56641E-01,2.92969E-02
-1.0674048E-01,5.56641E-01,4.88281E-02
-1.0672200E-01,4.39453E-01,-2.92969E-02
-1.0670352E-01,5.17578E-01,9.76562E-03
-1.0668504E-01,4.58984E-01,9.76562E-03
-1.0666656E-01,4.98047E-01,-4.88281E-02
-1.0664808E-01,5.37109E-01,6.83594E-02
-1.0662960E-01,5.17578E-01,9.76562E-03
-1.0661112E-01,4.98047E-01,4.88281E-02
-1.0659264E-01,4.78516E-01,9.76562E-03
-1.0657416E-01,4.78516E-01,9.76562E-03
-1.0655568E-01,5.17578E-01,-9.76562E-03
-1.0653720E-01,4.98047E-01,8.78906E-02
-1.0651872E-01,4.19922E-01,9.76562E-03
-1.0650024E-01,4.98047E-01,4.88281E-02
-1.0648176E-01,4.98047E-01,2.92969E-02
-1.0646328E-01,4.78516E-01,6.83594E-02
-1.0644480E-01,4.98047E-01,-2.92969E-02
-1.0642632E-01,5.37109E-01,4.88281E-02
-1.0640784E-01,4.98047E-01,6.83594E-02
-1.0638936E-01,5.56641E-01,4.88281E-02
-1.0637088E-01,5.56641E-01,4.88281E-02
-1.0635240E-01,5.17578E-01,9.76562E-03
-1.0633392E-01,4.78516E-01,-9.76562E-03
-1.0631544E-01,5.37109E-01,4.88281E-02
-1.0629696E-01,4.98047E-01,4.88281E-02
-1.0627848E-01,4.98047E-01,2.92969E-02
-1.0626000E-01,5.17578E-01,9.76562E-03
-1.0624152E-01,5.37109E-01,4.88281E-02
-1.0622304E-01,4.78516E-01,9.76562E-03
-1.0620456E-01,4.78516E-01,4.88281E-02
-1.0618608E-01,5.17578E-01,4.88281E-02
-1.0616760E-01,4.39453E-01,6.83594E-02
-1.0614912E-01,4.98047E-01,2.92969E-02
-1.0613064E-01,4.98047E-01,6.83594E-02
-1.0611216E-01,5.17578E-01,6.83594E-02
-1.0609368E-01,4.98047E-01,4.88281E-02
-1.0607520E-01,4.78516E-01,4.88281E-02
-1.0605672E-01,4.98047E-01,4.88281E-02
-1.0603824E-01,4.98047E-01,-4.88281E-02
-1.0601976E-01,4.58984E-01,6.83594E-02
-1.0600128E-01,4.58984E-01,-2.92969E-02
-1.0598280E-01,5.95703E-01,9.76562E-03
-1.0596432E-01,5.56641E-01,-9.76562E-03
-1.0594584E-01,5.37109E-01,4.88281E-02
-1.0592736E-01,6.34766E-01,9.76562E-03
-1.0590888E-01,5.17578E-01,6.83594E-02
-1.0589040E-01,5.95703E-01,4.88281E-02
-1.0587192E-01,4.39453E-01,1.07422E-01
-1.0585344E-01,4.98047E-01,4.88281E-02
-1.0583496E-01,4.39453E-01,9.76562E-03
-1.0581648E-01,5.37109E-01,9.76562E-03
-1.0579800E-01,4.58984E-01,6.83594E-02
-1.0577952E-01,5.37109E-01,4.88281E-02
-1.0576104E-01,4.98047E-01,4.88281E-02
-1.0574256E-01,4.78516E-01,2.92969E-02
-1.0572408E-01,4.98047E-01,6.83594E-02
-1.0570560E-01,5.56641E-01,2.92969E-02
-1.0568712E-01,4.58984E-01,2.92969E-02
-1.0566864E-01,4.98047E-01,4.88281E-02
-1.0565016E-01,4.39453E-01,2.92969E-02
-1.0563168E-01,4.19922E-01,4.88281E-02
-1.0561320E-01,4.39453E-01,2.92969E-02
-1.0559472E-01,4.58984E-01,4.88281E-02
-1.0557624E-01,4.98047E-01,4.88281E-02
-1.0555776E-01,5.17578E-01,2.92969E-02
-1.0553928E-01,4.58984E-01,4.88281E-02
-1.0552080E-01,4.98047E-01,9.76562E-03
-1.0550232E-01,5.56641E-01,2.92969E-02
-1.0548384E-01,4.58984E-01,-9.76562E-03
-1.0546536E-01,4.98047E-01,4.88281E-02
-1.0544688E-01,5.17578E-01,4.88281E-02
-1.0542840E-01,4.98047E-01,6.83594E-02
-1.0540992E-01,4.58984E-01,9.76562E-03
-1.0539144E-01,4.98047E-01,9.76562E-03
-1.0537296E-01,4.98047E-01,-2.92969E-02
-1.0535448E-01,4.98047E-01,8.78906E-02
-1.0533600E-01,5.17578E-01,2.92969E-02
-1.0531752E-01,4.58984E-01,6.83594E-02
-1.0529904E-01,4.98047E-01,9.76562E-03
-1.0528056E-01,4.78516E-01,4.88281E-02
-1.0526208E-01,4.98047E-01,-2.92969E-02
-1.0524360E-01,4.58984E-01,2.92969E-02
-1.0522512E-01,4.78516E-01,2.92969E-02
-1.0520664E-01,5.56641E-01,9.76562E-03
-1.0518816E-01,4.98047E-01,4.88281E-02
-1.0516968E-01,5.37109E-01,4.88281E-02
-1.0515120E-01,4.19922E-01,2.92969E-02
-1.0513272E-01,5.17578E-01,6.83594E-02
-1.0511424E-01,4.98047E-01,9.76562E-03
-1.0509576E-01,4.98047E-01,2.92969E-02
-1.0507728E-01,5.56641E-01,4.88281E-02
-1.0505880E-01,4.58984E-01,4.88281E-02
-1.0504032E-01,5.56641E-01,9.76562E-03
-1.0502184E-01,4.98047E-01,1.07422E-01
-1.0500336E-01,5.37109E-01,9.76562E-03
-1.0498488E-01,4.39453E-01,-9.76562E-03
-1.0496640E-01,5.37109E-01,-2.92969E-02
-1.0494792E-01,4.78516E-01,6.83594E-02
-1.0492944E-01,5.17578E-01,-2.92969E-02
-1.0491096E-01,4.98047E-01,6.83594E-02
-1.0489248E-01,4.78516E-01,2.92969E-02
-1.0487400E-01,4.98047E-01,1.26953E-01
-1.0485552E-01,4.39453E-01,4.88281E-02
-1.0483704E-01,4.00391E-01,9.76562E-03
-1.0481856E-01,4.98047E-01,2.92969E-02
-1.0480008E-01,4.39453E-01,9.76562E-03
-1.0478160E-01,5.56641E-01,9.76562E-03
-1.0476312E-01,4.98047E-01,9.76562E-03
-1.0474464E-01,5.37109E-01,2.92969E-02
-1.0472616E-01,5.56641E-01,4.88281E-02
-1.0470768E-01,4.98047E-01,-2.92969E-02
-1.0468920E-01,5.76172E-01,2.92969E-02
-1.0467072E-01,4.98047E-01,-9.76562E-03
-1.0465224E-01,4.98047E-01,9.76562E-03
-1.0463376E-01,4.98047E-01,4.88281E-02
-1.0461528E-01,5.37109E-01,4.88281E-02
-1.0459680E-01,5.17578E-01,2.92969E-02
-1.0457832E-01,4.98047E-01,6.83594E-02
-1.0455984E-01,5.17578E-01,9.76562E-03
-1.0454136E-01,5.17578E-01,2.92969E-02
-1.0452288E-01,5.56641E-01,4.88281E-02
-1.0450440E-01,5.56641E-01,2.92969E-02
-1.0448592E-01,4.98047E-01,4.88281E-02
-1.0446744E-01,5.17578E-01,2.92969E-02
-1.0444896E-01,4.98047E-01,-9.76562E-03
-1.0443048E-01,4.98047E-01,2.92969E-02
-1.0441200E-01,4.98047E-01,9.76562E-03
-1.0439352E-01,4.98047E-01,6.83594E-02
-1.0437504E-01,5.37109E-01,4.88281E-02
-1.0435656E-01,4.98047E-01,-9.76562E-03
-1.0433808E-01,4.78516E-01,2.92969E-02
-1.0431960E-01,5.37109E-01,4.88281E-02
-1.0430112E-01,4.98047E-01,-4.88281E-02
-1.0428264E-01,4.98047E-01,4.88281E-02
-1.0426416E-01,4.78516E-01,-9.76562E-03
-1.0424568E-01,4.98047E-01,2.92969E-02
-1.0422720E-01,4.39453E-01,6.83594E-02
-1.0420872E-01,4.39453E-01,1.26953E-01
-1.0419024E-01,5.56641E-01,4.88281E-02
-1.0417176E-01,4.58984E-01,2.92969E-02
-1.0415328E-01,5.17578E-01,2.92969E-02
-1.0413480E-01,4.39453E-01,6.83594E-02
-1.0411632E-01,4.78516E-01,-9.76562E-03
-1.0409784E-01,5.56641E-01,4.88281E-02
-1.0407936E-01,4.98047E-01,9.76562E-03
-1.0406088E-01,4.98047E-01,6.83594E-02
-1.0404240E-01,4.58984E-01,4.88281E-02
-1.0402392E-01,4.98047E-01,6.83594E-02
-1.0400544E-01,4.98047E-01,4.88281E-02
-1.0398696E-01,5.37109E-01,2.92969E-02
-1.0396848E-01,5.37109E-01,9.76562E-03
-1.0395000E-01,4.98047E-01,4.88281E-02
-1.0393152E-01,5.37109E-01,9.76562E-03
-1.0391304E-01,4.98047E-01,6.83594E-02
-1.0389456E-01,5.37109E-01,-9.76562E-03
-1.0387608E-01,4.78516E-01,4.88281E-02
-1.0385760E-01,4.78516E-01,-2.92969E-02
-1.0383912E-01,4.98047E-01,2.92969E-02
-1.0382064E-01,5.37109E-01,2.92969E-02
-1.0380216E-01,4.58984E-01,9.76562E-03
-1.0378368E-01,4.98047E-01,4.88281E-02
-1.0376520E-01,4.58984E-01,-9.76562E-03
-1.0374672E-01,5.56641E-01,-2.92969E-02
-1.0372824E-01,4.78516E-01,4.88281E-02
-1.0370976E-01,5.17578E-01,9.76562E-03
-1.0369128E-01,4.98047E-01,2.92969E-02
-1.0367280E-01,6.15234E-01,-9.76562E-03
-1.0365432E-01,5.17578E-01,4.88281E-02
-1.0363584E-01,4.58984E-01,2.92969E-02
-1.0361736E-01,5.76172E-01,9.76562E-03
-1.0359888E-01,5.17578E-01,-6.83594E-02
-1.0358040E-01,5.17578E-01,1.26953E-01
-1.0356192E-01,4.78516E-01,4.88281E-02
-1.0354344E-01,4.58984E-01,4.88281E-02
-1.0352496E-01,4.98047E-01,9.76562E-03
-1.0350648E-01,4.98047E-01,2.92969E-02
-1.0348800E-01,4.78516E-01,-2.92969E-02
-1.0346952E-01,5.37109E-01,6.83594E-02
-1.0345104E-01,4.78516E-01,4.88281E-02
-1.0343256E-01,4.98047E-01,6.83594E-02
-1.0341408E-01,5.56641E-01,9.76562E-03
-1.0339560E-01,5.17578E-01,4.88281E-02
-1.0337712E-01,4.58984E-01,-9.76562E-03
-1.0335864E-01,5.56641E-01,2.92969E-02
-1.0334016E-01,4.98047E-01,9.76562E-03
-1.0332168E-01,4.78516E-01,8.78906E-02
-1.0330320E-01,5.56641E-01,-6.83594E-02
-1.0328472E-01,5.17578E-01,4.88281E-02
-1.0326624E-01,4.98047E-01,2.92969E-02
-1.0324776E-01,5.17578E-01,6.83594E-02
-1.0322928E-01,5.37109E-01,6.83594E-02
-1.0321080E-01,4.98047E-01,2.92969E-02
-1.0319232E-01,4.98047E-01,-4.88281E-02
-1.0317384E-01,5.17578E-01,6.83594E-02
-1.0315536E-01,5.37109E-01,-9.76562E-03
-1.0313688E-01,5.37109E-01,6.83594E-02
-1.0311840E-01,5.17578E-01,4.88281E-02
-1.0309992E-01,4.98047E-01,2.92969E-02
-1.0308144E-01,5.17578E-01,6.83594E-02
-1.0306296E-01,5.56641E-01,2.92969E-02
-1.0304448E-01,6.15234E-01,-9.76562E-03
-1.0302600E-01,4.78516E-01,2.92969E-02
-1.0300752E-01,4.78516E-01,6.83594E-02
-1.0298904E-01,5.17578E-01,4.88281E-02
-1.0297056E-01,5.17578E-01,9.76562E-03
-1.0295208E-01,5.17578E-01,4.88281E-02
-1.0293360E-01,5.37109E-01,4.88281E-02
-1.0291512E-01,5.37109E-01,4.88281E-02
-1.0289664E-01,5.56641E-01,-2.92969E-02
-1.0287816E-01,5.76172E-01,2.92969E-02
-1.0285968E-01,4.78516E-01,4.88281E-02
-1.0284120E-01,4.98047E-01,-9.76562E-03
-1.0282272E-01,4.98047E-01,-4.88281E-02
-1.0280424E-01,5.37109E-01,2.92969E-02
-1.0278576E-01,5.56641E-01,4.88281E-02
-1.0276728E-01,4.98047E-01,9.76562E-03
-1.0274880E-01,4.98047E-01,6.83594E-02
-1.0273032E-01,5.17578E-01,2.92969E-02
-1.0271184E-01,4.98047E-01,9.76562E-03
-1.0269336E-01,4.98047E-01,6.83594E-02
-1.0267488E-01,5.37109E-01,9.76562E-03
-1.0265640E-01,4.98047E-01,2.92969E-02
-1.0263792E-01,5.76172E-01,4.88281E-02
-1.0261944E-01,4.58984E-01,9.76562E-03
-1.0260096E-01,4.39453E-01,-4.88281E-02
-1.0258248E-01,5.56641E-01,4.88281E-02
-1.0256400E-01,4.58984E-01,2.92969E-02
-1.0254552E-01,4.19922E-01,4.88281E-02
-1.0252704E-01,5.37109E-01,4.88281E-02
-1.0250856E-01,4.98047E-01,4.88281E-02
-1.0249008E-01,5.17578E-01,-4.88281E-02
-1.0247160E-01,4.78516E-01,2.92969E-02
-1.0245312E-01,4.39453E-01,-9.76562E-03
-1.0243464E-01,4.58984E-01,4.88281E-02
-1.0241616E-01,5.56641E-01,-9.76562E-03
-1.0239768E-01,4.78516E-01,6.83594E-02
-1.0237920E-01,4.98047E-01,2.92969E-02
-1.0236072E-01,4.98047E-01,4.88281E-02
-1.0234224E-01,4.58984E-01,-9.76562E-03
-1.0232376E-01,4.98047E-01,6.83594E-02
-1.0230528E-01,4.78516E-01,9.76562E-03
-1.0228680E-01,4.00391E-01,1.07422E-01
-1.0226832E-01,5.76172E-01,2.92969E-02
-1.0224984E-01,5.76172E-01,4.88281E-02
-1.0223136E-01,5.37109E-01,2.92969E-02
-1.0221288E-01,5.56641E-01,-4.88281E-02
-1.0219440E-01,5.56641E-01,9.76562E-03
-1.0217592E-01,4.98047E-01,6.83594E-02
-1.0215744E-01,5.17578E-01,9.76562E-03
-1.0213896E-01,5.17578E-01,9.76562E-03
-1.0212048E-01,5.17578E-01,-9.76562E-03
-1.0210200E-01,5.17578E-01,2.92969E-02
-1.0208352E-01,4.58984E-01,4.88281E-02
-1.0206504E-01,5.95703E-01,2.92969E-02
-1.0204656E-01,4.98047E-01,4.88281E-02
-1.0202808E-01,4.39453E-01,2.92969E-02
-1.0200960E-01,5.56641E-01,4.88281E-02
-1.0199112E-01,5.76172E-01,2.92969E-02
-1.0197264E-01,5.56641E-01,-9.76562E-03
-1.0195416E-01,4.78516E-01,2.92969E-02
-1.0193568E-01,5.56641E-01,-9.76562E-03
-1.0191720E-01,4.98047E-01,9.76562E-03
-1.0189872E-01,5.37109E-01,9.76562E-03
-1.0188024E-01,5.76172E-01,6.83594E-02
-1.0186176E-01,5.37109E-01,9.76562E-03
-1.0184328E-01,4.98047E-01,9.76562E-03
-1.0182480E-01,5.17578E-01,2.92969E-02
-1.0180632E-01,5.37109E-01,1.07422E-01
-1.0178784E-01,4.98047E-01,4.88281E-02
-1.0176936E-01,4.98047E-01,2.92969E-02
-1.0175088E-01,5.17578E-01,-9.76562E-03
-1.0173240E-01,5.76172E-01,6.83594E-02
-1.0171392E-01,4.58984E-01,9.76562E-03
-1.0169544E-01,4.98047E-01,9.76562E-03
-1.0167696E-01,4.78516E-01,9.76562E-03
-1.0165848E-01,5.76172E-01,2.92969E-02
-1.0164000E-01,5.37109E-01,2.92969E-02
-1.0162152E-01,4.98047E-01,2.92969E-02
-1.0160304E-01,5.17578E-01,9.76562E-03
-1.0158456E-01,5.17578E-01,9.76562E-03
-1.0156608E-01,5.17578E-01,4.88281E-02
-1.0154760E-01,4.98047E-01,9.76562E-03
-1.0152912E-01,4.78516E-01,2.92969E-02
-1.0151064E-01,4.98047E-01,9.76562E-03
-1.0149216E-01,5.95703E-01,6.83594E-02
-1.0147368E-01,5.56641E-01,2.92969E-02
-1.0145520E-01,5.56641E-01,4.88281E-02
-1.0143672E-01,4.78516E-01,9.76562E-03
-1.0141824E-01,5.56641E-01,4.88281E-02
-1.0139976E-01,4.39453E-01,9.76562E-03
-1.0138128E-01,5.17578E-01,-6.83594E-02
-1.0136280E-01,4.58984E-01,4.88281E-02
-1.0134432E-01,5.37109E-01,2.92969E-02
-1.0132584E-01,4.98047E-01,9.76562E-03
-1.0130736E-01,4.98047E-01,4.88281E-02
-1.0128888E-01,4.98047E-01,4.88281E-02
-1.0127040E-01,4.78516E-01,9.76562E-03
-1.0125192E-01,5.37109E-01,6.83594E-02
-1.0123344E-01,5.17578E-01,6.83594E-02
-1.0121496E-01,4.78516E-01,-9.76562E-03
-1.0119648E-01,5.76172E-01,-2.92969E-02
-1.0117800E-01,5.37109E-01,4.88281E-02
-1.0115952E-01,5.56641E-01,-2.92969E-02
-1.0114104E-01,4.58984E-01,9.76562E-03
-1.0112256E-01,5.17578E-01,2.92969E-02
-1.0110408E-01,4.98047E-01,6.83594E-02
-1.0108560E-01,4.98047E-01,9.76562E-03
-1.0106712E-01,5.17578E-01,4.88281E-02
-1.0104864E-01,4.98047E-01,2.92969E-02
-1.0103016E-01,4.39453E-01,9.76562E-03
-1.0101168E-01,5.37109E-01,-9.76562E-03
-1.0099320E-01,4.98047E-01,4.88281E-02
-1.0097472E-01,5.56641E-01,9.76562E-03
-1.0095624E-01,4.98047E-01,4.88281E-02
-1.0093776E-01,5.37109E-01,1.07422E-01
-1.0091928E-01,4.98047E-01,4.88281E-02
-1.0090080E-01,4.98047E-01,2.92969E-02
-1.0088232E-01,5.17578E-01,4.88281E-02
-1.0086384E-01,5.17578E-01,-4.88281E-02
-1.0084536E-01,5.56641E-01,2.92969E-02
-1.0082688E-01,5.56641E-01,9.76562E-03
-1.0080840E-01,5.56641E-01,2.92969E-02
-1.0078992E-01,4.58984E-01,4.88281E-02
-1.0077144E-01,5.17578E-01,4.88281E-02
-1.0075296E-01,4.39453E-01,2.92969E-02
-1.0073448E-01,4.98047E-01,4.88281E-02
-1.0071600E-01,5.56641E-01,2.92969E-02
-1.0069752E-01,5.17578E-01,4.88281E-02
-1.0067904E-01,4.98047E-01,4.88281E-02
-1.0066056E-01,4.58984E-01,2.92969E-02
-1.0064208E-01,5.56641E-01,4.88281E-02
-1.0062360E-01,5.76172E-01,4.88281E-02
-1.0060512E-01,4.78516E-01,2.92969E-02
-1.0058664E-01,4.98047E-01,2.92969E-02
-1.0056816E-01,5.17578E-01,2.92969E-02
-1.0054968E-01,4.98047E-01,6.83594E-02
-1.0053120E-01,4.98047E-01,2.92969E-02
-1.0051272E-01,4.39453E-01,8.78906E-02
-1.0049424E-01,5.56641E-01,4.88281E-02
-1.0047576E-01,5.17578E-01,9.76562E-03
-1.0045728E-01,5.56641E-01,2.92969E-02
-1.0043880E-01,4.78516E-01,4.88281E-02
-1.0042032E-01,5.17578E-01,9.76562E-03
-1.0040184E-01,4.98047E-01,6.83594E-02
-1.0038336E-01,5.17578E-01,-9.76562E-03
-1.0036488E-01,5.56641E-01,6.83594E-02
-1.0034640E-01,5.56641E-01,4.88281E-02
-1.0032792E-01,5.37109E-01,9.76562E-03
-1.0030944E-01,5.17578E-01,2.92969E-02
-1.0029096E-01,4.98047E-01,2.92969E-02
-1.0027248E-01,5.17578E-01,6.83594E-02
-1.0025400E-01,4.98047E-01,4.88281E-02
-1.0023552E-01,5.56641E-01,9.76562E-03
-1.0021704E-01,4.78516E-01,6.83594E-02
-1.0019856E-01,5.56641E-01,-4.88281E-02
-1.0018008E-01,5.56641E-01,2.92969E-02
-1.0016160E-01,4.98047E-01,4.88281E-02
-1.0014312E-01,5.37109E-01,2.92969E-02
-1.0012464E-01,4.39453E-01,2.92969E-02
-1.0010616E-01,4.98047E-01,8.78906E-02
-1.0008768E-01,5.37109E-01,4.88281E-02
-1.0006920E-01,4.98047E-01,2.92969E-02
-1.0005072E-01,4.98047E-01,4.88281E-02
-1.0003224E-01,5.37109E-01,4.88281E-02
-1.0001376E-01,5.56641E-01,9.76562E-03
-9.9995280E-02,5.17578E-01,4.88281E-02
-9.9976800E-02,6.15234E-01,9.76562E-03
-9.9958320E-02,5.17578E-01,9.76562E-03
-9.9939840E-02,5.17578E-01,9.76562E-03
-9.9921360E-02,4.58984E-01,9.76562E-03
-9.9902880E-02,5.56641E-01,-9.76562E-03
-9.9884400E-02,5.56641E-01,6.83594E-02
-9.9865920E-02,5.17578E-01,2.92969E-02
-9.9847440E-02,5.37109E-01,4.88281E-02
-9.9828960E-02,5.56641E-01,9.76562E-03
-9.9810480E-02,5.56641E-01,2.92969E-02
-9.9792000E-02,5.17578E-01,2.92969E-02
-9.9773520E-02,5.56641E-01,9.76562E-03
-9.9755040E-02,4.98047E-01,2.92969E-02
-9.9736560E-02,4.98047E-01,2.92969E-02
-9.9718080E-02,5.37109E-01,9.76562E-03
-9.9699600E-02,5.56641E-01,2.92969E-02
-9.9681120E-02,5.56641E-01,-4.88281E-02
-9.9662640E-02,5.37109E-01,4.88281E-02
-9.9644160E-02,4.78516E-01,2.92969E-02
-9.9625680E-02,5.95703E-01,4.88281E-02
-9.9607200E-02,4.58984E-01,-2.92969E-02
-9.9588720E-02,5.17578E-01,4.88281E-02
-9.9570240E-02,5.56641E-01,2.92969E-02
-9.9551760E-02,4.98047E-01,2.92969E-02
-9.9533280E-02,5.17578E-01,9.76562E-03
-9.9514800E-02,5.56641E-01,2.92969E-02
-9.9496320E-02,5.17578E-01,2.92969E-02
-9.9477840E-02,5.56641E-01,6.83594E-02
-9.9459360E-02,6.15234E-01,-9.76562E-03
-9.9440880E-02,4.98047E-01,6.83594E-02
-9.9422400E-02,5.56641E-01,9.76562E-03
-9.9403920E-02,4.98047E-01,4.88281E-02
-9.9385440E-02,4.98047E-01,9.76562E-03
-9.9366960E-02,4.98047E-01,4.88281E-02
-9.9348480E-02,5.76172E-01,-4.88281E-02
-9.9330000E-02,5.95703E-01,2.92969E-02
-9.9311520E-02,4.78516E-01,9.76562E-03
-9.9293040E-02,5.56641E-01,4.88281E-02
-9.9274560E-02,4.98047E-01,9.76562E-03
-9.9256080E-02,4.98047E-01,6.83594E-02
-9.9237600E-02,5.37109E-01,-2.92969E-02
-9.9219120E-02,4.58984E-01,2.92969E-02
-9.9200640E-02,5.17578E-01,2.92969E-02
-9.9182160E-02,4.58984E-01,2.92969E-02
-9.9163680E-02,5.37109E-01,6.83594E-02
-9.9145200E-02,4.98047E-01,4.88281E-02
-9.9126720E-02,5.95703E-01,2.92969E-02
-9.9108240E-02,4.98047E-01,2.92969E-02
-9.9089760E-02,5.56641E-01,4.88281E-02
-9.9071280E-02,4.78516E-01,6.83594E-02
-9.9052800E-02,5.76172E-01,-9.76562E-03
-9.9034320E-02,4.19922E-01,2.92969E-02
-9.9015840E-02,5.17578E-01,4.88281E-02
-9.8997360E-02,4.98047E-01,2.92969E-02
-9.8978880E-02,5.17578E-01,-9.76562E-03
-9.8960400E-02,4.58984E-01,8.78906E-02
-9.8941920E-02,4.98047E-01,9.76562E-03
-9.8923440E-02,5.37109E-01,6.83594E-02
-9.8904960E-02,5.17578E-01,2.92969E-02
-9.8886480E-02,5.37109E-01,4.88281E-02
-9.8868000E-02,5.37109E-01,6.83594E-02
-9.8849520E-02,4.19922E-01,9.76562E-03
-9.8831040E-02,5.17578E-01,2.92969E-02
-9.8812560E-02,4.58984E-01,4.88281E-02
-9.8794080E-02,5.37109E-01,4.88281E-02
-9.8775600E-02,4.98047E-01,4.88281E-02
-9.8757120E-02,5.56641E-01,2.92969E-02
-9.8738640E-02,4.98047E-01,4.88281E-02
-9.8720160E-02,5.17578E-01,2.92969E-02
-9.8701680E-02,4.78516E-01,4.88281E-02
-9.8683200E-02,5.37109E-01,9.76562E-03
-9.8664720E-02,5.56641E-01,2.92969E-02
-9.8646240E-02,4.98047E-01,6.83594E-02
-9.8627760E-02,5.17578E-01,4.88281E-02
-9.8609280E-02,5.17578E-01,2.92969E-02
-9.8590800E-02,4.98047E-01,4.88281E-02
-9.8572320E-02,5.56641E-01,2.92969E-02
-9.8553840E-02,5.76172E-01,2.92969E-02
-9.8535360E-02,5.56641E-01,2.92969E-02
-9.8516880E-02,5.56641E-01,2.92969E-02
-9.8498400E-02,5.37109E-01,6.83594E-02
-9.8479920E-02,4.78516E-01,9.76562E-03
-9.8461440E-02,5.56641E-01,2.92969E-02
-9.8442960E-02,5.56641E-01,2.92969E-02
-9.8424480E-02,4.98047E-01,9.76562E-03
-9.8406000E-02,4.58984E-01,4.88281E-02
-9.8387520E-02,5.37109E-01,2.92969E-02
-9.8369040E-02,5.17578E-01,1.26953E-01
-9.8350560E-02,5.17578E-01,2.92969E-02
-9.8332080E-02,4.98047E-01,4.88281E-02
-9.8313600E-02,5.37109E-01,2.92969E-02
-9.8295120E-02,4.98047E-01,6.83594E-02
-9.8276640E-02,4.98047E-01,2.92969E-02
-9.8258160E-02,5.37109E-01,6.83594E-02
-9.8239680E-02,5.37109E-01,-2.92969E-02
-9.8221200E-02,5.56641E-01,6.83594E-02
-9.8202720E-02,4.58984E-01,-9.76562E-03
-9.8184240E-02,5.37109E-01,6.83594E-02
-9.8165760E-02,5.56641E-01,9.76562E-03
-9.8147280E-02,5.76172E-01,9.76562E-03
-9.8128800E-02,5.17578E-01,9.76562E-03
-9.8110320E-02,5.37109E-01,8.78906E-02
-9.8091840E-02,5.37109E-01,9.76562E-03
-9.8073360E-02,5.37109E-01,6.83594E-02
-9.8054880E-02,4.98047E-01,9.76562E-03
-9.8036400E-02,4.98047E-01,6.83594E-02
-9.8017920E-02,5.56641E-01,9.76562E-03
-9.7999440E-02,5.17578E-01,6.83594E-02
-9.7980960E-02,5.17578E-01,-9.76562E-03
-9.7962480E-02,5.56641E-01,4.88281E-02
-9.7944000E-02,4.98047E-01,-9.76562E-03
-9.7925520E-02,5.56641E-01,9.76562E-03
-9.7907040E-02,5.56641E-01,-9.76562E-03
-9.7888560E-02,5.56641E-01,9.76562E-03
-9.7870080E-02,5.37109E-01,2.92969E-02
-9.7851600E-02,5.17578E-01,4.88281E-02
-9.7833120E-02,5.17578E-01,9.76562E-03
-9.7814640E-02,4.58984E-01,4.88281E-02
-9.7796160E-02,4.78516E-01,2.92969E-02
-9.7777680E-02,5.56641E-01,6.83594E-02
-9.7759200E-02,5.37109E-01,4.88281E-02
-9.7740720E-02,5.37109E-01,4.88281E-02
-9.7722240E-02,5.56641E-01,9.76562E-03
-9.7703760E-02,4.98047E-01,6.83594E-02
-9.7685280E-02,5.37109E-01,2.92969E-02
-9.7666800E-02,5.76172E-01,6.83594E-02
-9.7648320E-02,4.98047E-01,4.88281E-02
-9.7629840E-02,4.98047E-01,2.92969E-02
-9.7611360E-02,4.58984E-01,6.83594E-02
-9.7592880E-02,4.98047E-01,4.88281E-02
-9.7574400E-02,5.17578E-01,-4.88281E-02
-9.7555920E-02,4.78516E-01,4.88281E-02
-9.7537440E-02,5.37109E-01,-4.88281E-02
-9.7518960E-02,4.98047E-01,6.83594E-02
-9.7500480E-02,5.17578E-01,6.83594E-02
-9.7482000E-02,5.17578E-01,4.88281E-02
-9.7463520E-02,5.56641E-01,9.76562E-03
-9.7445040E-02,4.98047E-01,4.88281E-02
-9.7426560E-02,5.56641E-01,-9.76562E-03
-9.7408080E-02,4.78516E-01,6.83594E-02
-9.7389600E-02,4.98047E-01,-9.76562E-03
-9.7371120E-02,5.76172E-01,6.83594E-02
-9.7352640E-02,4.78516E-01,4.88281E-02
-9.7334160E-02,5.17578E-01,6.83594E-02
-9.7315680E-02,4.98047E-01,2.92969E-02
-9.7297200E-02,5.17578E-01,4.88281E-02
-9.7278720E-02,5.95703E-01,4.88281E-02
-9.7260240E-02,4.98047E-01,-9.76562E-03
-9.7241760E-02,5.56641E-01,-6.83594E-02
-9.7223280E-02,5.95703E-01,6.83594E-02
-9.7204800E-02,4.98047E-01,9.76562E-03
-9.7186320E-02,5.56641E-01,6.83594E-02
-9.7167840E-02,5.56641E-01,4.88281E-02
-9.7149360E-02,4.98047E-01,2.92969E-02
-9.7130880E-02,5.37109E-01,4.88281E-02
-9.7112400E-02,4.98047E-01,9.76562E-03
-9.7093920E-02,4.98047E-01,2.92969E-02
-9.7075440E-02,4.98047E-01,9.76562E-03
-9.7056960E-02,4.98047E-01,-6.83594E-02
-9.7038480E-02,5.37109E-01,9.76562E-03
-9.7020000E-02,4.98047E-01,4.88281E-02
-9.7001520E-02,5.17578E-01,4.88281E-02
-9.6983040E-02,5.76172E-01,9.76562E-03
-9.6964560E-02,5.17578E-01,2.92969E-02
-9.6946080E-02,5.95703E-01,9.76562E-03
-9.6927600E-02,5.56641E-01,9.76562E-03
-9.6909120E-02,5.56641E-01,9.76562E-03
-9.6890640E-02,5.37109E-01,2.92969E-02
-9.6872160E-02,5.56641E-01,2.92969E-02
-9.6853680E-02,4.58984E-01,2.92969E-02
-9.6835200E-02,5.76172E-01,4.88281E-02
-9.6816720E-02,5.76172E-01,4.88281E-02
-9.6798240E-02,5.17578E-01,4.88281E-02
-9.6779760E-02,5.37109E-01,2.92969E-02
-9.6761280E-02,5.37109E-01,-2.92969E-02
-9.6742800E-02,5.56641E-01,9.76562E-03
-9.6724320E-02,5.56641E-01,4.88281E-02
-9.6705840E-02,5.37109E-01,8.78906E-02
-9.6687360E-02,5.56641E-01,6.83594E-02
-9.6668880E-02,5.17578E-01,4.88281E-02
-9.6650400E-02,5.37109E-01,-9.76562E-03
-9.6631920E-02,5.17578E-01,9.76562E-03
-9.6613440E-02,5.76172E-01,4.88281E-02
-9.6594960E-02,5.17578E-01,6.83594E-02
-9.6576480E-02,4.98047E-01,9.76562E-03
-9.6558000E-02,4.98047E-01,4.88281E-02
-9.6539520E-02,5.56641E-01,2.92969E-02
-9.6521040E-02,4.98047E-01,8.78906E-02
-9.6502560E-02,5.17578E-01,9.76562E-03
-9.6484080E-02,5.17578E-01,6.83594E-02
-9.6465600E-02,5.56641E-01,9.76562E-03
-9.6447120E-02,5.76172E-01,-9.76562E-03
-9.6428640E-02,5.56641E-01,-9.76562E-03
-9.6410160E-02,4.98047E-01,9.76562E-03
-9.6391680E-02,5.56641E-01,4.88281E-02
-9.6373200E-02,5.76172E-01,2.92969E-02
-9.6354720E-02,5.56641E-01,9.76562E-03
-9.6336240E-02,5.56641E-01,1.07422E-01
-9.6317760E-02,5.95703E-01,-9.76562E-03
-9.6299280E-02,5.76172E-01,8.78906E-02
-9.6280800E-02,4.98047E-01,9.76562E-03
-9.6262320E-02,5.37109E-01,6.83594E-02
-9.6243840E-02,5.76172E-01,9.76562E-03
-9.6225360E-02,5.17578E-01,6.83594E-02
-9.6206880E-02,4.98047E-01,2.92969E-02
-9.6188400E-02,5.17578E-01,1.07422E-01
-9.6169920E-02,5.56641E-01,6.83594E-02
-9.6151440E-02,4.78516E-01,8.78906E-02
-9.6132960E-02,5.37109E-01,4.88281E-02
-9.6114480E-02,5.56641E-01,2.92969E-02
-9.6096000E-02,4.98047E-01,9.76562E-03
-9.6077520E-02,5.56641E-01,4.88281E-02
-9.6059040E-02,5.37109E-01,2.92969E-02
-9.6040560E-02,4.98047E-01,2.92969E-02
-9.6022080E-02,5.56641E-01,4.88281E-02
-9.6003600E-02,5.17578E-01,4.88281E-02
-9.5985120E-02,5.37109E-01,9.76562E-03
-9.5966640E-02,5.17578E-01,-4.88281E-02
-9.5948160E-02,5.37109E-01,9.76562E-03
-9.5929680E-02,5.37109E-01,8.78906E-02
-9.5911200E-02,5.76172E-01,-9.76562E-03
-9.5892720E-02,5.76172E-01,9.76562E-03
-9.5874240E-02,4.78516E-01,-9.76562E-03
-9.5855760E-02,5.76172E-01,2.92969E-02
-9.5837280E-02,5.37109E-01,2.92969E-02
-9.5818800E-02,5.56641E-01,9.76562E-03
-9.5800320E-02,5.76172E-01,6.83594E-02
-9.5781840E-02,5.37109E-01,4.88281E-02
-9.5763360E-02,5.76172E-01,-9.76562E-03
-9.5744880E-02,5.76172E-01,4.88281E-02
-9.5726400E-02,5.56641E-01,2.92969E-02
-9.5707920E-02,5.17578E-01,2.92969E-02
-9.5689440E-02,5.76172E-01,9.76562E-03
-9.5670960E-02,4.98047E-01,6.83594E-02
-9.5652480E-02,5.56641E-01,2.92969E-02
-9.5634000E-02,4.98047E-01,9.76562E-03
-9.5615520E-02,6.15234E-01,4.88281E-02
-9.5597040E-02,5.17578E-01,9.76562E-03
-9.5578560E-02,4.98047E-01,9.76562E-03
-9.5560080E-02,5.56641E-01,6.83594E-02
-9.5541600E-02,5.37109E-01,2.92969E-02
-9.5523120E-02,4.98047E-01,6.83594E-02
-9.5504640E-02,5.17578E-01,4.88281E-02
-9.5486160E-02,6.15234E-01,4.88281E-02
-9.5467680E-02,5.76172E-01,4.88281E-02
-9.5449200E-02,5.76172E-01,8.78906E-02
-9.5430720E-02,4.58984E-01,9.76562E-03
-9.5412240E-02,4.98047E-01,2.92969E-02
-9.5393760E-02,6.15234E-01,4.88281E-02
-9.5375280E-02,4.98047E-01,6.83594E-02
-9.5356800E-02,5.56641E-01,9.76562E-03
-9.5338320E-02,5.56641E-01,2.92969E-02
-9.5319840E-02,5.76172E-01,2.92969E-02
-9.5301360E-02,5.56641E-01,2.92969E-02
-9.5282880E-02,4.78516E-01,2.92969E-02
-9.5264400E-02,5.76172E-01,2.92969E-02
-9.5245920E-02,5.37109E-01,-9.76562E-03
-9.5227440E-02,4.98047E-01,2.92969E-02
-9.5208960E-02,5.76172E-01,4.88281E-02
-9.5190480E-02,5.76172E-01,6.83594E-02
-9.5172000E-02,5.37109E-01,2.92969E-02
-9.5153520E-02,5.37109E-01,9.76562E-03
-9.5135040E-02,5.37109E-01,1.07422E-01
-9.5116560E-02,5.37109E-01,6.83594E-02
-9.5098080E-02,5.37109E-01,6.83594E-02
-9.5079600E-02,5.76172E-01,1.07422E-01
-9.5061120E-02,5.17578E-01,9.76562E-03
-9.5042640E-02,5.17578E-01,4.88281E-02
-9.5024160E-02,5.56641E-01,9.76562E-03
-9.5005680E-02,4.78516E-01,4.88281E-02
-9.4987200E-02,6.15234E-01,-9.76562E-03
-9.4968720E-02,4.78516E-01,8.78906E-02
-9.4950240E-02,5.37109E-01,4.88281E-02
-9.4931760E-02,5.37109E-01,2.92969E-02
-9.4913280E-02,5.37109E-01,9.76562E-03
-9.4894800E-02,4.98047E-01,2.92969E-02
-9.4876320E-02,5.76172E-01,4.88281E-02
-9.4857840E-02,4.98047E-01,6.83594E-02
-9.4839360E-02,5.37109E-01,9.76562E-03
-9.4820880E-02,4.98047E-01,-9.76562E-03
-9.4802400E-02,5.56641E-01,4.88281E-02
-9.4783920E-02,5.17578E-01,1.07422E-01
-9.4765440E-02,5.17578E-01,4.88281E-02
-9.4746960E-02,5.76172E-01,9.76562E-03
-9.4728480E-02,5.17578E-01,-9.76562E-03
-9.4710000E-02,5.37109E-01,6.83594E-02
-9.4691520E-02,5.56641E-01,-4.88281E-02
-9.4673040E-02,5.56641E-01,2.92969E-02
-9.4654560E-02,5.37109E-01,9.76562E-03
-9.4636080E-02,4.98047E-01,2.92969E-02
-9.4617600E-02,4.78516E-01,-9.76562E-03
-9.4599120E-02,5.17578E-01,4.88281E-02
-9.4580640E-02,5.95703E-01,9.76562E-03
-9.4562160E-02,5.37109E-01,4.88281E-02
-9.4543680E-02,5.95703E-01,-9.76562E-03
-9.4525200E-02,5.56641E-01,8.78906E-02
-9.4506720E-02,5.56641E-01,9.76562E-03
-9.4488240E-02,5.17578E-01,2.92969E-02
-9.4469760E-02,5.76172E-01,2.92969E-02
-9.4451280E-02,5.17578E-01,2.92969E-02
-9.4432800E-02,5.37109E-01,-9.76562E-03
-9.4414320E-02,5.76172E-01,6.83594E-02
-9.4395840E-02,5.37109E-01,2.92969E-02
-9.4377360E-02,5.95703E-01,6.83594E-02
-9.4358880E-02,5.95703E-01,9.76562E-03
-9.4340400E-02,4.98047E-01,-9.76562E-03
-9.4321920E-02,5.37109E-01,9.76562E-03
-9.4303440E-02,5.76172E-01,1.26953E-01
-9.4284960E-02,5.56641E-01,-2.92969E-02
-9.4266480E-02,5.56641E-01,4.88281E-02
-9.4248000E-02,5.56641E-01,9.76562E-03
-9.4229520E-02,4.98047E-01,2.92969E-02
-9.4211040E-02,5.76172E-01,9.76562E-03
-9.4192560E-02,5.56641E-01,6.83594E-02
-9.4174080E-02,5.56641E-01,2.92969E-02
-9.4155600E-02,4.98047E-01,2.92969E-02
-9.4137120E-02,5.76172E-01,9.76562E-03
-9.4118640E-02,5.17578E-01,4.88281E-02
-9.4100160E-02,5.56641E-01,-9.76562E-03
-9.4081680E-02,5.17578E-01,2.92969E-02
-9.4063200E-02,5.56641E-01,9.76562E-03
-9.4044720E-02,4.98047E-01,9.76562E-03
-9.4026240E-02,5.56641E-01,9.76562E-03
-9.4007760E-02,5.76172E-01,6.83594E-02
-9.3989280E-02,5.56641E-01,9.76562E-03
-9.3970800E-02,5.95703E-01,9.76562E-03
-9.3952320E-02,5.76172E-01,2.92969E-02
-9.3933840E-02,5.56641E-01,4.88281E-02
-9.3915360E-02,5.17578E-01,-9.76562E-03
-9.3896880E-02,5.76172E-01,4.88281E-02
-9.3878400E-02,4.78516E-01,9.76562E-03
-9.3859920E-02,6.15234E-01,2.92969E-02
-9.3841440E-02,6.54297E-01,-9.76562E-03
-9.3822960E-02,5.17578E-01,9.76562E-03
-9.3804480E-02,5.76172E-01,2.92969E-02
-9.3786000E-02,5.95703E-01,4.88281E-02
-9.3767520E-02,5.17578E-01,2.92969E-02
-9.3749040E-02,5.76172E-01,2.92969E-02
-9.3730560E-02,5.17578E-01,9.76562E-03
-9.3712080E-02,5.17578E-01,2.92969E-02
-9.3693600E-02,5.56641E-01,9.76562E-03
-9.3675120E-02,5.56641E-01,1.07422E-01
-9.3656640E-02,5.76172E-01,2.92969E-02
-9.3638160E-02,4.98047E-01,1.07422E-01
-9.3619680E-02,5.56641E-01,9.76562E-03
-9.3601200E-02,5.76172E-01,9.76562E-03
-9.3582720E-02,5.56641E-01,4.88281E-02
-9.3564240E-02,5.37109E-01,1.26953E-01
-9.3545760E-02,5.76172E-01,-4.88281E-02
-9.3527280E-02,4.98047E-01,4.88281E-02
-9.3508800E-02,4.58984E-01,9.76562E-03
-9.3490320E-02,5.76172E-01,1.07422E-01
-9.3471840E-02,5.76172E-01,2.92969E-02
-9.3453360E-02,4.98047E-01,4.88281E-02
-9.3434880E-02,5.76172E-01,2.92969E-02
-9.3416400E-02,5.17578E-01,-2.92969E-02
-9.3397920E-02,5.56641E-01,-6.83594E-02
-9.3379440E-02,5.76172E-01,9.76562E-03
-9.3360960E-02,5.95703E-01,9.76562E-03
-9.3342480E-02,4.98047E-01,9.76562E-03
-9.3324000E-02,5.76172E-01,4.88281E-02
-9.3305520E-02,5.76172E-01,6.83594E-02
-9.3287040E-02,5.17578E-01,-9.76562E-03
-9.3268560E-02,5.56641E-01,2.92969E-02
-9.3250080E-02,5.56641E-01,-4.88281E-02
-9.3231600E-02,4.78516E-01,4.88281E-02
-9.3213120E-02,4.98047E-01,-9.76562E-03
-9.3194640E-02,5.17578E-01,2.92969E-02
-9.3176160E-02,5.56641E-01,2.92969E-02
-9.3157680E-02,6.15234E-01,2.92969E-02
-9.3139200E-02,5.56641E-01,2.92969E-02
-9.3120720E-02,5.17578E-01,4.88281E-02
-9.3102240E-02,6.15234E-01,9.76562E-03
-9.3083760E-02,5.95703E-01,4.88281E-02
-9.3065280E-02,5.17578E-01,-9.76562E-03
-9.3046800E-02,4.98047E-01,9.76562E-03
-9.3028320E-02,5.76172E-01,2.92969E-02
-9.3009840E-02,5.95703E-01,4.88281E-02
-9.2991360E-02,5.17578E-01,4.88281E-02
-9.2972880E-02,5.76172E-01,2.92969E-02
-9.2954400E-02,6.73828E-01,2.92969E-02
-9.2935920E-02,5.76172E-01,6.83594E-02
-9.2917440E-02,5.76172E-01,9.76562E-03
-9.2898960E-02,5.56641E-01,4.88281E-02
-9.2880480E-02,5.56641E-01,4.88281E-02
-9.2862000E-02,4.98047E-01,2.92969E-02
-9.2843520E-02,5.76172E-01,2.92969E-02
-9.2825040E-02,5.76172E-01,4.88281E-02
-9.2806560E-02,5.37109E-01,2.92969E-02
-9.2788080E-02,5.76172E-01,6.83594E-02
-9.2769600E-02,5.76172E-01,-1.07422E-01
-9.2751120E-02,5.17578E-01,9.76562E-03
-9.2732640E-02,5.76172E-01,-4.88281E-02
-9.2714160E-02,4.98047E-01,2.92969E-02
-9.2695680E-02,5.37109E-01,6.83594E-02
-9.2677200E-02,5.37109E-01,4.88281E-02
-9.2658720E-02,4.98047E-01,2.92969E-02
-9.2640240E-02,5.95703E-01,8.78906E-02
-9.2621760E-02,5.56641E-01,9.76562E-03
-9.2603280E-02,4.98047E-01,4.88281E-02
-9.2584800E-02,4.98047E-01,-9.76562E-03
-9.2566320E-02,4.98047E-01,2.92969E-02
-9.2547840E-02,5.76172E-01,9.76562E-03
-9.2529360E-02,4.98047E-01,6.83594E-02
-9.2510880E-02,5.95703E-01,2.92969E-02
-9.2492400E-02,5.17578E-01,6.83594E-02
-9.2473920E-02,5.95703E-01,-9.76562E-03
-9.2455440E-02,5.56641E-01,9.76562E-03
-9.2436960E-02,5.95703E-01,2.92969E-02
-9.2418480E-02,5.17578E-01,2.92969E-02
-9.2400000E-02,5.76172E-01,2.92969E-02
-9.2381520E-02,5.76172E-01,9.76562E-03
-9.2363040E-02,5.76172E-01,9.76562E-03
-9.2344560E-02,5.17578E-01,2.92969E-02
-9.2326080E-02,4.98047E-01,2.92969E-02
-9.2307600E-02,4.39453E-01,4.88281E-02
-9.2289120E-02,5.76172E-01,9.76562E-03
-9.2270640E-02,5.76172E-01,1.07422E-01
-9.2252160E-02,5.17578E-01,-9.76562E-03
-9.2233680E-02,4.98047E-01,6.83594E-02
-9.2215200E-02,5.56641E-01,4.88281E-02
-9.2196720E-02,5.76172E-01,8.78906E-02
-9.2178240E-02,4.98047E-01,9.76562E-03
-9.2159760E-02,5.17578E-01,4.88281E-02
-9.2141280E-02,5.17578E-01,4.88281E-02
-9.2122800E-02,4.98047E-01,9.76562E-03
-9.2104320E-02,6.15234E-01,4.88281E-02
-9.2085840E-02,5.56641E-01,6.83594E-02
-9.2067360E-02,6.15234E-01,-4.88281E-02
-9.2048880E-02,5.37109E-01,2.92969E-02
-9.2030400E-02,5.17578E-01,2.92969E-02
-9.2011920E-02,5.17578E-01,8.78906E-02
-9.1993440E-02,6.15234E-01,9.76562E-03
-9.1974960E-02,4.98047E-01,2.92969E-02
-9.1956480E-02,5.56641E-01,9.76562E-03
-9.1938000E-02,5.76172E-01,1.07422E-01
-9.1919520E-02,6.54297E-01,4.88281E-02
-9.1901040E-02,6.15234E-01,2.92969E-02
-9.1882560E-02,6.15234E-01,2.92969E-02
-9.1864080E-02,5.76172E-01,-2.92969E-02
-9.1845600E-02,4.98047E-01,4.88281E-02
-9.1827120E-02,5.37109E-01,6.83594E-02
-9.1808640E-02,5.17578E-01,2.92969E-02
-9.1790160E-02,5.76172E-01,4.88281E-02
-9.1771680E-02,5.37109E-01,4.88281E-02
-9.1753200E-02,5.95703E-01,-9.76562E-03
-9.1734720E-02,5.76172E-01,2.92969E-02
-9.1716240E-02,5.95703E-01,9.76562E-03
-9.1697760E-02,5.37109E-01,9.76562E-03
-9.1679280E-02,5.56641E-01,6.83594E-02
-9.1660800E-02,6.15234E-01,4.88281E-02
-9.1642320E-02,4.78516E-01,4.88281E-02
-9.1623840E-02,5.37109E-01,4.88281E-02
-9.1605360E-02,5.37109E-01,9.76562E-03
-9.1586880E-02,5.37109E-01,-6.83594E-02
-9.1568400E-02,5.56641E-01,4.88281E-02
-9.1549920E-02,5.37109E-01,2.92969E-02
-9.1531440E-02,5.56641E-01,1.07422E-01
-9.1512960E-02,5.56641E-01,-2.92969E-02
-9.1494480E-02,6.15234E-01,-9.76562E-03
-9.1476000E-02,4.58984E-01,9.76562E-03
-9.1457520E-02,5.37109E-01,4.88281E-02
-9.1439040E-02,4.78516E-01,-6.83594E-02
-9.1420560E-02,5.56641E-01,2.92969E-02
-9.1402080E-02,5.37109E-01,2.92969E-02
-9.1383600E-02,5.76172E-01,2.92969E-02
-9.1365120E-02,5.76172E-01,-4.88281E-02
-9.1346640E-02,5.76172E-01,4.88281E-02
-9.1328160E-02,5.37109E-01,8.78906E-02
-9.1309680E-02,5.95703E-01,1.07422E-01
-9.1291200E-02,5.76172E-01,9.76562E-03
-9.1272720E-02,5.56641E-01,2.92969E-02
-9.1254240E-02,6.15234E-01,-9.76562E-03
-9.1235760E-02,5.56641E-01,6.83594E-02
-9.1217280E-02,5.56641E-01,-2.92969E-02
-9.1198800E-02,5.95703E-01,6.83594E-02
-9.1180320E-02,6.54297E-01,6.83594E-02
-9.1161840E-02,5.76172E-01,2.92969E-02
-9.1143360E-02,5.76172E-01,4.88281E-02
-9.1124880E-02,5.76172E-01,6.83594E-02
-9.1106400E-02,5.76172E-01,9.76562E-03
-9.1087920E-02,6.34766E-01,-2.92969E-02
-9.1069440E-02,5.76172E-01,-9.76562E-03
-9.1050960E-02,5.56641E-01,8.78906E-02
-9.1032480E-02,5.37109E-01,9.76562E-03
-9.1014000E-02,5.76172E-01,2.92969E-02
-9.0995520E-02,5.56641E-01,9.76562E-03
-9.0977040E-02,6.34766E-01,6.83594E-02
-9.0958560E-02,5.76172E-01,-4.88281E-02
-9.0940080E-02,4.78516E-01,2.92969E-02
-9.0921600E-02,5.37109E-01,2.92969E-02
-9.0903120E-02,5.37109E-01,6.83594E-02
-9.0884640E-02,5.95703E-01,9.76562E-03
-9.0866160E-02,5.76172E-01,4.88281E-02
-9.0847680E-02,5.37109E-01,4.88281E-02
-9.0829200E-02,5.17578E-01,4.88281E-02
-9.0810720E-02,5.76172E-01,-2.92969E-02
-9.0792240E-02,5.37109E-01,9.76562E-03
-9.0773760E-02,5.37109E-01,9.76562E-03
-9.0755280E-02,5.76172E-01,6.83594E-02
-9.0736800E-02,5.37109E-01,-2.92969E-02
-9.0718320E-02,5.56641E-01,6.83594E-02
-9.0699840E-02,5.56641E-01,2.92969E-02
-9.0681360E-02,5.76172E-01,2.92969E-02
-9.0662880E-02,5.37109E-01,9.76562E-03
-9.0644400E-02,4.98047E-01,2.92969E-02
-9.0625920E-02,6.15234E-01,-6.83594E-02
-9.0607440E-02,5.56641E-01,-9.76562E-03
-9.0588960E-02,5.95703E-01,4.88281E-02
-9.0570480E-02,4.78516E-01,2.92969E-02
-9.0552000E-02,5.76172E-01,-9.76562E-03
-9.0533520E-02,5.37109E-01,2.92969E-02
-9.0515040E-02,5.37109E-01,4.88281E-02
-9.0496560E-02,5.56641E-01,4.88281E-02
-9.0478080E-02,5.95703E-01,4.88281E-02
-9.0459600E-02,6.15234E-01,9.76562E-03
-9.0441120E-02,5.37109E-01,9.76562E-03
-9.0422640E-02,5.17578E-01,2.92969E-02
-9.0404160E-02,5.76172E-01,9.76562E-03
-9.0385680E-02,4.98047E-01,4.88281E-02
-9.0367200E-02,5.17578E-01,-2.92969E-02
-9.0348720E-02,4.78516E-01,8.78906E-02
-9.0330240E-02,4.78516E-01,-4.88281E-02
-9.0311760E-02,5.37109E-01,8.78906E-02
-9.0293280E-02,5.76172E-01,2.92969E-02
-9.0274800E-02,5.95703E-01,6.83594E-02
-9.0256320E-02,5.56641E-01,-9.76562E-03
-9.0237840E-02,4.98047E-01,6.83594E-02
-9.0219360E-02,5.56641E-01,4.88281E-02
-9.0200880E-02,5.56641E-01,6.83594E-02
-9.0182400E-02,5.56641E-01,4.88281E-02
-9.0163920E-02,4.98047E-01,4.88281E-02
-9.0145440E-02,5.17578E-01,9.76562E-03
-9.0126960E-02,6.15234E-01,9.76562E-03
-9.0108480E-02,5.76172E-01,9.76562E-03
-9.0090000E-02,5.76172E-01,9.76562E-03
-9.0071520E-02,5.95703E-01,-9.76562E-03
-9.0053040E-02,5.76172E-01,6.83594E-02
-9.0034560E-02,6.15234E-01,9.76562E-03
-9.0016080E-02,5.76172E-01,4.88281E-02
-8.9997600E-02,5.17578E-01,2.92969E-02
-8.9979120E-02,5.76172E-01,9.76562E-03
-8.9960640E-02,6.54297E-01,9.76562E-03
-8.9942160E-02,4.98047E-01,6.83594E-02
-8.9923680E-02,5.17578E-01,-2.92969E-02
-8.9905200E-02,5.17578E-01,1.07422E-01
-8.9886720E-02,5.95703E-01,9.76562E-03
-8.9868240E-02,4.78516E-01,-9.76562E-03
-8.9849760E-02,5.56641E-01,9.76562E-03
-8.9831280E-02,5.76172E-01,6.83594E-02
-8.9812800E-02,5.37109E-01,9.76562E-03
-8.9794320E-02,5.56641E-01,6.83594E-02
-8.9775840E-02,5.37109E-01,9.76562E-03
-8.9757360E-02,4.98047E-01,2.92969E-02
-8.9738880E-02,5.95703E-01,9.76562E-03
-8.9720400E-02,5.95703E-01,6.83594E-02
-8.9701920E-02,5.56641E-01,4.88281E-02
-8.9683440E-02,5.56641E-01,9.76562E-03
-8.9664960E-02,5.56641E-01,2.92969E-02
-8.9646480E-02,5.76172E-01,6.83594E-02
-8.9628000E-02,5.95703E-01,2.92969E-02
-8.9609520E-02,4.98047E-01,-9.76562E-03
-8.9591040E-02,5.56641E-01,4.88281E-02
-8.9572560E-02,6.15234E-01,6.83594E-02
-8.9554080E-02,5.76172E-01,2.92969E-02
-8.9535600E-02,6.34766E-01,4.88281E-02
-8.9517120E-02,5.17578E-01,-9.76562E-03
-8.9498640E-02,5.37109E-01,6.83594E-02
-8.9480160E-02,5.56641E-01,-2.92969E-02
-8.9461680E-02,4.78516E-01,4.88281E-02
-8.9443200E-02,5.76172E-01,4.88281E-02
-8.9424720E-02,4.98047E-01,4.88281E-02
-8.9406240E-02,5.17578E-01,9.76562E-03
-8.9387760E-02,5.76172E-01,-9.76562E-03
-8.9369280E-02,5.76172E-01,4.88281E-02
-8.9350800E-02,5.37109E-01,6.83594E-02
-8.9332320E-02,5.95703E-01,2.92969E-02
-8.9313840E-02,6.34766E-01,6.83594E-02
-8.9295360E-02,5.37109E-01,-9.76562E-03
-8.9276880E-02,5.56641E-01,-9.76562E-03
-8.9258400E-02,5.76172E-01,9.76562E-03
-8.9239920E-02,5.95703E-01,2.92969E-02
-8.9221440E-02,5.37109E-01,2.92969E-02
-8.9202960E-02,6.34766E-01,-4.88281E-02
-8.9184480E-02,4.98047E-01,9.76562E-03
-8.9166000E-02,5.37109E-01,6.83594E-02
-8.9147520E-02,6.15234E-01,4.88281E-02
-8.9129040E-02,5.76172E-01,4.88281E-02
-8.9110560E-02,6.15234E-01,2.92969E-02
-8.9092080E-02,6.15234E-01,6.83594E-02
-8.9073600E-02,6.34766E-01,-9.76562E-03
-8.9055120E-02,5.56641E-01,6.83594E-02
-8.9036640E-02,5.95703E-01,9.76562E-03
-8.9018160E-02,5.95703E-01,4.88281E-02
-8.8999680E-02,5.56641E-01,9.76562E-03
-8.8981200E-02,5.37109E-01,9.76562E-03
-8.8962720E-02,5.37109E-01,2.92969E-02
-8.8944240E-02,5.76172E-01,4.88281E-02
-8.8925760E-02,5.76172E-01,2.92969E-02
-8.8907280E-02,5.56641E-01,6.83594E-02
-8.8888800E-02,5.56641E-01,9.76562E-03
-8.8870320E-02,5.95703E-01,4.88281E-02
-8.8851840E-02,5.37109E-01,-9.76562E-03
-8.8833360E-02,5.95703E-01,9.76562E-03
-8.8814880E-02,5.95703E-01,-9.76562E-03
-8.8796400E-02,5.76172E-01,8.78906E-02
-8.8777920E-02,5.37109E-01,9.76562E-03
-8.8759440E-02,4.98047E-01,2.92969E-02
-8.8740960E-02,5.56641E-01,-9.76562E-03
-8.8722480E-02,5.17578E-01,6.83594E-02
-8.8704000E-02,5.95703E-01,4.88281E-02
-8.8685520E-02,5.76172E-01,2.92969E-02
-8.8667040E-02,6.15234E-01,-2.92969E-02
-8.8648560E-02,5.56641E-01,9.76562E-03
-8.8630080E-02,5.56641E-01,9.76562E-03
-8.8611600E-02,5.56641E-01,4.88281E-02
-8.8593120E-02,5.76172E-01,-9.76562E-03
-8.8574640E-02,5.56641E-01,2.92969E-02
-8.8556160E-02,6.34766E-01,9.76562E-03
-8.8537680E-02,5.76172E-01,6.83594E-02
-8.8519200E-02,5.37109E-01,9.76562E-03
-8.8500720E-02,5.17578E-01,2.92969E-02
-8.8482240E-02,5.56641E-01,9.76562E-03
-8.8463760E-02,5.76172E-01,2.92969E-02
-8.8445280E-02,5.37109E-01,4.88281E-02
-8.8426800E-02,6.15234E-01,6.83594E-02
-8.8408320E-02,5.37109E-01,4.88281E-02
-8.8389840E-02,4.98047E-01,4.88281E-02
-8.8371360E-02,5.95703E-01,9.76562E-03
-8.8352880E-02,5.37109E-01,6.83594E-02
-8.8334400E-02,5.95703E-01,9.76562E-03
-8.8315920E-02,5.37109E-01,6.83594E-02
-8.8297440E-02,4.78516E-01,-4.88281E-02
-8.8278960E-02,5.76172E-01,2.92969E-02
-8.8260480E-02,5.56641E-01,-9.76562E-03
-8.8242000E-02,5.76172E-01,4.88281E-02
-8.8223520E-02,6.54297E-01,9.76562E-03
-8.8205040E-02,5.56641E-01,9.76562E-03
-8.8186560E-02,5.56641E-01,2.92969E-02
-8.8168080E-02,4.98047E-01,6.83594E-02
-8.8149600E-02,5.76172E-01,9.76562E-03
-8.8131120E-02,5.76172E-01,9.76562E-03
-8.8112640E-02,5.17578E-01,9.76562E-03
-8.8094160E-02,6.34766E-01,-2.92969E-02
-8.8075680E-02,5.56641E-01,-9.76562E-03
-8.8057200E-02,5.76172E-01,6.83594E-02
-8.8038720E-02,5.37109E-01,2.92969E-02
-8.8020240E-02,5.76172E-01,8.78906E-02
-8.8001760E-02,5.76172E-01,9.76562E-03
-8.7983280E-02,5.56641E-01,4.88281E-02
-8.7964800E-02,4.98047E-01,-2.92969E-02
-8.7946320E-02,4.98047E-01,4.88281E-02
-8.7927840E-02,5.56641E-01,4.88281E-02
-8.7909360E-02,6.34766E-01,8.78906E-02
-8.7890880E-02,5.56641E-01,-2.92969E-02
-8.7872400E-02,5.76172E-01,9.76562E-03
-8.7853920E-02,5.95703E-01,-9.76562E-03
-8.7835440E-02,6.15234E-01,2.92969E-02
-8.7816960E-02,5.95703E-01,-4.88281E-02
-8.7798480E-02,5.95703E-01,4.88281E-02
-8.7780000E-02,5.56641E-01,9.76562E-03
-8.7761520E-02,5.37109E-01,6.83594E-02
-8.7743040E-02,6.15234E-01,-2.92969E-02
-8.7724560E-02,5.37109E-01,4.88281E-02
-8.7706080E-02,5.95703E-01,9.76562E-03
-8.7687600E-02,5.37109E-01,-2.92969E-02
-8.7669120E-02,6.15234E-01,9.76562E-03
-8.7650640E-02,5.56641E-01,9.76562E-03
-8.7632160E-02,5.56641E-01,2.92969E-02
-8.7613680E-02,5.95703E-01,4.88281E-02
-8.7595200E-02,5.95703E-01,9.76562E-03
-8.7576720E-02,6.54297E-01,4.88281E-02
-8.7558240E-02,5.76172E-01,4.88281E-02
-8.7539760E-02,5.56641E-01,6.83594E-02
-8.7521280E-02,5.17578E-01,2.92969E-02
-8.7502800E-02,5.56641E-01,2.92969E-02
-8.7484320E-02,5.95703E-01,2.92969E-02
-8.7465840E-02,5.76172E-01,2.92969E-02
-8.7447360E-02,5.76172E-01,2.92969E-02
-8.7428880E-02,5.56641E-01,4.88281E-02
-8.7410400E-02,5.76172E-01,2.92969E-02
-8.7391920E-02,5.95703E-01,4.88281E-02
-8.7373440E-02,5.56641E-01,9.76562E-03
-8.7354960E-02,5.17578E-01,4.88281E-02
-8.7336480E-02,5.37109E-01,2.92969E-02
-8.7318000E-02,5.37109E-01,9.76562E-03
-8.7299520E-02,5.95703E-01,-9.76562E-03
-8.7281040E-02,5.76172E-01,9.76562E-03
-8.7262560E-02,5.76172E-01,9.76562E-03
-8.7244080E-02,5.76172E-01,1.07422E-01
-8.7225600E-02,5.17578E-01,6.83594E-02
-8.7207120E-02,5.76172E-01,8.78906E-02
-8.7188640E-02,5.56641E-01,2.92969E-02
-8.7170160E-02,5.95703E-01,4.88281E-02
-8.7151680E-02,5.76172E-01,6.83594E-02
-8.7133200E-02,5.37109E-01,2.92969E-02
-8.7114720E-02,5.95703E-01,2.92969E-02
-8.7096240E-02,5.76172E-01,2.92969E-02
-8.7077760E-02,5.76172E-01,9.76562E-03
-8.7059280E-02,6.34766E-01,2.92969E-02
-8.7040800E-02,5.56641E-01,4.88281E-02
-8.7022320E-02,5.76172E-01,2.92969E-02
-8.7003840E-02,6.15234E-01,2.92969E-02
-8.6985360E-02,5.17578E-01,4.88281E-02
-8.6966880E-02,5.37109E-01,9.76562E-03
-8.6948400E-02,5.95703E-01,2.92969E-02
-8.6929920E-02,5.76172E-01,9.76562E-03
-8.6911440E-02,5.56641E-01,6.83594E-02
-8.6892960E-02,5.76172E-01,-9.76562E-03
-8.6874480E-02,5.56641E-01,2.92969E-02
-8.6856000E-02,6.34766E-01,2.92969E-02
-8.6837520E-02,5.56641E-01,4.88281E-02
-8.6819040E-02,5.37109E-01,9.76562E-03
-8.6800560E-02,5.56641E-01,2.92969E-02
-8.6782080E-02,5.17578E-01,9.76562E-03
-8.6763600E-02,5.95703E-01,6.83594E-02
-8.6745120E-02,5.37109E-01,9.76562E-03
-8.6726640E-02,5.95703E-01,4.88281E-02
-8.6708160E-02,6.34766E-01,2.92969E-02
-8.6689680E-02,5.76172E-01,2.92969E-02
-8.6671200E-02,6.15234E-01,9.76562E-03
-8.6652720E-02,5.76172E-01,4.88281E-02
-8.6634240E-02,5.37109E-01,9.76562E-03
-8.6615760E-02,5.56641E-01,6.83594E-02
-8.6597280E-02,6.15234E-01,4.88281E-02
-8.6578800E-02,5.76172E-01,6.83594E-02
-8.6560320E-02,5.95703E-01,9.76562E-03
-8.6541840E-02,6.15234E-01,4.88281E-02
-8.6523360E-02,5.76172E-01,-9.76562E-03
-8.6504880E-02,5.17578E-01,8.78906E-02
-8.6486400E-02,5.17578E-01,9.76562E-03
-8.6467920E-02,5.76172E-01,6.83594E-02
-8.6449440E-02,5.95703E-01,-4.88281E-02
-8.6430960E-02,5.76172E-01,4.88281E-02
-8.6412480E-02,6.15234E-01,-9.76562E-03
-8.6394000E-02,5.17578E-01,6.83594E-02
-8.6375520E-02,5.56641E-01,6.83594E-02
-8.6357040E-02,6.34766E-01,2.92969E-02
-8.6338560E-02,5.37109E-01,9.76562E-03
-8.6320080E-02,6.15234E-01,9.76562E-03
-8.6301600E-02,5.17578E-01,-4.88281E-02
-8.6283120E-02,5.76172E-01,4.88281E-02
-8.6264640E-02,5.56641E-01,2.92969E-02
-8.6246160E-02,5.17578E-01,4.88281E-02
-8.6227680E-02,6.15234E-01,6.83594E-02
-8.6209200E-02,5.17578E-01,9.76562E-03
-8.6190720E-02,5.95703E-01,9.76562E-03
-8.6172240E-02,5.56641E-01,2.92969E-02
-8.6153760E-02,6.15234E-01,-9.76562E-03
-8.6135280E-02,5.76172E-01,6.83594E-02
-8.6116800E-02,5.95703E-01,4.88281E-02
-8.6098320E-02,6.34766E-01,9.76562E-03
-8.6079840E-02,5.76172E-01,2.92969E-02
-8.6061360E-02,5.17578E-01,6.83594E-02
-8.6042880E-02,5.76172E-01,-4.88281E-02
-8.6024400E-02,5.56641E-01,9.76562E-03
-8.6005920E-02,5.76172E-01,4.88281E-02
-8.5987440E-02,5.56641E-01,2.92969E-02
-8.5968960E-02,5.56641E-01,9.76562E-03
-8.5950480E-02,5.76172E-01,4.88281E-02
-8.5932000E-02,5.95703E-01,9.76562E-03
-8.5913520E-02,6.15234E-01,9.76562E-03
-8.5895040E-02,6.34766E-01,6.83594E-02
-8.5876560E-02,6.15234E-01,2.92969E-02
-8.5858080E-02,5.56641E-01,-6.83594E-02
-8.5839600E-02,6.34766E-01,4.88281E-02
-8.5821120E-02,5.37109E-01,4.88281E-02
-8.5802640E-02,6.15234E-01,9.76562E-03
-8.5784160E-02,5.17578E-01,-4.88281E-02
-8.5765680E-02,5.76172E-01,1.07422E-01
-8.5747200E-02,5.56641E-01,4.88281E-02
-8.5728720E-02,5.56641E-01,4.88281E-02
-8.5710240E-02,5.95703E-01,4.88281E-02
-8.5691760E-02,6.15234E-01,2.92969E-02
-8.5673280E-02,4.58984E-01,2.92969E-02
-8.5654800E-02,6.15234E-01,6.83594E-02
-8.5636320E-02,5.95703E-01,4.88281E-02
-8.5617840E-02,5.17578E-01,6.83594E-02
-8.5599360E-02,5.95703E-01,2.92969E-02
-8.5580880E-02,5.56641E-01,6.83594E-02
-8.5562400E-02,5.17578E-01,-9.76562E-03
-8.5543920E-02,5.56641E-01,8.78906E-02
-8.5525440E-02,5.76172E-01,9.76562E-03
-8.5506960E-02,5.76172E-01,9.76562E-03
-8.5488480E-02,4.78516E-01,-9.76562E-03
-8.5470000E-02,5.76172E-01,6.83594E-02
-8.5451520E-02,5.56641E-01,2.92969E-02
-8.5433040E-02,5.76172E-01,6.83594E-02
-8.5414560E-02,5.56641E-01,-2.92969E-02
-8.5396080E-02,6.34766E-01,2.92969E-02
-8.5377600E-02,6.34766E-01,4.88281E-02
-8.5359120E-02,5.37109E-01,2.92969E-02
-8.5340640E-02,6.34766E-01,-4.88281E-02
-8.5322160E-02,5.76172E-01,6.83594E-02
-8.5303680E-02,5.76172E-01,9.76562E-03
-8.5285200E-02,4.98047E-01,2.92969E-02
-8.5266720E-02,6.15234E-01,4.88281E-02
-8.5248240E-02,6.15234E-01,2.92969E-02
-8.5229760E-02,5.56641E-01,9.76562E-03
-8.5211280E-02,5.95703E-01,1.46484E-01
-8.5192800E-02,6.15234E-01,9.76562E-03
-8.5174320E-02,5.95703E-01,6.83594E-02
-8.5155840E-02,5.76172E-01,1.07422E-01
-8.5137360E-02,5.95703E-01,2.92969E-02
-8.5118880E-02,5.37109E-01,4.88281E-02
-8.5100400E-02,5.17578E-01,1.07422E-01
-8.5081920E-02,5.56641E-01,-9.76562E-03
-8.5063440E-02,5.17578E-01,8.78906E-02
-8.5044960E-02,6.15234E-01,6.83594E-02
-8.5026480E-02,5.95703E-01,9.76562E-03
-8.5008000E-02,5.56641E-01,9.76562E-03
-8.4989520E-02,5.76172E-01,9.76562E-03
-8.4971040E-02,6.15234E-01,2.92969E-02
-8.4952560E-02,5.56641E-01,9.76562E-03
-8.4934080E-02,6.15234E-01,2.92969E-02
-8.4915600E-02,6.54297E-01,2.92969E-02
-8.4897120E-02,5.56641E-01,9.76562E-03
-8.4878640E-02,6.34766E-01,2.92969E-02
-8.4860160E-02,6.15234E-01,2.92969E-02
-8.4841680E-02,5.56641E-01,9.76562E-03
-8.4823200E-02,5.76172E-01,9.76562E-03
-8.4804720E-02,5.76172E-01,2.92969E-02
-8.4786240E-02,6.34766E-01,4.88281E-02
-8.4767760E-02,5.37109E-01,4.88281E-02
-8.4749280E-02,5.76172E-01,2.92969E-02
-8.4730800E-02,5.95703E-01,9.76562E-03
-8.4712320E-02,5.17578E-01,2.92969E-02
-8.4693840E-02,5.95703E-01,2.92969E-02
-8.4675360E-02,5.37109E-01,9.76562E-03
-8.4656880E-02,6.15234E-01,2.92969E-02
-8.4638400E-02,5.76172E-01,4.88281E-02
-8.4619920E-02,6.15234E-01,8.78906E-02
-8.4601440E-02,5.56641E-01,4.88281E-02
-8.4582960E-02,5.76172E-01,4.88281E-02
-8.4564480E-02,5.56641E-01,9.76562E-03
-8.4546000E-02,6.15234E-01,4.88281E-02
-8.4527520E-02,5.37109E-01,4.88281E-02
-8.4509040E-02,5.56641E-01,6.83594E-02
-8.4490560E-02,6.15234E-01,9.76562E-03
-8.4472080E-02,6.34766E-01,4.88281E-02
-8.4453600E-02,5.37109E-01,9.76562E-03
-8.4435120E-02,5.76172E-01,1.07422E-01
-8.4416640E-02,6.34766E-01,4.88281E-02
-8.4398160E-02,5.95703E-01,4.88281E-02
-8.4379680E-02,5.76172E-01,2.92969E-02
-8.4361200E-02,6.15234E-01,2.92969E-02
-8.4342720E-02,5.95703E-01,2.92969E-02
-8.4324240E-02,6.34766E-01,8.78906E-02
-8.4305760E-02,6.34766E-01,-9.76562E-03
-8.4287280E-02,5.95703E-01,2.92969E-02
-8.4268800E-02,5.76172E-01,4.88281E-02
-8.4250320E-02,6.15234E-01,4.88281E-02
-8.4231840E-02,5.95703E-01,4.88281E-02
-8.4213360E-02,6.73828E-01,6.83594E-02
-8.4194880E-02,6.15234E-01,-2.92969E-02
-8.4176400E-02,6.34766E-01,2.92969E-02
-8.4157920E-02,5.95703E-01,-9.76562E-03
-8.4139440E-02,6.15234E-01,9.76562E-03
-8.4120960E-02,5.56641E-01,-9.76562E-03
-8.4102480E-02,5.76172E-01,6.83594E-02
-8.4084000E-02,5.37109E-01,2.92969E-02
-8.4065520E-02,5.76172E-01,4.88281E-02
-8.4047040E-02,5.95703E-01,-2.92969E-02
-8.4028560E-02,5.56641E-01,2.92969E-02
-8.4010080E-02,5.95703E-01,9.76562E-03
-8.3991600E-02,5.76172E-01,6.83594E-02
-8.3973120E-02,6.73828E-01,2.92969E-02
-8.3954640E-02,5.56641E-01,4.88281E-02
-8.3936160E-02,5.95703E-01,-6.83594E-02
-8.3917680E-02,5.37109E-01,2.92969E-02
-8.3899200E-02,6.34766E-01,2.92969E-02
-8.3880720E-02,6.15234E-01,2.92969E-02
-8.3862240E-02,6.34766E-01,2.92969E-02
-8.3843760E-02,6.15234E-01,9.76562E-03
-8.3825280E-02,5.76172E-01,-9.76562E-03
-8.3806800E-02,5.95703E-01,-9.76562E-03
-8.3788320E-02,5.95703E-01,9.76562E-03
-8.3769840E-02,5.37109E-01,4.88281E-02
-8.3751360E-02,6.15234E-01,-9.76562E-03
-8.3732880E-02,4.98047E-01,2.92969E-02
-8.3714400E-02,6.34766E-01,2.92969E-02
-8.3695920E-02,6.54297E-01,2.92969E-02
-8.3677440E-02,5.37109E-01,9.76562E-03
-8.3658960E-02,5.95703E-01,2.92969E-02
-8.3640480E-02,5.37109E-01,4.88281E-02
-8.3622000E-02,5.76172E-01,4.88281E-02
-8.3603520E-02,6.15234E-01,-2.92969E-02
-8.3585040E-02,5.76172E-01,2.92969E-02
-8.3566560E-02,5.76172E-01,4.88281E-02
-8.3548080E-02,5.56641E-01,2.92969E-02
-8.3529600E-02,5.95703E-01,-9.76562E-03
-8.3511120E-02,5.56641E-01,2.92969E-02
-8.3492640E-02,5.95703E-01,4.88281E-02
-8.3474160E-02,6.34766E-01,9.76562E-03
-8.3455680E-02,5.95703E-01,2.92969E-02
-8.3437200E-02,5.56641E-01,6.83594E-02
-8.3418720E-02,6.15234E-01,2.92969E-02
-8.3400240E-02,6.34766E-01,2.92969E-02
-8.3381760E-02,5.76172E-01,4.88281E-02
-8.3363280E-02,5.37109E-01,4.88281E-02
-8.3344800E-02,5.76172E-01,9.76562E-03
-8.3326320E-02,5.56641E-01,6.83594E-02
-8.3307840E-02,5.95703E-01,4.88281E-02
-8.3289360E-02,5.95703E-01,9.76562E-03
-8.3270880E-02,5.37109E-01,2.92969E-02
-8.3252400E-02,6.93359E-01,-4.88281E-02
-8.3233920E-02,5.76172E-01,2.92969E-02
-8.3215440E-02,6.34766E-01,2.92969E-02
-8.3196960E-02,6.34766E-01,2.92969E-02
-8.3178480E-02,5.56641E-01,4.88281E-02
-8.3160000E-02,6.54297E-01,-9.76562E-03
-8.3141520E-02,5.17578E-01,9.76562E-03
-8.3123040E-02,6.15234E-01,-2.92969E-02
-8.3104560E-02,6.15234E-01,-4.88281E-02
-8.3086080E-02,5.56641E-01,4.88281E-02
-8.3067600E-02,6.15234E-01,4.88281E-02
-8.3049120E-02,5.95703E-01,-2.92969E-02
-8.3030640E-02,5.56641E-01,9.76562E-03
-8.3012160E-02,5.56641E-01,4.88281E-02
-8.2993680E-02,5.37109E-01,9.76562E-03
-8.2975200E-02,5.56641E-01,9.76562E-03
-8.2956720E-02,5.76172E-01,6.83594E-02
-8.2938240E-02,5.76172E-01,4.88281E-02
-8.2919760E-02,6.15234E-01,8.78906E-02
-8.2901280E-02,5.76172E-01,4.88281E-02
-8.2882800E-02,5.76172E-01,6.83594E-02
-8.2864320E-02,5.95703E-01,9.76562E-03
-8.2845840E-02,6.34766E-01,6.83594E-02
-8.2827360E-02,5.37109E-01,4.88281E-02
-8.2808880E-02,5.56641E-01,6.83594E-02
-8.2790400E-02,5.76172E-01,6.83594E-02
-8.2771920E-02,5.76172E-01,9.76562E-03
-8.2753440E-02,5.76172E-01,4.88281E-02
-8.2734960E-02,5.76172E-01,4.88281E-02
-8.2716480E-02,5.56641E-01,4.88281E-02
-8.2698000E-02,5.76172E-01,9.76562E-03
-8.2679520E-02,6.15234E-01,4.88281E-02
-8.2661040E-02,5.76172E-01,9.76562E-03
-8.2642560E-02,5.95703E-01,4.88281E-02
-8.2624080E-02,5.76172E-01,-2.92969E-02
-8.2605600E-02,6.15234E-01,6.83594E-02
-8.2587120E-02,6.73828E-01,6.83594E-02
-8.2568640E-02,6.15234E-01,2.92969E-02
-8.2550160E-02,5.56641E-01,6.83594E-02
-8.2531680E-02,5.56641E-01,2.92969E-02
-8.2513200E-02,6.15234E-01,4.88281E-02
-8.2494720E-02,5.56641E-01,6.83594E-02
-8.2476240E-02,5.76172E-01,4.88281E-02
-8.2457760E-02,5.95703E-01,9.76562E-03
-8.2439280E-02,5.37109E-01,6.83594E-02
-8.2420800E-02,5.37109E-01,4.88281E-02
-8.2402320E-02,5.76172E-01,9.76562E-03
-8.2383840E-02,5.95703E-01,2.92969E-02
-8.2365360E-02,5.37109E-01,6.83594E-02
-8.2346880E-02,5.76172E-01,1.07422E-01
-8.2328400E-02,5.56641E-01,6.83594E-02
-8.2309920E-02,5.17578E-01,9.76562E-03
-8.2291440E-02,6.54297E-01,2.92969E-02
-8.2272960E-02,5.56641E-01,2.92969E-02
-8.2254480E-02,6.34766E-01,9.76562E-03
-8.2236000E-02,6.93359E-01,-2.92969E-02
-8.2217520E-02,6.34766E-01,2.92969E-02
-8.2199040E-02,5.76172E-01,9.76562E-03
-8.2180560E-02,6.15234E-01,4.88281E-02
-8.2162080E-02,6.15234E-01,2.92969E-02
-8.2143600E-02,6.15234E-01,6.83594E-02
-8.2125120E-02,5.76172E-01,9.76562E-03
-8.2106640E-02,5.56641E-01,9.76562E-03
-8.2088160E-02,6.34766E-01,9.76562E-03
-8.2069680E-02,5.37109E-01,2.92969E-02
-8.2051200E-02,5.76172E-01,9.76562E-03
-8.2032720E-02,5.76172E-01,6.83594E-02
-8.2014240E-02,6.54297E-01,9.76562E-03
-8.1995760E-02,6.15234E-01,2.92969E-02
-8.1977280E-02,5.56641E-01,2.92969E-02
-8.1958800E-02,5.56641E-01,9.76562E-03
-8.1940320E-02,5.56641E-01,9.76562E-03
-8.1921840E-02,6.34766E-01,9.76562E-03
-8.1903360E-02,5.56641E-01,9.76562E-03
-8.1884880E-02,5.56641E-01,4.88281E-02
-8.1866400E-02,5.56641E-01,9.76562E-03
-8.1847920E-02,5.76172E-01,4.88281E-02
-8.1829440E-02,5.37109E-01,-2.92969E-02
-8.1810960E-02,5.95703E-01,6.83594E-02
-8.1792480E-02,6.34766E-01,-4.88281E-02
-8.1774000E-02,5.95703E-01,9.76562E-03
-8.1755520E-02,6.15234E-01,4.88281E-02
-8.1737040E-02,6.34766E-01,8.78906E-02
-8.1718560E-02,5.76172E-01,-4.88281E-02
-8.1700080E-02,6.15234E-01,2.92969E-02
-8.1681600E-02,5.95703E-01,-9.76562E-03
-8.1663120E-02,5.76172E-01,6.83594E-02
-8.1644640E-02,5.76172E-01,2.92969E-02
-8.1626160E-02,6.15234E-01,8.78906E-02
-8.1607680E-02,5.56641E-01,9.76562E-03
-8.1589200E-02,5.76172E-01,9.76562E-03
-8.1570720E-02,5.76172E-01,4.88281E-02
-8.1552240E-02,5.76172E-01,2.92969E-02
-8.1533760E-02,5.76172E-01,-2.92969E-02
-8.1515280E-02,5.95703E-01,2.92969E-02
-8.1496800E-02,5.95703E-01,9.76562E-03
-8.1478320E-02,6.15234E-01,2.92969E-02
-8.1459840E-02,6.15234E-01,2.92969E-02
-8.1441360E-02,5.17578E-01,4.88281E-02
-8.1422880E-02,6.54297E-01,9.76562E-03
-8.1404400E-02,6.15234E-01,6.83594E-02
-8.1385920E-02,5.56641E-01,2.92969E-02
-8.1367440E-02,6.15234E-01,9.76562E-03
-8.1348960E-02,5.56641E-01,-2.92969E-02
-8.1330480E-02,5.95703E-01,1.07422E-01
-8.1312000E-02,5.95703E-01,2.92969E-02
-8.1293520E-02,5.76172E-01,4.88281E-02
-8.1275040E-02,5.76172E-01,2.92969E-02
-8.1256560E-02,6.34766E-01,9.76562E-03
-8.1238080E-02,5.56641E-01,4.88281E-02
-8.1219600E-02,5.76172E-01,4.88281E-02
-8.1201120E-02,6.15234E-01,4.88281E-02
-8.1182640E-02,6.34766E-01,8.78906E-02
-8.1164160E-02,5.95703E-01,-2.92969E-02
-8.1145680E-02,5.76172E-01,8.78906E-02
-8.1127200E-02,5.56641E-01,4.88281E-02
-8.1108720E-02,5.95703E-01,2.92969E-02
-8.1090240E-02,6.15234E-01,4.88281E-02
-8.1071760E-02,5.37109E-01,1.26953E-01
-8.1053280E-02,5.37109E-01,9.76562E-03
-8.1034800E-02,5.95703E-01,-4.88281E-02
-8.1016320E-02,5.76172E-01,9.76562E-03
-8.0997840E-02,5.76172E-01,2.92969E-02
-8.0979360E-02,6.54297E-01,4.88281E-02
-8.0960880E-02,5.56641E-01,4.88281E-02
-8.0942400E-02,6.34766E-01,4.88281E-02
-8.0923920E-02,5.95703E-01,1.07422E-01
-8.0905440E-02,5.95703E-01,9.76562E-03
-8.0886960E-02,6.15234E-01,4.88281E-02
-8.0868480E-02,5.95703E-01,-9.76562E-03
-8.0850000E-02,6.34766E-01,6.83594E-02
-8.0831520E-02,5.56641E-01,6.83594E-02
-8.0813040E-02,5.56641E-01,4.88281E-02
-8.0794560E-02,6.15234E-01,2.92969E-02
-8.0776080E-02,5.95703E-01,2.92969E-02
-8.0757600E-02,5.56641E-01,9.76562E-03
-8.0739120E-02,6.34766E-01,2.92969E-02
-8.0720640E-02,6.54297E-01,4.88281E-02
-8.0702160E-02,5.56641E-01,4.88281E-02
-8.0683680E-02,5.56641E-01,-9.76562E-03
-8.0665200E-02,6.34766E-01,2.92969E-02
-8.0646720E-02,6.73828E-01,6.83594E-02
-8.0628240E-02,6.34766E-01,9.76562E-03
-8.0609760E-02,5.37109E-01,6.83594E-02
-8.0591280E-02,5.56641E-01,4.88281E-02
-8.0572800E-02,5.95703E-01,2.92969E-02
-8.0554320E-02,6.34766E-01,2.92969E-02
-8.0535840E-02,5.95703E-01,4.88281E-02
-8.0517360E-02,5.95703E-01,2.92969E-02
-8.0498880E-02,5.37109E-01,9.76562E-03
-8.0480400E-02,6.34766E-01,9.76562E-03
-8.0461920E-02,5.76172E-01,6.83594E-02
-8.0443440E-02,5.95703E-01,2.92969E-02
-8.0424960E-02,6.34766E-01,9.76562E-03
-8.0406480E-02,6.15234E-01,-9.76562E-03
-8.0388000E-02,6.15234E-01,9.76562E-03
-8.0369520E-02,6.15234E-01,2.92969E-02
-8.0351040E-02,5.95703E-01,-9.76562E-03
-8.0332560E-02,4.98047E-01,4.88281E-02
-8.0314080E-02,5.76172E-01,-2.92969E-02
-8.0295600E-02,5.95703E-01,4.88281E-02
-8.0277120E-02,6.34766E-01,9.76562E-03
-8.0258640E-02,6.15234E-01,1.26953E-01
-8.0240160E-02,6.73828E-01,2.92969E-02
-8.0221680E-02,5.95703E-01,9.76562E-03
-8.0203200E-02,6.34766E-01,9.76562E-03
-8.0184720E-02,6.34766E-01,4.88281E-02
-8.0166240E-02,5.37109E-01,9.76562E-03
-8.0147760E-02,5.76172E-01,-9.76562E-03
-8.0129280E-02,6.15234E-01,-9.76562E-03
-8.0110800E-02,5.76172E-01,2.92969E-02
-8.0092320E-02,6.15234E-01,9.76562E-03
-8.0073840E-02,5.17578E-01,2.92969E-02
-8.0055360E-02,5.76172E-01,9.76562E-03
-8.0036880E-02,5.37109E-01,1.07422E-01
-8.0018400E-02,6.15234E-01,-2.92969E-02
-7.9999920E-02,6.34766E-01,2.92969E-02
-7.9981440E-02,6.34766E-01,9.76562E-03
-7.9962960E-02,5.76172E-01,9.76562E-03
-7.9944480E-02,5.76172E-01,-9.76562E-03
-7.9926000E-02,6.54297E-01,6.83594E-02
-7.9907520E-02,6.73828E-01,9.76562E-03
-7.9889040E-02,6.15234E-01,4.88281E-02
-7.9870560E-02,5.76172E-01,2.92969E-02
-7.9852080E-02,5.95703E-01,9.76562E-03
-7.9833600E-02,6.15234E-01,9.76562E-03
-7.9815120E-02,5.95703E-01,9.76562E-03
-7.9796640E-02,6.15234E-01,9.76562E-03
-7.9778160E-02,6.15234E-01,4.88281E-02
-7.9759680E-02,6.15234E-01,2.92969E-02
-7.9741200E-02,6.34766E-01,9.76562E-03
-7.9722720E-02,4.98047E-01,4.88281E-02
-7.9704240E-02,5.95703E-01,1.07422E-01
-7.9685760E-02,5.76172E-01,4.88281E-02
-7.9667280E-02,6.54297E-01,4.88281E-02
-7.9648800E-02,5.76172E-01,-9.76562E-03
-7.9630320E-02,6.34766E-01,4.88281E-02
-7.9611840E-02,5.76172E-01,2.92969E-02
-7.9593360E-02,5.76172E-01,4.88281E-02
-7.9574880E-02,6.54297E-01,-9.76562E-03
-7.9556400E-02,6.34766E-01,2.92969E-02
-7.9537920E-02,5.95703E-01,9.76562E-03
-7.9519440E-02,6.15234E-01,4.88281E-02
-7.9500960E-02,6.34766E-01,2.92969E-02
-7.9482480E-02,5.17578E-01,4.88281E-02
-7.9464000E-02,6.15234E-01,2.92969E-02
-7.9445520E-02,6.15234E-01,4.88281E-02
-7.9427040E-02,5.56641E-01,9.76562E-03
-7.9408560E-02,6.34766E-01,9.76562E-03
-7.9390080E-02,5.76172E-01,4.88281E-02
-7.9371600E-02,5.76172E-01,-2.92969E-02
-7.9353120E-02,6.15234E-01,2.92969E-02
-7.9334640E-02,6.34766E-01,2.92969E-02
-7.9316160E-02,5.95703E-01,2.92969E-02
-7.9297680E-02,5.76172E-01,9.76562E-03
-7.9279200E-02,5.95703E-01,9.76562E-03
-7.9260720E-02,5.76172E-01,2.92969E-02
-7.9242240E-02,5.95703E-01,-9.76562E-03
-7.9223760E-02,6.54297E-01,6.83594E-02
-7.9205280E-02,5.95703E-01,-9.76562E-03
-7.9186800E-02,5.56641E-01,9.76562E-03
-7.9168320E-02,6.54297E-01,4.88281E-02
-7.9149840E-02,4.98047E-01,2.92969E-02
-7.9131360E-02,5.37109E-01,9.76562E-03
-7.9112880E-02,6.54297E-01,1.26953E-01
-7.9094400E-02,6.54297E-01,2.92969E-02
-7.9075920E-02,5.56641E-01,-9.76562E-03
-7.9057440E-02,6.34766E-01,9.76562E-03
-7.9038960E-02,6.15234E-01,4.88281E-02
-7.9020480E-02,6.34766E-01,1.26953E-01
-7.9002000E-02,5.76172E-01,4.88281E-02
-7.8983520E-02,5.56641E-01,-9.76562E-03
-7.8965040E-02,6.93359E-01,9.76562E-03
-7.8946560E-02,5.56641E-01,9.76562E-03
-7.8928080E-02,5.76172E-01,4.88281E-02
-7.8909600E-02,6.54297E-01,9.76562E-03
-7.8891120E-02,6.34766E-01,2.92969E-02
-7.8872640E-02,5.76172E-01,2.92969E-02
-7.8854160E-02,6.15234E-01,9.76562E-03
-7.8835680E-02,6.73828E-01,6.83594E-02
-7.8817200E-02,6.15234E-01,2.92969E-02
-7.8798720E-02,5.76172E-01,9.76562E-03
-7.8780240E-02,6.34766E-01,6.83594E-02
-7.8761760E-02,5.95703E-01,9.76562E-03
-7.8743280E-02,6.15234E-01,1.07422E-01
-7.8724800E-02,5.95703E-01,4.88281E-02
-7.8706320E-02,5.56641E-01,4.88281E-02
-7.8687840E-02,6.15234E-01,6.83594E-02
-7.8669360E-02,5.95703E-01,9.76562E-03
-7.8650880E-02,6.93359E-01,9.76562E-03
-7.8632400E-02,6.15234E-01,4.88281E-02
-7.8613920E-02,5.56641E-01,9.76562E-03
-7.8595440E-02,6.34766E-01,6.83594E-02
-7.8576960E-02,5.56641E-01,-4.88281E-02
-7.8558480E-02,6.54297E-01,9.76562E-03
-7.8540000E-02,6.15234E-01,9.76562E-03
-7.8521520E-02,5.76172E-01,9.76562E-03
-7.8503040E-02,6.34766E-01,2.92969E-02
-7.8484560E-02,6.34766E-01,2.92969E-02
-7.8466080E-02,5.95703E-01,-2.92969E-02
-7.8447600E-02,5.76172E-01,8.78906E-02
-7.8429120E-02,6.34766E-01,6.83594E-02
-7.8410640E-02,6.34766E-01,2.92969E-02
-7.8392160E-02,6.15234E-01,2.92969E-02
-7.8373680E-02,6.15234E-01,4.88281E-02
-7.8355200E-02,5.95703E-01,9.76562E-03
-7.8336720E-02,6.15234E-01,4.88281E-02
-7.8318240E-02,6.34766E-01,1.07422E-01
-7.8299760E-02,6.34766E-01,9.76562E-03
-7.8281280E-02,5.95703E-01,9.76562E-03
-7.8262800E-02,5.76172E-01,2.92969E-02
-7.8244320E-02,6.15234E-01,2.92969E-02
-7.8225840E-02,5.76172E-01,2.92969E-02
-7.8207360E-02,6.15234E-01,-9.76562E-03
-7.8188880E-02,6.34766E-01,4.88281E-02
-7.8170400E-02,5.95703E-01,4.88281E-02
-7.8151920E-02,6.15234E-01,9.76562E-03
-7.8133440E-02,5.56641E-01,4.88281E-02
-7.8114960E-02,5.95703E-01,-2.92969E-02
-7.8096480E-02,6.34766E-01,4.88281E-02
-7.8078000E-02,6.34766E-01,9.76562E-03
-7.8059520E-02,6.15234E-01,2.92969E-02
-7.8041040E-02,5.37109E-01,4.88281E-02
-7.8022560E-02,5.76172E-01,9.76562E-03
-7.8004080E-02,5.95703E-01,2.92969E-02
-7.7985600E-02,7.12891E-01,2.92969E-02
-7.7967120E-02,6.34766E-01,2.92969E-02
-7.7948640E-02,5.95703E-01,-2.92969E-02
-7.7930160E-02,6.34766E-01,6.83594E-02
-7.7911680E-02,6.15234E-01,2.92969E-02
-7.7893200E-02,6.54297E-01,8.78906E-02
-7.7874720E-02,6.15234E-01,9.76562E-03
-7.7856240E-02,5.76172E-01,4.88281E-02
-7.7837760E-02,6.15234E-01,2.92969E-02
-7.7819280E-02,5.95703E-01,-2.92969E-02
-7.7800800E-02,5.76172E-01,-9.76562E-03
-7.7782320E-02,6.34766E-01,2.92969E-02
-7.7763840E-02,6.54297E-01,2.92969E-02
-7.7745360E-02,6.54297E-01,6.83594E-02
-7.7726880E-02,5.95703E-01,-9.76562E-03
-7.7708400E-02,6.34766E-01,4.88281E-02
-7.7689920E-02,5.95703E-01,9.76562E-03
-7.7671440E-02,6.15234E-01,6.83594E-02
-7.7652960E-02,5.95703E-01,-4.88281E-02
-7.7634480E-02,5.95703E-01,2.92969E-02
-7.7616000E-02,5.76172E-01,-2.92969E-02
-7.7597520E-02,5.95703E-01,9.76562E-03
-7.7579040E-02,5.95703E-01,9.76562E-03
-7.7560560E-02,6.15234E-01,2.92969E-02
-7.7542080E-02,5.95703E-01,-9.76562E-03
-7.7523600E-02,6.54297E-01,2.92969E-02
-7.7505120E-02,6.54297E-01,4.88281E-02
-7.7486640E-02,6.34766E-01,-9.76562E-03
-7.7468160E-02,6.15234E-01,9.76562E-03
-7.7449680E-02,6.73828E-01,4.88281E-02
-7.7431200E-02,6.54297E-01,4.88281E-02
-7.7412720E-02,5.76172E-01,4.88281E-02
-7.7394240E-02,5.76172E-01,2.92969E-02
-7.7375760E-02,7.12891E-01,6.83594E-02
-7.7357280E-02,5.95703E-01,2.92969E-02
-7.7338800E-02,5.95703E-01,-9.76562E-03
-7.7320320E-02,5.95703E-01,-9.76562E-03
-7.7301840E-02,6.34766E-01,2.92969E-02
-7.7283360E-02,6.34766E-01,2.92969E-02
-7.7264880E-02,5.56641E-01,2.92969E-02
-7.7246400E-02,6.34766E-01,4.88281E-02
-7.7227920E-02,6.15234E-01,-2.92969E-02
-7.7209440E-02,6.15234E-01,-2.92969E-02
-7.7190960E-02,6.15234E-01,4.88281E-02
-7.7172480E-02,6.15234E-01,-9.76562E-03
-7.7154000E-02,6.54297E-01,9.76562E-03
-7.7135520E-02,5.76172E-01,6.83594E-02
-7.7117040E-02,6.34766E-01,4.88281E-02
-7.7098560E-02,6.54297E-01,9.76562E-03
-7.7080080E-02,5.76172E-01,2.92969E-02
-7.7061600E-02,6.34766E-01,9.76562E-03
-7.7043120E-02,6.34766E-01,4.88281E-02
-7.7024640E-02,5.95703E-01,2.92969E-02
-7.7006160E-02,6.15234E-01,1.07422E-01
-7.6987680E-02,5.56641E-01,9.76562E-03
-7.6969200E-02,5.76172E-01,2.92969E-02
-7.6950720E-02,6.34766E-01,2.92969E-02
-7.6932240E-02,5.76172E-01,2.92969E-02
-7.6913760E-02,5.76172E-01,4.88281E-02
-7.6895280E-02,6.15234E-01,2.92969E-02
-7.6876800E-02,6.15234E-01,9.76562E-03
-7.6858320E-02,5.56641E-01,4.88281E-02
-7.6839840E-02,6.34766E-01,-2.92969E-02
-7.6821360E-02,6.15234E-01,4.88281E-02
-7.6802880E-02,6.34766E-01,9.76562E-03
-7.6784400E-02,5.56641E-01,8.78906E-02
-7.6765920E-02,6.15234E-01,9.76562E-03
-7.6747440E-02,5.76172E-01,4.88281E-02
-7.6728960E-02,6.54297E-01,9.76562E-03
-7.6710480E-02,6.15234E-01,6.83594E-02
-7.6692000E-02,5.95703E-01,-9.76562E-03
-7.6673520E-02,5.76172E-01,2.92969E-02
-7.6655040E-02,6.54297E-01,-9.76562E-03
-7.6636560E-02,6.34766E-01,4.88281E-02
-7.6618080E-02,5.76172E-01,-9.76562E-03
-7.6599600E-02,6.73828E-01,6.83594E-02
-7.6581120E-02,5.76172E-01,9.76562E-03
-7.6562640E-02,5.95703E-01,-9.76562E-03
-7.6544160E-02,5.76172E-01,4.88281E-02
-7.6525680E-02,6.15234E-01,9.76562E-03
-7.6507200E-02,5.95703E-01,2.92969E-02
-7.6488720E-02,5.56641E-01,4.88281E-02
-7.6470240E-02,5.37109E-01,-9.76562E-03
-7.6451760E-02,6.34766E-01,2.92969E-02
-7.6433280E-02,6.54297E-01,9.76562E-03
-7.6414800E-02,6.15234E-01,6.83594E-02
-7.6396320E-02,6.15234E-01,9.76562E-03
-7.6377840E-02,5.76172E-01,4.88281E-02
-7.6359360E-02,6.34766E-01,9.76562E-03
-7.6340880E-02,6.73828E-01,2.92969E-02
-7.6322400E-02,6.15234E-01,9.76562E-03
-7.6303920E-02,5.76172E-01,6.83594E-02
-7.6285440E-02,5.76172E-01,2.92969E-02
-7.6266960E-02,6.34766E-01,2.92969E-02
-7.6248480E-02,6.54297E-01,2.92969E-02
-7.6230000E-02,5.95703E-01,4.88281E-02
-7.6211520E-02,6.34766E-01,4.88281E-02
-7.6193040E-02,5.95703E-01,6.83594E-02
-7.6174560E-02,6.34766E-01,-9.76562E-03
-7.6156080E-02,6.34766E-01,4.88281E-02
-7.6137600E-02,6.34766E-01,4.88281E-02
-7.6119120E-02,6.15234E-01,9.76562E-03
-7.6100640E-02,6.54297E-01,9.76562E-03
-7.6082160E-02,5.56641E-01,2.92969E-02
-7.6063680E-02,6.34766E-01,2.92969E-02
-7.6045200E-02,6.15234E-01,2.92969E-02
-7.6026720E-02,6.15234E-01,4.88281E-02
-7.6008240E-02,5.76172E-01,6.83594E-02
-7.5989760E-02,6.54297E-01,2.92969E-02
-7.5971280E-02,5.37109E-01,-2.92969E-02
-7.5952800E-02,6.54297E-01,4.88281E-02
-7.5934320E-02,5.76172E-01,4.88281E-02
-7.5915840E-02,5.56641E-01,-9.76562E-03
-7.5897360E-02,5.95703E-01,6.83594E-02
-7.5878880E-02,5.95703E-01,9.76562E-03
-7.5860400E-02,5.76172E-01,4.88281E-02
-7.5841920E-02,6.34766E-01,-2.92969E-02
-7.5823440E-02,5.76172E-01,2.92969E-02
-7.5804960E-02,6.15234E-01,-2.92969E-02
-7.5786480E-02,6.34766E-01,4.88281E-02
-7.5768000E-02,6.34766E-01,9.76562E-03
-7.5749520E-02,6.73828E-01,9.76562E-03
-7.5731040E-02,5.95703E-01,9.76562E-03
-7.5712560E-02,6.34766E-01,4.88281E-02
-7.5694080E-02,6.34766E-01,9.76562E-03
-7.5675600E-02,5.56641E-01,-9.76562E-03
-7.5657120E-02,6.54297E-01,4.88281E-02
-7.5638640E-02,6.34766E-01,1.07422E-01
-7.5620160E-02,6.54297E-01,4.88281E-02
-7.5601680E-02,6.15234E-01,9.76562E-03
-7.5583200E-02,7.12891E-01,-9.76562E-03
-7.5564720E-02,5.56641E-01,6.83594E-02
-7.5546240E-02,6.54297E-01,-9.76562E-03
-7.5527760E-02,6.54297E-01,-9.76562E-03
-7.5509280E-02,6.34766E-01,4.88281E-02
-7.5490800E-02,6.73828E-01,4.88281E-02
-7.5472320E-02,6.73828E-01,-9.76562E-03
-7.5453840E-02,6.54297E-01,6.83594E-02
-7.5435360E-02,6.15234E-01,2.92969E-02
-7.5416880E-02,6.34766E-01,4.88281E-02
-7.5398400E-02,6.54297E-01,2.92969E-02
-7.5379920E-02,5.76172E-01,8.78906E-02
-7.5361440E-02,5.56641E-01,4.88281E-02
-7.5342960E-02,5.56641E-01,6.83594E-02
-7.5324480E-02,5.37109E-01,-2.92969E-02
-7.5306000E-02,6.34766E-01,9.76562E-03
-7.5287520E-02,6.15234E-01,2.92969E-02
-7.5269040E-02,5.95703E-01,6.83594E-02
-7.5250560E-02,6.54297E-01,4.88281E-02
-7.5232080E-02,6.73828E-01,9.76562E-03
-7.5213600E-02,6.15234E-01,4.88281E-02
-7.5195120E-02,5.95703E-01,9.76562E-03
-7.5176640E-02,6.73828E-01,-2.92969E-02
-7.5158160E-02,6.34766E-01,9.76562E-03
-7.5139680E-02,5.95703E-01,4.88281E-02
-7.5121200E-02,6.15234E-01,8.78906E-02
-7.5102720E-02,6.73828E-01,-9.76562E-03
-7.5084240E-02,6.93359E-01,-2.92969E-02
-7.5065760E-02,5.76172E-01,9.76562E-03
-7.5047280E-02,6.54297E-01,-9.76562E-03
-7.5028800E-02,6.93359E-01,-2.92969E-02
-7.5010320E-02,6.34766E-01,9.76562E-03
-7.4991840E-02,5.76172E-01,-9.76562E-03
-7.4973360E-02,5.17578E-01,4.88281E-02
-7.4954880E-02,5.95703E-01,4.88281E-02
-7.4936400E-02,6.34766E-01,6.83594E-02
-7.4917920E-02,6.34766E-01,9.76562E-03
-7.4899440E-02,6.34766E-01,2.92969E-02
-7.4880960E-02,5.95703E-01,9.76562E-03
-7.4862480E-02,5.76172E-01,4.88281E-02
-7.4844000E-02,6.93359E-01,9.76562E-03
-7.4825520E-02,6.34766E-01,9.76562E-03
-7.4807040E-02,6.73828E-01,6.83594E-02
-7.4788560E-02,5.76172E-01,9.76562E-03
-7.4770080E-02,6.54297E-01,2.92969E-02
-7.4751600E-02,6.34766E-01,4.88281E-02
-7.4733120E-02,5.76172E-01,9.76562E-03
-7.4714640E-02,5.76172E-01,2.92969E-02
-7.4696160E-02,6.15234E-01,9.76562E-03
-7.4677680E-02,6.54297E-01,2.92969E-02
-7.4659200E-02,6.93359E-01,9.76562E-03
-7.4640720E-02,5.76172E-01,2.92969E-02
-7.4622240E-02,6.34766E-01,9.76562E-03
-7.4603760E-02,6.34766E-01,9.76562E-03
-7.4585280E-02,6.34766E-01,2.92969E-02
-7.4566800E-02,5.17578E-01,6.83594E-02
-7.4548320E-02,5.95703E-01,2.92969E-02
-7.4529840E-02,6.34766E-01,1.07422E-01
-7.4511360E-02,6.15234E-01,2.92969E-02
-7.4492880E-02,5.17578E-01,2.92969E-02
-7.4474400E-02,5.76172E-01,2.92969E-02
-7.4455920E-02,5.95703E-01,-9.76562E-03
-7.4437440E-02,6.34766E-01,9.76562E-03
-7.4418960E-02,6.34766E-01,8.78906E-02
-7.4400480E-02,6.34766E-01,6.83594E-02
-7.4382000E-02,6.93359E-01,2.92969E-02
-7.4363520E-02,5.95703E-01,2.92969E-02
-7.4345040E-02,6.34766E-01,4.88281E-02
-7.4326560E-02,6.54297E-01,4.88281E-02
-7.4308080E-02,6.34766E-01,2.92969E-02
-7.4289600E-02,6.54297E-01,-9.76562E-03
-7.4271120E-02,6.34766E-01,6.83594E-02
-7.4252640E-02,6.54297E-01,-9.76562E-03
-7.4234160E-02,5.76172E-01,2.92969E-02
-7.4215680E-02,6.15234E-01,9.76562E-03
-7.4197200E-02,6.34766E-01,9.76562E-03
-7.4178720E-02,5.95703E-01,4.88281E-02
-7.4160240E-02,6.34766E-01,4.88281E-02
-7.4141760E-02,6.34766E-01,2.92969E-02
-7.4123280E-02,5.95703E-01,2.92969E-02
-7.4104800E-02,6.34766E-01,6.83594E-02
-7.4086320E-02,6.15234E-01,6.83594E-02
-7.4067840E-02,6.73828E-01,2.92969E-02
-7.4049360E-02,6.34766E-01,2.92969E-02
-7.4030880E-02,6.34766E-01,2.92969E-02
-7.4012400E-02,6.34766E-01,4.88281E-02
-7.3993920E-02,5.95703E-01,6.83594E-02
-7.3975440E-02,6.93359E-01,-4.88281E-02
-7.3956960E-02,5.95703E-01,4.88281E-02
-7.3938480E-02,6.34766E-01,2.92969E-02
-7.3920000E-02,6.34766E-01,4.88281E-02
-7.3901520E-02,6.34766E-01,2.92969E-02
-7.3883040E-02,6.15234E-01,9.76562E-03
-7.3864560E-02,6.34766E-01,4.88281E-02
-7.3846080E-02,5.95703E-01,9.76562E-03
-7.3827600E-02,5.95703E-01,6.83594E-02
-7.3809120E-02,5.95703E-01,2.92969E-02
-7.3790640E-02,6.54297E-01,9.76562E-03
-7.3772160E-02,6.73828E-01,9.76562E-03
-7.3753680E-02,6.34766E-01,2.92969E-02
-7.3735200E-02,6.73828E-01,-9.76562E-03
-7.3716720E-02,6.34766E-01,4.88281E-02
-7.3698240E-02,6.15234E-01,2.92969E-02
-7.3679760E-02,6.73828E-01,6.83594E-02
-7.3661280E-02,6.15234E-01,-4.88281E-02
-7.3642800E-02,6.34766E-01,8.78906E-02
-7.3624320E-02,6.73828E-01,4.88281E-02
-7.3605840E-02,6.34766E-01,9.76562E-03
-7.3587360E-02,6.93359E-01,9.76562E-03
-7.3568880E-02,6.15234E-01,-9.76562E-03
-7.3550400E-02,6.34766E-01,9.76562E-03
-7.3531920E-02,6.54297E-01,2.92969E-02
-7.3513440E-02,6.34766E-01,9.76562E-03
-7.3494960E-02,6.34766E-01,4.88281E-02
-7.3476480E-02,5.56641E-01,9.76562E-03
-7.3458000E-02,5.95703E-01,4.88281E-02
-7.3439520E-02,6.73828E-01,9.76562E-03
-7.3421040E-02,6.54297E-01,2.92969E-02
-7.3402560E-02,6.54297E-01,6.83594E-02
-7.3384080E-02,6.54297E-01,9.76562E-03
-7.3365600E-02,6.54297E-01,9.76562E-03
-7.3347120E-02,6.34766E-01,6.83594E-02
-7.3328640E-02,6.54297E-01,2.92969E-02
-7.3310160E-02,6.15234E-01,-9.76562E-03
-7.3291680E-02,6.54297E-01,2.92969E-02
-7.3273200E-02,6.34766E-01,9.76562E-03
-7.3254720E-02,5.95703E-01,9.76562E-03
-7.3236240E-02,5.95703E-01,9.76562E-03
-7.3217760E-02,6.15234E-01,2.92969E-02
-7.3199280E-02,5.17578E-01,6.83594E-02
-7.3180800E-02,6.15234E-01,2.92969E-02
-7.3162320E-02,6.15234E-01,4.88281E-02
-7.3143840E-02,6.15234E-01,4.88281E-02
-7.3125360E-02,6.34766E-01,4.88281E-02
-7.3106880E-02,6.15234E-01,-2.92969E-02
-7.3088400E-02,6.34766E-01,6.83594E-02
-7.3069920E-02,5.56641E-01,9.76562E-03
-7.3051440E-02,5.95703E-01,2.92969E-02
-7.3032960E-02,6.15234E-01,9.76562E-03
-7.3014480E-02,6.15234E-01,2.92969E-02
-7.2996000E-02,6.54297E-01,9.76562E-03
-7.2977520E-02,6.73828E-01,-9.76562E-03
-7.2959040E-02,6.73828E-01,4.88281E-02
-7.2940560E-02,6.34766E-01,9.76562E-03
-7.2922080E-02,6.54297E-01,6.83594E-02
-7.2903600E-02,6.54297E-01,9.76562E-03
-7.2885120E-02,6.34766E-01,9.76562E-03
-7.2866640E-02,6.34766E-01,1.26953E-01
-7.2848160E-02,6.73828E-01,2.92969E-02
-7.2829680E-02,5.95703E-01,4.88281E-02
-7.2811200E-02,6.93359E-01,4.88281E-02
-7.2792720E-02,6.54297E-01,6.83594E-02
-7.2774240E-02,6.54297E-01,-9.76562E-03
-7.2755760E-02,6.34766E-01,4.88281E-02
-7.2737280E-02,6.73828E-01,9.76562E-03
-7.2718800E-02,5.76172E-01,9.76562E-03
-7.2700320E-02,6.15234E-01,-9.76562E-03
-7.2681840E-02,6.34766E-01,6.83594E-02
-7.2663360E-02,6.34766E-01,9.76562E-03
-7.2644880E-02,5.95703E-01,4.88281E-02
-7.2626400E-02,6.54297E-01,4.88281E-02
-7.2607920E-02,6.34766E-01,2.92969E-02
-7.2589440E-02,6.34766E-01,6.83594E-02
-7.2570960E-02,6.34766E-01,9.76562E-03
-7.2552480E-02,6.34766E-01,4.88281E-02
-7.2534000E-02,6.34766E-01,9.76562E-03
-7.2515520E-02,6.54297E-01,4.88281E-02
-7.2497040E-02,6.54297E-01,-2.92969E-02
-7.2478560E-02,6.15234E-01,9.76562E-03
-7.2460080E-02,5.76172E-01,6.83594E-02
-7.2441600E-02,6.73828E-01,9.76562E-03
-7.2423120E-02,6.34766E-01,1.07422E-01
-7.2404640E-02,6.34766E-01,9.76562E-03
-7.2386160E-02,6.34766E-01,4.88281E-02
-7.2367680E-02,5.95703E-01,4.88281E-02
-7.2349200E-02,5.95703E-01,2.92969E-02
-7.2330720E-02,6.34766E-01,2.92969E-02
-7.2312240E-02,6.54297E-01,9.76562E-03
-7.2293760E-02,6.54297E-01,2.92969E-02
-7.2275280E-02,6.15234E-01,2.92969E-02
-7.2256800E-02,6.54297E-01,2.92969E-02
-7.2238320E-02,5.95703E-01,2.92969E-02
-7.2219840E-02,6.34766E-01,-2.92969E-02
-7.2201360E-02,6.34766E-01,4.88281E-02
-7.2182880E-02,6.15234E-01,-2.92969E-02
-7.2164400E-02,5.95703E-01,6.83594E-02
-7.2145920E-02,5.95703E-01,4.88281E-02
-7.2127440E-02,5.95703E-01,6.83594E-02
-7.2108960E-02,6.15234E-01,2.92969E-02
-7.2090480E-02,6.15234E-01,9.76562E-03
-7.2072000E-02,6.15234E-01,4.88281E-02
-7.2053520E-02,6.34766E-01,9.76562E-03
-7.2035040E-02,6.34766E-01,-9.76562E-03
-7.2016560E-02,6.15234E-01,4.88281E-02
-7.1998080E-02,6.54297E-01,4.88281E-02
-7.1979600E-02,6.54297E-01,9.76562E-03
-7.1961120E-02,6.15234E-01,4.88281E-02
-7.1942640E-02,6.34766E-01,4.88281E-02
-7.1924160E-02,6.73828E-01,4.88281E-02
-7.1905680E-02,5.76172E-01,6.83594E-02
-7.1887200E-02,6.15234E-01,9.76562E-03
-7.1868720E-02,6.54297E-01,4.88281E-02
-7.1850240E-02,6.34766E-01,6.83594E-02
-7.1831760E-02,6.15234E-01,9.76562E-03
-7.1813280E-02,6.54297E-01,2.92969E-02
-7.1794800E-02,6.34766E-01,1.46484E-01
-7.1776320E-02,6.15234E-01,6.83594E-02
-7.1757840E-02,5.95703E-01,4.88281E-02
-7.1739360E-02,6.15234E-01,9.76562E-03
-7.1720880E-02,6.73828E-01,4.88281E-02
-7.1702400E-02,6.93359E-01,9.76562E-03
-7.1683920E-02,6.15234E-01,4.88281E-02
-7.1665440E-02,6.15234E-01,2.92969E-02
-7.1646960E-02,6.34766E-01,8.78906E-02
-7.1628480E-02,6.34766E-01,4.88281E-02
-7.1610000E-02,6.93359E-01,9.76562E-03
-7.1591520E-02,6.54297E-01,-9.76562E-03
-7.1573040E-02,6.34766E-01,9.76562E-03
-7.1554560E-02,6.34766E-01,9.76562E-03
-7.1536080E-02,6.15234E-01,4.88281E-02
-7.1517600E-02,6.34766E-01,2.92969E-02
-7.1499120E-02,6.73828E-01,8.78906E-02
-7.1480640E-02,6.34766E-01,-2.92969E-02
-7.1462160E-02,6.54297E-01,2.92969E-02
-7.1443680E-02,5.95703E-01,-4.88281E-02
-7.1425200E-02,7.12891E-01,2.92969E-02
-7.1406720E-02,6.15234E-01,9.76562E-03
-7.1388240E-02,6.34766E-01,4.88281E-02
-7.1369760E-02,6.15234E-01,9.76562E-03
-7.1351280E-02,5.76172E-01,2.92969E-02
-7.1332800E-02,6.15234E-01,9.76562E-03
-7.1314320E-02,5.37109E-01,2.92969E-02
-7.1295840E-02,5.76172E-01,4.88281E-02
-7.1277360E-02,6.34766E-01,6.83594E-02
-7.1258880E-02,6.34766E-01,4.88281E-02
-7.1240400E-02,6.15234E-01,4.88281E-02
-7.1221920E-02,6.34766E-01,2.92969E-02
-7.1203440E-02,6.54297E-01,6.83594E-02
-7.1184960E-02,6.54297E-01,-9.76562E-03
-7.1166480E-02,6.15234E-01,4.88281E-02
-7.1148000E-02,5.95703E-01,2.92969E-02
-7.1129520E-02,6.73828E-01,6.83594E-02
-7.1111040E-02,6.15234E-01,9.76562E-03
-7.1092560E-02,6.34766E-01,4.88281E-02
-7.1074080E-02,6.54297E-01,2.92969E-02
-7.1055600E-02,6.73828E-01,4.88281E-02
-7.1037120E-02,6.54297E-01,2.92969E-02
-7.1018640E-02,6.93359E-01,6.83594E-02
-7.1000160E-02,6.15234E-01,6.83594E-02
-7.0981680E-02,6.93359E-01,4.88281E-02
-7.0963200E-02,6.93359E-01,2.92969E-02
-7.0944720E-02,6.34766E-01,6.83594E-02
-7.0926240E-02,5.95703E-01,9.76562E-03
-7.0907760E-02,6.93359E-01,2.92969E-02
-7.0889280E-02,5.95703E-01,4.88281E-02
-7.0870800E-02,6.54297E-01,9.76562E-03
-7.0852320E-02,6.73828E-01,2.92969E-02
-7.0833840E-02,6.15234E-01,9.76562E-03
-7.0815360E-02,6.54297E-01,9.76562E-03
-7.0796880E-02,6.15234E-01,9.76562E-03
-7.0778400E-02,5.76172E-01,-9.76562E-03
-7.0759920E-02,6.15234E-01,2.92969E-02
-7.0741440E-02,6.73828E-01,2.92969E-02
-7.0722960E-02,6.54297E-01,4.88281E-02
-7.0704480E-02,5.95703E-01,2.92969E-02
-7.0686000E-02,6.15234E-01,6.83594E-02
-7.0667520E-02,6.73828E-01,9.76562E-03
-7.0649040E-02,6.73828E-01,4.88281E-02
-7.0630560E-02,6.54297E-01,9.76562E-03
-7.0612080E-02,6.54297E-01,6.83594E-02
-7.0593600E-02,6.15234E-01,4.88281E-02
-7.0575120E-02,6.15234E-01,6.83594E-02
-7.0556640E-02,5.95703E-01,2.92969E-02
-7.0538160E-02,6.73828E-01,9.76562E-03
-7.0519680E-02,6.93359E-01,-9.76562E-03
-7.0501200E-02,6.15234E-01,2.92969E-02
-7.0482720E-02,6.54297E-01,-9.76562E-03
-7.0464240E-02,6.93359E-01,9.76562E-03
-7.0445760E-02,6.54297E-01,9.76562E-03
-7.0427280E-02,6.34766E-01,-9.76562E-03
-7.0408800E-02,6.34766E-01,-2.92969E-02
-7.0390320E-02,6.15234E-01,9.76562E-03
-7.0371840E-02,6.34766E-01,9.76562E-03
-7.0353360E-02,5.95703E-01,9.76562E-03
-7.0334880E-02,6.15234E-01,2.92969E-02
-7.0316400E-02,6.34766E-01,9.76562E-03
-7.0297920E-02,6.15234E-01,4.88281E-02
-7.0279440E-02,6.34766E-01,2.92969E-02
-7.0260960E-02,6.54297E-01,4.88281E-02
-7.0242480E-02,6.54297E-01,2.92969E-02
-7.0224000E-02,6.73828E-01,9.76562E-03
-7.0205520E-02,6.54297E-01,4.88281E-02
-7.0187040E-02,6.73828E-01,2.92969E-02
-7.0168560E-02,7.12891E-01,9.76562E-03
-7.0150080E-02,5.37109E-01,-2.92969E-02
-7.0131600E-02,6.54297E-01,6.83594E-02
-7.0113120E-02,6.15234E-01,4.88281E-02
-7.0094640E-02,6.34766E-01,9.76562E-03
-7.0076160E-02,6.34766E-01,-6.83594E-02
-7.0057680E-02,6.54297E-01,4.88281E-02
-7.0039200E-02,5.76172E-01,2.92969E-02
-7.0020720E-02,5.95703E-01,2.92969E-02
-7.0002240E-02,7.12891E-01,-9.76562E-03
-6.9983760E-02,6.73828E-01,9.76562E-03
-6.9965280E-02,6.73828E-01,-2.92969E-02
-6.9946800E-02,6.34766E-01,9.76562E-03
-6.9928320E-02,7.12891E-01,2.92969E-02
-6.9909840E-02,6.34766E-01,1.07422E-01
-6.9891360E-02,6.54297E-01,9.76562E-03
-6.9872880E-02,6.54297E-01,2.92969E-02
-6.9854400E-02,5.76172E-01,-9.76562E-03
-6.9835920E-02,7.12891E-01,9.76562E-03
-6.9817440E-02,5.95703E-01,4.88281E-02
-6.9798960E-02,6.93359E-01,9.76562E-03
-6.9780480E-02,6.54297E-01,-9.76562E-03
-6.9762000E-02,5.95703E-01,4.88281E-02
-6.9743520E-02,5.95703E-01,6.83594E-02
-6.9725040E-02,6.73828E-01,2.92969E-02
-6.9706560E-02,6.15234E-01,4.88281E-02
-6.9688080E-02,6.54297E-01,4.88281E-02
-6.9669600E-02,7.12891E-01,2.92969E-02
-6.9651120E-02,6.34766E-01,4.88281E-02
-6.9632640E-02,5.76172E-01,4.88281E-02
-6.9614160E-02,6.34766E-01,9.76562E-03
-6.9595680E-02,6.34766E-01,4.88281E-02
-6.9577200E-02,6.73828E-01,-4.88281E-02
-6.9558720E-02,6.34766E-01,4.88281E-02
-6.9540240E-02,5.95703E-01,4.88281E-02
-6.9521760E-02,6.54297E-01,-2.92969E-02
-6.9503280E-02,6.93359E-01,6.83594E-02
-6.9484800E-02,5.95703E-01,2.92969E-02
-6.9466320E-02,7.12891E-01,6.83594E-02
-6.9447840E-02,6.34766E-01,9.76562E-03
-6.9429360E-02,6.34766E-01,1.07422E-01
-6.9410880E-02,5.95703E-01,-2.92969E-02
-6.9392400E-02,6.93359E-01,2.92969E-02
-6.9373920E-02,6.34766E-01,4.88281E-02
-6.9355440E-02,5.95703E-01,2.92969E-02
-6.9336960E-02,6.34766E-01,4.88281E-02
-6.9318480E-02,6.54297E-01,6.83594E-02
-6.9300000E-02,6.54297E-01,2.92969E-02
-6.9281520E-02,6.54297E-01,4.88281E-02
-6.9263040E-02,7.12891E-01,-9.76562E-03
-6.9244560E-02,5.95703E-01,2.92969E-02
-6.9226080E-02,6.54297E-01,2.92969E-02
-6.9207600E-02,5.95703E-01,6.83594E-02
-6.9189120E-02,5.76172E-01,9.76562E-03
-6.9170640E-02,5.76172E-01,-9.76562E-03
-6.9152160E-02,6.93359E-01,6.83594E-02
-6.9133680E-02,6.34766E-01,2.92969E-02
-6.9115200E-02,6.93359E-01,9.76562E-03
-6.9096720E-02,6.93359E-01,6.83594E-02
-6.9078240E-02,6.73828E-01,9.76562E-03
-6.9059760E-02,6.73828E-01,4.88281E-02
-6.9041280E-02,6.73828E-01,2.92969E-02
-6.9022800E-02,6.34766E-01,9.76562E-03
-6.9004320E-02,6.93359E-01,9.76562E-03
-6.8985840E-02,6.34766E-01,6.83594E-02
-6.8967360E-02,6.73828E-01,4.88281E-02
-6.8948880E-02,6.54297E-01,4.88281E-02
-6.8930400E-02,6.34766E-01,-6.83594E-02
-6.8911920E-02,6.93359E-01,4.88281E-02
-6.8893440E-02,6.73828E-01,9.76562E-03
-6.8874960E-02,7.32422E-01,9.76562E-03
-6.8856480E-02,6.34766E-01,2.92969E-02
-6.8838000E-02,6.54297E-01,9.76562E-03
-6.8819520E-02,6.15234E-01,-9.76562E-03
-6.8801040E-02,6.93359E-01,6.83594E-02
-6.8782560E-02,6.54297E-01,-2.92969E-02
-6.8764080E-02,6.54297E-01,6.83594E-02
-6.8745600E-02,6.34766E-01,2.92969E-02
-6.8727120E-02,6.34766E-01,2.92969E-02
-6.8708640E-02,6.54297E-01,-9.76562E-03
-6.8690160E-02,6.15234E-01,9.76562E-03
-6.8671680E-02,6.34766E-01,2.92969E-02
-6.8653200E-02,5.76172E-01,2.92969E-02
-6.8634720E-02,6.34766E-01,9.76562E-03
-6.8616240E-02,6.34766E-01,6.83594E-02
-6.8597760E-02,5.95703E-01,4.88281E-02
-6.8579280E-02,6.34766E-01,9.76562E-03
-6.8560800E-02,6.34766E-01,2.92969E-02
-6.8542320E-02,6.34766E-01,6.83594E-02
-6.8523840E-02,6.54297E-01,2.92969E-02
-6.8505360E-02,6.34766E-01,9.76562E-03
-6.8486880E-02,6.73828E-01,2.92969E-02
-6.8468400E-02,5.95703E-01,2.92969E-02
-6.8449920E-02,6.54297E-01,9.76562E-03
-6.8431440E-02,6.54297E-01,9.76562E-03
-6.8412960E-02,6.54297E-01,-9.76562E-03
-6.8394480E-02,6.34766E-01,9.76562E-03
-6.8376000E-02,6.54297E-01,6.83594E-02
-6.8357520E-02,6.34766E-01,2.92969E-02
-6.8339040E-02,6.54297E-01,9.76562E-03
-6.8320560E-02,6.73828E-01,6.83594E-02
-6.8302080E-02,6.93359E-01,2.92969E-02
-6.8283600E-02,5.95703E-01,9.76562E-03
-6.8265120E-02,6.54297E-01,9.76562E-03
-6.8246640E-02,6.34766E-01,4.88281E-02
-6.8228160E-02,6.54297E-01,6.83594E-02
-6.8209680E-02,6.34766E-01,4.88281E-02
-6.8191200E-02,6.54297E-01,6.83594E-02
-6.8172720E-02,5.76172E-01,1.07422E-01
-6.8154240E-02,6.34766E-01,4.88281E-02
-6.8135760E-02,6.34766E-01,1.07422E-01
-6.8117280E-02,6.15234E-01,9.76562E-03
-6.8098800E-02,6.34766E-01,8.78906E-02
-6.8080320E-02,5.95703E-01,2.92969E-02
-6.8061840E-02,6.34766E-01,9.76562E-03
-6.8043360E-02,6.34766E-01,4.88281E-02
-6.8024880E-02,6.34766E-01,2.92969E-02
-6.8006400E-02,6.54297E-01,-9.76562E-03
-6.7987920E-02,6.73828E-01,2.92969E-02
-6.7969440E-02,6.34766E-01,2.92969E-02
-6.7950960E-02,6.73828E-01,9.76562E-03
-6.7932480E-02,6.34766E-01,4.88281E-02
-6.7914000E-02,6.15234E-01,9.76562E-03
-6.7895520E-02,5.76172E-01,4.88281E-02
-6.7877040E-02,7.71484E-01,9.76562E-03
-6.7858560E-02,6.34766E-01,2.92969E-02
-6.7840080E-02,6.34766E-01,4.88281E-02
-6.7821600E-02,6.54297E-01,9.76562E-03
-6.7803120E-02,6.54297E-01,9.76562E-03
-6.7784640E-02,6.93359E-01,9.76562E-03
-6.7766160E-02,6.54297E-01,6.83594E-02
-6.7747680E-02,6.54297E-01,-9.76562E-03
-6.7729200E-02,6.15234E-01,6.83594E-02
-6.7710720E-02,6.93359E-01,4.88281E-02
-6.7692240E-02,5.76172E-01,2.92969E-02
-6.7673760E-02,6.73828E-01,9.76562E-03
-6.7655280E-02,5.95703E-01,6.83594E-02
-6.7636800E-02,6.54297E-01,-9.76562E-03
-6.7618320E-02,6.34766E-01,6.83594E-02
-6.7599840E-02,6.34766E-01,4.88281E-02
-6.7581360E-02,6.54297E-01,9.76562E-03
-6.7562880E-02,6.15234E-01,4.88281E-02
-6.7544400E-02,6.73828E-01,6.83594E-02
-6.7525920E-02,6.34766E-01,6.83594E-02
-6.7507440E-02,6.73828E-01,1.26953E-01
-6.7488960E-02,6.54297E-01,2.92969E-02
-6.7470480E-02,6.54297E-01,6.83594E-02
-6.7452000E-02,6.73828E-01,2.92969E-02
-6.7433520E-02,6.34766E-01,2.92969E-02
-6.7415040E-02,6.34766E-01,9.76562E-03
-6.7396560E-02,5.95703E-01,4.88281E-02
-6.7378080E-02,6.93359E-01,9.76562E-03
-6.7359600E-02,6.34766E-01,-9.76562E-03
-6.7341120E-02,6.93359E-01,-2.92969E-02
-6.7322640E-02,6.15234E-01,4.88281E-02
-6.7304160E-02,6.73828E-01,-9.76562E-03
-6.7285680E-02,6.15234E-01,6.83594E-02
-6.7267200E-02,6.73828E-01,9.76562E-03
-6.7248720E-02,6.15234E-01,1.26953E-01
-6.7230240E-02,6.73828E-01,9.76562E-03
-6.7211760E-02,6.54297E-01,8.78906E-02
-6.7193280E-02,6.15234E-01,2.92969E-02
-6.7174800E-02,6.93359E-01,4.88281E-02
-6.7156320E-02,6.15234E-01,-9.76562E-03
-6.7137840E-02,7.12891E-01,2.92969E-02
-6.7119360E-02,6.54297E-01,4.88281E-02
-6.7100880E-02,6.15234E-01,2.92969E-02
-6.7082400E-02,6.93359E-01,8.78906E-02
-6.7063920E-02,6.73828E-01,6.83594E-02
-6.7045440E-02,6.54297E-01,1.26953E-01
-6.7026960E-02,6.54297E-01,8.78906E-02
-6.7008480E-02,6.73828E-01,9.76562E-03
-6.6990000E-02,7.12891E-01,2.92969E-02
-6.6971520E-02,6.73828E-01,9.76562E-03
-6.6953040E-02,6.54297E-01,2.92969E-02
-6.6934560E-02,7.32422E-01,9.76562E-03
-6.6916080E-02,6.73828E-01,4.88281E-02
-6.6897600E-02,6.34766E-01,2.92969E-02
-6.6879120E-02,5.95703E-01,2.92969E-02
-6.6860640E-02,5.95703E-01,6.83594E-02
-6.6842160E-02,6.73828E-01,9.76562E-03
-6.6823680E-02,6.54297E-01,-9.76562E-03
-6.6805200E-02,6.15234E-01,2.92969E-02
-6.6786720E-02,6.15234E-01,9.76562E-03
-6.6768240E-02,6.54297E-01,9.76562E-03
-6.6749760E-02,6.73828E-01,9.76562E-03
-6.6731280E-02,6.34766E-01,4.88281E-02
-6.6712800E-02,6.93359E-01,6.83594E-02
-6.6694320E-02,6.15234E-01,6.83594E-02
-6.6675840E-02,6.73828E-01,9.76562E-03
-6.6657360E-02,5.95703E-01,2.92969E-02
-6.6638880E-02,6.34766E-01,9.76562E-03
-6.6620400E-02,6.93359E-01,-6.83594E-02
-6.6601920E-02,6.93359E-01,9.76562E-03
-6.6583440E-02,6.93359E-01,4.88281E-02
-6.6564960E-02,6.54297E-01,9.76562E-03
-6.6546480E-02,7.91016E-01,2.92969E-02
-6.6528000E-02,5.76172E-01,4.88281E-02
-6.6509520E-02,6.73828E-01,4.88281E-02
-6.6491040E-02,6.54297E-01,4.88281E-02
-6.6472560E-02,6.54297E-01,4.88281E-02
-6.6454080E-02,6.15234E-01,-9.76562E-03
-6.6435600E-02,6.34766E-01,-2.92969E-02
-6.6417120E-02,6.73828E-01,9.76562E-03
-6.6398640E-02,6.34766E-01,1.46484E-01
-6.6380160E-02,5.95703E-01,9.76562E-03
-6.6361680E-02,6.54297E-01,2.92969E-02
-6.6343200E-02,6.15234E-01,-9.76562E-03
-6.6324720E-02,6.54297E-01,2.92969E-02
-6.6306240E-02,6.73828E-01,2.92969E-02
-6.6287760E-02,6.73828E-01,4.88281E-02
-6.6269280E-02,5.95703E-01,2.92969E-02
-6.6250800E-02,6.93359E-01,4.88281E-02
-6.6232320E-02,7.12891E-01,9.76562E-03
-6.6213840E-02,6.15234E-01,9.76562E-03
-6.6195360E-02,7.12891E-01,9.76562E-03
-6.6176880E-02,6.34766E-01,2.92969E-02
-6.6158400E-02,6.73828E-01,9.76562E-03
-6.6139920E-02,6.93359E-01,2.92969E-02
-6.6121440E-02,6.15234E-01,-9.76562E-03
-6.6102960E-02,7.51953E-01,2.92969E-02
-6.6084480E-02,6.15234E-01,-2.92969E-02
-6.6066000E-02,6.73828E-01,2.92969E-02
-6.6047520E-02,6.54297E-01,4.88281E-02
-6.6029040E-02,6.34766E-01,4.88281E-02
-6.6010560E-02,6.54297E-01,4.88281E-02
-6.5992080E-02,6.73828E-01,6.83594E-02
-6.5973600E-02,6.15234E-01,9.76562E-03
-6.5955120E-02,6.54297E-01,9.76562E-03
-6.5936640E-02,6.93359E-01,9.76562E-03
-6.5918160E-02,5.95703E-01,9.76562E-03
-6.5899680E-02,6.54297E-01,-4.88281E-02
-6.5881200E-02,6.54297E-01,8.78906E-02
-6.5862720E-02,6.54297E-01,2.92969E-02
-6.5844240E-02,6.93359E-01,9.76562E-03
-6.5825760E-02,6.34766E-01,9.76562E-03
-6.5807280E-02,6.54297E-01,2.92969E-02
-6.5788800E-02,6.54297E-01,-2.92969E-02
-6.5770320E-02,6.54297E-01,2.92969E-02
-6.5751840E-02,7.12891E-01,9.76562E-03
-6.5733360E-02,6.93359E-01,2.92969E-02
-6.5714880E-02,6.54297E-01,9.76562E-03
-6.5696400E-02,6.54297E-01,6.83594E-02
-6.5677920E-02,6.15234E-01,-9.76562E-03
-6.5659440E-02,6.73828E-01,6.83594E-02
-6.5640960E-02,6.54297E-01,2.92969E-02
-6.5622480E-02,6.73828E-01,-2.92969E-02
-6.5604000E-02,6.93359E-01,4.88281E-02
-6.5585520E-02,6.15234E-01,9.76562E-03
-6.5567040E-02,6.15234E-01,-9.76562E-03
-6.5548560E-02,6.93359E-01,6.83594E-02
-6.5530080E-02,6.34766E-01,9.76562E-03
-6.5511600E-02,6.15234E-01,6.83594E-02
-6.5493120E-02,6.73828E-01,-4.88281E-02
-6.5474640E-02,6.54297E-01,9.76562E-03
-6.5456160E-02,7.12891E-01,-9.76562E-03
-6.5437680E-02,6.15234E-01,8.78906E-02
-6.5419200E-02,6.73828E-01,9.76562E-03
-6.5400720E-02,6.34766E-01,2.92969E-02
-6.5382240E-02,6.73828E-01,9.76562E-03
-6.5363760E-02,6.34766E-01,4.88281E-02
-6.5345280E-02,6.15234E-01,9.76562E-03
-6.5326800E-02,6.73828E-01,4.88281E-02
-6.5308320E-02,6.15234E-01,9.76562E-03
-6.5289840E-02,6.15234E-01,4.88281E-02
-6.5271360E-02,6.34766E-01,9.76562E-03
-6.5252880E-02,6.93359E-01,4.88281E-02
-6.5234400E-02,6.34766E-01,-9.76562E-03
-6.5215920E-02,5.76172E-01,4.88281E-02
-6.5197440E-02,6.54297E-01,4.88281E-02
-6.5178960E-02,6.54297E-01,-2.92969E-02
-6.5160480E-02,6.93359E-01,6.83594E-02
-6.5142000E-02,5.95703E-01,2.92969E-02
-6.5123520E-02,6.54297E-01,2.92969E-02
-6.5105040E-02,6.54297E-01,4.88281E-02
-6.5086560E-02,6.34766E-01,4.88281E-02
-6.5068080E-02,7.12891E-01,8.78906E-02
-6.5049600E-02,6.34766E-01,4.88281E-02
-6.5031120E-02,6.34766E-01,4.88281E-02
-6.5012640E-02,6.73828E-01,9.76562E-03
-6.4994160E-02,7.12891E-01,1.07422E-01
-6.4975680E-02,7.32422E-01,9.76562E-03
-6.4957200E-02,6.54297E-01,6.83594E-02
-6.4938720E-02,6.34766E-01,4.88281E-02
-6.4920240E-02,6.34766E-01,4.88281E-02
-6.4901760E-02,6.93359E-01,9.76562E-03
-6.4883280E-02,6.54297E-01,2.92969E-02
-6.4864800E-02,7.12891E-01,9.76562E-03
-6.4846320E-02,6.54297E-01,8.78906E-02
-6.4827840E-02,6.54297E-01,9.76562E-03
-6.4809360E-02,6.54297E-01,4.88281E-02
-6.4790880E-02,6.73828E-01,2.92969E-02
-6.4772400E-02,6.34766E-01,2.92969E-02
-6.4753920E-02,6.93359E-01,6.83594E-02
-6.4735440E-02,7.12891E-01,2.92969E-02
-6.4716960E-02,6.73828E-01,-9.76562E-03
-6.4698480E-02,6.34766E-01,-4.88281E-02
-6.4680000E-02,6.93359E-01,-6.83594E-02
-6.4661520E-02,6.73828E-01,8.78906E-02
-6.4643040E-02,6.93359E-01,4.88281E-02
-6.4624560E-02,6.54297E-01,4.88281E-02
-6.4606080E-02,6.73828E-01,-9.76562E-03
-6.4587600E-02,6.34766E-01,4.88281E-02
-6.4569120E-02,6.93359E-01,9.76562E-03
-6.4550640E-02,6.54297E-01,2.92969E-02
-6.4532160E-02,6.15234E-01,2.92969E-02
-6.4513680E-02,6.34766E-01,4.88281E-02
-6.4495200E-02,6.54297E-01,-2.92969E-02
-6.4476720E-02,6.34766E-01,8.78906E-02
-6.4458240E-02,6.34766E-01,-9.76562E-03
-6.4439760E-02,6.54297E-01,4.88281E-02
-6.4421280E-02,6.93359E-01,9.76562E-03
-6.4402800E-02,6.54297E-01,8.78906E-02
-6.4384320E-02,7.51953E-01,9.76562E-03
-6.4365840E-02,6.34766E-01,2.92969E-02
-6.4347360E-02,6.54297E-01,4.88281E-02
-6.4328880E-02,6.15234E-01,9.76562E-03
-6.4310400E-02,6.54297E-01,8.78906E-02
-6.4291920E-02,6.34766E-01,6.83594E-02
-6.4273440E-02,6.93359E-01,-2.92969E-02
-6.4254960E-02,6.54297E-01,4.88281E-02
-6.4236480E-02,6.93359E-01,-9.76562E-03
-6.4218000E-02,6.34766E-01,1.07422E-01
-6.4199520E-02,6.54297E-01,-9.76562E-03
-6.4181040E-02,6.54297E-01,2.92969E-02
-6.4162560E-02,6.54297E-01,4.88281E-02
-6.4144080E-02,6.15234E-01,1.07422E-01
-6.4125600E-02,6.54297E-01,6.83594E-02
-6.4107120E-02,6.34766E-01,4.88281E-02
-6.4088640E-02,7.12891E-01,4.88281E-02
-6.4070160E-02,5.76172E-01,4.88281E-02
-6.4051680E-02,7.32422E-01,9.76562E-03
-6.4033200E-02,6.54297E-01,9.76562E-03
-6.4014720E-02,6.73828E-01,-9.76562E-03
-6.3996240E-02,6.15234E-01,2.92969E-02
-6.3977760E-02,6.54297E-01,6.83594E-02
-6.3959280E-02,6.73828E-01,9.76562E-03
-6.3940800E-02,6.73828E-01,-4.88281E-02
-6.3922320E-02,6.34766E-01,4.88281E-02
-6.3903840E-02,7.32422E-01,2.92969E-02
-6.3885360E-02,6.15234E-01,4.88281E-02
-6.3866880E-02,6.54297E-01,6.83594E-02
-6.3848400E-02,6.15234E-01,6.83594E-02
-6.3829920E-02,6.34766E-01,-9.76562E-03
-6.3811440E-02,6.34766E-01,2.92969E-02
-6.3792960E-02,6.93359E-01,9.76562E-03
-6.3774480E-02,6.34766E-01,2.92969E-02
-6.3756000E-02,6.34766E-01,6.83594E-02
-6.3737520E-02,6.93359E-01,1.26953E-01
-6.3719040E-02,6.54297E-01,2.92969E-02
-6.3700560E-02,7.32422E-01,2.92969E-02
-6.3682080E-02,6.73828E-01,-9.76562E-03
-6.3663600E-02,6.15234E-01,2.92969E-02
-6.3645120E-02,6.73828E-01,2.92969E-02
-6.3626640E-02,7.51953E-01,6.83594E-02
-6.3608160E-02,5.95703E-01,4.88281E-02
-6.3589680E-02,6.34766E-01,2.92969E-02
-6.3571200E-02,6.73828E-01,9.76562E-03
-6.3552720E-02,6.73828E-01,9.76562E-03
-6.3534240E-02,6.34766E-01,2.92969E-02
-6.3515760E-02,6.93359E-01,1.26953E-01
-6.3497280E-02,6.34766E-01,2.92969E-02
-6.3478800E-02,6.73828E-01,2.92969E-02
-6.3460320E-02,6.93359E-01,9.76562E-03
-6.3441840E-02,6.54297E-01,6.83594E-02
-6.3423360E-02,6.34766E-01,6.83594E-02
-6.3404880E-02,6.34766E-01,4.88281E-02
-6.3386400E-02,7.12891E-01,9.76562E-03
-6.3367920E-02,6.54297E-01,4.88281E-02
-6.3349440E-02,6.34766E-01,-6.83594E-02
-6.3330960E-02,6.54297E-01,4.88281E-02
-6.3312480E-02,6.93359E-01,4.88281E-02
-6.3294000E-02,6.54297E-01,2.92969E-02
-6.3275520E-02,6.34766E-01,-4.88281E-02
-6.3257040E-02,6.34766E-01,6.83594E-02
-6.3238560E-02,6.54297E-01,4.88281E-02
-6.3220080E-02,6.34766E-01,8.78906E-02
-6.3201600E-02,6.54297E-01,2.92969E-02
-6.3183120E-02,6.15234E-01,9.76562E-03
-6.3164640E-02,5.95703E-01,4.88281E-02
-6.3146160E-02,6.54297E-01,4.88281E-02
-6.3127680E-02,6.73828E-01,4.88281E-02
-6.3109200E-02,5.95703E-01,9.76562E-03
-6.3090720E-02,6.93359E-01,-9.76562E-03
-6.3072240E-02,6.54297E-01,4.88281E-02
-6.3053760E-02,7.12891E-01,2.92969E-02
-6.3035280E-02,6.34766E-01,9.76562E-03
-6.3016800E-02,6.54297E-01,2.92969E-02
-6.2998320E-02,7.32422E-01,6.83594E-02
-6.2979840E-02,6.73828E-01,4.88281E-02
-6.2961360E-02,6.34766E-01,9.76562E-03
-6.2942880E-02,6.93359E-01,1.07422E-01
-6.2924400E-02,6.34766E-01,6.83594E-02
-6.2905920E-02,6.34766E-01,9.76562E-03
-6.2887440E-02,6.15234E-01,4.88281E-02
-6.2868960E-02,6.54297E-01,4.88281E-02
-6.2850480E-02,7.51953E-01,9.76562E-03
-6.2832000E-02,6.73828E-01,-2.92969E-02
-6.2813520E-02,6.34766E-01,2.92969E-02
-6.2795040E-02,6.54297E-01,-9.76562E-03
-6.2776560E-02,6.54297E-01,9.76562E-03
-6.2758080E-02,6.93359E-01,-9.76562E-03
-6.2739600E-02,7.12891E-01,6.83594E-02
-6.2721120E-02,6.73828E-01,9.76562E-03
-6.2702640E-02,6.34766E-01,4.88281E-02
-6.2684160E-02,6.34766E-01,9.76562E-03
-6.2665680E-02,6.34766E-01,2.92969E-02
-6.2647200E-02,6.73828E-01,9.76562E-03
-6.2628720E-02,6.73828E-01,2.92969E-02
-6.2610240E-02,6.73828E-01,9.76562E-03
-6.2591760E-02,7.51953E-01,4.88281E-02
-6.2573280E-02,5.95703E-01,2.92969E-02
-6.2554800E-02,5.76172E-01,2.92969E-02
-6.2536320E-02,6.73828E-01,9.76562E-03
-6.2517840E-02,7.51953E-01,9.76562E-03
-6.2499360E-02,6.93359E-01,-9.76562E-03
-6.2480880E-02,6.73828E-01,4.88281E-02
-6.2462400E-02,6.34766E-01,-2.92969E-02
-6.2443920E-02,7.32422E-01,8.78906E-02
-6.2425440E-02,7.12891E-01,9.76562E-03
-6.2406960E-02,6.15234E-01,4.88281E-02
-6.2388480E-02,6.54297E-01,4.88281E-02
-6.2370000E-02,6.93359E-01,2.92969E-02
-6.2351520E-02,6.73828E-01,1.07422E-01
-6.2333040E-02,6.54297E-01,2.92969E-02
-6.2314560E-02,6.54297E-01,-9.76562E-03
-6.2296080E-02,6.34766E-01,-2.92969E-02
-6.2277600E-02,6.73828E-01,2.92969E-02
-6.2259120E-02,6.34766E-01,8.78906E-02
-6.2240640E-02,6.73828E-01,6.83594E-02
-6.2222160E-02,7.32422E-01,9.76562E-03
-6.2203680E-02,7.12891E-01,4.88281E-02
-6.2185200E-02,6.54297E-01,9.76562E-03
-6.2166720E-02,6.54297E-01,9.76562E-03
-6.2148240E-02,6.34766E-01,6.83594E-02
-6.2129760E-02,7.12891E-01,4.88281E-02
-6.2111280E-02,6.34766E-01,4.88281E-02
-6.2092800E-02,6.15234E-01,-2.92969E-02
-6.2074320E-02,6.73828E-01,9.76562E-03
-6.2055840E-02,6.93359E-01,2.92969E-02
-6.2037360E-02,6.54297E-01,-2.92969E-02
-6.2018880E-02,6.73828E-01,4.88281E-02
-6.2000400E-02,6.15234E-01,2.92969E-02
-6.1981920E-02,6.54297E-01,9.76562E-03
-6.1963440E-02,6.15234E-01,4.88281E-02
-6.1944960E-02,6.34766E-01,9.76562E-03
-6.1926480E-02,6.54297E-01,4.88281E-02
-6.1908000E-02,6.73828E-01,-9.76562E-03
-6.1889520E-02,6.73828E-01,6.83594E-02
-6.1871040E-02,6.73828E-01,2.92969E-02
-6.1852560E-02,6.73828E-01,4.88281E-02
-6.1834080E-02,6.93359E-01,2.92969E-02
-6.1815600E-02,6.34766E-01,6.83594E-02
-6.1797120E-02,6.54297E-01,9.76562E-03
-6.1778640E-02,6.54297E-01,2.92969E-02
-6.1760160E-02,6.73828E-01,2.92969E-02
-6.1741680E-02,6.93359E-01,4.88281E-02
-6.1723200E-02,6.93359E-01,2.92969E-02
-6.1704720E-02,6.54297E-01,4.88281E-02
-6.1686240E-02,7.12891E-01,2.92969E-02
-6.1667760E-02,6.73828E-01,2.92969E-02
-6.1649280E-02,6.73828E-01,2.92969E-02
-6.1630800E-02,7.12891E-01,2.92969E-02
-6.1612320E-02,6.54297E-01,-4.88281E-02
-6.1593840E-02,6.34766E-01,-4.88281E-02
-6.1575360E-02,6.73828E-01,-4.88281E-02
-6.1556880E-02,6.15234E-01,-9.76562E-03
-6.1538400E-02,6.73828E-01,4.88281E-02
-6.1519920E-02,7.32422E-01,2.92969E-02
-6.1501440E-02,6.93359E-01,9.76562E-03
-6.1482960E-02,6.34766E-01,6.83594E-02
-6.1464480E-02,6.73828E-01,-9.76562E-03
-6.1446000E-02,6.34766E-01,4.88281E-02
-6.1427520E-02,6.93359E-01,6.83594E-02
-6.1409040E-02,6.54297E-01,4.88281E-02
-6.1390560E-02,6.73828E-01,2.92969E-02
-6.1372080E-02,6.93359E-01,4.88281E-02
-6.1353600E-02,6.93359E-01,2.92969E-02
-6.1335120E-02,5.95703E-01,6.83594E-02
-6.1316640E-02,6.73828E-01,2.92969E-02
-6.1298160E-02,6.73828E-01,6.83594E-02
-6.1279680E-02,6.73828E-01,9.76562E-03
-6.1261200E-02,5.76172E-01,4.88281E-02
-6.1242720E-02,6.73828E-01,4.88281E-02
-6.1224240E-02,6.15234E-01,6.83594E-02
-6.1205760E-02,6.93359E-01,4.88281E-02
-6.1187280E-02,7.12891E-01,6.83594E-02
-6.1168800E-02,6.93359E-01,9.76562E-03
-6.1150320E-02,7.12891E-01,4.88281E-02
-6.1131840E-02,6.73828E-01,-4.88281E-02
-6.1113360E-02,7.12891E-01,6.83594E-02
-6.1094880E-02,6.73828E-01,2.92969E-02
-6.1076400E-02,6.34766E-01,4.88281E-02
-6.1057920E-02,6.93359E-01,9.76562E-03
-6.1039440E-02,6.54297E-01,4.88281E-02
-6.1020960E-02,7.12891E-01,4.88281E-02
-6.1002480E-02,6.93359E-01,2.92969E-02
-6.0984000E-02,6.15234E-01,9.76562E-03
-6.0965520E-02,7.51953E-01,4.88281E-02
-6.0947040E-02,6.93359E-01,2.92969E-02
-6.0928560E-02,6.93359E-01,1.07422E-01
-6.0910080E-02,6.73828E-01,-9.76562E-03
-6.0891600E-02,7.32422E-01,4.88281E-02
-6.0873120E-02,6.54297E-01,4.88281E-02
-6.0854640E-02,7.12891E-01,4.88281E-02
-6.0836160E-02,7.71484E-01,4.88281E-02
-6.0817680E-02,6.73828E-01,4.88281E-02
-6.0799200E-02,6.54297E-01,9.76562E-03
-6.0780720E-02,6.93359E-01,8.78906E-02
-6.0762240E-02,6.15234E-01,-9.76562E-03
-6.0743760E-02,6.73828E-01,9.76562E-03
-6.0725280E-02,7.12891E-01,4.88281E-02
-6.0706800E-02,7.12891E-01,2.92969E-02
-6.0688320E-02,6.73828E-01,-9.76562E-03
-6.0669840E-02,6.73828E-01,2.92969E-02
-6.0651360E-02,6.73828E-01,4.88281E-02
-6.0632880E-02,6.93359E-01,4.88281E-02
-6.0614400E-02,6.93359E-01,6.83594E-02
-6.0595920E-02,6.73828E-01,9.76562E-03
-6.0577440E-02,7.12891E-01,9.76562E-03
-6.0558960E-02,6.15234E-01,8.78906E-02
-6.0540480E-02,7.12891E-01,9.76562E-03
-6.0522000E-02,6.34766E-01,4.88281E-02
-6.0503520E-02,6.34766E-01,9.76562E-03
-6.0485040E-02,6.93359E-01,8.78906E-02
-6.0466560E-02,6.93359E-01,9.76562E-03
-6.0448080E-02,6.34766E-01,4.88281E-02
-6.0429600E-02,6.73828E-01,2.92969E-02
-6.0411120E-02,6.73828E-01,6.83594E-02
-6.0392640E-02,6.93359E-01,-4.88281E-02
-6.0374160E-02,6.93359E-01,6.83594E-02
-6.0355680E-02,6.73828E-01,2.92969E-02
-6.0337200E-02,6.54297E-01,4.88281E-02
-6.0318720E-02,6.73828E-01,-4.88281E-02
-6.0300240E-02,6.54297E-01,2.92969E-02
-6.0281760E-02,6.93359E-01,-9.76562E-03
-6.0263280E-02,6.73828E-01,4.88281E-02
-6.0244800E-02,6.54297E-01,4.88281E-02
-6.0226320E-02,6.34766E-01,9.76562E-03
-6.0207840E-02,6.93359E-01,2.92969E-02
-6.0189360E-02,6.93359E-01,8.78906E-02
-6.0170880E-02,7.51953E-01,2.92969E-02
-6.0152400E-02,6.73828E-01,4.88281E-02
-6.0133920E-02,6.54297E-01,9.76562E-03
-6.0115440E-02,6.54297E-01,-9.76562E-03
-6.0096960E-02,6.93359E-01,-2.92969E-02
-6.0078480E-02,6.15234E-01,6.83594E-02
-6.0060000E-02,6.54297E-01,-4.88281E-02
-6.0041520E-02,6.34766E-01,4.88281E-02
-6.0023040E-02,6.54297E-01,4.88281E-02
-6.0004560E-02,6.93359E-01,6.83594E-02
-5.9986080E-02,6.73828E-01,-9.76562E-03
-5.9967600E-02,6.54297E-01,2.92969E-02
-5.9949120E-02,6.73828E-01,-2.92969E-02
-5.9930640E-02,6.93359E-01,4.88281E-02
-5.9912160E-02,6.73828E-01,6.83594E-02
-5.9893680E-02,7.12891E-01,4.88281E-02
-5.9875200E-02,6.73828E-01,9.76562E-03
-5.9856720E-02,6.34766E-01,6.83594E-02
-5.9838240E-02,6.93359E-01,4.88281E-02
-5.9819760E-02,7.12891E-01,2.92969E-02
-5.9801280E-02,6.54297E-01,9.76562E-03
-5.9782800E-02,6.15234E-01,6.83594E-02
-5.9764320E-02,6.34766E-01,4.88281E-02
-5.9745840E-02,6.34766E-01,9.76562E-03
-5.9727360E-02,5.95703E-01,2.92969E-02
-5.9708880E-02,6.93359E-01,6.83594E-02
-5.9690400E-02,6.54297E-01,4.88281E-02
-5.9671920E-02,6.34766E-01,4.88281E-02
-5.9653440E-02,6.54297E-01,6.83594E-02
-5.9634960E-02,7.12891E-01,4.88281E-02
-5.9616480E-02,6.93359E-01,9.76562E-03
-5.9598000E-02,6.73828E-01,2.92969E-02
-5.9579520E-02,6.93359E-01,1.07422E-01
-5.9561040E-02,6.34766E-01,6.83594E-02
-5.9542560E-02,5.95703E-01,4.88281E-02
-5.9524080E-02,7.12891E-01,2.92969E-02
-5.9505600E-02,6.34766E-01,9.76562E-03
-5.9487120E-02,6.93359E-01,9.76562E-03
-5.9468640E-02,6.93359E-01,2.92969E-02
-5.9450160E-02,5.76172E-01,6.83594E-02
-5.9431680E-02,6.93359E-01,4.88281E-02
-5.9413200E-02,7.12891E-01,2.92969E-02
-5.9394720E-02,6.73828E-01,2.92969E-02
-5.9376240E-02,6.93359E-01,9.76562E-03
-5.9357760E-02,6.54297E-01,-9.76562E-03
-5.9339280E-02,6.93359E-01,2.92969E-02
-5.9320800E-02,6.93359E-01,4.88281E-02
-5.9302320E-02,6.93359E-01,2.92969E-02
-5.9283840E-02,6.34766E-01,4.88281E-02
-5.9265360E-02,6.34766E-01,2.92969E-02
-5.9246880E-02,6.34766E-01,9.76562E-03
-5.9228400E-02,6.34766E-01,9.76562E-03
-5.9209920E-02,6.93359E-01,9.76562E-03
-5.9191440E-02,6.73828E-01,4.88281E-02
-5.9172960E-02,7.51953E-01,2.92969E-02
-5.9154480E-02,6.93359E-01,-9.76562E-03
-5.9136000E-02,6.93359E-01,9.76562E-03
-5.9117520E-02,6.73828E-01,8.78906E-02
-5.9099040E-02,6.34766E-01,9.76562E-03
-5.9080560E-02,7.12891E-01,2.92969E-02
-5.9062080E-02,7.51953E-01,4.88281E-02
-5.9043600E-02,7.71484E-01,4.88281E-02
-5.9025120E-02,6.34766E-01,9.76562E-03
-5.9006640E-02,7.51953E-01,2.92969E-02
-5.8988160E-02,6.15234E-01,2.92969E-02
-5.8969680E-02,6.15234E-01,2.92969E-02
-5.8951200E-02,6.73828E-01,2.92969E-02
-5.8932720E-02,7.32422E-01,2.92969E-02
-5.8914240E-02,6.73828E-01,2.92969E-02
-5.8895760E-02,7.32422E-01,2.92969E-02
-5.8877280E-02,6.93359E-01,9.76562E-03
-5.8858800E-02,6.34766E-01,6.83594E-02
-5.8840320E-02,6.73828E-01,-4.88281E-02
-5.8821840E-02,6.93359E-01,9.76562E-03
-5.8803360E-02,6.73828E-01,4.88281E-02
-5.8784880E-02,6.34766E-01,1.26953E-01
-5.8766400E-02,6.73828E-01,-9.76562E-03
-5.8747920E-02,6.93359E-01,6.83594E-02
-5.8729440E-02,6.73828E-01,2.92969E-02
-5.8710960E-02,6.34766E-01,4.88281E-02
-5.8692480E-02,7.12891E-01,4.88281E-02
-5.8674000E-02,6.93359E-01,9.76562E-03
-5.8655520E-02,6.34766E-01,2.92969E-02
-5.8637040E-02,6.34766E-01,2.92969E-02
-5.8618560E-02,6.93359E-01,-9.76562E-03
-5.8600080E-02,6.54297E-01,2.92969E-02
-5.8581600E-02,7.12891E-01,9.76562E-03
-5.8563120E-02,7.12891E-01,4.88281E-02
-5.8544640E-02,6.34766E-01,9.76562E-03
-5.8526160E-02,7.51953E-01,4.88281E-02
-5.8507680E-02,7.12891E-01,-2.92969E-02
-5.8489200E-02,6.73828E-01,9.76562E-03
-5.8470720E-02,6.73828E-01,9.76562E-03
-5.8452240E-02,7.12891E-01,4.88281E-02
-5.8433760E-02,6.54297E-01,4.88281E-02
-5.8415280E-02,7.12891E-01,9.76562E-03
-5.8396800E-02,6.73828E-01,9.76562E-03
-5.8378320E-02,6.93359E-01,4.88281E-02
-5.8359840E-02,7.12891E-01,4.88281E-02
-5.8341360E-02,6.54297E-01,4.88281E-02
-5.8322880E-02,7.12891E-01,9.76562E-03
-5.8304400E-02,6.54297E-01,4.88281E-02
-5.8285920E-02,6.73828E-01,2.92969E-02
-5.8267440E-02,6.73828E-01,9.76562E-03
-5.8248960E-02,6.93359E-01,9.76562E-03
-5.8230480E-02,6.73828E-01,4.88281E-02
-5.8212000E-02,6.15234E-01,2.92969E-02
-5.8193520E-02,6.54297E-01,2.92969E-02
-5.8175040E-02,7.12891E-01,2.92969E-02
-5.8156560E-02,6.34766E-01,4.88281E-02
-5.8138080E-02,6.93359E-01,9.76562E-03
-5.8119600E-02,6.93359E-01,2.92969E-02
-5.8101120E-02,7.51953E-01,-9.76562E-03
-5.8082640E-02,6.93359E-01,8.78906E-02
-5.8064160E-02,7.12891E-01,9.76562E-03
-5.8045680E-02,6.73828E-01,8.78906E-02
-5.8027200E-02,6.54297E-01,4.88281E-02
-5.8008720E-02,6.73828E-01,4.88281E-02
-5.7990240E-02,6.54297E-01,2.92969E-02
-5.7971760E-02,6.15234E-01,4.88281E-02
-5.7953280E-02,6.54297E-01,4.88281E-02
-5.7934800E-02,6.73828E-01,1.07422E-01
-5.7916320E-02,7.12891E-01,-9.76562E-03
-5.7897840E-02,5.76172E-01,4.88281E-02
-5.7879360E-02,7.12891E-01,-9.76562E-03
-5.7860880E-02,6.93359E-01,4.88281E-02
-5.7842400E-02,6.93359E-01,2.92969E-02
-5.7823920E-02,7.12891E-01,2.92969E-02
-5.7805440E-02,7.51953E-01,-2.92969E-02
-5.7786960E-02,7.12891E-01,4.88281E-02
-5.7768480E-02,6.54297E-01,-9.76562E-03
-5.7750000E-02,6.54297E-01,4.88281E-02
-5.7731520E-02,7.51953E-01,9.76562E-03
-5.7713040E-02,6.54297E-01,6.83594E-02
-5.7694560E-02,7.51953E-01,4.88281E-02
-5.7676080E-02,7.71484E-01,2.92969E-02
-5.7657600E-02,7.71484E-01,1.07422E-01
-5.7639120E-02,6.93359E-01,6.83594E-02
-5.7620640E-02,7.32422E-01,4.88281E-02
-5.7602160E-02,6.15234E-01,6.83594E-02
-5.7583680E-02,6.73828E-01,4.88281E-02
-5.7565200E-02,6.93359E-01,9.76562E-03
-5.7546720E-02,7.12891E-01,9.76562E-03
-5.7528240E-02,6.73828E-01,2.92969E-02
-5.7509760E-02,6.73828E-01,2.92969E-02
-5.7491280E-02,6.73828E-01,4.88281E-02
-5.7472800E-02,7.12891E-01,2.92969E-02
-5.7454320E-02,6.93359E-01,9.76562E-03
-5.7435840E-02,7.32422E-01,2.92969E-02
-5.7417360E-02,6.93359E-01,8.78906E-02
-5.7398880E-02,6.93359E-01,4.88281E-02
-5.7380400E-02,7.12891E-01,6.83594E-02
-5.7361920E-02,6.73828E-01,2.92969E-02
-5.7343440E-02,7.12891E-01,1.26953E-01
-5.7324960E-02,6.93359E-01,6.83594E-02
-5.7306480E-02,7.32422E-01,9.76562E-03
-5.7288000E-02,6.34766E-01,2.92969E-02
-5.7269520E-02,7.12891E-01,2.92969E-02
-5.7251040E-02,7.12891E-01,6.83594E-02
-5.7232560E-02,6.73828E-01,9.76562E-03
-5.7214080E-02,6.73828E-01,-2.92969E-02
-5.7195600E-02,6.73828E-01,4.88281E-02
-5.7177120E-02,6.54297E-01,2.92969E-02
-5.7158640E-02,6.54297E-01,2.92969E-02
-5.7140160E-02,6.73828E-01,9.76562E-03
-5.7121680E-02,6.73828E-01,1.07422E-01
-5.7103200E-02,6.34766E-01,9.76562E-03
-5.7084720E-02,6.73828E-01,-2.92969E-02
-5.7066240E-02,7.12891E-01,2.92969E-02
-5.7047760E-02,7.12891E-01,2.92969E-02
-5.7029280E-02,7.32422E-01,4.88281E-02
-5.7010800E-02,7.12891E-01,4.88281E-02
-5.6992320E-02,6.73828E-01,4.88281E-02
-5.6973840E-02,7.12891E-01,2.92969E-02
-5.6955360E-02,6.93359E-01,2.92969E-02
-5.6936880E-02,7.32422E-01,6.83594E-02
-5.6918400E-02,7.32422E-01,9.76562E-03
-5.6899920E-02,6.73828E-01,6.83594E-02
-5.6881440E-02,7.91016E-01,9.76562E-03
-5.6862960E-02,6.34766E-01,8.78906E-02
-5.6844480E-02,6.93359E-01,4.88281E-02
-5.6826000E-02,7.12891E-01,2.92969E-02
-5.6807520E-02,7.12891E-01,-4.88281E-02
-5.6789040E-02,7.51953E-01,6.83594E-02
-5.6770560E-02,7.51953E-01,4.88281E-02
-5.6752080E-02,7.51953E-01,9.76562E-03
-5.6733600E-02,7.12891E-01,2.92969E-02
-5.6715120E-02,7.12891E-01,4.88281E-02
-5.6696640E-02,6.54297E-01,9.76562E-03
-5.6678160E-02,6.54297E-01,1.26953E-01
-5.6659680E-02,6.73828E-01,9.76562E-03
-5.6641200E-02,7.12891E-01,9.76562E-03
-5.6622720E-02,7.32422E-01,2.92969E-02
-5.6604240E-02,7.12891E-01,2.92969E-02
-5.6585760E-02,6.93359E-01,6.83594E-02
-5.6567280E-02,6.54297E-01,4.88281E-02
-5.6548800E-02,7.51953E-01,9.76562E-03
-5.6530320E-02,7.51953E-01,9.76562E-03
-5.6511840E-02,6.93359E-01,-2.92969E-02
-5.6493360E-02,6.34766E-01,9.76562E-03
-5.6474880E-02,6.34766E-01,4.88281E-02
-5.6456400E-02,6.93359E-01,4.88281E-02
-5.6437920E-02,7.12891E-01,-9.76562E-03
-5.6419440E-02,6.54297E-01,-4.88281E-02
-5.6400960E-02,7.12891E-01,4.88281E-02
-5.6382480E-02,7.12891E-01,2.92969E-02
-5.6364000E-02,7.12891E-01,4.88281E-02
-5.6345520E-02,6.34766E-01,9.76562E-03
-5.6327040E-02,6.73828E-01,-4.88281E-02
-5.6308560E-02,6.93359E-01,2.92969E-02
-5.6290080E-02,6.73828E-01,2.92969E-02
-5.6271600E-02,7.12891E-01,4.88281E-02
-5.6253120E-02,7.12891E-01,6.83594E-02
-5.6234640E-02,6.73828E-01,6.83594E-02
-5.6216160E-02,6.93359E-01,9.76562E-03
-5.6197680E-02,6.54297E-01,4.88281E-02
-5.6179200E-02,6.93359E-01,9.76562E-03
-5.6160720E-02,6.54297E-01,-2.92969E-02
-5.6142240E-02,6.93359E-01,6.83594E-02
-5.6123760E-02,6.73828E-01,1.26953E-01
-5.6105280E-02,7.12891E-01,4.88281E-02
-5.6086800E-02,7.12891E-01,9.76562E-03
-5.6068320E-02,7.32422E-01,8.78906E-02
-5.6049840E-02,7.32422E-01,9.76562E-03
-5.6031360E-02,7.12891E-01,-9.76562E-03
-5.6012880E-02,7.12891E-01,6.83594E-02
-5.5994400E-02,7.12891E-01,2.92969E-02
-5.5975920E-02,6.54297E-01,9.76562E-03
-5.5957440E-02,7.32422E-01,6.83594E-02
-5.5938960E-02,6.73828E-01,4.88281E-02
-5.5920480E-02,6.93359E-01,2.92969E-02
-5.5902000E-02,7.71484E-01,4.88281E-02
-5.5883520E-02,6.54297E-01,9.76562E-03
-5.5865040E-02,6.93359E-01,2.92969E-02
-5.5846560E-02,6.73828E-01,9.76562E-03
-5.5828080E-02,6.34766E-01,8.78906E-02
-5.5809600E-02,6.73828E-01,2.92969E-02
-5.5791120E-02,6.54297E-01,4.88281E-02
-5.5772640E-02,7.71484E-01,4.88281E-02
-5.5754160E-02,7.12891E-01,6.83594E-02
-5.5735680E-02,7.12891E-01,2.92969E-02
-5.5717200E-02,6.73828E-01,6.83594E-02
-5.5698720E-02,6.73828E-01,4.88281E-02
-5.5680240E-02,6.73828E-01,6.83594E-02
-5.5661760E-02,6.93359E-01,9.76562E-03
-5.5643280E-02,6.54297E-01,4.88281E-02
-5.5624800E-02,7.71484E-01,2.92969E-02
-5.5606320E-02,7.32422E-01,4.88281E-02
-5.5587840E-02,7.12891E-01,9.76562E-03
-5.5569360E-02,6.73828E-01,-9.76562E-03
-5.5550880E-02,7.32422E-01,4.88281E-02
-5.5532400E-02,7.12891E-01,6.83594E-02
-5.5513920E-02,7.12891E-01,-9.76562E-03
-5.5495440E-02,6.93359E-01,2.92969E-02
-5.5476960E-02,7.12891E-01,9.76562E-03
-5.5458480E-02,6.15234E-01,2.92969E-02
-5.5440000E-02,7.12891E-01,-4.88281E-02
-5.5421520E-02,8.10547E-01,6.83594E-02
-5.5403040E-02,6.93359E-01,6.83594E-02
-5.5384560E-02,7.32422E-01,4.88281E-02
-5.5366080E-02,7.12891E-01,9.76562E-03
-5.5347600E-02,7.12891E-01,4.88281E-02
-5.5329120E-02,7.71484E-01,9.76562E-03
-5.5310640E-02,6.34766E-01,6.83594E-02
-5.5292160E-02,7.32422E-01,9.76562E-03
-5.5273680E-02,6.93359E-01,8.78906E-02
-5.5255200E-02,7.32422E-01,9.76562E-03
-5.5236720E-02,6.73828E-01,4.88281E-02
-5.5218240E-02,6.93359E-01,9.76562E-03
-5.5199760E-02,6.54297E-01,6.83594E-02
-5.5181280E-02,7.32422E-01,2.92969E-02
-5.5162800E-02,7.32422E-01,2.92969E-02
-5.5144320E-02,7.32422E-01,4.88281E-02
-5.5125840E-02,7.12891E-01,6.83594E-02
-5.5107360E-02,6.73828E-01,4.88281E-02
-5.5088880E-02,7.32422E-01,9.76562E-03
-5.5070400E-02,6.93359E-01,2.92969E-02
-5.5051920E-02,6.34766E-01,4.88281E-02
-5.5033440E-02,6.73828E-01,4.88281E-02
-5.5014960E-02,7.12891E-01,6.83594E-02
-5.4996480E-02,6.93359E-01,2.92969E-02
-5.4978000E-02,7.51953E-01,4.88281E-02
-5.4959520E-02,7.12891E-01,-9.76562E-03
-5.4941040E-02,6.93359E-01,9.76562E-03
-5.4922560E-02,7.32422E-01,4.88281E-02
-5.4904080E-02,7.91016E-01,4.88281E-02
-5.4885600E-02,8.30078E-01,4.88281E-02
-5.4867120E-02,7.12891E-01,6.83594E-02
-5.4848640E-02,6.93359E-01,9.76562E-03
-5.4830160E-02,6.73828E-01,4.88281E-02
-5.4811680E-02,6.93359E-01,6.83594E-02
-5.4793200E-02,6.93359E-01,4.88281E-02
-5.4774720E-02,7.32422E-01,9.76562E-03
-5.4756240E-02,6.34766E-01,4.88281E-02
-5.4737760E-02,6.73828E-01,4.88281E-02
-5.4719280E-02,6.54297E-01,6.83594E-02
-5.4700800E-02,7.32422E-01,4.88281E-02
-5.4682320E-02,6.93359E-01,4.88281E-02
-5.4663840E-02,7.32422E-01,2.92969E-02
-5.4645360E-02,6.34766E-01,-2.92969E-02
-5.4626880E-02,7.71484E-01,2.92969E-02
-5.4608400E-02,7.32422E-01,4.88281E-02
-5.4589920E-02,7.12891E-01,2.92969E-02
-5.4571440E-02,7.12891E-01,2.92969E-02
-5.4552960E-02,6.54297E-01,4.88281E-02
-5.4534480E-02,7.12891E-01,8.78906E-02
-5.4516000E-02,7.12891E-01,4.88281E-02
-5.4497520E-02,6.54297E-01,4.88281E-02
-5.4479040E-02,7.12891E-01,4.88281E-02
-5.4460560E-02,6.93359E-01,2.92969E-02
-5.4442080E-02,7.12891E-01,2.92969E-02
-5.4423600E-02,6.73828E-01,2.92969E-02
-5.4405120E-02,6.93359E-01,4.88281E-02
-5.4386640E-02,7.12891E-01,2.92969E-02
-5.4368160E-02,6.93359E-01,9.76562E-03
-5.4349680E-02,7.12891E-01,2.92969E-02
-5.4331200E-02,7.12891E-01,4.88281E-02
-5.4312720E-02,7.12891E-01,6.83594E-02
-5.4294240E-02,6.93359E-01,9.76562E-03
-5.4275760E-02,6.73828E-01,9.76562E-03
-5.4257280E-02,7.32422E-01,9.76562E-03
-5.4238800E-02,7.12891E-01,6.83594E-02
-5.4220320E-02,6.93359E-01,9.76562E-03
-5.4201840E-02,6.93359E-01,4.88281E-02
-5.4183360E-02,6.93359E-01,4.88281E-02
-5.4164880E-02,6.73828E-01,6.83594E-02
-5.4146400E-02,7.32422E-01,4.88281E-02
-5.4127920E-02,6.93359E-01,4.88281E-02
-5.4109440E-02,6.73828E-01,2.92969E-02
-5.4090960E-02,6.93359E-01,4.88281E-02
-5.4072480E-02,7.32422E-01,4.88281E-02
-5.4054000E-02,6.93359E-01,-4.88281E-02
-5.4035520E-02,7.12891E-01,9.76562E-03
-5.4017040E-02,7.32422E-01,2.92969E-02
-5.3998560E-02,7.12891E-01,9.76562E-03
-5.3980080E-02,7.12891E-01,8.78906E-02
-5.3961600E-02,7.12891E-01,9.76562E-03
-5.3943120E-02,6.93359E-01,4.88281E-02
-5.3924640E-02,7.32422E-01,2.92969E-02
-5.3906160E-02,6.93359E-01,6.83594E-02
-5.3887680E-02,6.54297E-01,2.92969E-02
-5.3869200E-02,7.12891E-01,4.88281E-02
-5.3850720E-02,7.12891E-01,-9.76562E-03
-5.3832240E-02,7.71484E-01,1.26953E-01
-5.3813760E-02,6.54297E-01,-4.88281E-02
-5.3795280E-02,7.32422E-01,6.83594E-02
-5.3776800E-02,7.12891E-01,6.83594E-02
-5.3758320E-02,7.32422E-01,-9.76562E-03
-5.3739840E-02,7.51953E-01,2.92969E-02
-5.3721360E-02,6.73828E-01,2.92969E-02
-5.3702880E-02,6.54297E-01,2.92969E-02
-5.3684400E-02,7.12891E-01,2.92969E-02
-5.3665920E-02,7.32422E-01,-9.76562E-03
-5.3647440E-02,7.32422E-01,2.92969E-02
-5.3628960E-02,7.12891E-01,2.92969E-02
-5.3610480E-02,7.51953E-01,4.88281E-02
-5.3592000E-02,7.12891E-01,2.92969E-02
-5.3573520E-02,7.32422E-01,4.88281E-02
-5.3555040E-02,6.73828E-01,9.76562E-03
-5.3536560E-02,6.54297E-01,6.83594E-02
-5.3518080E-02,7.32422E-01,-9.76562E-03
-5.3499600E-02,6.93359E-01,9.76562E-03
-5.3481120E-02,6.73828E-01,-9.76562E-03
-5.3462640E-02,7.12891E-01,2.92969E-02
-5.3444160E-02,7.32422E-01,2.92969E-02
-5.3425680E-02,7.51953E-01,4.88281E-02
-5.3407200E-02,7.12891E-01,4.88281E-02
-5.3388720E-02,7.51953E-01,9.76562E-03
-5.3370240E-02,7.32422E-01,-9.76562E-03
-5.3351760E-02,6.54297E-01,2.92969E-02
-5.3333280E-02,7.12891E-01,-4.88281E-02
-5.3314800E-02,7.71484E-01,4.88281E-02
-5.3296320E-02,7.12891E-01,2.92969E-02
-5.3277840E-02,7.12891E-01,9.76562E-03
-5.3259360E-02,6.93359E-01,9.76562E-03
-5.3240880E-02,7.12891E-01,6.83594E-02
-5.3222400E-02,7.12891E-01,4.88281E-02
-5.3203920E-02,6.93359E-01,2.92969E-02
-5.3185440E-02,7.71484E-01,6.83594E-02
-5.3166960E-02,7.12891E-01,2.92969E-02
-5.3148480E-02,7.32422E-01,2.92969E-02
-5.3130000E-02,7.12891E-01,1.26953E-01
-5.3111520E-02,7.32422E-01,4.88281E-02
-5.3093040E-02,6.73828E-01,2.92969E-02
-5.3074560E-02,7.12891E-01,-9.76562E-03
-5.3056080E-02,6.93359E-01,4.88281E-02
-5.3037600E-02,6.73828E-01,2.92969E-02
-5.3019120E-02,7.32422E-01,8.78906E-02
-5.3000640E-02,6.54297E-01,2.92969E-02
-5.2982160E-02,6.34766E-01,-9.76562E-03
-5.2963680E-02,6.93359E-01,2.92969E-02
-5.2945200E-02,6.93359E-01,9.76562E-03
-5.2926720E-02,6.93359E-01,9.76562E-03
-5.2908240E-02,6.93359E-01,1.07422E-01
-5.2889760E-02,6.93359E-01,9.76562E-03
-5.2871280E-02,6.93359E-01,1.26953E-01
-5.2852800E-02,7.12891E-01,2.92969E-02
-5.2834320E-02,7.12891E-01,2.92969E-02
-5.2815840E-02,7.12891E-01,2.92969E-02
-5.2797360E-02,7.12891E-01,2.92969E-02
-5.2778880E-02,6.54297E-01,9.76562E-03
-5.2760400E-02,7.51953E-01,2.92969E-02
-5.2741920E-02,7.12891E-01,2.92969E-02
-5.2723440E-02,6.54297E-01,2.92969E-02
-5.2704960E-02,7.51953E-01,9.76562E-03
-5.2686480E-02,6.34766E-01,9.76562E-03
-5.2668000E-02,7.12891E-01,-2.92969E-02
-5.2649520E-02,6.93359E-01,6.83594E-02
-5.2631040E-02,7.32422E-01,9.76562E-03
-5.2612560E-02,7.12891E-01,6.83594E-02
-5.2594080E-02,7.12891E-01,4.88281E-02
-5.2575600E-02,7.12891E-01,-4.88281E-02
-5.2557120E-02,7.32422E-01,6.83594E-02
-5.2538640E-02,7.12891E-01,6.83594E-02
-5.2520160E-02,7.32422E-01,9.76562E-03
-5.2501680E-02,6.34766E-01,2.92969E-02
-5.2483200E-02,7.12891E-01,9.76562E-03
-5.2464720E-02,7.51953E-01,4.88281E-02
-5.2446240E-02,7.51953E-01,-4.88281E-02
-5.2427760E-02,7.12891E-01,6.83594E-02
-5.2409280E-02,6.73828E-01,2.92969E-02
-5.2390800E-02,6.93359E-01,4.88281E-02
-5.2372320E-02,7.51953E-01,9.76562E-03
-5.2353840E-02,7.12891E-01,6.83594E-02
-5.2335360E-02,6.93359E-01,4.88281E-02
-5.2316880E-02,6.93359E-01,6.83594E-02
-5.2298400E-02,6.93359E-01,2.92969E-02
-5.2279920E-02,7.71484E-01,6.83594E-02
-5.2261440E-02,6.93359E-01,9.76562E-03
-5.2242960E-02,7.12891E-01,2.92969E-02
-5.2224480E-02,7.91016E-01,-2.92969E-02
-5.2206000E-02,6.93359E-01,2.92969E-02
-5.2187520E-02,7.51953E-01,4.88281E-02
-5.2169040E-02,7.51953E-01,2.92969E-02
-5.2150560E-02,6.93359E-01,-2.92969E-02
-5.2132080E-02,6.93359E-01,4.88281E-02
-5.2113600E-02,7.32422E-01,9.76562E-03
-5.2095120E-02,7.12891E-01,4.88281E-02
-5.2076640E-02,7.12891E-01,4.88281E-02
-5.2058160E-02,6.73828E-01,2.92969E-02
-5.2039680E-02,6.73828E-01,-4.88281E-02
-5.2021200E-02,6.93359E-01,2.92969E-02
-5.2002720E-02,7.32422E-01,2.92969E-02
-5.1984240E-02,7.32422E-01,9.76562E-03
-5.1965760E-02,6.93359E-01,2.92969E-02
-5.1947280E-02,6.93359E-01,-2.92969E-02
-5.1928800E-02,7.12891E-01,9.76562E-03
-5.1910320E-02,7.71484E-01,9.76562E-03
-5.1891840E-02,6.73828E-01,4.88281E-02
-5.1873360E-02,7.51953E-01,9.76562E-03
-5.1854880E-02,6.93359E-01,4.88281E-02
-5.1836400E-02,6.93359E-01,4.88281E-02
-5.1817920E-02,6.73828E-01,-2.92969E-02
-5.1799440E-02,7.12891E-01,4.88281E-02
-5.1780960E-02,7.12891E-01,6.83594E-02
-5.1762480E-02,6.93359E-01,4.88281E-02
-5.1744000E-02,7.12891E-01,4.88281E-02
-5.1725520E-02,7.12891E-01,2.92969E-02
-5.1707040E-02,7.12891E-01,-9.76562E-03
-5.1688560E-02,6.54297E-01,6.83594E-02
-5.1670080E-02,6.93359E-01,4.88281E-02
-5.1651600E-02,7.32422E-01,8.78906E-02
-5.1633120E-02,6.93359E-01,-4.88281E-02
-5.1614640E-02,6.93359E-01,6.83594E-02
-5.1596160E-02,7.51953E-01,9.76562E-03
-5.1577680E-02,7.32422E-01,6.83594E-02
-5.1559200E-02,6.93359E-01,4.88281E-02
-5.1540720E-02,6.93359E-01,4.88281E-02
-5.1522240E-02,7.32422E-01,-9.76562E-03
-5.1503760E-02,6.93359E-01,-9.76562E-03
-5.1485280E-02,6.73828E-01,2.92969E-02
-5.1466800E-02,7.12891E-01,9.76562E-03
-5.1448320E-02,6.54297E-01,2.92969E-02
-5.1429840E-02,6.93359E-01,4.88281E-02
-5.1411360E-02,7.51953E-01,-2.92969E-02
-5.1392880E-02,7.12891E-01,4.88281E-02
-5.1374400E-02,7.32422E-01,2.92969E-02
-5.1355920E-02,7.12891E-01,4.88281E-02
-5.1337440E-02,7.51953E-01,2.92969E-02
-5.1318960E-02,7.12891E-01,9.76562E-03
-5.1300480E-02,7.71484E-01,6.83594E-02
-5.1282000E-02,6.54297E-01,9.76562E-03
-5.1263520E-02,6.93359E-01,9.76562E-03
-5.1245040E-02,6.15234E-01,9.76562E-03
-5.1226560E-02,7.32422E-01,9.76562E-03
-5.1208080E-02,6.93359E-01,2.92969E-02
-5.1189600E-02,7.32422E-01,2.92969E-02
-5.1171120E-02,6.54297E-01,2.92969E-02
-5.1152640E-02,6.93359E-01,4.88281E-02
-5.1134160E-02,7.51953E-01,8.78906E-02
-5.1115680E-02,7.51953E-01,9.76562E-03
-5.1097200E-02,6.34766E-01,2.92969E-02
-5.1078720E-02,7.12891E-01,6.83594E-02
-5.1060240E-02,7.51953E-01,6.83594E-02
-5.1041760E-02,5.95703E-01,9.76562E-03
-5.1023280E-02,7.32422E-01,4.88281E-02
-5.1004800E-02,7.12891E-01,9.76562E-03
-5.0986320E-02,7.12891E-01,8.78906E-02
-5.0967840E-02,6.93359E-01,-9.76562E-03
-5.0949360E-02,7.32422E-01,6.83594E-02
-5.0930880E-02,7.32422E-01,4.88281E-02
-5.0912400E-02,7.12891E-01,9.76562E-03
-5.0893920E-02,7.12891E-01,4.88281E-02
-5.0875440E-02,7.32422E-01,4.88281E-02
-5.0856960E-02,7.12891E-01,9.76562E-03
-5.0838480E-02,6.73828E-01,4.88281E-02
-5.0820000E-02,6.73828E-01,-4.88281E-02
-5.0801520E-02,6.93359E-01,4.88281E-02
-5.0783040E-02,6.73828E-01,2.92969E-02
-5.0764560E-02,7.12891E-01,9.76562E-03
-5.0746080E-02,6.73828E-01,9.76562E-03
-5.0727600E-02,6.73828E-01,2.92969E-02
-5.0709120E-02,7.12891E-01,9.76562E-03
-5.0690640E-02,6.73828E-01,9.76562E-03
-5.0672160E-02,7.91016E-01,2.92969E-02
-5.0653680E-02,6.93359E-01,4.88281E-02
-5.0635200E-02,7.12891E-01,9.76562E-03
-5.0616720E-02,6.93359E-01,1.07422E-01
-5.0598240E-02,7.71484E-01,-9.76562E-03
-5.0579760E-02,6.54297E-01,6.83594E-02
-5.0561280E-02,6.93359E-01,4.88281E-02
-5.0542800E-02,7.32422E-01,2.92969E-02
-5.0524320E-02,7.12891E-01,9.76562E-03
-5.0505840E-02,7.32422E-01,6.83594E-02
-5.0487360E-02,6.93359E-01,9.76562E-03
-5.0468880E-02,6.93359E-01,6.83594E-02
-5.0450400E-02,7.12891E-01,6.83594E-02
-5.0431920E-02,7.51953E-01,6.83594E-02
-5.0413440E-02,7.12891E-01,4.88281E-02
-5.0394960E-02,6.93359E-01,6.83594E-02
-5.0376480E-02,7.32422E-01,9.76562E-03
-5.0358000E-02,7.12891E-01,2.92969E-02
-5.0339520E-02,7.91016E-01,4.88281E-02
-5.0321040E-02,6.73828E-01,4.88281E-02
-5.0302560E-02,7.51953E-01,6.83594E-02
-5.0284080E-02,7.71484E-01,2.92969E-02
-5.0265600E-02,7.12891E-01,4.88281E-02
-5.0247120E-02,7.12891E-01,2.92969E-02
-5.0228640E-02,7.12891E-01,-2.92969E-02
-5.0210160E-02,7.12891E-01,2.92969E-02
-5.0191680E-02,6.73828E-01,9.76562E-03
-5.0173200E-02,7.32422E-01,6.83594E-02
-5.0154720E-02,7.51953E-01,2.92969E-02
-5.0136240E-02,6.93359E-01,6.83594E-02
-5.0117760E-02,7.12891E-01,6.83594E-02
-5.0099280E-02,6.73828E-01,4.88281E-02
-5.0080800E-02,7.12891E-01,4.88281E-02
-5.0062320E-02,7.32422E-01,9.76562E-03
-5.0043840E-02,7.51953E-01,2.92969E-02
-5.0025360E-02,7.32422E-01,6.83594E-02
-5.0006880E-02,7.32422E-01,2.92969E-02
-4.9988400E-02,7.12891E-01,2.92969E-02
-4.9969920E-02,7.32422E-01,4.88281E-02
-4.9951440E-02,7.32422E-01,-9.76562E-03
-4.9932960E-02,6.93359E-01,4.88281E-02
-4.9914480E-02,7.12891E-01,1.26953E-01
-4.9896000E-02,7.12891E-01,-9.76562E-03
-4.9877520E-02,6.93359E-01,4.88281E-02
-4.9859040E-02,7.12891E-01,9.76562E-03
-4.9840560E-02,7.12891E-01,4.88281E-02
-4.9822080E-02,6.73828E-01,4.88281E-02
-4.9803600E-02,6.73828E-01,4.88281E-02
-4.9785120E-02,6.73828E-01,9.76562E-03
-4.9766640E-02,7.32422E-01,4.88281E-02
-4.9748160E-02,6.93359E-01,9.76562E-03
-4.9729680E-02,6.73828E-01,1.26953E-01
-4.9711200E-02,7.71484E-01,9.76562E-03
-4.9692720E-02,7.32422E-01,9.76562E-03
-4.9674240E-02,7.51953E-01,4.88281E-02
-4.9655760E-02,7.32422E-01,9.76562E-03
-4.9637280E-02,7.91016E-01,4.88281E-02
-4.9618800E-02,7.32422E-01,6.83594E-02
-4.9600320E-02,7.32422E-01,4.88281E-02
-4.9581840E-02,7.51953E-01,6.83594E-02
-4.9563360E-02,7.91016E-01,9.76562E-03
-4.9544880E-02,6.93359E-01,6.83594E-02
-4.9526400E-02,7.12891E-01,2.92969E-02
-4.9507920E-02,7.71484E-01,9.76562E-03
-4.9489440E-02,6.93359E-01,9.76562E-03
-4.9470960E-02,6.54297E-01,-9.76562E-03
-4.9452480E-02,7.51953E-01,9.76562E-03
-4.9434000E-02,7.71484E-01,-9.76562E-03
-4.9415520E-02,6.93359E-01,4.88281E-02
-4.9397040E-02,6.93359E-01,8.78906E-02
-4.9378560E-02,7.91016E-01,9.76562E-03
-4.9360080E-02,7.12891E-01,2.92969E-02
-4.9341600E-02,6.93359E-01,2.92969E-02
-4.9323120E-02,7.12891E-01,4.88281E-02
-4.9304640E-02,7.12891E-01,4.88281E-02
-4.9286160E-02,7.12891E-01,2.92969E-02
-4.9267680E-02,7.71484E-01,-2.92969E-02
-4.9249200E-02,7.51953E-01,9.76562E-03
-4.9230720E-02,7.12891E-01,2.92969E-02
-4.9212240E-02,7.12891E-01,2.92969E-02
-4.9193760E-02,7.51953E-01,1.07422E-01
-4.9175280E-02,6.93359E-01,9.76562E-03
-4.9156800E-02,7.12891E-01,9.76562E-03
-4.9138320E-02,7.32422E-01,1.07422E-01
-4.9119840E-02,7.12891E-01,4.88281E-02
-4.9101360E-02,6.73828E-01,4.88281E-02
-4.9082880E-02,7.51953E-01,6.83594E-02
-4.9064400E-02,7.12891E-01,8.78906E-02
-4.9045920E-02,7.12891E-01,6.83594E-02
-4.9027440E-02,7.51953E-01,6.83594E-02
-4.9008960E-02,7.32422E-01,6.83594E-02
-4.8990480E-02,7.12891E-01,6.83594E-02
-4.8972000E-02,7.32422E-01,9.76562E-03
-4.8953520E-02,7.51953E-01,2.92969E-02
-4.8935040E-02,7.12891E-01,9.76562E-03
-4.8916560E-02,6.93359E-01,9.76562E-03
-4.8898080E-02,7.71484E-01,4.88281E-02
-4.8879600E-02,6.93359E-01,6.83594E-02
-4.8861120E-02,7.51953E-01,4.88281E-02
-4.8842640E-02,6.73828E-01,1.07422E-01
-4.8824160E-02,7.91016E-01,2.92969E-02
-4.8805680E-02,7.12891E-01,4.88281E-02
-4.8787200E-02,8.30078E-01,4.88281E-02
-4.8768720E-02,7.71484E-01,6.83594E-02
-4.8750240E-02,7.51953E-01,2.92969E-02
-4.8731760E-02,7.12891E-01,2.92969E-02
-4.8713280E-02,6.73828E-01,6.83594E-02
-4.8694800E-02,7.51953E-01,9.76562E-03
-4.8676320E-02,7.12891E-01,-9.76562E-03
-4.8657840E-02,6.93359E-01,4.88281E-02
-4.8639360E-02,6.73828E-01,2.92969E-02
-4.8620880E-02,6.54297E-01,6.83594E-02
-4.8602400E-02,6.73828E-01,4.88281E-02
-4.8583920E-02,7.32422E-01,2.92969E-02
-4.8565440E-02,7.12891E-01,9.76562E-03
-4.8546960E-02,7.71484E-01,4.88281E-02
-4.8528480E-02,7.12891E-01,9.76562E-03
-4.8510000E-02,7.12891E-01,2.92969E-02
-4.8491520E-02,7.32422E-01,9.76562E-03
-4.8473040E-02,7.32422E-01,2.92969E-02
-4.8454560E-02,7.12891E-01,9.76562E-03
-4.8436080E-02,7.71484E-01,4.88281E-02
-4.8417600E-02,7.32422E-01,9.76562E-03
-4.8399120E-02,7.12891E-01,6.83594E-02
-4.8380640E-02,7.12891E-01,2.92969E-02
-4.8362160E-02,6.93359E-01,4.88281E-02
-4.8343680E-02,7.71484E-01,2.92969E-02
-4.8325200E-02,6.73828E-01,8.78906E-02
-4.8306720E-02,7.51953E-01,2.92969E-02
-4.8288240E-02,6.73828E-01,6.83594E-02
-4.8269760E-02,6.93359E-01,2.92969E-02
-4.8251280E-02,7.12891E-01,2.92969E-02
-4.8232800E-02,8.30078E-01,2.92969E-02
-4.8214320E-02,7.12891E-01,6.83594E-02
-4.8195840E-02,6.93359E-01,4.88281E-02
-4.8177360E-02,6.54297E-01,6.83594E-02
-4.8158880E-02,7.12891E-01,-9.76562E-03
-4.8140400E-02,7.71484E-01,6.83594E-02
-4.8121920E-02,7.12891E-01,9.76562E-03
-4.8103440E-02,7.32422E-01,6.83594E-02
-4.8084960E-02,6.93359E-01,2.92969E-02
-4.8066480E-02,6.93359E-01,2.92969E-02
-4.8048000E-02,6.73828E-01,2.92969E-02
-4.8029520E-02,6.93359E-01,4.88281E-02
-4.8011040E-02,6.73828E-01,4.88281E-02
-4.7992560E-02,7.12891E-01,4.88281E-02
-4.7974080E-02,7.32422E-01,-9.76562E-03
-4.7955600E-02,7.12891E-01,9.76562E-03
-4.7937120E-02,7.91016E-01,2.92969E-02
-4.7918640E-02,7.71484E-01,9.76562E-03
-4.7900160E-02,7.91016E-01,9.76562E-03
-4.7881680E-02,6.93359E-01,-2.92969E-02
-4.7863200E-02,7.12891E-01,2.92969E-02
-4.7844720E-02,6.93359E-01,4.88281E-02
-4.7826240E-02,7.12891E-01,6.83594E-02
-4.7807760E-02,7.12891E-01,6.83594E-02
-4.7789280E-02,7.71484E-01,-9.76562E-03
-4.7770800E-02,7.12891E-01,2.92969E-02
-4.7752320E-02,7.32422E-01,2.92969E-02
-4.7733840E-02,7.32422E-01,4.88281E-02
-4.7715360E-02,7.12891E-01,-9.76562E-03
-4.7696880E-02,6.93359E-01,4.88281E-02
-4.7678400E-02,7.12891E-01,4.88281E-02
-4.7659920E-02,7.12891E-01,1.07422E-01
-4.7641440E-02,7.91016E-01,4.88281E-02
-4.7622960E-02,6.93359E-01,9.76562E-03
-4.7604480E-02,7.32422E-01,6.83594E-02
-4.7586000E-02,7.71484E-01,6.83594E-02
-4.7567520E-02,8.10547E-01,6.83594E-02
-4.7549040E-02,7.51953E-01,9.76562E-03
-4.7530560E-02,7.32422E-01,2.92969E-02
-4.7512080E-02,7.71484E-01,6.83594E-02
-4.7493600E-02,7.71484E-01,6.83594E-02
-4.7475120E-02,7.71484E-01,1.07422E-01
-4.7456640E-02,6.93359E-01,4.88281E-02
-4.7438160E-02,7.12891E-01,-2.92969E-02
-4.7419680E-02,7.91016E-01,9.76562E-03
-4.7401200E-02,7.32422E-01,2.92969E-02
-4.7382720E-02,7.32422E-01,4.88281E-02
-4.7364240E-02,7.91016E-01,9.76562E-03
-4.7345760E-02,7.32422E-01,4.88281E-02
-4.7327280E-02,7.51953E-01,4.88281E-02
-4.7308800E-02,7.71484E-01,-9.76562E-03
-4.7290320E-02,7.32422E-01,-4.88281E-02
-4.7271840E-02,7.12891E-01,2.92969E-02
-4.7253360E-02,7.51953E-01,6.83594E-02
-4.7234880E-02,7.71484E-01,4.88281E-02
-4.7216400E-02,7.91016E-01,4.88281E-02
-4.7197920E-02,7.12891E-01,-9.76562E-03
-4.7179440E-02,7.51953E-01,6.83594E-02
-4.7160960E-02,7.12891E-01,9.76562E-03
-4.7142480E-02,6.93359E-01,9.76562E-03
-4.7124000E-02,7.12891E-01,9.76562E-03
-4.7105520E-02,7.71484E-01,9.76562E-03
-4.7087040E-02,8.10547E-01,-9.76562E-03
-4.7068560E-02,6.54297E-01,4.88281E-02
-4.7050080E-02,6.34766E-01,4.88281E-02
-4.7031600E-02,7.51953E-01,1.26953E-01
-4.7013120E-02,7.32422E-01,9.76562E-03
-4.6994640E-02,7.32422E-01,2.92969E-02
-4.6976160E-02,7.71484E-01,9.76562E-03
-4.6957680E-02,7.32422E-01,9.76562E-03
-4.6939200E-02,7.71484E-01,4.88281E-02
-4.6920720E-02,7.12891E-01,4.88281E-02
-4.6902240E-02,7.51953E-01,4.88281E-02
-4.6883760E-02,7.71484E-01,2.92969E-02
-4.6865280E-02,7.51953E-01,9.76562E-03
-4.6846800E-02,7.91016E-01,2.92969E-02
-4.6828320E-02,7.12891E-01,2.92969E-02
-4.6809840E-02,7.51953E-01,9.76562E-03
-4.6791360E-02,7.71484E-01,2.92969E-02
-4.6772880E-02,7.12891E-01,9.76562E-03
-4.6754400E-02,7.32422E-01,9.76562E-03
-4.6735920E-02,7.12891E-01,4.88281E-02
-4.6717440E-02,7.71484E-01,4.88281E-02
-4.6698960E-02,7.32422E-01,4.88281E-02
-4.6680480E-02,7.51953E-01,2.92969E-02
-4.6662000E-02,7.12891E-01,2.92969E-02
-4.6643520E-02,7.12891E-01,2.92969E-02
-4.6625040E-02,7.12891E-01,9.76562E-03
-4.6606560E-02,7.71484E-01,2.92969E-02
-4.6588080E-02,7.12891E-01,4.88281E-02
-4.6569600E-02,7.12891E-01,9.76562E-03
-4.6551120E-02,7.12891E-01,1.46484E-01
-4.6532640E-02,7.91016E-01,6.83594E-02
-4.6514160E-02,7.12891E-01,9.76562E-03
-4.6495680E-02,7.12891E-01,1.07422E-01
-4.6477200E-02,7.51953E-01,9.76562E-03
-4.6458720E-02,7.12891E-01,2.92969E-02
-4.6440240E-02,6.73828E-01,9.76562E-03
-4.6421760E-02,7.51953E-01,-9.76562E-03
-4.6403280E-02,7.32422E-01,2.92969E-02
-4.6384800E-02,7.32422E-01,2.92969E-02
-4.6366320E-02,7.91016E-01,2.92969E-02
-4.6347840E-02,6.93359E-01,2.92969E-02
-4.6329360E-02,7.51953E-01,4.88281E-02
-4.6310880E-02,6.93359E-01,9.76562E-03
-4.6292400E-02,7.71484E-01,9.76562E-03
-4.6273920E-02,7.51953E-01,6.83594E-02
-4.6255440E-02,6.93359E-01,2.92969E-02
-4.6236960E-02,7.12891E-01,2.92969E-02
-4.6218480E-02,7.51953E-01,6.83594E-02
-4.6200000E-02,6.93359E-01,2.92969E-02
-4.6181520E-02,7.12891E-01,6.83594E-02
-4.6163040E-02,8.10547E-01,2.92969E-02
-4.6144560E-02,7.51953E-01,9.76562E-03
-4.6126080E-02,7.71484E-01,-2.92969E-02
-4.6107600E-02,7.12891E-01,2.92969E-02
-4.6089120E-02,7.12891E-01,9.76562E-03
-4.6070640E-02,7.12891E-01,1.07422E-01
-4.6052160E-02,6.73828E-01,4.88281E-02
-4.6033680E-02,7.32422E-01,1.26953E-01
-4.6015200E-02,7.71484E-01,2.92969E-02
-4.5996720E-02,7.12891E-01,2.92969E-02
-4.5978240E-02,7.71484E-01,9.76562E-03
-4.5959760E-02,7.12891E-01,2.92969E-02
-4.5941280E-02,7.32422E-01,9.76562E-03
-4.5922800E-02,7.32422E-01,-4.88281E-02
-4.5904320E-02,7.71484E-01,9.76562E-03
-4.5885840E-02,7.71484E-01,-4.88281E-02
-4.5867360E-02,7.51953E-01,6.83594E-02
-4.5848880E-02,7.12891E-01,2.92969E-02
-4.5830400E-02,7.71484E-01,9.76562E-03
-4.5811920E-02,7.32422E-01,4.88281E-02
-4.5793440E-02,7.71484E-01,4.88281E-02
-4.5774960E-02,7.51953E-01,-9.76562E-03
-4.5756480E-02,7.71484E-01,9.76562E-03
-4.5738000E-02,7.71484E-01,6.83594E-02
-4.5719520E-02,6.93359E-01,-2.92969E-02
-4.5701040E-02,7.51953E-01,2.92969E-02
-4.5682560E-02,7.32422E-01,4.88281E-02
-4.5664080E-02,6.54297E-01,9.76562E-03
-4.5645600E-02,7.12891E-01,-9.76562E-03
-4.5627120E-02,7.32422E-01,2.92969E-02
-4.5608640E-02,7.71484E-01,9.76562E-03
-4.5590160E-02,7.12891E-01,9.76562E-03
-4.5571680E-02,7.32422E-01,9.76562E-03
-4.5553200E-02,7.12891E-01,9.76562E-03
-4.5534720E-02,7.12891E-01,2.92969E-02
-4.5516240E-02,7.91016E-01,6.83594E-02
-4.5497760E-02,8.10547E-01,9.76562E-03
-4.5479280E-02,7.32422E-01,9.76562E-03
-4.5460800E-02,7.51953E-01,4.88281E-02
-4.5442320E-02,7.32422E-01,-4.88281E-02
-4.5423840E-02,7.51953E-01,4.88281E-02
-4.5405360E-02,7.91016E-01,4.88281E-02
-4.5386880E-02,7.51953E-01,9.76562E-03
-4.5368400E-02,7.12891E-01,6.83594E-02
-4.5349920E-02,7.12891E-01,9.76562E-03
-4.5331440E-02,7.71484E-01,6.83594E-02
-4.5312960E-02,7.91016E-01,2.92969E-02
-4.5294480E-02,6.93359E-01,-4.88281E-02
-4.5276000E-02,8.10547E-01,4.88281E-02
-4.5257520E-02,6.93359E-01,6.83594E-02
-4.5239040E-02,7.51953E-01,4.88281E-02
-4.5220560E-02,7.91016E-01,9.76562E-03
-4.5202080E-02,8.10547E-01,2.92969E-02
-4.5183600E-02,6.54297E-01,4.88281E-02
-4.5165120E-02,6.73828E-01,-9.76562E-03
-4.5146640E-02,7.71484E-01,4.88281E-02
-4.5128160E-02,6.93359E-01,-9.76562E-03
-4.5109680E-02,7.32422E-01,4.88281E-02
-4.5091200E-02,7.12891E-01,9.76562E-03
-4.5072720E-02,7.91016E-01,6.83594E-02
-4.5054240E-02,8.10547E-01,-9.76562E-03
-4.5035760E-02,7.32422E-01,6.83594E-02
-4.5017280E-02,7.51953E-01,4.88281E-02
-4.4998800E-02,7.71484E-01,6.83594E-02
-4.4980320E-02,7.32422E-01,2.92969E-02
-4.4961840E-02,7.12891E-01,2.92969E-02
-4.4943360E-02,7.91016E-01,4.88281E-02
-4.4924880E-02,6.54297E-01,2.92969E-02
-4.4906400E-02,7.32422E-01,-9.76562E-03
-4.4887920E-02,7.12891E-01,4.88281E-02
-4.4869440E-02,7.51953E-01,4.88281E-02
-4.4850960E-02,7.32422E-01,1.07422E-01
-4.4832480E-02,7.32422E-01,-9.76562E-03
-4.4814000E-02,7.91016E-01,9.76562E-03
-4.4795520E-02,7.51953E-01,2.92969E-02
-4.4777040E-02,6.73828E-01,2.92969E-02
-4.4758560E-02,7.91016E-01,2.92969E-02
-4.4740080E-02,7.71484E-01,4.88281E-02
-4.4721600E-02,7.71484E-01,-6.83594E-02
-4.4703120E-02,7.51953E-01,2.92969E-02
-4.4684640E-02,7.32422E-01,-9.76562E-03
-4.4666160E-02,7.12891E-01,6.83594E-02
-4.4647680E-02,7.32422E-01,8.78906E-02
-4.4629200E-02,7.51953E-01,1.26953E-01
-4.4610720E-02,6.54297E-01,9.76562E-03
-4.4592240E-02,7.12891E-01,9.76562E-03
-4.4573760E-02,7.71484E-01,9.76562E-03
-4.4555280E-02,7.32422E-01,6.83594E-02
-4.4536800E-02,7.32422E-01,2.92969E-02
-4.4518320E-02,7.32422E-01,4.88281E-02
-4.4499840E-02,7.91016E-01,9.76562E-03
-4.4481360E-02,7.32422E-01,2.92969E-02
-4.4462880E-02,6.73828E-01,4.88281E-02
-4.4444400E-02,8.10547E-01,2.92969E-02
-4.4425920E-02,7.51953E-01,9.76562E-03
-4.4407440E-02,7.32422E-01,6.83594E-02
-4.4388960E-02,7.32422E-01,4.88281E-02
-4.4370480E-02,7.51953E-01,2.92969E-02
-4.4352000E-02,7.71484E-01,9.76562E-03
-4.4333520E-02,7.51953E-01,2.92969E-02
-4.4315040E-02,8.69141E-01,2.92969E-02
-4.4296560E-02,7.51953E-01,9.76562E-03
-4.4278080E-02,6.73828E-01,2.92969E-02
-4.4259600E-02,7.51953E-01,2.92969E-02
-4.4241120E-02,6.93359E-01,4.88281E-02
-4.4222640E-02,7.71484E-01,2.92969E-02
-4.4204160E-02,7.91016E-01,6.83594E-02
-4.4185680E-02,7.51953E-01,2.92969E-02
-4.4167200E-02,7.51953E-01,4.88281E-02
-4.4148720E-02,7.51953E-01,9.76562E-03
-4.4130240E-02,8.49609E-01,4.88281E-02
-4.4111760E-02,7.51953E-01,2.92969E-02
-4.4093280E-02,8.10547E-01,4.88281E-02
-4.4074800E-02,6.73828E-01,2.92969E-02
-4.4056320E-02,7.91016E-01,6.83594E-02
-4.4037840E-02,7.12891E-01,4.88281E-02
-4.4019360E-02,7.51953E-01,2.92969E-02
-4.4000880E-02,7.12891E-01,2.92969E-02
-4.3982400E-02,6.54297E-01,-4.88281E-02
-4.3963920E-02,8.10547E-01,-2.92969E-02
-4.3945440E-02,7.32422E-01,-9.76562E-03
-4.3926960E-02,7.12891E-01,4.88281E-02
-4.3908480E-02,7.32422E-01,2.92969E-02
-4.3890000E-02,7.32422E-01,9.76562E-03
-4.3871520E-02,6.93359E-01,4.88281E-02
-4.3853040E-02,7.91016E-01,4.88281E-02
-4.3834560E-02,7.71484E-01,-2.92969E-02
-4.3816080E-02,7.51953E-01,4.88281E-02
-4.3797600E-02,7.32422E-01,4.88281E-02
-4.3779120E-02,7.32422E-01,9.76562E-03
-4.3760640E-02,7.51953E-01,6.83594E-02
-4.3742160E-02,8.10547E-01,9.76562E-03
-4.3723680E-02,7.71484E-01,9.76562E-03
-4.3705200E-02,7.32422E-01,-2.92969E-02
-4.3686720E-02,7.12891E-01,4.88281E-02
-4.3668240E-02,7.71484E-01,8.78906E-02
-4.3649760E-02,7.91016E-01,4.88281E-02
-4.3631280E-02,7.91016E-01,6.83594E-02
-4.3612800E-02,7.71484E-01,2.92969E-02
-4.3594320E-02,7.51953E-01,6.83594E-02
-4.3575840E-02,7.51953E-01,9.76562E-03
-4.3557360E-02,7.32422E-01,2.92969E-02
-4.3538880E-02,7.91016E-01,2.92969E-02
-4.3520400E-02,7.12891E-01,1.26953E-01
-4.3501920E-02,7.12891E-01,9.76562E-03
-4.3483440E-02,7.91016E-01,9.76562E-03
-4.3464960E-02,7.71484E-01,6.83594E-02
-4.3446480E-02,7.71484E-01,1.07422E-01
-4.3428000E-02,6.93359E-01,-9.76562E-03
-4.3409520E-02,7.12891E-01,-2.92969E-02
-4.3391040E-02,7.91016E-01,9.76562E-03
-4.3372560E-02,7.71484E-01,2.92969E-02
-4.3354080E-02,8.10547E-01,4.88281E-02
-4.3335600E-02,7.32422E-01,2.92969E-02
-4.3317120E-02,7.91016E-01,4.88281E-02
-4.3298640E-02,7.32422E-01,4.88281E-02
-4.3280160E-02,7.71484E-01,4.88281E-02
-4.3261680E-02,7.71484E-01,2.92969E-02
-4.3243200E-02,7.71484E-01,-2.92969E-02
-4.3224720E-02,7.91016E-01,6.83594E-02
-4.3206240E-02,8.49609E-01,2.92969E-02
-4.3187760E-02,7.12891E-01,6.83594E-02
-4.3169280E-02,7.12891E-01,9.76562E-03
-4.3150800E-02,7.51953E-01,2.92969E-02
-4.3132320E-02,7.32422E-01,4.88281E-02
-4.3113840E-02,7.71484E-01,2.92969E-02
-4.3095360E-02,7.12891E-01,-2.92969E-02
-4.3076880E-02,7.91016E-01,1.26953E-01
-4.3058400E-02,7.51953E-01,9.76562E-03
-4.3039920E-02,7.71484E-01,2.92969E-02
-4.3021440E-02,8.30078E-01,4.88281E-02
-4.3002960E-02,8.10547E-01,9.76562E-03
-4.2984480E-02,8.30078E-01,2.92969E-02
-4.2966000E-02,7.51953E-01,4.88281E-02
-4.2947520E-02,7.71484E-01,2.92969E-02
-4.2929040E-02,7.71484E-01,2.92969E-02
-4.2910560E-02,7.71484E-01,9.76562E-03
-4.2892080E-02,7.32422E-01,2.92969E-02
-4.2873600E-02,7.51953E-01,2.92969E-02
-4.2855120E-02,7.12891E-01,6.83594E-02
-4.2836640E-02,7.71484E-01,-2.92969E-02
-4.2818160E-02,8.10547E-01,1.07422E-01
-4.2799680E-02,7.71484E-01,9.76562E-03
-4.2781200E-02,7.12891E-01,9.76562E-03
-4.2762720E-02,7.91016E-01,-2.92969E-02
-4.2744240E-02,7.71484E-01,6.83594E-02
-4.2725760E-02,7.71484E-01,2.92969E-02
-4.2707280E-02,7.12891E-01,-2.92969E-02
-4.2688800E-02,7.12891E-01,-9.76562E-03
-4.2670320E-02,7.91016E-01,-9.76562E-03
-4.2651840E-02,7.51953E-01,4.88281E-02
-4.2633360E-02,7.12891E-01,4.88281E-02
-4.2614880E-02,8.30078E-01,9.76562E-03
-4.2596400E-02,7.12891E-01,6.83594E-02
-4.2577920E-02,7.12891E-01,-9.76562E-03
-4.2559440E-02,7.71484E-01,4.88281E-02
-4.2540960E-02,7.32422E-01,2.92969E-02
-4.2522480E-02,7.12891E-01,4.88281E-02
-4.2504000E-02,7.32422E-01,-9.76562E-03
-4.2485520E-02,7.32422E-01,4.88281E-02
-4.2467040E-02,6.93359E-01,2.92969E-02
-4.2448560E-02,7.32422E-01,4.88281E-02
-4.2430080E-02,7.51953E-01,1.07422E-01
-4.2411600E-02,7.71484E-01,2.92969E-02
-4.2393120E-02,7.32422E-01,9.76562E-03
-4.2374640E-02,6.73828E-01,2.92969E-02
-4.2356160E-02,7.51953E-01,-9.76562E-03
-4.2337680E-02,7.51953E-01,9.76562E-03
-4.2319200E-02,7.12891E-01,4.88281E-02
-4.2300720E-02,6.54297E-01,6.83594E-02
-4.2282240E-02,7.32422E-01,4.88281E-02
-4.2263760E-02,7.32422E-01,6.83594E-02
-4.2245280E-02,8.30078E-01,2.92969E-02
-4.2226800E-02,7.51953E-01,2.92969E-02
-4.2208320E-02,7.51953E-01,-9.76562E-03
-4.2189840E-02,6.73828E-01,4.88281E-02
-4.2171360E-02,7.71484E-01,-4.88281E-02
-4.2152880E-02,7.71484E-01,1.26953E-01
-4.2134400E-02,6.73828E-01,9.76562E-03
-4.2115920E-02,7.12891E-01,4.88281E-02
-4.2097440E-02,7.32422E-01,4.88281E-02
-4.2078960E-02,7.32422E-01,4.88281E-02
-4.2060480E-02,7.91016E-01,9.76562E-03
-4.2042000E-02,7.71484E-01,2.92969E-02
-4.2023520E-02,8.30078E-01,9.76562E-03
-4.2005040E-02,7.32422E-01,4.88281E-02
-4.1986560E-02,7.12891E-01,9.76562E-03
-4.1968080E-02,7.71484E-01,1.07422E-01
-4.1949600E-02,7.91016E-01,9.76562E-03
-4.1931120E-02,7.12891E-01,1.26953E-01
-4.1912640E-02,7.12891E-01,-9.76562E-03
-4.1894160E-02,7.12891E-01,4.88281E-02
-4.1875680E-02,7.32422E-01,2.92969E-02
-4.1857200E-02,7.51953E-01,4.88281E-02
-4.1838720E-02,7.32422E-01,2.92969E-02
-4.1820240E-02,7.12891E-01,4.88281E-02
-4.1801760E-02,7.71484E-01,9.76562E-03
-4.1783280E-02,7.71484E-01,4.88281E-02
-4.1764800E-02,7.51953E-01,4.88281E-02
-4.1746320E-02,6.73828E-01,6.83594E-02
-4.1727840E-02,7.91016E-01,4.88281E-02
-4.1709360E-02,7.12891E-01,4.88281E-02
-4.1690880E-02,7.12891E-01,-9.76562E-03
-4.1672400E-02,6.93359E-01,4.88281E-02
-4.1653920E-02,7.91016E-01,9.76562E-03
-4.1635440E-02,6.54297E-01,2.92969E-02
-4.1616960E-02,7.51953E-01,2.92969E-02
-4.1598480E-02,7.12891E-01,9.76562E-03
-4.1580000E-02,7.12891E-01,2.92969E-02
-4.1561520E-02,7.71484E-01,6.83594E-02
-4.1543040E-02,7.32422E-01,2.92969E-02
-4.1524560E-02,6.73828E-01,4.88281E-02
-4.1506080E-02,7.32422E-01,4.88281E-02
-4.1487600E-02,7.32422E-01,6.83594E-02
-4.1469120E-02,7.91016E-01,4.88281E-02
-4.1450640E-02,7.71484E-01,4.88281E-02
-4.1432160E-02,7.32422E-01,-9.76562E-03
-4.1413680E-02,7.32422E-01,2.92969E-02
-4.1395200E-02,7.51953E-01,2.92969E-02
-4.1376720E-02,7.91016E-01,8.78906E-02
-4.1358240E-02,7.91016E-01,9.76562E-03
-4.1339760E-02,7.51953E-01,6.83594E-02
-4.1321280E-02,7.51953E-01,4.88281E-02
-4.1302800E-02,7.71484E-01,9.76562E-03
-4.1284320E-02,7.12891E-01,9.76562E-03
-4.1265840E-02,7.32422E-01,2.92969E-02
-4.1247360E-02,8.10547E-01,-9.76562E-03
-4.1228880E-02,7.91016E-01,4.88281E-02
-4.1210400E-02,8.10547E-01,2.92969E-02
-4.1191920E-02,7.71484E-01,6.83594E-02
-4.1173440E-02,7.32422E-01,4.88281E-02
-4.1154960E-02,7.32422E-01,9.76562E-03
-4.1136480E-02,7.71484E-01,9.76562E-03
-4.1118000E-02,6.34766E-01,2.92969E-02
-4.1099520E-02,7.71484E-01,9.76562E-03
-4.1081040E-02,6.93359E-01,2.92969E-02
-4.1062560E-02,6.54297E-01,-9.76562E-03
-4.1044080E-02,7.32422E-01,2.92969E-02
-4.1025600E-02,7.71484E-01,2.92969E-02
-4.1007120E-02,7.71484E-01,9.76562E-03
-4.0988640E-02,7.51953E-01,4.88281E-02
-4.0970160E-02,7.71484E-01,4.88281E-02
-4.0951680E-02,8.30078E-01,4.88281E-02
-4.0933200E-02,7.32422E-01,2.92969E-02
-4.0914720E-02,7.91016E-01,9.76562E-03
-4.0896240E-02,7.91016E-01,2.92969E-02
-4.0877760E-02,7.91016E-01,-9.76562E-03
-4.0859280E-02,7.32422E-01,1.07422E-01
-4.0840800E-02,8.30078E-01,4.88281E-02
-4.0822320E-02,7.32422E-01,2.92969E-02
-4.0803840E-02,6.93359E-01,2.92969E-02
-4.0785360E-02,7.51953E-01,8.78906E-02
-4.0766880E-02,7.71484E-01,9.76562E-03
-4.0748400E-02,7.71484E-01,4.88281E-02
-4.0729920E-02,7.12891E-01,4.88281E-02
-4.0711440E-02,6.93359E-01,6.83594E-02
-4.0692960E-02,7.71484E-01,4.88281E-02
-4.0674480E-02,7.51953E-01,4.88281E-02
-4.0656000E-02,7.71484E-01,-2.92969E-02
-4.0637520E-02,7.71484E-01,2.92969E-02
-4.0619040E-02,7.32422E-01,-9.76562E-03
-4.0600560E-02,7.32422E-01,4.88281E-02
-4.0582080E-02,7.32422E-01,-2.92969E-02
-4.0563600E-02,6.93359E-01,2.92969E-02
-4.0545120E-02,7.51953E-01,4.88281E-02
-4.0526640E-02,7.91016E-01,6.83594E-02
-4.0508160E-02,7.32422E-01,2.92969E-02
-4.0489680E-02,6.93359E-01,4.88281E-02
-4.0471200E-02,7.71484E-01,-2.92969E-02
-4.0452720E-02,7.71484E-01,-9.76562E-03
-4.0434240E-02,7.71484E-01,4.88281E-02
-4.0415760E-02,7.71484E-01,4.88281E-02
-4.0397280E-02,8.30078E-01,2.92969E-02
-4.0378800E-02,7.71484E-01,6.83594E-02
-4.0360320E-02,7.71484E-01,2.92969E-02
-4.0341840E-02,7.12891E-01,6.83594E-02
-4.0323360E-02,8.30078E-01,9.76562E-03
-4.0304880E-02,7.12891E-01,1.26953E-01
-4.0286400E-02,7.71484E-01,-4.88281E-02
-4.0267920E-02,7.32422E-01,4.88281E-02
-4.0249440E-02,7.91016E-01,9.76562E-03
-4.0230960E-02,7.91016E-01,6.83594E-02
-4.0212480E-02,8.10547E-01,4.88281E-02
-4.0194000E-02,7.71484E-01,9.76562E-03
-4.0175520E-02,7.71484E-01,2.92969E-02
-4.0157040E-02,7.51953E-01,9.76562E-03
-4.0138560E-02,7.51953E-01,6.83594E-02
-4.0120080E-02,8.10547E-01,4.88281E-02
-4.0101600E-02,7.91016E-01,-9.76562E-03
-4.0083120E-02,8.10547E-01,6.83594E-02
-4.0064640E-02,7.51953E-01,2.92969E-02
-4.0046160E-02,7.51953E-01,8.78906E-02
-4.0027680E-02,7.12891E-01,9.76562E-03
-4.0009200E-02,7.91016E-01,4.88281E-02
-3.9990720E-02,7.12891E-01,9.76562E-03
-3.9972240E-02,7.91016E-01,6.83594E-02
-3.9953760E-02,7.12891E-01,9.76562E-03
-3.9935280E-02,7.71484E-01,2.92969E-02
-3.9916800E-02,7.12891E-01,4.88281E-02
-3.9898320E-02,7.32422E-01,6.83594E-02
-3.9879840E-02,6.93359E-01,2.92969E-02
-3.9861360E-02,7.12891E-01,9.76562E-03
-3.9842880E-02,7.51953E-01,-9.76562E-03
-3.9824400E-02,7.32422E-01,9.76562E-03
-3.9805920E-02,7.91016E-01,4.88281E-02
-3.9787440E-02,6.73828E-01,6.83594E-02
-3.9768960E-02,7.71484E-01,6.83594E-02
-3.9750480E-02,7.91016E-01,2.92969E-02
-3.9732000E-02,8.49609E-01,4.88281E-02
-3.9713520E-02,7.32422E-01,4.88281E-02
-3.9695040E-02,7.71484E-01,2.92969E-02
-3.9676560E-02,7.71484E-01,2.92969E-02
-3.9658080E-02,7.32422E-01,2.92969E-02
-3.9639600E-02,7.32422E-01,4.88281E-02
-3.9621120E-02,8.10547E-01,9.76562E-03
-3.9602640E-02,7.32422E-01,6.83594E-02
-3.9584160E-02,7.71484E-01,-9.76562E-03
-3.9565680E-02,7.91016E-01,8.78906E-02
-3.9547200E-02,7.91016E-01,2.92969E-02
-3.9528720E-02,7.12891E-01,9.76562E-03
-3.9510240E-02,6.73828E-01,-2.92969E-02
-3.9491760E-02,7.12891E-01,4.88281E-02
-3.9473280E-02,8.10547E-01,-9.76562E-03
-3.9454800E-02,8.49609E-01,4.88281E-02
-3.9436320E-02,7.91016E-01,4.88281E-02
-3.9417840E-02,6.73828E-01,-9.76562E-03
-3.9399360E-02,7.91016E-01,9.76562E-03
-3.9380880E-02,6.73828E-01,6.83594E-02
-3.9362400E-02,7.12891E-01,2.92969E-02
-3.9343920E-02,7.32422E-01,4.88281E-02
-3.9325440E-02,8.30078E-01,9.76562E-03
-3.9306960E-02,6.93359E-01,2.92969E-02
-3.9288480E-02,7.32422E-01,4.88281E-02
-3.9270000E-02,7.32422E-01,8.78906E-02
-3.9251520E-02,7.91016E-01,2.92969E-02
-3.9233040E-02,7.32422E-01,9.76562E-03
-3.9214560E-02,8.30078E-01,-2.92969E-02
-3.9196080E-02,7.32422E-01,4.88281E-02
-3.9177600E-02,7.71484E-01,2.92969E-02
-3.9159120E-02,7.91016E-01,6.83594E-02
-3.9140640E-02,7.51953E-01,9.76562E-03
-3.9122160E-02,7.51953E-01,2.92969E-02
-3.9103680E-02,7.32422E-01,9.76562E-03
-3.9085200E-02,7.91016E-01,2.92969E-02
-3.9066720E-02,8.30078E-01,4.88281E-02
-3.9048240E-02,7.51953E-01,4.88281E-02
-3.9029760E-02,7.91016E-01,9.76562E-03
-3.9011280E-02,7.12891E-01,9.76562E-03
-3.8992800E-02,7.32422E-01,2.92969E-02
-3.8974320E-02,7.91016E-01,9.76562E-03
-3.8955840E-02,7.12891E-01,9.76562E-03
-3.8937360E-02,7.71484E-01,2.92969E-02
-3.8918880E-02,7.71484E-01,9.76562E-03
-3.8900400E-02,7.91016E-01,4.88281E-02
-3.8881920E-02,7.71484E-01,4.88281E-02
-3.8863440E-02,7.71484E-01,6.83594E-02
-3.8844960E-02,7.71484E-01,-9.76562E-03
-3.8826480E-02,7.91016E-01,9.76562E-03
-3.8808000E-02,7.71484E-01,6.83594E-02
-3.8789520E-02,6.73828E-01,6.83594E-02
-3.8771040E-02,7.91016E-01,9.76562E-03
-3.8752560E-02,7.51953E-01,8.78906E-02
-3.8734080E-02,7.32422E-01,4.88281E-02
-3.8715600E-02,7.51953E-01,4.88281E-02
-3.8697120E-02,8.30078E-01,9.76562E-03
-3.8678640E-02,7.71484E-01,2.92969E-02
-3.8660160E-02,8.10547E-01,6.83594E-02
-3.8641680E-02,7.32422E-01,9.76562E-03
-3.8623200E-02,6.93359E-01,-9.76562E-03
-3.8604720E-02,7.12891E-01,4.88281E-02
-3.8586240E-02,7.51953E-01,2.92969E-02
-3.8567760E-02,7.71484E-01,4.88281E-02
-3.8549280E-02,7.91016E-01,-4.88281E-02
-3.8530800E-02,7.91016E-01,4.88281E-02
-3.8512320E-02,7.32422E-01,2.92969E-02
-3.8493840E-02,7.71484E-01,2.92969E-02
-3.8475360E-02,8.10547E-01,9.76562E-03
-3.8456880E-02,7.12891E-01,9.76562E-03
-3.8438400E-02,7.71484E-01,-9.76562E-03
-3.8419920E-02,7.32422E-01,4.88281E-02
-3.8401440E-02,7.32422E-01,2.92969E-02
-3.8382960E-02,7.51953E-01,4.88281E-02
-3.8364480E-02,7.71484E-01,4.88281E-02
-3.8346000E-02,7.12891E-01,4.88281E-02
-3.8327520E-02,8.30078E-01,9.76562E-03
-3.8309040E-02,7.71484E-01,-6.83594E-02
-3.8290560E-02,7.32422E-01,-4.88281E-02
-3.8272080E-02,8.30078E-01,-2.92969E-02
-3.8253600E-02,7.91016E-01,4.88281E-02
-3.8235120E-02,7.12891E-01,2.92969E-02
-3.8216640E-02,7.12891E-01,2.92969E-02
-3.8198160E-02,7.12891E-01,4.88281E-02
-3.8179680E-02,7.32422E-01,9.76562E-03
-3.8161200E-02,8.49609E-01,4.88281E-02
-3.8142720E-02,8.10547E-01,2.92969E-02
-3.8124240E-02,7.71484E-01,4.88281E-02
-3.8105760E-02,7.91016E-01,4.88281E-02
-3.8087280E-02,7.71484E-01,9.76562E-03
-3.8068800E-02,6.93359E-01,2.92969E-02
-3.8050320E-02,7.51953E-01,4.88281E-02
-3.8031840E-02,8.10547E-01,-4.88281E-02
-3.8013360E-02,7.91016E-01,-4.88281E-02
-3.7994880E-02,8.69141E-01,4.88281E-02
-3.7976400E-02,7.91016E-01,9.76562E-03
-3.7957920E-02,7.91016E-01,9.76562E-03
-3.7939440E-02,7.51953E-01,2.92969E-02
-3.7920960E-02,7.71484E-01,2.92969E-02
-3.7902480E-02,7.71484E-01,4.88281E-02
-3.7884000E-02,7.71484E-01,9.76562E-03
-3.7865520E-02,7.12891E-01,4.88281E-02
-3.7847040E-02,8.10547E-01,4.88281E-02
-3.7828560E-02,7.12891E-01,4.88281E-02
-3.7810080E-02,7.91016E-01,4.88281E-02
-3.7791600E-02,7.91016E-01,2.92969E-02
-3.7773120E-02,6.93359E-01,2.92969E-02
-3.7754640E-02,8.30078E-01,6.83594E-02
-3.7736160E-02,7.12891E-01,-9.76562E-03
-3.7717680E-02,7.12891E-01,6.83594E-02
-3.7699200E-02,8.30078E-01,6.83594E-02
-3.7680720E-02,7.51953E-01,4.88281E-02
-3.7662240E-02,7.91016E-01,4.88281E-02
-3.7643760E-02,7.32422E-01,4.88281E-02
-3.7625280E-02,7.91016E-01,4.88281E-02
-3.7606800E-02,7.51953E-01,6.83594E-02
-3.7588320E-02,7.91016E-01,9.76562E-03
-3.7569840E-02,7.32422E-01,6.83594E-02
-3.7551360E-02,7.71484E-01,9.76562E-03
-3.7532880E-02,7.71484E-01,4.88281E-02
-3.7514400E-02,8.10547E-01,9.76562E-03
-3.7495920E-02,7.71484E-01,9.76562E-03
-3.7477440E-02,7.71484E-01,-9.76562E-03
-3.7458960E-02,7.71484E-01,6.83594E-02
-3.7440480E-02,7.32422E-01,6.83594E-02
-3.7422000E-02,7.71484E-01,9.76562E-03
-3.7403520E-02,7.71484E-01,2.92969E-02
-3.7385040E-02,7.51953E-01,4.88281E-02
-3.7366560E-02,8.49609E-01,4.88281E-02
-3.7348080E-02,7.91016E-01,2.92969E-02
-3.7329600E-02,7.32422E-01,6.83594E-02
-3.7311120E-02,7.71484E-01,1.07422E-01
-3.7292640E-02,7.12891E-01,9.76562E-03
-3.7274160E-02,7.51953E-01,1.07422E-01
-3.7255680E-02,7.32422E-01,-9.76562E-03
-3.7237200E-02,7.12891E-01,2.92969E-02
-3.7218720E-02,7.32422E-01,-9.76562E-03
-3.7200240E-02,7.71484E-01,6.83594E-02
-3.7181760E-02,7.71484E-01,1.07422E-01
-3.7163280E-02,7.32422E-01,6.83594E-02
-3.7144800E-02,7.91016E-01,2.92969E-02
-3.7126320E-02,7.91016E-01,2.92969E-02
-3.7107840E-02,8.10547E-01,9.76562E-03
-3.7089360E-02,7.71484E-01,6.83594E-02
-3.7070880E-02,7.51953E-01,2.92969E-02
-3.7052400E-02,7.91016E-01,4.88281E-02
-3.7033920E-02,7.51953E-01,4.88281E-02
-3.7015440E-02,7.91016E-01,9.76562E-03
-3.6996960E-02,7.91016E-01,6.83594E-02
-3.6978480E-02,7.32422E-01,8.78906E-02
-3.6960000E-02,7.91016E-01,2.92969E-02
-3.6941520E-02,7.51953E-01,6.83594E-02
-3.6923040E-02,7.32422E-01,2.92969E-02
-3.6904560E-02,8.10547E-01,4.88281E-02
-3.6886080E-02,7.91016E-01,9.76562E-03
-3.6867600E-02,7.71484E-01,-9.76562E-03
-3.6849120E-02,7.91016E-01,4.88281E-02
-3.6830640E-02,7.32422E-01,2.92969E-02
-3.6812160E-02,7.51953E-01,9.76562E-03
-3.6793680E-02,7.91016E-01,9.76562E-03
-3.6775200E-02,7.12891E-01,9.76562E-03
-3.6756720E-02,7.32422E-01,4.88281E-02
-3.6738240E-02,8.30078E-01,9.76562E-03
-3.6719760E-02,7.71484E-01,4.88281E-02
-3.6701280E-02,8.10547E-01,-9.76562E-03
-3.6682800E-02,7.71484E-01,6.83594E-02
-3.6664320E-02,7.91016E-01,8.78906E-02
-3.6645840E-02,8.30078E-01,4.88281E-02
-3.6627360E-02,8.69141E-01,9.76562E-03
-3.6608880E-02,8.10547E-01,9.76562E-03
-3.6590400E-02,7.32422E-01,4.88281E-02
-3.6571920E-02,7.12891E-01,9.76562E-03
-3.6553440E-02,8.30078E-01,4.88281E-02
-3.6534960E-02,8.30078E-01,9.76562E-03
-3.6516480E-02,7.71484E-01,-9.76562E-03
-3.6498000E-02,7.51953E-01,4.88281E-02
-3.6479520E-02,7.51953E-01,2.92969E-02
-3.6461040E-02,7.91016E-01,6.83594E-02
-3.6442560E-02,8.10547E-01,8.78906E-02
-3.6424080E-02,7.71484E-01,2.92969E-02
-3.6405600E-02,8.30078E-01,8.78906E-02
-3.6387120E-02,7.32422E-01,2.92969E-02
-3.6368640E-02,8.49609E-01,2.92969E-02
-3.6350160E-02,7.71484E-01,4.88281E-02
-3.6331680E-02,8.49609E-01,9.76562E-03
-3.6313200E-02,7.12891E-01,2.92969E-02
-3.6294720E-02,7.71484E-01,-6.83594E-02
-3.6276240E-02,7.71484E-01,2.92969E-02
-3.6257760E-02,7.91016E-01,2.92969E-02
-3.6239280E-02,7.91016E-01,4.88281E-02
-3.6220800E-02,7.91016E-01,4.88281E-02
-3.6202320E-02,7.91016E-01,2.92969E-02
-3.6183840E-02,8.10547E-01,2.92969E-02
-3.6165360E-02,6.93359E-01,9.76562E-03
-3.6146880E-02,8.49609E-01,2.92969E-02
-3.6128400E-02,7.71484E-01,6.83594E-02
-3.6109920E-02,8.10547E-01,2.92969E-02
-3.6091440E-02,7.91016E-01,6.83594E-02
-3.6072960E-02,7.91016E-01,-4.88281E-02
-3.6054480E-02,7.91016E-01,2.92969E-02
-3.6036000E-02,8.49609E-01,4.88281E-02
-3.6017520E-02,7.91016E-01,6.83594E-02
-3.5999040E-02,7.71484E-01,9.76562E-03
-3.5980560E-02,7.32422E-01,9.76562E-03
-3.5962080E-02,7.71484E-01,2.92969E-02
-3.5943600E-02,7.51953E-01,2.92969E-02
-3.5925120E-02,8.49609E-01,9.76562E-03
-3.5906640E-02,7.32422E-01,9.76562E-03
-3.5888160E-02,7.71484E-01,9.76562E-03
-3.5869680E-02,7.51953E-01,2.92969E-02
-3.5851200E-02,8.30078E-01,9.76562E-03
-3.5832720E-02,6.73828E-01,1.07422E-01
-3.5814240E-02,6.93359E-01,2.92969E-02
-3.5795760E-02,7.91016E-01,9.76562E-03
-3.5777280E-02,7.91016E-01,9.76562E-03
-3.5758800E-02,7.71484E-01,4.88281E-02
-3.5740320E-02,8.30078E-01,9.76562E-03
-3.5721840E-02,7.91016E-01,4.88281E-02
-3.5703360E-02,7.71484E-01,-4.88281E-02
-3.5684880E-02,7.71484E-01,6.83594E-02
-3.5666400E-02,8.30078E-01,9.76562E-03
-3.5647920E-02,7.32422E-01,2.92969E-02
-3.5629440E-02,8.69141E-01,2.92969E-02
-3.5610960E-02,7.71484E-01,-2.92969E-02
-3.5592480E-02,8.30078E-01,-9.76562E-03
-3.5574000E-02,7.91016E-01,4.88281E-02
-3.5555520E-02,7.91016E-01,9.76562E-03
-3.5537040E-02,7.51953E-01,9.76562E-03
-3.5518560E-02,8.10547E-01,-2.92969E-02
-3.5500080E-02,7.12891E-01,2.92969E-02
-3.5481600E-02,7.51953E-01,2.92969E-02
-3.5463120E-02,7.51953E-01,6.83594E-02
-3.5444640E-02,7.71484E-01,-2.92969E-02
-3.5426160E-02,6.93359E-01,6.83594E-02
-3.5407680E-02,7.71484E-01,8.78906E-02
-3.5389200E-02,7.71484E-01,2.92969E-02
-3.5370720E-02,7.51953E-01,8.78906E-02
-3.5352240E-02,7.71484E-01,2.92969E-02
-3.5333760E-02,7.91016E-01,9.76562E-03
-3.5315280E-02,7.12891E-01,6.83594E-02
-3.5296800E-02,8.10547E-01,9.76562E-03
-3.5278320E-02,7.51953E-01,8.78906E-02
-3.5259840E-02,7.91016E-01,9.76562E-03
-3.5241360E-02,7.71484E-01,2.92969E-02
-3.5222880E-02,7.51953E-01,4.88281E-02
-3.5204400E-02,7.51953E-01,8.78906E-02
-3.5185920E-02,7.51953E-01,-9.76562E-03
-3.5167440E-02,7.51953E-01,4.88281E-02
-3.5148960E-02,8.30078E-01,9.76562E-03
-3.5130480E-02,7.51953E-01,4.88281E-02
-3.5112000E-02,7.91016E-01,2.92969E-02
-3.5093520E-02,7.12891E-01,4.88281E-02
-3.5075040E-02,7.71484E-01,2.92969E-02
-3.5056560E-02,7.71484E-01,9.76562E-03
-3.5038080E-02,8.69141E-01,-8.78906E-02
-3.5019600E-02,7.51953E-01,4.88281E-02
-3.5001120E-02,7.71484E-01,4.88281E-02
-3.4982640E-02,7.91016E-01,9.76562E-03
-3.4964160E-02,7.71484E-01,9.76562E-03
-3.4945680E-02,7.91016E-01,2.92969E-02
-3.4927200E-02,8.30078E-01,9.76562E-03
-3.4908720E-02,7.91016E-01,6.83594E-02
-3.4890240E-02,8.10547E-01,4.88281E-02
-3.4871760E-02,7.71484E-01,2.92969E-02
-3.4853280E-02,7.51953E-01,4.88281E-02
-3.4834800E-02,7.32422E-01,4.88281E-02
-3.4816320E-02,7.32422E-01,9.76562E-03
-3.4797840E-02,7.51953E-01,6.83594E-02
-3.4779360E-02,8.49609E-01,9.76562E-03
-3.4760880E-02,7.71484E-01,2.92969E-02
-3.4742400E-02,8.30078E-01,4.88281E-02
-3.4723920E-02,7.71484E-01,9.76562E-03
-3.4705440E-02,7.71484E-01,9.76562E-03
-3.4686960E-02,7.51953E-01,9.76562E-03
-3.4668480E-02,7.91016E-01,9.76562E-03
-3.4650000E-02,6.93359E-01,9.76562E-03
-3.4631520E-02,8.10547E-01,9.76562E-03
-3.4613040E-02,7.71484E-01,4.88281E-02
-3.4594560E-02,7.91016E-01,4.88281E-02
-3.4576080E-02,7.51953E-01,-4.88281E-02
-3.4557600E-02,7.51953E-01,9.76562E-03
-3.4539120E-02,7.91016E-01,9.76562E-03
-3.4520640E-02,8.30078E-01,2.92969E-02
-3.4502160E-02,7.91016E-01,4.88281E-02
-3.4483680E-02,8.30078E-01,2.92969E-02
-3.4465200E-02,7.12891E-01,2.92969E-02
-3.4446720E-02,7.91016E-01,2.92969E-02
-3.4428240E-02,8.10547E-01,2.92969E-02
-3.4409760E-02,7.91016E-01,9.76562E-03
-3.4391280E-02,7.51953E-01,2.92969E-02
-3.4372800E-02,7.91016E-01,9.76562E-03
-3.4354320E-02,7.71484E-01,4.88281E-02
-3.4335840E-02,7.91016E-01,9.76562E-03
-3.4317360E-02,7.71484E-01,1.07422E-01
-3.4298880E-02,7.91016E-01,2.92969E-02
-3.4280400E-02,7.32422E-01,2.92969E-02
-3.4261920E-02,8.49609E-01,4.88281E-02
-3.4243440E-02,7.32422E-01,2.92969E-02
-3.4224960E-02,8.10547E-01,6.83594E-02
-3.4206480E-02,7.51953E-01,4.88281E-02
-3.4188000E-02,7.71484E-01,2.92969E-02
-3.4169520E-02,7.71484E-01,9.76562E-03
-3.4151040E-02,8.69141E-01,-9.76562E-03
-3.4132560E-02,7.71484E-01,6.83594E-02
-3.4114080E-02,8.30078E-01,4.88281E-02
-3.4095600E-02,7.51953E-01,4.88281E-02
-3.4077120E-02,8.30078E-01,9.76562E-03
-3.4058640E-02,7.91016E-01,8.78906E-02
-3.4040160E-02,8.10547E-01,2.92969E-02
-3.4021680E-02,7.91016E-01,4.88281E-02
-3.4003200E-02,7.71484E-01,6.83594E-02
-3.3984720E-02,7.71484E-01,4.88281E-02
-3.3966240E-02,7.91016E-01,9.76562E-03
-3.3947760E-02,7.71484E-01,4.88281E-02
-3.3929280E-02,7.91016E-01,9.76562E-03
-3.3910800E-02,7.32422E-01,6.83594E-02
-3.3892320E-02,7.71484E-01,9.76562E-03
-3.3873840E-02,7.51953E-01,9.76562E-03
-3.3855360E-02,8.30078E-01,-2.92969E-02
-3.3836880E-02,7.71484E-01,9.76562E-03
-3.3818400E-02,7.71484E-01,9.76562E-03
-3.3799920E-02,7.32422E-01,6.83594E-02
-3.3781440E-02,8.30078E-01,4.88281E-02
-3.3762960E-02,7.91016E-01,6.83594E-02
-3.3744480E-02,7.91016E-01,8.78906E-02
-3.3726000E-02,7.91016E-01,9.76562E-03
-3.3707520E-02,8.10547E-01,-9.76562E-03
-3.3689040E-02,7.71484E-01,4.88281E-02
-3.3670560E-02,8.10547E-01,9.76562E-03
-3.3652080E-02,7.91016E-01,2.92969E-02
-3.3633600E-02,8.30078E-01,-2.92969E-02
-3.3615120E-02,7.71484E-01,4.88281E-02
-3.3596640E-02,7.91016E-01,-2.92969E-02
-3.3578160E-02,7.71484E-01,4.88281E-02
-3.3559680E-02,7.32422E-01,4.88281E-02
-3.3541200E-02,7.91016E-01,4.88281E-02
-3.3522720E-02,7.71484E-01,2.92969E-02
-3.3504240E-02,7.32422E-01,9.76562E-03
-3.3485760E-02,8.30078E-01,2.92969E-02
-3.3467280E-02,7.32422E-01,6.83594E-02
-3.3448800E-02,7.32422E-01,2.92969E-02
-3.3430320E-02,7.51953E-01,2.92969E-02
-3.3411840E-02,7.51953E-01,9.76562E-03
-3.3393360E-02,7.91016E-01,2.92969E-02
-3.3374880E-02,8.10547E-01,2.92969E-02
-3.3356400E-02,8.30078E-01,1.07422E-01
-3.3337920E-02,7.91016E-01,4.88281E-02
-3.3319440E-02,7.32422E-01,4.88281E-02
-3.3300960E-02,7.91016E-01,-6.83594E-02
-3.3282480E-02,7.51953E-01,2.92969E-02
-3.3264000E-02,7.91016E-01,-9.76562E-03
-3.3245520E-02,7.71484E-01,4.88281E-02
-3.3227040E-02,7.51953E-01,4.88281E-02
-3.3208560E-02,8.49609E-01,8.78906E-02
-3.3190080E-02,7.91016E-01,6.83594E-02
-3.3171600E-02,8.49609E-01,9.76562E-03
-3.3153120E-02,8.69141E-01,9.76562E-03
-3.3134640E-02,7.91016E-01,2.92969E-02
-3.3116160E-02,7.91016E-01,2.92969E-02
-3.3097680E-02,7.91016E-01,4.88281E-02
-3.3079200E-02,7.51953E-01,2.92969E-02
-3.3060720E-02,7.91016E-01,6.83594E-02
-3.3042240E-02,7.71484E-01,2.92969E-02
-3.3023760E-02,7.51953E-01,-9.76562E-03
-3.3005280E-02,8.10547E-01,4.88281E-02
-3.2986800E-02,8.69141E-01,6.83594E-02
-3.2968320E-02,7.91016E-01,4.88281E-02
-3.2949840E-02,8.49609E-01,4.88281E-02
-3.2931360E-02,7.91016E-01,-4.88281E-02
-3.2912880E-02,8.88672E-01,9.76562E-03
-3.2894400E-02,7.71484E-01,9.76562E-03
-3.2875920E-02,7.71484E-01,2.92969E-02
-3.2857440E-02,7.91016E-01,-9.76562E-03
-3.2838960E-02,7.32422E-01,2.92969E-02
-3.2820480E-02,7.71484E-01,9.76562E-03
-3.2802000E-02,7.91016E-01,2.92969E-02
-3.2783520E-02,8.49609E-01,6.83594E-02
-3.2765040E-02,7.51953E-01,4.88281E-02
-3.2746560E-02,7.71484E-01,2.92969E-02
-3.2728080E-02,7.51953E-01,9.76562E-03
-3.2709600E-02,7.91016E-01,1.07422E-01
-3.2691120E-02,7.12891E-01,6.83594E-02
-3.2672640E-02,7.91016E-01,-9.76562E-03
-3.2654160E-02,7.71484E-01,4.88281E-02
-3.2635680E-02,8.30078E-01,9.76562E-03
-3.2617200E-02,7.71484E-01,1.26953E-01
-3.2598720E-02,7.91016E-01,2.92969E-02
-3.2580240E-02,7.12891E-01,2.92969E-02
-3.2561760E-02,8.10547E-01,4.88281E-02
-3.2543280E-02,8.88672E-01,6.83594E-02
-3.2524800E-02,7.71484E-01,4.88281E-02
-3.2506320E-02,7.91016E-01,9.76562E-03
-3.2487840E-02,7.32422E-01,9.76562E-03
-3.2469360E-02,7.91016E-01,9.76562E-03
-3.2450880E-02,8.30078E-01,2.92969E-02
-3.2432400E-02,7.71484E-01,9.76562E-03
-3.2413920E-02,7.71484E-01,9.76562E-03
-3.2395440E-02,7.71484E-01,4.88281E-02
-3.2376960E-02,8.10547E-01,9.76562E-03
-3.2358480E-02,7.51953E-01,6.83594E-02
-3.2340000E-02,8.69141E-01,2.92969E-02
-3.2321520E-02,7.32422E-01,4.88281E-02
-3.2303040E-02,8.10547E-01,-9.76562E-03
-3.2284560E-02,7.51953E-01,2.92969E-02
-3.2266080E-02,7.71484E-01,2.92969E-02
-3.2247600E-02,8.49609E-01,-9.76562E-03
-3.2229120E-02,8.69141E-01,9.76562E-03
-3.2210640E-02,7.12891E-01,8.78906E-02
-3.2192160E-02,7.91016E-01,4.88281E-02
-3.2173680E-02,7.71484E-01,2.92969E-02
-3.2155200E-02,8.30078E-01,9.76562E-03
-3.2136720E-02,7.51953E-01,2.92969E-02
-3.2118240E-02,7.51953E-01,9.76562E-03
-3.2099760E-02,8.49609E-01,2.92969E-02
-3.2081280E-02,7.51953E-01,9.76562E-03
-3.2062800E-02,8.10547E-01,4.88281E-02
-3.2044320E-02,7.71484E-01,4.88281E-02
-3.2025840E-02,8.30078E-01,9.76562E-03
-3.2007360E-02,8.49609E-01,9.76562E-03
-3.1988880E-02,8.10547E-01,4.88281E-02
-3.1970400E-02,7.91016E-01,-2.92969E-02
-3.1951920E-02,7.71484E-01,6.83594E-02
-3.1933440E-02,8.30078E-01,2.92969E-02
-3.1914960E-02,8.30078E-01,2.92969E-02
-3.1896480E-02,7.32422E-01,9.76562E-03
-3.1878000E-02,7.71484E-01,6.83594E-02
-3.1859520E-02,8.10547E-01,2.92969E-02
-3.1841040E-02,7.71484E-01,2.92969E-02
-3.1822560E-02,8.49609E-01,2.92969E-02
-3.1804080E-02,7.51953E-01,6.83594E-02
-3.1785600E-02,7.91016E-01,2.92969E-02
-3.1767120E-02,8.88672E-01,2.92969E-02
-3.1748640E-02,8.69141E-01,9.76562E-03
-3.1730160E-02,7.32422E-01,2.92969E-02
-3.1711680E-02,8.30078E-01,9.76562E-03
-3.1693200E-02,7.71484E-01,6.83594E-02
-3.1674720E-02,8.30078E-01,2.92969E-02
-3.1656240E-02,8.49609E-01,9.76562E-03
-3.1637760E-02,7.91016E-01,-4.88281E-02
-3.1619280E-02,8.10547E-01,2.92969E-02
-3.1600800E-02,8.49609E-01,9.76562E-03
-3.1582320E-02,8.30078E-01,9.76562E-03
-3.1563840E-02,7.32422E-01,4.88281E-02
-3.1545360E-02,7.91016E-01,2.92969E-02
-3.1526880E-02,7.91016E-01,9.76562E-03
-3.1508400E-02,7.91016E-01,6.83594E-02
-3.1489920E-02,8.49609E-01,-9.76562E-03
-3.1471440E-02,8.49609E-01,6.83594E-02
-3.1452960E-02,7.71484E-01,-2.92969E-02
-3.1434480E-02,8.30078E-01,9.76562E-03
-3.1416000E-02,7.51953E-01,-9.76562E-03
-3.1397520E-02,7.51953E-01,6.83594E-02
-3.1379040E-02,8.10547E-01,6.83594E-02
-3.1360560E-02,8.49609E-01,6.83594E-02
-3.1342080E-02,7.51953E-01,-9.76562E-03
-3.1323600E-02,7.71484E-01,9.76562E-03
-3.1305120E-02,7.71484E-01,9.76562E-03
-3.1286640E-02,7.71484E-01,4.88281E-02
-3.1268160E-02,7.91016E-01,-9.76562E-03
-3.1249680E-02,7.12891E-01,2.92969E-02
-3.1231200E-02,7.51953E-01,2.92969E-02
-3.1212720E-02,7.91016E-01,6.83594E-02
-3.1194240E-02,8.49609E-01,2.92969E-02
-3.1175760E-02,7.91016E-01,2.92969E-02
-3.1157280E-02,8.49609E-01,9.76562E-03
-3.1138800E-02,7.91016E-01,6.83594E-02
-3.1120320E-02,7.51953E-01,4.88281E-02
-3.1101840E-02,7.51953E-01,8.78906E-02
-3.1083360E-02,7.91016E-01,9.76562E-03
-3.1064880E-02,8.30078E-01,2.92969E-02
-3.1046400E-02,7.71484E-01,9.76562E-03
-3.1027920E-02,7.32422E-01,2.92969E-02
-3.1009440E-02,8.10547E-01,2.92969E-02
-3.0990960E-02,8.10547E-01,6.83594E-02
-3.0972480E-02,8.49609E-01,9.76562E-03
-3.0954000E-02,7.51953E-01,-4.88281E-02
-3.0935520E-02,8.30078E-01,9.76562E-03
-3.0917040E-02,7.51953E-01,2.92969E-02
-3.0898560E-02,8.88672E-01,-2.92969E-02
-3.0880080E-02,8.69141E-01,9.76562E-03
-3.0861600E-02,8.49609E-01,2.92969E-02
-3.0843120E-02,8.10547E-01,8.78906E-02
-3.0824640E-02,8.49609E-01,2.92969E-02
-3.0806160E-02,8.30078E-01,-9.76562E-03
-3.0787680E-02,8.49609E-01,2.92969E-02
-3.0769200E-02,8.10547E-01,2.92969E-02
-3.0750720E-02,8.69141E-01,6.83594E-02
-3.0732240E-02,7.51953E-01,2.92969E-02
-3.0713760E-02,7.91016E-01,2.92969E-02
-3.0695280E-02,7.12891E-01,6.83594E-02
-3.0676800E-02,8.49609E-01,4.88281E-02
-3.0658320E-02,7.32422E-01,4.88281E-02
-3.0639840E-02,7.91016E-01,2.92969E-02
-3.0621360E-02,8.69141E-01,9.76562E-03
-3.0602880E-02,8.10547E-01,2.92969E-02
-3.0584400E-02,7.91016E-01,6.83594E-02
-3.0565920E-02,7.91016E-01,-9.76562E-03
-3.0547440E-02,7.71484E-01,4.88281E-02
-3.0528960E-02,7.91016E-01,4.88281E-02
-3.0510480E-02,7.32422E-01,4.88281E-02
-3.0492000E-02,8.49609E-01,6.83594E-02
-3.0473520E-02,8.10547E-01,4.88281E-02
-3.0455040E-02,8.30078E-01,9.76562E-03
-3.0436560E-02,8.30078E-01,4.88281E-02
-3.0418080E-02,7.51953E-01,4.88281E-02
-3.0399600E-02,7.32422E-01,4.88281E-02
-3.0381120E-02,8.49609E-01,9.76562E-03
-3.0362640E-02,7.71484E-01,4.88281E-02
-3.0344160E-02,8.30078E-01,2.92969E-02
-3.0325680E-02,7.91016E-01,9.76562E-03
-3.0307200E-02,7.71484E-01,-9.76562E-03
-3.0288720E-02,8.49609E-01,6.83594E-02
-3.0270240E-02,7.91016E-01,4.88281E-02
-3.0251760E-02,8.30078E-01,4.88281E-02
-3.0233280E-02,8.49609E-01,-2.92969E-02
-3.0214800E-02,7.12891E-01,6.83594E-02
-3.0196320E-02,8.30078E-01,2.92969E-02
-3.0177840E-02,8.69141E-01,-9.76562E-03
-3.0159360E-02,7.91016E-01,2.92969E-02
-3.0140880E-02,7.51953E-01,6.83594E-02
-3.0122400E-02,8.49609E-01,9.76562E-03
-3.0103920E-02,7.91016E-01,8.78906E-02
-3.0085440E-02,7.91016E-01,9.76562E-03
-3.0066960E-02,7.51953E-01,9.76562E-03
-3.0048480E-02,8.10547E-01,2.92969E-02
-3.0030000E-02,7.91016E-01,4.88281E-02
-3.0011520E-02,8.30078E-01,9.76562E-03
-2.9993040E-02,7.91016E-01,2.92969E-02
-2.9974560E-02,8.88672E-01,9.76562E-03
-2.9956080E-02,7.32422E-01,2.92969E-02
-2.9937600E-02,7.91016E-01,9.76562E-03
-2.9919120E-02,6.93359E-01,6.83594E-02
-2.9900640E-02,7.91016E-01,9.76562E-03
-2.9882160E-02,7.91016E-01,2.92969E-02
-2.9863680E-02,8.10547E-01,4.88281E-02
-2.9845200E-02,7.71484E-01,4.88281E-02
-2.9826720E-02,8.10547E-01,-9.76562E-03
-2.9808240E-02,7.91016E-01,4.88281E-02
-2.9789760E-02,8.69141E-01,9.76562E-03
-2.9771280E-02,8.30078E-01,2.92969E-02
-2.9752800E-02,8.30078E-01,4.88281E-02
-2.9734320E-02,7.91016E-01,6.83594E-02
-2.9715840E-02,7.32422E-01,9.76562E-03
-2.9697360E-02,8.10547E-01,6.83594E-02
-2.9678880E-02,8.49609E-01,-2.92969E-02
-2.9660400E-02,7.71484E-01,4.88281E-02
-2.9641920E-02,8.10547E-01,4.88281E-02
-2.9623440E-02,8.30078E-01,-2.92969E-02
-2.9604960E-02,7.91016E-01,9.76562E-03
-2.9586480E-02,7.32422E-01,9.76562E-03
-2.9568000E-02,8.69141E-01,4.88281E-02
-2.9549520E-02,8.49609E-01,2.92969E-02
-2.9531040E-02,8.49609E-01,9.76562E-03
-2.9512560E-02,7.51953E-01,2.92969E-02
-2.9494080E-02,7.91016E-01,9.76562E-03
-2.9475600E-02,8.30078E-01,2.92969E-02
-2.9457120E-02,8.49609E-01,9.76562E-03
-2.9438640E-02,8.49609E-01,-4.88281E-02
-2.9420160E-02,8.69141E-01,9.76562E-03
-2.9401680E-02,8.10547E-01,2.92969E-02
-2.9383200E-02,8.69141E-01,-9.76562E-03
-2.9364720E-02,7.91016E-01,2.92969E-02
-2.9346240E-02,7.91016E-01,4.88281E-02
-2.9327760E-02,8.30078E-01,1.26953E-01
-2.9309280E-02,8.49609E-01,9.76562E-03
-2.9290800E-02,7.51953E-01,6.83594E-02
-2.9272320E-02,8.10547E-01,-9.76562E-03
-2.9253840E-02,8.30078E-01,9.76562E-03
-2.9235360E-02,8.49609E-01,4.88281E-02
-2.9216880E-02,8.49609E-01,2.92969E-02
-2.9198400E-02,8.88672E-01,9.76562E-03
-2.9179920E-02,7.91016E-01,6.83594E-02
-2.9161440E-02,7.91016E-01,-9.76562E-03
-2.9142960E-02,7.91016E-01,4.88281E-02
-2.9124480E-02,8.10547E-01,2.92969E-02
-2.9106000E-02,8.10547E-01,9.76562E-03
-2.9087520E-02,8.30078E-01,-8.78906E-02
-2.9069040E-02,7.71484E-01,4.88281E-02
-2.9050560E-02,8.30078E-01,9.76562E-03
-2.9032080E-02,7.51953E-01,4.88281E-02
-2.9013600E-02,8.10547E-01,2.92969E-02
-2.8995120E-02,8.30078E-01,4.88281E-02
-2.8976640E-02,7.51953E-01,4.88281E-02
-2.8958160E-02,8.49609E-01,2.92969E-02
-2.8939680E-02,8.30078E-01,-9.76562E-03
-2.8921200E-02,7.51953E-01,4.88281E-02
-2.8902720E-02,8.69141E-01,2.92969E-02
-2.8884240E-02,7.71484E-01,6.83594E-02
-2.8865760E-02,7.71484E-01,4.88281E-02
-2.8847280E-02,7.91016E-01,2.92969E-02
-2.8828800E-02,8.30078E-01,4.88281E-02
-2.8810320E-02,7.71484E-01,6.83594E-02
-2.8791840E-02,8.30078E-01,2.92969E-02
-2.8773360E-02,7.91016E-01,6.83594E-02
-2.8754880E-02,8.49609E-01,6.83594E-02
-2.8736400E-02,7.91016E-01,2.92969E-02
-2.8717920E-02,8.30078E-01,9.76562E-03
-2.8699440E-02,7.91016E-01,6.83594E-02
-2.8680960E-02,8.49609E-01,2.92969E-02
-2.8662480E-02,7.91016E-01,4.88281E-02
-2.8644000E-02,8.30078E-01,6.83594E-02
-2.8625520E-02,7.51953E-01,-9.76562E-03
-2.8607040E-02,8.10547E-01,2.92969E-02
-2.8588560E-02,7.71484E-01,6.83594E-02
-2.8570080E-02,7.91016E-01,-2.92969E-02
-2.8551600E-02,7.91016E-01,2.92969E-02
-2.8533120E-02,8.10547E-01,4.88281E-02
-2.8514640E-02,7.51953E-01,6.83594E-02
-2.8496160E-02,8.49609E-01,9.76562E-03
-2.8477680E-02,8.10547E-01,-9.76562E-03
-2.8459200E-02,7.71484E-01,9.76562E-03
-2.8440720E-02,7.51953E-01,2.92969E-02
-2.8422240E-02,8.10547E-01,9.76562E-03
-2.8403760E-02,7.51953E-01,4.88281E-02
-2.8385280E-02,7.71484E-01,-9.76562E-03
-2.8366800E-02,7.71484E-01,-9.76562E-03
-2.8348320E-02,8.10547E-01,2.92969E-02
-2.8329840E-02,7.71484E-01,4.88281E-02
-2.8311360E-02,8.10547E-01,-2.92969E-02
-2.8292880E-02,7.51953E-01,4.88281E-02
-2.8274400E-02,7.91016E-01,2.92969E-02
-2.8255920E-02,8.10547E-01,6.83594E-02
-2.8237440E-02,8.30078E-01,4.88281E-02
-2.8218960E-02,7.51953E-01,1.46484E-01
-2.8200480E-02,8.49609E-01,9.76562E-03
-2.8182000E-02,7.51953E-01,4.88281E-02
-2.8163520E-02,8.88672E-01,9.76562E-03
-2.8145040E-02,7.12891E-01,6.83594E-02
-2.8126560E-02,8.30078E-01,4.88281E-02
-2.8108080E-02,7.51953E-01,8.78906E-02
-2.8089600E-02,7.91016E-01,9.76562E-03
-2.8071120E-02,8.30078E-01,2.92969E-02
-2.8052640E-02,8.30078E-01,4.88281E-02
-2.8034160E-02,7.71484E-01,6.83594E-02
-2.8015680E-02,7.91016E-01,6.83594E-02
-2.7997200E-02,8.10547E-01,9.76562E-03
-2.7978720E-02,8.30078E-01,9.76562E-03
-2.7960240E-02,7.32422E-01,9.76562E-03
-2.7941760E-02,8.69141E-01,9.76562E-03
-2.7923280E-02,7.91016E-01,4.88281E-02
-2.7904800E-02,8.49609E-01,6.83594E-02
-2.7886320E-02,7.71484E-01,4.88281E-02
-2.7867840E-02,7.32422E-01,-2.92969E-02
-2.7849360E-02,8.10547E-01,4.88281E-02
-2.7830880E-02,8.10547E-01,4.88281E-02
-2.7812400E-02,7.91016E-01,1.07422E-01
-2.7793920E-02,7.91016E-01,9.76562E-03
-2.7775440E-02,8.49609E-01,-4.88281E-02
-2.7756960E-02,8.30078E-01,4.88281E-02
-2.7738480E-02,7.91016E-01,2.92969E-02
-2.7720000E-02,8.30078E-01,9.76562E-03
-2.7701520E-02,8.10547E-01,4.88281E-02
-2.7683040E-02,7.91016E-01,2.92969E-02
-2.7664560E-02,8.10547E-01,9.76562E-03
-2.7646080E-02,7.91016E-01,4.88281E-02
-2.7627600E-02,7.91016E-01,9.76562E-03
-2.7609120E-02,8.49609E-01,2.92969E-02
-2.7590640E-02,7.91016E-01,2.92969E-02
-2.7572160E-02,8.69141E-01,9.76562E-03
-2.7553680E-02,7.71484E-01,9.76562E-03
-2.7535200E-02,7.51953E-01,6.83594E-02
-2.7516720E-02,7.91016E-01,2.92969E-02
-2.7498240E-02,7.71484E-01,2.92969E-02
-2.7479760E-02,7.12891E-01,2.92969E-02
-2.7461280E-02,8.10547E-01,9.76562E-03
-2.7442800E-02,7.71484E-01,8.78906E-02
-2.7424320E-02,8.49609E-01,2.92969E-02
-2.7405840E-02,8.69141E-01,6.83594E-02
-2.7387360E-02,8.10547E-01,4.88281E-02
-2.7368880E-02,8.49609E-01,4.88281E-02
-2.7350400E-02,7.91016E-01,9.76562E-03
-2.7331920E-02,7.71484E-01,1.26953E-01
-2.7313440E-02,7.71484E-01,2.92969E-02
-2.7294960E-02,7.71484E-01,6.83594E-02
-2.7276480E-02,8.10547E-01,-9.76562E-03
-2.7258000E-02,7.32422E-01,1.26953E-01
-2.7239520E-02,7.71484E-01,9.76562E-03
-2.7221040E-02,8.49609E-01,2.92969E-02
-2.7202560E-02,7.32422E-01,2.92969E-02
-2.7184080E-02,7.91016E-01,9.76562E-03
-2.7165600E-02,8.30078E-01,9.76562E-03
-2.7147120E-02,7.51953E-01,8.78906E-02
-2.7128640E-02,7.91016E-01,4.88281E-02
-2.7110160E-02,8.10547E-01,6.83594E-02
-2.7091680E-02,8.88672E-01,4.88281E-02
-2.7073200E-02,7.91016E-01,9.76562E-03
-2.7054720E-02,8.88672E-01,6.83594E-02
-2.7036240E-02,8.10547E-01,4.88281E-02
-2.7017760E-02,8.10547E-01,2.92969E-02
-2.6999280E-02,7.91016E-01,9.76562E-03
-2.6980800E-02,8.49609E-01,9.76562E-03
-2.6962320E-02,7.91016E-01,6.83594E-02
-2.6943840E-02,8.30078E-01,2.92969E-02
-2.6925360E-02,8.10547E-01,2.92969E-02
-2.6906880E-02,8.30078E-01,2.92969E-02
-2.6888400E-02,8.49609E-01,9.76562E-03
-2.6869920E-02,7.51953E-01,9.76562E-03
-2.6851440E-02,7.51953E-01,9.76562E-03
-2.6832960E-02,7.91016E-01,9.76562E-03
-2.6814480E-02,7.51953E-01,9.76562E-03
-2.6796000E-02,8.30078E-01,-9.76562E-03
-2.6777520E-02,8.10547E-01,-9.76562E-03
-2.6759040E-02,7.32422E-01,2.92969E-02
-2.6740560E-02,7.32422E-01,6.83594E-02
-2.6722080E-02,8.10547E-01,-9.76562E-03
-2.6703600E-02,8.30078E-01,6.83594E-02
-2.6685120E-02,8.10547E-01,4.88281E-02
-2.6666640E-02,8.30078E-01,4.88281E-02
-2.6648160E-02,8.49609E-01,9.76562E-03
-2.6629680E-02,7.32422E-01,9.76562E-03
-2.6611200E-02,8.49609E-01,9.76562E-03
-2.6592720E-02,8.30078E-01,2.92969E-02
-2.6574240E-02,8.10547E-01,4.88281E-02
-2.6555760E-02,8.10547E-01,2.92969E-02
-2.6537280E-02,8.10547E-01,2.92969E-02
-2.6518800E-02,7.51953E-01,6.83594E-02
-2.6500320E-02,8.49609E-01,4.88281E-02
-2.6481840E-02,7.91016E-01,2.92969E-02
-2.6463360E-02,8.49609E-01,9.76562E-03
-2.6444880E-02,8.30078E-01,2.92969E-02
-2.6426400E-02,8.49609E-01,-9.76562E-03
-2.6407920E-02,8.10547E-01,2.92969E-02
-2.6389440E-02,8.69141E-01,-9.76562E-03
-2.6370960E-02,7.71484E-01,2.92969E-02
-2.6352480E-02,7.91016E-01,-9.76562E-03
-2.6334000E-02,7.91016E-01,9.76562E-03
-2.6315520E-02,8.30078E-01,4.88281E-02
-2.6297040E-02,7.71484E-01,9.76562E-03
-2.6278560E-02,7.71484E-01,9.76562E-03
-2.6260080E-02,8.30078E-01,-9.76562E-03
-2.6241600E-02,8.10547E-01,4.88281E-02
-2.6223120E-02,7.91016E-01,2.92969E-02
-2.6204640E-02,7.51953E-01,4.88281E-02
-2.6186160E-02,7.91016E-01,9.76562E-03
-2.6167680E-02,8.10547E-01,4.88281E-02
-2.6149200E-02,8.69141E-01,4.88281E-02
-2.6130720E-02,8.49609E-01,9.76562E-03
-2.6112240E-02,7.51953E-01,-9.76562E-03
-2.6093760E-02,8.69141E-01,2.92969E-02
-2.6075280E-02,8.49609E-01,1.07422E-01
-2.6056800E-02,7.32422E-01,9.76562E-03
-2.6038320E-02,8.10547E-01,9.76562E-03
-2.6019840E-02,7.51953E-01,4.88281E-02
-2.6001360E-02,7.91016E-01,4.88281E-02
-2.5982880E-02,7.71484E-01,6.83594E-02
-2.5964400E-02,8.30078E-01,6.83594E-02
-2.5945920E-02,8.30078E-01,2.92969E-02
-2.5927440E-02,7.51953E-01,2.92969E-02
-2.5908960E-02,8.30078E-01,9.76562E-03
-2.5890480E-02,7.71484E-01,6.83594E-02
-2.5872000E-02,8.49609E-01,9.76562E-03
-2.5853520E-02,8.30078E-01,4.88281E-02
-2.5835040E-02,8.49609E-01,4.88281E-02
-2.5816560E-02,7.71484E-01,9.76562E-03
-2.5798080E-02,8.49609E-01,9.76562E-03
-2.5779600E-02,8.49609E-01,4.88281E-02
-2.5761120E-02,8.49609E-01,9.76562E-03
-2.5742640E-02,7.91016E-01,2.92969E-02
-2.5724160E-02,8.30078E-01,2.92969E-02
-2.5705680E-02,8.10547E-01,9.76562E-03
-2.5687200E-02,8.49609E-01,2.92969E-02
-2.5668720E-02,7.51953E-01,1.07422E-01
-2.5650240E-02,8.30078E-01,2.92969E-02
-2.5631760E-02,7.91016E-01,6.83594E-02
-2.5613280E-02,8.49609E-01,2.92969E-02
-2.5594800E-02,8.10547E-01,4.88281E-02
-2.5576320E-02,8.49609E-01,-9.76562E-03
-2.5557840E-02,7.91016E-01,4.88281E-02
-2.5539360E-02,8.69141E-01,9.76562E-03
-2.5520880E-02,8.30078E-01,4.88281E-02
-2.5502400E-02,8.69141E-01,9.76562E-03
-2.5483920E-02,7.91016E-01,4.88281E-02
-2.5465440E-02,8.30078E-01,9.76562E-03
-2.5446960E-02,7.91016E-01,1.07422E-01
-2.5428480E-02,8.30078E-01,9.76562E-03
-2.5410000E-02,7.91016E-01,6.83594E-02
-2.5391520E-02,8.49609E-01,6.83594E-02
-2.5373040E-02,7.71484E-01,6.83594E-02
-2.5354560E-02,8.49609E-01,1.07422E-01
-2.5336080E-02,8.49609E-01,2.92969E-02
-2.5317600E-02,8.49609E-01,4.88281E-02
-2.5299120E-02,8.10547E-01,4.88281E-02
-2.5280640E-02,8.49609E-01,9.76562E-03
-2.5262160E-02,7.71484E-01,4.88281E-02
-2.5243680E-02,8.49609E-01,-2.92969E-02
-2.5225200E-02,7.51953E-01,4.88281E-02
-2.5206720E-02,8.49609E-01,6.83594E-02
-2.5188240E-02,8.69141E-01,2.92969E-02
-2.5169760E-02,8.30078E-01,4.88281E-02
-2.5151280E-02,7.71484E-01,9.76562E-03
-2.5132800E-02,8.49609E-01,4.88281E-02
-2.5114320E-02,7.51953E-01,4.88281E-02
-2.5095840E-02,8.10547E-01,2.92969E-02
-2.5077360E-02,7.91016E-01,8.78906E-02
-2.5058880E-02,9.08203E-01,2.92969E-02
-2.5040400E-02,7.91016E-01,4.88281E-02
-2.5021920E-02,8.49609E-01,9.76562E-03
-2.5003440E-02,7.91016E-01,2.92969E-02
-2.4984960E-02,8.49609E-01,9.76562E-03
-2.4966480E-02,7.71484E-01,-4.88281E-02
-2.4948000E-02,8.49609E-01,2.92969E-02
-2.4929520E-02,9.08203E-01,9.76562E-03
-2.4911040E-02,8.88672E-01,4.88281E-02
-2.4892560E-02,7.91016E-01,2.92969E-02
-2.4874080E-02,7.71484E-01,-9.76562E-03
-2.4855600E-02,8.49609E-01,4.88281E-02
-2.4837120E-02,8.30078E-01,2.92969E-02
-2.4818640E-02,7.91016E-01,6.83594E-02
-2.4800160E-02,7.71484E-01,4.88281E-02
-2.4781680E-02,8.30078E-01,9.76562E-03
-2.4763200E-02,8.49609E-01,9.76562E-03
-2.4744720E-02,8.88672E-01,4.88281E-02
-2.4726240E-02,8.49609E-01,9.76562E-03
-2.4707760E-02,8.30078E-01,2.92969E-02
-2.4689280E-02,8.49609E-01,9.76562E-03
-2.4670800E-02,8.30078E-01,8.78906E-02
-2.4652320E-02,7.91016E-01,2.92969E-02
-2.4633840E-02,8.10547E-01,6.83594E-02
-2.4615360E-02,8.88672E-01,2.92969E-02
-2.4596880E-02,7.91016E-01,-2.92969E-02
-2.4578400E-02,7.91016E-01,-2.92969E-02
-2.4559920E-02,7.91016E-01,6.83594E-02
-2.4541440E-02,8.69141E-01,4.88281E-02
-2.4522960E-02,7.51953E-01,4.88281E-02
-2.4504480E-02,8.49609E-01,8.78906E-02
-2.4486000E-02,7.91016E-01,4.88281E-02
-2.4467520E-02,8.49609E-01,4.88281E-02
-2.4449040E-02,7.91016E-01,8.78906E-02
-2.4430560E-02,8.69141E-01,-9.76562E-03
-2.4412080E-02,8.49609E-01,4.88281E-02
-2.4393600E-02,8.30078E-01,4.88281E-02
-2.4375120E-02,7.91016E-01,2.92969E-02
-2.4356640E-02,8.49609E-01,6.83594E-02
-2.4338160E-02,8.88672E-01,9.76562E-03
-2.4319680E-02,8.49609E-01,4.88281E-02
-2.4301200E-02,7.71484E-01,6.83594E-02
-2.4282720E-02,8.10547E-01,2.92969E-02
-2.4264240E-02,7.51953E-01,4.88281E-02
-2.4245760E-02,8.69141E-01,9.76562E-03
-2.4227280E-02,7.71484E-01,2.92969E-02
-2.4208800E-02,8.10547E-01,6.83594E-02
-2.4190320E-02,8.49609E-01,2.92969E-02
-2.4171840E-02,8.49609E-01,2.92969E-02
-2.4153360E-02,8.49609E-01,2.92969E-02
-2.4134880E-02,7.32422E-01,4.88281E-02
-2.4116400E-02,7.51953E-01,-2.92969E-02
-2.4097920E-02,7.51953E-01,4.88281E-02
-2.4079440E-02,8.49609E-01,2.92969E-02
-2.4060960E-02,8.69141E-01,9.76562E-03
-2.4042480E-02,7.71484E-01,6.83594E-02
-2.4024000E-02,8.10547E-01,4.88281E-02
-2.4005520E-02,9.08203E-01,2.92969E-02
-2.3987040E-02,8.10547E-01,9.76562E-03
-2.3968560E-02,7.71484E-01,6.83594E-02
-2.3950080E-02,7.51953E-01,2.92969E-02
-2.3931600E-02,7.51953E-01,6.83594E-02
-2.3913120E-02,8.30078E-01,2.92969E-02
-2.3894640E-02,8.88672E-01,6.83594E-02
-2.3876160E-02,8.49609E-01,-4.88281E-02
-2.3857680E-02,8.49609E-01,2.92969E-02
-2.3839200E-02,8.88672E-01,9.76562E-03
-2.3820720E-02,7.91016E-01,6.83594E-02
-2.3802240E-02,8.69141E-01,2.92969E-02
-2.3783760E-02,8.49609E-01,6.83594E-02
-2.3765280E-02,8.49609E-01,9.76562E-03
-2.3746800E-02,7.91016E-01,6.83594E-02
-2.3728320E-02,8.10547E-01,9.76562E-03
-2.3709840E-02,8.30078E-01,2.92969E-02
-2.3691360E-02,8.69141E-01,9.76562E-03
-2.3672880E-02,8.10547E-01,2.92969E-02
-2.3654400E-02,8.69141E-01,9.76562E-03
-2.3635920E-02,7.51953E-01,4.88281E-02
-2.3617440E-02,8.30078E-01,9.76562E-03
-2.3598960E-02,8.10547E-01,-4.88281E-02
-2.3580480E-02,8.49609E-01,9.76562E-03
-2.3562000E-02,8.49609E-01,9.76562E-03
-2.3543520E-02,8.30078E-01,2.92969E-02
-2.3525040E-02,8.69141E-01,9.76562E-03
-2.3506560E-02,8.30078E-01,2.92969E-02
-2.3488080E-02,8.69141E-01,9.76562E-03
-2.3469600E-02,8.30078E-01,4.88281E-02
-2.3451120E-02,8.30078E-01,2.92969E-02
-2.3432640E-02,8.30078E-01,-9.76562E-03
-2.3414160E-02,7.71484E-01,4.88281E-02
-2.3395680E-02,8.30078E-01,2.92969E-02
-2.3377200E-02,8.30078E-01,6.83594E-02
-2.3358720E-02,8.30078E-01,2.92969E-02
-2.3340240E-02,7.91016E-01,1.26953E-01
-2.3321760E-02,8.49609E-01,2.92969E-02
-2.3303280E-02,8.30078E-01,4.88281E-02
-2.3284800E-02,7.91016E-01,9.76562E-03
-2.3266320E-02,8.30078E-01,6.83594E-02
-2.3247840E-02,7.71484E-01,-2.92969E-02
-2.3229360E-02,8.10547E-01,2.92969E-02
-2.3210880E-02,8.49609E-01,2.92969E-02
-2.3192400E-02,8.49609E-01,6.83594E-02
-2.3173920E-02,8.49609E-01,9.76562E-03
-2.3155440E-02,8.30078E-01,-2.92969E-02
-2.3136960E-02,8.49609E-01,-9.76562E-03
-2.3118480E-02,8.10547E-01,4.88281E-02
-2.3100000E-02,8.49609E-01,2.92969E-02
-2.3081520E-02,7.71484E-01,4.88281E-02
-2.3063040E-02,8.69141E-01,9.76562E-03
-2.3044560E-02,7.91016E-01,2.92969E-02
-2.3026080E-02,7.71484E-01,9.76562E-03
-2.3007600E-02,8.49609E-01,8.78906E-02
-2.2989120E-02,7.71484E-01,9.76562E-03
-2.2970640E-02,7.91016E-01,2.92969E-02
-2.2952160E-02,9.08203E-01,9.76562E-03
-2.2933680E-02,8.10547E-01,-2.92969E-02
-2.2915200E-02,8.69141E-01,-9.76562E-03
-2.2896720E-02,8.69141E-01,4.88281E-02
-2.2878240E-02,8.69141E-01,9.76562E-03
-2.2859760E-02,7.91016E-01,4.88281E-02
-2.2841280E-02,8.69141E-01,2.92969E-02
-2.2822800E-02,8.30078E-01,2.92969E-02
-2.2804320E-02,8.69141E-01,6.83594E-02
-2.2785840E-02,7.91016E-01,6.83594E-02
-2.2767360E-02,8.69141E-01,4.88281E-02
-2.2748880E-02,8.30078E-01,4.88281E-02
-2.2730400E-02,7.91016E-01,9.76562E-03
-2.2711920E-02,8.30078E-01,6.83594E-02
-2.2693440E-02,8.30078E-01,2.92969E-02
-2.2674960E-02,7.91016E-01,6.83594E-02
-2.2656480E-02,8.49609E-01,9.76562E-03
-2.2638000E-02,7.91016E-01,4.88281E-02
-2.2619520E-02,7.91016E-01,9.76562E-03
-2.2601040E-02,8.49609E-01,2.92969E-02
-2.2582560E-02,8.49609E-01,-9.76562E-03
-2.2564080E-02,7.91016E-01,4.88281E-02
-2.2545600E-02,8.49609E-01,4.88281E-02
-2.2527120E-02,7.51953E-01,2.92969E-02
-2.2508640E-02,8.49609E-01,2.92969E-02
-2.2490160E-02,7.91016E-01,4.88281E-02
-2.2471680E-02,8.30078E-01,4.88281E-02
-2.2453200E-02,7.91016E-01,2.92969E-02
-2.2434720E-02,7.71484E-01,6.83594E-02
-2.2416240E-02,8.10547E-01,2.92969E-02
-2.2397760E-02,8.49609E-01,9.76562E-03
-2.2379280E-02,7.91016E-01,6.83594E-02
-2.2360800E-02,8.69141E-01,9.76562E-03
-2.2342320E-02,7.51953E-01,6.83594E-02
-2.2323840E-02,8.69141E-01,2.92969E-02
-2.2305360E-02,8.49609E-01,6.83594E-02
-2.2286880E-02,9.27734E-01,9.76562E-03
-2.2268400E-02,8.88672E-01,6.83594E-02
-2.2249920E-02,8.49609E-01,4.88281E-02
-2.2231440E-02,7.71484E-01,2.92969E-02
-2.2212960E-02,8.69141E-01,9.76562E-03
-2.2194480E-02,8.69141E-01,9.76562E-03
-2.2176000E-02,8.69141E-01,8.78906E-02
-2.2157520E-02,8.30078E-01,2.92969E-02
-2.2139040E-02,7.91016E-01,9.76562E-03
-2.2120560E-02,8.69141E-01,2.92969E-02
-2.2102080E-02,8.49609E-01,-9.76562E-03
-2.2083600E-02,7.51953E-01,2.92969E-02
-2.2065120E-02,8.30078E-01,4.88281E-02
-2.2046640E-02,8.10547E-01,6.83594E-02
-2.2028160E-02,7.71484E-01,9.76562E-03
-2.2009680E-02,7.71484E-01,9.76562E-03
-2.1991200E-02,8.69141E-01,4.88281E-02
-2.1972720E-02,8.69141E-01,2.92969E-02
-2.1954240E-02,8.88672E-01,9.76562E-03
-2.1935760E-02,8.10547E-01,2.92969E-02
-2.1917280E-02,8.10547E-01,2.92969E-02
-2.1898800E-02,8.10547E-01,6.83594E-02
-2.1880320E-02,8.30078E-01,9.76562E-03
-2.1861840E-02,8.49609E-01,4.88281E-02
-2.1843360E-02,8.30078E-01,4.88281E-02
-2.1824880E-02,8.49609E-01,2.92969E-02
-2.1806400E-02,8.10547E-01,2.92969E-02
-2.1787920E-02,7.51953E-01,9.76562E-03
-2.1769440E-02,8.49609E-01,9.76562E-03
-2.1750960E-02,7.71484E-01,6.83594E-02
-2.1732480E-02,7.71484E-01,-9.76562E-03
-2.1714000E-02,8.49609E-01,6.83594E-02
-2.1695520E-02,8.88672E-01,6.83594E-02
-2.1677040E-02,8.49609E-01,9.76562E-03
-2.1658560E-02,7.91016E-01,6.83594E-02
-2.1640080E-02,8.10547E-01,4.88281E-02
-2.1621600E-02,8.30078E-01,-9.76562E-03
-2.1603120E-02,8.10547E-01,4.88281E-02
-2.1584640E-02,8.69141E-01,2.92969E-02
-2.1566160E-02,8.88672E-01,8.78906E-02
-2.1547680E-02,8.49609E-01,9.76562E-03
-2.1529200E-02,8.69141E-01,9.76562E-03
-2.1510720E-02,8.10547E-01,9.76562E-03
-2.1492240E-02,8.49609E-01,9.76562E-03
-2.1473760E-02,7.51953E-01,4.88281E-02
-2.1455280E-02,8.49609E-01,9.76562E-03
-2.1436800E-02,8.88672E-01,6.83594E-02
-2.1418320E-02,8.69141E-01,4.88281E-02
-2.1399840E-02,8.49609E-01,9.76562E-03
-2.1381360E-02,7.91016E-01,4.88281E-02
-2.1362880E-02,8.49609E-01,6.83594E-02
-2.1344400E-02,7.91016E-01,4.88281E-02
-2.1325920E-02,9.08203E-01,9.76562E-03
-2.1307440E-02,7.91016E-01,1.07422E-01
-2.1288960E-02,8.49609E-01,2.92969E-02
-2.1270480E-02,7.91016E-01,6.83594E-02
-2.1252000E-02,8.49609E-01,9.76562E-03
-2.1233520E-02,8.49609E-01,4.88281E-02
-2.1215040E-02,8.10547E-01,2.92969E-02
-2.1196560E-02,7.91016E-01,4.88281E-02
-2.1178080E-02,8.69141E-01,-2.92969E-02
-2.1159600E-02,8.69141E-01,6.83594E-02
-2.1141120E-02,7.91016E-01,4.88281E-02
-2.1122640E-02,7.91016E-01,6.83594E-02
-2.1104160E-02,7.91016E-01,9.76562E-03
-2.1085680E-02,8.49609E-01,4.88281E-02
-2.1067200E-02,9.27734E-01,9.76562E-03
-2.1048720E-02,7.71484E-01,2.92969E-02
-2.1030240E-02,8.49609E-01,4.88281E-02
-2.1011760E-02,8.10547E-01,2.92969E-02
-2.0993280E-02,9.08203E-01,6.83594E-02
-2.0974800E-02,8.69141E-01,6.83594E-02
-2.0956320E-02,7.91016E-01,-9.76562E-03
-2.0937840E-02,8.88672E-01,8.78906E-02
-2.0919360E-02,9.08203E-01,9.76562E-03
-2.0900880E-02,8.49609E-01,4.88281E-02
-2.0882400E-02,8.49609E-01,9.76562E-03
-2.0863920E-02,8.49609E-01,9.76562E-03
-2.0845440E-02,9.08203E-01,2.92969E-02
-2.0826960E-02,8.30078E-01,2.92969E-02
-2.0808480E-02,8.30078E-01,-2.92969E-02
-2.0790000E-02,7.91016E-01,9.76562E-03
-2.0771520E-02,8.69141E-01,2.92969E-02
-2.0753040E-02,8.69141E-01,9.76562E-03
-2.0734560E-02,8.69141E-01,9.76562E-03
-2.0716080E-02,8.10547E-01,4.88281E-02
-2.0697600E-02,8.30078E-01,4.88281E-02
-2.0679120E-02,7.51953E-01,6.83594E-02
-2.0660640E-02,8.88672E-01,9.76562E-03
-2.0642160E-02,8.88672E-01,4.88281E-02
-2.0623680E-02,8.30078E-01,2.92969E-02
-2.0605200E-02,8.10547E-01,2.92969E-02
-2.0586720E-02,8.69141E-01,2.92969E-02
-2.0568240E-02,8.69141E-01,4.88281E-02
-2.0549760E-02,8.10547E-01,2.92969E-02
-2.0531280E-02,8.30078E-01,4.88281E-02
-2.0512800E-02,9.47266E-01,4.88281E-02
-2.0494320E-02,9.08203E-01,9.76562E-03
-2.0475840E-02,8.10547E-01,2.92969E-02
-2.0457360E-02,7.71484E-01,6.83594E-02
-2.0438880E-02,8.69141E-01,9.76562E-03
-2.0420400E-02,8.49609E-01,1.26953E-01
-2.0401920E-02,8.88672E-01,2.92969E-02
-2.0383440E-02,7.71484E-01,6.83594E-02
-2.0364960E-02,8.88672E-01,9.76562E-03
-2.0346480E-02,7.91016E-01,2.92969E-02
-2.0328000E-02,8.49609E-01,9.76562E-03
-2.0309520E-02,8.69141E-01,9.76562E-03
-2.0291040E-02,9.08203E-01,2.92969E-02
-2.0272560E-02,8.30078E-01,4.88281E-02
-2.0254080E-02,8.69141E-01,9.76562E-03
-2.0235600E-02,8.30078E-01,4.88281E-02
-2.0217120E-02,9.08203E-01,4.88281E-02
-2.0198640E-02,7.91016E-01,6.83594E-02
-2.0180160E-02,8.69141E-01,4.88281E-02
-2.0161680E-02,8.10547E-01,2.92969E-02
-2.0143200E-02,8.49609E-01,9.76562E-03
-2.0124720E-02,8.88672E-01,4.88281E-02
-2.0106240E-02,8.69141E-01,6.83594E-02
-2.0087760E-02,8.30078E-01,2.92969E-02
-2.0069280E-02,8.30078E-01,2.92969E-02
-2.0050800E-02,7.51953E-01,2.92969E-02
-2.0032320E-02,8.88672E-01,2.92969E-02
-2.0013840E-02,8.49609E-01,6.83594E-02
-1.9995360E-02,8.69141E-01,2.92969E-02
-1.9976880E-02,7.91016E-01,9.76562E-03
-1.9958400E-02,9.08203E-01,-4.88281E-02
-1.9939920E-02,8.49609E-01,4.88281E-02
-1.9921440E-02,8.10547E-01,2.92969E-02
-1.9902960E-02,8.49609E-01,2.92969E-02
-1.9884480E-02,9.27734E-01,4.88281E-02
-1.9866000E-02,8.69141E-01,9.76562E-03
-1.9847520E-02,8.49609E-01,2.92969E-02
-1.9829040E-02,8.30078E-01,6.83594E-02
-1.9810560E-02,8.69141E-01,2.92969E-02
-1.9792080E-02,8.49609E-01,6.83594E-02
-1.9773600E-02,8.49609E-01,-9.76562E-03
-1.9755120E-02,8.49609E-01,2.92969E-02
-1.9736640E-02,8.88672E-01,2.92969E-02
-1.9718160E-02,9.27734E-01,9.76562E-03
-1.9699680E-02,8.88672E-01,4.88281E-02
-1.9681200E-02,7.51953E-01,4.88281E-02
-1.9662720E-02,8.69141E-01,4.88281E-02
-1.9644240E-02,7.71484E-01,6.83594E-02
-1.9625760E-02,8.69141E-01,4.88281E-02
-1.9607280E-02,8.49609E-01,4.88281E-02
-1.9588800E-02,8.49609E-01,9.76562E-03
-1.9570320E-02,9.08203E-01,2.92969E-02
-1.9551840E-02,9.08203E-01,9.76562E-03
-1.9533360E-02,8.10547E-01,2.92969E-02
-1.9514880E-02,8.49609E-01,2.92969E-02
-1.9496400E-02,8.69141E-01,1.07422E-01
-1.9477920E-02,8.49609E-01,-4.88281E-02
-1.9459440E-02,7.71484E-01,4.88281E-02
-1.9440960E-02,9.08203E-01,6.83594E-02
-1.9422480E-02,7.91016E-01,6.83594E-02
-1.9404000E-02,9.08203E-01,4.88281E-02
-1.9385520E-02,7.91016E-01,6.83594E-02
-1.9367040E-02,8.69141E-01,4.88281E-02
-1.9348560E-02,7.91016E-01,2.92969E-02
-1.9330080E-02,8.49609E-01,6.83594E-02
-1.9311600E-02,8.10547E-01,4.88281E-02
-1.9293120E-02,8.69141E-01,4.88281E-02
-1.9274640E-02,8.49609E-01,6.83594E-02
-1.9256160E-02,8.69141E-01,2.92969E-02
-1.9237680E-02,8.30078E-01,6.83594E-02
-1.9219200E-02,8.49609E-01,9.76562E-03
-1.9200720E-02,8.10547E-01,2.92969E-02
-1.9182240E-02,8.49609E-01,2.92969E-02
-1.9163760E-02,8.10547E-01,2.92969E-02
-1.9145280E-02,8.49609E-01,4.88281E-02
-1.9126800E-02,9.08203E-01,6.83594E-02
-1.9108320E-02,8.30078E-01,-2.92969E-02
-1.9089840E-02,7.51953E-01,4.88281E-02
-1.9071360E-02,8.69141E-01,4.88281E-02
-1.9052880E-02,8.49609E-01,9.76562E-03
-1.9034400E-02,9.08203E-01,-2.92969E-02
-1.9015920E-02,8.10547E-01,4.88281E-02
-1.8997440E-02,8.30078E-01,-9.76562E-03
-1.8978960E-02,8.69141E-01,2.92969E-02
-1.8960480E-02,8.69141E-01,9.76562E-03
-1.8942000E-02,8.49609E-01,6.83594E-02
-1.8923520E-02,8.69141E-01,2.92969E-02
-1.8905040E-02,7.91016E-01,4.88281E-02
-1.8886560E-02,8.69141E-01,9.76562E-03
-1.8868080E-02,8.69141E-01,6.83594E-02
-1.8849600E-02,8.69141E-01,6.83594E-02
-1.8831120E-02,8.10547E-01,9.76562E-03
-1.8812640E-02,7.71484E-01,-9.76562E-03
-1.8794160E-02,9.08203E-01,9.76562E-03
-1.8775680E-02,8.69141E-01,-9.76562E-03
-1.8757200E-02,8.30078E-01,4.88281E-02
-1.8738720E-02,8.30078E-01,2.92969E-02
-1.8720240E-02,8.30078E-01,9.76562E-03
-1.8701760E-02,8.69141E-01,9.76562E-03
-1.8683280E-02,9.08203E-01,4.88281E-02
-1.8664800E-02,8.69141E-01,2.92969E-02
-1.8646320E-02,8.10547E-01,4.88281E-02
-1.8627840E-02,8.30078E-01,9.76562E-03
-1.8609360E-02,8.30078E-01,9.76562E-03
-1.8590880E-02,8.69141E-01,4.88281E-02
-1.8572400E-02,8.10547E-01,4.88281E-02
-1.8553920E-02,8.88672E-01,9.76562E-03
-1.8535440E-02,8.30078E-01,2.92969E-02
-1.8516960E-02,8.88672E-01,4.88281E-02
-1.8498480E-02,8.88672E-01,4.88281E-02
-1.8480000E-02,9.27734E-01,9.76562E-03
-1.8461520E-02,7.91016E-01,2.92969E-02
-1.8443040E-02,8.69141E-01,2.92969E-02
-1.8424560E-02,8.49609E-01,2.92969E-02
-1.8406080E-02,8.69141E-01,4.88281E-02
-1.8387600E-02,7.91016E-01,4.88281E-02
-1.8369120E-02,8.30078E-01,2.92969E-02
-1.8350640E-02,8.30078E-01,4.88281E-02
-1.8332160E-02,8.49609E-01,4.88281E-02
-1.8313680E-02,7.91016E-01,6.83594E-02
-1.8295200E-02,8.49609E-01,4.88281E-02
-1.8276720E-02,8.10547E-01,2.92969E-02
-1.8258240E-02,9.08203E-01,4.88281E-02
-1.8239760E-02,7.91016E-01,6.83594E-02
-1.8221280E-02,8.69141E-01,4.88281E-02
-1.8202800E-02,7.91016E-01,9.76562E-03
-1.8184320E-02,8.49609E-01,2.92969E-02
-1.8165840E-02,8.49609E-01,4.88281E-02
-1.8147360E-02,8.10547E-01,-9.76562E-03
-1.8128880E-02,7.91016E-01,9.76562E-03
-1.8110400E-02,8.10547E-01,9.76562E-03
-1.8091920E-02,7.91016E-01,6.83594E-02
-1.8073440E-02,8.69141E-01,4.88281E-02
-1.8054960E-02,8.49609E-01,9.76562E-03
-1.8036480E-02,8.88672E-01,-2.92969E-02
-1.8018000E-02,8.69141E-01,2.92969E-02
-1.7999520E-02,7.91016E-01,9.76562E-03
-1.7981040E-02,8.10547E-01,2.92969E-02
-1.7962560E-02,8.88672E-01,-9.76562E-03
-1.7944080E-02,8.69141E-01,6.83594E-02
-1.7925600E-02,8.10547E-01,-2.92969E-02
-1.7907120E-02,8.30078E-01,6.83594E-02
-1.7888640E-02,8.69141E-01,9.76562E-03
-1.7870160E-02,7.91016E-01,6.83594E-02
-1.7851680E-02,8.88672E-01,4.88281E-02
-1.7833200E-02,8.30078E-01,4.88281E-02
-1.7814720E-02,8.49609E-01,2.92969E-02
-1.7796240E-02,7.91016E-01,6.83594E-02
-1.7777760E-02,8.49609E-01,8.78906E-02
-1.7759280E-02,8.69141E-01,4.88281E-02
-1.7740800E-02,8.49609E-01,-9.76562E-03
-1.7722320E-02,8.69141E-01,2.92969E-02
-1.7703840E-02,8.69141E-01,9.76562E-03
-1.7685360E-02,8.10547E-01,8.78906E-02
-1.7666880E-02,8.69141E-01,4.88281E-02
-1.7648400E-02,8.88672E-01,4.88281E-02
-1.7629920E-02,8.88672E-01,2.92969E-02
-1.7611440E-02,8.30078E-01,4.88281E-02
-1.7592960E-02,8.49609E-01,4.88281E-02
-1.7574480E-02,8.49609E-01,4.88281E-02
-1.7556000E-02,8.88672E-01,2.92969E-02
-1.7537520E-02,7.91016E-01,6.83594E-02
-1.7519040E-02,8.30078E-01,4.88281E-02
-1.7500560E-02,8.49609E-01,1.26953E-01
-1.7482080E-02,8.69141E-01,2.92969E-02
-1.7463600E-02,8.10547E-01,4.88281E-02
-1.7445120E-02,8.49609E-01,-9.76562E-03
-1.7426640E-02,8.88672E-01,-9.76562E-03
-1.7408160E-02,8.69141E-01,2.92969E-02
-1.7389680E-02,8.49609E-01,2.92969E-02
-1.7371200E-02,8.10547E-01,9.76562E-03
-1.7352720E-02,8.49609E-01,2.92969E-02
-1.7334240E-02,8.69141E-01,2.92969E-02
-1.7315760E-02,8.69141E-01,6.83594E-02
-1.7297280E-02,8.69141E-01,4.88281E-02
-1.7278800E-02,8.49609E-01,4.88281E-02
-1.7260320E-02,9.27734E-01,9.76562E-03
-1.7241840E-02,8.69141E-01,6.83594E-02
-1.7223360E-02,8.49609E-01,9.76562E-03
-1.7204880E-02,8.49609E-01,6.83594E-02
-1.7186400E-02,8.88672E-01,2.92969E-02
-1.7167920E-02,7.91016E-01,2.92969E-02
-1.7149440E-02,8.88672E-01,-2.92969E-02
-1.7130960E-02,8.49609E-01,2.92969E-02
-1.7112480E-02,9.27734E-01,9.76562E-03
-1.7094000E-02,7.71484E-01,-2.92969E-02
-1.7075520E-02,8.69141E-01,4.88281E-02
-1.7057040E-02,8.30078E-01,-4.88281E-02
-1.7038560E-02,8.88672E-01,2.92969E-02
-1.7020080E-02,7.91016E-01,4.88281E-02
-1.7001600E-02,8.69141E-01,9.76562E-03
-1.6983120E-02,8.49609E-01,2.92969E-02
-1.6964640E-02,9.08203E-01,4.88281E-02
-1.6946160E-02,9.47266E-01,9.76562E-03
-1.6927680E-02,8.69141E-01,2.92969E-02
-1.6909200E-02,8.10547E-01,8.78906E-02
-1.6890720E-02,8.69141E-01,9.76562E-03
-1.6872240E-02,8.10547E-01,4.88281E-02
-1.6853760E-02,8.49609E-01,6.83594E-02
-1.6835280E-02,8.10547E-01,6.83594E-02
-1.6816800E-02,9.27734E-01,2.92969E-02
-1.6798320E-02,7.91016E-01,6.83594E-02
-1.6779840E-02,8.49609E-01,-9.76562E-03
-1.6761360E-02,7.91016E-01,6.83594E-02
-1.6742880E-02,9.27734E-01,4.88281E-02
-1.6724400E-02,8.49609E-01,6.83594E-02
-1.6705920E-02,9.08203E-01,9.76562E-03
-1.6687440E-02,8.10547E-01,9.76562E-03
-1.6668960E-02,8.30078E-01,4.88281E-02
-1.6650480E-02,8.69141E-01,6.83594E-02
-1.6632000E-02,8.30078E-01,-9.76562E-03
-1.6613520E-02,8.10547E-01,2.92969E-02
-1.6595040E-02,8.49609E-01,2.92969E-02
-1.6576560E-02,8.30078E-01,9.76562E-03
-1.6558080E-02,8.88672E-01,4.88281E-02
-1.6539600E-02,8.69141E-01,2.92969E-02
-1.6521120E-02,9.27734E-01,-9.76562E-03
-1.6502640E-02,7.91016E-01,6.83594E-02
-1.6484160E-02,9.08203E-01,4.88281E-02
-1.6465680E-02,7.91016E-01,4.88281E-02
-1.6447200E-02,9.08203E-01,2.92969E-02
-1.6428720E-02,7.91016E-01,6.83594E-02
-1.6410240E-02,9.08203E-01,-9.76562E-03
-1.6391760E-02,8.88672E-01,1.07422E-01
-1.6373280E-02,8.30078E-01,-9.76562E-03
-1.6354800E-02,8.30078E-01,-9.76562E-03
-1.6336320E-02,8.49609E-01,9.76562E-03
-1.6317840E-02,8.10547E-01,2.92969E-02
-1.6299360E-02,8.30078E-01,9.76562E-03
-1.6280880E-02,8.49609E-01,4.88281E-02
-1.6262400E-02,8.69141E-01,6.83594E-02
-1.6243920E-02,9.08203E-01,-9.76562E-03
-1.6225440E-02,8.30078E-01,4.88281E-02
-1.6206960E-02,8.49609E-01,2.92969E-02
-1.6188480E-02,8.10547E-01,4.88281E-02
-1.6170000E-02,8.49609E-01,9.76562E-03
-1.6151520E-02,8.69141E-01,9.76562E-03
-1.6133040E-02,7.91016E-01,4.88281E-02
-1.6114560E-02,8.30078E-01,9.76562E-03
-1.6096080E-02,8.88672E-01,2.92969E-02
-1.6077600E-02,9.27734E-01,9.76562E-03
-1.6059120E-02,7.91016E-01,4.88281E-02
-1.6040640E-02,8.69141E-01,9.76562E-03
-1.6022160E-02,8.69141E-01,6.83594E-02
-1.6003680E-02,8.69141E-01,-9.76562E-03
-1.5985200E-02,7.91016E-01,4.88281E-02
-1.5966720E-02,9.27734E-01,2.92969E-02
-1.5948240E-02,8.69141E-01,4.88281E-02
-1.5929760E-02,8.69141E-01,9.76562E-03
-1.5911280E-02,9.08203E-01,4.88281E-02
-1.5892800E-02,8.49609E-01,4.88281E-02
-1.5874320E-02,8.49609E-01,9.76562E-03
-1.5855840E-02,9.27734E-01,9.76562E-03
-1.5837360E-02,9.08203E-01,1.07422E-01
-1.5818880E-02,8.69141E-01,2.92969E-02
-1.5800400E-02,8.49609E-01,6.83594E-02
-1.5781920E-02,8.88672E-01,-9.76562E-03
-1.5763440E-02,8.69141E-01,6.83594E-02
-1.5744960E-02,8.69141E-01,2.92969E-02
-1.5726480E-02,9.08203E-01,6.83594E-02
-1.5708000E-02,8.10547E-01,9.76562E-03
-1.5689520E-02,8.88672E-01,6.83594E-02
-1.5671040E-02,8.88672E-01,2.92969E-02
-1.5652560E-02,8.88672E-01,1.07422E-01
-1.5634080E-02,8.88672E-01,-2.92969E-02
-1.5615600E-02,8.49609E-01,4.88281E-02
-1.5597120E-02,8.30078E-01,2.92969E-02
-1.5578640E-02,8.49609E-01,6.83594E-02
-1.5560160E-02,8.69141E-01,6.83594E-02
-1.5541680E-02,8.49609E-01,4.88281E-02
-1.5523200E-02,8.69141E-01,4.88281E-02
-1.5504720E-02,8.88672E-01,2.92969E-02
-1.5486240E-02,8.69141E-01,2.92969E-02
-1.5467760E-02,8.49609E-01,6.83594E-02
-1.5449280E-02,8.69141E-01,9.76562E-03
-1.5430800E-02,7.51953E-01,9.76562E-03
-1.5412320E-02,8.49609E-01,2.92969E-02
-1.5393840E-02,8.30078E-01,6.83594E-02
-1.5375360E-02,8.69141E-01,2.92969E-02
-1.5356880E-02,8.49609E-01,4.88281E-02
-1.5338400E-02,8.69141E-01,-9.76562E-03
-1.5319920E-02,7.91016E-01,6.83594E-02
-1.5301440E-02,8.69141E-01,-2.92969E-02
-1.5282960E-02,9.08203E-01,2.92969E-02
-1.5264480E-02,9.27734E-01,-2.92969E-02
-1.5246000E-02,8.69141E-01,1.07422E-01
-1.5227520E-02,9.27734E-01,4.88281E-02
-1.5209040E-02,8.69141E-01,6.83594E-02
-1.5190560E-02,8.30078E-01,-9.76562E-03
-1.5172080E-02,8.49609E-01,-9.76562E-03
-1.5153600E-02,8.49609E-01,2.92969E-02
-1.5135120E-02,7.71484E-01,9.76562E-03
-1.5116640E-02,8.49609E-01,6.83594E-02
-1.5098160E-02,8.30078E-01,9.76562E-03
-1.5079680E-02,9.66797E-01,6.83594E-02
-1.5061200E-02,7.91016E-01,4.88281E-02
-1.5042720E-02,8.69141E-01,-9.76562E-03
-1.5024240E-02,8.69141E-01,2.92969E-02
-1.5005760E-02,9.08203E-01,9.76562E-03
-1.4987280E-02,8.49609E-01,4.88281E-02
-1.4968800E-02,9.08203E-01,-2.92969E-02
-1.4950320E-02,7.71484E-01,9.76562E-03
-1.4931840E-02,8.69141E-01,9.76562E-03
-1.4913360E-02,8.69141E-01,4.88281E-02
-1.4894880E-02,8.88672E-01,4.88281E-02
-1.4876400E-02,8.30078E-01,6.83594E-02
-1.4857920E-02,8.49609E-01,2.92969E-02
-1.4839440E-02,8.10547E-01,2.92969E-02
-1.4820960E-02,8.88672E-01,2.92969E-02
-1.4802480E-02,8.49609E-01,6.83594E-02
-1.4784000E-02,8.69141E-01,9.76562E-03
-1.4765520E-02,8.49609E-01,2.92969E-02
-1.4747040E-02,8.69141E-01,9.76562E-03
-1.4728560E-02,7.91016E-01,2.92969E-02
-1.4710080E-02,8.30078E-01,4.88281E-02
-1.4691600E-02,8.30078E-01,9.76562E-03
-1.4673120E-02,8.30078E-01,6.83594E-02
-1.4654640E-02,8.88672E-01,2.92969E-02
-1.4636160E-02,8.69141E-01,2.92969E-02
-1.4617680E-02,8.88672E-01,9.76562E-03
-1.4599200E-02,8.88672E-01,-2.92969E-02
-1.4580720E-02,7.91016E-01,6.83594E-02
-1.4562240E-02,8.49609E-01,-9.76562E-03
-1.4543760E-02,8.69141E-01,6.83594E-02
-1.4525280E-02,8.30078E-01,9.76562E-03
-1.4506800E-02,8.49609E-01,6.83594E-02
-1.4488320E-02,8.69141E-01,2.92969E-02
-1.4469840E-02,8.69141E-01,6.83594E-02
-1.4451360E-02,9.08203E-01,2.92969E-02
-1.4432880E-02,8.88672E-01,6.83594E-02
-1.4414400E-02,9.08203E-01,2.92969E-02
-1.4395920E-02,8.49609E-01,6.83594E-02
-1.4377440E-02,8.88672E-01,2.92969E-02
-1.4358960E-02,8.49609E-01,4.88281E-02
-1.4340480E-02,7.91016E-01,4.88281E-02
-1.4322000E-02,8.49609E-01,8.78906E-02
-1.4303520E-02,9.08203E-01,9.76562E-03
-1.4285040E-02,8.10547E-01,9.76562E-03
-1.4266560E-02,9.08203E-01,9.76562E-03
-1.4248080E-02,7.91016E-01,9.76562E-03
-1.4229600E-02,8.88672E-01,-2.92969E-02
-1.4211120E-02,8.69141E-01,6.83594E-02
-1.4192640E-02,9.27734E-01,4.88281E-02
-1.4174160E-02,7.91016E-01,9.76562E-03
-1.4155680E-02,8.69141E-01,9.76562E-03
-1.4137200E-02,7.91016E-01,2.92969E-02
-1.4118720E-02,7.91016E-01,4.88281E-02
-1.4100240E-02,7.91016E-01,4.88281E-02
-1.4081760E-02,9.27734E-01,9.76562E-03
-1.4063280E-02,8.69141E-01,6.83594E-02
-1.4044800E-02,9.47266E-01,-9.76562E-03
-1.4026320E-02,8.49609E-01,6.83594E-02
-1.4007840E-02,8.30078E-01,9.76562E-03
-1.3989360E-02,8.30078E-01,9.76562E-03
-1.3970880E-02,8.30078E-01,9.76562E-03
-1.3952400E-02,8.69141E-01,9.76562E-03
-1.3933920E-02,9.08203E-01,6.83594E-02
-1.3915440E-02,9.08203E-01,2.92969E-02
-1.3896960E-02,9.27734E-01,9.76562E-03
-1.3878480E-02,8.69141E-01,8.78906E-02
-1.3860000E-02,9.27734E-01,4.88281E-02
-1.3841520E-02,8.69141E-01,2.92969E-02
-1.3823040E-02,8.30078E-01,-2.92969E-02
-1.3804560E-02,8.69141E-01,4.88281E-02
-1.3786080E-02,8.69141E-01,-9.76562E-03
-1.3767600E-02,9.08203E-01,6.83594E-02
-1.3749120E-02,7.71484E-01,6.83594E-02
-1.3730640E-02,8.30078E-01,6.83594E-02
-1.3712160E-02,8.69141E-01,9.76562E-03
-1.3693680E-02,8.10547E-01,4.88281E-02
-1.3675200E-02,8.69141E-01,-9.76562E-03
-1.3656720E-02,8.49609E-01,6.83594E-02
-1.3638240E-02,9.08203E-01,2.92969E-02
-1.3619760E-02,8.88672E-01,4.88281E-02
-1.3601280E-02,8.88672E-01,9.76562E-03
-1.3582800E-02,7.91016E-01,6.83594E-02
-1.3564320E-02,8.88672E-01,4.88281E-02
-1.3545840E-02,9.08203E-01,6.83594E-02
-1.3527360E-02,8.69141E-01,9.76562E-03
-1.3508880E-02,8.49609E-01,2.92969E-02
-1.3490400E-02,8.88672E-01,9.76562E-03
-1.3471920E-02,8.10547E-01,4.88281E-02
-1.3453440E-02,8.49609E-01,-2.92969E-02
-1.3434960E-02,8.69141E-01,4.88281E-02
-1.3416480E-02,8.49609E-01,6.83594E-02
-1.3398000E-02,8.69141E-01,6.83594E-02
-1.3379520E-02,8.49609E-01,4.88281E-02
-1.3361040E-02,8.10547E-01,2.92969E-02
-1.3342560E-02,7.71484E-01,4.88281E-02
-1.3324080E-02,9.08203E-01,6.83594E-02
-1.3305600E-02,8.69141E-01,-9.76562E-03
-1.3287120E-02,8.49609E-01,2.92969E-02
-1.3268640E-02,8.88672E-01,9.76562E-03
-1.3250160E-02,7.91016E-01,-9.76562E-03
-1.3231680E-02,9.08203E-01,4.88281E-02
-1.3213200E-02,8.49609E-01,4.88281E-02
-1.3194720E-02,8.69141E-01,-2.92969E-02
-1.3176240E-02,9.08203E-01,1.07422E-01
-1.3157760E-02,9.27734E-01,9.76562E-03
-1.3139280E-02,8.69141E-01,6.83594E-02
-1.3120800E-02,8.69141E-01,4.88281E-02
-1.3102320E-02,8.49609E-01,-4.88281E-02
-1.3083840E-02,8.30078E-01,4.88281E-02
-1.3065360E-02,8.49609E-01,6.83594E-02
-1.3046880E-02,8.49609E-01,-2.92969E-02
-1.3028400E-02,8.69141E-01,6.83594E-02
-1.3009920E-02,9.27734E-01,9.76562E-03
-1.2991440E-02,8.30078E-01,6.83594E-02
-1.2972960E-02,8.10547E-01,9.76562E-03
-1.2954480E-02,8.69141E-01,6.83594E-02
-1.2936000E-02,8.88672E-01,6.83594E-02
-1.2917520E-02,7.91016E-01,2.92969E-02
-1.2899040E-02,9.08203E-01,2.92969E-02
-1.2880560E-02,7.91016E-01,8.78906E-02
-1.2862080E-02,8.69141E-01,9.76562E-03
-1.2843600E-02,8.49609E-01,2.92969E-02
-1.2825120E-02,8.30078E-01,9.76562E-03
-1.2806640E-02,8.69141E-01,2.92969E-02
-1.2788160E-02,8.69141E-01,-9.76562E-03
-1.2769680E-02,8.49609E-01,2.92969E-02
-1.2751200E-02,8.88672E-01,-2.92969E-02
-1.2732720E-02,9.08203E-01,4.88281E-02
-1.2714240E-02,8.88672E-01,-2.92969E-02
-1.2695760E-02,8.49609E-01,6.83594E-02
-1.2677280E-02,9.08203E-01,9.76562E-03
-1.2658800E-02,7.91016E-01,9.76562E-03
-1.2640320E-02,9.47266E-01,-9.76562E-03
-1.2621840E-02,8.69141E-01,9.76562E-03
-1.2603360E-02,9.27734E-01,-9.76562E-03
-1.2584880E-02,9.08203E-01,6.83594E-02
-1.2566400E-02,8.69141E-01,-9.76562E-03
-1.2547920E-02,8.49609E-01,9.76562E-03
-1.2529440E-02,8.88672E-01,2.92969E-02
-1.2510960E-02,8.88672E-01,6.83594E-02
-1.2492480E-02,9.66797E-01,-2.92969E-02
-1.2474000E-02,8.69141E-01,9.76562E-03
-1.2455520E-02,8.49609E-01,2.92969E-02
-1.2437040E-02,8.30078E-01,2.92969E-02
-1.2418560E-02,9.27734E-01,2.92969E-02
-1.2400080E-02,8.49609E-01,9.76562E-03
-1.2381600E-02,8.10547E-01,4.88281E-02
-1.2363120E-02,9.08203E-01,2.92969E-02
-1.2344640E-02,9.08203E-01,6.83594E-02
-1.2326160E-02,8.10547E-01,2.92969E-02
-1.2307680E-02,9.27734E-01,-9.76562E-03
-1.2289200E-02,8.69141E-01,1.26953E-01
-1.2270720E-02,8.88672E-01,2.92969E-02
-1.2252240E-02,8.49609E-01,9.76562E-03
-1.2233760E-02,8.88672E-01,2.92969E-02
-1.2215280E-02,8.49609E-01,4.88281E-02
-1.2196800E-02,8.69141E-01,4.88281E-02
-1.2178320E-02,8.30078E-01,9.76562E-03
-1.2159840E-02,8.30078E-01,-9.76562E-03
-1.2141360E-02,8.88672E-01,4.88281E-02
-1.2122880E-02,8.69141E-01,9.76562E-03
-1.2104400E-02,9.27734E-01,9.76562E-03
-1.2085920E-02,8.49609E-01,4.88281E-02
-1.2067440E-02,8.10547E-01,2.92969E-02
-1.2048960E-02,8.10547E-01,-2.92969E-02
-1.2030480E-02,8.69141E-01,2.92969E-02
-1.2012000E-02,8.88672E-01,9.76562E-03
-1.1993520E-02,8.10547E-01,4.88281E-02
-1.1975040E-02,8.69141E-01,-2.92969E-02
-1.1956560E-02,8.69141E-01,8.78906E-02
-1.1938080E-02,9.66797E-01,-2.92969E-02
-1.1919600E-02,8.10547E-01,-4.88281E-02
-1.1901120E-02,8.69141E-01,2.92969E-02
-1.1882640E-02,8.49609E-01,4.88281E-02
-1.1864160E-02,8.30078E-01,9.76562E-03
-1.1845680E-02,8.30078E-01,2.92969E-02
-1.1827200E-02,9.08203E-01,4.88281E-02
-1.1808720E-02,8.10547E-01,4.88281E-02
-1.1790240E-02,8.49609E-01,9.76562E-03
-1.1771760E-02,8.49609E-01,6.83594E-02
-1.1753280E-02,8.69141E-01,9.76562E-03
-1.1734800E-02,8.69141E-01,2.92969E-02
-1.1716320E-02,9.86328E-01,4.88281E-02
-1.1697840E-02,8.49609E-01,9.76562E-03
-1.1679360E-02,8.69141E-01,6.83594E-02
-1.1660880E-02,8.49609E-01,4.88281E-02
-1.1642400E-02,8.69141E-01,2.92969E-02
-1.1623920E-02,8.49609E-01,6.83594E-02
-1.1605440E-02,8.49609E-01,-9.76562E-03
-1.1586960E-02,8.10547E-01,2.92969E-02
-1.1568480E-02,9.08203E-01,9.76562E-03
-1.1550000E-02,8.10547E-01,9.76562E-03
-1.1531520E-02,8.69141E-01,4.88281E-02
-1.1513040E-02,8.69141E-01,2.92969E-02
-1.1494560E-02,8.69141E-01,2.92969E-02
-1.1476080E-02,9.27734E-01,1.07422E-01
-1.1457600E-02,8.49609E-01,4.88281E-02
-1.1439120E-02,8.88672E-01,9.76562E-03
-1.1420640E-02,8.69141E-01,9.76562E-03
-1.1402160E-02,9.08203E-01,4.88281E-02
-1.1383680E-02,8.88672E-01,2.92969E-02
-1.1365200E-02,8.88672E-01,8.78906E-02
-1.1346720E-02,8.69141E-01,9.76562E-03
-1.1328240E-02,9.08203E-01,4.88281E-02
-1.1309760E-02,8.49609E-01,2.92969E-02
-1.1291280E-02,7.91016E-01,2.92969E-02
-1.1272800E-02,8.69141E-01,2.92969E-02
-1.1254320E-02,8.49609E-01,6.83594E-02
-1.1235840E-02,8.88672E-01,-2.92969E-02
-1.1217360E-02,7.91016E-01,6.83594E-02
-1.1198880E-02,8.69141E-01,2.92969E-02
-1.1180400E-02,8.10547E-01,9.76562E-03
-1.1161920E-02,8.69141E-01,2.92969E-02
-1.1143440E-02,8.49609E-01,6.83594E-02
-1.1124960E-02,9.08203E-01,2.92969E-02
-1.1106480E-02,8.30078E-01,9.76562E-03
-1.1088000E-02,8.69141E-01,9.76562E-03
-1.1069520E-02,8.69141E-01,1.26953E-01
-1.1051040E-02,8.49609E-01,2.92969E-02
-1.1032560E-02,9.08203E-01,2.92969E-02
-1.1014080E-02,9.66797E-01,4.88281E-02
-1.0995600E-02,8.88672E-01,6.83594E-02
-1.0977120E-02,9.27734E-01,9.76562E-03
-1.0958640E-02,8.49609E-01,6.83594E-02
-1.0940160E-02,8.30078E-01,6.83594E-02
-1.0921680E-02,8.69141E-01,6.83594E-02
-1.0903200E-02,8.69141E-01,9.76562E-03
-1.0884720E-02,8.88672E-01,2.92969E-02
-1.0866240E-02,8.49609E-01,9.76562E-03
-1.0847760E-02,9.08203E-01,6.83594E-02
-1.0829280E-02,8.69141E-01,2.92969E-02
-1.0810800E-02,9.66797E-01,9.76562E-03
-1.0792320E-02,9.47266E-01,9.76562E-03
-1.0773840E-02,8.88672E-01,4.88281E-02
-1.0755360E-02,1.00586E+00,9.76562E-03
-1.0736880E-02,8.69141E-01,2.92969E-02
-1.0718400E-02,8.69141E-01,9.76562E-03
-1.0699920E-02,8.69141E-01,6.83594E-02
-1.0681440E-02,9.08203E-01,-9.76562E-03
-1.0662960E-02,8.69141E-01,9.76562E-03
-1.0644480E-02,8.88672E-01,9.76562E-03
-1.0626000E-02,8.69141E-01,4.88281E-02
-1.0607520E-02,8.69141E-01,9.76562E-03
-1.0589040E-02,9.27734E-01,9.76562E-03
-1.0570560E-02,8.88672E-01,2.92969E-02
-1.0552080E-02,9.27734E-01,2.92969E-02
-1.0533600E-02,9.08203E-01,9.76562E-03
-1.0515120E-02,8.30078E-01,4.88281E-02
-1.0496640E-02,8.69141E-01,4.88281E-02
-1.0478160E-02,9.27734E-01,-4.88281E-02
-1.0459680E-02,8.69141E-01,-4.88281E-02
-1.0441200E-02,8.69141E-01,9.76562E-03
-1.0422720E-02,9.27734E-01,9.76562E-03
-1.0404240E-02,8.69141E-01,2.92969E-02
-1.0385760E-02,9.47266E-01,2.92969E-02
-1.0367280E-02,8.69141E-01,9.76562E-03
-1.0348800E-02,8.69141E-01,9.76562E-03
-1.0330320E-02,9.08203E-01,9.76562E-03
-1.0311840E-02,8.88672E-01,4.88281E-02
-1.0293360E-02,9.08203E-01,6.83594E-02
-1.0274880E-02,9.27734E-01,9.76562E-03
-1.0256400E-02,8.10547E-01,6.83594E-02
-1.0237920E-02,8.69141E-01,-2.92969E-02
-1.0219440E-02,8.69141E-01,6.83594E-02
-1.0200960E-02,8.88672E-01,9.76562E-03
-1.0182480E-02,7.91016E-01,4.88281E-02
-1.0164000E-02,8.69141E-01,-9.76562E-03
-1.0145520E-02,8.69141E-01,6.83594E-02
-1.0127040E-02,8.49609E-01,8.78906E-02
-1.0108560E-02,8.69141E-01,2.92969E-02
-1.0090080E-02,8.69141E-01,4.88281E-02
-1.0071600E-02,9.08203E-01,2.92969E-02
-1.0053120E-02,9.27734E-01,9.76562E-03
-1.0034640E-02,8.88672E-01,4.88281E-02
-1.0016160E-02,8.69141E-01,9.76562E-03
-9.9976800E-03,8.88672E-01,9.76562E-03
-9.9792000E-03,8.30078E-01,9.76562E-03
-9.9607200E-03,8.69141E-01,4.88281E-02
-9.9422400E-03,9.08203E-01,9.76562E-03
-9.9237600E-03,8.10547E-01,8.78906E-02
-9.9052800E-03,9.27734E-01,6.83594E-02
-9.8868000E-03,7.91016E-01,6.83594E-02
-9.8683200E-03,8.88672E-01,2.92969E-02
-9.8498400E-03,8.10547E-01,2.92969E-02
-9.8313600E-03,9.08203E-01,9.76562E-03
-9.8128800E-03,9.27734E-01,2.92969E-02
-9.7944000E-03,9.08203E-01,9.76562E-03
-9.7759200E-03,8.69141E-01,2.92969E-02
-9.7574400E-03,8.69141E-01,9.76562E-03
-9.7389600E-03,8.88672E-01,9.76562E-03
-9.7204800E-03,9.27734E-01,9.76562E-03
-9.7020000E-03,8.10547E-01,2.92969E-02
-9.6835200E-03,8.69141E-01,9.76562E-03
-9.6650400E-03,9.47266E-01,6.83594E-02
-9.6465600E-03,9.66797E-01,-2.92969E-02
-9.6280800E-03,9.27734E-01,9.76562E-03
-9.6096000E-03,8.69141E-01,2.92969E-02
-9.5911200E-03,8.10547E-01,6.83594E-02
-9.5726400E-03,8.49609E-01,2.92969E-02
-9.5541600E-03,9.66797E-01,2.92969E-02
-9.5356800E-03,9.08203E-01,9.76562E-03
-9.5172000E-03,9.08203E-01,1.26953E-01
-9.4987200E-03,9.08203E-01,9.76562E-03
-9.4802400E-03,8.30078E-01,6.83594E-02
-9.4617600E-03,8.88672E-01,6.83594E-02
-9.4432800E-03,8.88672E-01,4.88281E-02
-9.4248000E-03,8.69141E-01,-2.92969E-02
-9.4063200E-03,8.49609E-01,6.83594E-02
-9.3878400E-03,8.88672E-01,2.92969E-02
-9.3693600E-03,8.49609E-01,4.88281E-02
-9.3508800E-03,9.08203E-01,-9.76562E-03
-9.3324000E-03,8.69141E-01,2.92969E-02
-9.3139200E-03,9.47266E-01,2.92969E-02
-9.2954400E-03,9.08203E-01,6.83594E-02
-9.2769600E-03,8.69141E-01,2.92969E-02
-9.2584800E-03,7.91016E-01,8.78906E-02
-9.2400000E-03,9.66797E-01,9.76562E-03
-9.2215200E-03,8.10547E-01,6.83594E-02
-9.2030400E-03,9.86328E-01,9.76562E-03
-9.1845600E-03,9.27734E-01,8.78906E-02
-9.1660800E-03,9.08203E-01,2.92969E-02
-9.1476000E-03,8.49609E-01,6.83594E-02
-9.1291200E-03,9.27734E-01,9.76562E-03
-9.1106400E-03,8.49609E-01,4.88281E-02
-9.0921600E-03,8.69141E-01,9.76562E-03
-9.0736800E-03,9.08203E-01,4.88281E-02
-9.0552000E-03,9.27734E-01,-6.83594E-02
-9.0367200E-03,9.08203E-01,8.78906E-02
-9.0182400E-03,8.69141E-01,6.83594E-02
-8.9997600E-03,9.08203E-01,2.92969E-02
-8.9812800E-03,8.10547E-01,6.83594E-02
-8.9628000E-03,8.30078E-01,6.83594E-02
-8.9443200E-03,9.27734E-01,4.88281E-02
-8.9258400E-03,8.30078E-01,2.92969E-02
-8.9073600E-03,9.86328E-01,4.88281E-02
-8.8888800E-03,8.69141E-01,4.88281E-02
-8.8704000E-03,8.69141E-01,6.83594E-02
-8.8519200E-03,8.69141E-01,6.83594E-02
-8.8334400E-03,8.69141E-01,2.92969E-02
-8.8149600E-03,9.27734E-01,6.83594E-02
-8.7964800E-03,9.27734E-01,-4.88281E-02
-8.7780000E-03,9.08203E-01,6.83594E-02
-8.7595200E-03,9.08203E-01,9.76562E-03
-8.7410400E-03,8.49609E-01,9.76562E-03
-8.7225600E-03,8.30078E-01,9.76562E-03
-8.7040800E-03,8.88672E-01,9.76562E-03
-8.6856000E-03,7.91016E-01,-9.76562E-03
-8.6671200E-03,9.08203E-01,2.92969E-02
-8.6486400E-03,8.69141E-01,2.92969E-02
-8.6301600E-03,7.71484E-01,6.83594E-02
-8.6116800E-03,8.69141E-01,4.88281E-02
-8.5932000E-03,8.88672E-01,6.83594E-02
-8.5747200E-03,8.69141E-01,9.76562E-03
-8.5562400E-03,8.69141E-01,-9.76562E-03
-8.5377600E-03,1.02539E+00,9.76562E-03
-8.5192800E-03,9.66797E-01,9.76562E-03
-8.5008000E-03,9.66797E-01,4.88281E-02
-8.4823200E-03,8.69141E-01,6.83594E-02
-8.4638400E-03,8.49609E-01,6.83594E-02
-8.4453600E-03,8.69141E-01,4.88281E-02
-8.4268800E-03,8.69141E-01,-9.76562E-03
-8.4084000E-03,8.30078E-01,6.83594E-02
-8.3899200E-03,8.69141E-01,9.76562E-03
-8.3714400E-03,9.08203E-01,2.92969E-02
-8.3529600E-03,9.86328E-01,2.92969E-02
-8.3344800E-03,8.69141E-01,6.83594E-02
-8.3160000E-03,8.69141E-01,2.92969E-02
-8.2975200E-03,8.49609E-01,6.83594E-02
-8.2790400E-03,8.88672E-01,2.92969E-02
-8.2605600E-03,8.10547E-01,-2.92969E-02
-8.2420800E-03,9.27734E-01,6.83594E-02
-8.2236000E-03,8.30078E-01,4.88281E-02
-8.2051200E-03,8.88672E-01,6.83594E-02
-8.1866400E-03,9.27734E-01,6.83594E-02
-8.1681600E-03,8.88672E-01,4.88281E-02
-8.1496800E-03,8.88672E-01,4.88281E-02
-8.1312000E-03,9.27734E-01,2.92969E-02
-8.1127200E-03,8.30078E-01,9.76562E-03
-8.0942400E-03,8.69141E-01,2.92969E-02
-8.0757600E-03,9.08203E-01,2.92969E-02
-8.0572800E-03,9.08203E-01,-9.76562E-03
-8.0388000E-03,8.88672E-01,4.88281E-02
-8.0203200E-03,9.27734E-01,-9.76562E-03
-8.0018400E-03,8.88672E-01,8.78906E-02
-7.9833600E-03,1.00586E+00,4.88281E-02
-7.9648800E-03,9.66797E-01,9.76562E-03
-7.9464000E-03,8.69141E-01,9.76562E-03
-7.9279200E-03,8.49609E-01,2.92969E-02
-7.9094400E-03,9.08203E-01,9.76562E-03
-7.8909600E-03,8.49609E-01,4.88281E-02
-7.8724800E-03,8.69141E-01,4.88281E-02
-7.8540000E-03,8.10547E-01,4.88281E-02
-7.8355200E-03,9.08203E-01,9.76562E-03
-7.8170400E-03,8.88672E-01,4.88281E-02
-7.7985600E-03,8.88672E-01,9.76562E-03
-7.7800800E-03,9.08203E-01,2.92969E-02
-7.7616000E-03,9.47266E-01,2.92969E-02
-7.7431200E-03,8.30078E-01,9.76562E-03
-7.7246400E-03,9.47266E-01,4.88281E-02
-7.7061600E-03,9.27734E-01,2.92969E-02
-7.6876800E-03,9.27734E-01,9.76562E-03
-7.6692000E-03,9.08203E-01,6.83594E-02
-7.6507200E-03,9.47266E-01,9.76562E-03
-7.6322400E-03,8.69141E-01,2.92969E-02
-7.6137600E-03,8.30078E-01,4.88281E-02
-7.5952800E-03,8.10547E-01,6.83594E-02
-7.5768000E-03,8.69141E-01,-2.92969E-02
-7.5583200E-03,8.49609E-01,2.92969E-02
-7.5398400E-03,9.08203E-01,9.76562E-03
-7.5213600E-03,8.69141E-01,9.76562E-03
-7.5028800E-03,8.69141E-01,9.76562E-03
-7.4844000E-03,8.88672E-01,6.83594E-02
-7.4659200E-03,9.08203E-01,4.88281E-02
-7.4474400E-03,8.69141E-01,2.92969E-02
-7.4289600E-03,8.88672E-01,9.76562E-03
-7.4104800E-03,8.49609E-01,4.88281E-02
-7.3920000E-03,9.08203E-01,-4.88281E-02
-7.3735200E-03,8.30078E-01,2.92969E-02
-7.3550400E-03,9.08203E-01,9.76562E-03
-7.3365600E-03,8.69141E-01,2.92969E-02
-7.3180800E-03,8.69141E-01,9.76562E-03
-7.2996000E-03,8.88672E-01,2.92969E-02
-7.2811200E-03,9.08203E-01,9.76562E-03
-7.2626400E-03,8.69141E-01,4.88281E-02
-7.2441600E-03,8.49609E-01,4.88281E-02
-7.2256800E-03,8.69141E-01,4.88281E-02
-7.2072000E-03,9.08203E-01,2.92969E-02
-7.1887200E-03,8.69141E-01,6.83594E-02
-7.1702400E-03,8.88672E-01,6.83594E-02
-7.1517600E-03,9.27734E-01,2.92969E-02
-7.1332800E-03,9.66797E-01,2.92969E-02
-7.1148000E-03,8.30078E-01,9.76562E-03
-7.0963200E-03,9.27734E-01,9.76562E-03
-7.0778400E-03,8.49609E-01,6.83594E-02
-7.0593600E-03,9.47266E-01,9.76562E-03
-7.0408800E-03,7.91016E-01,4.88281E-02
-7.0224000E-03,9.27734E-01,9.76562E-03
-7.0039200E-03,8.69141E-01,9.76562E-03
-6.9854400E-03,9.27734E-01,-9.76562E-03
-6.9669600E-03,8.69141E-01,4.88281E-02
-6.9484800E-03,9.08203E-01,9.76562E-03
-6.9300000E-03,8.10547E-01,2.92969E-02
-6.9115200E-03,9.66797E-01,-9.76562E-03
-6.8930400E-03,9.27734E-01,8.78906E-02
-6.8745600E-03,9.08203E-01,4.88281E-02
-6.8560800E-03,8.69141E-01,4.88281E-02
-6.8376000E-03,9.08203E-01,2.92969E-02
-6.8191200E-03,9.27734E-01,4.88281E-02
-6.8006400E-03,8.69141E-01,4.88281E-02
-6.7821600E-03,9.08203E-01,4.88281E-02
-6.7636800E-03,9.27734E-01,9.76562E-03
-6.7452000E-03,8.69141E-01,4.88281E-02
-6.7267200E-03,8.88672E-01,-9.76562E-03
-6.7082400E-03,9.27734E-01,9.76562E-03
-6.6897600E-03,9.27734E-01,2.92969E-02
-6.6712800E-03,8.30078E-01,2.92969E-02
-6.6528000E-03,8.69141E-01,2.92969E-02
-6.6343200E-03,9.08203E-01,9.76562E-03
-6.6158400E-03,8.88672E-01,4.88281E-02
-6.5973600E-03,8.69141E-01,6.83594E-02
-6.5788800E-03,8.69141E-01,4.88281E-02
-6.5604000E-03,8.30078E-01,4.88281E-02
-6.5419200E-03,8.88672E-01,2.92969E-02
-6.5234400E-03,8.69141E-01,4.88281E-02
-6.5049600E-03,8.69141E-01,2.92969E-02
-6.4864800E-03,8.49609E-01,2.92969E-02
-6.4680000E-03,9.08203E-01,2.92969E-02
-6.4495200E-03,9.27734E-01,6.83594E-02
-6.4310400E-03,8.69141E-01,9.76562E-03
-6.4125600E-03,8.49609E-01,4.88281E-02
-6.3940800E-03,9.27734E-01,9.76562E-03
-6.3756000E-03,8.49609E-01,4.88281E-02
-6.3571200E-03,9.27734E-01,-2.92969E-02
-6.3386400E-03,9.08203E-01,2.92969E-02
-6.3201600E-03,9.27734E-01,2.92969E-02
-6.3016800E-03,9.27734E-01,9.76562E-03
-6.2832000E-03,9.47266E-01,2.92969E-02
-6.2647200E-03,8.69141E-01,6.83594E-02
-6.2462400E-03,9.86328E-01,-9.76562E-03
-6.2277600E-03,9.47266E-01,6.83594E-02
-6.2092800E-03,9.08203E-01,4.88281E-02
-6.1908000E-03,9.08203E-01,-9.76562E-03
-6.1723200E-03,8.69141E-01,9.76562E-03
-6.1538400E-03,8.88672E-01,4.88281E-02
-6.1353600E-03,9.08203E-01,2.92969E-02
-6.1168800E-03,8.30078E-01,9.76562E-03
-6.0984000E-03,9.08203E-01,9.76562E-03
-6.0799200E-03,8.88672E-01,2.92969E-02
-6.0614400E-03,8.49609E-01,4.88281E-02
-6.0429600E-03,8.10547E-01,2.92969E-02
-6.0244800E-03,9.08203E-01,9.76562E-03
-6.0060000E-03,9.08203E-01,2.92969E-02
-5.9875200E-03,9.66797E-01,2.92969E-02
-5.9690400E-03,8.88672E-01,6.83594E-02
-5.9505600E-03,8.69141E-01,9.76562E-03
-5.9320800E-03,9.27734E-01,6.83594E-02
-5.9136000E-03,8.30078E-01,9.76562E-03
-5.8951200E-03,8.88672E-01,9.76562E-03
-5.8766400E-03,8.69141E-01,2.92969E-02
-5.8581600E-03,9.27734E-01,2.92969E-02
-5.8396800E-03,8.69141E-01,2.92969E-02
-5.8212000E-03,8.49609E-01,9.76562E-03
-5.8027200E-03,9.08203E-01,9.76562E-03
-5.7842400E-03,8.69141E-01,2.92969E-02
-5.7657600E-03,9.47266E-01,2.92969E-02
-5.7472800E-03,9.47266E-01,4.88281E-02
-5.7288000E-03,8.69141E-01,9.76562E-03
-5.7103200E-03,8.88672E-01,4.88281E-02
-5.6918400E-03,9.08203E-01,-9.76562E-03
-5.6733600E-03,8.10547E-01,4.88281E-02
-5.6548800E-03,8.49609E-01,2.92969E-02
-5.6364000E-03,8.49609E-01,4.88281E-02
-5.6179200E-03,9.08203E-01,4.88281E-02
-5.5994400E-03,8.10547E-01,8.78906E-02
-5.5809600E-03,9.27734E-01,2.92969E-02
-5.5624800E-03,8.69141E-01,2.92969E-02
-5.5440000E-03,9.86328E-01,9.76562E-03
-5.5255200E-03,8.88672E-01,4.88281E-02
-5.5070400E-03,8.69141E-01,4.88281E-02
-5.4885600E-03,8.88672E-01,4.88281E-02
-5.4700800E-03,8.49609E-01,2.92969E-02
-5.4516000E-03,8.49609E-01,2.92969E-02
-5.4331200E-03,9.27734E-01,2.92969E-02
-5.4146400E-03,9.08203E-01,1.07422E-01
-5.3961600E-03,9.08203E-01,9.76562E-03
-5.3776800E-03,9.08203E-01,2.92969E-02
-5.3592000E-03,9.27734E-01,9.76562E-03
-5.3407200E-03,8.69141E-01,4.88281E-02
-5.3222400E-03,8.69141E-01,4.88281E-02
-5.3037600E-03,9.27734E-01,6.83594E-02
-5.2852800E-03,9.08203E-01,2.92969E-02
-5.2668000E-03,9.08203E-01,2.92969E-02
-5.2483200E-03,9.27734E-01,4.88281E-02
-5.2298400E-03,8.49609E-01,-9.76562E-03
-5.2113600E-03,9.27734E-01,9.76562E-03
-5.1928800E-03,9.08203E-01,6.83594E-02
-5.1744000E-03,8.30078E-01,9.76562E-03
-5.1559200E-03,9.08203E-01,9.76562E-03
-5.1374400E-03,9.47266E-01,-9.76562E-03
-5.1189600E-03,8.88672E-01,4.88281E-02
-5.1004800E-03,9.27734E-01,4.88281E-02
-5.0820000E-03,9.08203E-01,4.88281E-02
-5.0635200E-03,8.69141E-01,9.76562E-03
-5.0450400E-03,9.27734E-01,4.88281E-02
-5.0265600E-03,1.02539E+00,4.88281E-02
-5.0080800E-03,8.88672E-01,2.92969E-02
-4.9896000E-03,9.66797E-01,4.88281E-02
-4.9711200E-03,9.08203E-01,-2.92969E-02
-4.9526400E-03,9.08203E-01,4.88281E-02
-4.9341600E-03,8.88672E-01,9.76562E-03
-4.9156800E-03,9.66797E-01,4.88281E-02
-4.8972000E-03,9.08203E-01,6.83594E-02
-4.8787200E-03,8.49609E-01,2.92969E-02
-4.8602400E-03,8.88672E-01,4.88281E-02
-4.8417600E-03,9.47266E-01,4.88281E-02
-4.8232800E-03,8.88672E-01,2.92969E-02
-4.8048000E-03,8.69141E-01,9.76562E-03
-4.7863200E-03,8.69141E-01,2.92969E-02
-4.7678400E-03,9.08203E-01,9.76562E-03
-4.7493600E-03,8.69141E-01,9.76562E-03
-4.7308800E-03,8.88672E-01,2.92969E-02
-4.7124000E-03,9.08203E-01,9.76562E-03
-4.6939200E-03,8.88672E-01,4.88281E-02
-4.6754400E-03,8.88672E-01,1.07422E-01
-4.6569600E-03,9.27734E-01,4.88281E-02
-4.6384800E-03,8.30078E-01,2.92969E-02
-4.6200000E-03,8.69141E-01,4.88281E-02
-4.6015200E-03,8.88672E-01,4.88281E-02
-4.5830400E-03,9.08203E-01,2.92969E-02
-4.5645600E-03,9.08203E-01,6.83594E-02
-4.5460800E-03,8.88672E-01,2.92969E-02
-4.5276000E-03,8.69141E-01,4.88281E-02
-4.5091200E-03,9.08203E-01,4.88281E-02
-4.4906400E-03,8.49609E-01,2.92969E-02
-4.4721600E-03,8.49609E-01,2.92969E-02
-4.4536800E-03,8.88672E-01,1.07422E-01
-4.4352000E-03,9.27734E-01,6.83594E-02
-4.4167200E-03,9.27734E-01,4.88281E-02
-4.3982400E-03,8.69141E-01,4.88281E-02
-4.3797600E-03,9.27734E-01,4.88281E-02
-4.3612800E-03,8.69141E-01,4.88281E-02
-4.3428000E-03,8.69141E-01,9.76562E-03
-4.3243200E-03,9.47266E-01,-9.76562E-03
-4.3058400E-03,8.88672E-01,2.92969E-02
-4.2873600E-03,9.47266E-01,4.88281E-02
-4.2688800E-03,8.88672E-01,4.88281E-02
-4.2504000E-03,9.27734E-01,-9.76562E-03
-4.2319200E-03,9.08203E-01,2.92969E-02
-4.2134400E-03,8.69141E-01,9.76562E-03
-4.1949600E-03,9.27734E-01,6.83594E-02
-4.1764800E-03,8.88672E-01,6.83594E-02
-4.1580000E-03,9.08203E-01,2.92969E-02
-4.1395200E-03,9.47266E-01,9.76562E-03
-4.1210400E-03,9.27734E-01,1.07422E-01
-4.1025600E-03,9.47266E-01,2.92969E-02
-4.0840800E-03,8.49609E-01,1.46484E-01
-4.0656000E-03,8.69141E-01,2.92969E-02
-4.0471200E-03,8.88672E-01,2.92969E-02
-4.0286400E-03,9.27734E-01,-9.76562E-03
-4.0101600E-03,8.88672E-01,9.76562E-03
-3.9916800E-03,9.27734E-01,4.88281E-02
-3.9732000E-03,9.27734E-01,6.83594E-02
-3.9547200E-03,9.47266E-01,1.26953E-01
-3.9362400E-03,8.49609E-01,-6.83594E-02
-3.9177600E-03,8.69141E-01,9.76562E-03
-3.8992800E-03,8.69141E-01,2.92969E-02
-3.8808000E-03,8.88672E-01,9.76562E-03
-3.8623200E-03,9.27734E-01,4.88281E-02
-3.8438400E-03,8.49609E-01,9.76562E-03
-3.8253600E-03,8.30078E-01,2.92969E-02
-3.8068800E-03,9.08203E-01,-9.76562E-03
-3.7884000E-03,8.88672E-01,9.76562E-03
-3.7699200E-03,8.69141E-01,2.92969E-02
-3.7514400E-03,8.88672E-01,2.92969E-02
-3.7329600E-03,8.88672E-01,4.88281E-02
-3.7144800E-03,8.49609E-01,2.92969E-02
-3.6960000E-03,9.47266E-01,6.83594E-02
-3.6775200E-03,7.91016E-01,6.83594E-02
-3.6590400E-03,8.88672E-01,-9.76562E-03
-3.6405600E-03,9.66797E-01,6.83594E-02
-3.6220800E-03,8.69141E-01,-9.76562E-03
-3.6036000E-03,8.88672E-01,-2.92969E-02
-3.5851200E-03,9.27734E-01,9.76562E-03
-3.5666400E-03,8.69141E-01,4.88281E-02
-3.5481600E-03,8.88672E-01,-9.76562E-03
-3.5296800E-03,9.27734E-01,2.92969E-02
-3.5112000E-03,9.47266E-01,2.92969E-02
-3.4927200E-03,8.49609E-01,-6.83594E-02
-3.4742400E-03,9.27734E-01,4.88281E-02
-3.4557600E-03,9.47266E-01,9.76562E-03
-3.4372800E-03,9.08203E-01,4.88281E-02
-3.4188000E-03,9.08203E-01,8.78906E-02
-3.4003200E-03,9.27734E-01,9.76562E-03
-3.3818400E-03,9.08203E-01,6.83594E-02
-3.3633600E-03,8.88672E-01,2.92969E-02
-3.3448800E-03,8.69141E-01,4.88281E-02
-3.3264000E-03,8.88672E-01,9.76562E-03
-3.3079200E-03,9.27734E-01,4.88281E-02
-3.2894400E-03,9.66797E-01,-9.76562E-03
-3.2709600E-03,8.69141E-01,4.88281E-02
-3.2524800E-03,9.86328E-01,9.76562E-03
-3.2340000E-03,9.08203E-01,6.83594E-02
-3.2155200E-03,9.08203E-01,9.76562E-03
-3.1970400E-03,9.08203E-01,2.92969E-02
-3.1785600E-03,9.47266E-01,2.92969E-02
-3.1600800E-03,9.08203E-01,8.78906E-02
-3.1416000E-03,9.66797E-01,4.88281E-02
-3.1231200E-03,9.27734E-01,-4.88281E-02
-3.1046400E-03,9.27734E-01,4.88281E-02
-3.0861600E-03,8.88672E-01,9.76562E-03
-3.0676800E-03,9.27734E-01,9.76562E-03
-3.0492000E-03,9.27734E-01,2.92969E-02
-3.0307200E-03,9.47266E-01,9.76562E-03
-3.0122400E-03,8.49609E-01,4.88281E-02
-2.9937600E-03,9.27734E-01,1.26953E-01
-2.9752800E-03,9.27734E-01,2.92969E-02
-2.9568000E-03,9.66797E-01,9.76562E-03
-2.9383200E-03,9.08203E-01,4.88281E-02
-2.9198400E-03,9.08203E-01,2.92969E-02
-2.9013600E-03,9.08203E-01,1.07422E-01
-2.8828800E-03,9.08203E-01,9.76562E-03
-2.8644000E-03,9.27734E-01,2.92969E-02
-2.8459200E-03,9.66797E-01,6.83594E-02
-2.8274400E-03,9.08203E-01,6.83594E-02
-2.8089600E-03,9.08203E-01,4.88281E-02
-2.7904800E-03,9.08203E-01,4.88281E-02
-2.7720000E-03,9.27734E-01,4.88281E-02
-2.7535200E-03,8.88672E-01,4.88281E-02
-2.7350400E-03,9.66797E-01,-9.76562E-03
-2.7165600E-03,9.47266E-01,2.92969E-02
-2.6980800E-03,9.27734E-01,2.92969E-02
-2.6796000E-03,9.08203E-01,-4.88281E-02
-2.6611200E-03,9.08203E-01,2.92969E-02
-2.6426400E-03,8.69141E-01,4.88281E-02
-2.6241600E-03,8.69141E-01,4.88281E-02
-2.6056800E-03,9.08203E-01,-2.92969E-02
-2.5872000E-03,9.86328E-01,6.83594E-02
-2.5687200E-03,9.27734E-01,4.88281E-02
-2.5502400E-03,8.69141E-01,9.76562E-03
-2.5317600E-03,8.88672E-01,8.78906E-02
-2.5132800E-03,8.88672E-01,-2.92969E-02
-2.4948000E-03,8.88672E-01,9.76562E-03
-2.4763200E-03,9.27734E-01,4.88281E-02
-2.4578400E-03,9.08203E-01,4.88281E-02
-2.4393600E-03,9.47266E-01,9.76562E-03
-2.4208800E-03,8.30078E-01,2.92969E-02
-2.4024000E-03,9.47266E-01,2.92969E-02
-2.3839200E-03,8.69141E-01,9.76562E-03
-2.3654400E-03,8.88672E-01,-9.76562E-03
-2.3469600E-03,9.08203E-01,6.83594E-02
-2.3284800E-03,9.47266E-01,2.92969E-02
-2.3100000E-03,9.08203E-01,6.83594E-02
-2.2915200E-03,8.69141E-01,6.83594E-02
-2.2730400E-03,9.27734E-01,4.88281E-02
-2.2545600E-03,8.88672E-01,9.76562E-03
-2.2360800E-03,8.69141E-01,6.83594E-02
-2.2176000E-03,8.69141E-01,2.92969E-02
-2.1991200E-03,9.86328E-01,2.92969E-02
-2.1806400E-03,9.08203E-01,4.88281E-02
-2.1621600E-03,9.27734E-01,9.76562E-03
-2.1436800E-03,9.66797E-01,-9.76562E-03
-2.1252000E-03,8.88672E-01,2.92969E-02
-2.1067200E-03,9.47266E-01,6.83594E-02
-2.0882400E-03,9.08203E-01,2.92969E-02
-2.0697600E-03,9.08203E-01,9.76562E-03
-2.0512800E-03,9.27734E-01,6.83594E-02
-2.0328000E-03,8.69141E-01,2.92969E-02
-2.0143200E-03,8.88672E-01,2.92969E-02
-1.9958400E-03,8.69141E-01,9.76562E-03
-1.9773600E-03,9.27734E-01,6.83594E-02
-1.9588800E-03,9.86328E-01,4.88281E-02
-1.9404000E-03,8.88672E-01,2.92969E-02
-1.9219200E-03,9.08203E-01,4.88281E-02
-1.9034400E-03,8.88672E-01,4.88281E-02
-1.8849600E-03,9.27734E-01,9.76562E-03
-1.8664800E-03,9.27734E-01,9.76562E-03
-1.8480000E-03,8.88672E-01,8.78906E-02
-1.8295200E-03,8.49609E-01,6.83594E-02
-1.8110400E-03,8.88672E-01,9.76562E-03
-1.7925600E-03,9.47266E-01,4.88281E-02
-1.7740800E-03,9.27734E-01,9.76562E-03
-1.7556000E-03,9.66797E-01,6.83594E-02
-1.7371200E-03,9.08203E-01,-9.76562E-03
-1.7186400E-03,8.69141E-01,6.83594E-02
-1.7001600E-03,9.47266E-01,6.83594E-02
-1.6816800E-03,9.08203E-01,2.92969E-02
-1.6632000E-03,8.69141E-01,-9.76562E-03
-1.6447200E-03,9.08203E-01,2.92969E-02
-1.6262400E-03,8.88672E-01,9.76562E-03
-1.6077600E-03,9.27734E-01,2.92969E-02
-1.5892800E-03,8.69141E-01,2.92969E-02
-1.5708000E-03,9.08203E-01,6.83594E-02
-1.5523200E-03,9.08203E-01,4.88281E-02
-1.5338400E-03,8.49609E-01,6.83594E-02
-1.5153600E-03,8.30078E-01,-9.76562E-03
-1.4968800E-03,7.91016E-01,9.76562E-03
-1.4784000E-03,9.27734E-01,-9.76562E-03
-1.4599200E-03,9.66797E-01,2.92969E-02
-1.4414400E-03,9.27734E-01,6.83594E-02
-1.4229600E-03,8.88672E-01,2.92969E-02
-1.4044800E-03,9.66797E-01,2.92969E-02
-1.3860000E-03,8.88672E-01,8.78906E-02
-1.3675200E-03,9.27734E-01,2.92969E-02
-1.3490400E-03,8.69141E-01,2.92969E-02
-1.3305600E-03,8.88672E-01,-9.76562E-03
-1.3120800E-03,9.08203E-01,9.76562E-03
-1.2936000E-03,9.27734E-01,6.83594E-02
-1.2751200E-03,8.88672E-01,2.92969E-02
-1.2566400E-03,9.66797E-01,9.76562E-03
-1.2381600E-03,8.30078E-01,4.88281E-02
-1.2196800E-03,9.47266E-01,-9.76562E-03
-1.2012000E-03,9.27734E-01,2.92969E-02
-1.1827200E-03,8.30078E-01,9.76562E-03
-1.1642400E-03,9.08203E-01,8.78906E-02
-1.1457600E-03,9.66797E-01,-9.76562E-03
-1.1272800E-03,9.08203E-01,6.83594E-02
-1.1088000E-03,9.08203E-01,9.76562E-03
-1.0903200E-03,9.47266E-01,4.88281E-02
-1.0718400E-03,9.27734E-01,9.76562E-03
-1.0533600E-03,8.49609E-01,-9.76562E-03
-1.0348800E-03,9.27734E-01,4.88281E-02
-1.0164000E-03,9.47266E-01,9.76562E-03
-9.9792000E-04,9.47266E-01,4.88281E-02
-9.7944000E-04,8.88672E-01,1.07422E-01
-9.6096000E-04,8.88672E-01,4.88281E-02
-9.4248000E-04,8.49609E-01,6.83594E-02
-9.2400000E-04,8.88672E-01,4.88281E-02
-9.0552000E-04,8.49609E-01,2.92969E-02
-8.8704000E-04,8.69141E-01,9.76562E-03
-8.6856000E-04,9.47266E-01,4.88281E-02
-8.5008000E-04,9.27734E-01,4.88281E-02
-8.3160000E-04,8.69141E-01,9.76562E-03
-8.1312000E-04,9.86328E-01,2.92969E-02
-7.9464000E-04,8.30078E-01,4.88281E-02
-7.7616000E-04,9.66797E-01,4.88281E-02
-7.5768000E-04,8.88672E-01,2.92969E-02
-7.3920000E-04,9.66797E-01,-2.92969E-02
-7.2072000E-04,8.30078E-01,4.88281E-02
-7.0224000E-04,9.27734E-01,2.92969E-02
-6.8376000E-04,9.27734E-01,4.88281E-02
-6.6528000E-04,9.47266E-01,9.76562E-03
-6.4680000E-04,9.08203E-01,4.88281E-02
-6.2832000E-04,8.88672E-01,9.76562E-03
-6.0984000E-04,8.88672E-01,6.83594E-02
-5.9136000E-04,9.27734E-01,9.76562E-03
-5.7288000E-04,9.47266E-01,4.88281E-02
-5.5440000E-04,9.66797E-01,9.76562E-03
-5.3592000E-04,9.08203E-01,2.92969E-02
-5.1744000E-04,9.27734E-01,2.92969E-02
-4.9896000E-04,8.88672E-01,4.88281E-02
-4.8048000E-04,9.27734E-01,4.88281E-02
-4.6200000E-04,9.47266E-01,9.76562E-03
-4.4352000E-04,9.27734E-01,4.88281E-02
-4.2504000E-04,9.66797E-01,8.78906E-02
-4.0656000E-04,8.69141E-01,-9.76562E-03
-3.8808000E-04,9.47266E-01,2.92969E-02
-3.6960000E-04,9.66797E-01,9.76562E-03
-3.5112000E-04,8.88672E-01,2.92969E-02
-3.3264000E-04,9.86328E-01,2.92969E-02
-3.1416000E-04,9.27734E-01,4.88281E-02
-2.9568000E-04,9.66797E-01,-2.92969E-02
-2.7720000E-04,9.08203E-01,6.83594E-02
-2.5872000E-04,8.88672E-01,9.76562E-03
-2.4024000E-04,9.86328E-01,4.88281E-02
-2.2176000E-04,8.88672E-01,2.92969E-02
-2.0328000E-04,9.27734E-01,9.76562E-03
-1.8480000E-04,1.00586E+00,-4.88281E-02
-1.6632000E-04,8.30078E-01,2.92969E-02
-1.4784000E-04,9.27734E-01,2.92969E-02
-1.2936000E-04,9.27734E-01,9.76562E-03
-1.1088000E-04,9.27734E-01,2.92969E-02
-9.2400000E-05,8.69141E-01,2.92969E-02
-7.3920000E-05,9.86328E-01,4.88281E-02
-5.5440000E-05,9.27734E-01,2.92969E-02
-3.6960000E-05,9.86328E-01,2.92969E-02
-1.8480000E-05,9.27734E-01,6.83594E-02
-7.5236855E-17,9.86328E-01,9.76562E-03
1.8480000E-05,9.27734E-01,2.92969E-02
3.6960000E-05,9.47266E-01,9.76562E-03
5.5440000E-05,9.27734E-01,6.83594E-02
7.3920000E-05,9.27734E-01,4.88281E-02
9.2400000E-05,8.88672E-01,8.78906E-02
1.1088000E-04,9.66797E-01,6.83594E-02
1.2936000E-04,9.08203E-01,9.76562E-03
1.4784000E-04,9.47266E-01,9.76562E-03
1.6632000E-04,9.08203E-01,1.26953E-01
1.8480000E-04,9.66797E-01,9.76562E-03
2.0328000E-04,9.27734E-01,2.92969E-02
2.2176000E-04,8.88672E-01,2.92969E-02
2.4024000E-04,9.27734E-01,4.88281E-02
2.5872000E-04,8.49609E-01,-9.76562E-03
2.7720000E-04,7.91016E-01,1.07422E-01
2.9568000E-04,1.00586E+00,-9.76562E-03
3.1416000E-04,8.49609E-01,6.83594E-02
3.3264000E-04,9.27734E-01,9.76562E-03
3.5112000E-04,8.88672E-01,6.83594E-02
3.6960000E-04,9.86328E-01,9.76562E-03
3.8808000E-04,9.47266E-01,6.83594E-02
4.0656000E-04,9.27734E-01,9.76562E-03
4.2504000E-04,9.08203E-01,4.88281E-02
4.4352000E-04,9.27734E-01,9.76562E-03
4.6200000E-04,8.88672E-01,2.92969E-02
4.8048000E-04,9.86328E-01,4.88281E-02
4.9896000E-04,8.88672E-01,4.88281E-02
5.1744000E-04,9.86328E-01,6.83594E-02
5.3592000E-04,9.27734E-01,2.92969E-02
5.5440000E-04,9.66797E-01,2.92969E-02
5.7288000E-04,9.47266E-01,4.88281E-02
5.9136000E-04,9.27734E-01,6.83594E-02
6.0984000E-04,8.69141E-01,9.76562E-03
6.2832000E-04,9.27734E-01,4.88281E-02
6.4680000E-04,9.08203E-01,8.78906E-02
6.6528000E-04,9.86328E-01,2.92969E-02
6.8376000E-04,9.27734E-01,6.83594E-02
7.0224000E-04,9.86328E-01,4.88281E-02
7.2072000E-04,9.27734E-01,6.83594E-02
7.3920000E-04,9.27734E-01,9.76562E-03
7.5768000E-04,9.27734E-01,6.83594E-02
7.7616000E-04,8.69141E-01,4.88281E-02
7.9464000E-04,8.88672E-01,9.76562E-03
8.1312000E-04,9.86328E-01,6.83594E-02
8.3160000E-04,8.88672E-01,2.92969E-02
8.5008000E-04,9.86328E-01,2.92969E-02
8.6856000E-04,9.27734E-01,2.92969E-02
8.8704000E-04,9.27734E-01,4.88281E-02
9.0552000E-04,9.47266E-01,-2.92969E-02
9.2400000E-04,9.27734E-01,2.92969E-02
9.4248000E-04,8.69141E-01,6.83594E-02
9.6096000E-04,8.69141E-01,9.76562E-03
9.7944000E-04,8.49609E-01,4.88281E-02
9.9792000E-04,9.27734E-01,-9.76562E-03
1.0164000E-03,8.49609E-01,-2.92969E-02
1.0348800E-03,9.86328E-01,4.88281E-02
1.0533600E-03,9.27734E-01,9.76562E-03
1.0718400E-03,9.08203E-01,6.83594E-02
1.0903200E-03,8.88672E-01,2.92969E-02
1.1088000E-03,9.47266E-01,9.76562E-03
1.1272800E-03,9.66797E-01,4.88281E-02
1.1457600E-03,9.66797E-01,2.92969E-02
1.1642400E-03,8.49609E-01,2.92969E-02
1.1827200E-03,9.66797E-01,-9.76562E-03
1.2012000E-03,8.88672E-01,1.07422E-01
1.2196800E-03,9.66797E-01,2.92969E-02
1.2381600E-03,8.88672E-01,2.92969E-02
1.2566400E-03,9.47266E-01,-2.92969E-02
1.2751200E-03,8.30078E-01,4.88281E-02
1.2936000E-03,9.08203E-01,-2.92969E-02
1.3120800E-03,8.69141E-01,6.83594E-02
1.3305600E-03,9.47266E-01,9.76562E-03
1.3490400E-03,8.88672E-01,4.88281E-02
1.3675200E-03,9.08203E-01,-2.92969E-02
1.3860000E-03,9.47266E-01,6.83594E-02
1.4044800E-03,9.47266E-01,-2.92969E-02
1.4229600E-03,9.66797E-01,4.88281E-02
1.4414400E-03,9.66797E-01,9.76562E-03
1.4599200E-03,9.08203E-01,2.92969E-02
1.4784000E-03,9.47266E-01,6.83594E-02
1.4968800E-03,9.08203E-01,6.83594E-02
1.5153600E-03,9.27734E-01,4.88281E-02
1.5338400E-03,9.27734E-01,8.78906E-02
1.5523200E-03,8.88672E-01,-2.92969E-02
1.5708000E-03,8.69141E-01,8.78906E-02
1.5892800E-03,9.27734E-01,2.92969E-02
1.6077600E-03,9.27734E-01,4.88281E-02
1.6262400E-03,9.86328E-01,9.76562E-03
1.6447200E-03,8.88672E-01,9.76562E-03
1.6632000E-03,9.47266E-01,2.92969E-02
1.6816800E-03,9.08203E-01,2.92969E-02
1.7001600E-03,9.47266E-01,2.92969E-02
1.7186400E-03,8.69141E-01,2.92969E-02
1.7371200E-03,9.47266E-01,9.76562E-03
1.7556000E-03,8.69141E-01,4.88281E-02
1.7740800E-03,9.27734E-01,9.76562E-03
1.7925600E-03,9.08203E-01,2.92969E-02
1.8110400E-03,9.27734E-01,2.92969E-02
1.8295200E-03,9.27734E-01,2.92969E-02
1.8480000E-03,9.86328E-01,2.92969E-02
1.8664800E-03,9.66797E-01,6.83594E-02
1.8849600E-03,9.08203E-01,2.92969E-02
1.9034400E-03,9.27734E-01,6.83594E-02
1.9219200E-03,9.86328E-01,4.88281E-02
1.9404000E-03,9.08203E-01,9.76562E-03
1.9588800E-03,9.08203E-01,9.76562E-03
1.9773600E-03,9.08203E-01,2.92969E-02
1.9958400E-03,8.69141E-01,4.88281E-02
2.0143200E-03,9.27734E-01,4.88281E-02
2.0328000E-03,8.88672E-01,2.92969E-02
2.0512800E-03,9.47266E-01,4.88281E-02
2.0697600E-03,9.08203E-01,2.92969E-02
2.0882400E-03,9.66797E-01,6.83594E-02
2.1067200E-03,8.69141E-01,6.83594E-02
2.1252000E-03,9.08203E-01,4.88281E-02
2.1436800E-03,9.86328E-01,4.88281E-02
2.1621600E-03,9.27734E-01,-9.76562E-03
2.1806400E-03,1.00586E+00,9.76562E-03
2.1991200E-03,9.08203E-01,2.92969E-02
2.2176000E-03,8.69141E-01,4.88281E-02
2.2360800E-03,8.49609E-01,4.88281E-02
2.2545600E-03,1.00586E+00,2.92969E-02
2.2730400E-03,8.88672E-01,1.26953E-01
2.2915200E-03,9.27734E-01,4.88281E-02
2.3100000E-03,9.27734E-01,-6.83594E-02
2.3284800E-03,9.27734E-01,6.83594E-02
2.3469600E-03,9.08203E-01,9.76562E-03
2.3654400E-03,9.27734E-01,9.76562E-03
2.3839200E-03,9.47266E-01,6.83594E-02
2.4024000E-03,9.66797E-01,4.88281E-02
2.4208800E-03,8.69141E-01,2.92969E-02
2.4393600E-03,9.27734E-01,9.76562E-03
2.4578400E-03,8.88672E-01,9.76562E-03
2.4763200E-03,1.02539E+00,-9.76562E-03
2.4948000E-03,9.27734E-01,4.88281E-02
2.5132800E-03,9.08203E-01,9.76562E-03
2.5317600E-03,8.88672E-01,6.83594E-02
2.5502400E-03,8.69141E-01,2.92969E-02
2.5687200E-03,9.27734E-01,4.88281E-02
2.5872000E-03,8.69141E-01,-9.76562E-03
2.6056800E-03,8.88672E-01,2.92969E-02
2.6241600E-03,8.88672E-01,6.83594E-02
2.6426400E-03,9.66797E-01,6.83594E-02
2.6611200E-03,9.27734E-01,2.92969E-02
2.6796000E-03,9.08203E-01,6.83594E-02
2.6980800E-03,9.47266E-01,4.88281E-02
2.7165600E-03,9.08203E-01,6.83594E-02
2.7350400E-03,9.27734E-01,9.76562E-03
2.7535200E-03,9.27734E-01,2.92969E-02
2.7720000E-03,9.86328E-01,-9.76562E-03
2.7904800E-03,9.86328E-01,1.07422E-01
2.8089600E-03,9.08203E-01,9.76562E-03
2.8274400E-03,9.86328E-01,2.92969E-02
2.8459200E-03,9.86328E-01,-9.76562E-03
2.8644000E-03,9.47266E-01,4.88281E-02
2.8828800E-03,9.47266E-01,9.76562E-03
2.9013600E-03,8.88672E-01,2.92969E-02
2.9198400E-03,9.66797E-01,2.92969E-02
2.9383200E-03,8.69141E-01,9.76562E-03
2.9568000E-03,9.86328E-01,-9.76562E-03
2.9752800E-03,9.27734E-01,4.88281E-02
2.9937600E-03,9.27734E-01,9.76562E-03
3.0122400E-03,9.08203E-01,6.83594E-02
3.0307200E-03,1.02539E+00,9.76562E-03
3.0492000E-03,8.88672E-01,1.26953E-01
3.0676800E-03,8.69141E-01,9.76562E-03
3.0861600E-03,9.27734E-01,4.88281E-02
3.1046400E-03,9.47266E-01,9.76562E-03
3.1231200E-03,8.69141E-01,4.88281E-02
3.1416000E-03,9.86328E-01,-9.76562E-03
3.1600800E-03,8.88672E-01,4.88281E-02
3.1785600E-03,9.08203E-01,9.76562E-03
3.1970400E-03,9.27734E-01,8.78906E-02
3.2155200E-03,9.47266E-01,9.76562E-03
3.2340000E-03,8.88672E-01,8.78906E-02
3.2524800E-03,9.47266E-01,9.76562E-03
3.2709600E-03,9.27734E-01,2.92969E-02
3.2894400E-03,1.04492E+00,4.88281E-02
3.3079200E-03,8.88672E-01,2.92969E-02
3.3264000E-03,1.00586E+00,6.83594E-02
3.3448800E-03,9.08203E-01,9.76562E-03
3.3633600E-03,9.27734E-01,4.88281E-02
3.3818400E-03,9.47266E-01,4.88281E-02
3.4003200E-03,8.88672E-01,4.88281E-02
3.4188000E-03,8.69141E-01,8.78906E-02
3.4372800E-03,9.86328E-01,8.78906E-02
3.4557600E-03,9.47266E-01,8.78906E-02
3.4742400E-03,1.00586E+00,-9.76562E-03
3.4927200E-03,8.88672E-01,4.88281E-02
3.5112000E-03,9.27734E-01,1.07422E-01
3.5296800E-03,9.27734E-01,9.76562E-03
3.5481600E-03,9.47266E-01,-4.88281E-02
3.5666400E-03,9.27734E-01,1.07422E-01
3.5851200E-03,1.00586E+00,6.83594E-02
3.6036000E-03,9.27734E-01,9.76562E-03
3.6220800E-03,1.02539E+00,-9.76562E-03
3.6405600E-03,9.47266E-01,6.83594E-02
3.6590400E-03,9.47266E-01,4.88281E-02
3.6775200E-03,8.88672E-01,2.92969E-02
3.6960000E-03,9.08203E-01,-2.92969E-02
3.7144800E-03,9.27734E-01,9.76562E-03
3.7329600E-03,9.86328E-01,9.76562E-03
3.7514400E-03,9.08203E-01,6.83594E-02
3.7699200E-03,9.47266E-01,2.92969E-02
3.7884000E-03,9.08203E-01,4.88281E-02
3.8068800E-03,9.47266E-01,-9.76562E-03
3.8253600E-03,9.27734E-01,9.76562E-03
3.8438400E-03,9.66797E-01,4.88281E-02
3.8623200E-03,9.47266E-01,6.83594E-02
3.8808000E-03,8.88672E-01,9.76562E-03
3.8992800E-03,9.27734E-01,6.83594E-02
3.9177600E-03,9.27734E-01,-9.76562E-03
3.9362400E-03,9.47266E-01,6.83594E-02
3.9547200E-03,9.86328E-01,6.83594E-02
3.9732000E-03,9.27734E-01,9.76562E-03
3.9916800E-03,9.86328E-01,2.92969E-02
4.0101600E-03,9.08203E-01,2.92969E-02
4.0286400E-03,1.00586E+00,9.76562E-03
4.0471200E-03,9.47266E-01,6.83594E-02
4.0656000E-03,9.66797E-01,-9.76562E-03
4.0840800E-03,9.66797E-01,4.88281E-02
4.1025600E-03,1.04492E+00,9.76562E-03
4.1210400E-03,9.27734E-01,9.76562E-03
4.1395200E-03,9.27734E-01,2.92969E-02
4.1580000E-03,9.27734E-01,6.83594E-02
4.1764800E-03,9.27734E-01,4.88281E-02
4.1949600E-03,9.27734E-01,4.88281E-02
4.2134400E-03,9.27734E-01,9.76562E-03
4.2319200E-03,9.66797E-01,1.07422E-01
4.2504000E-03,1.00586E+00,-9.76562E-03
4.2688800E-03,9.08203E-01,6.83594E-02
4.2873600E-03,9.66797E-01,9.76562E-03
4.3058400E-03,1.00586E+00,4.88281E-02
4.3243200E-03,9.86328E-01,-9.76562E-03
4.3428000E-03,9.66797E-01,2.92969E-02
4.3612800E-03,9.66797E-01,9.76562E-03
4.3797600E-03,9.66797E-01,4.88281E-02
4.3982400E-03,9.66797E-01,9.76562E-03
4.4167200E-03,8.69141E-01,4.88281E-02
4.4352000E-03,8.88672E-01,2.92969E-02
4.4536800E-03,8.69141E-01,9.76562E-03
4.4721600E-03,9.47266E-01,2.92969E-02
4.4906400E-03,9.08203E-01,4.88281E-02
4.5091200E-03,9.08203E-01,2.92969E-02
4.5276000E-03,9.86328E-01,9.76562E-03
4.5460800E-03,8.88672E-01,2.92969E-02
4.5645600E-03,9.86328E-01,6.83594E-02
4.5830400E-03,9.08203E-01,4.88281E-02
4.6015200E-03,9.08203E-01,6.83594E-02
4.6200000E-03,9.27734E-01,-9.76562E-03
4.6384800E-03,9.08203E-01,6.83594E-02
4.6569600E-03,9.86328E-01,-9.76562E-03
4.6754400E-03,9.08203E-01,2.92969E-02
4.6939200E-03,9.27734E-01,4.88281E-02
4.7124000E-03,8.88672E-01,8.78906E-02
4.7308800E-03,9.47266E-01,2.92969E-02
4.7493600E-03,9.08203E-01,4.88281E-02
4.7678400E-03,9.47266E-01,-9.76562E-03
4.7863200E-03,9.27734E-01,4.88281E-02
4.8048000E-03,9.47266E-01,2.92969E-02
4.8232800E-03,9.86328E-01,4.88281E-02
4.8417600E-03,9.27734E-01,2.92969E-02
4.8602400E-03,9.27734E-01,2.92969E-02
4.8787200E-03,8.69141E-01,9.76562E-03
4.8972000E-03,9.27734E-01,4.88281E-02
4.9156800E-03,1.04492E+00,2.92969E-02
4.9341600E-03,9.27734E-01,4.88281E-02
4.9526400E-03,9.86328E-01,9.76562E-03
4.9711200E-03,9.27734E-01,-4.88281E-02
4.9896000E-03,9.27734E-01,6.83594E-02
5.0080800E-03,8.69141E-01,6.83594E-02
5.0265600E-03,8.69141E-01,-9.76562E-03
5.0450400E-03,9.27734E-01,4.88281E-02
5.0635200E-03,9.47266E-01,4.88281E-02
5.0820000E-03,9.27734E-01,2.92969E-02
5.1004800E-03,9.27734E-01,2.92969E-02
5.1189600E-03,8.88672E-01,6.83594E-02
5.1374400E-03,8.88672E-01,9.76562E-03
5.1559200E-03,1.00586E+00,2.92969E-02
5.1744000E-03,9.66797E-01,2.92969E-02
5.1928800E-03,8.88672E-01,6.83594E-02
5.2113600E-03,9.27734E-01,9.76562E-03
5.2298400E-03,9.27734E-01,1.26953E-01
5.2483200E-03,9.27734E-01,2.92969E-02
5.2668000E-03,1.02539E+00,9.76562E-03
5.2852800E-03,1.04492E+00,9.76562E-03
5.3037600E-03,9.27734E-01,6.83594E-02
5.3222400E-03,1.00586E+00,2.92969E-02
5.3407200E-03,9.47266E-01,4.88281E-02
5.3592000E-03,9.08203E-01,2.92969E-02
5.3776800E-03,8.69141E-01,6.83594E-02
5.3961600E-03,1.00586E+00,9.76562E-03
5.4146400E-03,9.86328E-01,4.88281E-02
5.4331200E-03,9.47266E-01,9.76562E-03
5.4516000E-03,9.66797E-01,2.92969E-02
5.4700800E-03,9.27734E-01,9.76562E-03
5.4885600E-03,8.49609E-01,4.88281E-02
5.5070400E-03,9.08203E-01,2.92969E-02
5.5255200E-03,1.02539E+00,4.88281E-02
5.5440000E-03,9.86328E-01,-9.76562E-03
5.5624800E-03,8.88672E-01,2.92969E-02
5.5809600E-03,9.47266E-01,4.88281E-02
5.5994400E-03,8.49609E-01,2.92969E-02
5.6179200E-03,9.86328E-01,9.76562E-03
5.6364000E-03,9.08203E-01,6.83594E-02
5.6548800E-03,1.00586E+00,4.88281E-02
5.6733600E-03,9.27734E-01,6.83594E-02
5.6918400E-03,8.69141E-01,2.92969E-02
5.7103200E-03,9.08203E-01,9.76562E-03
5.7288000E-03,9.86328E-01,4.88281E-02
5.7472800E-03,9.27734E-01,9.76562E-03
5.7657600E-03,9.08203E-01,-9.76562E-03
5.7842400E-03,9.47266E-01,8.78906E-02
5.8027200E-03,8.30078E-01,9.76562E-03
5.8212000E-03,1.00586E+00,8.78906E-02
5.8396800E-03,9.47266E-01,9.76562E-03
5.8581600E-03,8.69141E-01,9.76562E-03
5.8766400E-03,9.47266E-01,2.92969E-02
5.8951200E-03,1.00586E+00,8.78906E-02
5.9136000E-03,9.86328E-01,-9.76562E-03
5.9320800E-03,1.02539E+00,4.88281E-02
5.9505600E-03,9.27734E-01,2.92969E-02
5.9690400E-03,8.88672E-01,6.83594E-02
5.9875200E-03,1.00586E+00,-9.76562E-03
6.0060000E-03,8.69141E-01,2.92969E-02
6.0244800E-03,9.66797E-01,2.92969E-02
6.0429600E-03,8.88672E-01,4.88281E-02
6.0614400E-03,9.86328E-01,9.76562E-03
6.0799200E-03,9.27734E-01,2.92969E-02
6.0984000E-03,9.08203E-01,2.92969E-02
6.1168800E-03,9.08203E-01,6.83594E-02
6.1353600E-03,1.02539E+00,2.92969E-02
6.1538400E-03,9.27734E-01,6.83594E-02
6.1723200E-03,9.47266E-01,4.88281E-02
6.1908000E-03,9.27734E-01,2.92969E-02
6.2092800E-03,1.04492E+00,4.88281E-02
6.2277600E-03,9.47266E-01,6.83594E-02
6.2462400E-03,9.66797E-01,4.88281E-02
6.2647200E-03,8.69141E-01,4.88281E-02
6.2832000E-03,1.00586E+00,4.88281E-02
6.3016800E-03,9.27734E-01,9.76562E-03
6.3201600E-03,1.00586E+00,2.92969E-02
6.3386400E-03,9.27734E-01,2.92969E-02
6.3571200E-03,1.02539E+00,2.92969E-02
6.3756000E-03,8.69141E-01,6.83594E-02
6.3940800E-03,1.00586E+00,9.76562E-03
6.4125600E-03,9.66797E-01,4.88281E-02
6.4310400E-03,9.47266E-01,4.88281E-02
6.4495200E-03,9.47266E-01,4.88281E-02
6.4680000E-03,9.86328E-01,9.76562E-03
6.4864800E-03,9.27734E-01,9.76562E-03
6.5049600E-03,9.27734E-01,-9.76562E-03
6.5234400E-03,1.00586E+00,6.83594E-02
6.5419200E-03,9.27734E-01,4.88281E-02
6.5604000E-03,9.08203E-01,6.83594E-02
6.5788800E-03,1.00586E+00,4.88281E-02
6.5973600E-03,9.08203E-01,4.88281E-02
6.6158400E-03,1.00586E+00,2.92969E-02
6.6343200E-03,9.27734E-01,4.88281E-02
6.6528000E-03,9.86328E-01,4.88281E-02
6.6712800E-03,1.00586E+00,2.92969E-02
6.6897600E-03,8.88672E-01,4.88281E-02
6.7082400E-03,9.66797E-01,9.76562E-03
6.7267200E-03,9.66797E-01,9.76562E-03
6.7452000E-03,9.27734E-01,2.92969E-02
6.7636800E-03,9.66797E-01,2.92969E-02
6.7821600E-03,9.08203E-01,2.92969E-02
6.8006400E-03,9.47266E-01,2.92969E-02
6.8191200E-03,9.27734E-01,2.92969E-02
6.8376000E-03,1.00586E+00,9.76562E-03
6.8560800E-03,1.00586E+00,4.88281E-02
6.8745600E-03,9.47266E-01,2.92969E-02
6.8930400E-03,9.27734E-01,6.83594E-02
6.9115200E-03,9.66797E-01,2.92969E-02
6.9300000E-03,1.00586E+00,2.92969E-02
6.9484800E-03,9.47266E-01,2.92969E-02
6.9669600E-03,9.27734E-01,6.83594E-02
6.9854400E-03,9.47266E-01,-9.76562E-03
7.0039200E-03,9.86328E-01,4.88281E-02
7.0224000E-03,9.86328E-01,2.92969E-02
7.0408800E-03,9.47266E-01,2.92969E-02
7.0593600E-03,9.47266E-01,2.92969E-02
7.0778400E-03,9.27734E-01,4.88281E-02
7.0963200E-03,9.66797E-01,4.88281E-02
7.1148000E-03,9.66797E-01,4.88281E-02
7.1332800E-03,9.08203E-01,6.83594E-02
7.1517600E-03,9.47266E-01,2.92969E-02
7.1702400E-03,9.47266E-01,2.92969E-02
7.1887200E-03,9.08203E-01,6.83594E-02
7.2072000E-03,9.27734E-01,4.88281E-02
7.2256800E-03,9.47266E-01,4.88281E-02
7.2441600E-03,9.27734E-01,9.76562E-03
7.2626400E-03,9.86328E-01,4.88281E-02
7.2811200E-03,9.27734E-01,9.76562E-03
7.2996000E-03,9.47266E-01,4.88281E-02
7.3180800E-03,9.66797E-01,2.92969E-02
7.3365600E-03,9.27734E-01,9.76562E-03
7.3550400E-03,9.66797E-01,9.76562E-03
7.3735200E-03,9.47266E-01,4.88281E-02
7.3920000E-03,9.47266E-01,-9.76562E-03
7.4104800E-03,9.27734E-01,6.83594E-02
7.4289600E-03,9.27734E-01,4.88281E-02
7.4474400E-03,9.08203E-01,4.88281E-02
7.4659200E-03,9.86328E-01,4.88281E-02
7.4844000E-03,9.27734E-01,6.83594E-02
7.5028800E-03,9.47266E-01,9.76562E-03
7.5213600E-03,8.88672E-01,4.88281E-02
7.5398400E-03,9.86328E-01,2.92969E-02
7.5583200E-03,9.86328E-01,4.88281E-02
7.5768000E-03,9.86328E-01,-2.92969E-02
7.5952800E-03,9.27734E-01,1.07422E-01
7.6137600E-03,9.27734E-01,-4.88281E-02
7.6322400E-03,9.66797E-01,4.88281E-02
7.6507200E-03,9.66797E-01,-9.76562E-03
7.6692000E-03,9.08203E-01,4.88281E-02
7.6876800E-03,1.02539E+00,2.92969E-02
7.7061600E-03,9.47266E-01,4.88281E-02
7.7246400E-03,9.66797E-01,9.76562E-03
7.7431200E-03,9.66797E-01,2.92969E-02
7.7616000E-03,8.88672E-01,4.88281E-02
7.7800800E-03,9.47266E-01,2.92969E-02
7.7985600E-03,9.47266E-01,2.92969E-02
7.8170400E-03,8.88672E-01,8.78906E-02
7.8355200E-03,9.27734E-01,2.92969E-02
7.8540000E-03,9.66797E-01,4.88281E-02
7.8724800E-03,9.66797E-01,-9.76562E-03
7.8909600E-03,9.66797E-01,-2.92969E-02
7.9094400E-03,1.02539E+00,9.76562E-03
7.9279200E-03,9.47266E-01,6.83594E-02
7.9464000E-03,9.47266E-01,4.88281E-02
7.9648800E-03,1.00586E+00,2.92969E-02
7.9833600E-03,1.02539E+00,9.76562E-03
8.0018400E-03,9.86328E-01,4.88281E-02
8.0203200E-03,9.86328E-01,4.88281E-02
8.0388000E-03,9.47266E-01,9.76562E-03
8.0572800E-03,9.86328E-01,2.92969E-02
8.0757600E-03,9.66797E-01,4.88281E-02
8.0942400E-03,9.47266E-01,4.88281E-02
8.1127200E-03,1.00586E+00,4.88281E-02
8.1312000E-03,9.08203E-01,4.88281E-02
8.1496800E-03,9.66797E-01,6.83594E-02
8.1681600E-03,9.66797E-01,-4.88281E-02
8.1866400E-03,9.27734E-01,9.76562E-03
8.2051200E-03,1.02539E+00,2.92969E-02
8.2236000E-03,1.04492E+00,2.92969E-02
8.2420800E-03,1.02539E+00,9.76562E-03
8.2605600E-03,8.88672E-01,-9.76562E-03
8.2790400E-03,1.00586E+00,9.76562E-03
8.2975200E-03,9.66797E-01,4.88281E-02
8.3160000E-03,1.00586E+00,4.88281E-02
8.3344800E-03,8.69141E-01,2.92969E-02
8.3529600E-03,9.66797E-01,2.92969E-02
8.3714400E-03,1.06445E+00,2.92969E-02
8.3899200E-03,9.66797E-01,9.76562E-03
8.4084000E-03,9.47266E-01,6.83594E-02
8.4268800E-03,1.02539E+00,2.92969E-02
8.4453600E-03,9.47266E-01,4.88281E-02
8.4638400E-03,9.27734E-01,-4.88281E-02
8.4823200E-03,8.69141E-01,4.88281E-02
8.5008000E-03,1.02539E+00,9.76562E-03
8.5192800E-03,9.27734E-01,6.83594E-02
8.5377600E-03,1.00586E+00,2.92969E-02
8.5562400E-03,9.66797E-01,8.78906E-02
8.5747200E-03,9.08203E-01,9.76562E-03
8.5932000E-03,1.00586E+00,2.92969E-02
8.6116800E-03,9.86328E-01,9.76562E-03
8.6301600E-03,9.47266E-01,2.92969E-02
8.6486400E-03,1.00586E+00,9.76562E-03
8.6671200E-03,9.47266E-01,6.83594E-02
8.6856000E-03,9.66797E-01,9.76562E-03
8.7040800E-03,9.86328E-01,6.83594E-02
8.7225600E-03,1.00586E+00,4.88281E-02
8.7410400E-03,9.47266E-01,2.92969E-02
8.7595200E-03,1.00586E+00,2.92969E-02
8.7780000E-03,9.27734E-01,9.76562E-03
8.7964800E-03,9.27734E-01,6.83594E-02
8.8149600E-03,9.47266E-01,9.76562E-03
8.8334400E-03,8.69141E-01,-2.92969E-02
8.8519200E-03,8.88672E-01,2.92969E-02
8.8704000E-03,1.02539E+00,2.92969E-02
8.8888800E-03,9.47266E-01,4.88281E-02
8.9073600E-03,9.47266E-01,4.88281E-02
8.9258400E-03,1.00586E+00,4.88281E-02
8.9443200E-03,9.47266E-01,-2.92969E-02
8.9628000E-03,9.86328E-01,4.88281E-02
8.9812800E-03,1.02539E+00,9.76562E-03
8.9997600E-03,9.86328E-01,2.92969E-02
9.0182400E-03,9.86328E-01,2.92969E-02
9.0367200E-03,9.08203E-01,2.92969E-02
9.0552000E-03,1.06445E+00,-2.92969E-02
9.0736800E-03,9.47266E-01,9.76562E-03
9.0921600E-03,1.02539E+00,4.88281E-02
9.1106400E-03,1.00586E+00,4.88281E-02
9.1291200E-03,9.47266E-01,4.88281E-02
9.1476000E-03,9.08203E-01,2.92969E-02
9.1660800E-03,1.00586E+00,-9.76562E-03
9.1845600E-03,1.00586E+00,9.76562E-03
9.2030400E-03,9.47266E-01,2.92969E-02
9.2215200E-03,8.88672E-01,2.92969E-02
9.2400000E-03,9.27734E-01,2.92969E-02
9.2584800E-03,1.00586E+00,2.92969E-02
9.2769600E-03,1.04492E+00,9.76562E-03
9.2954400E-03,9.47266E-01,6.83594E-02
9.3139200E-03,9.86328E-01,9.76562E-03
9.3324000E-03,9.27734E-01,2.92969E-02
9.3508800E-03,9.86328E-01,9.76562E-03
9.3693600E-03,9.47266E-01,1.07422E-01
9.3878400E-03,1.02539E+00,4.88281E-02
9.4063200E-03,8.88672E-01,4.88281E-02
9.4248000E-03,9.66797E-01,4.88281E-02
9.4432800E-03,9.08203E-01,6.83594E-02
9.4617600E-03,1.00586E+00,4.88281E-02
9.4802400E-03,1.00586E+00,8.78906E-02
9.4987200E-03,1.06445E+00,2.92969E-02
9.5172000E-03,9.66797E-01,-4.88281E-02
9.5356800E-03,9.66797E-01,-9.76562E-03
9.5541600E-03,9.47266E-01,4.88281E-02
9.5726400E-03,9.66797E-01,2.92969E-02
9.5911200E-03,9.47266E-01,8.78906E-02
9.6096000E-03,9.66797E-01,2.92969E-02
9.6280800E-03,1.00586E+00,4.88281E-02
9.6465600E-03,9.47266E-01,9.76562E-03
9.6650400E-03,9.27734E-01,9.76562E-03
9.6835200E-03,1.00586E+00,9.76562E-03
9.7020000E-03,1.00586E+00,2.92969E-02
9.7204800E-03,1.04492E+00,-9.76562E-03
9.7389600E-03,9.27734E-01,8.78906E-02
9.7574400E-03,1.00586E+00,6.83594E-02
9.7759200E-03,8.88672E-01,2.92969E-02
9.7944000E-03,1.00586E+00,9.76562E-03
9.8128800E-03,9.27734E-01,6.83594E-02
9.8313600E-03,9.66797E-01,-9.76562E-03
9.8498400E-03,9.27734E-01,6.83594E-02
9.8683200E-03,9.27734E-01,2.92969E-02
9.8868000E-03,9.66797E-01,8.78906E-02
9.9052800E-03,1.04492E+00,9.76562E-03
9.9237600E-03,1.00586E+00,6.83594E-02
9.9422400E-03,1.00586E+00,-2.92969E-02
9.9607200E-03,1.02539E+00,4.88281E-02
9.9792000E-03,9.27734E-01,4.88281E-02
9.9976800E-03,9.66797E-01,2.92969E-02
1.0016160E-02,9.66797E-01,-9.76562E-03
1.0034640E-02,9.27734E-01,2.92969E-02
1.0053120E-02,9.86328E-01,9.76562E-03
1.0071600E-02,9.27734E-01,6.83594E-02
1.0090080E-02,9.86328E-01,6.83594E-02
1.0108560E-02,9.08203E-01,4.88281E-02
1.0127040E-02,1.02539E+00,2.92969E-02
1.0145520E-02,8.69141E-01,4.88281E-02
1.0164000E-02,9.27734E-01,9.76562E-03
1.0182480E-02,9.47266E-01,4.88281E-02
1.0200960E-02,9.66797E-01,9.76562E-03
1.0219440E-02,9.86328E-01,6.83594E-02
1.0237920E-02,9.66797E-01,4.88281E-02
1.0256400E-02,9.86328E-01,9.76562E-03
1.0274880E-02,1.00586E+00,9.76562E-03
1.0293360E-02,9.08203E-01,9.76562E-03
1.0311840E-02,9.86328E-01,6.83594E-02
1.0330320E-02,9.47266E-01,6.83594E-02
1.0348800E-02,1.00586E+00,9.76562E-03
1.0367280E-02,9.86328E-01,4.88281E-02
1.0385760E-02,9.86328E-01,9.76562E-03
1.0404240E-02,1.00586E+00,6.83594E-02
1.0422720E-02,1.00586E+00,-9.76562E-03
1.0441200E-02,9.86328E-01,4.88281E-02
1.0459680E-02,9.86328E-01,2.92969E-02
1.0478160E-02,9.27734E-01,9.76562E-03
1.0496640E-02,1.02539E+00,9.76562E-03
1.0515120E-02,9.66797E-01,6.83594E-02
1.0533600E-02,9.66797E-01,9.76562E-03
1.0552080E-02,9.66797E-01,4.88281E-02
1.0570560E-02,9.86328E-01,2.92969E-02
1.0589040E-02,9.86328E-01,9.76562E-03
1.0607520E-02,9.86328E-01,-2.92969E-02
1.0626000E-02,9.27734E-01,2.92969E-02
1.0644480E-02,9.47266E-01,4.88281E-02
1.0662960E-02,9.86328E-01,6.83594E-02
1.0681440E-02,9.66797E-01,-9.76562E-03
1.0699920E-02,9.27734E-01,6.83594E-02
1.0718400E-02,9.47266E-01,-9.76562E-03
1.0736880E-02,9.86328E-01,1.26953E-01
1.0755360E-02,1.00586E+00,-2.92969E-02
1.0773840E-02,9.27734E-01,2.92969E-02
1.0792320E-02,9.86328E-01,4.88281E-02
1.0810800E-02,1.00586E+00,2.92969E-02
1.0829280E-02,9.66797E-01,-9.76562E-03
1.0847760E-02,9.27734E-01,9.76562E-03
1.0866240E-02,9.66797E-01,6.83594E-02
1.0884720E-02,1.02539E+00,4.88281E-02
1.0903200E-02,1.00586E+00,9.76562E-03
1.0921680E-02,9.66797E-01,6.83594E-02
1.0940160E-02,9.08203E-01,4.88281E-02
1.0958640E-02,9.27734E-01,2.92969E-02
1.0977120E-02,1.00586E+00,2.92969E-02
1.0995600E-02,9.08203E-01,9.76562E-03
1.1014080E-02,9.47266E-01,9.76562E-03
1.1032560E-02,9.66797E-01,6.83594E-02
1.1051040E-02,9.66797E-01,2.92969E-02
1.1069520E-02,9.66797E-01,2.92969E-02
1.1088000E-02,9.66797E-01,4.88281E-02
1.1106480E-02,9.86328E-01,4.88281E-02
1.1124960E-02,9.47266E-01,1.26953E-01
1.1143440E-02,9.66797E-01,6.83594E-02
1.1161920E-02,1.00586E+00,9.76562E-03
1.1180400E-02,9.47266E-01,6.83594E-02
1.1198880E-02,9.27734E-01,9.76562E-03
1.1217360E-02,9.47266E-01,4.88281E-02
1.1235840E-02,1.02539E+00,2.92969E-02
1.1254320E-02,1.00586E+00,2.92969E-02
1.1272800E-02,9.47266E-01,-9.76562E-03
1.1291280E-02,9.47266E-01,6.83594E-02
1.1309760E-02,1.00586E+00,4.88281E-02
1.1328240E-02,9.27734E-01,4.88281E-02
1.1346720E-02,8.69141E-01,4.88281E-02
1.1365200E-02,8.88672E-01,9.76562E-03
1.1383680E-02,8.88672E-01,-2.92969E-02
1.1402160E-02,9.86328E-01,4.88281E-02
1.1420640E-02,1.02539E+00,2.92969E-02
1.1439120E-02,9.47266E-01,9.76562E-03
1.1457600E-02,9.66797E-01,-2.92969E-02
1.1476080E-02,9.66797E-01,4.88281E-02
1.1494560E-02,9.66797E-01,2.92969E-02
1.1513040E-02,9.47266E-01,4.88281E-02
1.1531520E-02,9.86328E-01,6.83594E-02
1.1550000E-02,9.86328E-01,8.78906E-02
1.1568480E-02,9.86328E-01,9.76562E-03
1.1586960E-02,9.08203E-01,9.76562E-03
1.1605440E-02,9.86328E-01,-9.76562E-03
1.1623920E-02,9.47266E-01,4.88281E-02
1.1642400E-02,9.86328E-01,2.92969E-02
1.1660880E-02,9.47266E-01,2.92969E-02
1.1679360E-02,1.04492E+00,4.88281E-02
1.1697840E-02,1.00586E+00,9.76562E-03
1.1716320E-02,9.08203E-01,2.92969E-02
1.1734800E-02,9.27734E-01,4.88281E-02
1.1753280E-02,9.66797E-01,4.88281E-02
1.1771760E-02,9.27734E-01,6.83594E-02
1.1790240E-02,9.47266E-01,-2.92969E-02
1.1808720E-02,9.86328E-01,2.92969E-02
1.1827200E-02,9.86328E-01,4.88281E-02
1.1845680E-02,1.02539E+00,4.88281E-02
1.1864160E-02,9.86328E-01,6.83594E-02
1.1882640E-02,9.27734E-01,2.92969E-02
1.1901120E-02,1.00586E+00,9.76562E-03
1.1919600E-02,9.47266E-01,9.76562E-03
1.1938080E-02,1.00586E+00,9.76562E-03
1.1956560E-02,9.27734E-01,9.76562E-03
1.1975040E-02,1.02539E+00,-9.76562E-03
1.1993520E-02,1.00586E+00,4.88281E-02
1.2012000E-02,9.86328E-01,-9.76562E-03
1.2030480E-02,9.08203E-01,1.46484E-01
1.2048960E-02,9.47266E-01,2.92969E-02
1.2067440E-02,9.86328E-01,9.76562E-03
1.2085920E-02,1.00586E+00,-9.76562E-03
1.2104400E-02,9.27734E-01,9.76562E-03
1.2122880E-02,9.86328E-01,-9.76562E-03
1.2141360E-02,9.47266E-01,6.83594E-02
1.2159840E-02,1.00586E+00,2.92969E-02
1.2178320E-02,1.00586E+00,4.88281E-02
1.2196800E-02,1.00586E+00,4.88281E-02
1.2215280E-02,9.86328E-01,4.88281E-02
1.2233760E-02,9.27734E-01,9.76562E-03
1.2252240E-02,9.27734E-01,2.92969E-02
1.2270720E-02,1.04492E+00,9.76562E-03
1.2289200E-02,9.66797E-01,4.88281E-02
1.2307680E-02,1.00586E+00,4.88281E-02
1.2326160E-02,9.47266E-01,6.83594E-02
1.2344640E-02,1.02539E+00,4.88281E-02
1.2363120E-02,9.47266E-01,2.92969E-02
1.2381600E-02,9.66797E-01,2.92969E-02
1.2400080E-02,9.08203E-01,9.76562E-03
1.2418560E-02,9.27734E-01,4.88281E-02
1.2437040E-02,9.27734E-01,-9.76562E-03
1.2455520E-02,1.04492E+00,2.92969E-02
1.2474000E-02,9.66797E-01,9.76562E-03
1.2492480E-02,9.66797E-01,-9.76562E-03
1.2510960E-02,9.27734E-01,4.88281E-02
1.2529440E-02,9.66797E-01,-9.76562E-03
1.2547920E-02,9.66797E-01,2.92969E-02
1.2566400E-02,9.66797E-01,9.76562E-03
1.2584880E-02,9.08203E-01,2.92969E-02
1.2603360E-02,1.00586E+00,-9.76562E-03
1.2621840E-02,9.27734E-01,2.92969E-02
1.2640320E-02,9.86328E-01,2.92969E-02
1.2658800E-02,9.66797E-01,9.76562E-03
1.2677280E-02,1.06445E+00,2.92969E-02
1.2695760E-02,1.00586E+00,2.92969E-02
1.2714240E-02,9.66797E-01,2.92969E-02
1.2732720E-02,9.27734E-01,6.83594E-02
1.2751200E-02,1.02539E+00,2.92969E-02
1.2769680E-02,1.00586E+00,6.83594E-02
1.2788160E-02,1.00586E+00,9.76562E-03
1.2806640E-02,9.66797E-01,4.88281E-02
1.2825120E-02,1.08398E+00,2.92969E-02
1.2843600E-02,9.27734E-01,4.88281E-02
1.2862080E-02,1.04492E+00,6.83594E-02
1.2880560E-02,9.27734E-01,4.88281E-02
1.2899040E-02,9.66797E-01,4.88281E-02
1.2917520E-02,9.27734E-01,2.92969E-02
1.2936000E-02,1.02539E+00,4.88281E-02
1.2954480E-02,1.00586E+00,-2.92969E-02
1.2972960E-02,1.04492E+00,4.88281E-02
1.2991440E-02,1.00586E+00,4.88281E-02
1.3009920E-02,1.04492E+00,4.88281E-02
1.3028400E-02,9.66797E-01,2.92969E-02
1.3046880E-02,9.86328E-01,-9.76562E-03
1.3065360E-02,8.69141E-01,4.88281E-02
1.3083840E-02,9.86328E-01,9.76562E-03
1.3102320E-02,9.08203E-01,2.92969E-02
1.3120800E-02,1.00586E+00,2.92969E-02
1.3139280E-02,8.88672E-01,6.83594E-02
1.3157760E-02,9.27734E-01,9.76562E-03
1.3176240E-02,9.27734E-01,2.92969E-02
1.3194720E-02,9.66797E-01,9.76562E-03
1.3213200E-02,9.47266E-01,4.88281E-02
1.3231680E-02,1.00586E+00,9.76562E-03
1.3250160E-02,8.88672E-01,4.88281E-02
1.3268640E-02,9.66797E-01,-4.88281E-02
1.3287120E-02,9.47266E-01,2.92969E-02
1.3305600E-02,9.27734E-01,9.76562E-03
1.3324080E-02,9.47266E-01,-2.92969E-02
1.3342560E-02,9.86328E-01,9.76562E-03
1.3361040E-02,1.00586E+00,6.83594E-02
1.3379520E-02,9.27734E-01,-9.76562E-03
1.3398000E-02,9.86328E-01,-9.76562E-03
1.3416480E-02,1.04492E+00,8.78906E-02
1.3434960E-02,9.86328E-01,6.83594E-02
1.3453440E-02,9.27734E-01,4.88281E-02
1.3471920E-02,9.08203E-01,2.92969E-02
1.3490400E-02,9.86328E-01,6.83594E-02
1.3508880E-02,8.88672E-01,4.88281E-02
1.3527360E-02,1.06445E+00,-6.83594E-02
1.3545840E-02,9.47266E-01,2.92969E-02
1.3564320E-02,9.86328E-01,9.76562E-03
1.3582800E-02,9.66797E-01,2.92969E-02
1.3601280E-02,1.02539E+00,4.88281E-02
1.3619760E-02,1.04492E+00,2.92969E-02
1.3638240E-02,1.02539E+00,-9.76562E-03
1.3656720E-02,9.66797E-01,2.92969E-02
1.3675200E-02,9.47266E-01,-9.76562E-03
1.3693680E-02,9.47266E-01,2.92969E-02
1.3712160E-02,1.00586E+00,4.88281E-02
1.3730640E-02,9.47266E-01,4.88281E-02
1.3749120E-02,9.66797E-01,4.88281E-02
1.3767600E-02,9.86328E-01,4.88281E-02
1.3786080E-02,1.00586E+00,4.88281E-02
1.3804560E-02,9.66797E-01,1.07422E-01
1.3823040E-02,1.02539E+00,6.83594E-02
1.3841520E-02,9.47266E-01,4.88281E-02
1.3860000E-02,1.02539E+00,4.88281E-02
1.3878480E-02,1.00586E+00,6.83594E-02
1.3896960E-02,9.66797E-01,4.88281E-02
1.3915440E-02,9.66797E-01,4.88281E-02
1.3933920E-02,1.00586E+00,9.76562E-03
1.3952400E-02,9.27734E-01,9.76562E-03
1.3970880E-02,9.86328E-01,9.76562E-03
1.3989360E-02,9.47266E-01,4.88281E-02
1.4007840E-02,1.00586E+00,-9.76562E-03
1.4026320E-02,9.27734E-01,6.83594E-02
1.4044800E-02,1.00586E+00,4.88281E-02
1.4063280E-02,9.27734E-01,4.88281E-02
1.4081760E-02,9.66797E-01,2.92969E-02
1.4100240E-02,9.66797E-01,4.88281E-02
1.4118720E-02,1.00586E+00,6.83594E-02
1.4137200E-02,1.00586E+00,4.88281E-02
1.4155680E-02,9.47266E-01,9.76562E-03
1.4174160E-02,9.86328E-01,-2.92969E-02
1.4192640E-02,9.86328E-01,9.76562E-03
1.4211120E-02,9.66797E-01,2.92969E-02
1.4229600E-02,9.86328E-01,-9.76562E-03
1.4248080E-02,1.00586E+00,2.92969E-02
1.4266560E-02,9.47266E-01,4.88281E-02
1.4285040E-02,9.47266E-01,2.92969E-02
1.4303520E-02,8.88672E-01,9.76562E-03
1.4322000E-02,9.27734E-01,-2.92969E-02
1.4340480E-02,9.66797E-01,9.76562E-03
1.4358960E-02,9.86328E-01,2.92969E-02
1.4377440E-02,8.69141E-01,-6.83594E-02
1.4395920E-02,9.86328E-01,1.26953E-01
1.4414400E-02,9.66797E-01,9.76562E-03
1.4432880E-02,1.02539E+00,1.07422E-01
1.4451360E-02,1.00586E+00,9.76562E-03
1.4469840E-02,9.47266E-01,2.92969E-02
1.4488320E-02,9.66797E-01,4.88281E-02
1.4506800E-02,1.00586E+00,8.78906E-02
1.4525280E-02,1.00586E+00,9.76562E-03
1.4543760E-02,9.66797E-01,9.76562E-03
1.4562240E-02,9.47266E-01,2.92969E-02
1.4580720E-02,9.27734E-01,4.88281E-02
1.4599200E-02,1.02539E+00,4.88281E-02
1.4617680E-02,9.86328E-01,2.92969E-02
1.4636160E-02,1.06445E+00,2.92969E-02
1.4654640E-02,9.47266E-01,2.92969E-02
1.4673120E-02,1.02539E+00,2.92969E-02
1.4691600E-02,9.47266E-01,6.83594E-02
1.4710080E-02,1.06445E+00,2.92969E-02
1.4728560E-02,1.02539E+00,4.88281E-02
1.4747040E-02,9.66797E-01,2.92969E-02
1.4765520E-02,1.00586E+00,6.83594E-02
1.4784000E-02,1.04492E+00,9.76562E-03
1.4802480E-02,1.04492E+00,4.88281E-02
1.4820960E-02,1.04492E+00,-9.76562E-03
1.4839440E-02,9.86328E-01,6.83594E-02
1.4857920E-02,9.66797E-01,2.92969E-02
1.4876400E-02,9.86328E-01,2.92969E-02
1.4894880E-02,1.02539E+00,9.76562E-03
1.4913360E-02,9.86328E-01,1.07422E-01
1.4931840E-02,1.00586E+00,2.92969E-02
1.4950320E-02,1.02539E+00,6.83594E-02
1.4968800E-02,1.00586E+00,4.88281E-02
1.4987280E-02,1.00586E+00,-2.92969E-02
1.5005760E-02,1.02539E+00,2.92969E-02
1.5024240E-02,9.66797E-01,4.88281E-02
1.5042720E-02,9.66797E-01,4.88281E-02
1.5061200E-02,1.00586E+00,6.83594E-02
1.5079680E-02,9.86328E-01,9.76562E-03
1.5098160E-02,9.27734E-01,2.92969E-02
1.5116640E-02,9.86328E-01,2.92969E-02
1.5135120E-02,9.66797E-01,2.92969E-02
1.5153600E-02,1.08398E+00,-2.92969E-02
1.5172080E-02,1.00586E+00,6.83594E-02
1.5190560E-02,9.27734E-01,9.76562E-03
1.5209040E-02,9.47266E-01,4.88281E-02
1.5227520E-02,9.66797E-01,4.88281E-02
1.5246000E-02,9.66797E-01,9.76562E-03
1.5264480E-02,1.02539E+00,4.88281E-02
1.5282960E-02,9.86328E-01,4.88281E-02
1.5301440E-02,1.00586E+00,-2.92969E-02
1.5319920E-02,1.00586E+00,1.07422E-01
1.5338400E-02,1.00586E+00,-2.92969E-02
1.5356880E-02,1.00586E+00,2.92969E-02
1.5375360E-02,9.27734E-01,-2.92969E-02
1.5393840E-02,9.47266E-01,6.83594E-02
1.5412320E-02,9.66797E-01,4.88281E-02
1.5430800E-02,9.86328E-01,8.78906E-02
1.5449280E-02,9.86328E-01,4.88281E-02
1.5467760E-02,1.00586E+00,4.88281E-02
1.5486240E-02,9.47266E-01,2.92969E-02
1.5504720E-02,9.27734E-01,2.92969E-02
1.5523200E-02,1.06445E+00,9.76562E-03
1.5541680E-02,9.47266E-01,1.26953E-01
1.5560160E-02,1.04492E+00,4.88281E-02
1.5578640E-02,1.00586E+00,4.88281E-02
1.5597120E-02,9.86328E-01,2.92969E-02
1.5615600E-02,1.00586E+00,1.26953E-01
1.5634080E-02,9.66797E-01,9.76562E-03
1.5652560E-02,9.66797E-01,2.92969E-02
1.5671040E-02,9.66797E-01,9.76562E-03
1.5689520E-02,9.27734E-01,9.76562E-03
1.5708000E-02,9.86328E-01,9.76562E-03
1.5726480E-02,9.47266E-01,2.92969E-02
1.5744960E-02,9.86328E-01,6.83594E-02
1.5763440E-02,1.02539E+00,6.83594E-02
1.5781920E-02,9.27734E-01,4.88281E-02
1.5800400E-02,9.66797E-01,4.88281E-02
1.5818880E-02,1.00586E+00,4.88281E-02
1.5837360E-02,9.66797E-01,2.92969E-02
1.5855840E-02,9.47266E-01,6.83594E-02
1.5874320E-02,9.47266E-01,6.83594E-02
1.5892800E-02,1.00586E+00,2.92969E-02
1.5911280E-02,9.47266E-01,9.76562E-03
1.5929760E-02,9.66797E-01,4.88281E-02
1.5948240E-02,9.86328E-01,6.83594E-02
1.5966720E-02,1.04492E+00,9.76562E-03
1.5985200E-02,1.00586E+00,6.83594E-02
1.6003680E-02,9.66797E-01,4.88281E-02
1.6022160E-02,9.66797E-01,9.76562E-03
1.6040640E-02,1.04492E+00,9.76562E-03
1.6059120E-02,9.27734E-01,6.83594E-02
1.6077600E-02,9.66797E-01,2.92969E-02
1.6096080E-02,9.66797E-01,6.83594E-02
1.6114560E-02,9.66797E-01,2.92969E-02
1.6133040E-02,1.00586E+00,4.88281E-02
1.6151520E-02,1.04492E+00,4.88281E-02
1.6170000E-02,9.47266E-01,2.92969E-02
1.6188480E-02,9.86328E-01,6.83594E-02
1.6206960E-02,9.47266E-01,8.78906E-02
1.6225440E-02,9.66797E-01,4.88281E-02
1.6243920E-02,1.00586E+00,9.76562E-03
1.6262400E-02,1.00586E+00,2.92969E-02
1.6280880E-02,1.00586E+00,4.88281E-02
1.6299360E-02,1.02539E+00,9.76562E-03
1.6317840E-02,1.02539E+00,2.92969E-02
1.6336320E-02,1.00586E+00,9.76562E-03
1.6354800E-02,9.47266E-01,4.88281E-02
1.6373280E-02,9.86328E-01,9.76562E-03
1.6391760E-02,9.66797E-01,6.83594E-02
1.6410240E-02,9.66797E-01,2.92969E-02
1.6428720E-02,9.47266E-01,9.76562E-03
1.6447200E-02,9.47266E-01,6.83594E-02
1.6465680E-02,9.47266E-01,1.07422E-01
1.6484160E-02,1.04492E+00,9.76562E-03
1.6502640E-02,9.86328E-01,-4.88281E-02
1.6521120E-02,1.00586E+00,2.92969E-02
1.6539600E-02,9.66797E-01,6.83594E-02
1.6558080E-02,1.04492E+00,9.76562E-03
1.6576560E-02,1.04492E+00,2.92969E-02
1.6595040E-02,1.02539E+00,2.92969E-02
1.6613520E-02,1.02539E+00,6.83594E-02
1.6632000E-02,1.00586E+00,4.88281E-02
1.6650480E-02,9.66797E-01,9.76562E-03
1.6668960E-02,1.00586E+00,-6.83594E-02
1.6687440E-02,9.47266E-01,1.07422E-01
1.6705920E-02,9.86328E-01,2.92969E-02
1.6724400E-02,1.04492E+00,6.83594E-02
1.6742880E-02,9.66797E-01,9.76562E-03
1.6761360E-02,1.00586E+00,1.07422E-01
1.6779840E-02,9.86328E-01,6.83594E-02
1.6798320E-02,1.00586E+00,6.83594E-02
1.6816800E-02,9.47266E-01,2.92969E-02
1.6835280E-02,9.27734E-01,4.88281E-02
1.6853760E-02,1.02539E+00,4.88281E-02
1.6872240E-02,1.04492E+00,6.83594E-02
1.6890720E-02,1.04492E+00,4.88281E-02
1.6909200E-02,9.66797E-01,2.92969E-02
1.6927680E-02,1.02539E+00,9.76562E-03
1.6946160E-02,9.66797E-01,2.92969E-02
1.6964640E-02,1.02539E+00,2.92969E-02
1.6983120E-02,9.47266E-01,2.92969E-02
1.7001600E-02,1.00586E+00,2.92969E-02
1.7020080E-02,9.47266E-01,9.76562E-03
1.7038560E-02,9.47266E-01,2.92969E-02
1.7057040E-02,9.66797E-01,4.88281E-02
1.7075520E-02,1.00586E+00,6.83594E-02
1.7094000E-02,9.66797E-01,9.76562E-03
1.7112480E-02,9.86328E-01,4.88281E-02
1.7130960E-02,9.86328E-01,2.92969E-02
1.7149440E-02,9.47266E-01,4.88281E-02
1.7167920E-02,9.27734E-01,4.88281E-02
1.7186400E-02,1.00586E+00,4.88281E-02
1.7204880E-02,9.47266E-01,2.92969E-02
1.7223360E-02,1.00586E+00,-4.88281E-02
1.7241840E-02,9.27734E-01,6.83594E-02
1.7260320E-02,1.00586E+00,8.78906E-02
1.7278800E-02,1.00586E+00,6.83594E-02
1.7297280E-02,1.02539E+00,4.88281E-02
1.7315760E-02,9.86328E-01,6.83594E-02
1.7334240E-02,9.47266E-01,4.88281E-02
1.7352720E-02,9.47266E-01,9.76562E-03
1.7371200E-02,1.02539E+00,-9.76562E-03
1.7389680E-02,1.00586E+00,6.83594E-02
1.7408160E-02,9.66797E-01,2.92969E-02
1.7426640E-02,9.86328E-01,8.78906E-02
1.7445120E-02,1.02539E+00,2.92969E-02
1.7463600E-02,1.00586E+00,6.83594E-02
1.7482080E-02,1.04492E+00,6.83594E-02
1.7500560E-02,9.86328E-01,2.92969E-02
1.7519040E-02,1.04492E+00,6.83594E-02
1.7537520E-02,9.86328E-01,4.88281E-02
1.7556000E-02,1.04492E+00,4.88281E-02
1.7574480E-02,1.02539E+00,6.83594E-02
1.7592960E-02,1.06445E+00,4.88281E-02
1.7611440E-02,9.47266E-01,4.88281E-02
1.7629920E-02,1.00586E+00,4.88281E-02
1.7648400E-02,9.86328E-01,9.76562E-03
1.7666880E-02,1.04492E+00,4.88281E-02
1.7685360E-02,1.00586E+00,6.83594E-02
1.7703840E-02,1.00586E+00,4.88281E-02
1.7722320E-02,1.04492E+00,9.76562E-03
1.7740800E-02,1.00586E+00,6.83594E-02
1.7759280E-02,1.00586E+00,2.92969E-02
1.7777760E-02,1.04492E+00,4.88281E-02
1.7796240E-02,9.86328E-01,6.83594E-02
1.7814720E-02,9.66797E-01,9.76562E-03
1.7833200E-02,9.27734E-01,6.83594E-02
1.7851680E-02,1.00586E+00,9.76562E-03
1.7870160E-02,9.47266E-01,1.07422E-01
1.7888640E-02,9.66797E-01,9.76562E-03
1.7907120E-02,1.02539E+00,4.88281E-02
1.7925600E-02,9.86328E-01,2.92969E-02
1.7944080E-02,1.06445E+00,4.88281E-02
1.7962560E-02,9.86328E-01,9.76562E-03
1.7981040E-02,9.47266E-01,8.78906E-02
1.7999520E-02,1.04492E+00,4.88281E-02
1.8018000E-02,1.00586E+00,6.83594E-02
1.8036480E-02,9.66797E-01,9.76562E-03
1.8054960E-02,1.00586E+00,4.88281E-02
1.8073440E-02,9.27734E-01,2.92969E-02
1.8091920E-02,9.47266E-01,8.78906E-02
1.8110400E-02,9.86328E-01,2.92969E-02
1.8128880E-02,9.47266E-01,9.76562E-03
1.8147360E-02,1.02539E+00,1.26953E-01
1.8165840E-02,9.66797E-01,2.92969E-02
1.8184320E-02,9.47266E-01,-9.76562E-03
1.8202800E-02,9.27734E-01,-9.76562E-03
1.8221280E-02,9.86328E-01,4.88281E-02
1.8239760E-02,1.00586E+00,4.88281E-02
1.8258240E-02,1.00586E+00,4.88281E-02
1.8276720E-02,8.88672E-01,2.92969E-02
1.8295200E-02,1.04492E+00,2.92969E-02
1.8313680E-02,1.02539E+00,8.78906E-02
1.8332160E-02,9.27734E-01,2.92969E-02
1.8350640E-02,1.02539E+00,2.92969E-02
1.8369120E-02,1.00586E+00,4.88281E-02
1.8387600E-02,1.00586E+00,4.88281E-02
1.8406080E-02,1.00586E+00,9.76562E-03
1.8424560E-02,9.66797E-01,4.88281E-02
1.8443040E-02,1.00586E+00,9.76562E-03
1.8461520E-02,1.00586E+00,4.88281E-02
1.8480000E-02,1.06445E+00,-9.76562E-03
1.8498480E-02,1.04492E+00,2.92969E-02
1.8516960E-02,1.08398E+00,9.76562E-03
1.8535440E-02,9.66797E-01,2.92969E-02
1.8553920E-02,9.47266E-01,9.76562E-03
1.8572400E-02,1.02539E+00,2.92969E-02
1.8590880E-02,9.66797E-01,6.83594E-02
1.8609360E-02,1.04492E+00,2.92969E-02
1.8627840E-02,1.04492E+00,6.83594E-02
1.8646320E-02,9.86328E-01,2.92969E-02
1.8664800E-02,1.02539E+00,4.88281E-02
1.8683280E-02,9.66797E-01,6.83594E-02
1.8701760E-02,9.47266E-01,-9.76562E-03
1.8720240E-02,9.27734E-01,6.83594E-02
1.8738720E-02,1.06445E+00,9.76562E-03
1.8757200E-02,8.88672E-01,4.88281E-02
1.8775680E-02,9.66797E-01,9.76562E-03
1.8794160E-02,9.66797E-01,6.83594E-02
1.8812640E-02,1.00586E+00,2.92969E-02
1.8831120E-02,9.47266E-01,8.78906E-02
1.8849600E-02,1.02539E+00,4.88281E-02
1.8868080E-02,1.02539E+00,4.88281E-02
1.8886560E-02,1.00586E+00,6.83594E-02
1.8905040E-02,9.66797E-01,2.92969E-02
1.8923520E-02,9.66797E-01,6.83594E-02
1.8942000E-02,9.27734E-01,2.92969E-02
1.8960480E-02,1.06445E+00,-9.76562E-03
1.8978960E-02,9.86328E-01,4.88281E-02
1.8997440E-02,1.02539E+00,4.88281E-02
1.9015920E-02,1.02539E+00,4.88281E-02
1.9034400E-02,1.06445E+00,4.88281E-02
1.9052880E-02,9.66797E-01,2.92969E-02
1.9071360E-02,9.66797E-01,4.88281E-02
1.9089840E-02,1.00586E+00,1.26953E-01
1.9108320E-02,1.02539E+00,9.76562E-03
1.9126800E-02,1.00586E+00,4.88281E-02
1.9145280E-02,1.04492E+00,2.92969E-02
1.9163760E-02,1.02539E+00,4.88281E-02
1.9182240E-02,1.06445E+00,2.92969E-02
1.9200720E-02,9.86328E-01,4.88281E-02
1.9219200E-02,1.04492E+00,2.92969E-02
1.9237680E-02,1.04492E+00,6.83594E-02
1.9256160E-02,1.06445E+00,9.76562E-03
1.9274640E-02,9.86328E-01,4.88281E-02
1.9293120E-02,9.86328E-01,6.83594E-02
1.9311600E-02,9.66797E-01,9.76562E-03
1.9330080E-02,1.00586E+00,2.92969E-02
1.9348560E-02,9.47266E-01,8.78906E-02
1.9367040E-02,9.86328E-01,4.88281E-02
1.9385520E-02,9.47266E-01,9.76562E-03
1.9404000E-02,9.66797E-01,4.88281E-02
1.9422480E-02,9.47266E-01,9.76562E-03
1.9440960E-02,1.02539E+00,2.92969E-02
1.9459440E-02,9.27734E-01,6.83594E-02
1.9477920E-02,9.86328E-01,2.92969E-02
1.9496400E-02,1.00586E+00,2.92969E-02
1.9514880E-02,9.66797E-01,-2.92969E-02
1.9533360E-02,9.47266E-01,6.83594E-02
1.9551840E-02,9.86328E-01,-9.76562E-03
1.9570320E-02,9.86328E-01,4.88281E-02
1.9588800E-02,9.86328E-01,9.76562E-03
1.9607280E-02,9.47266E-01,1.26953E-01
1.9625760E-02,9.86328E-01,9.76562E-03
1.9644240E-02,1.02539E+00,2.92969E-02
1.9662720E-02,1.02539E+00,-2.92969E-02
1.9681200E-02,1.04492E+00,2.92969E-02
1.9699680E-02,1.00586E+00,4.88281E-02
1.9718160E-02,8.88672E-01,4.88281E-02
1.9736640E-02,1.04492E+00,2.92969E-02
1.9755120E-02,1.00586E+00,2.92969E-02
1.9773600E-02,1.04492E+00,9.76562E-03
1.9792080E-02,1.00586E+00,6.83594E-02
1.9810560E-02,1.00586E+00,4.88281E-02
1.9829040E-02,1.00586E+00,1.07422E-01
1.9847520E-02,1.00586E+00,9.76562E-03
1.9866000E-02,1.00586E+00,2.92969E-02
1.9884480E-02,9.66797E-01,9.76562E-03
1.9902960E-02,9.47266E-01,6.83594E-02
1.9921440E-02,1.02539E+00,9.76562E-03
1.9939920E-02,9.66797E-01,2.92969E-02
1.9958400E-02,9.86328E-01,6.83594E-02
1.9976880E-02,1.10352E+00,9.76562E-03
1.9995360E-02,9.86328E-01,4.88281E-02
2.0013840E-02,1.06445E+00,6.83594E-02
2.0032320E-02,1.04492E+00,9.76562E-03
2.0050800E-02,1.00586E+00,-9.76562E-03
2.0069280E-02,1.02539E+00,9.76562E-03
2.0087760E-02,1.00586E+00,4.88281E-02
2.0106240E-02,9.66797E-01,2.92969E-02
2.0124720E-02,9.66797E-01,4.88281E-02
2.0143200E-02,1.02539E+00,-4.88281E-02
2.0161680E-02,1.04492E+00,6.83594E-02
2.0180160E-02,1.06445E+00,9.76562E-03
2.0198640E-02,1.00586E+00,2.92969E-02
2.0217120E-02,9.86328E-01,6.83594E-02
2.0235600E-02,1.02539E+00,9.76562E-03
2.0254080E-02,1.02539E+00,2.92969E-02
2.0272560E-02,1.06445E+00,6.83594E-02
2.0291040E-02,9.66797E-01,9.76562E-03
2.0309520E-02,1.02539E+00,4.88281E-02
2.0328000E-02,1.02539E+00,2.92969E-02
2.0346480E-02,9.86328E-01,9.76562E-03
2.0364960E-02,1.04492E+00,4.88281E-02
2.0383440E-02,1.00586E+00,6.83594E-02
2.0401920E-02,1.04492E+00,8.78906E-02
2.0420400E-02,1.04492E+00,6.83594E-02
2.0438880E-02,1.04492E+00,4.88281E-02
2.0457360E-02,1.00586E+00,9.76562E-03
2.0475840E-02,1.00586E+00,4.88281E-02
2.0494320E-02,9.66797E-01,8.78906E-02
2.0512800E-02,1.06445E+00,2.92969E-02
2.0531280E-02,9.47266E-01,4.88281E-02
2.0549760E-02,1.00586E+00,9.76562E-03
2.0568240E-02,9.08203E-01,6.83594E-02
2.0586720E-02,1.02539E+00,2.92969E-02
2.0605200E-02,9.86328E-01,2.92969E-02
2.0623680E-02,1.04492E+00,4.88281E-02
2.0642160E-02,9.86328E-01,8.78906E-02
2.0660640E-02,1.00586E+00,9.76562E-03
2.0679120E-02,1.00586E+00,4.88281E-02
2.0697600E-02,1.04492E+00,4.88281E-02
2.0716080E-02,9.27734E-01,8.78906E-02
2.0734560E-02,1.00586E+00,2.92969E-02
2.0753040E-02,9.86328E-01,1.07422E-01
2.0771520E-02,9.86328E-01,2.92969E-02
2.0790000E-02,9.86328E-01,2.92969E-02
2.0808480E-02,1.04492E+00,2.92969E-02
2.0826960E-02,9.66797E-01,6.83594E-02
2.0845440E-02,9.86328E-01,-9.76562E-03
2.0863920E-02,1.06445E+00,4.88281E-02
2.0882400E-02,1.00586E+00,9.76562E-03
2.0900880E-02,1.02539E+00,2.92969E-02
2.0919360E-02,1.00586E+00,9.76562E-03
2.0937840E-02,9.47266E-01,-2.92969E-02
2.0956320E-02,1.02539E+00,2.92969E-02
2.0974800E-02,1.00586E+00,9.76562E-03
2.0993280E-02,1.02539E+00,2.92969E-02
2.1011760E-02,9.66797E-01,6.83594E-02
2.1030240E-02,1.02539E+00,4.88281E-02
2.1048720E-02,1.02539E+00,2.92969E-02
2.1067200E-02,1.04492E+00,6.83594E-02
2.1085680E-02,9.66797E-01,1.07422E-01
2.1104160E-02,1.00586E+00,4.88281E-02
2.1122640E-02,9.86328E-01,8.78906E-02
2.1141120E-02,9.86328E-01,2.92969E-02
2.1159600E-02,1.04492E+00,2.92969E-02
2.1178080E-02,1.00586E+00,2.92969E-02
2.1196560E-02,9.66797E-01,4.88281E-02
2.1215040E-02,1.02539E+00,9.76562E-03
2.1233520E-02,1.04492E+00,9.76562E-03
2.1252000E-02,9.86328E-01,4.88281E-02
2.1270480E-02,1.00586E+00,4.88281E-02
2.1288960E-02,1.06445E+00,9.76562E-03
2.1307440E-02,1.00586E+00,2.92969E-02
2.1325920E-02,1.08398E+00,6.83594E-02
2.1344400E-02,9.86328E-01,9.76562E-03
2.1362880E-02,1.06445E+00,9.76562E-03
2.1381360E-02,1.02539E+00,4.88281E-02
2.1399840E-02,1.00586E+00,4.88281E-02
2.1418320E-02,1.00586E+00,2.92969E-02
2.1436800E-02,1.00586E+00,9.76562E-03
2.1455280E-02,9.86328E-01,2.92969E-02
2.1473760E-02,1.06445E+00,-2.92969E-02
2.1492240E-02,1.00586E+00,4.88281E-02
2.1510720E-02,1.00586E+00,4.88281E-02
2.1529200E-02,1.02539E+00,1.07422E-01
2.1547680E-02,9.27734E-01,1.07422E-01
2.1566160E-02,1.06445E+00,2.92969E-02
2.1584640E-02,1.06445E+00,-4.88281E-02
2.1603120E-02,9.86328E-01,9.76562E-03
2.1621600E-02,1.00586E+00,9.76562E-03
2.1640080E-02,1.06445E+00,2.92969E-02
2.1658560E-02,1.06445E+00,6.83594E-02
2.1677040E-02,1.02539E+00,4.88281E-02
2.1695520E-02,9.86328E-01,-9.76562E-03
2.1714000E-02,1.00586E+00,8.78906E-02
2.1732480E-02,1.00586E+00,2.92969E-02
2.1750960E-02,9.66797E-01,4.88281E-02
2.1769440E-02,1.06445E+00,-9.76562E-03
2.1787920E-02,1.02539E+00,9.76562E-03
2.1806400E-02,9.86328E-01,9.76562E-03
2.1824880E-02,1.02539E+00,4.88281E-02
2.1843360E-02,1.00586E+00,-9.76562E-03
2.1861840E-02,9.27734E-01,4.88281E-02
2.1880320E-02,1.02539E+00,2.92969E-02
2.1898800E-02,1.00586E+00,9.76562E-03
2.1917280E-02,1.04492E+00,9.76562E-03
2.1935760E-02,9.86328E-01,6.83594E-02
2.1954240E-02,1.06445E+00,2.92969E-02
2.1972720E-02,9.86328E-01,2.92969E-02
2.1991200E-02,1.06445E+00,-2.92969E-02
2.2009680E-02,9.47266E-01,2.92969E-02
2.2028160E-02,9.86328E-01,9.76562E-03
2.2046640E-02,1.00586E+00,2.92969E-02
2.2065120E-02,1.06445E+00,9.76562E-03
2.2083600E-02,1.00586E+00,2.92969E-02
2.2102080E-02,1.04492E+00,4.88281E-02
2.2120560E-02,1.02539E+00,4.88281E-02
2.2139040E-02,1.04492E+00,2.92969E-02
2.2157520E-02,1.02539E+00,2.92969E-02
2.2176000E-02,1.00586E+00,-9.76562E-03
2.2194480E-02,9.86328E-01,4.88281E-02
2.2212960E-02,1.02539E+00,2.92969E-02
2.2231440E-02,1.00586E+00,2.92969E-02
2.2249920E-02,1.04492E+00,4.88281E-02
2.2268400E-02,1.02539E+00,6.83594E-02
2.2286880E-02,1.02539E+00,4.88281E-02
2.2305360E-02,1.04492E+00,2.92969E-02
2.2323840E-02,9.66797E-01,4.88281E-02
2.2342320E-02,1.00586E+00,1.07422E-01
2.2360800E-02,1.00586E+00,-9.76562E-03
2.2379280E-02,9.66797E-01,4.88281E-02
2.2397760E-02,1.02539E+00,4.88281E-02
2.2416240E-02,1.00586E+00,2.92969E-02
2.2434720E-02,1.04492E+00,9.76562E-03
2.2453200E-02,9.66797E-01,4.88281E-02
2.2471680E-02,1.02539E+00,4.88281E-02
2.2490160E-02,1.04492E+00,6.83594E-02
2.2508640E-02,1.00586E+00,-9.76562E-03
2.2527120E-02,1.02539E+00,6.83594E-02
2.2545600E-02,9.86328E-01,2.92969E-02
2.2564080E-02,1.00586E+00,4.88281E-02
2.2582560E-02,9.86328E-01,9.76562E-03
2.2601040E-02,1.06445E+00,2.92969E-02
2.2619520E-02,9.86328E-01,2.92969E-02
2.2638000E-02,9.47266E-01,6.83594E-02
2.2656480E-02,1.02539E+00,4.88281E-02
2.2674960E-02,1.00586E+00,6.83594E-02
2.2693440E-02,1.02539E+00,9.76562E-03
2.2711920E-02,1.06445E+00,4.88281E-02
2.2730400E-02,1.02539E+00,2.92969E-02
2.2748880E-02,9.66797E-01,4.88281E-02
2.2767360E-02,1.00586E+00,9.76562E-03
2.2785840E-02,1.00586E+00,9.76562E-03
2.2804320E-02,1.04492E+00,4.88281E-02
2.2822800E-02,1.02539E+00,4.88281E-02
2.2841280E-02,1.00586E+00,9.76562E-03
2.2859760E-02,1.00586E+00,8.78906E-02
2.2878240E-02,1.06445E+00,4.88281E-02
2.2896720E-02,1.00586E+00,6.83594E-02
2.2915200E-02,1.04492E+00,9.76562E-03
2.2933680E-02,1.04492E+00,4.88281E-02
2.2952160E-02,1.06445E+00,2.92969E-02
2.2970640E-02,1.04492E+00,4.88281E-02
2.2989120E-02,9.66797E-01,-9.76562E-03
2.3007600E-02,9.47266E-01,2.92969E-02
2.3026080E-02,1.06445E+00,9.76562E-03
2.3044560E-02,1.04492E+00,4.88281E-02
2.3063040E-02,1.06445E+00,9.76562E-03
2.3081520E-02,1.04492E+00,2.92969E-02
2.3100000E-02,8.88672E-01,2.92969E-02
2.3118480E-02,1.04492E+00,1.07422E-01
2.3136960E-02,1.00586E+00,-9.76562E-03
2.3155440E-02,9.27734E-01,6.83594E-02
2.3173920E-02,9.86328E-01,9.76562E-03
2.3192400E-02,9.86328E-01,4.88281E-02
2.3210880E-02,1.06445E+00,9.76562E-03
2.3229360E-02,1.00586E+00,9.76562E-03
2.3247840E-02,1.02539E+00,9.76562E-03
2.3266320E-02,9.66797E-01,4.88281E-02
2.3284800E-02,1.06445E+00,4.88281E-02
2.3303280E-02,1.00586E+00,4.88281E-02
2.3321760E-02,1.00586E+00,-9.76562E-03
2.3340240E-02,1.02539E+00,4.88281E-02
2.3358720E-02,1.06445E+00,2.92969E-02
2.3377200E-02,1.00586E+00,6.83594E-02
2.3395680E-02,9.86328E-01,2.92969E-02
2.3414160E-02,9.86328E-01,6.83594E-02
2.3432640E-02,9.66797E-01,-9.76562E-03
2.3451120E-02,9.66797E-01,9.76562E-03
2.3469600E-02,1.06445E+00,9.76562E-03
2.3488080E-02,1.00586E+00,4.88281E-02
2.3506560E-02,1.02539E+00,-2.92969E-02
2.3525040E-02,1.00586E+00,6.83594E-02
2.3543520E-02,1.00586E+00,-9.76562E-03
2.3562000E-02,9.86328E-01,9.76562E-03
2.3580480E-02,9.86328E-01,4.88281E-02
2.3598960E-02,1.04492E+00,2.92969E-02
2.3617440E-02,1.06445E+00,4.88281E-02
2.3635920E-02,1.00586E+00,6.83594E-02
2.3654400E-02,1.08398E+00,2.92969E-02
2.3672880E-02,9.47266E-01,9.76562E-03
2.3691360E-02,9.27734E-01,9.76562E-03
2.3709840E-02,1.02539E+00,6.83594E-02
2.3728320E-02,1.02539E+00,9.76562E-03
2.3746800E-02,9.47266E-01,-9.76562E-03
2.3765280E-02,1.00586E+00,9.76562E-03
2.3783760E-02,1.00586E+00,6.83594E-02
2.3802240E-02,1.00586E+00,-2.92969E-02
2.3820720E-02,1.04492E+00,4.88281E-02
2.3839200E-02,1.02539E+00,9.76562E-03
2.3857680E-02,9.86328E-01,2.92969E-02
2.3876160E-02,1.00586E+00,6.83594E-02
2.3894640E-02,9.66797E-01,9.76562E-03
2.3913120E-02,1.06445E+00,4.88281E-02
2.3931600E-02,9.86328E-01,6.83594E-02
2.3950080E-02,1.02539E+00,2.92969E-02
2.3968560E-02,9.47266E-01,4.88281E-02
2.3987040E-02,1.00586E+00,2.92969E-02
2.4005520E-02,9.66797E-01,6.83594E-02
2.4024000E-02,1.04492E+00,-2.92969E-02
2.4042480E-02,1.06445E+00,4.88281E-02
2.4060960E-02,1.02539E+00,9.76562E-03
2.4079440E-02,9.66797E-01,6.83594E-02
2.4097920E-02,9.86328E-01,9.76562E-03
2.4116400E-02,9.86328E-01,6.83594E-02
2.4134880E-02,1.02539E+00,4.88281E-02
2.4153360E-02,1.00586E+00,4.88281E-02
2.4171840E-02,1.08398E+00,9.76562E-03
2.4190320E-02,1.00586E+00,1.07422E-01
2.4208800E-02,1.08398E+00,9.76562E-03
2.4227280E-02,9.86328E-01,4.88281E-02
2.4245760E-02,1.00586E+00,9.76562E-03
2.4264240E-02,1.00586E+00,6.83594E-02
2.4282720E-02,1.12305E+00,2.92969E-02
2.4301200E-02,9.86328E-01,2.92969E-02
2.4319680E-02,1.02539E+00,9.76562E-03
2.4338160E-02,1.02539E+00,2.92969E-02
2.4356640E-02,1.06445E+00,9.76562E-03
2.4375120E-02,1.04492E+00,4.88281E-02
2.4393600E-02,1.02539E+00,2.92969E-02
2.4412080E-02,1.00586E+00,4.88281E-02
2.4430560E-02,1.04492E+00,6.83594E-02
2.4449040E-02,1.04492E+00,6.83594E-02
2.4467520E-02,1.10352E+00,-9.76562E-03
2.4486000E-02,1.00586E+00,4.88281E-02
2.4504480E-02,1.06445E+00,-2.92969E-02
2.4522960E-02,1.00586E+00,8.78906E-02
2.4541440E-02,1.02539E+00,9.76562E-03
2.4559920E-02,9.86328E-01,4.88281E-02
2.4578400E-02,1.10352E+00,2.92969E-02
2.4596880E-02,1.04492E+00,2.92969E-02
2.4615360E-02,9.86328E-01,2.92969E-02
2.4633840E-02,9.27734E-01,6.83594E-02
2.4652320E-02,1.00586E+00,-9.76562E-03
2.4670800E-02,1.04492E+00,6.83594E-02
2.4689280E-02,1.00586E+00,4.88281E-02
2.4707760E-02,1.06445E+00,4.88281E-02
2.4726240E-02,1.00586E+00,2.92969E-02
2.4744720E-02,1.02539E+00,6.83594E-02
2.4763200E-02,1.10352E+00,9.76562E-03
2.4781680E-02,1.04492E+00,4.88281E-02
2.4800160E-02,1.04492E+00,9.76562E-03
2.4818640E-02,1.00586E+00,8.78906E-02
2.4837120E-02,9.86328E-01,-2.92969E-02
2.4855600E-02,9.86328E-01,6.83594E-02
2.4874080E-02,1.10352E+00,6.83594E-02
2.4892560E-02,1.08398E+00,8.78906E-02
2.4911040E-02,1.04492E+00,2.92969E-02
2.4929520E-02,1.04492E+00,4.88281E-02
2.4948000E-02,9.86328E-01,9.76562E-03
2.4966480E-02,1.02539E+00,-2.92969E-02
2.4984960E-02,1.02539E+00,9.76562E-03
2.5003440E-02,9.47266E-01,-4.88281E-02
2.5021920E-02,1.10352E+00,2.92969E-02
2.5040400E-02,1.04492E+00,2.92969E-02
2.5058880E-02,1.04492E+00,9.76562E-03
2.5077360E-02,1.00586E+00,4.88281E-02
2.5095840E-02,9.86328E-01,2.92969E-02
2.5114320E-02,1.00586E+00,9.76562E-03
2.5132800E-02,1.02539E+00,2.92969E-02
2.5151280E-02,9.86328E-01,9.76562E-03
2.5169760E-02,1.02539E+00,-2.92969E-02
2.5188240E-02,1.04492E+00,9.76562E-03
2.5206720E-02,1.02539E+00,-2.92969E-02
2.5225200E-02,1.08398E+00,2.92969E-02
2.5243680E-02,1.02539E+00,4.88281E-02
2.5262160E-02,1.04492E+00,6.83594E-02
2.5280640E-02,1.10352E+00,9.76562E-03
2.5299120E-02,9.47266E-01,6.83594E-02
2.5317600E-02,1.12305E+00,2.92969E-02
2.5336080E-02,1.08398E+00,8.78906E-02
2.5354560E-02,1.02539E+00,6.83594E-02
2.5373040E-02,1.00586E+00,4.88281E-02
2.5391520E-02,1.02539E+00,2.92969E-02
2.5410000E-02,9.47266E-01,-2.92969E-02
2.5428480E-02,1.06445E+00,9.76562E-03
2.5446960E-02,1.00586E+00,1.07422E-01
2.5465440E-02,1.06445E+00,4.88281E-02
2.5483920E-02,9.47266E-01,4.88281E-02
2.5502400E-02,1.04492E+00,4.88281E-02
2.5520880E-02,9.86328E-01,2.92969E-02
2.5539360E-02,1.02539E+00,-2.92969E-02
2.5557840E-02,1.02539E+00,4.88281E-02
2.5576320E-02,1.02539E+00,2.92969E-02
2.5594800E-02,1.04492E+00,6.83594E-02
2.5613280E-02,1.02539E+00,2.92969E-02
2.5631760E-02,1.02539E+00,1.26953E-01
2.5650240E-02,1.08398E+00,4.88281E-02
2.5668720E-02,1.02539E+00,2.92969E-02
2.5687200E-02,1.02539E+00,4.88281E-02
2.5705680E-02,1.00586E+00,2.92969E-02
2.5724160E-02,1.00586E+00,9.76562E-03
2.5742640E-02,9.47266E-01,4.88281E-02
2.5761120E-02,1.06445E+00,2.92969E-02
2.5779600E-02,1.04492E+00,4.88281E-02
2.5798080E-02,1.06445E+00,2.92969E-02
2.5816560E-02,9.86328E-01,6.83594E-02
2.5835040E-02,1.04492E+00,-9.76562E-03
2.5853520E-02,1.02539E+00,8.78906E-02
2.5872000E-02,1.08398E+00,-9.76562E-03
2.5890480E-02,1.08398E+00,9.76562E-03
2.5908960E-02,1.04492E+00,2.92969E-02
2.5927440E-02,9.66797E-01,4.88281E-02
2.5945920E-02,1.02539E+00,6.83594E-02
2.5964400E-02,1.04492E+00,4.88281E-02
2.5982880E-02,1.02539E+00,4.88281E-02
2.6001360E-02,1.02539E+00,9.76562E-03
2.6019840E-02,1.10352E+00,6.83594E-02
2.6038320E-02,1.00586E+00,6.83594E-02
2.6056800E-02,1.06445E+00,9.76562E-03
2.6075280E-02,1.00586E+00,2.92969E-02
2.6093760E-02,1.12305E+00,9.76562E-03
2.6112240E-02,1.00586E+00,-9.76562E-03
2.6130720E-02,9.08203E-01,9.76562E-03
2.6149200E-02,1.00586E+00,6.83594E-02
2.6167680E-02,9.86328E-01,2.92969E-02
2.6186160E-02,1.00586E+00,6.83594E-02
2.6204640E-02,1.04492E+00,4.88281E-02
2.6223120E-02,9.27734E-01,9.76562E-03
2.6241600E-02,1.02539E+00,4.88281E-02
2.6260080E-02,1.04492E+00,9.76562E-03
2.6278560E-02,1.04492E+00,-9.76562E-03
2.6297040E-02,1.02539E+00,6.83594E-02
2.6315520E-02,1.02539E+00,2.92969E-02
2.6334000E-02,1.06445E+00,4.88281E-02
2.6352480E-02,1.04492E+00,9.76562E-03
2.6370960E-02,1.04492E+00,6.83594E-02
2.6389440E-02,1.02539E+00,4.88281E-02
2.6407920E-02,1.06445E+00,9.76562E-03
2.6426400E-02,1.00586E+00,2.92969E-02
2.6444880E-02,9.66797E-01,1.07422E-01
2.6463360E-02,9.86328E-01,1.07422E-01
2.6481840E-02,1.00586E+00,4.88281E-02
2.6500320E-02,1.02539E+00,2.92969E-02
2.6518800E-02,1.04492E+00,2.92969E-02
2.6537280E-02,1.06445E+00,4.88281E-02
2.6555760E-02,1.04492E+00,2.92969E-02
2.6574240E-02,1.06445E+00,2.92969E-02
2.6592720E-02,1.00586E+00,4.88281E-02
2.6611200E-02,1.06445E+00,2.92969E-02
2.6629680E-02,1.02539E+00,6.83594E-02
2.6648160E-02,1.02539E+00,9.76562E-03
2.6666640E-02,9.86328E-01,2.92969E-02
2.6685120E-02,1.04492E+00,-9.76562E-03
2.6703600E-02,9.86328E-01,6.83594E-02
2.6722080E-02,1.08398E+00,9.76562E-03
2.6740560E-02,9.86328E-01,6.83594E-02
2.6759040E-02,9.86328E-01,2.92969E-02
2.6777520E-02,1.04492E+00,6.83594E-02
2.6796000E-02,1.04492E+00,4.88281E-02
2.6814480E-02,1.00586E+00,6.83594E-02
2.6832960E-02,1.04492E+00,-2.92969E-02
2.6851440E-02,1.02539E+00,4.88281E-02
2.6869920E-02,1.06445E+00,4.88281E-02
2.6888400E-02,1.02539E+00,6.83594E-02
2.6906880E-02,1.04492E+00,4.88281E-02
2.6925360E-02,1.02539E+00,1.07422E-01
2.6943840E-02,1.02539E+00,4.88281E-02
2.6962320E-02,9.47266E-01,6.83594E-02
2.6980800E-02,1.00586E+00,9.76562E-03
2.6999280E-02,1.00586E+00,2.92969E-02
2.7017760E-02,1.04492E+00,4.88281E-02
2.7036240E-02,9.86328E-01,2.92969E-02
2.7054720E-02,9.86328E-01,2.92969E-02
2.7073200E-02,9.47266E-01,9.76562E-03
2.7091680E-02,1.08398E+00,9.76562E-03
2.7110160E-02,1.02539E+00,4.88281E-02
2.7128640E-02,1.04492E+00,-9.76562E-03
2.7147120E-02,9.86328E-01,8.78906E-02
2.7165600E-02,1.12305E+00,4.88281E-02
2.7184080E-02,1.00586E+00,6.83594E-02
2.7202560E-02,1.02539E+00,2.92969E-02
2.7221040E-02,1.04492E+00,-9.76562E-03
2.7239520E-02,1.12305E+00,9.76562E-03
2.7258000E-02,1.02539E+00,6.83594E-02
2.7276480E-02,1.04492E+00,4.88281E-02
2.7294960E-02,9.66797E-01,4.88281E-02
2.7313440E-02,1.06445E+00,2.92969E-02
2.7331920E-02,1.04492E+00,1.07422E-01
2.7350400E-02,1.02539E+00,-9.76562E-03
2.7368880E-02,1.00586E+00,4.88281E-02
2.7387360E-02,1.00586E+00,4.88281E-02
2.7405840E-02,1.02539E+00,6.83594E-02
2.7424320E-02,1.06445E+00,6.83594E-02
2.7442800E-02,1.00586E+00,6.83594E-02
2.7461280E-02,1.02539E+00,-9.76562E-03
2.7479760E-02,1.00586E+00,4.88281E-02
2.7498240E-02,1.06445E+00,9.76562E-03
2.7516720E-02,1.02539E+00,4.88281E-02
2.7535200E-02,1.06445E+00,2.92969E-02
2.7553680E-02,9.86328E-01,4.88281E-02
2.7572160E-02,1.02539E+00,2.92969E-02
2.7590640E-02,1.08398E+00,2.92969E-02
2.7609120E-02,1.00586E+00,2.92969E-02
2.7627600E-02,1.04492E+00,2.92969E-02
2.7646080E-02,1.00586E+00,9.76562E-03
2.7664560E-02,1.02539E+00,2.92969E-02
2.7683040E-02,1.06445E+00,2.92969E-02
2.7701520E-02,1.06445E+00,6.83594E-02
2.7720000E-02,1.04492E+00,9.76562E-03
2.7738480E-02,1.08398E+00,9.76562E-03
2.7756960E-02,1.04492E+00,4.88281E-02
2.7775440E-02,1.02539E+00,8.78906E-02
2.7793920E-02,1.00586E+00,9.76562E-03
2.7812400E-02,1.04492E+00,6.83594E-02
2.7830880E-02,1.02539E+00,-9.76562E-03
2.7849360E-02,1.12305E+00,4.88281E-02
2.7867840E-02,1.02539E+00,2.92969E-02
2.7886320E-02,1.04492E+00,9.76562E-03
2.7904800E-02,1.02539E+00,-9.76562E-03
2.7923280E-02,1.00586E+00,4.88281E-02
2.7941760E-02,1.04492E+00,9.76562E-03
2.7960240E-02,1.04492E+00,4.88281E-02
2.7978720E-02,1.00586E+00,4.88281E-02
2.7997200E-02,1.02539E+00,2.92969E-02
2.8015680E-02,1.00586E+00,2.92969E-02
2.8034160E-02,1.04492E+00,4.88281E-02
2.8052640E-02,1.08398E+00,4.88281E-02
2.8071120E-02,9.66797E-01,1.07422E-01
2.8089600E-02,1.04492E+00,4.88281E-02
2.8108080E-02,1.04492E+00,2.92969E-02
2.8126560E-02,9.47266E-01,2.92969E-02
2.8145040E-02,1.02539E+00,6.83594E-02
2.8163520E-02,1.04492E+00,9.76562E-03
2.8182000E-02,1.02539E+00,4.88281E-02
2.8200480E-02,1.02539E+00,-9.76562E-03
2.8218960E-02,1.02539E+00,4.88281E-02
2.8237440E-02,1.02539E+00,6.83594E-02
2.8255920E-02,1.06445E+00,6.83594E-02
2.8274400E-02,1.04492E+00,6.83594E-02
2.8292880E-02,1.00586E+00,4.88281E-02
2.8311360E-02,1.02539E+00,6.83594E-02
2.8329840E-02,1.04492E+00,6.83594E-02
2.8348320E-02,1.06445E+00,9.76562E-03
2.8366800E-02,9.66797E-01,6.83594E-02
2.8385280E-02,1.02539E+00,9.76562E-03
2.8403760E-02,1.04492E+00,4.88281E-02
2.8422240E-02,1.04492E+00,4.88281E-02
2.8440720E-02,1.02539E+00,6.83594E-02
2.8459200E-02,1.10352E+00,-9.76562E-03
2.8477680E-02,1.08398E+00,2.92969E-02
2.8496160E-02,1.04492E+00,9.76562E-03
2.8514640E-02,1.04492E+00,6.83594E-02
2.8533120E-02,1.00586E+00,2.92969E-02
2.8551600E-02,1.00586E+00,2.92969E-02
2.8570080E-02,1.10352E+00,9.76562E-03
2.8588560E-02,1.06445E+00,-4.88281E-02
2.8607040E-02,1.08398E+00,2.92969E-02
2.8625520E-02,9.86328E-01,9.76562E-03
2.8644000E-02,1.04492E+00,6.83594E-02
2.8662480E-02,1.10352E+00,6.83594E-02
2.8680960E-02,9.86328E-01,9.76562E-03
2.8699440E-02,1.00586E+00,6.83594E-02
2.8717920E-02,1.02539E+00,2.92969E-02
2.8736400E-02,1.02539E+00,4.88281E-02
2.8754880E-02,1.02539E+00,9.76562E-03
2.8773360E-02,9.86328E-01,4.88281E-02
2.8791840E-02,1.04492E+00,9.76562E-03
2.8810320E-02,1.06445E+00,2.92969E-02
2.8828800E-02,1.02539E+00,4.88281E-02
2.8847280E-02,1.00586E+00,4.88281E-02
2.8865760E-02,1.14258E+00,4.88281E-02
2.8884240E-02,1.04492E+00,4.88281E-02
2.8902720E-02,1.02539E+00,9.76562E-03
2.8921200E-02,9.86328E-01,6.83594E-02
2.8939680E-02,1.04492E+00,4.88281E-02
2.8958160E-02,1.00586E+00,4.88281E-02
2.8976640E-02,1.02539E+00,2.92969E-02
2.8995120E-02,1.00586E+00,4.88281E-02
2.9013600E-02,1.06445E+00,4.88281E-02
2.9032080E-02,9.86328E-01,4.88281E-02
2.9050560E-02,1.04492E+00,2.92969E-02
2.9069040E-02,9.86328E-01,6.83594E-02
2.9087520E-02,1.04492E+00,2.92969E-02
2.9106000E-02,1.06445E+00,9.76562E-03
2.9124480E-02,1.02539E+00,6.83594E-02
2.9142960E-02,1.02539E+00,8.78906E-02
2.9161440E-02,1.06445E+00,2.92969E-02
2.9179920E-02,1.08398E+00,2.92969E-02
2.9198400E-02,1.02539E+00,-9.76562E-03
2.9216880E-02,1.02539E+00,4.88281E-02
2.9235360E-02,1.12305E+00,9.76562E-03
2.9253840E-02,1.04492E+00,6.83594E-02
2.9272320E-02,1.04492E+00,4.88281E-02
2.9290800E-02,1.06445E+00,4.88281E-02
2.9309280E-02,9.86328E-01,2.92969E-02
2.9327760E-02,9.66797E-01,2.92969E-02
2.9346240E-02,1.02539E+00,2.92969E-02
2.9364720E-02,1.06445E+00,2.92969E-02
2.9383200E-02,1.02539E+00,4.88281E-02
2.9401680E-02,1.08398E+00,2.92969E-02
2.9420160E-02,1.02539E+00,9.76562E-03
2.9438640E-02,1.10352E+00,9.76562E-03
2.9457120E-02,1.02539E+00,-2.92969E-02
2.9475600E-02,1.00586E+00,1.46484E-01
2.9494080E-02,1.02539E+00,2.92969E-02
2.9512560E-02,1.02539E+00,6.83594E-02
2.9531040E-02,9.86328E-01,9.76562E-03
2.9549520E-02,1.08398E+00,6.83594E-02
2.9568000E-02,1.06445E+00,2.92969E-02
2.9586480E-02,1.00586E+00,4.88281E-02
2.9604960E-02,1.02539E+00,9.76562E-03
2.9623440E-02,1.08398E+00,4.88281E-02
2.9641920E-02,1.02539E+00,4.88281E-02
2.9660400E-02,1.04492E+00,6.83594E-02
2.9678880E-02,1.02539E+00,4.88281E-02
2.9697360E-02,1.06445E+00,2.92969E-02
2.9715840E-02,1.06445E+00,9.76562E-03
2.9734320E-02,1.08398E+00,9.76562E-03
2.9752800E-02,1.10352E+00,9.76562E-03
2.9771280E-02,9.66797E-01,9.76562E-03
2.9789760E-02,1.02539E+00,2.92969E-02
2.9808240E-02,1.08398E+00,2.92969E-02
2.9826720E-02,1.02539E+00,9.76562E-03
2.9845200E-02,1.02539E+00,-9.76562E-03
2.9863680E-02,1.02539E+00,9.76562E-03
2.9882160E-02,1.04492E+00,9.76562E-03
2.9900640E-02,1.08398E+00,9.76562E-03
2.9919120E-02,1.00586E+00,6.83594E-02
2.9937600E-02,1.02539E+00,4.88281E-02
2.9956080E-02,1.02539E+00,2.92969E-02
2.9974560E-02,1.02539E+00,4.88281E-02
2.9993040E-02,1.02539E+00,2.92969E-02
3.0011520E-02,9.86328E-01,-9.76562E-03
3.0030000E-02,1.02539E+00,4.88281E-02
3.0048480E-02,1.10352E+00,2.92969E-02
3.0066960E-02,9.47266E-01,6.83594E-02
3.0085440E-02,1.06445E+00,2.92969E-02
3.0103920E-02,1.06445E+00,-9.76562E-03
3.0122400E-02,1.02539E+00,9.76562E-03
3.0140880E-02,9.86328E-01,4.88281E-02
3.0159360E-02,1.06445E+00,-6.83594E-02
3.0177840E-02,1.02539E+00,4.88281E-02
3.0196320E-02,1.04492E+00,4.88281E-02
3.0214800E-02,1.10352E+00,6.83594E-02
3.0233280E-02,1.00586E+00,9.76562E-03
3.0251760E-02,1.02539E+00,4.88281E-02
3.0270240E-02,1.02539E+00,9.76562E-03
3.0288720E-02,1.08398E+00,4.88281E-02
3.0307200E-02,9.66797E-01,6.83594E-02
3.0325680E-02,1.08398E+00,2.92969E-02
3.0344160E-02,1.02539E+00,9.76562E-03
3.0362640E-02,1.00586E+00,2.92969E-02
3.0381120E-02,1.00586E+00,4.88281E-02
3.0399600E-02,1.04492E+00,6.83594E-02
3.0418080E-02,1.04492E+00,9.76562E-03
3.0436560E-02,1.02539E+00,9.76562E-03
3.0455040E-02,1.04492E+00,9.76562E-03
3.0473520E-02,1.06445E+00,4.88281E-02
3.0492000E-02,1.02539E+00,-9.76562E-03
3.0510480E-02,1.02539E+00,6.83594E-02
3.0528960E-02,1.06445E+00,-9.76562E-03
3.0547440E-02,1.08398E+00,9.76562E-03
3.0565920E-02,1.04492E+00,-9.76562E-03
3.0584400E-02,1.00586E+00,2.92969E-02
3.0602880E-02,1.08398E+00,2.92969E-02
3.0621360E-02,1.04492E+00,9.76562E-03
3.0639840E-02,1.10352E+00,4.88281E-02
3.0658320E-02,1.04492E+00,6.83594E-02
3.0676800E-02,1.02539E+00,-9.76562E-03
3.0695280E-02,9.66797E-01,9.76562E-03
3.0713760E-02,1.04492E+00,6.83594E-02
3.0732240E-02,1.04492E+00,8.78906E-02
3.0750720E-02,1.08398E+00,-9.76562E-03
3.0769200E-02,1.00586E+00,4.88281E-02
3.0787680E-02,1.06445E+00,2.92969E-02
3.0806160E-02,1.00586E+00,8.78906E-02
3.0824640E-02,1.08398E+00,2.92969E-02
3.0843120E-02,1.12305E+00,6.83594E-02
3.0861600E-02,1.02539E+00,4.88281E-02
3.0880080E-02,1.04492E+00,6.83594E-02
3.0898560E-02,1.02539E+00,9.76562E-03
3.0917040E-02,1.02539E+00,4.88281E-02
3.0935520E-02,1.00586E+00,6.83594E-02
3.0954000E-02,1.04492E+00,-2.92969E-02
3.0972480E-02,1.14258E+00,4.88281E-02
3.0990960E-02,1.04492E+00,6.83594E-02
3.1009440E-02,1.06445E+00,4.88281E-02
3.1027920E-02,1.08398E+00,6.83594E-02
3.1046400E-02,1.04492E+00,2.92969E-02
3.1064880E-02,9.66797E-01,6.83594E-02
3.1083360E-02,1.02539E+00,2.92969E-02
3.1101840E-02,1.00586E+00,8.78906E-02
3.1120320E-02,1.04492E+00,2.92969E-02
3.1138800E-02,1.08398E+00,8.78906E-02
3.1157280E-02,1.06445E+00,2.92969E-02
3.1175760E-02,1.02539E+00,4.88281E-02
3.1194240E-02,1.06445E+00,2.92969E-02
3.1212720E-02,1.04492E+00,-2.92969E-02
3.1231200E-02,1.02539E+00,9.76562E-03
3.1249680E-02,1.06445E+00,2.92969E-02
3.1268160E-02,1.04492E+00,4.88281E-02
3.1286640E-02,1.06445E+00,9.76562E-03
3.1305120E-02,1.12305E+00,9.76562E-03
3.1323600E-02,1.04492E+00,9.76562E-03
3.1342080E-02,1.06445E+00,9.76562E-03
3.1360560E-02,1.00586E+00,6.83594E-02
3.1379040E-02,1.06445E+00,4.88281E-02
3.1397520E-02,1.06445E+00,4.88281E-02
3.1416000E-02,1.06445E+00,9.76562E-03
3.1434480E-02,1.02539E+00,4.88281E-02
3.1452960E-02,1.06445E+00,2.92969E-02
3.1471440E-02,1.02539E+00,2.92969E-02
3.1489920E-02,1.06445E+00,9.76562E-03
3.1508400E-02,1.00586E+00,9.76562E-03
3.1526880E-02,1.02539E+00,-9.76562E-03
3.1545360E-02,1.02539E+00,6.83594E-02
3.1563840E-02,1.08398E+00,9.76562E-03
3.1582320E-02,1.00586E+00,9.76562E-03
3.1600800E-02,1.10352E+00,2.92969E-02
3.1619280E-02,1.10352E+00,4.88281E-02
3.1637760E-02,1.00586E+00,2.92969E-02
3.1656240E-02,1.02539E+00,2.92969E-02
3.1674720E-02,1.06445E+00,2.92969E-02
3.1693200E-02,1.02539E+00,9.76562E-03
3.1711680E-02,1.02539E+00,-9.76562E-03
3.1730160E-02,1.04492E+00,4.88281E-02
3.1748640E-02,1.06445E+00,-6.83594E-02
3.1767120E-02,1.00586E+00,2.92969E-02
3.1785600E-02,1.12305E+00,9.76562E-03
3.1804080E-02,1.02539E+00,-9.76562E-03
3.1822560E-02,1.04492E+00,4.88281E-02
3.1841040E-02,1.02539E+00,2.92969E-02
3.1859520E-02,1.08398E+00,9.76562E-03
3.1878000E-02,1.02539E+00,4.88281E-02
3.1896480E-02,1.06445E+00,1.07422E-01
3.1914960E-02,1.02539E+00,6.83594E-02
3.1933440E-02,1.12305E+00,-9.76562E-03
3.1951920E-02,1.02539E+00,6.83594E-02
3.1970400E-02,1.06445E+00,-4.88281E-02
3.1988880E-02,1.04492E+00,4.88281E-02
3.2007360E-02,1.08398E+00,9.76562E-03
3.2025840E-02,1.00586E+00,6.83594E-02
3.2044320E-02,1.08398E+00,2.92969E-02
3.2062800E-02,1.08398E+00,2.92969E-02
3.2081280E-02,1.08398E+00,4.88281E-02
3.2099760E-02,1.04492E+00,4.88281E-02
3.2118240E-02,1.10352E+00,4.88281E-02
3.2136720E-02,1.02539E+00,4.88281E-02
3.2155200E-02,1.04492E+00,9.76562E-03
3.2173680E-02,1.00586E+00,9.76562E-03
3.2192160E-02,1.10352E+00,2.92969E-02
3.2210640E-02,1.04492E+00,6.83594E-02
3.2229120E-02,1.06445E+00,-9.76562E-03
3.2247600E-02,1.04492E+00,6.83594E-02
3.2266080E-02,1.00586E+00,-9.76562E-03
3.2284560E-02,1.08398E+00,9.76562E-03
3.2303040E-02,1.02539E+00,4.88281E-02
3.2321520E-02,1.02539E+00,4.88281E-02
3.2340000E-02,1.06445E+00,9.76562E-03
3.2358480E-02,1.06445E+00,4.88281E-02
3.2376960E-02,1.06445E+00,4.88281E-02
3.2395440E-02,1.04492E+00,1.07422E-01
3.2413920E-02,1.02539E+00,1.26953E-01
3.2432400E-02,1.08398E+00,9.76562E-03
3.2450880E-02,1.08398E+00,9.76562E-03
3.2469360E-02,1.06445E+00,4.88281E-02
3.2487840E-02,1.08398E+00,6.83594E-02
3.2506320E-02,1.08398E+00,1.07422E-01
3.2524800E-02,1.12305E+00,6.83594E-02
3.2543280E-02,1.02539E+00,6.83594E-02
3.2561760E-02,1.02539E+00,-4.88281E-02
3.2580240E-02,1.04492E+00,6.83594E-02
3.2598720E-02,1.06445E+00,2.92969E-02
3.2617200E-02,1.06445E+00,2.92969E-02
3.2635680E-02,1.06445E+00,9.76562E-03
3.2654160E-02,1.04492E+00,2.92969E-02
3.2672640E-02,1.06445E+00,9.76562E-03
3.2691120E-02,1.02539E+00,4.88281E-02
3.2709600E-02,1.12305E+00,6.83594E-02
3.2728080E-02,1.00586E+00,2.92969E-02
3.2746560E-02,1.04492E+00,2.92969E-02
3.2765040E-02,1.06445E+00,9.76562E-03
3.2783520E-02,1.06445E+00,9.76562E-03
3.2802000E-02,1.02539E+00,4.88281E-02
3.2820480E-02,1.08398E+00,9.76562E-03
3.2838960E-02,9.66797E-01,6.83594E-02
3.2857440E-02,1.14258E+00,4.88281E-02
3.2875920E-02,9.86328E-01,2.92969E-02
3.2894400E-02,1.04492E+00,4.88281E-02
3.2912880E-02,1.02539E+00,4.88281E-02
3.2931360E-02,1.10352E+00,4.88281E-02
3.2949840E-02,1.00586E+00,4.88281E-02
3.2968320E-02,1.06445E+00,4.88281E-02
3.2986800E-02,1.04492E+00,6.83594E-02
3.3005280E-02,1.08398E+00,4.88281E-02
3.3023760E-02,1.02539E+00,-9.76562E-03
3.3042240E-02,1.06445E+00,-9.76562E-03
3.3060720E-02,1.08398E+00,4.88281E-02
3.3079200E-02,1.12305E+00,-9.76562E-03
3.3097680E-02,1.04492E+00,9.76562E-03
3.3116160E-02,1.18164E+00,4.88281E-02
3.3134640E-02,1.12305E+00,4.88281E-02
3.3153120E-02,1.14258E+00,2.92969E-02
3.3171600E-02,1.06445E+00,4.88281E-02
3.3190080E-02,1.12305E+00,-9.76562E-03
3.3208560E-02,1.04492E+00,8.78906E-02
3.3227040E-02,1.02539E+00,4.88281E-02
3.3245520E-02,1.08398E+00,4.88281E-02
3.3264000E-02,1.06445E+00,4.88281E-02
3.3282480E-02,1.04492E+00,2.92969E-02
3.3300960E-02,9.86328E-01,9.76562E-03
3.3319440E-02,1.02539E+00,2.92969E-02
3.3337920E-02,1.08398E+00,9.76562E-03
3.3356400E-02,1.06445E+00,8.78906E-02
3.3374880E-02,1.04492E+00,-2.92969E-02
3.3393360E-02,1.10352E+00,4.88281E-02
3.3411840E-02,1.02539E+00,-9.76562E-03
3.3430320E-02,1.04492E+00,4.88281E-02
3.3448800E-02,1.06445E+00,-9.76562E-03
3.3467280E-02,1.02539E+00,9.76562E-03
3.3485760E-02,1.02539E+00,2.92969E-02
3.3504240E-02,1.10352E+00,2.92969E-02
3.3522720E-02,1.12305E+00,4.88281E-02
3.3541200E-02,1.10352E+00,4.88281E-02
3.3559680E-02,1.06445E+00,2.92969E-02
3.3578160E-02,9.86328E-01,2.92969E-02
3.3596640E-02,1.04492E+00,9.76562E-03
3.3615120E-02,1.02539E+00,4.88281E-02
3.3633600E-02,1.08398E+00,9.76562E-03
3.3652080E-02,1.06445E+00,9.76562E-03
3.3670560E-02,1.08398E+00,-9.76562E-03
3.3689040E-02,1.02539E+00,9.76562E-03
3.3707520E-02,1.06445E+00,-2.92969E-02
3.3726000E-02,1.02539E+00,4.88281E-02
3.3744480E-02,1.12305E+00,9.76562E-03
3.3762960E-02,1.02539E+00,1.07422E-01
3.3781440E-02,1.08398E+00,2.92969E-02
3.3799920E-02,1.06445E+00,9.76562E-03
3.3818400E-02,1.12305E+00,4.88281E-02
3.3836880E-02,1.06445E+00,2.92969E-02
3.3855360E-02,1.04492E+00,9.76562E-03
3.3873840E-02,1.02539E+00,4.88281E-02
3.3892320E-02,1.08398E+00,-9.76562E-03
3.3910800E-02,1.00586E+00,8.78906E-02
3.3929280E-02,1.06445E+00,2.92969E-02
3.3947760E-02,1.00586E+00,1.26953E-01
3.3966240E-02,1.06445E+00,4.88281E-02
3.3984720E-02,1.08398E+00,6.83594E-02
3.4003200E-02,1.04492E+00,6.83594E-02
3.4021680E-02,1.00586E+00,6.83594E-02
3.4040160E-02,1.06445E+00,-9.76562E-03
3.4058640E-02,1.00586E+00,4.88281E-02
3.4077120E-02,1.14258E+00,4.88281E-02
3.4095600E-02,1.08398E+00,6.83594E-02
3.4114080E-02,1.02539E+00,6.83594E-02
3.4132560E-02,1.04492E+00,2.92969E-02
3.4151040E-02,1.04492E+00,4.88281E-02
3.4169520E-02,1.06445E+00,4.88281E-02
3.4188000E-02,1.12305E+00,9.76562E-03
3.4206480E-02,1.08398E+00,6.83594E-02
3.4224960E-02,1.06445E+00,2.92969E-02
3.4243440E-02,1.06445E+00,6.83594E-02
3.4261920E-02,1.08398E+00,4.88281E-02
3.4280400E-02,1.06445E+00,4.88281E-02
3.4298880E-02,1.08398E+00,4.88281E-02
3.4317360E-02,1.06445E+00,6.83594E-02
3.4335840E-02,1.02539E+00,9.76562E-03
3.4354320E-02,1.08398E+00,4.88281E-02
3.4372800E-02,1.04492E+00,4.88281E-02
3.4391280E-02,1.06445E+00,4.88281E-02
3.4409760E-02,1.04492E+00,4.88281E-02
3.4428240E-02,1.04492E+00,9.76562E-03
3.4446720E-02,1.06445E+00,9.76562E-03
3.4465200E-02,1.04492E+00,2.92969E-02
3.4483680E-02,1.08398E+00,9.76562E-03
3.4502160E-02,9.86328E-01,8.78906E-02
3.4520640E-02,1.06445E+00,6.83594E-02
3.4539120E-02,1.04492E+00,4.88281E-02
3.4557600E-02,1.08398E+00,6.83594E-02
3.4576080E-02,1.00586E+00,4.88281E-02
3.4594560E-02,1.02539E+00,-2.92969E-02
3.4613040E-02,9.86328E-01,6.83594E-02
3.4631520E-02,1.00586E+00,9.76562E-03
3.4650000E-02,1.04492E+00,4.88281E-02
3.4668480E-02,1.04492E+00,2.92969E-02
3.4686960E-02,1.06445E+00,-2.92969E-02
3.4705440E-02,1.08398E+00,4.88281E-02
3.4723920E-02,1.06445E+00,6.83594E-02
3.4742400E-02,1.12305E+00,4.88281E-02
3.4760880E-02,1.00586E+00,1.07422E-01
3.4779360E-02,1.08398E+00,9.76562E-03
3.4797840E-02,1.08398E+00,4.88281E-02
3.4816320E-02,1.04492E+00,2.92969E-02
3.4834800E-02,1.02539E+00,1.07422E-01
3.4853280E-02,1.04492E+00,4.88281E-02
3.4871760E-02,1.04492E+00,-9.76562E-03
3.4890240E-02,1.06445E+00,9.76562E-03
3.4908720E-02,1.02539E+00,6.83594E-02
3.4927200E-02,1.08398E+00,4.88281E-02
3.4945680E-02,1.14258E+00,6.83594E-02
3.4964160E-02,1.08398E+00,9.76562E-03
3.4982640E-02,1.02539E+00,6.83594E-02
3.5001120E-02,1.06445E+00,-6.83594E-02
3.5019600E-02,1.02539E+00,4.88281E-02
3.5038080E-02,1.06445E+00,2.92969E-02
3.5056560E-02,1.04492E+00,6.83594E-02
3.5075040E-02,1.08398E+00,9.76562E-03
3.5093520E-02,9.47266E-01,4.88281E-02
3.5112000E-02,1.10352E+00,9.76562E-03
3.5130480E-02,1.04492E+00,6.83594E-02
3.5148960E-02,1.08398E+00,2.92969E-02
3.5167440E-02,1.08398E+00,-9.76562E-03
3.5185920E-02,1.14258E+00,4.88281E-02
3.5204400E-02,1.06445E+00,4.88281E-02
3.5222880E-02,1.04492E+00,9.76562E-03
3.5241360E-02,1.06445E+00,9.76562E-03
3.5259840E-02,1.08398E+00,6.83594E-02
3.5278320E-02,1.12305E+00,6.83594E-02
3.5296800E-02,1.08398E+00,9.76562E-03
3.5315280E-02,1.08398E+00,2.92969E-02
3.5333760E-02,1.04492E+00,9.76562E-03
3.5352240E-02,1.06445E+00,-4.88281E-02
3.5370720E-02,1.08398E+00,-9.76562E-03
3.5389200E-02,1.08398E+00,4.88281E-02
3.5407680E-02,1.00586E+00,9.76562E-03
3.5426160E-02,1.02539E+00,2.92969E-02
3.5444640E-02,1.08398E+00,9.76562E-03
3.5463120E-02,1.10352E+00,4.88281E-02
3.5481600E-02,1.06445E+00,2.92969E-02
3.5500080E-02,1.08398E+00,6.83594E-02
3.5518560E-02,1.04492E+00,2.92969E-02
3.5537040E-02,1.08398E+00,2.92969E-02
3.5555520E-02,1.06445E+00,-2.92969E-02
3.5574000E-02,1.08398E+00,6.83594E-02
3.5592480E-02,1.04492E+00,2.92969E-02
3.5610960E-02,1.06445E+00,2.92969E-02
3.5629440E-02,1.08398E+00,4.88281E-02
3.5647920E-02,1.02539E+00,4.88281E-02
3.5666400E-02,1.02539E+00,9.76562E-03
3.5684880E-02,1.04492E+00,9.76562E-03
3.5703360E-02,1.04492E+00,9.76562E-03
3.5721840E-02,1.08398E+00,2.92969E-02
3.5740320E-02,1.06445E+00,-9.76562E-03
3.5758800E-02,1.04492E+00,4.88281E-02
3.5777280E-02,1.12305E+00,-9.76562E-03
3.5795760E-02,1.06445E+00,8.78906E-02
3.5814240E-02,1.00586E+00,2.92969E-02
3.5832720E-02,1.12305E+00,6.83594E-02
3.5851200E-02,1.08398E+00,4.88281E-02
3.5869680E-02,1.06445E+00,6.83594E-02
3.5888160E-02,1.04492E+00,-9.76562E-03
3.5906640E-02,1.02539E+00,6.83594E-02
3.5925120E-02,1.06445E+00,9.76562E-03
3.5943600E-02,1.00586E+00,4.88281E-02
3.5962080E-02,1.10352E+00,9.76562E-03
3.5980560E-02,1.02539E+00,-9.76562E-03
3.5999040E-02,1.12305E+00,9.76562E-03
3.6017520E-02,1.02539E+00,6.83594E-02
3.6036000E-02,1.10352E+00,6.83594E-02
3.6054480E-02,1.04492E+00,2.92969E-02
3.6072960E-02,1.04492E+00,9.76562E-03
3.6091440E-02,1.04492E+00,4.88281E-02
3.6109920E-02,1.12305E+00,2.92969E-02
3.6128400E-02,1.04492E+00,4.88281E-02
3.6146880E-02,1.06445E+00,2.92969E-02
3.6165360E-02,1.04492E+00,6.83594E-02
3.6183840E-02,1.04492E+00,6.83594E-02
3.6202320E-02,1.06445E+00,6.83594E-02
3.6220800E-02,1.08398E+00,9.76562E-03
3.6239280E-02,1.02539E+00,1.07422E-01
3.6257760E-02,1.06445E+00,4.88281E-02
3.6276240E-02,1.04492E+00,-4.88281E-02
3.6294720E-02,1.02539E+00,-9.76562E-03
3.6313200E-02,1.10352E+00,6.83594E-02
3.6331680E-02,1.06445E+00,9.76562E-03
3.6350160E-02,1.06445E+00,2.92969E-02
3.6368640E-02,1.06445E+00,2.92969E-02
3.6387120E-02,1.00586E+00,6.83594E-02
3.6405600E-02,1.04492E+00,2.92969E-02
3.6424080E-02,9.86328E-01,1.26953E-01
3.6442560E-02,1.04492E+00,9.76562E-03
3.6461040E-02,1.04492E+00,6.83594E-02
3.6479520E-02,1.06445E+00,-2.92969E-02
3.6498000E-02,1.04492E+00,9.76562E-03
3.6516480E-02,1.06445E+00,2.92969E-02
3.6534960E-02,1.06445E+00,6.83594E-02
3.6553440E-02,1.12305E+00,2.92969E-02
3.6571920E-02,1.06445E+00,9.76562E-03
3.6590400E-02,1.06445E+00,9.76562E-03
3.6608880E-02,1.06445E+00,4.88281E-02
3.6627360E-02,1.06445E+00,2.92969E-02
3.6645840E-02,1.08398E+00,4.88281E-02
3.6664320E-02,1.04492E+00,-9.76562E-03
3.6682800E-02,1.06445E+00,4.88281E-02
3.6701280E-02,1.08398E+00,-9.76562E-03
3.6719760E-02,1.08398E+00,2.92969E-02
3.6738240E-02,1.12305E+00,4.88281E-02
3.6756720E-02,1.08398E+00,6.83594E-02
3.6775200E-02,1.06445E+00,-9.76562E-03
3.6793680E-02,1.02539E+00,8.78906E-02
3.6812160E-02,1.06445E+00,4.88281E-02
3.6830640E-02,1.02539E+00,2.92969E-02
3.6849120E-02,1.02539E+00,9.76562E-03
3.6867600E-02,1.06445E+00,9.76562E-03
3.6886080E-02,1.08398E+00,6.83594E-02
3.6904560E-02,1.10352E+00,4.88281E-02
3.6923040E-02,1.14258E+00,9.76562E-03
3.6941520E-02,1.10352E+00,2.92969E-02
3.6960000E-02,1.02539E+00,4.88281E-02
3.6978480E-02,1.04492E+00,6.83594E-02
3.6996960E-02,1.10352E+00,9.76562E-03
3.7015440E-02,1.10352E+00,4.88281E-02
3.7033920E-02,1.12305E+00,6.83594E-02
3.7052400E-02,1.08398E+00,2.92969E-02
3.7070880E-02,1.12305E+00,4.88281E-02
3.7089360E-02,1.16211E+00,4.88281E-02
3.7107840E-02,1.14258E+00,9.76562E-03
3.7126320E-02,1.06445E+00,4.88281E-02
3.7144800E-02,1.04492E+00,9.76562E-03
3.7163280E-02,1.10352E+00,6.83594E-02
3.7181760E-02,1.08398E+00,4.88281E-02
3.7200240E-02,1.10352E+00,2.92969E-02
3.7218720E-02,1.10352E+00,-4.88281E-02
3.7237200E-02,1.02539E+00,4.88281E-02
3.7255680E-02,1.08398E+00,-4.88281E-02
3.7274160E-02,1.06445E+00,4.88281E-02
3.7292640E-02,1.14258E+00,4.88281E-02
3.7311120E-02,1.04492E+00,4.88281E-02
3.7329600E-02,1.06445E+00,-9.76562E-03
3.7348080E-02,1.08398E+00,2.92969E-02
3.7366560E-02,1.12305E+00,-2.92969E-02
3.7385040E-02,1.10352E+00,2.92969E-02
3.7403520E-02,1.06445E+00,9.76562E-03
3.7422000E-02,1.06445E+00,4.88281E-02
3.7440480E-02,1.06445E+00,9.76562E-03
3.7458960E-02,1.04492E+00,2.92969E-02
3.7477440E-02,1.08398E+00,2.92969E-02
3.7495920E-02,1.02539E+00,6.83594E-02
3.7514400E-02,1.12305E+00,4.88281E-02
3.7532880E-02,1.12305E+00,2.92969E-02
3.7551360E-02,1.08398E+00,1.07422E-01
3.7569840E-02,1.04492E+00,6.83594E-02
3.7588320E-02,1.08398E+00,4.88281E-02
3.7606800E-02,1.08398E+00,6.83594E-02
3.7625280E-02,1.04492E+00,2.92969E-02
3.7643760E-02,1.08398E+00,9.76562E-03
3.7662240E-02,1.10352E+00,4.88281E-02
3.7680720E-02,1.08398E+00,1.07422E-01
3.7699200E-02,1.06445E+00,9.76562E-03
3.7717680E-02,1.06445E+00,9.76562E-03
3.7736160E-02,1.10352E+00,2.92969E-02
3.7754640E-02,1.12305E+00,9.76562E-03
3.7773120E-02,1.06445E+00,6.83594E-02
3.7791600E-02,1.08398E+00,6.83594E-02
3.7810080E-02,1.12305E+00,-9.76562E-03
3.7828560E-02,1.08398E+00,9.76562E-03
3.7847040E-02,1.08398E+00,9.76562E-03
3.7865520E-02,1.02539E+00,6.83594E-02
3.7884000E-02,1.08398E+00,-4.88281E-02
3.7902480E-02,1.04492E+00,1.26953E-01
3.7920960E-02,1.14258E+00,4.88281E-02
3.7939440E-02,1.02539E+00,2.92969E-02
3.7957920E-02,1.08398E+00,4.88281E-02
3.7976400E-02,1.10352E+00,2.92969E-02
3.7994880E-02,1.12305E+00,4.88281E-02
3.8013360E-02,1.06445E+00,2.92969E-02
3.8031840E-02,1.08398E+00,2.92969E-02
3.8050320E-02,1.08398E+00,9.76562E-03
3.8068800E-02,1.02539E+00,6.83594E-02
3.8087280E-02,1.06445E+00,9.76562E-03
3.8105760E-02,1.04492E+00,4.88281E-02
3.8124240E-02,1.04492E+00,2.92969E-02
3.8142720E-02,1.12305E+00,9.76562E-03
3.8161200E-02,1.10352E+00,1.07422E-01
3.8179680E-02,1.02539E+00,4.88281E-02
3.8198160E-02,1.04492E+00,4.88281E-02
3.8216640E-02,1.06445E+00,9.76562E-03
3.8235120E-02,1.08398E+00,6.83594E-02
3.8253600E-02,1.14258E+00,9.76562E-03
3.8272080E-02,1.00586E+00,9.76562E-03
3.8290560E-02,1.10352E+00,-9.76562E-03
3.8309040E-02,1.06445E+00,2.92969E-02
3.8327520E-02,1.06445E+00,-9.76562E-03
3.8346000E-02,1.04492E+00,6.83594E-02
3.8364480E-02,1.08398E+00,9.76562E-03
3.8382960E-02,1.06445E+00,9.76562E-03
3.8401440E-02,1.10352E+00,9.76562E-03
3.8419920E-02,1.10352E+00,2.92969E-02
3.8438400E-02,1.08398E+00,2.92969E-02
3.8456880E-02,1.00586E+00,2.92969E-02
3.8475360E-02,1.06445E+00,9.76562E-03
3.8493840E-02,1.00586E+00,2.92969E-02
3.8512320E-02,1.06445E+00,2.92969E-02
3.8530800E-02,1.04492E+00,9.76562E-03
3.8549280E-02,1.08398E+00,2.92969E-02
3.8567760E-02,1.00586E+00,6.83594E-02
3.8586240E-02,1.04492E+00,9.76562E-03
3.8604720E-02,1.10352E+00,1.07422E-01
3.8623200E-02,1.10352E+00,9.76562E-03
3.8641680E-02,1.06445E+00,2.92969E-02
3.8660160E-02,1.14258E+00,2.92969E-02
3.8678640E-02,1.08398E+00,6.83594E-02
3.8697120E-02,1.12305E+00,4.88281E-02
3.8715600E-02,1.06445E+00,2.92969E-02
3.8734080E-02,1.10352E+00,-4.88281E-02
3.8752560E-02,1.08398E+00,9.76562E-03
3.8771040E-02,1.06445E+00,-9.76562E-03
3.8789520E-02,1.04492E+00,4.88281E-02
3.8808000E-02,1.06445E+00,4.88281E-02
3.8826480E-02,1.06445E+00,2.92969E-02
3.8844960E-02,1.08398E+00,9.76562E-03
3.8863440E-02,1.02539E+00,6.83594E-02
3.8881920E-02,1.12305E+00,9.76562E-03
3.8900400E-02,1.02539E+00,9.76562E-03
3.8918880E-02,1.18164E+00,4.88281E-02
3.8937360E-02,1.04492E+00,6.83594E-02
3.8955840E-02,1.06445E+00,6.83594E-02
3.8974320E-02,1.06445E+00,9.76562E-03
3.8992800E-02,1.12305E+00,6.83594E-02
3.9011280E-02,1.06445E+00,2.92969E-02
3.9029760E-02,1.10352E+00,9.76562E-03
3.9048240E-02,1.06445E+00,2.92969E-02
3.9066720E-02,1.10352E+00,4.88281E-02
3.9085200E-02,1.02539E+00,6.83594E-02
3.9103680E-02,1.10352E+00,2.92969E-02
3.9122160E-02,1.04492E+00,4.88281E-02
3.9140640E-02,1.14258E+00,-9.76562E-03
3.9159120E-02,1.04492E+00,4.88281E-02
3.9177600E-02,1.12305E+00,-9.76562E-03
3.9196080E-02,1.06445E+00,6.83594E-02
3.9214560E-02,1.06445E+00,6.83594E-02
3.9233040E-02,1.00586E+00,2.92969E-02
3.9251520E-02,1.10352E+00,2.92969E-02
3.9270000E-02,1.08398E+00,2.92969E-02
3.9288480E-02,1.06445E+00,4.88281E-02
3.9306960E-02,1.04492E+00,4.88281E-02
3.9325440E-02,1.04492E+00,9.76562E-03
3.9343920E-02,1.06445E+00,6.83594E-02
3.9362400E-02,1.06445E+00,2.92969E-02
3.9380880E-02,1.08398E+00,2.92969E-02
3.9399360E-02,1.08398E+00,2.92969E-02
3.9417840E-02,1.10352E+00,4.88281E-02
3.9436320E-02,1.12305E+00,-9.76562E-03
3.9454800E-02,1.08398E+00,2.92969E-02
3.9473280E-02,1.08398E+00,2.92969E-02
3.9491760E-02,1.08398E+00,2.92969E-02
3.9510240E-02,1.06445E+00,2.92969E-02
3.9528720E-02,1.12305E+00,4.88281E-02
3.9547200E-02,1.06445E+00,9.76562E-03
3.9565680E-02,1.04492E+00,6.83594E-02
3.9584160E-02,1.06445E+00,9.76562E-03
3.9602640E-02,1.12305E+00,9.76562E-03
3.9621120E-02,1.06445E+00,2.92969E-02
3.9639600E-02,1.08398E+00,2.92969E-02
3.9658080E-02,1.10352E+00,-6.83594E-02
3.9676560E-02,1.00586E+00,6.83594E-02
3.9695040E-02,1.12305E+00,2.92969E-02
3.9713520E-02,1.06445E+00,6.83594E-02
3.9732000E-02,1.14258E+00,2.92969E-02
3.9750480E-02,1.10352E+00,4.88281E-02
3.9768960E-02,1.10352E+00,2.92969E-02
3.9787440E-02,1.10352E+00,4.88281E-02
3.9805920E-02,1.04492E+00,-9.76562E-03
3.9824400E-02,1.10352E+00,6.83594E-02
3.9842880E-02,1.10352E+00,-2.92969E-02
3.9861360E-02,1.02539E+00,2.92969E-02
3.9879840E-02,1.12305E+00,9.76562E-03
3.9898320E-02,1.04492E+00,6.83594E-02
3.9916800E-02,1.14258E+00,2.92969E-02
3.9935280E-02,1.10352E+00,8.78906E-02
3.9953760E-02,1.06445E+00,-6.83594E-02
3.9972240E-02,1.02539E+00,2.92969E-02
3.9990720E-02,1.14258E+00,6.83594E-02
4.0009200E-02,1.02539E+00,4.88281E-02
4.0027680E-02,1.10352E+00,-9.76562E-03
4.0046160E-02,1.08398E+00,-9.76562E-03
4.0064640E-02,1.06445E+00,9.76562E-03
4.0083120E-02,1.10352E+00,2.92969E-02
4.0101600E-02,1.08398E+00,9.76562E-03
4.0120080E-02,1.10352E+00,6.83594E-02
4.0138560E-02,1.02539E+00,6.83594E-02
4.0157040E-02,1.02539E+00,1.07422E-01
4.0175520E-02,1.06445E+00,6.83594E-02
4.0194000E-02,1.12305E+00,6.83594E-02
4.0212480E-02,1.06445E+00,4.88281E-02
4.0230960E-02,1.06445E+00,6.83594E-02
4.0249440E-02,1.16211E+00,9.76562E-03
4.0267920E-02,1.10352E+00,4.88281E-02
4.0286400E-02,1.06445E+00,9.76562E-03
4.0304880E-02,1.04492E+00,6.83594E-02
4.0323360E-02,1.14258E+00,-4.88281E-02
4.0341840E-02,1.04492E+00,1.26953E-01
4.0360320E-02,1.06445E+00,4.88281E-02
4.0378800E-02,1.06445E+00,9.76562E-03
4.0397280E-02,1.14258E+00,4.88281E-02
4.0415760E-02,1.10352E+00,4.88281E-02
4.0434240E-02,1.06445E+00,4.88281E-02
4.0452720E-02,1.04492E+00,2.92969E-02
4.0471200E-02,1.06445E+00,9.76562E-03
4.0489680E-02,1.14258E+00,4.88281E-02
4.0508160E-02,1.12305E+00,9.76562E-03
4.0526640E-02,1.08398E+00,4.88281E-02
4.0545120E-02,1.14258E+00,9.76562E-03
4.0563600E-02,1.12305E+00,6.83594E-02
4.0582080E-02,1.12305E+00,4.88281E-02
4.0600560E-02,1.04492E+00,2.92969E-02
4.0619040E-02,1.14258E+00,4.88281E-02
4.0637520E-02,1.00586E+00,9.76562E-03
4.0656000E-02,1.10352E+00,9.76562E-03
4.0674480E-02,1.06445E+00,4.88281E-02
4.0692960E-02,1.14258E+00,2.92969E-02
4.0711440E-02,1.02539E+00,6.83594E-02
4.0729920E-02,1.14258E+00,2.92969E-02
4.0748400E-02,1.12305E+00,4.88281E-02
4.0766880E-02,1.10352E+00,-9.76562E-03
4.0785360E-02,1.08398E+00,2.92969E-02
4.0803840E-02,1.08398E+00,2.92969E-02
4.0822320E-02,1.08398E+00,2.92969E-02
4.0840800E-02,1.10352E+00,9.76562E-03
4.0859280E-02,1.08398E+00,2.92969E-02
4.0877760E-02,1.10352E+00,9.76562E-03
4.0896240E-02,1.08398E+00,9.76562E-03
4.0914720E-02,1.12305E+00,2.92969E-02
4.0933200E-02,1.12305E+00,6.83594E-02
4.0951680E-02,1.08398E+00,9.76562E-03
4.0970160E-02,1.08398E+00,4.88281E-02
4.0988640E-02,1.06445E+00,4.88281E-02
4.1007120E-02,1.06445E+00,4.88281E-02
4.1025600E-02,1.06445E+00,4.88281E-02
4.1044080E-02,1.08398E+00,4.88281E-02
4.1062560E-02,1.06445E+00,9.76562E-03
4.1081040E-02,1.02539E+00,2.92969E-02
4.1099520E-02,1.12305E+00,4.88281E-02
4.1118000E-02,1.06445E+00,2.92969E-02
4.1136480E-02,1.14258E+00,2.92969E-02
4.1154960E-02,1.10352E+00,6.83594E-02
4.1173440E-02,1.00586E+00,9.76562E-03
4.1191920E-02,1.08398E+00,2.92969E-02
4.1210400E-02,1.14258E+00,9.76562E-03
4.1228880E-02,1.04492E+00,4.88281E-02
4.1247360E-02,1.08398E+00,6.83594E-02
4.1265840E-02,1.04492E+00,1.46484E-01
4.1284320E-02,1.06445E+00,4.88281E-02
4.1302800E-02,1.06445E+00,4.88281E-02
4.1321280E-02,1.04492E+00,4.88281E-02
4.1339760E-02,1.10352E+00,1.07422E-01
4.1358240E-02,1.10352E+00,6.83594E-02
4.1376720E-02,1.12305E+00,9.76562E-03
4.1395200E-02,1.14258E+00,4.88281E-02
4.1413680E-02,1.12305E+00,2.92969E-02
4.1432160E-02,1.12305E+00,2.92969E-02
4.1450640E-02,1.08398E+00,6.83594E-02
4.1469120E-02,1.10352E+00,9.76562E-03
4.1487600E-02,1.10352E+00,6.83594E-02
4.1506080E-02,1.06445E+00,-9.76562E-03
4.1524560E-02,1.08398E+00,4.88281E-02
4.1543040E-02,1.16211E+00,4.88281E-02
4.1561520E-02,1.12305E+00,4.88281E-02
4.1580000E-02,1.14258E+00,9.76562E-03
4.1598480E-02,1.08398E+00,6.83594E-02
4.1616960E-02,1.06445E+00,-9.76562E-03
4.1635440E-02,1.08398E+00,-2.92969E-02
4.1653920E-02,1.14258E+00,9.76562E-03
4.1672400E-02,1.08398E+00,2.92969E-02
4.1690880E-02,1.06445E+00,9.76562E-03
4.1709360E-02,1.10352E+00,9.76562E-03
4.1727840E-02,1.02539E+00,4.88281E-02
4.1746320E-02,1.04492E+00,4.88281E-02
4.1764800E-02,1.12305E+00,4.88281E-02
4.1783280E-02,1.02539E+00,2.92969E-02
4.1801760E-02,1.10352E+00,4.88281E-02
4.1820240E-02,1.06445E+00,8.78906E-02
4.1838720E-02,1.12305E+00,9.76562E-03
4.1857200E-02,1.04492E+00,2.92969E-02
4.1875680E-02,1.06445E+00,2.92969E-02
4.1894160E-02,1.02539E+00,2.92969E-02
4.1912640E-02,1.10352E+00,4.88281E-02
4.1931120E-02,1.04492E+00,2.92969E-02
4.1949600E-02,1.10352E+00,2.92969E-02
4.1968080E-02,1.08398E+00,4.88281E-02
4.1986560E-02,1.02539E+00,-4.88281E-02
4.2005040E-02,1.10352E+00,4.88281E-02
4.2023520E-02,1.06445E+00,6.83594E-02
4.2042000E-02,1.08398E+00,2.92969E-02
4.2060480E-02,1.06445E+00,9.76562E-03
4.2078960E-02,1.08398E+00,6.83594E-02
4.2097440E-02,1.12305E+00,2.92969E-02
4.2115920E-02,1.08398E+00,6.83594E-02
4.2134400E-02,1.10352E+00,9.76562E-03
4.2152880E-02,1.08398E+00,2.92969E-02
4.2171360E-02,1.08398E+00,9.76562E-03
4.2189840E-02,1.00586E+00,4.88281E-02
4.2208320E-02,1.06445E+00,1.07422E-01
4.2226800E-02,1.04492E+00,9.76562E-03
4.2245280E-02,1.12305E+00,4.88281E-02
4.2263760E-02,1.18164E+00,6.83594E-02
4.2282240E-02,1.06445E+00,-9.76562E-03
4.2300720E-02,1.06445E+00,6.83594E-02
4.2319200E-02,1.12305E+00,-9.76562E-03
4.2337680E-02,1.06445E+00,6.83594E-02
4.2356160E-02,1.14258E+00,-2.92969E-02
4.2374640E-02,1.12305E+00,2.92969E-02
4.2393120E-02,1.14258E+00,2.92969E-02
4.2411600E-02,1.06445E+00,2.92969E-02
4.2430080E-02,1.14258E+00,2.92969E-02
4.2448560E-02,1.08398E+00,6.83594E-02
4.2467040E-02,1.14258E+00,9.76562E-03
4.2485520E-02,1.10352E+00,2.92969E-02
4.2504000E-02,1.12305E+00,-4.88281E-02
4.2522480E-02,1.04492E+00,2.92969E-02
4.2540960E-02,1.10352E+00,-9.76562E-03
4.2559440E-02,1.08398E+00,-9.76562E-03
4.2577920E-02,1.12305E+00,2.92969E-02
4.2596400E-02,1.12305E+00,9.76562E-03
4.2614880E-02,1.04492E+00,4.88281E-02
4.2633360E-02,1.14258E+00,4.88281E-02
4.2651840E-02,1.08398E+00,2.92969E-02
4.2670320E-02,1.12305E+00,2.92969E-02
4.2688800E-02,1.12305E+00,9.76562E-03
4.2707280E-02,1.04492E+00,2.92969E-02
4.2725760E-02,1.14258E+00,9.76562E-03
4.2744240E-02,1.10352E+00,9.76562E-03
4.2762720E-02,1.12305E+00,4.88281E-02
4.2781200E-02,1.08398E+00,2.92969E-02
4.2799680E-02,1.08398E+00,2.92969E-02
4.2818160E-02,1.14258E+00,2.92969E-02
4.2836640E-02,1.08398E+00,4.88281E-02
4.2855120E-02,1.08398E+00,6.83594E-02
4.2873600E-02,1.06445E+00,9.76562E-03
4.2892080E-02,1.08398E+00,9.76562E-03
4.2910560E-02,1.14258E+00,-4.88281E-02
4.2929040E-02,1.12305E+00,6.83594E-02
4.2947520E-02,1.02539E+00,-9.76562E-03
4.2966000E-02,1.12305E+00,6.83594E-02
4.2984480E-02,1.10352E+00,-9.76562E-03
4.3002960E-02,1.08398E+00,9.76562E-03
4.3021440E-02,1.08398E+00,-2.92969E-02
4.3039920E-02,1.08398E+00,2.92969E-02
4.3058400E-02,1.14258E+00,2.92969E-02
4.3076880E-02,1.14258E+00,9.76562E-03
4.3095360E-02,1.10352E+00,2.92969E-02
4.3113840E-02,1.02539E+00,9.76562E-03
4.3132320E-02,1.12305E+00,9.76562E-03
4.3150800E-02,1.04492E+00,4.88281E-02
4.3169280E-02,1.14258E+00,4.88281E-02
4.3187760E-02,1.04492E+00,2.92969E-02
4.3206240E-02,1.12305E+00,-6.83594E-02
4.3224720E-02,1.12305E+00,6.83594E-02
4.3243200E-02,1.12305E+00,2.92969E-02
4.3261680E-02,1.08398E+00,2.92969E-02
4.3280160E-02,1.08398E+00,-9.76562E-03
4.3298640E-02,1.10352E+00,9.76562E-03
4.3317120E-02,1.10352E+00,4.88281E-02
4.3335600E-02,1.08398E+00,-4.88281E-02
4.3354080E-02,1.10352E+00,6.83594E-02
4.3372560E-02,1.04492E+00,2.92969E-02
4.3391040E-02,1.08398E+00,9.76562E-03
4.3409520E-02,1.10352E+00,2.92969E-02
4.3428000E-02,1.10352E+00,4.88281E-02
4.3446480E-02,1.12305E+00,2.92969E-02
4.3464960E-02,1.18164E+00,4.88281E-02
4.3483440E-02,1.08398E+00,2.92969E-02
4.3501920E-02,1.04492E+00,4.88281E-02
4.3520400E-02,1.10352E+00,4.88281E-02
4.3538880E-02,1.10352E+00,4.88281E-02
4.3557360E-02,1.08398E+00,2.92969E-02
4.3575840E-02,1.10352E+00,-2.92969E-02
4.3594320E-02,1.10352E+00,6.83594E-02
4.3612800E-02,1.14258E+00,4.88281E-02
4.3631280E-02,1.12305E+00,6.83594E-02
4.3649760E-02,1.12305E+00,2.92969E-02
4.3668240E-02,1.10352E+00,2.92969E-02
4.3686720E-02,1.12305E+00,2.92969E-02
4.3705200E-02,1.06445E+00,6.83594E-02
4.3723680E-02,1.04492E+00,-2.92969E-02
4.3742160E-02,1.10352E+00,8.78906E-02
4.3760640E-02,1.14258E+00,4.88281E-02
4.3779120E-02,1.12305E+00,4.88281E-02
4.3797600E-02,1.08398E+00,9.76562E-03
4.3816080E-02,1.12305E+00,4.88281E-02
4.3834560E-02,1.12305E+00,2.92969E-02
4.3853040E-02,1.02539E+00,6.83594E-02
4.3871520E-02,1.08398E+00,4.88281E-02
4.3890000E-02,1.12305E+00,9.76562E-03
4.3908480E-02,1.12305E+00,2.92969E-02
4.3926960E-02,1.08398E+00,-9.76562E-03
4.3945440E-02,1.14258E+00,9.76562E-03
4.3963920E-02,1.08398E+00,9.76562E-03
4.3982400E-02,1.06445E+00,6.83594E-02
4.4000880E-02,1.06445E+00,-9.76562E-03
4.4019360E-02,1.14258E+00,9.76562E-03
4.4037840E-02,1.10352E+00,2.92969E-02
4.4056320E-02,1.10352E+00,9.76562E-03
4.4074800E-02,1.12305E+00,6.83594E-02
4.4093280E-02,1.10352E+00,4.88281E-02
4.4111760E-02,1.18164E+00,2.92969E-02
4.4130240E-02,1.14258E+00,6.83594E-02
4.4148720E-02,1.02539E+00,4.88281E-02
4.4167200E-02,1.14258E+00,2.92969E-02
4.4185680E-02,1.02539E+00,9.76562E-03
4.4204160E-02,1.12305E+00,6.83594E-02
4.4222640E-02,1.08398E+00,9.76562E-03
4.4241120E-02,1.10352E+00,2.92969E-02
4.4259600E-02,1.14258E+00,9.76562E-03
4.4278080E-02,1.04492E+00,2.92969E-02
4.4296560E-02,1.06445E+00,6.83594E-02
4.4315040E-02,1.12305E+00,6.83594E-02
4.4333520E-02,1.10352E+00,9.76562E-03
4.4352000E-02,1.16211E+00,9.76562E-03
4.4370480E-02,1.08398E+00,4.88281E-02
4.4388960E-02,1.08398E+00,9.76562E-03
4.4407440E-02,1.16211E+00,6.83594E-02
4.4425920E-02,1.12305E+00,-9.76562E-03
4.4444400E-02,1.08398E+00,9.76562E-03
4.4462880E-02,1.14258E+00,9.76562E-03
4.4481360E-02,1.08398E+00,6.83594E-02
4.4499840E-02,1.10352E+00,-9.76562E-03
4.4518320E-02,1.10352E+00,6.83594E-02
4.4536800E-02,1.08398E+00,8.78906E-02
4.4555280E-02,1.10352E+00,6.83594E-02
4.4573760E-02,1.08398E+00,9.76562E-03
4.4592240E-02,1.10352E+00,2.92969E-02
4.4610720E-02,1.12305E+00,9.76562E-03
4.4629200E-02,1.06445E+00,6.83594E-02
4.4647680E-02,1.14258E+00,4.88281E-02
4.4666160E-02,1.10352E+00,2.92969E-02
4.4684640E-02,1.06445E+00,4.88281E-02
4.4703120E-02,1.10352E+00,9.76562E-03
4.4721600E-02,1.12305E+00,-2.92969E-02
4.4740080E-02,1.04492E+00,2.92969E-02
4.4758560E-02,1.12305E+00,9.76562E-03
4.4777040E-02,1.12305E+00,4.88281E-02
4.4795520E-02,1.12305E+00,9.76562E-03
4.4814000E-02,1.08398E+00,6.83594E-02
4.4832480E-02,1.08398E+00,9.76562E-03
4.4850960E-02,1.04492E+00,9.76562E-03
4.4869440E-02,1.12305E+00,2.92969E-02
4.4887920E-02,1.04492E+00,4.88281E-02
4.4906400E-02,1.14258E+00,6.83594E-02
4.4924880E-02,1.10352E+00,4.88281E-02
4.4943360E-02,1.14258E+00,6.83594E-02
4.4961840E-02,1.04492E+00,4.88281E-02
4.4980320E-02,1.14258E+00,4.88281E-02
4.4998800E-02,1.14258E+00,9.76562E-03
4.5017280E-02,1.10352E+00,-2.92969E-02
4.5035760E-02,1.04492E+00,2.92969E-02
4.5054240E-02,1.10352E+00,9.76562E-03
4.5072720E-02,1.08398E+00,1.07422E-01
4.5091200E-02,1.04492E+00,9.76562E-03
4.5109680E-02,1.14258E+00,6.83594E-02
4.5128160E-02,1.06445E+00,-4.88281E-02
4.5146640E-02,1.04492E+00,4.88281E-02
4.5165120E-02,1.14258E+00,9.76562E-03
4.5183600E-02,1.08398E+00,4.88281E-02
4.5202080E-02,1.12305E+00,4.88281E-02
4.5220560E-02,1.12305E+00,9.76562E-03
4.5239040E-02,1.02539E+00,-9.76562E-03
4.5257520E-02,1.14258E+00,6.83594E-02
4.5276000E-02,1.14258E+00,4.88281E-02
4.5294480E-02,1.14258E+00,2.92969E-02
4.5312960E-02,1.08398E+00,9.76562E-03
4.5331440E-02,1.00586E+00,4.88281E-02
4.5349920E-02,1.00586E+00,4.88281E-02
4.5368400E-02,1.06445E+00,6.83594E-02
4.5386880E-02,1.08398E+00,9.76562E-03
4.5405360E-02,1.08398E+00,4.88281E-02
4.5423840E-02,1.10352E+00,9.76562E-03
4.5442320E-02,1.12305E+00,9.76562E-03
4.5460800E-02,1.08398E+00,9.76562E-03
4.5479280E-02,1.10352E+00,6.83594E-02
4.5497760E-02,1.02539E+00,9.76562E-03
4.5516240E-02,1.12305E+00,4.88281E-02
4.5534720E-02,1.04492E+00,6.83594E-02
4.5553200E-02,1.12305E+00,4.88281E-02
4.5571680E-02,1.14258E+00,9.76562E-03
4.5590160E-02,1.14258E+00,4.88281E-02
4.5608640E-02,1.08398E+00,9.76562E-03
4.5627120E-02,1.16211E+00,6.83594E-02
4.5645600E-02,1.14258E+00,4.88281E-02
4.5664080E-02,1.04492E+00,9.76562E-03
4.5682560E-02,1.12305E+00,9.76562E-03
4.5701040E-02,1.08398E+00,6.83594E-02
4.5719520E-02,1.08398E+00,4.88281E-02
4.5738000E-02,1.04492E+00,2.92969E-02
4.5756480E-02,1.12305E+00,9.76562E-03
4.5774960E-02,1.10352E+00,9.76562E-03
4.5793440E-02,1.10352E+00,9.76562E-03
4.5811920E-02,1.08398E+00,4.88281E-02
4.5830400E-02,1.10352E+00,9.76562E-03
4.5848880E-02,1.08398E+00,4.88281E-02
4.5867360E-02,1.14258E+00,2.92969E-02
4.5885840E-02,1.12305E+00,9.76562E-03
4.5904320E-02,1.12305E+00,9.76562E-03
4.5922800E-02,1.14258E+00,2.92969E-02
4.5941280E-02,1.14258E+00,9.76562E-03
4.5959760E-02,1.14258E+00,-2.92969E-02
4.5978240E-02,1.12305E+00,2.92969E-02
4.5996720E-02,1.16211E+00,9.76562E-03
4.6015200E-02,1.16211E+00,-9.76562E-03
4.6033680E-02,1.10352E+00,4.88281E-02
4.6052160E-02,1.14258E+00,4.88281E-02
4.6070640E-02,1.02539E+00,6.83594E-02
4.6089120E-02,1.08398E+00,-9.76562E-03
4.6107600E-02,1.08398E+00,4.88281E-02
4.6126080E-02,1.10352E+00,-9.76562E-03
4.6144560E-02,1.16211E+00,-4.88281E-02
4.6163040E-02,1.12305E+00,9.76562E-03
4.6181520E-02,1.08398E+00,-2.92969E-02
4.6200000E-02,1.10352E+00,9.76562E-03
4.6218480E-02,1.10352E+00,4.88281E-02
4.6236960E-02,1.10352E+00,2.92969E-02
4.6255440E-02,1.08398E+00,2.92969E-02
4.6273920E-02,1.14258E+00,4.88281E-02
4.6292400E-02,1.14258E+00,4.88281E-02
4.6310880E-02,1.06445E+00,9.76562E-03
4.6329360E-02,1.12305E+00,4.88281E-02
4.6347840E-02,1.10352E+00,9.76562E-03
4.6366320E-02,1.10352E+00,2.92969E-02
4.6384800E-02,1.12305E+00,-9.76562E-03
4.6403280E-02,1.12305E+00,9.76562E-03
4.6421760E-02,1.10352E+00,4.88281E-02
4.6440240E-02,1.04492E+00,9.76562E-03
4.6458720E-02,1.12305E+00,9.76562E-03
4.6477200E-02,1.06445E+00,9.76562E-03
4.6495680E-02,1.02539E+00,2.92969E-02
4.6514160E-02,1.06445E+00,6.83594E-02
4.6532640E-02,1.12305E+00,4.88281E-02
4.6551120E-02,1.14258E+00,2.92969E-02
4.6569600E-02,1.08398E+00,9.76562E-03
4.6588080E-02,1.14258E+00,9.76562E-03
4.6606560E-02,1.14258E+00,9.76562E-03
4.6625040E-02,1.08398E+00,2.92969E-02
4.6643520E-02,1.10352E+00,4.88281E-02
4.6662000E-02,1.16211E+00,6.83594E-02
4.6680480E-02,1.10352E+00,6.83594E-02
4.6698960E-02,1.12305E+00,4.88281E-02
4.6717440E-02,1.22070E+00,2.92969E-02
4.6735920E-02,1.12305E+00,8.78906E-02
4.6754400E-02,1.08398E+00,4.88281E-02
4.6772880E-02,1.06445E+00,2.92969E-02
4.6791360E-02,1.10352E+00,4.88281E-02
4.6809840E-02,1.04492E+00,6.83594E-02
4.6828320E-02,1.12305E+00,2.92969E-02
4.6846800E-02,1.10352E+00,2.92969E-02
4.6865280E-02,1.12305E+00,1.07422E-01
4.6883760E-02,1.10352E+00,4.88281E-02
4.6902240E-02,1.02539E+00,4.88281E-02
4.6920720E-02,1.10352E+00,6.83594E-02
4.6939200E-02,1.08398E+00,2.92969E-02
4.6957680E-02,1.14258E+00,2.92969E-02
4.6976160E-02,1.08398E+00,9.76562E-03
4.6994640E-02,1.08398E+00,4.88281E-02
4.7013120E-02,1.16211E+00,4.88281E-02
4.7031600E-02,1.04492E+00,9.76562E-03
4.7050080E-02,1.14258E+00,9.76562E-03
4.7068560E-02,1.08398E+00,6.83594E-02
4.7087040E-02,1.10352E+00,4.88281E-02
4.7105520E-02,1.10352E+00,2.92969E-02
4.7124000E-02,1.04492E+00,9.76562E-03
4.7142480E-02,1.12305E+00,4.88281E-02
4.7160960E-02,1.12305E+00,9.76562E-03
4.7179440E-02,1.12305E+00,-2.92969E-02
4.7197920E-02,1.14258E+00,4.88281E-02
4.7216400E-02,1.06445E+00,9.76562E-03
4.7234880E-02,1.10352E+00,2.92969E-02
4.7253360E-02,1.12305E+00,-9.76562E-03
4.7271840E-02,1.14258E+00,6.83594E-02
4.7290320E-02,1.18164E+00,4.88281E-02
4.7308800E-02,1.14258E+00,4.88281E-02
4.7327280E-02,1.08398E+00,4.88281E-02
4.7345760E-02,1.12305E+00,-4.88281E-02
4.7364240E-02,1.12305E+00,-9.76562E-03
4.7382720E-02,1.14258E+00,6.83594E-02
4.7401200E-02,1.08398E+00,1.26953E-01
4.7419680E-02,1.16211E+00,2.92969E-02
4.7438160E-02,1.12305E+00,6.83594E-02
4.7456640E-02,1.08398E+00,9.76562E-03
4.7475120E-02,1.06445E+00,4.88281E-02
4.7493600E-02,1.08398E+00,2.92969E-02
4.7512080E-02,1.12305E+00,4.88281E-02
4.7530560E-02,1.12305E+00,6.83594E-02
4.7549040E-02,1.08398E+00,6.83594E-02
4.7567520E-02,1.18164E+00,4.88281E-02
4.7586000E-02,1.14258E+00,6.83594E-02
4.7604480E-02,1.04492E+00,2.92969E-02
4.7622960E-02,1.10352E+00,6.83594E-02
4.7641440E-02,1.16211E+00,2.92969E-02
4.7659920E-02,1.08398E+00,9.76562E-03
4.7678400E-02,1.14258E+00,2.92969E-02
4.7696880E-02,1.06445E+00,2.92969E-02
4.7715360E-02,1.10352E+00,-9.76562E-03
4.7733840E-02,1.16211E+00,-2.92969E-02
4.7752320E-02,1.12305E+00,4.88281E-02
4.7770800E-02,1.10352E+00,9.76562E-03
4.7789280E-02,1.14258E+00,-9.76562E-03
4.7807760E-02,1.12305E+00,4.88281E-02
4.7826240E-02,1.12305E+00,9.76562E-03
4.7844720E-02,1.04492E+00,4.88281E-02
4.7863200E-02,1.16211E+00,-9.76562E-03
4.7881680E-02,1.08398E+00,9.76562E-03
4.7900160E-02,1.06445E+00,-9.76562E-03
4.7918640E-02,1.08398E+00,4.88281E-02
4.7937120E-02,1.12305E+00,4.88281E-02
4.7955600E-02,1.10352E+00,6.83594E-02
4.7974080E-02,1.14258E+00,2.92969E-02
4.7992560E-02,1.08398E+00,4.88281E-02
4.8011040E-02,1.14258E+00,2.92969E-02
4.8029520E-02,1.06445E+00,9.76562E-03
4.8048000E-02,1.14258E+00,4.88281E-02
4.8066480E-02,1.10352E+00,6.83594E-02
4.8084960E-02,1.14258E+00,9.76562E-03
4.8103440E-02,1.16211E+00,4.88281E-02
4.8121920E-02,1.18164E+00,2.92969E-02
4.8140400E-02,1.10352E+00,9.76562E-03
4.8158880E-02,1.14258E+00,2.92969E-02
4.8177360E-02,1.14258E+00,9.76562E-03
4.8195840E-02,1.14258E+00,9.76562E-03
4.8214320E-02,1.10352E+00,2.92969E-02
4.8232800E-02,1.18164E+00,-2.92969E-02
4.8251280E-02,1.20117E+00,9.76562E-03
4.8269760E-02,1.12305E+00,9.76562E-03
4.8288240E-02,1.14258E+00,4.88281E-02
4.8306720E-02,1.14258E+00,4.88281E-02
4.8325200E-02,1.08398E+00,6.83594E-02
4.8343680E-02,1.10352E+00,6.83594E-02
4.8362160E-02,1.06445E+00,9.76562E-03
4.8380640E-02,1.10352E+00,9.76562E-03
4.8399120E-02,1.12305E+00,9.76562E-03
4.8417600E-02,1.08398E+00,9.76562E-03
4.8436080E-02,1.10352E+00,6.83594E-02
4.8454560E-02,1.10352E+00,2.92969E-02
4.8473040E-02,1.06445E+00,9.76562E-03
4.8491520E-02,1.08398E+00,9.76562E-03
4.8510000E-02,1.12305E+00,8.78906E-02
4.8528480E-02,1.12305E+00,6.83594E-02
4.8546960E-02,1.06445E+00,4.88281E-02
4.8565440E-02,1.20117E+00,2.92969E-02
4.8583920E-02,1.06445E+00,8.78906E-02
4.8602400E-02,1.14258E+00,4.88281E-02
4.8620880E-02,1.10352E+00,9.76562E-03
4.8639360E-02,1.14258E+00,-2.92969E-02
4.8657840E-02,1.14258E+00,4.88281E-02
4.8676320E-02,1.08398E+00,9.76562E-03
4.8694800E-02,1.08398E+00,9.76562E-03
4.8713280E-02,1.06445E+00,4.88281E-02
4.8731760E-02,1.12305E+00,2.92969E-02
4.8750240E-02,1.12305E+00,2.92969E-02
4.8768720E-02,1.06445E+00,2.92969E-02
4.8787200E-02,1.10352E+00,2.92969E-02
4.8805680E-02,1.08398E+00,6.83594E-02
4.8824160E-02,1.20117E+00,-9.76562E-03
4.8842640E-02,1.12305E+00,6.83594E-02
4.8861120E-02,1.10352E+00,9.76562E-03
4.8879600E-02,1.10352E+00,4.88281E-02
4.8898080E-02,1.14258E+00,4.88281E-02
4.8916560E-02,1.12305E+00,8.78906E-02
4.8935040E-02,1.20117E+00,2.92969E-02
4.8953520E-02,1.08398E+00,-6.83594E-02
4.8972000E-02,1.14258E+00,4.88281E-02
4.8990480E-02,1.12305E+00,2.92969E-02
4.9008960E-02,1.10352E+00,-2.92969E-02
4.9027440E-02,1.12305E+00,4.88281E-02
4.9045920E-02,1.06445E+00,4.88281E-02
4.9064400E-02,1.10352E+00,6.83594E-02
4.9082880E-02,1.06445E+00,4.88281E-02
4.9101360E-02,1.14258E+00,6.83594E-02
4.9119840E-02,1.12305E+00,9.76562E-03
4.9138320E-02,1.04492E+00,2.92969E-02
4.9156800E-02,1.12305E+00,4.88281E-02
4.9175280E-02,1.08398E+00,9.76562E-03
4.9193760E-02,1.08398E+00,2.92969E-02
4.9212240E-02,1.14258E+00,4.88281E-02
4.9230720E-02,1.06445E+00,9.76562E-03
4.9249200E-02,1.10352E+00,2.92969E-02
4.9267680E-02,1.10352E+00,9.76562E-03
4.9286160E-02,1.08398E+00,4.88281E-02
4.9304640E-02,1.10352E+00,2.92969E-02
4.9323120E-02,1.08398E+00,6.83594E-02
4.9341600E-02,1.10352E+00,2.92969E-02
4.9360080E-02,1.14258E+00,2.92969E-02
4.9378560E-02,1.16211E+00,9.76562E-03
4.9397040E-02,1.12305E+00,9.76562E-03
4.9415520E-02,1.12305E+00,9.76562E-03
4.9434000E-02,1.10352E+00,9.76562E-03
4.9452480E-02,1.14258E+00,2.92969E-02
4.9470960E-02,1.14258E+00,2.92969E-02
4.9489440E-02,1.14258E+00,9.76562E-03
4.9507920E-02,1.08398E+00,4.88281E-02
4.9526400E-02,1.12305E+00,6.83594E-02
4.9544880E-02,1.04492E+00,9.76562E-03
4.9563360E-02,1.16211E+00,4.88281E-02
4.9581840E-02,1.14258E+00,2.92969E-02
4.9600320E-02,1.14258E+00,2.92969E-02
4.9618800E-02,1.10352E+00,2.92969E-02
4.9637280E-02,1.14258E+00,9.76562E-03
4.9655760E-02,1.08398E+00,2.92969E-02
4.9674240E-02,1.10352E+00,-4.88281E-02
4.9692720E-02,1.08398E+00,8.78906E-02
4.9711200E-02,1.14258E+00,9.76562E-03
4.9729680E-02,1.10352E+00,6.83594E-02
4.9748160E-02,1.14258E+00,2.92969E-02
4.9766640E-02,1.14258E+00,6.83594E-02
4.9785120E-02,1.22070E+00,2.92969E-02
4.9803600E-02,1.08398E+00,4.88281E-02
4.9822080E-02,1.10352E+00,9.76562E-03
4.9840560E-02,1.10352E+00,4.88281E-02
4.9859040E-02,1.12305E+00,4.88281E-02
4.9877520E-02,1.06445E+00,6.83594E-02
4.9896000E-02,1.14258E+00,9.76562E-03
4.9914480E-02,1.10352E+00,-9.76562E-03
4.9932960E-02,1.08398E+00,-9.76562E-03
4.9951440E-02,1.02539E+00,4.88281E-02
4.9969920E-02,1.18164E+00,-2.92969E-02
4.9988400E-02,1.06445E+00,2.92969E-02
5.0006880E-02,1.10352E+00,9.76562E-03
5.0025360E-02,1.10352E+00,6.83594E-02
5.0043840E-02,1.12305E+00,2.92969E-02
5.0062320E-02,1.14258E+00,8.78906E-02
5.0080800E-02,1.12305E+00,-9.76562E-03
5.0099280E-02,1.16211E+00,6.83594E-02
5.0117760E-02,1.10352E+00,4.88281E-02
5.0136240E-02,1.18164E+00,6.83594E-02
5.0154720E-02,1.14258E+00,9.76562E-03
5.0173200E-02,1.14258E+00,4.88281E-02
5.0191680E-02,1.18164E+00,2.92969E-02
5.0210160E-02,1.08398E+00,4.88281E-02
5.0228640E-02,1.14258E+00,-9.76562E-03
5.0247120E-02,1.12305E+00,8.78906E-02
5.0265600E-02,1.12305E+00,9.76562E-03
5.0284080E-02,1.16211E+00,2.92969E-02
5.0302560E-02,1.14258E+00,2.92969E-02
5.0321040E-02,1.10352E+00,4.88281E-02
5.0339520E-02,1.16211E+00,2.92969E-02
5.0358000E-02,1.12305E+00,4.88281E-02
5.0376480E-02,1.16211E+00,2.92969E-02
5.0394960E-02,1.10352E+00,4.88281E-02
5.0413440E-02,1.12305E+00,9.76562E-03
5.0431920E-02,1.08398E+00,6.83594E-02
5.0450400E-02,1.12305E+00,9.76562E-03
5.0468880E-02,1.16211E+00,4.88281E-02
5.0487360E-02,1.12305E+00,4.88281E-02
5.0505840E-02,1.16211E+00,-2.92969E-02
5.0524320E-02,1.06445E+00,4.88281E-02
5.0542800E-02,1.08398E+00,4.88281E-02
5.0561280E-02,1.20117E+00,9.76562E-03
5.0579760E-02,1.10352E+00,4.88281E-02
5.0598240E-02,1.22070E+00,4.88281E-02
5.0616720E-02,1.16211E+00,9.76562E-03
5.0635200E-02,1.14258E+00,9.76562E-03
5.0653680E-02,1.08398E+00,2.92969E-02
5.0672160E-02,1.18164E+00,-9.76562E-03
5.0690640E-02,1.20117E+00,-9.76562E-03
5.0709120E-02,1.14258E+00,6.83594E-02
5.0727600E-02,1.18164E+00,2.92969E-02
5.0746080E-02,1.16211E+00,9.76562E-03
5.0764560E-02,1.08398E+00,2.92969E-02
5.0783040E-02,1.14258E+00,6.83594E-02
5.0801520E-02,1.14258E+00,2.92969E-02
5.0820000E-02,1.14258E+00,9.76562E-03
5.0838480E-02,1.16211E+00,4.88281E-02
5.0856960E-02,1.16211E+00,2.92969E-02
5.0875440E-02,1.04492E+00,4.88281E-02
5.0893920E-02,1.14258E+00,9.76562E-03
5.0912400E-02,1.04492E+00,6.83594E-02
5.0930880E-02,1.14258E+00,6.83594E-02
5.0949360E-02,1.16211E+00,9.76562E-03
5.0967840E-02,1.22070E+00,9.76562E-03
5.0986320E-02,1.08398E+00,2.92969E-02
5.1004800E-02,1.14258E+00,2.92969E-02
5.1023280E-02,1.16211E+00,6.83594E-02
5.1041760E-02,1.10352E+00,2.92969E-02
5.1060240E-02,1.10352E+00,9.76562E-03
5.1078720E-02,1.08398E+00,2.92969E-02
5.1097200E-02,1.12305E+00,2.92969E-02
5.1115680E-02,1.14258E+00,4.88281E-02
5.1134160E-02,1.08398E+00,2.92969E-02
5.1152640E-02,1.14258E+00,9.76562E-03
5.1171120E-02,1.10352E+00,4.88281E-02
5.1189600E-02,1.14258E+00,9.76562E-03
5.1208080E-02,1.08398E+00,4.88281E-02
5.1226560E-02,1.20117E+00,6.83594E-02
5.1245040E-02,1.08398E+00,4.88281E-02
5.1263520E-02,1.08398E+00,9.76562E-03
5.1282000E-02,1.10352E+00,1.07422E-01
5.1300480E-02,1.10352E+00,9.76562E-03
5.1318960E-02,1.14258E+00,6.83594E-02
5.1337440E-02,1.10352E+00,8.78906E-02
5.1355920E-02,1.12305E+00,2.92969E-02
5.1374400E-02,1.10352E+00,2.92969E-02
5.1392880E-02,1.20117E+00,8.78906E-02
5.1411360E-02,1.16211E+00,4.88281E-02
5.1429840E-02,1.10352E+00,6.83594E-02
5.1448320E-02,1.18164E+00,2.92969E-02
5.1466800E-02,1.10352E+00,6.83594E-02
5.1485280E-02,1.14258E+00,2.92969E-02
5.1503760E-02,1.16211E+00,2.92969E-02
5.1522240E-02,1.14258E+00,9.76562E-03
5.1540720E-02,1.12305E+00,9.76562E-03
5.1559200E-02,1.10352E+00,-9.76562E-03
5.1577680E-02,1.06445E+00,-9.76562E-03
5.1596160E-02,1.18164E+00,4.88281E-02
5.1614640E-02,1.12305E+00,6.83594E-02
5.1633120E-02,1.14258E+00,-9.76562E-03
5.1651600E-02,1.10352E+00,6.83594E-02
5.1670080E-02,1.14258E+00,9.76562E-03
5.1688560E-02,1.14258E+00,6.83594E-02
5.1707040E-02,1.10352E+00,9.76562E-03
5.1725520E-02,1.18164E+00,2.92969E-02
5.1744000E-02,1.20117E+00,2.92969E-02
5.1762480E-02,1.16211E+00,6.83594E-02
5.1780960E-02,1.14258E+00,2.92969E-02
5.1799440E-02,1.12305E+00,8.78906E-02
5.1817920E-02,1.16211E+00,4.88281E-02
5.1836400E-02,1.20117E+00,4.88281E-02
5.1854880E-02,1.14258E+00,9.76562E-03
5.1873360E-02,1.10352E+00,4.88281E-02
5.1891840E-02,1.20117E+00,2.92969E-02
5.1910320E-02,1.06445E+00,4.88281E-02
5.1928800E-02,1.16211E+00,4.88281E-02
5.1947280E-02,1.14258E+00,2.92969E-02
5.1965760E-02,1.14258E+00,9.76562E-03
5.1984240E-02,1.08398E+00,8.78906E-02
5.2002720E-02,1.14258E+00,9.76562E-03
5.2021200E-02,1.14258E+00,9.76562E-03
5.2039680E-02,1.20117E+00,4.88281E-02
5.2058160E-02,1.16211E+00,9.76562E-03
5.2076640E-02,1.12305E+00,9.76562E-03
5.2095120E-02,1.14258E+00,9.76562E-03
5.2113600E-02,1.20117E+00,6.83594E-02
5.2132080E-02,1.12305E+00,2.92969E-02
5.2150560E-02,1.12305E+00,9.76562E-03
5.2169040E-02,1.08398E+00,1.07422E-01
5.2187520E-02,1.08398E+00,4.88281E-02
5.2206000E-02,1.18164E+00,4.88281E-02
5.2224480E-02,1.08398E+00,9.76562E-03
5.2242960E-02,1.16211E+00,-2.92969E-02
5.2261440E-02,1.14258E+00,-2.92969E-02
5.2279920E-02,1.10352E+00,9.76562E-03
5.2298400E-02,1.12305E+00,-9.76562E-03
5.2316880E-02,1.20117E+00,4.88281E-02
5.2335360E-02,1.18164E+00,-9.76562E-03
5.2353840E-02,1.16211E+00,6.83594E-02
5.2372320E-02,1.14258E+00,9.76562E-03
5.2390800E-02,1.16211E+00,1.07422E-01
5.2409280E-02,1.16211E+00,9.76562E-03
5.2427760E-02,1.16211E+00,2.92969E-02
5.2446240E-02,1.14258E+00,-9.76562E-03
5.2464720E-02,1.12305E+00,6.83594E-02
5.2483200E-02,1.14258E+00,2.92969E-02
5.2501680E-02,1.14258E+00,9.76562E-03
5.2520160E-02,1.10352E+00,4.88281E-02
5.2538640E-02,1.14258E+00,6.83594E-02
5.2557120E-02,1.14258E+00,6.83594E-02
5.2575600E-02,1.08398E+00,9.76562E-03
5.2594080E-02,1.14258E+00,2.92969E-02
5.2612560E-02,1.16211E+00,2.92969E-02
5.2631040E-02,1.04492E+00,6.83594E-02
5.2649520E-02,1.16211E+00,1.26953E-01
5.2668000E-02,1.16211E+00,2.92969E-02
5.2686480E-02,1.12305E+00,-9.76562E-03
5.2704960E-02,1.14258E+00,4.88281E-02
5.2723440E-02,1.10352E+00,2.92969E-02
5.2741920E-02,1.14258E+00,-2.92969E-02
5.2760400E-02,1.14258E+00,4.88281E-02
5.2778880E-02,1.14258E+00,2.92969E-02
5.2797360E-02,1.08398E+00,6.83594E-02
5.2815840E-02,1.18164E+00,2.92969E-02
5.2834320E-02,1.08398E+00,8.78906E-02
5.2852800E-02,1.14258E+00,-9.76562E-03
5.2871280E-02,1.12305E+00,4.88281E-02
5.2889760E-02,1.10352E+00,4.88281E-02
5.2908240E-02,1.16211E+00,6.83594E-02
5.2926720E-02,1.14258E+00,4.88281E-02
5.2945200E-02,1.18164E+00,2.92969E-02
5.2963680E-02,1.10352E+00,2.92969E-02
5.2982160E-02,1.10352E+00,4.88281E-02
5.3000640E-02,1.20117E+00,-2.92969E-02
5.3019120E-02,1.10352E+00,6.83594E-02
5.3037600E-02,1.18164E+00,2.92969E-02
5.3056080E-02,1.08398E+00,2.92969E-02
5.3074560E-02,1.10352E+00,-2.92969E-02
5.3093040E-02,1.06445E+00,2.92969E-02
5.3111520E-02,1.24023E+00,9.76562E-03
5.3130000E-02,1.16211E+00,4.88281E-02
5.3148480E-02,1.20117E+00,9.76562E-03
5.3166960E-02,1.14258E+00,4.88281E-02
5.3185440E-02,1.14258E+00,9.76562E-03
5.3203920E-02,1.14258E+00,6.83594E-02
5.3222400E-02,1.18164E+00,9.76562E-03
5.3240880E-02,1.16211E+00,9.76562E-03
5.3259360E-02,1.18164E+00,4.88281E-02
5.3277840E-02,1.16211E+00,1.07422E-01
5.3296320E-02,1.18164E+00,9.76562E-03
5.3314800E-02,1.18164E+00,2.92969E-02
5.3333280E-02,1.20117E+00,9.76562E-03
5.3351760E-02,1.16211E+00,4.88281E-02
5.3370240E-02,1.18164E+00,9.76562E-03
5.3388720E-02,1.14258E+00,4.88281E-02
5.3407200E-02,1.16211E+00,-9.76562E-03
5.3425680E-02,1.12305E+00,2.92969E-02
5.3444160E-02,1.14258E+00,9.76562E-03
5.3462640E-02,1.14258E+00,4.88281E-02
5.3481120E-02,1.18164E+00,2.92969E-02
5.3499600E-02,1.12305E+00,8.78906E-02
5.3518080E-02,1.18164E+00,-9.76562E-03
5.3536560E-02,1.12305E+00,4.88281E-02
5.3555040E-02,1.20117E+00,-2.92969E-02
5.3573520E-02,1.12305E+00,2.92969E-02
5.3592000E-02,1.08398E+00,9.76562E-03
5.3610480E-02,1.16211E+00,-9.76562E-03
5.3628960E-02,1.12305E+00,9.76562E-03
5.3647440E-02,1.16211E+00,2.92969E-02
5.3665920E-02,1.12305E+00,-9.76562E-03
5.3684400E-02,1.18164E+00,4.88281E-02
5.3702880E-02,1.08398E+00,-9.76562E-03
5.3721360E-02,1.16211E+00,4.88281E-02
5.3739840E-02,1.12305E+00,4.88281E-02
5.3758320E-02,1.16211E+00,2.92969E-02
5.3776800E-02,1.14258E+00,9.76562E-03
5.3795280E-02,1.16211E+00,2.92969E-02
5.3813760E-02,1.14258E+00,9.76562E-03
5.3832240E-02,1.12305E+00,6.83594E-02
5.3850720E-02,1.14258E+00,2.92969E-02
5.3869200E-02,1.14258E+00,-9.76562E-03
5.3887680E-02,1.08398E+00,6.83594E-02
5.3906160E-02,1.18164E+00,4.88281E-02
5.3924640E-02,1.18164E+00,2.92969E-02
5.3943120E-02,1.08398E+00,4.88281E-02
5.3961600E-02,1.20117E+00,2.92969E-02
5.3980080E-02,1.16211E+00,4.88281E-02
5.3998560E-02,1.22070E+00,9.76562E-03
5.4017040E-02,1.16211E+00,9.76562E-03
5.4035520E-02,1.16211E+00,9.76562E-03
5.4054000E-02,1.14258E+00,4.88281E-02
5.4072480E-02,1.14258E+00,9.76562E-03
5.4090960E-02,1.18164E+00,2.92969E-02
5.4109440E-02,1.18164E+00,2.92969E-02
5.4127920E-02,1.18164E+00,9.76562E-03
5.4146400E-02,1.10352E+00,9.76562E-03
5.4164880E-02,1.12305E+00,1.07422E-01
5.4183360E-02,1.14258E+00,9.76562E-03
5.4201840E-02,1.18164E+00,1.07422E-01
5.4220320E-02,1.14258E+00,-2.92969E-02
5.4238800E-02,1.10352E+00,9.76562E-03
5.4257280E-02,1.14258E+00,4.88281E-02
5.4275760E-02,1.12305E+00,4.88281E-02
5.4294240E-02,1.14258E+00,-9.76562E-03
5.4312720E-02,1.18164E+00,6.83594E-02
5.4331200E-02,1.18164E+00,1.07422E-01
5.4349680E-02,1.10352E+00,1.26953E-01
5.4368160E-02,1.14258E+00,9.76562E-03
5.4386640E-02,1.14258E+00,9.76562E-03
5.4405120E-02,1.10352E+00,4.88281E-02
5.4423600E-02,1.08398E+00,4.88281E-02
5.4442080E-02,1.14258E+00,2.92969E-02
5.4460560E-02,1.18164E+00,6.83594E-02
5.4479040E-02,1.20117E+00,9.76562E-03
5.4497520E-02,1.16211E+00,2.92969E-02
5.4516000E-02,1.10352E+00,2.92969E-02
5.4534480E-02,1.18164E+00,4.88281E-02
5.4552960E-02,1.14258E+00,-9.76562E-03
5.4571440E-02,1.12305E+00,4.88281E-02
5.4589920E-02,1.10352E+00,9.76562E-03
5.4608400E-02,1.10352E+00,4.88281E-02
5.4626880E-02,1.08398E+00,-9.76562E-03
5.4645360E-02,1.12305E+00,9.76562E-03
5.4663840E-02,1.18164E+00,-9.76562E-03
5.4682320E-02,1.12305E+00,4.88281E-02
5.4700800E-02,1.12305E+00,-9.76562E-03
5.4719280E-02,1.10352E+00,4.88281E-02
5.4737760E-02,1.14258E+00,8.78906E-02
5.4756240E-02,1.14258E+00,8.78906E-02
5.4774720E-02,1.14258E+00,9.76562E-03
5.4793200E-02,1.16211E+00,2.92969E-02
5.4811680E-02,1.10352E+00,2.92969E-02
5.4830160E-02,1.14258E+00,2.92969E-02
5.4848640E-02,1.18164E+00,-9.76562E-03
5.4867120E-02,1.16211E+00,1.07422E-01
5.4885600E-02,1.16211E+00,9.76562E-03
5.4904080E-02,1.12305E+00,9.76562E-03
5.4922560E-02,1.24023E+00,9.76562E-03
5.4941040E-02,1.12305E+00,6.83594E-02
5.4959520E-02,1.12305E+00,9.76562E-03
5.4978000E-02,1.10352E+00,6.83594E-02
5.4996480E-02,1.14258E+00,4.88281E-02
5.5014960E-02,1.14258E+00,2.92969E-02
5.5033440E-02,1.16211E+00,-9.76562E-03
5.5051920E-02,1.10352E+00,6.83594E-02
5.5070400E-02,1.18164E+00,4.88281E-02
5.5088880E-02,1.10352E+00,4.88281E-02
5.5107360E-02,1.20117E+00,4.88281E-02
5.5125840E-02,1.16211E+00,9.76562E-03
5.5144320E-02,1.22070E+00,-9.76562E-03
5.5162800E-02,1.14258E+00,6.83594E-02
5.5181280E-02,1.14258E+00,6.83594E-02
5.5199760E-02,1.18164E+00,2.92969E-02
5.5218240E-02,1.16211E+00,-9.76562E-03
5.5236720E-02,1.14258E+00,4.88281E-02
5.5255200E-02,1.20117E+00,9.76562E-03
5.5273680E-02,1.20117E+00,6.83594E-02
5.5292160E-02,1.10352E+00,-9.76562E-03
5.5310640E-02,1.12305E+00,2.92969E-02
5.5329120E-02,1.16211E+00,6.83594E-02
5.5347600E-02,1.14258E+00,9.76562E-03
5.5366080E-02,1.14258E+00,4.88281E-02
5.5384560E-02,1.16211E+00,4.88281E-02
5.5403040E-02,1.16211E+00,9.76562E-03
5.5421520E-02,1.18164E+00,6.83594E-02
5.5440000E-02,1.14258E+00,4.88281E-02
5.5458480E-02,1.04492E+00,6.83594E-02
5.5476960E-02,1.10352E+00,6.83594E-02
5.5495440E-02,1.10352E+00,6.83594E-02
5.5513920E-02,1.14258E+00,2.92969E-02
5.5532400E-02,1.18164E+00,2.92969E-02
5.5550880E-02,1.14258E+00,8.78906E-02
5.5569360E-02,1.18164E+00,9.76562E-03
5.5587840E-02,1.06445E+00,4.88281E-02
5.5606320E-02,1.18164E+00,6.83594E-02
5.5624800E-02,1.14258E+00,6.83594E-02
5.5643280E-02,1.18164E+00,2.92969E-02
5.5661760E-02,1.14258E+00,9.76562E-03
5.5680240E-02,1.16211E+00,2.92969E-02
5.5698720E-02,1.18164E+00,2.92969E-02
5.5717200E-02,1.10352E+00,4.88281E-02
5.5735680E-02,1.14258E+00,9.76562E-03
5.5754160E-02,1.18164E+00,6.83594E-02
5.5772640E-02,1.16211E+00,9.76562E-03
5.5791120E-02,1.16211E+00,9.76562E-03
5.5809600E-02,1.14258E+00,6.83594E-02
5.5828080E-02,1.10352E+00,4.88281E-02
5.5846560E-02,1.08398E+00,-9.76562E-03
5.5865040E-02,1.16211E+00,4.88281E-02
5.5883520E-02,1.14258E+00,2.92969E-02
5.5902000E-02,1.08398E+00,6.83594E-02
5.5920480E-02,1.10352E+00,-4.88281E-02
5.5938960E-02,1.16211E+00,9.76562E-03
5.5957440E-02,1.12305E+00,2.92969E-02
5.5975920E-02,1.14258E+00,8.78906E-02
5.5994400E-02,1.14258E+00,9.76562E-03
5.6012880E-02,1.16211E+00,4.88281E-02
5.6031360E-02,1.12305E+00,2.92969E-02
5.6049840E-02,1.12305E+00,8.78906E-02
5.6068320E-02,1.14258E+00,4.88281E-02
5.6086800E-02,1.14258E+00,2.92969E-02
5.6105280E-02,1.16211E+00,2.92969E-02
5.6123760E-02,1.10352E+00,4.88281E-02
5.6142240E-02,1.16211E+00,9.76562E-03
5.6160720E-02,1.12305E+00,4.88281E-02
5.6179200E-02,1.20117E+00,-2.92969E-02
5.6197680E-02,1.16211E+00,2.92969E-02
5.6216160E-02,1.10352E+00,9.76562E-03
5.6234640E-02,1.16211E+00,4.88281E-02
5.6253120E-02,1.12305E+00,2.92969E-02
5.6271600E-02,1.14258E+00,4.88281E-02
5.6290080E-02,1.14258E+00,2.92969E-02
5.6308560E-02,1.06445E+00,4.88281E-02
5.6327040E-02,1.18164E+00,2.92969E-02
5.6345520E-02,1.14258E+00,9.76562E-03
5.6364000E-02,1.14258E+00,-9.76562E-03
5.6382480E-02,1.08398E+00,9.76562E-03
5.6400960E-02,1.14258E+00,-2.92969E-02
5.6419440E-02,1.16211E+00,6.83594E-02
5.6437920E-02,1.16211E+00,2.92969E-02
5.6456400E-02,1.12305E+00,6.83594E-02
5.6474880E-02,1.18164E+00,6.83594E-02
5.6493360E-02,1.10352E+00,9.76562E-03
5.6511840E-02,1.14258E+00,9.76562E-03
5.6530320E-02,1.08398E+00,9.76562E-03
5.6548800E-02,1.25977E+00,4.88281E-02
5.6567280E-02,1.16211E+00,4.88281E-02
5.6585760E-02,1.12305E+00,2.92969E-02
5.6604240E-02,1.16211E+00,-2.92969E-02
5.6622720E-02,1.14258E+00,6.83594E-02
5.6641200E-02,1.16211E+00,6.83594E-02
5.6659680E-02,1.14258E+00,9.76562E-03
5.6678160E-02,1.18164E+00,4.88281E-02
5.6696640E-02,1.14258E+00,2.92969E-02
5.6715120E-02,1.08398E+00,6.83594E-02
5.6733600E-02,1.12305E+00,6.83594E-02
5.6752080E-02,1.16211E+00,4.88281E-02
5.6770560E-02,1.10352E+00,2.92969E-02
5.6789040E-02,1.12305E+00,4.88281E-02
5.6807520E-02,1.12305E+00,4.88281E-02
5.6826000E-02,1.16211E+00,6.83594E-02
5.6844480E-02,1.16211E+00,9.76562E-03
5.6862960E-02,1.08398E+00,2.92969E-02
5.6881440E-02,1.16211E+00,4.88281E-02
5.6899920E-02,1.20117E+00,9.76562E-03
5.6918400E-02,1.12305E+00,2.92969E-02
5.6936880E-02,1.08398E+00,4.88281E-02
5.6955360E-02,1.18164E+00,9.76562E-03
5.6973840E-02,1.20117E+00,6.83594E-02
5.6992320E-02,1.22070E+00,4.88281E-02
5.7010800E-02,1.14258E+00,2.92969E-02
5.7029280E-02,1.22070E+00,9.76562E-03
5.7047760E-02,1.12305E+00,6.83594E-02
5.7066240E-02,1.14258E+00,4.88281E-02
5.7084720E-02,1.18164E+00,9.76562E-03
5.7103200E-02,1.08398E+00,2.92969E-02
5.7121680E-02,1.14258E+00,6.83594E-02
5.7140160E-02,1.18164E+00,6.83594E-02
5.7158640E-02,1.14258E+00,9.76562E-03
5.7177120E-02,1.14258E+00,4.88281E-02
5.7195600E-02,1.12305E+00,8.78906E-02
5.7214080E-02,1.14258E+00,4.88281E-02
5.7232560E-02,1.14258E+00,2.92969E-02
5.7251040E-02,1.16211E+00,4.88281E-02
5.7269520E-02,1.14258E+00,4.88281E-02
5.7288000E-02,1.14258E+00,4.88281E-02
5.7306480E-02,1.20117E+00,2.92969E-02
5.7324960E-02,1.20117E+00,2.92969E-02
5.7343440E-02,1.14258E+00,2.92969E-02
5.7361920E-02,1.14258E+00,9.76562E-03
5.7380400E-02,1.08398E+00,4.88281E-02
5.7398880E-02,1.14258E+00,-2.92969E-02
5.7417360E-02,1.22070E+00,6.83594E-02
5.7435840E-02,1.22070E+00,2.92969E-02
5.7454320E-02,1.16211E+00,9.76562E-03
5.7472800E-02,1.14258E+00,9.76562E-03
5.7491280E-02,1.16211E+00,8.78906E-02
5.7509760E-02,1.20117E+00,9.76562E-03
5.7528240E-02,1.16211E+00,6.83594E-02
5.7546720E-02,1.14258E+00,2.92969E-02
5.7565200E-02,1.14258E+00,6.83594E-02
5.7583680E-02,1.14258E+00,-9.76562E-03
5.7602160E-02,1.16211E+00,4.88281E-02
5.7620640E-02,1.22070E+00,4.88281E-02
5.7639120E-02,1.18164E+00,2.92969E-02
5.7657600E-02,1.14258E+00,2.92969E-02
5.7676080E-02,1.14258E+00,2.92969E-02
5.7694560E-02,1.16211E+00,6.83594E-02
5.7713040E-02,1.12305E+00,6.83594E-02
5.7731520E-02,1.16211E+00,9.76562E-03
5.7750000E-02,1.18164E+00,6.83594E-02
5.7768480E-02,1.24023E+00,-9.76562E-03
5.7786960E-02,1.18164E+00,4.88281E-02
5.7805440E-02,1.18164E+00,9.76562E-03
5.7823920E-02,1.12305E+00,6.83594E-02
5.7842400E-02,1.24023E+00,2.92969E-02
5.7860880E-02,1.14258E+00,4.88281E-02
5.7879360E-02,1.22070E+00,2.92969E-02
5.7897840E-02,1.12305E+00,4.88281E-02
5.7916320E-02,1.16211E+00,9.76562E-03
5.7934800E-02,1.14258E+00,6.83594E-02
5.7953280E-02,1.12305E+00,9.76562E-03
5.7971760E-02,1.10352E+00,9.76562E-03
5.7990240E-02,1.16211E+00,9.76562E-03
5.8008720E-02,1.10352E+00,4.88281E-02
5.8027200E-02,1.14258E+00,4.88281E-02
5.8045680E-02,1.14258E+00,8.78906E-02
5.8064160E-02,1.12305E+00,2.92969E-02
5.8082640E-02,1.20117E+00,9.76562E-03
5.8101120E-02,1.18164E+00,2.92969E-02
5.8119600E-02,1.14258E+00,-9.76562E-03
5.8138080E-02,1.22070E+00,9.76562E-03
5.8156560E-02,1.16211E+00,6.83594E-02
5.8175040E-02,1.14258E+00,8.78906E-02
5.8193520E-02,1.20117E+00,6.83594E-02
5.8212000E-02,1.18164E+00,2.92969E-02
5.8230480E-02,1.24023E+00,2.92969E-02
5.8248960E-02,1.16211E+00,-9.76562E-03
5.8267440E-02,1.16211E+00,9.76562E-03
5.8285920E-02,1.20117E+00,4.88281E-02
5.8304400E-02,1.14258E+00,2.92969E-02
5.8322880E-02,1.25977E+00,2.92969E-02
5.8341360E-02,1.16211E+00,2.92969E-02
5.8359840E-02,1.22070E+00,9.76562E-03
5.8378320E-02,1.16211E+00,-2.92969E-02
5.8396800E-02,1.12305E+00,4.88281E-02
5.8415280E-02,1.12305E+00,6.83594E-02
5.8433760E-02,1.14258E+00,2.92969E-02
5.8452240E-02,1.14258E+00,2.92969E-02
5.8470720E-02,1.22070E+00,4.88281E-02
5.8489200E-02,1.14258E+00,2.92969E-02
5.8507680E-02,1.12305E+00,2.92969E-02
5.8526160E-02,1.14258E+00,1.26953E-01
5.8544640E-02,1.14258E+00,2.92969E-02
5.8563120E-02,1.12305E+00,2.92969E-02
5.8581600E-02,1.18164E+00,9.76562E-03
5.8600080E-02,1.08398E+00,4.88281E-02
5.8618560E-02,1.22070E+00,9.76562E-03
5.8637040E-02,1.14258E+00,2.92969E-02
5.8655520E-02,1.14258E+00,4.88281E-02
5.8674000E-02,1.16211E+00,9.76562E-03
5.8692480E-02,1.22070E+00,4.88281E-02
5.8710960E-02,1.16211E+00,8.78906E-02
5.8729440E-02,1.12305E+00,-9.76562E-03
5.8747920E-02,1.20117E+00,2.92969E-02
5.8766400E-02,1.18164E+00,-9.76562E-03
5.8784880E-02,1.20117E+00,-9.76562E-03
5.8803360E-02,1.16211E+00,8.78906E-02
5.8821840E-02,1.14258E+00,9.76562E-03
5.8840320E-02,1.12305E+00,9.76562E-03
5.8858800E-02,1.14258E+00,2.92969E-02
5.8877280E-02,1.12305E+00,2.92969E-02
5.8895760E-02,1.16211E+00,2.92969E-02
5.8914240E-02,1.16211E+00,2.92969E-02
5.8932720E-02,1.10352E+00,2.92969E-02
5.8951200E-02,1.14258E+00,4.88281E-02
5.8969680E-02,1.16211E+00,6.83594E-02
5.8988160E-02,1.20117E+00,-9.76562E-03
5.9006640E-02,1.16211E+00,6.83594E-02
5.9025120E-02,1.20117E+00,4.88281E-02
5.9043600E-02,1.10352E+00,4.88281E-02
5.9062080E-02,1.18164E+00,6.83594E-02
5.9080560E-02,1.16211E+00,4.88281E-02
5.9099040E-02,1.18164E+00,4.88281E-02
5.9117520E-02,1.20117E+00,9.76562E-03
5.9136000E-02,1.10352E+00,9.76562E-03
5.9154480E-02,1.10352E+00,4.88281E-02
5.9172960E-02,1.16211E+00,4.88281E-02
5.9191440E-02,1.10352E+00,6.83594E-02
5.9209920E-02,1.10352E+00,8.78906E-02
5.9228400E-02,1.10352E+00,1.26953E-01
5.9246880E-02,1.18164E+00,2.92969E-02
5.9265360E-02,1.14258E+00,4.88281E-02
5.9283840E-02,1.14258E+00,2.92969E-02
5.9302320E-02,1.16211E+00,2.92969E-02
5.9320800E-02,1.20117E+00,9.76562E-03
5.9339280E-02,1.12305E+00,-2.92969E-02
5.9357760E-02,1.20117E+00,4.88281E-02
5.9376240E-02,1.08398E+00,2.92969E-02
5.9394720E-02,1.14258E+00,4.88281E-02
5.9413200E-02,1.18164E+00,-4.88281E-02
5.9431680E-02,1.16211E+00,9.76562E-03
5.9450160E-02,1.22070E+00,6.83594E-02
5.9468640E-02,1.22070E+00,4.88281E-02
5.9487120E-02,1.08398E+00,6.83594E-02
5.9505600E-02,1.16211E+00,4.88281E-02
5.9524080E-02,1.18164E+00,4.88281E-02
5.9542560E-02,1.20117E+00,2.92969E-02
5.9561040E-02,1.16211E+00,9.76562E-03
5.9579520E-02,1.14258E+00,9.76562E-03
5.9598000E-02,1.20117E+00,9.76562E-03
5.9616480E-02,1.18164E+00,9.76562E-03
5.9634960E-02,1.18164E+00,2.92969E-02
5.9653440E-02,1.14258E+00,2.92969E-02
5.9671920E-02,1.20117E+00,9.76562E-03
5.9690400E-02,1.20117E+00,2.92969E-02
5.9708880E-02,1.18164E+00,4.88281E-02
5.9727360E-02,1.12305E+00,8.78906E-02
5.9745840E-02,1.14258E+00,9.76562E-03
5.9764320E-02,1.22070E+00,2.92969E-02
5.9782800E-02,1.16211E+00,2.92969E-02
5.9801280E-02,1.14258E+00,6.83594E-02
5.9819760E-02,1.14258E+00,4.88281E-02
5.9838240E-02,1.20117E+00,4.88281E-02
5.9856720E-02,1.14258E+00,6.83594E-02
5.9875200E-02,1.22070E+00,2.92969E-02
5.9893680E-02,1.16211E+00,2.92969E-02
5.9912160E-02,1.14258E+00,-2.92969E-02
5.9930640E-02,1.08398E+00,2.92969E-02
5.9949120E-02,1.20117E+00,4.88281E-02
5.9967600E-02,1.18164E+00,-9.76562E-03
5.9986080E-02,1.14258E+00,4.88281E-02
6.0004560E-02,1.14258E+00,2.92969E-02
6.0023040E-02,1.14258E+00,2.92969E-02
6.0041520E-02,1.10352E+00,1.26953E-01
6.0060000E-02,1.14258E+00,4.88281E-02
6.0078480E-02,1.20117E+00,4.88281E-02
6.0096960E-02,1.14258E+00,4.88281E-02
6.0115440E-02,1.16211E+00,6.83594E-02
6.0133920E-02,1.20117E+00,4.88281E-02
6.0152400E-02,1.12305E+00,6.83594E-02
6.0170880E-02,1.18164E+00,6.83594E-02
6.0189360E-02,1.14258E+00,6.83594E-02
6.0207840E-02,1.18164E+00,2.92969E-02
6.0226320E-02,1.14258E+00,4.88281E-02
6.0244800E-02,1.14258E+00,-9.76562E-03
6.0263280E-02,1.14258E+00,4.88281E-02
6.0281760E-02,1.14258E+00,9.76562E-03
6.0300240E-02,1.12305E+00,8.78906E-02
6.0318720E-02,1.18164E+00,2.92969E-02
6.0337200E-02,1.16211E+00,2.92969E-02
6.0355680E-02,1.14258E+00,9.76562E-03
6.0374160E-02,1.18164E+00,6.83594E-02
6.0392640E-02,1.10352E+00,9.76562E-03
6.0411120E-02,1.25977E+00,1.07422E-01
6.0429600E-02,1.20117E+00,4.88281E-02
6.0448080E-02,1.12305E+00,6.83594E-02
6.0466560E-02,1.14258E+00,2.92969E-02
6.0485040E-02,1.18164E+00,2.92969E-02
6.0503520E-02,1.14258E+00,6.83594E-02
6.0522000E-02,1.12305E+00,2.92969E-02
6.0540480E-02,1.20117E+00,4.88281E-02
6.0558960E-02,1.16211E+00,-2.92969E-02
6.0577440E-02,1.16211E+00,9.76562E-03
6.0595920E-02,1.10352E+00,1.07422E-01
6.0614400E-02,1.10352E+00,4.88281E-02
6.0632880E-02,1.20117E+00,1.07422E-01
6.0651360E-02,1.16211E+00,4.88281E-02
6.0669840E-02,1.25977E+00,2.92969E-02
6.0688320E-02,1.20117E+00,2.92969E-02
6.0706800E-02,1.14258E+00,6.83594E-02
6.0725280E-02,1.16211E+00,2.92969E-02
6.0743760E-02,1.16211E+00,6.83594E-02
6.0762240E-02,1.14258E+00,6.83594E-02
6.0780720E-02,1.14258E+00,2.92969E-02
6.0799200E-02,1.20117E+00,4.88281E-02
6.0817680E-02,1.22070E+00,9.76562E-03
6.0836160E-02,1.16211E+00,9.76562E-03
6.0854640E-02,1.16211E+00,2.92969E-02
6.0873120E-02,1.16211E+00,9.76562E-03
6.0891600E-02,1.20117E+00,6.83594E-02
6.0910080E-02,1.22070E+00,-9.76562E-03
6.0928560E-02,1.14258E+00,2.92969E-02
6.0947040E-02,1.18164E+00,2.92969E-02
6.0965520E-02,1.12305E+00,2.92969E-02
6.0984000E-02,1.20117E+00,-6.83594E-02
6.1002480E-02,1.16211E+00,2.92969E-02
6.1020960E-02,1.20117E+00,6.83594E-02
6.1039440E-02,1.14258E+00,2.92969E-02
6.1057920E-02,1.14258E+00,9.76562E-03
6.1076400E-02,1.08398E+00,-9.76562E-03
6.1094880E-02,1.18164E+00,4.88281E-02
6.1113360E-02,1.14258E+00,6.83594E-02
6.1131840E-02,1.22070E+00,2.92969E-02
6.1150320E-02,1.06445E+00,4.88281E-02
6.1168800E-02,1.20117E+00,2.92969E-02
6.1187280E-02,1.18164E+00,6.83594E-02
6.1205760E-02,1.14258E+00,-2.92969E-02
6.1224240E-02,1.16211E+00,2.92969E-02
6.1242720E-02,1.16211E+00,4.88281E-02
6.1261200E-02,1.18164E+00,4.88281E-02
6.1279680E-02,1.14258E+00,2.92969E-02
6.1298160E-02,1.16211E+00,2.92969E-02
6.1316640E-02,1.14258E+00,9.76562E-03
6.1335120E-02,1.14258E+00,6.83594E-02
6.1353600E-02,1.20117E+00,4.88281E-02
6.1372080E-02,1.16211E+00,9.76562E-03
6.1390560E-02,1.18164E+00,9.76562E-03
6.1409040E-02,1.16211E+00,9.76562E-03
6.1427520E-02,1.22070E+00,6.83594E-02
6.1446000E-02,1.10352E+00,4.88281E-02
6.1464480E-02,1.20117E+00,9.76562E-03
6.1482960E-02,1.16211E+00,6.83594E-02
6.1501440E-02,1.18164E+00,9.76562E-03
6.1519920E-02,1.16211E+00,4.88281E-02
6.1538400E-02,1.20117E+00,9.76562E-03
6.1556880E-02,1.27930E+00,2.92969E-02
6.1575360E-02,1.24023E+00,1.07422E-01
6.1593840E-02,1.14258E+00,2.92969E-02
6.1612320E-02,1.20117E+00,2.92969E-02
6.1630800E-02,1.14258E+00,2.92969E-02
6.1649280E-02,1.22070E+00,4.88281E-02
6.1667760E-02,1.16211E+00,4.88281E-02
6.1686240E-02,1.16211E+00,4.88281E-02
6.1704720E-02,1.20117E+00,6.83594E-02
6.1723200E-02,1.18164E+00,-9.76562E-03
6.1741680E-02,1.10352E+00,1.07422E-01
6.1760160E-02,1.20117E+00,9.76562E-03
6.1778640E-02,1.22070E+00,2.92969E-02
6.1797120E-02,1.20117E+00,4.88281E-02
6.1815600E-02,1.14258E+00,9.76562E-03
6.1834080E-02,1.20117E+00,9.76562E-03
6.1852560E-02,1.18164E+00,9.76562E-03
6.1871040E-02,1.18164E+00,9.76562E-03
6.1889520E-02,1.22070E+00,9.76562E-03
6.1908000E-02,1.16211E+00,4.88281E-02
6.1926480E-02,1.22070E+00,1.07422E-01
6.1944960E-02,1.27930E+00,6.83594E-02
6.1963440E-02,1.16211E+00,6.83594E-02
6.1981920E-02,1.14258E+00,4.88281E-02
6.2000400E-02,1.20117E+00,6.83594E-02
6.2018880E-02,1.22070E+00,2.92969E-02
6.2037360E-02,1.14258E+00,2.92969E-02
6.2055840E-02,1.18164E+00,2.92969E-02
6.2074320E-02,1.12305E+00,4.88281E-02
6.2092800E-02,1.25977E+00,9.76562E-03
6.2111280E-02,1.12305E+00,9.76562E-03
6.2129760E-02,1.14258E+00,4.88281E-02
6.2148240E-02,1.12305E+00,9.76562E-03
6.2166720E-02,1.24023E+00,9.76562E-03
6.2185200E-02,1.20117E+00,2.92969E-02
6.2203680E-02,1.18164E+00,4.88281E-02
6.2222160E-02,1.16211E+00,4.88281E-02
6.2240640E-02,1.14258E+00,9.76562E-03
6.2259120E-02,1.20117E+00,1.07422E-01
6.2277600E-02,1.18164E+00,2.92969E-02
6.2296080E-02,1.22070E+00,6.83594E-02
6.2314560E-02,1.16211E+00,9.76562E-03
6.2333040E-02,1.20117E+00,6.83594E-02
6.2351520E-02,1.14258E+00,4.88281E-02
6.2370000E-02,1.20117E+00,2.92969E-02
6.2388480E-02,1.16211E+00,9.76562E-03
6.2406960E-02,1.18164E+00,9.76562E-03
6.2425440E-02,1.16211E+00,2.92969E-02
6.2443920E-02,1.08398E+00,1.07422E-01
6.2462400E-02,1.25977E+00,4.88281E-02
6.2480880E-02,1.18164E+00,4.88281E-02
6.2499360E-02,1.18164E+00,2.92969E-02
6.2517840E-02,1.24023E+00,4.88281E-02
6.2536320E-02,1.24023E+00,4.88281E-02
6.2554800E-02,1.16211E+00,8.78906E-02
6.2573280E-02,1.14258E+00,9.76562E-03
6.2591760E-02,1.10352E+00,2.92969E-02
6.2610240E-02,1.14258E+00,-9.76562E-03
6.2628720E-02,1.12305E+00,2.92969E-02
6.2647200E-02,1.18164E+00,2.92969E-02
6.2665680E-02,1.14258E+00,4.88281E-02
6.2684160E-02,1.22070E+00,-9.76562E-03
6.2702640E-02,1.10352E+00,2.92969E-02
6.2721120E-02,1.14258E+00,4.88281E-02
6.2739600E-02,1.20117E+00,9.76562E-03
6.2758080E-02,1.14258E+00,9.76562E-03
6.2776560E-02,1.10352E+00,-9.76562E-03
6.2795040E-02,1.14258E+00,9.76562E-03
6.2813520E-02,1.18164E+00,2.92969E-02
6.2832000E-02,1.16211E+00,6.83594E-02
6.2850480E-02,1.16211E+00,6.83594E-02
6.2868960E-02,1.18164E+00,4.88281E-02
6.2887440E-02,1.12305E+00,2.92969E-02
6.2905920E-02,1.20117E+00,-4.88281E-02
6.2924400E-02,1.16211E+00,6.83594E-02
6.2942880E-02,1.16211E+00,2.92969E-02
6.2961360E-02,1.18164E+00,2.92969E-02
6.2979840E-02,1.14258E+00,2.92969E-02
6.2998320E-02,1.16211E+00,4.88281E-02
6.3016800E-02,1.16211E+00,9.76562E-03
6.3035280E-02,1.20117E+00,2.92969E-02
6.3053760E-02,1.14258E+00,-9.76562E-03
6.3072240E-02,1.14258E+00,6.83594E-02
6.3090720E-02,1.12305E+00,2.92969E-02
6.3109200E-02,1.20117E+00,8.78906E-02
6.3127680E-02,1.20117E+00,-9.76562E-03
6.3146160E-02,1.14258E+00,1.07422E-01
6.3164640E-02,1.24023E+00,4.88281E-02
6.3183120E-02,1.20117E+00,2.92969E-02
6.3201600E-02,1.16211E+00,6.83594E-02
6.3220080E-02,1.12305E+00,6.83594E-02
6.3238560E-02,1.20117E+00,9.76562E-03
6.3257040E-02,1.14258E+00,8.78906E-02
6.3275520E-02,1.20117E+00,2.92969E-02
6.3294000E-02,1.14258E+00,6.83594E-02
6.3312480E-02,1.14258E+00,4.88281E-02
6.3330960E-02,1.12305E+00,6.83594E-02
6.3349440E-02,1.16211E+00,4.88281E-02
6.3367920E-02,1.16211E+00,6.83594E-02
6.3386400E-02,1.16211E+00,-9.76562E-03
6.3404880E-02,1.12305E+00,2.92969E-02
6.3423360E-02,1.27930E+00,6.83594E-02
6.3441840E-02,1.18164E+00,-2.92969E-02
6.3460320E-02,1.14258E+00,2.92969E-02
6.3478800E-02,1.24023E+00,1.07422E-01
6.3497280E-02,1.25977E+00,-9.76562E-03
6.3515760E-02,1.12305E+00,4.88281E-02
6.3534240E-02,1.18164E+00,9.76562E-03
6.3552720E-02,1.20117E+00,9.76562E-03
6.3571200E-02,1.20117E+00,9.76562E-03
6.3589680E-02,1.16211E+00,6.83594E-02
6.3608160E-02,1.16211E+00,2.92969E-02
6.3626640E-02,1.12305E+00,6.83594E-02
6.3645120E-02,1.16211E+00,6.83594E-02
6.3663600E-02,1.22070E+00,8.78906E-02
6.3682080E-02,1.04492E+00,4.88281E-02
6.3700560E-02,1.20117E+00,2.92969E-02
6.3719040E-02,1.14258E+00,9.76562E-03
6.3737520E-02,1.14258E+00,9.76562E-03
6.3756000E-02,1.22070E+00,-9.76562E-03
6.3774480E-02,1.20117E+00,-2.92969E-02
6.3792960E-02,1.14258E+00,6.83594E-02
6.3811440E-02,1.16211E+00,9.76562E-03
6.3829920E-02,1.18164E+00,4.88281E-02
6.3848400E-02,1.12305E+00,6.83594E-02
6.3866880E-02,1.20117E+00,9.76562E-03
6.3885360E-02,1.18164E+00,8.78906E-02
6.3903840E-02,1.14258E+00,9.76562E-03
6.3922320E-02,1.20117E+00,2.92969E-02
6.3940800E-02,1.14258E+00,9.76562E-03
6.3959280E-02,1.08398E+00,4.88281E-02
6.3977760E-02,1.22070E+00,-9.76562E-03
6.3996240E-02,1.18164E+00,6.83594E-02
6.4014720E-02,1.20117E+00,6.83594E-02
6.4033200E-02,1.20117E+00,6.83594E-02
6.4051680E-02,1.22070E+00,9.76562E-03
6.4070160E-02,1.16211E+00,1.46484E-01
6.4088640E-02,1.14258E+00,4.88281E-02
6.4107120E-02,1.20117E+00,4.88281E-02
6.4125600E-02,1.22070E+00,9.76562E-03
6.4144080E-02,1.18164E+00,4.88281E-02
6.4162560E-02,1.18164E+00,4.88281E-02
6.4181040E-02,1.24023E+00,1.07422E-01
6.4199520E-02,1.20117E+00,-9.76562E-03
6.4218000E-02,1.18164E+00,9.76562E-03
6.4236480E-02,1.14258E+00,4.88281E-02
6.4254960E-02,1.18164E+00,-9.76562E-03
6.4273440E-02,1.18164E+00,4.88281E-02
6.4291920E-02,1.20117E+00,-4.88281E-02
6.4310400E-02,1.22070E+00,9.76562E-03
6.4328880E-02,1.20117E+00,2.92969E-02
6.4347360E-02,1.14258E+00,-6.83594E-02
6.4365840E-02,1.18164E+00,4.88281E-02
6.4384320E-02,1.18164E+00,9.76562E-03
6.4402800E-02,1.25977E+00,6.83594E-02
6.4421280E-02,1.18164E+00,9.76562E-03
6.4439760E-02,1.14258E+00,9.76562E-03
6.4458240E-02,1.29883E+00,6.83594E-02
6.4476720E-02,1.16211E+00,2.92969E-02
6.4495200E-02,1.18164E+00,9.76562E-03
6.4513680E-02,1.16211E+00,2.92969E-02
6.4532160E-02,1.27930E+00,9.76562E-03
6.4550640E-02,1.16211E+00,2.92969E-02
6.4569120E-02,1.25977E+00,9.76562E-03
6.4587600E-02,1.16211E+00,8.78906E-02
6.4606080E-02,1.14258E+00,4.88281E-02
6.4624560E-02,1.20117E+00,2.92969E-02
6.4643040E-02,1.14258E+00,-9.76562E-03
6.4661520E-02,1.20117E+00,8.78906E-02
6.4680000E-02,1.14258E+00,2.92969E-02
6.4698480E-02,1.16211E+00,4.88281E-02
6.4716960E-02,1.18164E+00,2.92969E-02
6.4735440E-02,1.20117E+00,9.76562E-03
6.4753920E-02,1.18164E+00,6.83594E-02
6.4772400E-02,1.12305E+00,2.92969E-02
6.4790880E-02,1.22070E+00,2.92969E-02
6.4809360E-02,1.22070E+00,4.88281E-02
6.4827840E-02,1.18164E+00,9.76562E-03
6.4846320E-02,1.18164E+00,4.88281E-02
6.4864800E-02,1.22070E+00,4.88281E-02
6.4883280E-02,1.16211E+00,9.76562E-03
6.4901760E-02,1.20117E+00,9.76562E-03
6.4920240E-02,1.16211E+00,2.92969E-02
6.4938720E-02,1.22070E+00,9.76562E-03
6.4957200E-02,1.16211E+00,6.83594E-02
6.4975680E-02,1.18164E+00,2.92969E-02
6.4994160E-02,1.14258E+00,6.83594E-02
6.5012640E-02,1.20117E+00,4.88281E-02
6.5031120E-02,1.22070E+00,6.83594E-02
6.5049600E-02,1.20117E+00,4.88281E-02
6.5068080E-02,1.22070E+00,4.88281E-02
6.5086560E-02,1.25977E+00,-2.92969E-02
6.5105040E-02,1.25977E+00,9.76562E-03
6.5123520E-02,1.16211E+00,4.88281E-02
6.5142000E-02,1.18164E+00,4.88281E-02
6.5160480E-02,1.16211E+00,4.88281E-02
6.5178960E-02,1.18164E+00,4.88281E-02
6.5197440E-02,1.16211E+00,9.76562E-03
6.5215920E-02,1.18164E+00,4.88281E-02
6.5234400E-02,1.20117E+00,9.76562E-03
6.5252880E-02,1.12305E+00,4.88281E-02
6.5271360E-02,1.20117E+00,8.78906E-02
6.5289840E-02,1.18164E+00,2.92969E-02
6.5308320E-02,1.18164E+00,9.76562E-03
6.5326800E-02,1.14258E+00,6.83594E-02
6.5345280E-02,1.20117E+00,9.76562E-03
6.5363760E-02,1.22070E+00,2.92969E-02
6.5382240E-02,1.14258E+00,4.88281E-02
6.5400720E-02,1.20117E+00,6.83594E-02
6.5419200E-02,1.22070E+00,9.76562E-03
6.5437680E-02,1.14258E+00,6.83594E-02
6.5456160E-02,1.16211E+00,4.88281E-02
6.5474640E-02,1.25977E+00,4.88281E-02
6.5493120E-02,1.22070E+00,2.92969E-02
6.5511600E-02,1.16211E+00,2.92969E-02
6.5530080E-02,1.20117E+00,9.76562E-03
6.5548560E-02,1.18164E+00,6.83594E-02
6.5567040E-02,1.14258E+00,4.88281E-02
6.5585520E-02,1.10352E+00,-9.76562E-03
6.5604000E-02,1.18164E+00,6.83594E-02
6.5622480E-02,1.14258E+00,6.83594E-02
6.5640960E-02,1.14258E+00,-9.76562E-03
6.5659440E-02,1.16211E+00,8.78906E-02
6.5677920E-02,1.14258E+00,2.92969E-02
6.5696400E-02,1.14258E+00,2.92969E-02
6.5714880E-02,1.16211E+00,9.76562E-03
6.5733360E-02,1.16211E+00,6.83594E-02
6.5751840E-02,1.20117E+00,9.76562E-03
6.5770320E-02,1.16211E+00,9.76562E-03
6.5788800E-02,1.20117E+00,2.92969E-02
6.5807280E-02,1.16211E+00,8.78906E-02
6.5825760E-02,1.27930E+00,-9.76562E-03
6.5844240E-02,1.20117E+00,9.76562E-03
6.5862720E-02,1.14258E+00,4.88281E-02
6.5881200E-02,1.14258E+00,9.76562E-03
6.5899680E-02,1.24023E+00,4.88281E-02
6.5918160E-02,1.20117E+00,2.92969E-02
6.5936640E-02,1.16211E+00,-9.76562E-03
6.5955120E-02,1.14258E+00,-9.76562E-03
6.5973600E-02,1.14258E+00,4.88281E-02
6.5992080E-02,1.10352E+00,9.76562E-03
6.6010560E-02,1.18164E+00,4.88281E-02
6.6029040E-02,1.20117E+00,-2.92969E-02
6.6047520E-02,1.14258E+00,4.88281E-02
6.6066000E-02,1.16211E+00,4.88281E-02
6.6084480E-02,1.14258E+00,2.92969E-02
6.6102960E-02,1.14258E+00,2.92969E-02
6.6121440E-02,1.22070E+00,9.76562E-03
6.6139920E-02,1.18164E+00,9.76562E-03
6.6158400E-02,1.22070E+00,-2.92969E-02
6.6176880E-02,1.16211E+00,1.07422E-01
6.6195360E-02,1.22070E+00,9.76562E-03
6.6213840E-02,1.14258E+00,9.76562E-03
6.6232320E-02,1.20117E+00,4.88281E-02
6.6250800E-02,1.16211E+00,2.92969E-02
6.6269280E-02,1.14258E+00,2.92969E-02
6.6287760E-02,1.18164E+00,6.83594E-02
6.6306240E-02,1.20117E+00,4.88281E-02
6.6324720E-02,1.20117E+00,8.78906E-02
6.6343200E-02,1.14258E+00,4.88281E-02
6.6361680E-02,1.16211E+00,-9.76562E-03
6.6380160E-02,1.27930E+00,2.92969E-02
6.6398640E-02,1.10352E+00,6.83594E-02
6.6417120E-02,1.22070E+00,4.88281E-02
6.6435600E-02,1.10352E+00,9.76562E-03
6.6454080E-02,1.20117E+00,9.76562E-03
6.6472560E-02,1.25977E+00,4.88281E-02
6.6491040E-02,1.20117E+00,9.76562E-03
6.6509520E-02,1.12305E+00,4.88281E-02
6.6528000E-02,1.20117E+00,4.88281E-02
6.6546480E-02,1.16211E+00,8.78906E-02
6.6564960E-02,1.22070E+00,2.92969E-02
6.6583440E-02,1.16211E+00,2.92969E-02
6.6601920E-02,1.20117E+00,-9.76562E-03
6.6620400E-02,1.16211E+00,4.88281E-02
6.6638880E-02,1.20117E+00,9.76562E-03
6.6657360E-02,1.20117E+00,4.88281E-02
6.6675840E-02,1.24023E+00,4.88281E-02
6.6694320E-02,1.18164E+00,6.83594E-02
6.6712800E-02,1.16211E+00,2.92969E-02
6.6731280E-02,1.16211E+00,8.78906E-02
6.6749760E-02,1.14258E+00,6.83594E-02
6.6768240E-02,1.16211E+00,9.76562E-03
6.6786720E-02,1.20117E+00,2.92969E-02
6.6805200E-02,1.25977E+00,4.88281E-02
6.6823680E-02,1.14258E+00,2.92969E-02
6.6842160E-02,1.18164E+00,-2.92969E-02
6.6860640E-02,1.22070E+00,4.88281E-02
6.6879120E-02,1.20117E+00,6.83594E-02
6.6897600E-02,1.20117E+00,-9.76562E-03
6.6916080E-02,1.16211E+00,4.88281E-02
6.6934560E-02,1.16211E+00,2.92969E-02
6.6953040E-02,1.20117E+00,6.83594E-02
6.6971520E-02,1.14258E+00,-2.92969E-02
6.6990000E-02,1.24023E+00,6.83594E-02
6.7008480E-02,1.20117E+00,4.88281E-02
6.7026960E-02,1.16211E+00,6.83594E-02
6.7045440E-02,1.22070E+00,6.83594E-02
6.7063920E-02,1.20117E+00,2.92969E-02
6.7082400E-02,1.20117E+00,2.92969E-02
6.7100880E-02,1.14258E+00,2.92969E-02
6.7119360E-02,1.18164E+00,2.92969E-02
6.7137840E-02,1.16211E+00,6.83594E-02
6.7156320E-02,1.16211E+00,9.76562E-03
6.7174800E-02,1.18164E+00,6.83594E-02
6.7193280E-02,1.20117E+00,4.88281E-02
6.7211760E-02,1.20117E+00,2.92969E-02
6.7230240E-02,1.16211E+00,2.92969E-02
6.7248720E-02,1.14258E+00,9.76562E-03
6.7267200E-02,1.22070E+00,4.88281E-02
6.7285680E-02,1.18164E+00,4.88281E-02
6.7304160E-02,1.20117E+00,-9.76562E-03
6.7322640E-02,1.12305E+00,9.76562E-03
6.7341120E-02,1.25977E+00,9.76562E-03
6.7359600E-02,1.22070E+00,9.76562E-03
6.7378080E-02,1.20117E+00,9.76562E-03
6.7396560E-02,1.16211E+00,2.92969E-02
6.7415040E-02,1.08398E+00,9.76562E-03
6.7433520E-02,1.24023E+00,-2.92969E-02
6.7452000E-02,1.14258E+00,6.83594E-02
6.7470480E-02,1.16211E+00,4.88281E-02
6.7488960E-02,1.22070E+00,-9.76562E-03
6.7507440E-02,1.16211E+00,4.88281E-02
6.7525920E-02,1.22070E+00,2.92969E-02
6.7544400E-02,1.20117E+00,1.07422E-01
6.7562880E-02,1.14258E+00,9.76562E-03
6.7581360E-02,1.14258E+00,2.92969E-02
6.7599840E-02,1.18164E+00,9.76562E-03
6.7618320E-02,1.12305E+00,9.76562E-03
6.7636800E-02,1.14258E+00,9.76562E-03
6.7655280E-02,1.25977E+00,6.83594E-02
6.7673760E-02,1.16211E+00,6.83594E-02
6.7692240E-02,1.20117E+00,6.83594E-02
6.7710720E-02,1.14258E+00,4.88281E-02
6.7729200E-02,1.18164E+00,9.76562E-03
6.7747680E-02,1.27930E+00,9.76562E-03
6.7766160E-02,1.18164E+00,2.92969E-02
6.7784640E-02,1.18164E+00,9.76562E-03
6.7803120E-02,1.16211E+00,1.07422E-01
6.7821600E-02,1.18164E+00,4.88281E-02
6.7840080E-02,1.16211E+00,2.92969E-02
6.7858560E-02,1.18164E+00,2.92969E-02
6.7877040E-02,1.16211E+00,6.83594E-02
6.7895520E-02,1.24023E+00,9.76562E-03
6.7914000E-02,1.20117E+00,4.88281E-02
6.7932480E-02,1.25977E+00,9.76562E-03
6.7950960E-02,1.16211E+00,9.76562E-03
6.7969440E-02,1.20117E+00,4.88281E-02
6.7987920E-02,1.20117E+00,2.92969E-02
6.8006400E-02,1.20117E+00,2.92969E-02
6.8024880E-02,1.18164E+00,2.92969E-02
6.8043360E-02,1.22070E+00,4.88281E-02
6.8061840E-02,1.22070E+00,2.92969E-02
6.8080320E-02,1.25977E+00,-9.76562E-03
6.8098800E-02,1.24023E+00,2.92969E-02
6.8117280E-02,1.22070E+00,-9.76562E-03
6.8135760E-02,1.22070E+00,-9.76562E-03
6.8154240E-02,1.27930E+00,-2.92969E-02
6.8172720E-02,1.20117E+00,6.83594E-02
6.8191200E-02,1.22070E+00,2.92969E-02
6.8209680E-02,1.18164E+00,1.07422E-01
6.8228160E-02,1.22070E+00,4.88281E-02
6.8246640E-02,1.22070E+00,9.76562E-03
6.8265120E-02,1.20117E+00,9.76562E-03
6.8283600E-02,1.12305E+00,9.76562E-03
6.8302080E-02,1.22070E+00,2.92969E-02
6.8320560E-02,1.24023E+00,4.88281E-02
6.8339040E-02,1.20117E+00,2.92969E-02
6.8357520E-02,1.16211E+00,9.76562E-03
6.8376000E-02,1.24023E+00,6.83594E-02
6.8394480E-02,1.20117E+00,6.83594E-02
6.8412960E-02,1.27930E+00,-9.76562E-03
6.8431440E-02,1.25977E+00,9.76562E-03
6.8449920E-02,1.20117E+00,-9.76562E-03
6.8468400E-02,1.24023E+00,9.76562E-03
6.8486880E-02,1.14258E+00,9.76562E-03
6.8505360E-02,1.16211E+00,9.76562E-03
6.8523840E-02,1.22070E+00,4.88281E-02
6.8542320E-02,1.18164E+00,4.88281E-02
6.8560800E-02,1.20117E+00,4.88281E-02
6.8579280E-02,1.27930E+00,1.07422E-01
6.8597760E-02,1.18164E+00,4.88281E-02
6.8616240E-02,1.27930E+00,2.92969E-02
6.8634720E-02,1.22070E+00,6.83594E-02
6.8653200E-02,1.12305E+00,6.83594E-02
6.8671680E-02,1.22070E+00,4.88281E-02
6.8690160E-02,1.27930E+00,1.26953E-01
6.8708640E-02,1.20117E+00,2.92969E-02
6.8727120E-02,1.16211E+00,4.88281E-02
6.8745600E-02,1.24023E+00,9.76562E-03
6.8764080E-02,1.18164E+00,6.83594E-02
6.8782560E-02,1.18164E+00,9.76562E-03
6.8801040E-02,1.16211E+00,9.76562E-03
6.8819520E-02,1.20117E+00,-9.76562E-03
6.8838000E-02,1.20117E+00,4.88281E-02
6.8856480E-02,1.14258E+00,2.92969E-02
6.8874960E-02,1.20117E+00,6.83594E-02
6.8893440E-02,1.20117E+00,-9.76562E-03
6.8911920E-02,1.22070E+00,9.76562E-03
6.8930400E-02,1.24023E+00,4.88281E-02
6.8948880E-02,1.18164E+00,4.88281E-02
6.8967360E-02,1.22070E+00,9.76562E-03
6.8985840E-02,1.20117E+00,6.83594E-02
6.9004320E-02,1.18164E+00,9.76562E-03
6.9022800E-02,1.22070E+00,8.78906E-02
6.9041280E-02,1.22070E+00,-9.76562E-03
6.9059760E-02,1.16211E+00,6.83594E-02
6.9078240E-02,1.20117E+00,-9.76562E-03
6.9096720E-02,1.24023E+00,2.92969E-02
6.9115200E-02,1.16211E+00,9.76562E-03
6.9133680E-02,1.20117E+00,2.92969E-02
6.9152160E-02,1.20117E+00,9.76562E-03
6.9170640E-02,1.20117E+00,1.07422E-01
6.9189120E-02,1.14258E+00,9.76562E-03
6.9207600E-02,1.20117E+00,1.07422E-01
6.9226080E-02,1.22070E+00,-9.76562E-03
6.9244560E-02,1.18164E+00,2.92969E-02
6.9263040E-02,1.24023E+00,4.88281E-02
6.9281520E-02,1.18164E+00,4.88281E-02
6.9300000E-02,1.20117E+00,9.76562E-03
6.9318480E-02,1.16211E+00,9.76562E-03
6.9336960E-02,1.24023E+00,4.88281E-02
6.9355440E-02,1.14258E+00,6.83594E-02
6.9373920E-02,1.10352E+00,2.92969E-02
6.9392400E-02,1.20117E+00,8.78906E-02
6.9410880E-02,1.20117E+00,2.92969E-02
6.9429360E-02,1.20117E+00,4.88281E-02
6.9447840E-02,1.22070E+00,2.92969E-02
6.9466320E-02,1.22070E+00,2.92969E-02
6.9484800E-02,1.18164E+00,-9.76562E-03
6.9503280E-02,1.18164E+00,9.76562E-03
6.9521760E-02,1.14258E+00,9.76562E-03
6.9540240E-02,1.20117E+00,4.88281E-02
6.9558720E-02,1.16211E+00,4.88281E-02
6.9577200E-02,1.18164E+00,9.76562E-03
6.9595680E-02,1.22070E+00,-9.76562E-03
6.9614160E-02,1.22070E+00,4.88281E-02
6.9632640E-02,1.24023E+00,4.88281E-02
6.9651120E-02,1.20117E+00,2.92969E-02
6.9669600E-02,1.18164E+00,2.92969E-02
6.9688080E-02,1.22070E+00,4.88281E-02
6.9706560E-02,1.16211E+00,9.76562E-03
6.9725040E-02,1.16211E+00,2.92969E-02
6.9743520E-02,1.14258E+00,2.92969E-02
6.9762000E-02,1.18164E+00,1.26953E-01
6.9780480E-02,1.22070E+00,2.92969E-02
6.9798960E-02,1.20117E+00,9.76562E-03
6.9817440E-02,1.20117E+00,9.76562E-03
6.9835920E-02,1.18164E+00,6.83594E-02
6.9854400E-02,1.22070E+00,-2.92969E-02
6.9872880E-02,1.18164E+00,-4.88281E-02
6.9891360E-02,1.24023E+00,-9.76562E-03
6.9909840E-02,1.20117E+00,-2.92969E-02
6.9928320E-02,1.18164E+00,9.76562E-03
6.9946800E-02,1.20117E+00,6.83594E-02
6.9965280E-02,1.14258E+00,-9.76562E-03
6.9983760E-02,1.25977E+00,9.76562E-03
7.0002240E-02,1.20117E+00,-2.92969E-02
7.0020720E-02,1.18164E+00,6.83594E-02
7.0039200E-02,1.20117E+00,2.92969E-02
7.0057680E-02,1.22070E+00,4.88281E-02
7.0076160E-02,1.22070E+00,6.83594E-02
7.0094640E-02,1.20117E+00,9.76562E-03
7.0113120E-02,1.20117E+00,9.76562E-03
7.0131600E-02,1.20117E+00,4.88281E-02
7.0150080E-02,1.27930E+00,-9.76562E-03
7.0168560E-02,1.22070E+00,9.76562E-03
7.0187040E-02,1.24023E+00,6.83594E-02
7.0205520E-02,1.16211E+00,2.92969E-02
7.0224000E-02,1.25977E+00,-9.76562E-03
7.0242480E-02,1.22070E+00,4.88281E-02
7.0260960E-02,1.27930E+00,2.92969E-02
7.0279440E-02,1.25977E+00,4.88281E-02
7.0297920E-02,1.22070E+00,-9.76562E-03
7.0316400E-02,1.16211E+00,4.88281E-02
7.0334880E-02,1.18164E+00,6.83594E-02
7.0353360E-02,1.18164E+00,4.88281E-02
7.0371840E-02,1.24023E+00,4.88281E-02
7.0390320E-02,1.25977E+00,6.83594E-02
7.0408800E-02,1.20117E+00,6.83594E-02
7.0427280E-02,1.20117E+00,2.92969E-02
7.0445760E-02,1.18164E+00,2.92969E-02
7.0464240E-02,1.20117E+00,1.26953E-01
7.0482720E-02,1.16211E+00,9.76562E-03
7.0501200E-02,1.16211E+00,4.88281E-02
7.0519680E-02,1.25977E+00,4.88281E-02
7.0538160E-02,1.16211E+00,9.76562E-03
7.0556640E-02,1.14258E+00,9.76562E-03
7.0575120E-02,1.22070E+00,9.76562E-03
7.0593600E-02,1.20117E+00,4.88281E-02
7.0612080E-02,1.16211E+00,6.83594E-02
7.0630560E-02,1.12305E+00,9.76562E-03
7.0649040E-02,1.14258E+00,8.78906E-02
7.0667520E-02,1.22070E+00,-9.76562E-03
7.0686000E-02,1.14258E+00,4.88281E-02
7.0704480E-02,1.20117E+00,9.76562E-03
7.0722960E-02,1.18164E+00,6.83594E-02
7.0741440E-02,1.22070E+00,9.76562E-03
7.0759920E-02,1.22070E+00,6.83594E-02
7.0778400E-02,1.22070E+00,4.88281E-02
7.0796880E-02,1.16211E+00,6.83594E-02
7.0815360E-02,1.20117E+00,-9.76562E-03
7.0833840E-02,1.22070E+00,9.76562E-03
7.0852320E-02,1.25977E+00,4.88281E-02
7.0870800E-02,1.18164E+00,2.92969E-02
7.0889280E-02,1.20117E+00,9.76562E-03
7.0907760E-02,1.16211E+00,1.07422E-01
7.0926240E-02,1.16211E+00,2.92969E-02
7.0944720E-02,1.16211E+00,4.88281E-02
7.0963200E-02,1.14258E+00,9.76562E-03
7.0981680E-02,1.25977E+00,2.92969E-02
7.1000160E-02,1.20117E+00,4.88281E-02
7.1018640E-02,1.20117E+00,8.78906E-02
7.1037120E-02,1.12305E+00,4.88281E-02
7.1055600E-02,1.20117E+00,4.88281E-02
7.1074080E-02,1.24023E+00,4.88281E-02
7.1092560E-02,1.20117E+00,4.88281E-02
7.1111040E-02,1.22070E+00,2.92969E-02
7.1129520E-02,1.18164E+00,9.76562E-03
7.1148000E-02,1.20117E+00,2.92969E-02
7.1166480E-02,1.27930E+00,9.76562E-03
7.1184960E-02,1.24023E+00,9.76562E-03
7.1203440E-02,1.22070E+00,2.92969E-02
7.1221920E-02,1.22070E+00,2.92969E-02
7.1240400E-02,1.18164E+00,6.83594E-02
7.1258880E-02,1.20117E+00,9.76562E-03
7.1277360E-02,1.22070E+00,2.92969E-02
7.1295840E-02,1.25977E+00,2.92969E-02
7.1314320E-02,1.16211E+00,6.83594E-02
7.1332800E-02,1.24023E+00,9.76562E-03
7.1351280E-02,1.27930E+00,4.88281E-02
7.1369760E-02,1.20117E+00,2.92969E-02
7.1388240E-02,1.20117E+00,4.88281E-02
7.1406720E-02,1.20117E+00,2.92969E-02
7.1425200E-02,1.18164E+00,8.78906E-02
7.1443680E-02,1.16211E+00,4.88281E-02
7.1462160E-02,1.16211E+00,4.88281E-02
7.1480640E-02,1.22070E+00,9.76562E-03
7.1499120E-02,1.14258E+00,1.07422E-01
7.1517600E-02,1.14258E+00,9.76562E-03
7.1536080E-02,1.22070E+00,9.76562E-03
7.1554560E-02,1.18164E+00,9.76562E-03
7.1573040E-02,1.27930E+00,2.92969E-02
7.1591520E-02,1.29883E+00,2.92969E-02
7.1610000E-02,1.18164E+00,6.83594E-02
7.1628480E-02,1.27930E+00,-9.76562E-03
7.1646960E-02,1.18164E+00,2.92969E-02
7.1665440E-02,1.20117E+00,6.83594E-02
7.1683920E-02,1.20117E+00,2.92969E-02
7.1702400E-02,1.24023E+00,-9.76562E-03
7.1720880E-02,1.18164E+00,4.88281E-02
7.1739360E-02,1.18164E+00,-9.76562E-03
7.1757840E-02,1.18164E+00,1.07422E-01
7.1776320E-02,1.27930E+00,4.88281E-02
7.1794800E-02,1.20117E+00,1.26953E-01
7.1813280E-02,1.22070E+00,4.88281E-02
7.1831760E-02,1.22070E+00,2.92969E-02
7.1850240E-02,1.20117E+00,-4.88281E-02
7.1868720E-02,1.22070E+00,6.83594E-02
7.1887200E-02,1.27930E+00,-2.92969E-02
7.1905680E-02,1.22070E+00,4.88281E-02
7.1924160E-02,1.18164E+00,9.76562E-03
7.1942640E-02,1.18164E+00,9.76562E-03
7.1961120E-02,1.24023E+00,-9.76562E-03
7.1979600E-02,1.25977E+00,6.83594E-02
7.1998080E-02,1.27930E+00,6.83594E-02
7.2016560E-02,1.22070E+00,4.88281E-02
7.2035040E-02,1.18164E+00,9.76562E-03
7.2053520E-02,1.27930E+00,6.83594E-02
7.2072000E-02,1.16211E+00,2.92969E-02
7.2090480E-02,1.20117E+00,2.92969E-02
7.2108960E-02,1.25977E+00,9.76562E-03
7.2127440E-02,1.27930E+00,4.88281E-02
7.2145920E-02,1.22070E+00,4.88281E-02
7.2164400E-02,1.22070E+00,4.88281E-02
7.2182880E-02,1.27930E+00,4.88281E-02
7.2201360E-02,1.16211E+00,1.07422E-01
7.2219840E-02,1.22070E+00,9.76562E-03
7.2238320E-02,1.20117E+00,9.76562E-03
7.2256800E-02,1.22070E+00,4.88281E-02
7.2275280E-02,1.20117E+00,9.76562E-03
7.2293760E-02,1.20117E+00,4.88281E-02
7.2312240E-02,1.18164E+00,4.88281E-02
7.2330720E-02,1.14258E+00,6.83594E-02
7.2349200E-02,1.25977E+00,2.92969E-02
7.2367680E-02,1.22070E+00,-9.76562E-03
7.2386160E-02,1.18164E+00,6.83594E-02
7.2404640E-02,1.24023E+00,4.88281E-02
7.2423120E-02,1.12305E+00,9.76562E-03
7.2441600E-02,1.18164E+00,9.76562E-03
7.2460080E-02,1.25977E+00,4.88281E-02
7.2478560E-02,1.25977E+00,2.92969E-02
7.2497040E-02,1.24023E+00,4.88281E-02
7.2515520E-02,1.20117E+00,4.88281E-02
7.2534000E-02,1.20117E+00,6.83594E-02
7.2552480E-02,1.25977E+00,4.88281E-02
7.2570960E-02,1.22070E+00,-9.76562E-03
7.2589440E-02,1.25977E+00,9.76562E-03
7.2607920E-02,1.14258E+00,9.76562E-03
7.2626400E-02,1.20117E+00,4.88281E-02
7.2644880E-02,1.24023E+00,9.76562E-03
7.2663360E-02,1.27930E+00,-2.92969E-02
7.2681840E-02,1.14258E+00,4.88281E-02
7.2700320E-02,1.12305E+00,2.92969E-02
7.2718800E-02,1.14258E+00,-9.76562E-03
7.2737280E-02,1.20117E+00,4.88281E-02
7.2755760E-02,1.24023E+00,6.83594E-02
7.2774240E-02,1.24023E+00,4.88281E-02
7.2792720E-02,1.16211E+00,4.88281E-02
7.2811200E-02,1.22070E+00,4.88281E-02
7.2829680E-02,1.27930E+00,9.76562E-03
7.2848160E-02,1.25977E+00,9.76562E-03
7.2866640E-02,1.16211E+00,6.83594E-02
7.2885120E-02,1.22070E+00,4.88281E-02
7.2903600E-02,1.22070E+00,2.92969E-02
7.2922080E-02,1.22070E+00,9.76562E-03
7.2940560E-02,1.25977E+00,6.83594E-02
7.2959040E-02,1.27930E+00,8.78906E-02
7.2977520E-02,1.20117E+00,2.92969E-02
7.2996000E-02,1.16211E+00,9.76562E-03
7.3014480E-02,1.16211E+00,6.83594E-02
7.3032960E-02,1.20117E+00,9.76562E-03
7.3051440E-02,1.16211E+00,4.88281E-02
7.3069920E-02,1.25977E+00,9.76562E-03
7.3088400E-02,1.20117E+00,6.83594E-02
7.3106880E-02,1.27930E+00,4.88281E-02
7.3125360E-02,1.18164E+00,4.88281E-02
7.3143840E-02,1.16211E+00,9.76562E-03
7.3162320E-02,1.22070E+00,8.78906E-02
7.3180800E-02,1.16211E+00,9.76562E-03
7.3199280E-02,1.22070E+00,6.83594E-02
7.3217760E-02,1.25977E+00,9.76562E-03
7.3236240E-02,1.18164E+00,2.92969E-02
7.3254720E-02,1.20117E+00,2.92969E-02
7.3273200E-02,1.27930E+00,4.88281E-02
7.3291680E-02,1.18164E+00,-9.76562E-03
7.3310160E-02,1.20117E+00,2.92969E-02
7.3328640E-02,1.16211E+00,4.88281E-02
7.3347120E-02,1.24023E+00,2.92969E-02
7.3365600E-02,1.22070E+00,9.76562E-03
7.3384080E-02,1.22070E+00,2.92969E-02
7.3402560E-02,1.22070E+00,2.92969E-02
7.3421040E-02,1.22070E+00,6.83594E-02
7.3439520E-02,1.20117E+00,-2.92969E-02
7.3458000E-02,1.33789E+00,4.88281E-02
7.3476480E-02,1.24023E+00,2.92969E-02
7.3494960E-02,1.18164E+00,9.76562E-03
7.3513440E-02,1.25977E+00,4.88281E-02
7.3531920E-02,1.22070E+00,6.83594E-02
7.3550400E-02,1.24023E+00,2.92969E-02
7.3568880E-02,1.16211E+00,-9.76562E-03
7.3587360E-02,1.20117E+00,9.76562E-03
7.3605840E-02,1.16211E+00,4.88281E-02
7.3624320E-02,1.25977E+00,4.88281E-02
7.3642800E-02,1.18164E+00,9.76562E-03
7.3661280E-02,1.27930E+00,9.76562E-03
7.3679760E-02,1.18164E+00,2.92969E-02
7.3698240E-02,1.14258E+00,2.92969E-02
7.3716720E-02,1.18164E+00,4.88281E-02
7.3735200E-02,1.25977E+00,2.92969E-02
7.3753680E-02,1.22070E+00,6.83594E-02
7.3772160E-02,1.27930E+00,4.88281E-02
7.3790640E-02,1.18164E+00,6.83594E-02
7.3809120E-02,1.22070E+00,4.88281E-02
7.3827600E-02,1.25977E+00,9.76562E-03
7.3846080E-02,1.22070E+00,-2.92969E-02
7.3864560E-02,1.20117E+00,4.88281E-02
7.3883040E-02,1.25977E+00,-9.76562E-03
7.3901520E-02,1.16211E+00,4.88281E-02
7.3920000E-02,1.22070E+00,6.83594E-02
7.3938480E-02,1.24023E+00,8.78906E-02
7.3956960E-02,1.27930E+00,2.92969E-02
7.3975440E-02,1.18164E+00,6.83594E-02
7.3993920E-02,1.12305E+00,-9.76562E-03
7.4012400E-02,1.18164E+00,4.88281E-02
7.4030880E-02,1.18164E+00,9.76562E-03
7.4049360E-02,1.18164E+00,8.78906E-02
7.4067840E-02,1.27930E+00,-9.76562E-03
7.4086320E-02,1.22070E+00,6.83594E-02
7.4104800E-02,1.18164E+00,4.88281E-02
7.4123280E-02,1.22070E+00,8.78906E-02
7.4141760E-02,1.16211E+00,4.88281E-02
7.4160240E-02,1.25977E+00,9.76562E-03
7.4178720E-02,1.14258E+00,-9.76562E-03
7.4197200E-02,1.20117E+00,4.88281E-02
7.4215680E-02,1.22070E+00,6.83594E-02
7.4234160E-02,1.25977E+00,4.88281E-02
7.4252640E-02,1.25977E+00,9.76562E-03
7.4271120E-02,1.25977E+00,2.92969E-02
7.4289600E-02,1.22070E+00,-2.92969E-02
7.4308080E-02,1.18164E+00,6.83594E-02
7.4326560E-02,1.22070E+00,8.78906E-02
7.4345040E-02,1.18164E+00,2.92969E-02
7.4363520E-02,1.27930E+00,6.83594E-02
7.4382000E-02,1.25977E+00,2.92969E-02
7.4400480E-02,1.20117E+00,4.88281E-02
7.4418960E-02,1.16211E+00,4.88281E-02
7.4437440E-02,1.20117E+00,4.88281E-02
7.4455920E-02,1.22070E+00,1.07422E-01
7.4474400E-02,1.25977E+00,6.83594E-02
7.4492880E-02,1.20117E+00,6.83594E-02
7.4511360E-02,1.27930E+00,9.76562E-03
7.4529840E-02,1.29883E+00,4.88281E-02
7.4548320E-02,1.27930E+00,9.76562E-03
7.4566800E-02,1.18164E+00,6.83594E-02
7.4585280E-02,1.22070E+00,6.83594E-02
7.4603760E-02,1.24023E+00,4.88281E-02
7.4622240E-02,1.25977E+00,9.76562E-03
7.4640720E-02,1.18164E+00,4.88281E-02
7.4659200E-02,1.18164E+00,-2.92969E-02
7.4677680E-02,1.22070E+00,9.76562E-03
7.4696160E-02,1.27930E+00,9.76562E-03
7.4714640E-02,1.20117E+00,4.88281E-02
7.4733120E-02,1.20117E+00,9.76562E-03
7.4751600E-02,1.22070E+00,6.83594E-02
7.4770080E-02,1.18164E+00,4.88281E-02
7.4788560E-02,1.20117E+00,2.92969E-02
7.4807040E-02,1.22070E+00,9.76562E-03
7.4825520E-02,1.24023E+00,4.88281E-02
7.4844000E-02,1.24023E+00,-9.76562E-03
7.4862480E-02,1.27930E+00,4.88281E-02
7.4880960E-02,1.24023E+00,2.92969E-02
7.4899440E-02,1.22070E+00,2.92969E-02
7.4917920E-02,1.20117E+00,9.76562E-03
7.4936400E-02,1.22070E+00,1.07422E-01
7.4954880E-02,1.24023E+00,9.76562E-03
7.4973360E-02,1.22070E+00,-4.88281E-02
7.4991840E-02,1.27930E+00,9.76562E-03
7.5010320E-02,1.18164E+00,6.83594E-02
7.5028800E-02,1.16211E+00,2.92969E-02
7.5047280E-02,1.22070E+00,8.78906E-02
7.5065760E-02,1.20117E+00,-2.92969E-02
7.5084240E-02,1.25977E+00,-9.76562E-03
7.5102720E-02,1.27930E+00,9.76562E-03
7.5121200E-02,1.20117E+00,8.78906E-02
7.5139680E-02,1.25977E+00,9.76562E-03
7.5158160E-02,1.22070E+00,6.83594E-02
7.5176640E-02,1.18164E+00,6.83594E-02
7.5195120E-02,1.16211E+00,-4.88281E-02
7.5213600E-02,1.22070E+00,2.92969E-02
7.5232080E-02,1.27930E+00,6.83594E-02
7.5250560E-02,1.29883E+00,-4.88281E-02
7.5269040E-02,1.18164E+00,4.88281E-02
7.5287520E-02,1.22070E+00,6.83594E-02
7.5306000E-02,1.16211E+00,6.83594E-02
7.5324480E-02,1.35742E+00,-9.76562E-03
7.5342960E-02,1.27930E+00,2.92969E-02
7.5361440E-02,1.27930E+00,2.92969E-02
7.5379920E-02,1.27930E+00,4.88281E-02
7.5398400E-02,1.25977E+00,6.83594E-02
7.5416880E-02,1.20117E+00,2.92969E-02
7.5435360E-02,1.25977E+00,4.88281E-02
7.5453840E-02,1.22070E+00,6.83594E-02
7.5472320E-02,1.27930E+00,9.76562E-03
7.5490800E-02,1.16211E+00,6.83594E-02
7.5509280E-02,1.27930E+00,4.88281E-02
7.5527760E-02,1.22070E+00,4.88281E-02
7.5546240E-02,1.24023E+00,6.83594E-02
7.5564720E-02,1.22070E+00,2.92969E-02
7.5583200E-02,1.24023E+00,2.92969E-02
7.5601680E-02,1.16211E+00,9.76562E-03
7.5620160E-02,1.27930E+00,2.92969E-02
7.5638640E-02,1.20117E+00,6.83594E-02
7.5657120E-02,1.22070E+00,2.92969E-02
7.5675600E-02,1.24023E+00,4.88281E-02
7.5694080E-02,1.18164E+00,2.92969E-02
7.5712560E-02,1.25977E+00,4.88281E-02
7.5731040E-02,1.24023E+00,2.92969E-02
7.5749520E-02,1.12305E+00,4.88281E-02
7.5768000E-02,1.22070E+00,2.92969E-02
7.5786480E-02,1.24023E+00,4.88281E-02
7.5804960E-02,1.24023E+00,2.92969E-02
7.5823440E-02,1.22070E+00,2.92969E-02
7.5841920E-02,1.29883E+00,4.88281E-02
7.5860400E-02,1.24023E+00,6.83594E-02
7.5878880E-02,1.27930E+00,9.76562E-03
7.5897360E-02,1.16211E+00,9.76562E-03
7.5915840E-02,1.24023E+00,-9.76562E-03
7.5934320E-02,1.22070E+00,4.88281E-02
7.5952800E-02,1.18164E+00,2.92969E-02
7.5971280E-02,1.22070E+00,6.83594E-02
7.5989760E-02,1.24023E+00,-9.76562E-03
7.6008240E-02,1.20117E+00,6.83594E-02
7.6026720E-02,1.20117E+00,9.76562E-03
7.6045200E-02,1.22070E+00,9.76562E-03
7.6063680E-02,1.20117E+00,4.88281E-02
7.6082160E-02,1.20117E+00,6.83594E-02
7.6100640E-02,1.27930E+00,-6.83594E-02
7.6119120E-02,1.20117E+00,6.83594E-02
7.6137600E-02,1.20117E+00,9.76562E-03
7.6156080E-02,1.16211E+00,2.92969E-02
7.6174560E-02,1.24023E+00,4.88281E-02
7.6193040E-02,1.14258E+00,4.88281E-02
7.6211520E-02,1.20117E+00,9.76562E-03
7.6230000E-02,1.16211E+00,4.88281E-02
7.6248480E-02,1.16211E+00,4.88281E-02
7.6266960E-02,1.22070E+00,2.92969E-02
7.6285440E-02,1.29883E+00,-9.76562E-03
7.6303920E-02,1.18164E+00,9.76562E-03
7.6322400E-02,1.20117E+00,2.92969E-02
7.6340880E-02,1.24023E+00,6.83594E-02
7.6359360E-02,1.22070E+00,8.78906E-02
7.6377840E-02,1.24023E+00,9.76562E-03
7.6396320E-02,1.22070E+00,6.83594E-02
7.6414800E-02,1.22070E+00,6.83594E-02
7.6433280E-02,1.22070E+00,-9.76562E-03
7.6451760E-02,1.18164E+00,2.92969E-02
7.6470240E-02,1.22070E+00,9.76562E-03
7.6488720E-02,1.22070E+00,6.83594E-02
7.6507200E-02,1.20117E+00,-9.76562E-03
7.6525680E-02,1.22070E+00,6.83594E-02
7.6544160E-02,1.27930E+00,9.76562E-03
7.6562640E-02,1.24023E+00,2.92969E-02
7.6581120E-02,1.29883E+00,4.88281E-02
7.6599600E-02,1.35742E+00,-2.92969E-02
7.6618080E-02,1.27930E+00,4.88281E-02
7.6636560E-02,1.25977E+00,8.78906E-02
7.6655040E-02,1.22070E+00,-2.92969E-02
7.6673520E-02,1.25977E+00,9.76562E-03
7.6692000E-02,1.27930E+00,9.76562E-03
7.6710480E-02,1.22070E+00,2.92969E-02
7.6728960E-02,1.12305E+00,4.88281E-02
7.6747440E-02,1.24023E+00,9.76562E-03
7.6765920E-02,1.25977E+00,2.92969E-02
7.6784400E-02,1.24023E+00,2.92969E-02
7.6802880E-02,1.20117E+00,9.76562E-03
7.6821360E-02,1.22070E+00,6.83594E-02
7.6839840E-02,1.27930E+00,2.92969E-02
7.6858320E-02,1.20117E+00,6.83594E-02
7.6876800E-02,1.16211E+00,-9.76562E-03
7.6895280E-02,1.18164E+00,8.78906E-02
7.6913760E-02,1.24023E+00,9.76562E-03
7.6932240E-02,1.18164E+00,4.88281E-02
7.6950720E-02,1.27930E+00,4.88281E-02
7.6969200E-02,1.22070E+00,4.88281E-02
7.6987680E-02,1.22070E+00,2.92969E-02
7.7006160E-02,1.22070E+00,6.83594E-02
7.7024640E-02,1.27930E+00,2.92969E-02
7.7043120E-02,1.20117E+00,6.83594E-02
7.7061600E-02,1.22070E+00,-9.76562E-03
7.7080080E-02,1.24023E+00,2.92969E-02
7.7098560E-02,1.24023E+00,9.76562E-03
7.7117040E-02,1.24023E+00,9.76562E-03
7.7135520E-02,1.25977E+00,-9.76562E-03
7.7154000E-02,1.22070E+00,9.76562E-03
7.7172480E-02,1.27930E+00,9.76562E-03
7.7190960E-02,1.24023E+00,6.83594E-02
7.7209440E-02,1.24023E+00,6.83594E-02
7.7227920E-02,1.24023E+00,9.76562E-03
7.7246400E-02,1.20117E+00,-9.76562E-03
7.7264880E-02,1.22070E+00,9.76562E-03
7.7283360E-02,1.20117E+00,8.78906E-02
7.7301840E-02,1.24023E+00,4.88281E-02
7.7320320E-02,1.27930E+00,6.83594E-02
7.7338800E-02,1.25977E+00,2.92969E-02
7.7357280E-02,1.27930E+00,-9.76562E-03
7.7375760E-02,1.25977E+00,9.76562E-03
7.7394240E-02,1.20117E+00,4.88281E-02
7.7412720E-02,1.20117E+00,1.07422E-01
7.7431200E-02,1.24023E+00,2.92969E-02
7.7449680E-02,1.16211E+00,4.88281E-02
7.7468160E-02,1.24023E+00,9.76562E-03
7.7486640E-02,1.20117E+00,6.83594E-02
7.7505120E-02,1.25977E+00,9.76562E-03
7.7523600E-02,1.27930E+00,4.88281E-02
7.7542080E-02,1.27930E+00,2.92969E-02
7.7560560E-02,1.22070E+00,4.88281E-02
7.7579040E-02,1.20117E+00,2.92969E-02
7.7597520E-02,1.22070E+00,4.88281E-02
7.7616000E-02,1.29883E+00,-9.76562E-03
7.7634480E-02,1.22070E+00,2.92969E-02
7.7652960E-02,1.27930E+00,-9.76562E-03
7.7671440E-02,1.25977E+00,9.76562E-03
7.7689920E-02,1.24023E+00,9.76562E-03
7.7708400E-02,1.27930E+00,9.76562E-03
7.7726880E-02,1.16211E+00,4.88281E-02
7.7745360E-02,1.22070E+00,4.88281E-02
7.7763840E-02,1.29883E+00,2.92969E-02
7.7782320E-02,1.10352E+00,6.83594E-02
7.7800800E-02,1.22070E+00,9.76562E-03
7.7819280E-02,1.18164E+00,-9.76562E-03
7.7837760E-02,1.25977E+00,4.88281E-02
7.7856240E-02,1.18164E+00,8.78906E-02
7.7874720E-02,1.25977E+00,9.76562E-03
7.7893200E-02,1.20117E+00,9.76562E-03
7.7911680E-02,1.24023E+00,-9.76562E-03
7.7930160E-02,1.20117E+00,9.76562E-03
7.7948640E-02,1.29883E+00,6.83594E-02
7.7967120E-02,1.24023E+00,1.07422E-01
7.7985600E-02,1.20117E+00,4.88281E-02
7.8004080E-02,1.18164E+00,6.83594E-02
7.8022560E-02,1.25977E+00,6.83594E-02
7.8041040E-02,1.20117E+00,6.83594E-02
7.8059520E-02,1.24023E+00,-9.76562E-03
7.8078000E-02,1.20117E+00,4.88281E-02
7.8096480E-02,1.25977E+00,2.92969E-02
7.8114960E-02,1.24023E+00,9.76562E-03
7.8133440E-02,1.29883E+00,9.76562E-03
7.8151920E-02,1.18164E+00,8.78906E-02
7.8170400E-02,1.27930E+00,4.88281E-02
7.8188880E-02,1.29883E+00,4.88281E-02
7.8207360E-02,1.22070E+00,2.92969E-02
7.8225840E-02,1.18164E+00,2.92969E-02
7.8244320E-02,1.18164E+00,4.88281E-02
7.8262800E-02,1.22070E+00,6.83594E-02
7.8281280E-02,1.29883E+00,-9.76562E-03
7.8299760E-02,1.22070E+00,4.88281E-02
7.8318240E-02,1.20117E+00,9.76562E-03
7.8336720E-02,1.20117E+00,4.88281E-02
7.8355200E-02,1.22070E+00,4.88281E-02
7.8373680E-02,1.22070E+00,-2.92969E-02
7.8392160E-02,1.27930E+00,4.88281E-02
7.8410640E-02,1.20117E+00,4.88281E-02
7.8429120E-02,1.27930E+00,4.88281E-02
7.8447600E-02,1.22070E+00,4.88281E-02
7.8466080E-02,1.25977E+00,-9.76562E-03
7.8484560E-02,1.25977E+00,4.88281E-02
7.8503040E-02,1.22070E+00,-9.76562E-03
7.8521520E-02,1.27930E+00,6.83594E-02
7.8540000E-02,1.22070E+00,9.76562E-03
7.8558480E-02,1.22070E+00,9.76562E-03
7.8576960E-02,1.27930E+00,4.88281E-02
7.8595440E-02,1.27930E+00,4.88281E-02
7.8613920E-02,1.22070E+00,6.83594E-02
7.8632400E-02,1.16211E+00,2.92969E-02
7.8650880E-02,1.20117E+00,9.76562E-03
7.8669360E-02,1.22070E+00,6.83594E-02
7.8687840E-02,1.27930E+00,2.92969E-02
7.8706320E-02,1.27930E+00,8.78906E-02
7.8724800E-02,1.22070E+00,2.92969E-02
7.8743280E-02,1.25977E+00,2.92969E-02
7.8761760E-02,1.31836E+00,-9.76562E-03
7.8780240E-02,1.24023E+00,2.92969E-02
7.8798720E-02,1.18164E+00,9.76562E-03
7.8817200E-02,1.25977E+00,4.88281E-02
7.8835680E-02,1.22070E+00,4.88281E-02
7.8854160E-02,1.24023E+00,2.92969E-02
7.8872640E-02,1.27930E+00,6.83594E-02
7.8891120E-02,1.22070E+00,9.76562E-03
7.8909600E-02,1.27930E+00,4.88281E-02
7.8928080E-02,1.27930E+00,2.92969E-02
7.8946560E-02,1.22070E+00,9.76562E-03
7.8965040E-02,1.25977E+00,4.88281E-02
7.8983520E-02,1.20117E+00,4.88281E-02
7.9002000E-02,1.20117E+00,6.83594E-02
7.9020480E-02,1.22070E+00,2.92969E-02
7.9038960E-02,1.22070E+00,4.88281E-02
7.9057440E-02,1.27930E+00,4.88281E-02
7.9075920E-02,1.22070E+00,6.83594E-02
7.9094400E-02,1.27930E+00,9.76562E-03
7.9112880E-02,1.22070E+00,4.88281E-02
7.9131360E-02,1.22070E+00,-4.88281E-02
7.9149840E-02,1.22070E+00,-4.88281E-02
7.9168320E-02,1.31836E+00,4.88281E-02
7.9186800E-02,1.22070E+00,-9.76562E-03
7.9205280E-02,1.25977E+00,4.88281E-02
7.9223760E-02,1.18164E+00,1.26953E-01
7.9242240E-02,1.22070E+00,-8.78906E-02
7.9260720E-02,1.25977E+00,8.78906E-02
7.9279200E-02,1.24023E+00,-2.92969E-02
7.9297680E-02,1.20117E+00,4.88281E-02
7.9316160E-02,1.25977E+00,4.88281E-02
7.9334640E-02,1.18164E+00,6.83594E-02
7.9353120E-02,1.22070E+00,4.88281E-02
7.9371600E-02,1.18164E+00,4.88281E-02
7.9390080E-02,1.18164E+00,2.92969E-02
7.9408560E-02,1.22070E+00,4.88281E-02
7.9427040E-02,1.22070E+00,6.83594E-02
7.9445520E-02,1.27930E+00,2.92969E-02
7.9464000E-02,1.22070E+00,4.88281E-02
7.9482480E-02,1.25977E+00,4.88281E-02
7.9500960E-02,1.25977E+00,4.88281E-02
7.9519440E-02,1.29883E+00,6.83594E-02
7.9537920E-02,1.24023E+00,2.92969E-02
7.9556400E-02,1.24023E+00,1.07422E-01
7.9574880E-02,1.27930E+00,4.88281E-02
7.9593360E-02,1.16211E+00,2.92969E-02
7.9611840E-02,1.27930E+00,4.88281E-02
7.9630320E-02,1.22070E+00,8.78906E-02
7.9648800E-02,1.24023E+00,6.83594E-02
7.9667280E-02,1.22070E+00,2.92969E-02
7.9685760E-02,1.27930E+00,4.88281E-02
7.9704240E-02,1.20117E+00,8.78906E-02
7.9722720E-02,1.27930E+00,-2.92969E-02
7.9741200E-02,1.18164E+00,6.83594E-02
7.9759680E-02,1.24023E+00,4.88281E-02
7.9778160E-02,1.22070E+00,9.76562E-03
7.9796640E-02,1.22070E+00,2.92969E-02
7.9815120E-02,1.20117E+00,9.76562E-03
7.9833600E-02,1.27930E+00,4.88281E-02
7.9852080E-02,1.24023E+00,6.83594E-02
7.9870560E-02,1.25977E+00,2.92969E-02
7.9889040E-02,1.25977E+00,6.83594E-02
7.9907520E-02,1.27930E+00,9.76562E-03
7.9926000E-02,1.22070E+00,9.76562E-03
7.9944480E-02,1.22070E+00,2.92969E-02
7.9962960E-02,1.25977E+00,4.88281E-02
7.9981440E-02,1.31836E+00,4.88281E-02
7.9999920E-02,1.24023E+00,6.83594E-02
8.0018400E-02,1.27930E+00,1.07422E-01
8.0036880E-02,1.25977E+00,4.88281E-02
8.0055360E-02,1.27930E+00,9.76562E-03
8.0073840E-02,1.24023E+00,2.92969E-02
8.0092320E-02,1.27930E+00,4.88281E-02
8.0110800E-02,1.24023E+00,9.76562E-03
8.0129280E-02,1.29883E+00,2.92969E-02
8.0147760E-02,1.18164E+00,1.07422E-01
8.0166240E-02,1.24023E+00,4.88281E-02
8.0184720E-02,1.24023E+00,2.92969E-02
8.0203200E-02,1.27930E+00,-9.76562E-03
8.0221680E-02,1.25977E+00,4.88281E-02
8.0240160E-02,1.25977E+00,-9.76562E-03
8.0258640E-02,1.22070E+00,9.76562E-03
8.0277120E-02,1.20117E+00,2.92969E-02
8.0295600E-02,1.24023E+00,9.76562E-03
8.0314080E-02,1.27930E+00,2.92969E-02
8.0332560E-02,1.25977E+00,6.83594E-02
8.0351040E-02,1.22070E+00,2.92969E-02
8.0369520E-02,1.24023E+00,2.92969E-02
8.0388000E-02,1.27930E+00,9.76562E-03
8.0406480E-02,1.29883E+00,1.07422E-01
8.0424960E-02,1.22070E+00,-9.76562E-03
8.0443440E-02,1.20117E+00,9.76562E-03
8.0461920E-02,1.25977E+00,6.83594E-02
8.0480400E-02,1.22070E+00,8.78906E-02
8.0498880E-02,1.27930E+00,9.76562E-03
8.0517360E-02,1.24023E+00,6.83594E-02
8.0535840E-02,1.29883E+00,9.76562E-03
8.0554320E-02,1.24023E+00,-9.76562E-03
8.0572800E-02,1.22070E+00,9.76562E-03
8.0591280E-02,1.25977E+00,4.88281E-02
8.0609760E-02,1.27930E+00,9.76562E-03
8.0628240E-02,1.22070E+00,1.07422E-01
8.0646720E-02,1.16211E+00,2.92969E-02
8.0665200E-02,1.25977E+00,6.83594E-02
8.0683680E-02,1.20117E+00,2.92969E-02
8.0702160E-02,1.20117E+00,4.88281E-02
8.0720640E-02,1.27930E+00,-9.76562E-03
8.0739120E-02,1.29883E+00,2.92969E-02
8.0757600E-02,1.22070E+00,-9.76562E-03
8.0776080E-02,1.27930E+00,2.92969E-02
8.0794560E-02,1.24023E+00,8.78906E-02
8.0813040E-02,1.24023E+00,4.88281E-02
8.0831520E-02,1.27930E+00,-9.76562E-03
8.0850000E-02,1.27930E+00,1.07422E-01
8.0868480E-02,1.29883E+00,4.88281E-02
8.0886960E-02,1.29883E+00,4.88281E-02
8.0905440E-02,1.25977E+00,6.83594E-02
8.0923920E-02,1.25977E+00,2.92969E-02
8.0942400E-02,1.20117E+00,-9.76562E-03
8.0960880E-02,1.16211E+00,2.92969E-02
8.0979360E-02,1.25977E+00,9.76562E-03
8.0997840E-02,1.27930E+00,6.83594E-02
8.1016320E-02,1.25977E+00,9.76562E-03
8.1034800E-02,1.24023E+00,-4.88281E-02
8.1053280E-02,1.27930E+00,-9.76562E-03
8.1071760E-02,1.27930E+00,9.76562E-03
8.1090240E-02,1.27930E+00,2.92969E-02
8.1108720E-02,1.22070E+00,4.88281E-02
8.1127200E-02,1.29883E+00,9.76562E-03
8.1145680E-02,1.27930E+00,2.92969E-02
8.1164160E-02,1.22070E+00,-9.76562E-03
8.1182640E-02,1.27930E+00,4.88281E-02
8.1201120E-02,1.29883E+00,2.92969E-02
8.1219600E-02,1.27930E+00,6.83594E-02
8.1238080E-02,1.25977E+00,9.76562E-03
8.1256560E-02,1.18164E+00,6.83594E-02
8.1275040E-02,1.24023E+00,9.76562E-03
8.1293520E-02,1.29883E+00,9.76562E-03
8.1312000E-02,1.31836E+00,9.76562E-03
8.1330480E-02,1.22070E+00,2.92969E-02
8.1348960E-02,1.29883E+00,-9.76562E-03
8.1367440E-02,1.25977E+00,1.07422E-01
8.1385920E-02,1.27930E+00,9.76562E-03
8.1404400E-02,1.22070E+00,6.83594E-02
8.1422880E-02,1.25977E+00,-9.76562E-03
8.1441360E-02,1.24023E+00,6.83594E-02
8.1459840E-02,1.22070E+00,4.88281E-02
8.1478320E-02,1.24023E+00,4.88281E-02
8.1496800E-02,1.27930E+00,4.88281E-02
8.1515280E-02,1.22070E+00,4.88281E-02
8.1533760E-02,1.27930E+00,9.76562E-03
8.1552240E-02,1.29883E+00,2.92969E-02
8.1570720E-02,1.20117E+00,9.76562E-03
8.1589200E-02,1.18164E+00,6.83594E-02
8.1607680E-02,1.24023E+00,2.92969E-02
8.1626160E-02,1.27930E+00,6.83594E-02
8.1644640E-02,1.24023E+00,4.88281E-02
8.1663120E-02,1.22070E+00,9.76562E-03
8.1681600E-02,1.27930E+00,4.88281E-02
8.1700080E-02,1.27930E+00,2.92969E-02
8.1718560E-02,1.27930E+00,-2.92969E-02
8.1737040E-02,1.22070E+00,6.83594E-02
8.1755520E-02,1.24023E+00,6.83594E-02
8.1774000E-02,1.25977E+00,2.92969E-02
8.1792480E-02,1.29883E+00,9.76562E-03
8.1810960E-02,1.22070E+00,6.83594E-02
8.1829440E-02,1.29883E+00,9.76562E-03
8.1847920E-02,1.20117E+00,2.92969E-02
8.1866400E-02,1.29883E+00,9.76562E-03
8.1884880E-02,1.27930E+00,8.78906E-02
8.1903360E-02,1.27930E+00,-4.88281E-02
8.1921840E-02,1.25977E+00,2.92969E-02
8.1940320E-02,1.27930E+00,9.76562E-03
8.1958800E-02,1.27930E+00,9.76562E-03
8.1977280E-02,1.22070E+00,-2.92969E-02
8.1995760E-02,1.18164E+00,9.76562E-03
8.2014240E-02,1.24023E+00,9.76562E-03
8.2032720E-02,1.27930E+00,9.76562E-03
8.2051200E-02,1.27930E+00,9.76562E-03
8.2069680E-02,1.24023E+00,6.83594E-02
8.2088160E-02,1.27930E+00,-9.76562E-03
8.2106640E-02,1.27930E+00,9.76562E-03
8.2125120E-02,1.31836E+00,9.76562E-03
8.2143600E-02,1.22070E+00,4.88281E-02
8.2162080E-02,1.27930E+00,-4.88281E-02
8.2180560E-02,1.18164E+00,2.92969E-02
8.2199040E-02,1.20117E+00,2.92969E-02
8.2217520E-02,1.25977E+00,6.83594E-02
8.2236000E-02,1.25977E+00,2.92969E-02
8.2254480E-02,1.27930E+00,6.83594E-02
8.2272960E-02,1.24023E+00,-2.92969E-02
8.2291440E-02,1.25977E+00,9.76562E-03
8.2309920E-02,1.27930E+00,9.76562E-03
8.2328400E-02,1.25977E+00,9.76562E-03
8.2346880E-02,1.25977E+00,9.76562E-03
8.2365360E-02,1.25977E+00,9.76562E-03
8.2383840E-02,1.29883E+00,-9.76562E-03
8.2402320E-02,1.24023E+00,2.92969E-02
8.2420800E-02,1.27930E+00,4.88281E-02
8.2439280E-02,1.18164E+00,4.88281E-02
8.2457760E-02,1.27930E+00,2.92969E-02
8.2476240E-02,1.22070E+00,6.83594E-02
8.2494720E-02,1.27930E+00,2.92969E-02
8.2513200E-02,1.27930E+00,8.78906E-02
8.2531680E-02,1.29883E+00,4.88281E-02
8.2550160E-02,1.18164E+00,4.88281E-02
8.2568640E-02,1.25977E+00,4.88281E-02
8.2587120E-02,1.27930E+00,-9.76562E-03
8.2605600E-02,1.27930E+00,2.92969E-02
8.2624080E-02,1.25977E+00,4.88281E-02
8.2642560E-02,1.24023E+00,4.88281E-02
8.2661040E-02,1.24023E+00,4.88281E-02
8.2679520E-02,1.27930E+00,9.76562E-03
8.2698000E-02,1.25977E+00,9.76562E-03
8.2716480E-02,1.18164E+00,6.83594E-02
8.2734960E-02,1.25977E+00,4.88281E-02
8.2753440E-02,1.27930E+00,9.76562E-03
8.2771920E-02,1.24023E+00,2.92969E-02
8.2790400E-02,1.27930E+00,9.76562E-03
8.2808880E-02,1.31836E+00,4.88281E-02
8.2827360E-02,1.27930E+00,9.76562E-03
8.2845840E-02,1.25977E+00,8.78906E-02
8.2864320E-02,1.31836E+00,2.92969E-02
8.2882800E-02,1.22070E+00,9.76562E-03
8.2901280E-02,1.27930E+00,-9.76562E-03
8.2919760E-02,1.25977E+00,4.88281E-02
8.2938240E-02,1.27930E+00,-9.76562E-03
8.2956720E-02,1.22070E+00,9.76562E-03
8.2975200E-02,1.25977E+00,9.76562E-03
8.2993680E-02,1.24023E+00,4.88281E-02
8.3012160E-02,1.20117E+00,9.76562E-03
8.3030640E-02,1.22070E+00,4.88281E-02
8.3049120E-02,1.29883E+00,6.83594E-02
8.3067600E-02,1.24023E+00,6.83594E-02
8.3086080E-02,1.27930E+00,9.76562E-03
8.3104560E-02,1.25977E+00,2.92969E-02
8.3123040E-02,1.25977E+00,9.76562E-03
8.3141520E-02,1.18164E+00,6.83594E-02
8.3160000E-02,1.24023E+00,6.83594E-02
8.3178480E-02,1.25977E+00,6.83594E-02
8.3196960E-02,1.25977E+00,6.83594E-02
8.3215440E-02,1.22070E+00,4.88281E-02
8.3233920E-02,1.29883E+00,2.92969E-02
8.3252400E-02,1.14258E+00,4.88281E-02
8.3270880E-02,1.29883E+00,9.76562E-03
8.3289360E-02,1.22070E+00,2.92969E-02
8.3307840E-02,1.27930E+00,-2.92969E-02
8.3326320E-02,1.24023E+00,2.92969E-02
8.3344800E-02,1.27930E+00,9.76562E-03
8.3363280E-02,1.29883E+00,6.83594E-02
8.3381760E-02,1.27930E+00,2.92969E-02
8.3400240E-02,1.27930E+00,6.83594E-02
8.3418720E-02,1.27930E+00,4.88281E-02
8.3437200E-02,1.20117E+00,9.76562E-03
8.3455680E-02,1.24023E+00,9.76562E-03
8.3474160E-02,1.22070E+00,2.92969E-02
8.3492640E-02,1.29883E+00,9.76562E-03
8.3511120E-02,1.29883E+00,2.92969E-02
8.3529600E-02,1.27930E+00,2.92969E-02
8.3548080E-02,1.22070E+00,1.26953E-01
8.3566560E-02,1.25977E+00,2.92969E-02
8.3585040E-02,1.24023E+00,6.83594E-02
8.3603520E-02,1.24023E+00,4.88281E-02
8.3622000E-02,1.27930E+00,6.83594E-02
8.3640480E-02,1.22070E+00,9.76562E-03
8.3658960E-02,1.24023E+00,4.88281E-02
8.3677440E-02,1.27930E+00,9.76562E-03
8.3695920E-02,1.20117E+00,6.83594E-02
8.3714400E-02,1.29883E+00,2.92969E-02
8.3732880E-02,1.27930E+00,4.88281E-02
8.3751360E-02,1.27930E+00,9.76562E-03
8.3769840E-02,1.24023E+00,4.88281E-02
8.3788320E-02,1.27930E+00,9.76562E-03
8.3806800E-02,1.22070E+00,4.88281E-02
8.3825280E-02,1.22070E+00,6.83594E-02
8.3843760E-02,1.24023E+00,4.88281E-02
8.3862240E-02,1.25977E+00,-9.76562E-03
8.3880720E-02,1.20117E+00,1.07422E-01
8.3899200E-02,1.18164E+00,9.76562E-03
8.3917680E-02,1.27930E+00,4.88281E-02
8.3936160E-02,1.27930E+00,2.92969E-02
8.3954640E-02,1.24023E+00,9.76562E-03
8.3973120E-02,1.27930E+00,2.92969E-02
8.3991600E-02,1.25977E+00,9.76562E-03
8.4010080E-02,1.25977E+00,6.83594E-02
8.4028560E-02,1.25977E+00,6.83594E-02
8.4047040E-02,1.16211E+00,2.92969E-02
8.4065520E-02,1.27930E+00,2.92969E-02
8.4084000E-02,1.27930E+00,9.76562E-03
8.4102480E-02,1.16211E+00,2.92969E-02
8.4120960E-02,1.29883E+00,4.88281E-02
8.4139440E-02,1.27930E+00,6.83594E-02
8.4157920E-02,1.22070E+00,-9.76562E-03
8.4176400E-02,1.27930E+00,9.76562E-03
8.4194880E-02,1.27930E+00,-9.76562E-03
8.4213360E-02,1.22070E+00,9.76562E-03
8.4231840E-02,1.27930E+00,9.76562E-03
8.4250320E-02,1.24023E+00,9.76562E-03
8.4268800E-02,1.29883E+00,9.76562E-03
8.4287280E-02,1.20117E+00,6.83594E-02
8.4305760E-02,1.24023E+00,-9.76562E-03
8.4324240E-02,1.29883E+00,6.83594E-02
8.4342720E-02,1.25977E+00,-4.88281E-02
8.4361200E-02,1.22070E+00,2.92969E-02
8.4379680E-02,1.29883E+00,6.83594E-02
8.4398160E-02,1.27930E+00,2.92969E-02
8.4416640E-02,1.22070E+00,4.88281E-02
8.4435120E-02,1.29883E+00,4.88281E-02
8.4453600E-02,1.27930E+00,2.92969E-02
8.4472080E-02,1.22070E+00,6.83594E-02
8.4490560E-02,1.22070E+00,4.88281E-02
8.4509040E-02,1.22070E+00,-2.92969E-02
8.4527520E-02,1.25977E+00,6.83594E-02
8.4546000E-02,1.31836E+00,9.76562E-03
8.4564480E-02,1.18164E+00,9.76562E-03
8.4582960E-02,1.25977E+00,-9.76562E-03
8.4601440E-02,1.27930E+00,-9.76562E-03
8.4619920E-02,1.24023E+00,6.83594E-02
8.4638400E-02,1.29883E+00,2.92969E-02
8.4656880E-02,1.22070E+00,4.88281E-02
8.4675360E-02,1.29883E+00,2.92969E-02
8.4693840E-02,1.25977E+00,2.92969E-02
8.4712320E-02,1.24023E+00,9.76562E-03
8.4730800E-02,1.29883E+00,4.88281E-02
8.4749280E-02,1.22070E+00,-9.76562E-03
8.4767760E-02,1.25977E+00,4.88281E-02
8.4786240E-02,1.29883E+00,2.92969E-02
8.4804720E-02,1.25977E+00,9.76562E-03
8.4823200E-02,1.33789E+00,2.92969E-02
8.4841680E-02,1.25977E+00,2.92969E-02
8.4860160E-02,1.31836E+00,4.88281E-02
8.4878640E-02,1.22070E+00,4.88281E-02
8.4897120E-02,1.29883E+00,4.88281E-02
8.4915600E-02,1.24023E+00,2.92969E-02
8.4934080E-02,1.29883E+00,9.76562E-03
8.4952560E-02,1.25977E+00,2.92969E-02
8.4971040E-02,1.29883E+00,6.83594E-02
8.4989520E-02,1.25977E+00,1.66016E-01
8.5008000E-02,1.27930E+00,9.76562E-03
8.5026480E-02,1.22070E+00,1.07422E-01
8.5044960E-02,1.29883E+00,9.76562E-03
8.5063440E-02,1.20117E+00,-6.83594E-02
8.5081920E-02,1.27930E+00,9.76562E-03
8.5100400E-02,1.22070E+00,2.92969E-02
8.5118880E-02,1.31836E+00,4.88281E-02
8.5137360E-02,1.29883E+00,2.92969E-02
8.5155840E-02,1.25977E+00,-9.76562E-03
8.5174320E-02,1.24023E+00,4.88281E-02
8.5192800E-02,1.24023E+00,9.76562E-03
8.5211280E-02,1.20117E+00,4.88281E-02
8.5229760E-02,1.29883E+00,4.88281E-02
8.5248240E-02,1.25977E+00,4.88281E-02
8.5266720E-02,1.27930E+00,9.76562E-03
8.5285200E-02,1.31836E+00,6.83594E-02
8.5303680E-02,1.25977E+00,2.92969E-02
8.5322160E-02,1.22070E+00,2.92969E-02
8.5340640E-02,1.20117E+00,2.92969E-02
8.5359120E-02,1.22070E+00,4.88281E-02
8.5377600E-02,1.22070E+00,-9.76562E-03
8.5396080E-02,1.29883E+00,9.76562E-03
8.5414560E-02,1.25977E+00,4.88281E-02
8.5433040E-02,1.27930E+00,2.92969E-02
8.5451520E-02,1.29883E+00,9.76562E-03
8.5470000E-02,1.25977E+00,-9.76562E-03
8.5488480E-02,1.12305E+00,9.76562E-03
8.5506960E-02,1.24023E+00,4.88281E-02
8.5525440E-02,1.29883E+00,6.83594E-02
8.5543920E-02,1.29883E+00,2.92969E-02
8.5562400E-02,1.27930E+00,9.76562E-03
8.5580880E-02,1.20117E+00,1.26953E-01
8.5599360E-02,1.24023E+00,9.76562E-03
8.5617840E-02,1.22070E+00,8.78906E-02
8.5636320E-02,1.25977E+00,4.88281E-02
8.5654800E-02,1.25977E+00,8.78906E-02
8.5673280E-02,1.29883E+00,-9.76562E-03
8.5691760E-02,1.18164E+00,2.92969E-02
8.5710240E-02,1.27930E+00,4.88281E-02
8.5728720E-02,1.20117E+00,6.83594E-02
8.5747200E-02,1.31836E+00,-9.76562E-03
8.5765680E-02,1.27930E+00,8.78906E-02
8.5784160E-02,1.31836E+00,9.76562E-03
8.5802640E-02,1.22070E+00,6.83594E-02
8.5821120E-02,1.27930E+00,9.76562E-03
8.5839600E-02,1.27930E+00,9.76562E-03
8.5858080E-02,1.25977E+00,2.92969E-02
8.5876560E-02,1.27930E+00,2.92969E-02
8.5895040E-02,1.27930E+00,9.76562E-03
8.5913520E-02,1.27930E+00,6.83594E-02
8.5932000E-02,1.27930E+00,4.88281E-02
8.5950480E-02,1.25977E+00,2.92969E-02
8.5968960E-02,1.29883E+00,-9.76562E-03
8.5987440E-02,1.25977E+00,8.78906E-02
8.6005920E-02,1.24023E+00,4.88281E-02
8.6024400E-02,1.31836E+00,8.78906E-02
8.6042880E-02,1.25977E+00,9.76562E-03
8.6061360E-02,1.29883E+00,4.88281E-02
8.6079840E-02,1.25977E+00,2.92969E-02
8.6098320E-02,1.24023E+00,2.92969E-02
8.6116800E-02,1.29883E+00,-4.88281E-02
8.6135280E-02,1.20117E+00,6.83594E-02
8.6153760E-02,1.24023E+00,4.88281E-02
8.6172240E-02,1.27930E+00,4.88281E-02
8.6190720E-02,1.25977E+00,9.76562E-03
8.6209200E-02,1.37695E+00,6.83594E-02
8.6227680E-02,1.31836E+00,9.76562E-03
8.6246160E-02,1.24023E+00,4.88281E-02
8.6264640E-02,1.22070E+00,2.92969E-02
8.6283120E-02,1.24023E+00,6.83594E-02
8.6301600E-02,1.27930E+00,2.92969E-02
8.6320080E-02,1.24023E+00,4.88281E-02
8.6338560E-02,1.24023E+00,9.76562E-03
8.6357040E-02,1.22070E+00,2.92969E-02
8.6375520E-02,1.25977E+00,9.76562E-03
8.6394000E-02,1.24023E+00,4.88281E-02
8.6412480E-02,1.29883E+00,6.83594E-02
8.6430960E-02,1.31836E+00,2.92969E-02
8.6449440E-02,1.25977E+00,2.92969E-02
8.6467920E-02,1.24023E+00,4.88281E-02
8.6486400E-02,1.31836E+00,-4.88281E-02
8.6504880E-02,1.20117E+00,9.76562E-03
8.6523360E-02,1.25977E+00,2.92969E-02
8.6541840E-02,1.27930E+00,8.78906E-02
8.6560320E-02,1.31836E+00,6.83594E-02
8.6578800E-02,1.22070E+00,1.07422E-01
8.6597280E-02,1.31836E+00,-9.76562E-03
8.6615760E-02,1.29883E+00,6.83594E-02
8.6634240E-02,1.31836E+00,9.76562E-03
8.6652720E-02,1.29883E+00,8.78906E-02
8.6671200E-02,1.29883E+00,4.88281E-02
8.6689680E-02,1.24023E+00,6.83594E-02
8.6708160E-02,1.29883E+00,2.92969E-02
8.6726640E-02,1.24023E+00,6.83594E-02
8.6745120E-02,1.27930E+00,9.76562E-03
8.6763600E-02,1.31836E+00,2.92969E-02
8.6782080E-02,1.27930E+00,2.92969E-02
8.6800560E-02,1.18164E+00,6.83594E-02
8.6819040E-02,1.29883E+00,4.88281E-02
8.6837520E-02,1.27930E+00,4.88281E-02
8.6856000E-02,1.27930E+00,9.76562E-03
8.6874480E-02,1.24023E+00,6.83594E-02
8.6892960E-02,1.27930E+00,9.76562E-03
8.6911440E-02,1.35742E+00,9.76562E-03
8.6929920E-02,1.27930E+00,-6.83594E-02
8.6948400E-02,1.29883E+00,6.83594E-02
8.6966880E-02,1.25977E+00,9.76562E-03
8.6985360E-02,1.29883E+00,9.76562E-03
8.7003840E-02,1.33789E+00,9.76562E-03
8.7022320E-02,1.29883E+00,4.88281E-02
8.7040800E-02,1.29883E+00,9.76562E-03
8.7059280E-02,1.20117E+00,6.83594E-02
8.7077760E-02,1.25977E+00,2.92969E-02
8.7096240E-02,1.20117E+00,4.88281E-02
8.7114720E-02,1.29883E+00,-2.92969E-02
8.7133200E-02,1.27930E+00,4.88281E-02
8.7151680E-02,1.33789E+00,2.92969E-02
8.7170160E-02,1.31836E+00,6.83594E-02
8.7188640E-02,1.22070E+00,6.83594E-02
8.7207120E-02,1.27930E+00,2.92969E-02
8.7225600E-02,1.27930E+00,4.88281E-02
8.7244080E-02,1.29883E+00,6.83594E-02
8.7262560E-02,1.33789E+00,9.76562E-03
8.7281040E-02,1.29883E+00,9.76562E-03
8.7299520E-02,1.29883E+00,2.92969E-02
8.7318000E-02,1.24023E+00,6.83594E-02
8.7336480E-02,1.27930E+00,4.88281E-02
8.7354960E-02,1.25977E+00,4.88281E-02
8.7373440E-02,1.33789E+00,-2.92969E-02
8.7391920E-02,1.27930E+00,1.07422E-01
8.7410400E-02,1.29883E+00,9.76562E-03
8.7428880E-02,1.22070E+00,4.88281E-02
8.7447360E-02,1.29883E+00,4.88281E-02
8.7465840E-02,1.29883E+00,2.92969E-02
8.7484320E-02,1.33789E+00,9.76562E-03
8.7502800E-02,1.29883E+00,4.88281E-02
8.7521280E-02,1.27930E+00,9.76562E-03
8.7539760E-02,1.27930E+00,4.88281E-02
8.7558240E-02,1.31836E+00,-9.76562E-03
8.7576720E-02,1.22070E+00,9.76562E-03
8.7595200E-02,1.27930E+00,2.92969E-02
8.7613680E-02,1.31836E+00,9.76562E-03
8.7632160E-02,1.25977E+00,4.88281E-02
8.7650640E-02,1.24023E+00,6.83594E-02
8.7669120E-02,1.29883E+00,-9.76562E-03
8.7687600E-02,1.33789E+00,6.83594E-02
8.7706080E-02,1.29883E+00,9.76562E-03
8.7724560E-02,1.29883E+00,4.88281E-02
8.7743040E-02,1.29883E+00,6.83594E-02
8.7761520E-02,1.27930E+00,8.78906E-02
8.7780000E-02,1.25977E+00,9.76562E-03
8.7798480E-02,1.27930E+00,2.92969E-02
8.7816960E-02,1.37695E+00,-2.92969E-02
8.7835440E-02,1.27930E+00,9.76562E-03
8.7853920E-02,1.35742E+00,9.76562E-03
8.7872400E-02,1.25977E+00,4.88281E-02
8.7890880E-02,1.29883E+00,9.76562E-03
8.7909360E-02,1.22070E+00,9.76562E-03
8.7927840E-02,1.27930E+00,4.88281E-02
8.7946320E-02,1.29883E+00,2.92969E-02
8.7964800E-02,1.29883E+00,4.88281E-02
8.7983280E-02,1.25977E+00,2.92969E-02
8.8001760E-02,1.29883E+00,8.78906E-02
8.8020240E-02,1.31836E+00,4.88281E-02
8.8038720E-02,1.27930E+00,-9.76562E-03
8.8057200E-02,1.29883E+00,4.88281E-02
8.8075680E-02,1.37695E+00,-9.76562E-03
8.8094160E-02,1.29883E+00,9.76562E-03
8.8112640E-02,1.31836E+00,-9.76562E-03
8.8131120E-02,1.25977E+00,4.88281E-02
8.8149600E-02,1.24023E+00,9.76562E-03
8.8168080E-02,1.25977E+00,4.88281E-02
8.8186560E-02,1.37695E+00,4.88281E-02
8.8205040E-02,1.29883E+00,1.07422E-01
8.8223520E-02,1.33789E+00,-4.88281E-02
8.8242000E-02,1.29883E+00,4.88281E-02
8.8260480E-02,1.27930E+00,4.88281E-02
8.8278960E-02,1.31836E+00,4.88281E-02
8.8297440E-02,1.31836E+00,6.83594E-02
8.8315920E-02,1.33789E+00,9.76562E-03
8.8334400E-02,1.27930E+00,2.92969E-02
8.8352880E-02,1.31836E+00,-9.76562E-03
8.8371360E-02,1.27930E+00,9.76562E-03
8.8389840E-02,1.35742E+00,4.88281E-02
8.8408320E-02,1.25977E+00,2.92969E-02
8.8426800E-02,1.27930E+00,2.92969E-02
8.8445280E-02,1.33789E+00,9.76562E-03
8.8463760E-02,1.24023E+00,6.83594E-02
8.8482240E-02,1.33789E+00,-4.88281E-02
8.8500720E-02,1.27930E+00,8.78906E-02
8.8519200E-02,1.29883E+00,2.92969E-02
8.8537680E-02,1.33789E+00,9.76562E-03
8.8556160E-02,1.33789E+00,9.76562E-03
8.8574640E-02,1.29883E+00,6.83594E-02
8.8593120E-02,1.27930E+00,9.76562E-03
8.8611600E-02,1.27930E+00,8.78906E-02
8.8630080E-02,1.24023E+00,9.76562E-03
8.8648560E-02,1.27930E+00,-9.76562E-03
8.8667040E-02,1.31836E+00,6.83594E-02
8.8685520E-02,1.24023E+00,9.76562E-03
8.8704000E-02,1.29883E+00,-9.76562E-03
8.8722480E-02,1.29883E+00,2.92969E-02
8.8740960E-02,1.27930E+00,9.76562E-03
8.8759440E-02,1.25977E+00,9.76562E-03
8.8777920E-02,1.29883E+00,4.88281E-02
8.8796400E-02,1.24023E+00,-9.76562E-03
8.8814880E-02,1.33789E+00,2.92969E-02
8.8833360E-02,1.25977E+00,6.83594E-02
8.8851840E-02,1.29883E+00,9.76562E-03
8.8870320E-02,1.24023E+00,1.07422E-01
8.8888800E-02,1.29883E+00,-4.88281E-02
8.8907280E-02,1.29883E+00,2.92969E-02
8.8925760E-02,1.27930E+00,4.88281E-02
8.8944240E-02,1.27930E+00,6.83594E-02
8.8962720E-02,1.27930E+00,2.92969E-02
8.8981200E-02,1.31836E+00,2.92969E-02
8.8999680E-02,1.25977E+00,-9.76562E-03
8.9018160E-02,1.27930E+00,2.92969E-02
8.9036640E-02,1.29883E+00,2.92969E-02
8.9055120E-02,1.24023E+00,-4.88281E-02
8.9073600E-02,1.31836E+00,-9.76562E-03
8.9092080E-02,1.27930E+00,2.92969E-02
8.9110560E-02,1.29883E+00,2.92969E-02
8.9129040E-02,1.20117E+00,6.83594E-02
8.9147520E-02,1.29883E+00,4.88281E-02
8.9166000E-02,1.27930E+00,4.88281E-02
8.9184480E-02,1.31836E+00,4.88281E-02
8.9202960E-02,1.27930E+00,-9.76562E-03
8.9221440E-02,1.27930E+00,8.78906E-02
8.9239920E-02,1.24023E+00,6.83594E-02
8.9258400E-02,1.33789E+00,-9.76562E-03
8.9276880E-02,1.33789E+00,4.88281E-02
8.9295360E-02,1.27930E+00,-4.88281E-02
8.9313840E-02,1.29883E+00,4.88281E-02
8.9332320E-02,1.24023E+00,-9.76562E-03
8.9350800E-02,1.29883E+00,8.78906E-02
8.9369280E-02,1.29883E+00,8.78906E-02
8.9387760E-02,1.24023E+00,6.83594E-02
8.9406240E-02,1.27930E+00,-2.92969E-02
8.9424720E-02,1.25977E+00,6.83594E-02
8.9443200E-02,1.27930E+00,9.76562E-03
8.9461680E-02,1.24023E+00,6.83594E-02
8.9480160E-02,1.27930E+00,-9.76562E-03
8.9498640E-02,1.29883E+00,9.76562E-03
8.9517120E-02,1.27930E+00,4.88281E-02
8.9535600E-02,1.27930E+00,9.76562E-03
8.9554080E-02,1.27930E+00,-9.76562E-03
8.9572560E-02,1.29883E+00,6.83594E-02
8.9591040E-02,1.33789E+00,2.92969E-02
8.9609520E-02,1.25977E+00,6.83594E-02
8.9628000E-02,1.31836E+00,2.92969E-02
8.9646480E-02,1.31836E+00,2.92969E-02
8.9664960E-02,1.31836E+00,2.92969E-02
8.9683440E-02,1.24023E+00,4.88281E-02
8.9701920E-02,1.27930E+00,4.88281E-02
8.9720400E-02,1.27930E+00,2.92969E-02
8.9738880E-02,1.29883E+00,2.92969E-02
8.9757360E-02,1.24023E+00,1.26953E-01
8.9775840E-02,1.33789E+00,-9.76562E-03
8.9794320E-02,1.31836E+00,9.76562E-03
8.9812800E-02,1.25977E+00,9.76562E-03
8.9831280E-02,1.25977E+00,4.88281E-02
8.9849760E-02,1.27930E+00,-9.76562E-03
8.9868240E-02,1.22070E+00,2.92969E-02
8.9886720E-02,1.27930E+00,9.76562E-03
8.9905200E-02,1.29883E+00,4.88281E-02
8.9923680E-02,1.33789E+00,9.76562E-03
8.9942160E-02,1.31836E+00,8.78906E-02
8.9960640E-02,1.29883E+00,2.92969E-02
8.9979120E-02,1.33789E+00,9.76562E-03
8.9997600E-02,1.29883E+00,4.88281E-02
9.0016080E-02,1.27930E+00,1.07422E-01
9.0034560E-02,1.27930E+00,4.88281E-02
9.0053040E-02,1.29883E+00,2.92969E-02
9.0071520E-02,1.24023E+00,9.76562E-03
9.0090000E-02,1.33789E+00,-2.92969E-02
9.0108480E-02,1.31836E+00,9.76562E-03
9.0126960E-02,1.25977E+00,4.88281E-02
9.0145440E-02,1.24023E+00,9.76562E-03
9.0163920E-02,1.29883E+00,6.83594E-02
9.0182400E-02,1.33789E+00,9.76562E-03
9.0200880E-02,1.29883E+00,-4.88281E-02
9.0219360E-02,1.33789E+00,2.92969E-02
9.0237840E-02,1.27930E+00,2.92969E-02
9.0256320E-02,1.27930E+00,9.76562E-03
9.0274800E-02,1.12305E+00,-6.83594E-02
9.0293280E-02,1.27930E+00,-9.76562E-03
9.0311760E-02,1.24023E+00,9.76562E-03
9.0330240E-02,1.35742E+00,-9.76562E-03
9.0348720E-02,1.29883E+00,6.83594E-02
9.0367200E-02,1.33789E+00,2.92969E-02
9.0385680E-02,1.25977E+00,4.88281E-02
9.0404160E-02,1.25977E+00,9.76562E-03
9.0422640E-02,1.33789E+00,4.88281E-02
9.0441120E-02,1.41602E+00,2.92969E-02
9.0459600E-02,1.22070E+00,1.07422E-01
9.0478080E-02,1.25977E+00,-9.76562E-03
9.0496560E-02,1.29883E+00,4.88281E-02
9.0515040E-02,1.27930E+00,4.88281E-02
9.0533520E-02,1.24023E+00,9.76562E-03
9.0552000E-02,1.31836E+00,2.92969E-02
9.0570480E-02,1.24023E+00,6.83594E-02
9.0588960E-02,1.27930E+00,9.76562E-03
9.0607440E-02,1.29883E+00,6.83594E-02
9.0625920E-02,1.31836E+00,9.76562E-03
9.0644400E-02,1.29883E+00,9.76562E-03
9.0662880E-02,1.33789E+00,4.88281E-02
9.0681360E-02,1.29883E+00,4.88281E-02
9.0699840E-02,1.39648E+00,9.76562E-03
9.0718320E-02,1.31836E+00,1.26953E-01
9.0736800E-02,1.37695E+00,6.83594E-02
9.0755280E-02,1.29883E+00,4.88281E-02
9.0773760E-02,1.31836E+00,2.92969E-02
9.0792240E-02,1.29883E+00,4.88281E-02
9.0810720E-02,1.27930E+00,9.76562E-03
9.0829200E-02,1.29883E+00,4.88281E-02
9.0847680E-02,1.29883E+00,2.92969E-02
9.0866160E-02,1.31836E+00,4.88281E-02
9.0884640E-02,1.31836E+00,9.76562E-03
9.0903120E-02,1.31836E+00,2.92969E-02
9.0921600E-02,1.25977E+00,9.76562E-03
9.0940080E-02,1.27930E+00,4.88281E-02
9.0958560E-02,1.33789E+00,-9.76562E-03
9.0977040E-02,1.31836E+00,6.83594E-02
9.0995520E-02,1.29883E+00,9.76562E-03
9.1014000E-02,1.22070E+00,8.78906E-02
9.1032480E-02,1.27930E+00,-9.76562E-03
9.1050960E-02,1.24023E+00,1.07422E-01
9.1069440E-02,1.27930E+00,-9.76562E-03
9.1087920E-02,1.25977E+00,6.83594E-02
9.1106400E-02,1.27930E+00,-9.76562E-03
9.1124880E-02,1.27930E+00,6.83594E-02
9.1143360E-02,1.33789E+00,9.76562E-03
9.1161840E-02,1.29883E+00,9.76562E-03
9.1180320E-02,1.29883E+00,2.92969E-02
9.1198800E-02,1.31836E+00,9.76562E-03
9.1217280E-02,1.33789E+00,9.76562E-03
9.1235760E-02,1.24023E+00,6.83594E-02
9.1254240E-02,1.31836E+00,2.92969E-02
9.1272720E-02,1.29883E+00,4.88281E-02
9.1291200E-02,1.29883E+00,6.83594E-02
9.1309680E-02,1.27930E+00,4.88281E-02
9.1328160E-02,1.27930E+00,4.88281E-02
9.1346640E-02,1.29883E+00,9.76562E-03
9.1365120E-02,1.27930E+00,-9.76562E-03
9.1383600E-02,1.31836E+00,6.83594E-02
9.1402080E-02,1.29883E+00,-9.76562E-03
9.1420560E-02,1.24023E+00,9.76562E-03
9.1439040E-02,1.31836E+00,6.83594E-02
9.1457520E-02,1.25977E+00,6.83594E-02
9.1476000E-02,1.35742E+00,4.88281E-02
9.1494480E-02,1.29883E+00,6.83594E-02
9.1512960E-02,1.39648E+00,4.88281E-02
9.1531440E-02,1.24023E+00,4.88281E-02
9.1549920E-02,1.25977E+00,4.88281E-02
9.1568400E-02,1.31836E+00,6.83594E-02
9.1586880E-02,1.27930E+00,6.83594E-02
9.1605360E-02,1.22070E+00,9.76562E-03
9.1623840E-02,1.31836E+00,9.76562E-03
9.1642320E-02,1.33789E+00,6.83594E-02
9.1660800E-02,1.29883E+00,9.76562E-03
9.1679280E-02,1.29883E+00,2.92969E-02
9.1697760E-02,1.27930E+00,2.92969E-02
9.1716240E-02,1.27930E+00,6.83594E-02
9.1734720E-02,1.31836E+00,9.76562E-03
9.1753200E-02,1.29883E+00,4.88281E-02
9.1771680E-02,1.24023E+00,-9.76562E-03
9.1790160E-02,1.24023E+00,2.92969E-02
9.1808640E-02,1.35742E+00,9.76562E-03
9.1827120E-02,1.29883E+00,2.92969E-02
9.1845600E-02,1.29883E+00,9.76562E-03
9.1864080E-02,1.29883E+00,4.88281E-02
9.1882560E-02,1.31836E+00,4.88281E-02
9.1901040E-02,1.24023E+00,9.76562E-03
9.1919520E-02,1.29883E+00,9.76562E-03
9.1938000E-02,1.25977E+00,1.07422E-01
9.1956480E-02,1.29883E+00,9.76562E-03
9.1974960E-02,1.27930E+00,6.83594E-02
9.1993440E-02,1.33789E+00,2.92969E-02
9.2011920E-02,1.31836E+00,4.88281E-02
9.2030400E-02,1.25977E+00,9.76562E-03
9.2048880E-02,1.20117E+00,1.07422E-01
9.2067360E-02,1.27930E+00,-9.76562E-03
9.2085840E-02,1.24023E+00,6.83594E-02
9.2104320E-02,1.33789E+00,4.88281E-02
9.2122800E-02,1.29883E+00,6.83594E-02
9.2141280E-02,1.29883E+00,4.88281E-02
9.2159760E-02,1.29883E+00,9.76562E-03
9.2178240E-02,1.27930E+00,-9.76562E-03
9.2196720E-02,1.27930E+00,2.92969E-02
9.2215200E-02,1.31836E+00,-9.76562E-03
9.2233680E-02,1.35742E+00,2.92969E-02
9.2252160E-02,1.18164E+00,9.76562E-03
9.2270640E-02,1.24023E+00,9.76562E-03
9.2289120E-02,1.29883E+00,-6.83594E-02
9.2307600E-02,1.27930E+00,4.88281E-02
9.2326080E-02,1.29883E+00,9.76562E-03
9.2344560E-02,1.20117E+00,6.83594E-02
9.2363040E-02,1.27930E+00,9.76562E-03
9.2381520E-02,1.29883E+00,9.76562E-03
9.2400000E-02,1.25977E+00,6.83594E-02
9.2418480E-02,1.29883E+00,6.83594E-02
9.2436960E-02,1.27930E+00,4.88281E-02
9.2455440E-02,1.29883E+00,4.88281E-02
9.2473920E-02,1.35742E+00,-9.76562E-03
9.2492400E-02,1.27930E+00,4.88281E-02
9.2510880E-02,1.24023E+00,-9.76562E-03
9.2529360E-02,1.33789E+00,6.83594E-02
9.2547840E-02,1.27930E+00,-9.76562E-03
9.2566320E-02,1.24023E+00,2.92969E-02
9.2584800E-02,1.33789E+00,2.92969E-02
9.2603280E-02,1.22070E+00,2.92969E-02
9.2621760E-02,1.31836E+00,9.76562E-03
9.2640240E-02,1.25977E+00,9.76562E-03
9.2658720E-02,1.29883E+00,2.92969E-02
9.2677200E-02,1.22070E+00,-2.92969E-02
9.2695680E-02,1.29883E+00,-9.76562E-03
9.2714160E-02,1.27930E+00,4.88281E-02
9.2732640E-02,1.27930E+00,2.92969E-02
9.2751120E-02,1.33789E+00,6.83594E-02
9.2769600E-02,1.35742E+00,4.88281E-02
9.2788080E-02,1.24023E+00,4.88281E-02
9.2806560E-02,1.27930E+00,-2.92969E-02
9.2825040E-02,1.27930E+00,9.76562E-03
9.2843520E-02,1.31836E+00,9.76562E-03
9.2862000E-02,1.29883E+00,4.88281E-02
9.2880480E-02,1.29883E+00,2.92969E-02
9.2898960E-02,1.31836E+00,6.83594E-02
9.2917440E-02,1.27930E+00,4.88281E-02
9.2935920E-02,1.33789E+00,6.83594E-02
9.2954400E-02,1.35742E+00,-2.92969E-02
9.2972880E-02,1.29883E+00,9.76562E-03
9.2991360E-02,1.33789E+00,4.88281E-02
9.3009840E-02,1.27930E+00,9.76562E-03
9.3028320E-02,1.29883E+00,2.92969E-02
9.3046800E-02,1.25977E+00,6.83594E-02
9.3065280E-02,1.33789E+00,9.76562E-03
9.3083760E-02,1.35742E+00,6.83594E-02
9.3102240E-02,1.33789E+00,-9.76562E-03
9.3120720E-02,1.31836E+00,-9.76562E-03
9.3139200E-02,1.33789E+00,8.78906E-02
9.3157680E-02,1.33789E+00,2.92969E-02
9.3176160E-02,1.29883E+00,6.83594E-02
9.3194640E-02,1.35742E+00,4.88281E-02
9.3213120E-02,1.25977E+00,-9.76562E-03
9.3231600E-02,1.27930E+00,6.83594E-02
9.3250080E-02,1.27930E+00,2.92969E-02
9.3268560E-02,1.27930E+00,1.07422E-01
9.3287040E-02,1.31836E+00,9.76562E-03
9.3305520E-02,1.27930E+00,2.92969E-02
9.3324000E-02,1.39648E+00,-4.88281E-02
9.3342480E-02,1.29883E+00,4.88281E-02
9.3360960E-02,1.29883E+00,2.92969E-02
9.3379440E-02,1.27930E+00,1.26953E-01
9.3397920E-02,1.31836E+00,2.92969E-02
9.3416400E-02,1.33789E+00,9.76562E-03
9.3434880E-02,1.31836E+00,-9.76562E-03
9.3453360E-02,1.22070E+00,6.83594E-02
9.3471840E-02,1.31836E+00,4.88281E-02
9.3490320E-02,1.27930E+00,6.83594E-02
9.3508800E-02,1.33789E+00,6.83594E-02
9.3527280E-02,1.25977E+00,6.83594E-02
9.3545760E-02,1.31836E+00,4.88281E-02
9.3564240E-02,1.27930E+00,2.92969E-02
9.3582720E-02,1.33789E+00,4.88281E-02
9.3601200E-02,1.33789E+00,6.83594E-02
9.3619680E-02,1.29883E+00,-9.76562E-03
9.3638160E-02,1.29883E+00,6.83594E-02
9.3656640E-02,1.27930E+00,4.88281E-02
9.3675120E-02,1.25977E+00,1.26953E-01
9.3693600E-02,1.29883E+00,9.76562E-03
9.3712080E-02,1.27930E+00,9.76562E-03
9.3730560E-02,1.33789E+00,4.88281E-02
9.3749040E-02,1.27930E+00,2.92969E-02
9.3767520E-02,1.33789E+00,9.76562E-03
9.3786000E-02,1.27930E+00,4.88281E-02
9.3804480E-02,1.35742E+00,9.76562E-03
9.3822960E-02,1.18164E+00,2.92969E-02
9.3841440E-02,1.35742E+00,-9.76562E-03
9.3859920E-02,1.24023E+00,2.92969E-02
9.3878400E-02,1.27930E+00,9.76562E-03
9.3896880E-02,1.27930E+00,6.83594E-02
9.3915360E-02,1.39648E+00,4.88281E-02
9.3933840E-02,1.31836E+00,6.83594E-02
9.3952320E-02,1.35742E+00,2.92969E-02
9.3970800E-02,1.24023E+00,6.83594E-02
9.3989280E-02,1.35742E+00,9.76562E-03
9.4007760E-02,1.29883E+00,6.83594E-02
9.4026240E-02,1.33789E+00,-9.76562E-03
9.4044720E-02,1.27930E+00,4.88281E-02
9.4063200E-02,1.29883E+00,2.92969E-02
9.4081680E-02,1.25977E+00,6.83594E-02
9.4100160E-02,1.35742E+00,4.88281E-02
9.4118640E-02,1.25977E+00,9.76562E-03
9.4137120E-02,1.27930E+00,4.88281E-02
9.4155600E-02,1.31836E+00,2.92969E-02
9.4174080E-02,1.33789E+00,9.76562E-03
9.4192560E-02,1.24023E+00,4.88281E-02
9.4211040E-02,1.29883E+00,4.88281E-02
9.4229520E-02,1.25977E+00,6.83594E-02
9.4248000E-02,1.31836E+00,4.88281E-02
9.4266480E-02,1.33789E+00,9.76562E-03
9.4284960E-02,1.29883E+00,2.92969E-02
9.4303440E-02,1.31836E+00,4.88281E-02
9.4321920E-02,1.27930E+00,9.76562E-03
9.4340400E-02,1.27930E+00,9.76562E-03
9.4358880E-02,1.29883E+00,2.92969E-02
9.4377360E-02,1.24023E+00,4.88281E-02
9.4395840E-02,1.33789E+00,2.92969E-02
9.4414320E-02,1.29883E+00,4.88281E-02
9.4432800E-02,1.37695E+00,9.76562E-03
9.4451280E-02,1.31836E+00,4.88281E-02
9.4469760E-02,1.29883E+00,9.76562E-03
9.4488240E-02,1.24023E+00,4.88281E-02
9.4506720E-02,1.25977E+00,9.76562E-03
9.4525200E-02,1.29883E+00,9.76562E-03
9.4543680E-02,1.33789E+00,2.92969E-02
9.4562160E-02,1.24023E+00,4.88281E-02
9.4580640E-02,1.33789E+00,9.76562E-03
9.4599120E-02,1.25977E+00,4.88281E-02
9.4617600E-02,1.27930E+00,2.92969E-02
9.4636080E-02,1.27930E+00,4.88281E-02
9.4654560E-02,1.27930E+00,2.92969E-02
9.4673040E-02,1.29883E+00,4.88281E-02
9.4691520E-02,1.29883E+00,9.76562E-03
9.4710000E-02,1.27930E+00,2.92969E-02
9.4728480E-02,1.33789E+00,2.92969E-02
9.4746960E-02,1.24023E+00,9.76562E-03
9.4765440E-02,1.37695E+00,9.76562E-03
9.4783920E-02,1.29883E+00,4.88281E-02
9.4802400E-02,1.33789E+00,2.92969E-02
9.4820880E-02,1.27930E+00,2.92969E-02
9.4839360E-02,1.24023E+00,2.92969E-02
9.4857840E-02,1.35742E+00,9.76562E-03
9.4876320E-02,1.35742E+00,9.76562E-03
9.4894800E-02,1.33789E+00,9.76562E-03
9.4913280E-02,1.33789E+00,4.88281E-02
9.4931760E-02,1.29883E+00,9.76562E-03
9.4950240E-02,1.35742E+00,9.76562E-03
9.4968720E-02,1.25977E+00,6.83594E-02
9.4987200E-02,1.31836E+00,4.88281E-02
9.5005680E-02,1.33789E+00,2.92969E-02
9.5024160E-02,1.29883E+00,-9.76562E-03
9.5042640E-02,1.33789E+00,4.88281E-02
9.5061120E-02,1.35742E+00,9.76562E-03
9.5079600E-02,1.31836E+00,1.26953E-01
9.5098080E-02,1.33789E+00,4.88281E-02
9.5116560E-02,1.27930E+00,2.92969E-02
9.5135040E-02,1.27930E+00,9.76562E-03
9.5153520E-02,1.24023E+00,2.92969E-02
9.5172000E-02,1.37695E+00,-2.92969E-02
9.5190480E-02,1.35742E+00,2.92969E-02
9.5208960E-02,1.37695E+00,9.76562E-03
9.5227440E-02,1.27930E+00,6.83594E-02
9.5245920E-02,1.29883E+00,4.88281E-02
9.5264400E-02,1.27930E+00,6.83594E-02
9.5282880E-02,1.31836E+00,9.76562E-03
9.5301360E-02,1.31836E+00,9.76562E-03
9.5319840E-02,1.37695E+00,4.88281E-02
9.5338320E-02,1.29883E+00,6.83594E-02
9.5356800E-02,1.31836E+00,2.92969E-02
9.5375280E-02,1.29883E+00,2.92969E-02
9.5393760E-02,1.27930E+00,4.88281E-02
9.5412240E-02,1.29883E+00,6.83594E-02
9.5430720E-02,1.35742E+00,2.92969E-02
9.5449200E-02,1.29883E+00,2.92969E-02
9.5467680E-02,1.39648E+00,2.92969E-02
9.5486160E-02,1.29883E+00,6.83594E-02
9.5504640E-02,1.25977E+00,9.76562E-03
9.5523120E-02,1.25977E+00,6.83594E-02
9.5541600E-02,1.35742E+00,9.76562E-03
9.5560080E-02,1.35742E+00,9.76562E-03
9.5578560E-02,1.33789E+00,4.88281E-02
9.5597040E-02,1.33789E+00,8.78906E-02
9.5615520E-02,1.29883E+00,2.92969E-02
9.5634000E-02,1.35742E+00,2.92969E-02
9.5652480E-02,1.37695E+00,4.88281E-02
9.5670960E-02,1.33789E+00,9.76562E-03
9.5689440E-02,1.31836E+00,9.76562E-03
9.5707920E-02,1.33789E+00,2.92969E-02
9.5726400E-02,1.35742E+00,9.76562E-03
9.5744880E-02,1.29883E+00,-9.76562E-03
9.5763360E-02,1.31836E+00,9.76562E-03
9.5781840E-02,1.27930E+00,6.83594E-02
9.5800320E-02,1.31836E+00,-9.76562E-03
9.5818800E-02,1.31836E+00,6.83594E-02
9.5837280E-02,1.31836E+00,4.88281E-02
9.5855760E-02,1.29883E+00,6.83594E-02
9.5874240E-02,1.31836E+00,4.88281E-02
9.5892720E-02,1.39648E+00,4.88281E-02
9.5911200E-02,1.33789E+00,-9.76562E-03
9.5929680E-02,1.29883E+00,6.83594E-02
9.5948160E-02,1.35742E+00,4.88281E-02
9.5966640E-02,1.29883E+00,9.76562E-03
9.5985120E-02,1.25977E+00,-9.76562E-03
9.6003600E-02,1.27930E+00,4.88281E-02
9.6022080E-02,1.31836E+00,6.83594E-02
9.6040560E-02,1.33789E+00,-9.76562E-03
9.6059040E-02,1.27930E+00,9.76562E-03
9.6077520E-02,1.35742E+00,6.83594E-02
9.6096000E-02,1.33789E+00,9.76562E-03
9.6114480E-02,1.29883E+00,4.88281E-02
9.6132960E-02,1.35742E+00,-9.76562E-03
9.6151440E-02,1.25977E+00,4.88281E-02
9.6169920E-02,1.25977E+00,-9.76562E-03
9.6188400E-02,1.29883E+00,-2.92969E-02
9.6206880E-02,1.29883E+00,9.76562E-03
9.6225360E-02,1.31836E+00,6.83594E-02
9.6243840E-02,1.27930E+00,4.88281E-02
9.6262320E-02,1.29883E+00,4.88281E-02
9.6280800E-02,1.33789E+00,4.88281E-02
9.6299280E-02,1.33789E+00,-9.76562E-03
9.6317760E-02,1.31836E+00,2.92969E-02
9.6336240E-02,1.29883E+00,6.83594E-02
9.6354720E-02,1.37695E+00,-9.76562E-03
9.6373200E-02,1.25977E+00,4.88281E-02
9.6391680E-02,1.29883E+00,4.88281E-02
9.6410160E-02,1.31836E+00,4.88281E-02
9.6428640E-02,1.33789E+00,9.76562E-03
9.6447120E-02,1.24023E+00,4.88281E-02
9.6465600E-02,1.31836E+00,-9.76562E-03
9.6484080E-02,1.33789E+00,4.88281E-02
9.6502560E-02,1.31836E+00,4.88281E-02
9.6521040E-02,1.35742E+00,4.88281E-02
9.6539520E-02,1.29883E+00,2.92969E-02
9.6558000E-02,1.27930E+00,4.88281E-02
9.6576480E-02,1.24023E+00,9.76562E-03
9.6594960E-02,1.29883E+00,4.88281E-02
9.6613440E-02,1.35742E+00,9.76562E-03
9.6631920E-02,1.29883E+00,6.83594E-02
9.6650400E-02,1.29883E+00,-2.92969E-02
9.6668880E-02,1.27930E+00,4.88281E-02
9.6687360E-02,1.29883E+00,4.88281E-02
9.6705840E-02,1.31836E+00,2.92969E-02
9.6724320E-02,1.29883E+00,9.76562E-03
9.6742800E-02,1.33789E+00,6.83594E-02
9.6761280E-02,1.29883E+00,9.76562E-03
9.6779760E-02,1.33789E+00,6.83594E-02
9.6798240E-02,1.29883E+00,9.76562E-03
9.6816720E-02,1.31836E+00,4.88281E-02
9.6835200E-02,1.33789E+00,2.92969E-02
9.6853680E-02,1.35742E+00,4.88281E-02
9.6872160E-02,1.29883E+00,4.88281E-02
9.6890640E-02,1.33789E+00,6.83594E-02
9.6909120E-02,1.31836E+00,2.92969E-02
9.6927600E-02,1.29883E+00,9.76562E-03
9.6946080E-02,1.39648E+00,6.83594E-02
9.6964560E-02,1.27930E+00,6.83594E-02
9.6983040E-02,1.27930E+00,4.88281E-02
9.7001520E-02,1.31836E+00,4.88281E-02
9.7020000E-02,1.35742E+00,4.88281E-02
9.7038480E-02,1.27930E+00,-9.76562E-03
9.7056960E-02,1.33789E+00,2.92969E-02
9.7075440E-02,1.31836E+00,4.88281E-02
9.7093920E-02,1.33789E+00,9.76562E-03
9.7112400E-02,1.29883E+00,4.88281E-02
9.7130880E-02,1.33789E+00,9.76562E-03
9.7149360E-02,1.29883E+00,8.78906E-02
9.7167840E-02,1.35742E+00,9.76562E-03
9.7186320E-02,1.29883E+00,2.92969E-02
9.7204800E-02,1.29883E+00,4.88281E-02
9.7223280E-02,1.33789E+00,4.88281E-02
9.7241760E-02,1.29883E+00,9.76562E-03
9.7260240E-02,1.35742E+00,4.88281E-02
9.7278720E-02,1.29883E+00,2.92969E-02
9.7297200E-02,1.31836E+00,4.88281E-02
9.7315680E-02,1.37695E+00,9.76562E-03
9.7334160E-02,1.31836E+00,4.88281E-02
9.7352640E-02,1.37695E+00,4.88281E-02
9.7371120E-02,1.33789E+00,9.76562E-03
9.7389600E-02,1.31836E+00,2.92969E-02
9.7408080E-02,1.27930E+00,6.83594E-02
9.7426560E-02,1.31836E+00,9.76562E-03
9.7445040E-02,1.31836E+00,9.76562E-03
9.7463520E-02,1.37695E+00,2.92969E-02
9.7482000E-02,1.24023E+00,2.92969E-02
9.7500480E-02,1.37695E+00,9.76562E-03
9.7518960E-02,1.35742E+00,6.83594E-02
9.7537440E-02,1.35742E+00,6.83594E-02
9.7555920E-02,1.39648E+00,6.83594E-02
9.7574400E-02,1.27930E+00,9.76562E-03
9.7592880E-02,1.27930E+00,4.88281E-02
9.7611360E-02,1.33789E+00,9.76562E-03
9.7629840E-02,1.27930E+00,4.88281E-02
9.7648320E-02,1.33789E+00,9.76562E-03
9.7666800E-02,1.37695E+00,9.76562E-03
9.7685280E-02,1.33789E+00,2.92969E-02
9.7703760E-02,1.33789E+00,9.76562E-03
9.7722240E-02,1.33789E+00,9.76562E-03
9.7740720E-02,1.24023E+00,2.92969E-02
9.7759200E-02,1.31836E+00,6.83594E-02
9.7777680E-02,1.33789E+00,4.88281E-02
9.7796160E-02,1.31836E+00,9.76562E-03
9.7814640E-02,1.29883E+00,2.92969E-02
9.7833120E-02,1.35742E+00,4.88281E-02
9.7851600E-02,1.31836E+00,8.78906E-02
9.7870080E-02,1.31836E+00,9.76562E-03
9.7888560E-02,1.31836E+00,4.88281E-02
9.7907040E-02,1.29883E+00,4.88281E-02
9.7925520E-02,1.27930E+00,9.76562E-03
9.7944000E-02,1.29883E+00,6.83594E-02
9.7962480E-02,1.29883E+00,4.88281E-02
9.7980960E-02,1.29883E+00,9.76562E-03
9.7999440E-02,1.29883E+00,9.76562E-03
9.8017920E-02,1.29883E+00,-9.76562E-03
9.8036400E-02,1.37695E+00,2.92969E-02
9.8054880E-02,1.27930E+00,2.92969E-02
9.8073360E-02,1.37695E+00,4.88281E-02
9.8091840E-02,1.39648E+00,4.88281E-02
9.8110320E-02,1.31836E+00,4.88281E-02
9.8128800E-02,1.37695E+00,9.76562E-03
9.8147280E-02,1.27930E+00,9.76562E-03
9.8165760E-02,1.37695E+00,-2.92969E-02
9.8184240E-02,1.29883E+00,6.83594E-02
9.8202720E-02,1.31836E+00,2.92969E-02
9.8221200E-02,1.33789E+00,2.92969E-02
9.8239680E-02,1.33789E+00,9.76562E-03
9.8258160E-02,1.29883E+00,6.83594E-02
9.8276640E-02,1.33789E+00,2.92969E-02
9.8295120E-02,1.29883E+00,4.88281E-02
9.8313600E-02,1.25977E+00,4.88281E-02
9.8332080E-02,1.33789E+00,2.92969E-02
9.8350560E-02,1.33789E+00,-4.88281E-02
9.8369040E-02,1.29883E+00,6.83594E-02
9.8387520E-02,1.27930E+00,9.76562E-03
9.8406000E-02,1.35742E+00,6.83594E-02
9.8424480E-02,1.35742E+00,4.88281E-02
9.8442960E-02,1.39648E+00,8.78906E-02
9.8461440E-02,1.29883E+00,9.76562E-03
9.8479920E-02,1.27930E+00,4.88281E-02
9.8498400E-02,1.29883E+00,4.88281E-02
9.8516880E-02,1.31836E+00,2.92969E-02
9.8535360E-02,1.29883E+00,4.88281E-02
9.8553840E-02,1.31836E+00,4.88281E-02
9.8572320E-02,1.27930E+00,-2.92969E-02
9.8590800E-02,1.29883E+00,6.83594E-02
9.8609280E-02,1.27930E+00,9.76562E-03
9.8627760E-02,1.27930E+00,-4.88281E-02
9.8646240E-02,1.31836E+00,-9.76562E-03
9.8664720E-02,1.29883E+00,9.76562E-03
9.8683200E-02,1.37695E+00,4.88281E-02
9.8701680E-02,1.25977E+00,2.92969E-02
9.8720160E-02,1.29883E+00,4.88281E-02
9.8738640E-02,1.31836E+00,9.76562E-03
9.8757120E-02,1.29883E+00,4.88281E-02
9.8775600E-02,1.27930E+00,2.92969E-02
9.8794080E-02,1.33789E+00,-2.92969E-02
9.8812560E-02,1.35742E+00,6.83594E-02
9.8831040E-02,1.27930E+00,2.92969E-02
9.8849520E-02,1.33789E+00,9.76562E-03
9.8868000E-02,1.29883E+00,9.76562E-03
9.8886480E-02,1.35742E+00,4.88281E-02
9.8904960E-02,1.29883E+00,4.88281E-02
9.8923440E-02,1.29883E+00,6.83594E-02
9.8941920E-02,1.29883E+00,4.88281E-02
9.8960400E-02,1.33789E+00,9.76562E-03
9.8978880E-02,1.33789E+00,9.76562E-03
9.8997360E-02,1.25977E+00,8.78906E-02
9.9015840E-02,1.29883E+00,4.88281E-02
9.9034320E-02,1.29883E+00,2.92969E-02
9.9052800E-02,1.31836E+00,9.76562E-03
9.9071280E-02,1.35742E+00,4.88281E-02
9.9089760E-02,1.39648E+00,-9.76562E-03
9.9108240E-02,1.33789E+00,2.92969E-02
9.9126720E-02,1.31836E+00,2.92969E-02
9.9145200E-02,1.29883E+00,6.83594E-02
9.9163680E-02,1.35742E+00,2.92969E-02
9.9182160E-02,1.25977E+00,2.92969E-02
9.9200640E-02,1.31836E+00,9.76562E-03
9.9219120E-02,1.31836E+00,6.83594E-02
9.9237600E-02,1.33789E+00,4.88281E-02
9.9256080E-02,1.27930E+00,9.76562E-03
9.9274560E-02,1.35742E+00,2.92969E-02
9.9293040E-02,1.39648E+00,1.26953E-01
9.9311520E-02,1.35742E+00,9.76562E-03
9.9330000E-02,1.31836E+00,6.83594E-02
9.9348480E-02,1.27930E+00,4.88281E-02
9.9366960E-02,1.29883E+00,4.88281E-02
9.9385440E-02,1.25977E+00,9.76562E-03
9.9403920E-02,1.35742E+00,2.92969E-02
9.9422400E-02,1.29883E+00,2.92969E-02
9.9440880E-02,1.35742E+00,2.92969E-02
9.9459360E-02,1.27930E+00,2.92969E-02
9.9477840E-02,1.29883E+00,-9.76562E-03
9.9496320E-02,1.33789E+00,-9.76562E-03
9.9514800E-02,1.25977E+00,4.88281E-02
9.9533280E-02,1.31836E+00,9.76562E-03
9.9551760E-02,1.31836E+00,2.92969E-02
9.9570240E-02,1.37695E+00,9.76562E-03
9.9588720E-02,1.35742E+00,6.83594E-02
9.9607200E-02,1.39648E+00,9.76562E-03
9.9625680E-02,1.35742E+00,2.92969E-02
9.9644160E-02,1.29883E+00,2.92969E-02
9.9662640E-02,1.29883E+00,4.88281E-02
9.9681120E-02,1.39648E+00,-9.76562E-03
9.9699600E-02,1.31836E+00,6.83594E-02
9.9718080E-02,1.33789E+00,4.88281E-02
9.9736560E-02,1.35742E+00,4.88281E-02
9.9755040E-02,1.31836E+00,4.88281E-02
9.9773520E-02,1.29883E+00,9.76562E-03
9.9792000E-02,1.29883E+00,2.92969E-02
9.9810480E-02,1.29883E+00,1.07422E-01
9.9828960E-02,1.37695E+00,9.76562E-03
9.9847440E-02,1.25977E+00,2.92969E-02
9.9865920E-02,1.37695E+00,4.88281E-02
9.9884400E-02,1.37695E+00,2.92969E-02
9.9902880E-02,1.39648E+00,2.92969E-02
9.9921360E-02,1.37695E+00,4.88281E-02
9.9939840E-02,1.37695E+00,-9.76562E-03
9.9958320E-02,1.37695E+00,9.76562E-03
9.9976800E-02,1.35742E+00,-2.92969E-02
9.9995280E-02,1.35742E+00,9.76562E-03
1.0001376E-01,1.29883E+00,-9.76562E-03
1.0003224E-01,1.33789E+00,2.92969E-02
1.0005072E-01,1.33789E+00,-4.88281E-02
1.0006920E-01,1.29883E+00,4.88281E-02
1.0008768E-01,1.31836E+00,9.76562E-03
1.0010616E-01,1.31836E+00,8.78906E-02
1.0012464E-01,1.29883E+00,2.92969E-02
1.0014312E-01,1.31836E+00,2.92969E-02
1.0016160E-01,1.35742E+00,4.88281E-02
1.0018008E-01,1.35742E+00,2.92969E-02
1.0019856E-01,1.33789E+00,-9.76562E-03
1.0021704E-01,1.35742E+00,2.92969E-02
1.0023552E-01,1.37695E+00,2.92969E-02
1.0025400E-01,1.33789E+00,4.88281E-02
1.0027248E-01,1.29883E+00,9.76562E-03
1.0029096E-01,1.24023E+00,9.76562E-03
1.0030944E-01,1.31836E+00,4.88281E-02
1.0032792E-01,1.35742E+00,4.88281E-02
1.0034640E-01,1.35742E+00,-9.76562E-03
1.0036488E-01,1.35742E+00,2.92969E-02
1.0038336E-01,1.35742E+00,2.92969E-02
1.0040184E-01,1.39648E+00,4.88281E-02
1.0042032E-01,1.31836E+00,-9.76562E-03
1.0043880E-01,1.29883E+00,4.88281E-02
1.0045728E-01,1.31836E+00,-9.76562E-03
1.0047576E-01,1.29883E+00,9.76562E-03
1.0049424E-01,1.25977E+00,6.83594E-02
1.0051272E-01,1.29883E+00,8.78906E-02
1.0053120E-01,1.25977E+00,-9.76562E-03
1.0054968E-01,1.33789E+00,4.88281E-02
1.0056816E-01,1.29883E+00,-9.76562E-03
1.0058664E-01,1.31836E+00,1.07422E-01
1.0060512E-01,1.37695E+00,2.92969E-02
1.0062360E-01,1.29883E+00,4.88281E-02
1.0064208E-01,1.35742E+00,2.92969E-02
1.0066056E-01,1.29883E+00,4.88281E-02
1.0067904E-01,1.35742E+00,2.92969E-02
1.0069752E-01,1.29883E+00,8.78906E-02
1.0071600E-01,1.35742E+00,-9.76562E-03
1.0073448E-01,1.29883E+00,9.76562E-03
1.0075296E-01,1.35742E+00,9.76562E-03
1.0077144E-01,1.27930E+00,2.92969E-02
1.0078992E-01,1.25977E+00,9.76562E-03
1.0080840E-01,1.35742E+00,4.88281E-02
1.0082688E-01,1.37695E+00,4.88281E-02
1.0084536E-01,1.29883E+00,2.92969E-02
1.0086384E-01,1.37695E+00,-9.76562E-03
1.0088232E-01,1.29883E+00,4.88281E-02
1.0090080E-01,1.25977E+00,4.88281E-02
1.0091928E-01,1.29883E+00,4.88281E-02
1.0093776E-01,1.37695E+00,9.76562E-03
1.0095624E-01,1.35742E+00,2.92969E-02
1.0097472E-01,1.35742E+00,9.76562E-03
1.0099320E-01,1.35742E+00,2.92969E-02
1.0101168E-01,1.29883E+00,-2.92969E-02
1.0103016E-01,1.35742E+00,6.83594E-02
1.0104864E-01,1.29883E+00,2.92969E-02
1.0106712E-01,1.29883E+00,9.76562E-03
1.0108560E-01,1.33789E+00,2.92969E-02
1.0110408E-01,1.33789E+00,9.76562E-03
1.0112256E-01,1.39648E+00,4.88281E-02
1.0114104E-01,1.31836E+00,4.88281E-02
1.0115952E-01,1.37695E+00,4.88281E-02
1.0117800E-01,1.39648E+00,6.83594E-02
1.0119648E-01,1.37695E+00,9.76562E-03
1.0121496E-01,1.33789E+00,9.76562E-03
1.0123344E-01,1.37695E+00,8.78906E-02
1.0125192E-01,1.31836E+00,6.83594E-02
1.0127040E-01,1.33789E+00,-9.76562E-03
1.0128888E-01,1.31836E+00,2.92969E-02
1.0130736E-01,1.37695E+00,-9.76562E-03
1.0132584E-01,1.33789E+00,2.92969E-02
1.0134432E-01,1.31836E+00,2.92969E-02
1.0136280E-01,1.27930E+00,6.83594E-02
1.0138128E-01,1.25977E+00,-9.76562E-03
1.0139976E-01,1.29883E+00,2.92969E-02
1.0141824E-01,1.37695E+00,-9.76562E-03
1.0143672E-01,1.29883E+00,2.92969E-02
1.0145520E-01,1.35742E+00,9.76562E-03
1.0147368E-01,1.29883E+00,9.76562E-03
1.0149216E-01,1.29883E+00,4.88281E-02
1.0151064E-01,1.31836E+00,9.76562E-03
1.0152912E-01,1.37695E+00,2.92969E-02
1.0154760E-01,1.35742E+00,4.88281E-02
1.0156608E-01,1.35742E+00,8.78906E-02
1.0158456E-01,1.27930E+00,4.88281E-02
1.0160304E-01,1.41602E+00,-2.92969E-02
1.0162152E-01,1.27930E+00,4.88281E-02
1.0164000E-01,1.41602E+00,9.76562E-03
1.0165848E-01,1.29883E+00,9.76562E-03
1.0167696E-01,1.29883E+00,2.92969E-02
1.0169544E-01,1.31836E+00,6.83594E-02
1.0171392E-01,1.31836E+00,6.83594E-02
1.0173240E-01,1.29883E+00,2.92969E-02
1.0175088E-01,1.35742E+00,6.83594E-02
1.0176936E-01,1.29883E+00,6.83594E-02
1.0178784E-01,1.33789E+00,-2.92969E-02
1.0180632E-01,1.25977E+00,9.76562E-03
1.0182480E-01,1.31836E+00,-9.76562E-03
1.0184328E-01,1.33789E+00,-9.76562E-03
1.0186176E-01,1.35742E+00,-9.76562E-03
1.0188024E-01,1.29883E+00,6.83594E-02
1.0189872E-01,1.31836E+00,4.88281E-02
1.0191720E-01,1.24023E+00,6.83594E-02
1.0193568E-01,1.33789E+00,2.92969E-02
1.0195416E-01,1.31836E+00,6.83594E-02
1.0197264E-01,1.37695E+00,2.92969E-02
1.0199112E-01,1.29883E+00,4.88281E-02
1.0200960E-01,1.29883E+00,2.92969E-02
1.0202808E-01,1.29883E+00,6.83594E-02
1.0204656E-01,1.29883E+00,9.76562E-03
1.0206504E-01,1.33789E+00,9.76562E-03
1.0208352E-01,1.29883E+00,9.76562E-03
1.0210200E-01,1.27930E+00,9.76562E-03
1.0212048E-01,1.35742E+00,9.76562E-03
1.0213896E-01,1.33789E+00,4.88281E-02
1.0215744E-01,1.31836E+00,-9.76562E-03
1.0217592E-01,1.29883E+00,6.83594E-02
1.0219440E-01,1.27930E+00,9.76562E-03
1.0221288E-01,1.31836E+00,6.83594E-02
1.0223136E-01,1.33789E+00,9.76562E-03
1.0224984E-01,1.33789E+00,2.92969E-02
1.0226832E-01,1.33789E+00,-2.92969E-02
1.0228680E-01,1.29883E+00,2.92969E-02
1.0230528E-01,1.29883E+00,6.83594E-02
1.0232376E-01,1.35742E+00,4.88281E-02
1.0234224E-01,1.33789E+00,4.88281E-02
1.0236072E-01,1.29883E+00,8.78906E-02
1.0237920E-01,1.29883E+00,2.92969E-02
1.0239768E-01,1.33789E+00,4.88281E-02
1.0241616E-01,1.33789E+00,9.76562E-03
1.0243464E-01,1.31836E+00,9.76562E-03
1.0245312E-01,1.29883E+00,4.88281E-02
1.0247160E-01,1.35742E+00,6.83594E-02
1.0249008E-01,1.29883E+00,9.76562E-03
1.0250856E-01,1.29883E+00,2.92969E-02
1.0252704E-01,1.39648E+00,4.88281E-02
1.0254552E-01,1.39648E+00,2.92969E-02
1.0256400E-01,1.31836E+00,4.88281E-02
1.0258248E-01,1.29883E+00,8.78906E-02
1.0260096E-01,1.39648E+00,4.88281E-02
1.0261944E-01,1.29883E+00,4.88281E-02
1.0263792E-01,1.35742E+00,4.88281E-02
1.0265640E-01,1.35742E+00,9.76562E-03
1.0267488E-01,1.31836E+00,-2.92969E-02
1.0269336E-01,1.29883E+00,9.76562E-03
1.0271184E-01,1.37695E+00,2.92969E-02
1.0273032E-01,1.33789E+00,9.76562E-03
1.0274880E-01,1.41602E+00,9.76562E-03
1.0276728E-01,1.31836E+00,6.83594E-02
1.0278576E-01,1.33789E+00,1.07422E-01
1.0280424E-01,1.31836E+00,9.76562E-03
1.0282272E-01,1.35742E+00,2.92969E-02
1.0284120E-01,1.35742E+00,4.88281E-02
1.0285968E-01,1.37695E+00,2.92969E-02
1.0287816E-01,1.29883E+00,1.07422E-01
1.0289664E-01,1.27930E+00,9.76562E-03
1.0291512E-01,1.29883E+00,2.92969E-02
1.0293360E-01,1.29883E+00,-9.76562E-03
1.0295208E-01,1.35742E+00,6.83594E-02
1.0297056E-01,1.37695E+00,-4.88281E-02
1.0298904E-01,1.29883E+00,4.88281E-02
1.0300752E-01,1.35742E+00,4.88281E-02
1.0302600E-01,1.41602E+00,-2.92969E-02
1.0304448E-01,1.41602E+00,-9.76562E-03
1.0306296E-01,1.35742E+00,6.83594E-02
1.0308144E-01,1.37695E+00,9.76562E-03
1.0309992E-01,1.35742E+00,2.92969E-02
1.0311840E-01,1.37695E+00,2.92969E-02
1.0313688E-01,1.35742E+00,6.83594E-02
1.0315536E-01,1.29883E+00,4.88281E-02
1.0317384E-01,1.27930E+00,4.88281E-02
1.0319232E-01,1.41602E+00,4.88281E-02
1.0321080E-01,1.39648E+00,1.07422E-01
1.0322928E-01,1.37695E+00,9.76562E-03
1.0324776E-01,1.37695E+00,4.88281E-02
1.0326624E-01,1.33789E+00,4.88281E-02
1.0328472E-01,1.39648E+00,4.88281E-02
1.0330320E-01,1.31836E+00,-9.76562E-03
1.0332168E-01,1.31836E+00,9.76562E-03
1.0334016E-01,1.37695E+00,2.92969E-02
1.0335864E-01,1.31836E+00,2.92969E-02
1.0337712E-01,1.37695E+00,2.92969E-02
1.0339560E-01,1.29883E+00,9.76562E-03
1.0341408E-01,1.33789E+00,2.92969E-02
1.0343256E-01,1.29883E+00,4.88281E-02
1.0345104E-01,1.35742E+00,4.88281E-02
1.0346952E-01,1.31836E+00,4.88281E-02
1.0348800E-01,1.31836E+00,9.76562E-03
1.0350648E-01,1.37695E+00,4.88281E-02
1.0352496E-01,1.33789E+00,9.76562E-03
1.0354344E-01,1.37695E+00,4.88281E-02
1.0356192E-01,1.29883E+00,-9.76562E-03
1.0358040E-01,1.37695E+00,6.83594E-02
1.0359888E-01,1.29883E+00,-9.76562E-03
1.0361736E-01,1.29883E+00,4.88281E-02
1.0363584E-01,1.39648E+00,2.92969E-02
1.0365432E-01,1.35742E+00,6.83594E-02
1.0367280E-01,1.37695E+00,9.76562E-03
1.0369128E-01,1.31836E+00,9.76562E-03
1.0370976E-01,1.37695E+00,2.92969E-02
1.0372824E-01,1.31836E+00,2.92969E-02
1.0374672E-01,1.33789E+00,9.76562E-03
1.0376520E-01,1.35742E+00,4.88281E-02
1.0378368E-01,1.41602E+00,2.92969E-02
1.0380216E-01,1.31836E+00,6.83594E-02
1.0382064E-01,1.33789E+00,6.83594E-02
1.0383912E-01,1.35742E+00,6.83594E-02
1.0385760E-01,1.39648E+00,9.76562E-03
1.0387608E-01,1.35742E+00,2.92969E-02
1.0389456E-01,1.33789E+00,2.92969E-02
1.0391304E-01,1.35742E+00,2.92969E-02
1.0393152E-01,1.31836E+00,2.92969E-02
1.0395000E-01,1.39648E+00,9.76562E-03
1.0396848E-01,1.35742E+00,2.92969E-02
1.0398696E-01,1.31836E+00,4.88281E-02
1.0400544E-01,1.35742E+00,2.92969E-02
1.0402392E-01,1.31836E+00,6.83594E-02
1.0404240E-01,1.37695E+00,2.92969E-02
1.0406088E-01,1.31836E+00,2.92969E-02
1.0407936E-01,1.37695E+00,4.88281E-02
1.0409784E-01,1.35742E+00,4.88281E-02
1.0411632E-01,1.29883E+00,9.76562E-03
1.0413480E-01,1.35742E+00,6.83594E-02
1.0415328E-01,1.43555E+00,4.88281E-02
1.0417176E-01,1.39648E+00,9.76562E-03
1.0419024E-01,1.35742E+00,-9.76562E-03
1.0420872E-01,1.33789E+00,4.88281E-02
1.0422720E-01,1.33789E+00,2.92969E-02
1.0424568E-01,1.35742E+00,4.88281E-02
1.0426416E-01,1.35742E+00,2.92969E-02
1.0428264E-01,1.31836E+00,4.88281E-02
1.0430112E-01,1.29883E+00,4.88281E-02
1.0431960E-01,1.37695E+00,4.88281E-02
1.0433808E-01,1.35742E+00,4.88281E-02
1.0435656E-01,1.35742E+00,6.83594E-02
1.0437504E-01,1.37695E+00,9.76562E-03
1.0439352E-01,1.33789E+00,4.88281E-02
1.0441200E-01,1.37695E+00,4.88281E-02
1.0443048E-01,1.37695E+00,4.88281E-02
1.0444896E-01,1.31836E+00,-2.92969E-02
1.0446744E-01,1.35742E+00,8.78906E-02
1.0448592E-01,1.41602E+00,4.88281E-02
1.0450440E-01,1.31836E+00,9.76562E-03
1.0452288E-01,1.31836E+00,9.76562E-03
1.0454136E-01,1.31836E+00,4.88281E-02
1.0455984E-01,1.33789E+00,2.92969E-02
1.0457832E-01,1.37695E+00,6.83594E-02
1.0459680E-01,1.33789E+00,6.83594E-02
1.0461528E-01,1.33789E+00,6.83594E-02
1.0463376E-01,1.43555E+00,-9.76562E-03
1.0465224E-01,1.33789E+00,2.92969E-02
1.0467072E-01,1.35742E+00,6.83594E-02
1.0468920E-01,1.41602E+00,2.92969E-02
1.0470768E-01,1.33789E+00,9.76562E-03
1.0472616E-01,1.29883E+00,2.92969E-02
1.0474464E-01,1.33789E+00,-9.76562E-03
1.0476312E-01,1.29883E+00,2.92969E-02
1.0478160E-01,1.35742E+00,9.76562E-03
1.0480008E-01,1.31836E+00,2.92969E-02
1.0481856E-01,1.31836E+00,4.88281E-02
1.0483704E-01,1.39648E+00,-9.76562E-03
1.0485552E-01,1.31836E+00,2.92969E-02
1.0487400E-01,1.25977E+00,6.83594E-02
1.0489248E-01,1.41602E+00,4.88281E-02
1.0491096E-01,1.35742E+00,2.92969E-02
1.0492944E-01,1.35742E+00,-9.76562E-03
1.0494792E-01,1.35742E+00,4.88281E-02
1.0496640E-01,1.41602E+00,-9.76562E-03
1.0498488E-01,1.29883E+00,2.92969E-02
1.0500336E-01,1.37695E+00,9.76562E-03
1.0502184E-01,1.35742E+00,2.92969E-02
1.0504032E-01,1.39648E+00,9.76562E-03
1.0505880E-01,1.29883E+00,4.88281E-02
1.0507728E-01,1.35742E+00,8.78906E-02
1.0509576E-01,1.31836E+00,4.88281E-02
1.0511424E-01,1.35742E+00,9.76562E-03
1.0513272E-01,1.39648E+00,2.92969E-02
1.0515120E-01,1.33789E+00,2.92969E-02
1.0516968E-01,1.33789E+00,4.88281E-02
1.0518816E-01,1.31836E+00,4.88281E-02
1.0520664E-01,1.29883E+00,6.83594E-02
1.0522512E-01,1.35742E+00,9.76562E-03
1.0524360E-01,1.35742E+00,6.83594E-02
1.0526208E-01,1.31836E+00,4.88281E-02
1.0528056E-01,1.39648E+00,9.76562E-03
1.0529904E-01,1.31836E+00,9.76562E-03
1.0531752E-01,1.31836E+00,4.88281E-02
1.0533600E-01,1.31836E+00,9.76562E-03
1.0535448E-01,1.24023E+00,9.76562E-03
1.0537296E-01,1.35742E+00,-9.76562E-03
1.0539144E-01,1.39648E+00,9.76562E-03
1.0540992E-01,1.39648E+00,-9.76562E-03
1.0542840E-01,1.33789E+00,6.83594E-02
1.0544688E-01,1.45508E+00,9.76562E-03
1.0546536E-01,1.31836E+00,4.88281E-02
1.0548384E-01,1.31836E+00,9.76562E-03
1.0550232E-01,1.33789E+00,9.76562E-03
1.0552080E-01,1.37695E+00,2.92969E-02
1.0553928E-01,1.29883E+00,4.88281E-02
1.0555776E-01,1.39648E+00,4.88281E-02
1.0557624E-01,1.31836E+00,6.83594E-02
1.0559472E-01,1.27930E+00,2.92969E-02
1.0561320E-01,1.37695E+00,2.92969E-02
1.0563168E-01,1.35742E+00,2.92969E-02
1.0565016E-01,1.33789E+00,1.85547E-01
1.0566864E-01,1.39648E+00,9.76562E-03
1.0568712E-01,1.29883E+00,9.76562E-03
1.0570560E-01,1.33789E+00,4.88281E-02
1.0572408E-01,1.33789E+00,9.76562E-03
1.0574256E-01,1.35742E+00,9.76562E-03
1.0576104E-01,1.35742E+00,2.92969E-02
1.0577952E-01,1.39648E+00,4.88281E-02
1.0579800E-01,1.35742E+00,6.83594E-02
1.0581648E-01,1.39648E+00,-2.92969E-02
1.0583496E-01,1.33789E+00,2.92969E-02
1.0585344E-01,1.37695E+00,9.76562E-03
1.0587192E-01,1.31836E+00,-9.76562E-03
1.0589040E-01,1.31836E+00,-9.76562E-03
1.0590888E-01,1.35742E+00,6.83594E-02
1.0592736E-01,1.37695E+00,2.92969E-02
1.0594584E-01,1.31836E+00,4.88281E-02
1.0596432E-01,1.33789E+00,9.76562E-03
1.0598280E-01,1.31836E+00,1.07422E-01
1.0600128E-01,1.39648E+00,2.92969E-02
1.0601976E-01,1.35742E+00,-2.92969E-02
1.0603824E-01,1.29883E+00,2.92969E-02
1.0605672E-01,1.33789E+00,9.76562E-03
1.0607520E-01,1.37695E+00,4.88281E-02
1.0609368E-01,1.29883E+00,4.88281E-02
1.0611216E-01,1.37695E+00,9.76562E-03
1.0613064E-01,1.37695E+00,9.76562E-03
1.0614912E-01,1.35742E+00,9.76562E-03
1.0616760E-01,1.35742E+00,4.88281E-02
1.0618608E-01,1.37695E+00,4.88281E-02
1.0620456E-01,1.35742E+00,8.78906E-02
1.0622304E-01,1.37695E+00,4.88281E-02
1.0624152E-01,1.29883E+00,9.76562E-03
1.0626000E-01,1.35742E+00,4.88281E-02
1.0627848E-01,1.33789E+00,4.88281E-02
1.0629696E-01,1.31836E+00,2.92969E-02
1.0631544E-01,1.29883E+00,6.83594E-02
1.0633392E-01,1.29883E+00,9.76562E-03
1.0635240E-01,1.39648E+00,9.76562E-03
1.0637088E-01,1.37695E+00,9.76562E-03
1.0638936E-01,1.35742E+00,-9.76562E-03
1.0640784E-01,1.29883E+00,4.88281E-02
1.0642632E-01,1.31836E+00,4.88281E-02
1.0644480E-01,1.39648E+00,4.88281E-02
1.0646328E-01,1.33789E+00,4.88281E-02
1.0648176E-01,1.31836E+00,4.88281E-02
1.0650024E-01,1.33789E+00,2.92969E-02
1.0651872E-01,1.37695E+00,4.88281E-02
1.0653720E-01,1.35742E+00,4.88281E-02
1.0655568E-01,1.37695E+00,-9.76562E-03
1.0657416E-01,1.37695E+00,4.88281E-02
1.0659264E-01,1.43555E+00,4.88281E-02
1.0661112E-01,1.29883E+00,4.88281E-02
1.0662960E-01,1.35742E+00,9.76562E-03
1.0664808E-01,1.39648E+00,9.76562E-03
1.0666656E-01,1.37695E+00,9.76562E-03
1.0668504E-01,1.27930E+00,8.78906E-02
1.0670352E-01,1.37695E+00,9.76562E-03
1.0672200E-01,1.31836E+00,1.07422E-01
1.0674048E-01,1.35742E+00,9.76562E-03
1.0675896E-01,1.29883E+00,9.76562E-03
1.0677744E-01,1.37695E+00,9.76562E-03
1.0679592E-01,1.29883E+00,8.78906E-02
1.0681440E-01,1.37695E+00,4.88281E-02
1.0683288E-01,1.29883E+00,6.83594E-02
1.0685136E-01,1.31836E+00,9.76562E-03
1.0686984E-01,1.33789E+00,4.88281E-02
1.0688832E-01,1.35742E+00,2.92969E-02
1.0690680E-01,1.39648E+00,2.92969E-02
1.0692528E-01,1.37695E+00,2.92969E-02
1.0694376E-01,1.37695E+00,6.83594E-02
1.0696224E-01,1.35742E+00,6.83594E-02
1.0698072E-01,1.33789E+00,4.88281E-02
1.0699920E-01,1.33789E+00,2.92969E-02
1.0701768E-01,1.37695E+00,4.88281E-02
1.0703616E-01,1.39648E+00,-9.76562E-03
1.0705464E-01,1.29883E+00,6.83594E-02
1.0707312E-01,1.37695E+00,-9.76562E-03
1.0709160E-01,1.33789E+00,2.92969E-02
1.0711008E-01,1.39648E+00,4.88281E-02
1.0712856E-01,1.37695E+00,6.83594E-02
1.0714704E-01,1.35742E+00,2.92969E-02
1.0716552E-01,1.39648E+00,8.78906E-02
1.0718400E-01,1.33789E+00,-2.92969E-02
1.0720248E-01,1.35742E+00,2.92969E-02
1.0722096E-01,1.29883E+00,6.83594E-02
1.0723944E-01,1.31836E+00,8.78906E-02
1.0725792E-01,1.33789E+00,9.76562E-03
1.0727640E-01,1.29883E+00,6.83594E-02
1.0729488E-01,1.31836E+00,-9.76562E-03
1.0731336E-01,1.35742E+00,2.92969E-02
1.0733184E-01,1.35742E+00,4.88281E-02
1.0735032E-01,1.29883E+00,8.78906E-02
1.0736880E-01,1.37695E+00,9.76562E-03
1.0738728E-01,1.33789E+00,9.76562E-03
1.0740576E-01,1.29883E+00,9.76562E-03
1.0742424E-01,1.37695E+00,6.83594E-02
1.0744272E-01,1.47461E+00,4.88281E-02
1.0746120E-01,1.37695E+00,6.83594E-02
1.0747968E-01,1.35742E+00,2.92969E-02
1.0749816E-01,1.33789E+00,9.76562E-03
1.0751664E-01,1.37695E+00,-9.76562E-03
1.0753512E-01,1.33789E+00,4.88281E-02
1.0755360E-01,1.37695E+00,2.92969E-02
1.0757208E-01,1.39648E+00,8.78906E-02
1.0759056E-01,1.29883E+00,2.92969E-02
1.0760904E-01,1.37695E+00,2.92969E-02
1.0762752E-01,1.49414E+00,-9.76562E-03
1.0764600E-01,1.35742E+00,4.88281E-02
1.0766448E-01,1.37695E+00,6.83594E-02
1.0768296E-01,1.41602E+00,6.83594E-02
1.0770144E-01,1.31836E+00,4.88281E-02
1.0771992E-01,1.35742E+00,8.78906E-02
1.0773840E-01,1.29883E+00,9.76562E-03
1.0775688E-01,1.35742E+00,6.83594E-02
1.0777536E-01,1.37695E+00,2.92969E-02
1.0779384E-01,1.39648E+00,6.83594E-02
1.0781232E-01,1.31836E+00,4.88281E-02
1.0783080E-01,1.31836E+00,6.83594E-02
1.0784928E-01,1.37695E+00,6.83594E-02
1.0786776E-01,1.31836E+00,9.76562E-03
1.0788624E-01,1.33789E+00,4.88281E-02
1.0790472E-01,1.35742E+00,2.92969E-02
1.0792320E-01,1.37695E+00,-9.76562E-03
1.0794168E-01,1.35742E+00,9.76562E-03
1.0796016E-01,1.37695E+00,4.88281E-02
1.0797864E-01,1.29883E+00,2.92969E-02
1.0799712E-01,1.35742E+00,6.83594E-02
1.0801560E-01,1.35742E+00,4.88281E-02
1.0803408E-01,1.39648E+00,6.83594E-02
1.0805256E-01,1.35742E+00,2.92969E-02
1.0807104E-01,1.37695E+00,2.92969E-02
1.0808952E-01,1.33789E+00,4.88281E-02
1.0810800E-01,1.33789E+00,6.83594E-02
1.0812648E-01,1.27930E+00,6.83594E-02
1.0814496E-01,1.37695E+00,6.83594E-02
1.0816344E-01,1.29883E+00,8.78906E-02
1.0818192E-01,1.39648E+00,9.76562E-03
1.0820040E-01,1.33789E+00,2.92969E-02
1.0821888E-01,1.37695E+00,9.76562E-03
1.0823736E-01,1.37695E+00,4.88281E-02
1.0825584E-01,1.37695E+00,2.92969E-02
1.0827432E-01,1.31836E+00,-4.88281E-02
1.0829280E-01,1.41602E+00,-9.76562E-03
1.0831128E-01,1.39648E+00,9.76562E-03
1.0832976E-01,1.35742E+00,6.83594E-02
1.0834824E-01,1.37695E+00,6.83594E-02
1.0836672E-01,1.33789E+00,4.88281E-02
1.0838520E-01,1.33789E+00,6.83594E-02
1.0840368E-01,1.35742E+00,2.92969E-02
1.0842216E-01,1.33789E+00,4.88281E-02
1.0844064E-01,1.29883E+00,4.88281E-02
1.0845912E-01,1.33789E+00,4.88281E-02
1.0847760E-01,1.37695E+00,9.76562E-03
1.0849608E-01,1.35742E+00,4.88281E-02
1.0851456E-01,1.29883E+00,9.76562E-03
1.0853304E-01,1.29883E+00,8.78906E-02
1.0855152E-01,1.41602E+00,6.83594E-02
1.0857000E-01,1.33789E+00,9.76562E-03
1.0858848E-01,1.37695E+00,9.76562E-03
1.0860696E-01,1.37695E+00,2.92969E-02
1.0862544E-01,1.37695E+00,6.83594E-02
1.0864392E-01,1.39648E+00,4.88281E-02
1.0866240E-01,1.37695E+00,-2.92969E-02
1.0868088E-01,1.37695E+00,4.88281E-02
1.0869936E-01,1.39648E+00,4.88281E-02
1.0871784E-01,1.37695E+00,8.78906E-02
1.0873632E-01,1.41602E+00,2.92969E-02
1.0875480E-01,1.29883E+00,2.92969E-02
1.0877328E-01,1.37695E+00,9.76562E-03
1.0879176E-01,1.29883E+00,6.83594E-02
1.0881024E-01,1.37695E+00,9.76562E-03
1.0882872E-01,1.39648E+00,4.88281E-02
1.0884720E-01,1.41602E+00,4.88281E-02
1.0886568E-01,1.37695E+00,2.92969E-02
1.0888416E-01,1.37695E+00,4.88281E-02
1.0890264E-01,1.33789E+00,4.88281E-02
1.0892112E-01,1.37695E+00,9.76562E-03
1.0893960E-01,1.37695E+00,2.92969E-02
1.0895808E-01,1.43555E+00,4.88281E-02
1.0897656E-01,1.37695E+00,6.83594E-02
1.0899504E-01,1.37695E+00,2.92969E-02
1.0901352E-01,1.31836E+00,6.83594E-02
1.0903200E-01,1.37695E+00,9.76562E-03
1.0905048E-01,1.45508E+00,4.88281E-02
1.0906896E-01,1.31836E+00,9.76562E-03
1.0908744E-01,1.29883E+00,6.83594E-02
1.0910592E-01,1.39648E+00,9.76562E-03
1.0912440E-01,1.35742E+00,4.88281E-02
1.0914288E-01,1.43555E+00,9.76562E-03
1.0916136E-01,1.37695E+00,6.83594E-02
1.0917984E-01,1.37695E+00,2.92969E-02
1.0919832E-01,1.39648E+00,4.88281E-02
1.0921680E-01,1.37695E+00,-9.76562E-03
1.0923528E-01,1.37695E+00,6.83594E-02
1.0925376E-01,1.39648E+00,9.76562E-03
1.0927224E-01,1.31836E+00,2.92969E-02
1.0929072E-01,1.39648E+00,2.92969E-02
1.0930920E-01,1.33789E+00,2.92969E-02
1.0932768E-01,1.33789E+00,9.76562E-03
1.0934616E-01,1.35742E+00,6.83594E-02
1.0936464E-01,1.37695E+00,9.76562E-03
1.0938312E-01,1.35742E+00,2.92969E-02
1.0940160E-01,1.27930E+00,9.76562E-03
1.0942008E-01,1.41602E+00,1.07422E-01
1.0943856E-01,1.43555E+00,9.76562E-03
1.0945704E-01,1.33789E+00,9.76562E-03
1.0947552E-01,1.37695E+00,6.83594E-02
1.0949400E-01,1.29883E+00,9.76562E-03
1.0951248E-01,1.37695E+00,9.76562E-03
1.0953096E-01,1.29883E+00,6.83594E-02
1.0954944E-01,1.43555E+00,4.88281E-02
1.0956792E-01,1.35742E+00,8.78906E-02
1.0958640E-01,1.31836E+00,6.83594E-02
1.0960488E-01,1.39648E+00,9.76562E-03
1.0962336E-01,1.33789E+00,-9.76562E-03
1.0964184E-01,1.35742E+00,2.92969E-02
1.0966032E-01,1.41602E+00,-2.92969E-02
1.0967880E-01,1.31836E+00,6.83594E-02
1.0969728E-01,1.43555E+00,2.92969E-02
1.0971576E-01,1.35742E+00,4.88281E-02
1.0973424E-01,1.41602E+00,9.76562E-03
1.0975272E-01,1.39648E+00,9.76562E-03
1.0977120E-01,1.39648E+00,2.92969E-02
1.0978968E-01,1.35742E+00,6.83594E-02
1.0980816E-01,1.37695E+00,4.88281E-02
1.0982664E-01,1.39648E+00,-2.92969E-02
1.0984512E-01,1.37695E+00,4.88281E-02
1.0986360E-01,1.35742E+00,1.26953E-01
1.0988208E-01,1.41602E+00,2.92969E-02
1.0990056E-01,1.39648E+00,4.88281E-02
1.0991904E-01,1.37695E+00,9.76562E-03
1.0993752E-01,1.33789E+00,4.88281E-02
1.0995600E-01,1.37695E+00,9.76562E-03
1.0997448E-01,1.39648E+00,6.83594E-02
1.0999296E-01,1.39648E+00,9.76562E-03
1.1001144E-01,1.31836E+00,2.92969E-02
1.1002992E-01,1.45508E+00,-9.76562E-03
1.1004840E-01,1.39648E+00,6.83594E-02
1.1006688E-01,1.37695E+00,4.88281E-02
1.1008536E-01,1.41602E+00,4.88281E-02
1.1010384E-01,1.31836E+00,-9.76562E-03
1.1012232E-01,1.35742E+00,6.83594E-02
1.1014080E-01,1.31836E+00,-9.76562E-03
1.1015928E-01,1.41602E+00,6.83594E-02
1.1017776E-01,1.31836E+00,4.88281E-02
1.1019624E-01,1.35742E+00,9.76562E-03
1.1021472E-01,1.29883E+00,9.76562E-03
1.1023320E-01,1.37695E+00,6.83594E-02
1.1025168E-01,1.39648E+00,6.83594E-02
1.1027016E-01,1.41602E+00,9.76562E-03
1.1028864E-01,1.39648E+00,9.76562E-03
1.1030712E-01,1.31836E+00,4.88281E-02
1.1032560E-01,1.31836E+00,4.88281E-02
1.1034408E-01,1.37695E+00,9.76562E-03
1.1036256E-01,1.35742E+00,9.76562E-03
1.1038104E-01,1.35742E+00,2.92969E-02
1.1039952E-01,1.39648E+00,9.76562E-03
1.1041800E-01,1.37695E+00,1.07422E-01
1.1043648E-01,1.43555E+00,4.88281E-02
1.1045496E-01,1.37695E+00,8.78906E-02
1.1047344E-01,1.39648E+00,4.88281E-02
1.1049192E-01,1.39648E+00,9.76562E-03
1.1051040E-01,1.33789E+00,9.76562E-03
1.1052888E-01,1.29883E+00,2.92969E-02
1.1054736E-01,1.27930E+00,9.76562E-03
1.1056584E-01,1.37695E+00,4.88281E-02
1.1058432E-01,1.31836E+00,-2.92969E-02
1.1060280E-01,1.35742E+00,9.76562E-03
1.1062128E-01,1.35742E+00,-9.76562E-03
1.1063976E-01,1.35742E+00,4.88281E-02
1.1065824E-01,1.31836E+00,4.88281E-02
1.1067672E-01,1.33789E+00,2.92969E-02
1.1069520E-01,1.33789E+00,9.76562E-03
1.1071368E-01,1.37695E+00,4.88281E-02
1.1073216E-01,1.37695E+00,-2.92969E-02
1.1075064E-01,1.37695E+00,4.88281E-02
1.1076912E-01,1.35742E+00,9.76562E-03
1.1078760E-01,1.37695E+00,4.88281E-02
1.1080608E-01,1.31836E+00,1.26953E-01
1.1082456E-01,1.37695E+00,2.92969E-02
1.1084304E-01,1.35742E+00,4.88281E-02
1.1086152E-01,1.29883E+00,4.88281E-02
1.1088000E-01,1.31836E+00,9.76562E-03
1.1089848E-01,1.35742E+00,2.92969E-02
1.1091696E-01,1.41602E+00,9.76562E-03
1.1093544E-01,1.37695E+00,6.83594E-02
1.1095392E-01,1.37695E+00,-9.76562E-03
1.1097240E-01,1.33789E+00,4.88281E-02
1.1099088E-01,1.35742E+00,2.92969E-02
1.1100936E-01,1.41602E+00,8.78906E-02
1.1102784E-01,1.43555E+00,9.76562E-03
1.1104632E-01,1.31836E+00,4.88281E-02
1.1106480E-01,1.37695E+00,4.88281E-02
1.1108328E-01,1.37695E+00,6.83594E-02
1.1110176E-01,1.43555E+00,-9.76562E-03
1.1112024E-01,1.37695E+00,6.83594E-02
1.1113872E-01,1.37695E+00,4.88281E-02
1.1115720E-01,1.35742E+00,6.83594E-02
1.1117568E-01,1.31836E+00,2.92969E-02
1.1119416E-01,1.43555E+00,4.88281E-02
1.1121264E-01,1.39648E+00,4.88281E-02
1.1123112E-01,1.39648E+00,4.88281E-02
1.1124960E-01,1.37695E+00,-2.92969E-02
1.1126808E-01,1.33789E+00,6.83594E-02
1.1128656E-01,1.41602E+00,9.76562E-03
1.1130504E-01,1.29883E+00,2.92969E-02
1.1132352E-01,1.41602E+00,2.92969E-02
1.1134200E-01,1.39648E+00,4.88281E-02
1.1136048E-01,1.37695E+00,4.88281E-02
1.1137896E-01,1.33789E+00,9.76562E-03
1.1139744E-01,1.45508E+00,4.88281E-02
1.1141592E-01,1.37695E+00,4.88281E-02
1.1143440E-01,1.37695E+00,-9.76562E-03
1.1145288E-01,1.33789E+00,6.83594E-02
1.1147136E-01,1.39648E+00,4.88281E-02
1.1148984E-01,1.31836E+00,4.88281E-02
1.1150832E-01,1.39648E+00,9.76562E-03
1.1152680E-01,1.41602E+00,2.92969E-02
1.1154528E-01,1.43555E+00,-9.76562E-03
1.1156376E-01,1.35742E+00,2.92969E-02
1.1158224E-01,1.37695E+00,2.92969E-02
1.1160072E-01,1.43555E+00,6.83594E-02
1.1161920E-01,1.39648E+00,9.76562E-03
1.1163768E-01,1.35742E+00,2.92969E-02
1.1165616E-01,1.39648E+00,-6.83594E-02
1.1167464E-01,1.35742E+00,6.83594E-02
1.1169312E-01,1.37695E+00,9.76562E-03
1.1171160E-01,1.31836E+00,6.83594E-02
1.1173008E-01,1.37695E+00,2.92969E-02
1.1174856E-01,1.35742E+00,4.88281E-02
1.1176704E-01,1.41602E+00,9.76562E-03
1.1178552E-01,1.33789E+00,4.88281E-02
1.1180400E-01,1.37695E+00,4.88281E-02
1.1182248E-01,1.37695E+00,4.88281E-02
1.1184096E-01,1.35742E+00,4.88281E-02
1.1185944E-01,1.37695E+00,6.83594E-02
1.1187792E-01,1.33789E+00,4.88281E-02
1.1189640E-01,1.35742E+00,6.83594E-02
1.1191488E-01,1.39648E+00,2.92969E-02
1.1193336E-01,1.31836E+00,2.92969E-02
1.1195184E-01,1.41602E+00,4.88281E-02
1.1197032E-01,1.43555E+00,4.88281E-02
1.1198880E-01,1.43555E+00,-2.92969E-02
1.1200728E-01,1.35742E+00,2.92969E-02
1.1202576E-01,1.35742E+00,9.76562E-03
1.1204424E-01,1.39648E+00,-9.76562E-03
1.1206272E-01,1.35742E+00,-9.76562E-03
1.1208120E-01,1.29883E+00,9.76562E-03
1.1209968E-01,1.35742E+00,9.76562E-03
1.1211816E-01,1.29883E+00,2.92969E-02
1.1213664E-01,1.39648E+00,-9.76562E-03
1.1215512E-01,1.37695E+00,4.88281E-02
1.1217360E-01,1.35742E+00,-2.92969E-02
1.1219208E-01,1.39648E+00,2.92969E-02
1.1221056E-01,1.33789E+00,9.76562E-03
1.1222904E-01,1.29883E+00,6.83594E-02
1.1224752E-01,1.37695E+00,-2.92969E-02
1.1226600E-01,1.39648E+00,4.88281E-02
1.1228448E-01,1.39648E+00,2.92969E-02
1.1230296E-01,1.35742E+00,4.88281E-02
1.1232144E-01,1.39648E+00,9.76562E-03
1.1233992E-01,1.27930E+00,-4.88281E-02
1.1235840E-01,1.31836E+00,-4.88281E-02
1.1237688E-01,1.41602E+00,4.88281E-02
1.1239536E-01,1.35742E+00,9.76562E-03
1.1241384E-01,1.35742E+00,9.76562E-03
1.1243232E-01,1.31836E+00,4.88281E-02
1.1245080E-01,1.43555E+00,2.92969E-02
1.1246928E-01,1.33789E+00,-9.76562E-03
1.1248776E-01,1.41602E+00,2.92969E-02
1.1250624E-01,1.43555E+00,9.76562E-03
1.1252472E-01,1.35742E+00,6.83594E-02
1.1254320E-01,1.35742E+00,9.76562E-03
1.1256168E-01,1.41602E+00,6.83594E-02
1.1258016E-01,1.41602E+00,2.92969E-02
1.1259864E-01,1.39648E+00,9.76562E-03
1.1261712E-01,1.35742E+00,2.92969E-02
1.1263560E-01,1.35742E+00,8.78906E-02
1.1265408E-01,1.35742E+00,9.76562E-03
1.1267256E-01,1.45508E+00,4.88281E-02
1.1269104E-01,1.35742E+00,9.76562E-03
1.1270952E-01,1.39648E+00,6.83594E-02
1.1272800E-01,1.39648E+00,2.92969E-02
1.1274648E-01,1.35742E+00,4.88281E-02
1.1276496E-01,1.35742E+00,-9.76562E-03
1.1278344E-01,1.35742E+00,9.76562E-03
1.1280192E-01,1.39648E+00,9.76562E-03
1.1282040E-01,1.31836E+00,9.76562E-03
1.1283888E-01,1.43555E+00,-9.76562E-03
1.1285736E-01,1.39648E+00,8.78906E-02
1.1287584E-01,1.43555E+00,9.76562E-03
1.1289432E-01,1.37695E+00,8.78906E-02
1.1291280E-01,1.37695E+00,2.92969E-02
1.1293128E-01,1.39648E+00,2.92969E-02
1.1294976E-01,1.33789E+00,2.92969E-02
1.1296824E-01,1.41602E+00,4.88281E-02
1.1298672E-01,1.43555E+00,-9.76562E-03
1.1300520E-01,1.33789E+00,4.88281E-02
1.1302368E-01,1.41602E+00,4.88281E-02
1.1304216E-01,1.45508E+00,9.76562E-03
1.1306064E-01,1.39648E+00,9.76562E-03
1.1307912E-01,1.33789E+00,9.76562E-03
1.1309760E-01,1.37695E+00,4.88281E-02
1.1311608E-01,1.43555E+00,6.83594E-02
1.1313456E-01,1.35742E+00,2.92969E-02
1.1315304E-01,1.37695E+00,6.83594E-02
1.1317152E-01,1.37695E+00,6.83594E-02
1.1319000E-01,1.31836E+00,1.26953E-01
1.1320848E-01,1.39648E+00,2.92969E-02
1.1322696E-01,1.29883E+00,4.88281E-02
1.1324544E-01,1.45508E+00,4.88281E-02
1.1326392E-01,1.25977E+00,2.92969E-02
1.1328240E-01,1.39648E+00,2.92969E-02
1.1330088E-01,1.35742E+00,2.92969E-02
1.1331936E-01,1.31836E+00,2.92969E-02
1.1333784E-01,1.37695E+00,8.78906E-02
1.1335632E-01,1.39648E+00,6.83594E-02
1.1337480E-01,1.41602E+00,2.92969E-02
1.1339328E-01,1.51367E+00,9.76562E-03
1.1341176E-01,1.37695E+00,4.88281E-02
1.1343024E-01,1.43555E+00,2.92969E-02
1.1344872E-01,1.37695E+00,6.83594E-02
1.1346720E-01,1.39648E+00,-2.92969E-02
1.1348568E-01,1.35742E+00,4.88281E-02
1.1350416E-01,1.35742E+00,-9.76562E-03
1.1352264E-01,1.37695E+00,1.07422E-01
1.1354112E-01,1.41602E+00,4.88281E-02
1.1355960E-01,1.39648E+00,9.76562E-03
1.1357808E-01,1.39648E+00,-9.76562E-03
1.1359656E-01,1.35742E+00,2.92969E-02
1.1361504E-01,1.41602E+00,6.83594E-02
1.1363352E-01,1.33789E+00,4.88281E-02
1.1365200E-01,1.37695E+00,9.76562E-03
1.1367048E-01,1.35742E+00,2.92969E-02
1.1368896E-01,1.41602E+00,9.76562E-03
1.1370744E-01,1.31836E+00,4.88281E-02
1.1372592E-01,1.35742E+00,6.83594E-02
1.1374440E-01,1.35742E+00,6.83594E-02
1.1376288E-01,1.39648E+00,9.76562E-03
1.1378136E-01,1.33789E+00,8.78906E-02
1.1379984E-01,1.43555E+00,-9.76562E-03
1.1381832E-01,1.51367E+00,9.76562E-03
1.1383680E-01,1.37695E+00,2.92969E-02
1.1385528E-01,1.35742E+00,9.76562E-03
1.1387376E-01,1.37695E+00,4.88281E-02
1.1389224E-01,1.37695E+00,4.88281E-02
1.1391072E-01,1.33789E+00,-9.76562E-03
1.1392920E-01,1.41602E+00,4.88281E-02
1.1394768E-01,1.35742E+00,4.88281E-02
1.1396616E-01,1.39648E+00,6.83594E-02
1.1398464E-01,1.41602E+00,6.83594E-02
1.1400312E-01,1.31836E+00,6.83594E-02
1.1402160E-01,1.47461E+00,4.88281E-02
1.1404008E-01,1.39648E+00,2.92969E-02
1.1405856E-01,1.41602E+00,-4.88281E-02
1.1407704E-01,1.37695E+00,2.92969E-02
1.1409552E-01,1.41602E+00,2.92969E-02
1.1411400E-01,1.35742E+00,9.76562E-03
1.1413248E-01,1.35742E+00,6.83594E-02
1.1415096E-01,1.41602E+00,1.26953E-01
1.1416944E-01,1.31836E+00,9.76562E-03
1.1418792E-01,1.35742E+00,8.78906E-02
1.1420640E-01,1.31836E+00,2.92969E-02
1.1422488E-01,1.35742E+00,2.92969E-02
1.1424336E-01,1.43555E+00,2.92969E-02
1.1426184E-01,1.33789E+00,6.83594E-02
1.1428032E-01,1.31836E+00,2.92969E-02
1.1429880E-01,1.37695E+00,6.83594E-02
1.1431728E-01,1.37695E+00,8.78906E-02
1.1433576E-01,1.35742E+00,9.76562E-03
1.1435424E-01,1.41602E+00,2.92969E-02
1.1437272E-01,1.37695E+00,2.92969E-02
1.1439120E-01,1.43555E+00,6.83594E-02
1.1440968E-01,1.29883E+00,6.83594E-02
1.1442816E-01,1.41602E+00,4.88281E-02
1.1444664E-01,1.37695E+00,6.83594E-02
1.1446512E-01,1.39648E+00,9.76562E-03
1.1448360E-01,1.35742E+00,2.92969E-02
1.1450208E-01,1.43555E+00,-4.88281E-02
1.1452056E-01,1.37695E+00,4.88281E-02
1.1453904E-01,1.47461E+00,2.92969E-02
1.1455752E-01,1.35742E+00,6.83594E-02
1.1457600E-01,1.37695E+00,4.88281E-02
1.1459448E-01,1.43555E+00,6.83594E-02
1.1461296E-01,1.45508E+00,4.88281E-02
1.1463144E-01,1.37695E+00,9.76562E-03
1.1464992E-01,1.41602E+00,2.92969E-02
1.1466840E-01,1.47461E+00,9.76562E-03
1.1468688E-01,1.37695E+00,2.92969E-02
1.1470536E-01,1.39648E+00,2.92969E-02
1.1472384E-01,1.35742E+00,2.92969E-02
1.1474232E-01,1.37695E+00,4.88281E-02
1.1476080E-01,1.33789E+00,4.88281E-02
1.1477928E-01,1.39648E+00,2.92969E-02
1.1479776E-01,1.41602E+00,9.76562E-03
1.1481624E-01,1.39648E+00,6.83594E-02
1.1483472E-01,1.39648E+00,9.76562E-03
1.1485320E-01,1.47461E+00,2.92969E-02
1.1487168E-01,1.37695E+00,9.76562E-03
1.1489016E-01,1.31836E+00,9.76562E-03
1.1490864E-01,1.45508E+00,4.88281E-02
1.1492712E-01,1.43555E+00,2.92969E-02
1.1494560E-01,1.39648E+00,9.76562E-03
1.1496408E-01,1.41602E+00,4.88281E-02
1.1498256E-01,1.43555E+00,9.76562E-03
1.1500104E-01,1.35742E+00,2.92969E-02
1.1501952E-01,1.33789E+00,9.76562E-03
1.1503800E-01,1.33789E+00,9.76562E-03
1.1505648E-01,1.43555E+00,8.78906E-02
1.1507496E-01,1.35742E+00,4.88281E-02
1.1509344E-01,1.45508E+00,4.88281E-02
1.1511192E-01,1.31836E+00,1.07422E-01
1.1513040E-01,1.41602E+00,9.76562E-03
1.1514888E-01,1.37695E+00,4.88281E-02
1.1516736E-01,1.35742E+00,9.76562E-03
1.1518584E-01,1.35742E+00,2.92969E-02
1.1520432E-01,1.43555E+00,4.88281E-02
1.1522280E-01,1.47461E+00,6.83594E-02
1.1524128E-01,1.47461E+00,-9.76562E-03
1.1525976E-01,1.45508E+00,2.92969E-02
1.1527824E-01,1.41602E+00,9.76562E-03
1.1529672E-01,1.35742E+00,2.92969E-02
1.1531520E-01,1.41602E+00,4.88281E-02
1.1533368E-01,1.37695E+00,6.83594E-02
1.1535216E-01,1.43555E+00,2.92969E-02
1.1537064E-01,1.33789E+00,4.88281E-02
1.1538912E-01,1.43555E+00,4.88281E-02
1.1540760E-01,1.35742E+00,4.88281E-02
1.1542608E-01,1.39648E+00,4.88281E-02
1.1544456E-01,1.37695E+00,2.92969E-02
1.1546304E-01,1.47461E+00,6.83594E-02
1.1548152E-01,1.35742E+00,2.92969E-02
1.1550000E-01,1.43555E+00,9.76562E-03
1.1551848E-01,1.37695E+00,4.88281E-02
1.1553696E-01,1.39648E+00,9.76562E-03
1.1555544E-01,1.37695E+00,9.76562E-03
1.1557392E-01,1.37695E+00,-9.76562E-03
1.1559240E-01,1.37695E+00,8.78906E-02
1.1561088E-01,1.39648E+00,9.76562E-03
1.1562936E-01,1.37695E+00,4.88281E-02
1.1564784E-01,1.41602E+00,2.92969E-02
1.1566632E-01,1.41602E+00,2.92969E-02
1.1568480E-01,1.39648E+00,2.92969E-02
1.1570328E-01,1.29883E+00,4.88281E-02
1.1572176E-01,1.43555E+00,-9.76562E-03
1.1574024E-01,1.37695E+00,9.76562E-03
1.1575872E-01,1.37695E+00,9.76562E-03
1.1577720E-01,1.39648E+00,-9.76562E-03
1.1579568E-01,1.43555E+00,4.88281E-02
1.1581416E-01,1.35742E+00,2.92969E-02
1.1583264E-01,1.37695E+00,4.88281E-02
1.1585112E-01,1.33789E+00,9.76562E-03
1.1586960E-01,1.43555E+00,6.83594E-02
1.1588808E-01,1.45508E+00,9.76562E-03
1.1590656E-01,1.45508E+00,-9.76562E-03
1.1592504E-01,1.41602E+00,6.83594E-02
1.1594352E-01,1.43555E+00,-4.88281E-02
1.1596200E-01,1.37695E+00,6.83594E-02
1.1598048E-01,1.43555E+00,4.88281E-02
1.1599896E-01,1.45508E+00,-4.88281E-02
1.1601744E-01,1.39648E+00,9.76562E-03
1.1603592E-01,1.37695E+00,2.92969E-02
1.1605440E-01,1.41602E+00,2.92969E-02
1.1607288E-01,1.47461E+00,6.83594E-02
1.1609136E-01,1.47461E+00,9.76562E-03
1.1610984E-01,1.37695E+00,9.76562E-03
1.1612832E-01,1.35742E+00,2.92969E-02
1.1614680E-01,1.41602E+00,6.83594E-02
1.1616528E-01,1.43555E+00,2.92969E-02
1.1618376E-01,1.37695E+00,1.07422E-01
1.1620224E-01,1.49414E+00,2.92969E-02
1.1622072E-01,1.39648E+00,6.83594E-02
1.1623920E-01,1.41602E+00,9.76562E-03
1.1625768E-01,1.43555E+00,9.76562E-03
1.1627616E-01,1.37695E+00,9.76562E-03
1.1629464E-01,1.37695E+00,2.92969E-02
1.1631312E-01,1.43555E+00,4.88281E-02
1.1633160E-01,1.39648E+00,4.88281E-02
1.1635008E-01,1.39648E+00,4.88281E-02
1.1636856E-01,1.37695E+00,4.88281E-02
1.1638704E-01,1.43555E+00,9.76562E-03
1.1640552E-01,1.41602E+00,4.88281E-02
1.1642400E-01,1.41602E+00,9.76562E-03
1.1644248E-01,1.37695E+00,8.78906E-02
1.1646096E-01,1.35742E+00,9.76562E-03
1.1647944E-01,1.35742E+00,1.07422E-01
1.1649792E-01,1.41602E+00,6.83594E-02
1.1651640E-01,1.45508E+00,8.78906E-02
1.1653488E-01,1.41602E+00,9.76562E-03
1.1655336E-01,1.37695E+00,2.92969E-02
1.1657184E-01,1.37695E+00,-6.83594E-02
1.1659032E-01,1.35742E+00,9.76562E-03
1.1660880E-01,1.43555E+00,2.92969E-02
1.1662728E-01,1.33789E+00,4.88281E-02
1.1664576E-01,1.47461E+00,2.92969E-02
1.1666424E-01,1.41602E+00,6.83594E-02
1.1668272E-01,1.39648E+00,9.76562E-03
1.1670120E-01,1.35742E+00,2.92969E-02
1.1671968E-01,1.43555E+00,-4.88281E-02
1.1673816E-01,1.35742E+00,9.76562E-03
1.1675664E-01,1.31836E+00,9.76562E-03
1.1677512E-01,1.43555E+00,4.88281E-02
1.1679360E-01,1.43555E+00,9.76562E-03
1.1681208E-01,1.37695E+00,4.88281E-02
1.1683056E-01,1.41602E+00,2.92969E-02
1.1684904E-01,1.41602E+00,4.88281E-02
1.1686752E-01,1.37695E+00,9.76562E-03
1.1688600E-01,1.39648E+00,2.92969E-02
1.1690448E-01,1.41602E+00,-4.88281E-02
1.1692296E-01,1.31836E+00,9.76562E-03
1.1694144E-01,1.39648E+00,6.83594E-02
1.1695992E-01,1.35742E+00,9.76562E-03
1.1697840E-01,1.43555E+00,1.07422E-01
1.1699688E-01,1.33789E+00,-2.92969E-02
1.1701536E-01,1.43555E+00,4.88281E-02
1.1703384E-01,1.35742E+00,6.83594E-02
1.1705232E-01,1.39648E+00,1.07422E-01
1.1707080E-01,1.33789E+00,8.78906E-02
1.1708928E-01,1.35742E+00,2.92969E-02
1.1710776E-01,1.35742E+00,6.83594E-02
1.1712624E-01,1.39648E+00,4.88281E-02
1.1714472E-01,1.37695E+00,6.83594E-02
1.1716320E-01,1.45508E+00,9.76562E-03
1.1718168E-01,1.31836E+00,6.83594E-02
1.1720016E-01,1.31836E+00,2.92969E-02
1.1721864E-01,1.35742E+00,2.92969E-02
1.1723712E-01,1.43555E+00,2.92969E-02
1.1725560E-01,1.39648E+00,6.83594E-02
1.1727408E-01,1.31836E+00,4.88281E-02
1.1729256E-01,1.35742E+00,6.83594E-02
1.1731104E-01,1.37695E+00,2.92969E-02
1.1732952E-01,1.37695E+00,4.88281E-02
1.1734800E-01,1.45508E+00,2.92969E-02
1.1736648E-01,1.37695E+00,4.88281E-02
1.1738496E-01,1.45508E+00,2.92969E-02
1.1740344E-01,1.35742E+00,6.83594E-02
1.1742192E-01,1.49414E+00,2.92969E-02
1.1744040E-01,1.37695E+00,-9.76562E-03
1.1745888E-01,1.37695E+00,9.76562E-03
1.1747736E-01,1.41602E+00,4.88281E-02
1.1749584E-01,1.43555E+00,-6.83594E-02
1.1751432E-01,1.43555E+00,6.83594E-02
1.1753280E-01,1.45508E+00,6.83594E-02
1.1755128E-01,1.37695E+00,4.88281E-02
1.1756976E-01,1.41602E+00,2.92969E-02
1.1758824E-01,1.39648E+00,4.88281E-02
1.1760672E-01,1.37695E+00,9.76562E-03
1.1762520E-01,1.37695E+00,9.76562E-03
1.1764368E-01,1.39648E+00,9.76562E-03
1.1766216E-01,1.37695E+00,4.88281E-02
1.1768064E-01,1.43555E+00,-9.76562E-03
1.1769912E-01,1.39648E+00,6.83594E-02
1.1771760E-01,1.43555E+00,9.76562E-03
1.1773608E-01,1.39648E+00,2.92969E-02
1.1775456E-01,1.41602E+00,6.83594E-02
1.1777304E-01,1.37695E+00,8.78906E-02
1.1779152E-01,1.35742E+00,9.76562E-03
1.1781000E-01,1.35742E+00,2.92969E-02
1.1782848E-01,1.37695E+00,-9.76562E-03
1.1784696E-01,1.39648E+00,4.88281E-02
1.1786544E-01,1.37695E+00,6.83594E-02
1.1788392E-01,1.41602E+00,2.92969E-02
1.1790240E-01,1.43555E+00,4.88281E-02
1.1792088E-01,1.35742E+00,4.88281E-02
1.1793936E-01,1.45508E+00,-9.76562E-03
1.1795784E-01,1.37695E+00,2.92969E-02
1.1797632E-01,1.41602E+00,4.88281E-02
1.1799480E-01,1.41602E+00,-2.92969E-02
1.1801328E-01,1.39648E+00,4.88281E-02
1.1803176E-01,1.43555E+00,6.83594E-02
1.1805024E-01,1.41602E+00,-9.76562E-03
1.1806872E-01,1.35742E+00,9.76562E-03
1.1808720E-01,1.33789E+00,-9.76562E-03
1.1810568E-01,1.43555E+00,1.26953E-01
1.1812416E-01,1.39648E+00,6.83594E-02
1.1814264E-01,1.39648E+00,2.92969E-02
1.1816112E-01,1.43555E+00,4.88281E-02
1.1817960E-01,1.39648E+00,2.92969E-02
1.1819808E-01,1.43555E+00,9.76562E-03
1.1821656E-01,1.43555E+00,6.83594E-02
1.1823504E-01,1.39648E+00,9.76562E-03
1.1825352E-01,1.41602E+00,6.83594E-02
1.1827200E-01,1.41602E+00,9.76562E-03
1.1829048E-01,1.43555E+00,1.07422E-01
1.1830896E-01,1.35742E+00,6.83594E-02
1.1832744E-01,1.37695E+00,6.83594E-02
1.1834592E-01,1.39648E+00,6.83594E-02
1.1836440E-01,1.33789E+00,2.92969E-02
1.1838288E-01,1.39648E+00,9.76562E-03
1.1840136E-01,1.41602E+00,4.88281E-02
1.1841984E-01,1.37695E+00,4.88281E-02
1.1843832E-01,1.39648E+00,4.88281E-02
1.1845680E-01,1.37695E+00,2.92969E-02
1.1847528E-01,1.33789E+00,4.88281E-02
1.1849376E-01,1.37695E+00,2.92969E-02
1.1851224E-01,1.39648E+00,8.78906E-02
1.1853072E-01,1.33789E+00,6.83594E-02
1.1854920E-01,1.41602E+00,9.76562E-03
1.1856768E-01,1.37695E+00,9.76562E-03
1.1858616E-01,1.37695E+00,2.92969E-02
1.1860464E-01,1.43555E+00,4.88281E-02
1.1862312E-01,1.39648E+00,4.88281E-02
1.1864160E-01,1.37695E+00,2.92969E-02
1.1866008E-01,1.41602E+00,9.76562E-03
1.1867856E-01,1.39648E+00,4.88281E-02
1.1869704E-01,1.41602E+00,6.83594E-02
1.1871552E-01,1.43555E+00,6.83594E-02
1.1873400E-01,1.39648E+00,-2.92969E-02
1.1875248E-01,1.41602E+00,2.92969E-02
1.1877096E-01,1.37695E+00,4.88281E-02
1.1878944E-01,1.41602E+00,2.92969E-02
1.1880792E-01,1.37695E+00,8.78906E-02
1.1882640E-01,1.39648E+00,-9.76562E-03
1.1884488E-01,1.39648E+00,4.88281E-02
1.1886336E-01,1.41602E+00,9.76562E-03
1.1888184E-01,1.41602E+00,6.83594E-02
1.1890032E-01,1.39648E+00,2.92969E-02
1.1891880E-01,1.39648E+00,6.83594E-02
1.1893728E-01,1.35742E+00,-9.76562E-03
1.1895576E-01,1.33789E+00,6.83594E-02
1.1897424E-01,1.41602E+00,9.76562E-03
1.1899272E-01,1.33789E+00,4.88281E-02
1.1901120E-01,1.47461E+00,4.88281E-02
1.1902968E-01,1.39648E+00,6.83594E-02
1.1904816E-01,1.43555E+00,4.88281E-02
1.1906664E-01,1.37695E+00,4.88281E-02
1.1908512E-01,1.37695E+00,9.76562E-03
1.1910360E-01,1.47461E+00,6.83594E-02
1.1912208E-01,1.41602E+00,-6.83594E-02
1.1914056E-01,1.37695E+00,9.76562E-03
1.1915904E-01,1.45508E+00,4.88281E-02
1.1917752E-01,1.45508E+00,4.88281E-02
1.1919600E-01,1.41602E+00,9.76562E-03
1.1921448E-01,1.41602E+00,-9.76562E-03
1.1923296E-01,1.43555E+00,-2.92969E-02
1.1925144E-01,1.47461E+00,6.83594E-02
1.1926992E-01,1.43555E+00,9.76562E-03
1.1928840E-01,1.41602E+00,8.78906E-02
1.1930688E-01,1.41602E+00,-9.76562E-03
1.1932536E-01,1.45508E+00,6.83594E-02
1.1934384E-01,1.39648E+00,9.76562E-03
1.1936232E-01,1.37695E+00,6.83594E-02
1.1938080E-01,1.49414E+00,4.88281E-02
1.1939928E-01,1.43555E+00,-2.92969E-02
1.1941776E-01,1.49414E+00,9.76562E-03
1.1943624E-01,1.49414E+00,6.83594E-02
1.1945472E-01,1.43555E+00,-9.76562E-03
1.1947320E-01,1.45508E+00,4.88281E-02
1.1949168E-01,1.39648E+00,-9.76562E-03
1.1951016E-01,1.33789E+00,4.88281E-02
1.1952864E-01,1.39648E+00,2.92969E-02
1.1954712E-01,1.37695E+00,-4.88281E-02
1.1956560E-01,1.45508E+00,4.88281E-02
1.1958408E-01,1.43555E+00,4.88281E-02
1.1960256E-01,1.37695E+00,2.92969E-02
1.1962104E-01,1.37695E+00,6.83594E-02
1.1963952E-01,1.41602E+00,2.92969E-02
1.1965800E-01,1.39648E+00,2.92969E-02
1.1967648E-01,1.41602E+00,9.76562E-03
1.1969496E-01,1.45508E+00,8.78906E-02
1.1971344E-01,1.45508E+00,2.92969E-02
1.1973192E-01,1.43555E+00,6.83594E-02
1.1975040E-01,1.35742E+00,4.88281E-02
1.1976888E-01,1.45508E+00,4.88281E-02
1.1978736E-01,1.35742E+00,2.92969E-02
1.1980584E-01,1.41602E+00,2.92969E-02
1.1982432E-01,1.39648E+00,4.88281E-02
1.1984280E-01,1.35742E+00,2.92969E-02
1.1986128E-01,1.39648E+00,9.76562E-03
1.1987976E-01,1.33789E+00,9.76562E-03
1.1989824E-01,1.37695E+00,9.76562E-03
1.1991672E-01,1.35742E+00,2.92969E-02
1.1993520E-01,1.39648E+00,4.88281E-02
1.1995368E-01,1.35742E+00,2.92969E-02
1.1997216E-01,1.47461E+00,9.76562E-03
1.1999064E-01,1.41602E+00,6.83594E-02
1.2000912E-01,1.41602E+00,9.76562E-03
1.2002760E-01,1.37695E+00,6.83594E-02
1.2004608E-01,1.35742E+00,2.92969E-02
1.2006456E-01,1.39648E+00,4.88281E-02
1.2008304E-01,1.37695E+00,9.76562E-03
1.2010152E-01,1.43555E+00,4.88281E-02
1.2012000E-01,1.37695E+00,2.92969E-02
1.2013848E-01,1.39648E+00,2.92969E-02
1.2015696E-01,1.39648E+00,9.76562E-03
1.2017544E-01,1.35742E+00,2.92969E-02
1.2019392E-01,1.47461E+00,9.76562E-03
1.2021240E-01,1.47461E+00,4.88281E-02
1.2023088E-01,1.47461E+00,9.76562E-03
1.2024936E-01,1.45508E+00,6.83594E-02
1.2026784E-01,1.39648E+00,9.76562E-03
1.2028632E-01,1.37695E+00,-9.76562E-03
1.2030480E-01,1.41602E+00,9.76562E-03
1.2032328E-01,1.37695E+00,6.83594E-02
1.2034176E-01,1.41602E+00,2.92969E-02
1.2036024E-01,1.35742E+00,9.76562E-03
1.2037872E-01,1.37695E+00,-9.76562E-03
1.2039720E-01,1.39648E+00,4.88281E-02
1.2041568E-01,1.39648E+00,9.76562E-03
1.2043416E-01,1.37695E+00,4.88281E-02
1.2045264E-01,1.39648E+00,2.92969E-02
1.2047112E-01,1.37695E+00,9.76562E-03
1.2048960E-01,1.39648E+00,9.76562E-03
1.2050808E-01,1.37695E+00,2.92969E-02
1.2052656E-01,1.37695E+00,-9.76562E-03
1.2054504E-01,1.37695E+00,4.88281E-02
1.2056352E-01,1.37695E+00,6.83594E-02
1.2058200E-01,1.41602E+00,4.88281E-02
1.2060048E-01,1.43555E+00,6.83594E-02
1.2061896E-01,1.35742E+00,-2.92969E-02
1.2063744E-01,1.45508E+00,9.76562E-03
1.2065592E-01,1.41602E+00,9.76562E-03
1.2067440E-01,1.43555E+00,6.83594E-02
1.2069288E-01,1.37695E+00,1.07422E-01
1.2071136E-01,1.35742E+00,9.76562E-03
1.2072984E-01,1.29883E+00,4.88281E-02
1.2074832E-01,1.41602E+00,2.92969E-02
1.2076680E-01,1.37695E+00,2.92969E-02
1.2078528E-01,1.47461E+00,4.88281E-02
1.2080376E-01,1.39648E+00,2.92969E-02
1.2082224E-01,1.41602E+00,2.92969E-02
1.2084072E-01,1.37695E+00,9.76562E-03
1.2085920E-01,1.41602E+00,6.83594E-02
1.2087768E-01,1.37695E+00,9.76562E-03
1.2089616E-01,1.41602E+00,-9.76562E-03
1.2091464E-01,1.37695E+00,9.76562E-03
1.2093312E-01,1.35742E+00,-2.92969E-02
1.2095160E-01,1.33789E+00,6.83594E-02
1.2097008E-01,1.43555E+00,4.88281E-02
1.2098856E-01,1.47461E+00,6.83594E-02
1.2100704E-01,1.41602E+00,9.76562E-03
1.2102552E-01,1.43555E+00,4.88281E-02
1.2104400E-01,1.39648E+00,4.88281E-02
1.2106248E-01,1.35742E+00,6.83594E-02
1.2108096E-01,1.41602E+00,-6.83594E-02
1.2109944E-01,1.41602E+00,6.83594E-02
1.2111792E-01,1.37695E+00,2.92969E-02
1.2113640E-01,1.45508E+00,4.88281E-02
1.2115488E-01,1.37695E+00,6.83594E-02
1.2117336E-01,1.43555E+00,6.83594E-02
1.2119184E-01,1.37695E+00,2.92969E-02
1.2121032E-01,1.41602E+00,6.83594E-02
1.2122880E-01,1.41602E+00,9.76562E-03
1.2124728E-01,1.41602E+00,4.88281E-02
1.2126576E-01,1.45508E+00,9.76562E-03
1.2128424E-01,1.37695E+00,4.88281E-02
1.2130272E-01,1.47461E+00,6.83594E-02
1.2132120E-01,1.37695E+00,6.83594E-02
1.2133968E-01,1.43555E+00,-4.88281E-02
1.2135816E-01,1.37695E+00,2.92969E-02
1.2137664E-01,1.43555E+00,4.88281E-02
1.2139512E-01,1.35742E+00,8.78906E-02
1.2141360E-01,1.39648E+00,9.76562E-03
1.2143208E-01,1.47461E+00,4.88281E-02
1.2145056E-01,1.43555E+00,9.76562E-03
1.2146904E-01,1.33789E+00,6.83594E-02
1.2148752E-01,1.37695E+00,-9.76562E-03
1.2150600E-01,1.41602E+00,6.83594E-02
1.2152448E-01,1.43555E+00,9.76562E-03
1.2154296E-01,1.39648E+00,6.83594E-02
1.2156144E-01,1.41602E+00,4.88281E-02
1.2157992E-01,1.37695E+00,4.88281E-02
1.2159840E-01,1.45508E+00,2.92969E-02
1.2161688E-01,1.41602E+00,2.92969E-02
1.2163536E-01,1.43555E+00,-9.76562E-03
1.2165384E-01,1.45508E+00,6.83594E-02
1.2167232E-01,1.41602E+00,4.88281E-02
1.2169080E-01,1.43555E+00,9.76562E-03
1.2170928E-01,1.37695E+00,9.76562E-03
1.2172776E-01,1.39648E+00,-9.76562E-03
1.2174624E-01,1.35742E+00,4.88281E-02
1.2176472E-01,1.41602E+00,4.88281E-02
1.2178320E-01,1.45508E+00,-2.92969E-02
1.2180168E-01,1.35742E+00,9.76562E-03
1.2182016E-01,1.51367E+00,9.76562E-03
1.2183864E-01,1.43555E+00,4.88281E-02
1.2185712E-01,1.37695E+00,4.88281E-02
1.2187560E-01,1.45508E+00,4.88281E-02
1.2189408E-01,1.37695E+00,4.88281E-02
1.2191256E-01,1.39648E+00,2.92969E-02
1.2193104E-01,1.43555E+00,4.88281E-02
1.2194952E-01,1.41602E+00,4.88281E-02
1.2196800E-01,1.43555E+00,8.78906E-02
1.2198648E-01,1.45508E+00,6.83594E-02
1.2200496E-01,1.37695E+00,6.83594E-02
1.2202344E-01,1.45508E+00,6.83594E-02
1.2204192E-01,1.37695E+00,6.83594E-02
1.2206040E-01,1.45508E+00,2.92969E-02
1.2207888E-01,1.37695E+00,8.78906E-02
1.2209736E-01,1.37695E+00,6.83594E-02
1.2211584E-01,1.43555E+00,9.76562E-03
1.2213432E-01,1.39648E+00,6.83594E-02
1.2215280E-01,1.37695E+00,4.88281E-02
1.2217128E-01,1.35742E+00,4.88281E-02
1.2218976E-01,1.41602E+00,2.92969E-02
1.2220824E-01,1.41602E+00,2.92969E-02
1.2222672E-01,1.43555E+00,4.88281E-02
1.2224520E-01,1.41602E+00,2.92969E-02
1.2226368E-01,1.37695E+00,9.76562E-03
1.2228216E-01,1.37695E+00,9.76562E-03
1.2230064E-01,1.41602E+00,4.88281E-02
1.2231912E-01,1.41602E+00,4.88281E-02
1.2233760E-01,1.39648E+00,9.76562E-03
1.2235608E-01,1.41602E+00,4.88281E-02
1.2237456E-01,1.43555E+00,2.92969E-02
1.2239304E-01,1.35742E+00,9.76562E-03
1.2241152E-01,1.37695E+00,-2.92969E-02
1.2243000E-01,1.39648E+00,6.83594E-02
1.2244848E-01,1.37695E+00,-9.76562E-03
1.2246696E-01,1.33789E+00,4.88281E-02
1.2248544E-01,1.39648E+00,4.88281E-02
1.2250392E-01,1.31836E+00,6.83594E-02
1.2252240E-01,1.41602E+00,2.92969E-02
1.2254088E-01,1.35742E+00,6.83594E-02
1.2255936E-01,1.49414E+00,9.76562E-03
1.2257784E-01,1.41602E+00,4.88281E-02
1.2259632E-01,1.41602E+00,4.88281E-02
1.2261480E-01,1.35742E+00,2.92969E-02
1.2263328E-01,1.39648E+00,2.92969E-02
1.2265176E-01,1.35742E+00,1.26953E-01
1.2267024E-01,1.37695E+00,-9.76562E-03
1.2268872E-01,1.39648E+00,2.92969E-02
1.2270720E-01,1.43555E+00,6.83594E-02
1.2272568E-01,1.41602E+00,4.88281E-02
1.2274416E-01,1.47461E+00,9.76562E-03
1.2276264E-01,1.39648E+00,1.07422E-01
1.2278112E-01,1.39648E+00,-9.76562E-03
1.2279960E-01,1.37695E+00,9.76562E-03
1.2281808E-01,1.35742E+00,4.88281E-02
1.2283656E-01,1.45508E+00,9.76562E-03
1.2285504E-01,1.39648E+00,9.76562E-03
1.2287352E-01,1.49414E+00,2.92969E-02
1.2289200E-01,1.35742E+00,4.88281E-02
1.2291048E-01,1.41602E+00,2.92969E-02
1.2292896E-01,1.49414E+00,6.83594E-02
1.2294744E-01,1.37695E+00,9.76562E-03
1.2296592E-01,1.49414E+00,9.76562E-03
1.2298440E-01,1.41602E+00,4.88281E-02
1.2300288E-01,1.45508E+00,6.83594E-02
1.2302136E-01,1.31836E+00,4.88281E-02
1.2303984E-01,1.43555E+00,2.92969E-02
1.2305832E-01,1.37695E+00,4.88281E-02
1.2307680E-01,1.49414E+00,4.88281E-02
1.2309528E-01,1.45508E+00,6.83594E-02
1.2311376E-01,1.43555E+00,9.76562E-03
1.2313224E-01,1.37695E+00,6.83594E-02
1.2315072E-01,1.49414E+00,2.92969E-02
1.2316920E-01,1.39648E+00,4.88281E-02
1.2318768E-01,1.37695E+00,9.76562E-03
1.2320616E-01,1.37695E+00,9.76562E-03
1.2322464E-01,1.49414E+00,2.92969E-02
1.2324312E-01,1.43555E+00,2.92969E-02
1.2326160E-01,1.37695E+00,9.76562E-03
1.2328008E-01,1.45508E+00,6.83594E-02
1.2329856E-01,1.51367E+00,-9.76562E-03
1.2331704E-01,1.37695E+00,4.88281E-02
1.2333552E-01,1.43555E+00,9.76562E-03
1.2335400E-01,1.47461E+00,2.92969E-02
1.2337248E-01,1.43555E+00,4.88281E-02
1.2339096E-01,1.39648E+00,6.83594E-02
1.2340944E-01,1.41602E+00,9.76562E-03
1.2342792E-01,1.43555E+00,1.07422E-01
1.2344640E-01,1.45508E+00,2.92969E-02
1.2346488E-01,1.35742E+00,4.88281E-02
1.2348336E-01,1.45508E+00,9.76562E-03
1.2350184E-01,1.43555E+00,2.92969E-02
1.2352032E-01,1.39648E+00,-9.76562E-03
1.2353880E-01,1.41602E+00,2.92969E-02
1.2355728E-01,1.51367E+00,9.76562E-03
1.2357576E-01,1.47461E+00,-4.88281E-02
1.2359424E-01,1.41602E+00,4.88281E-02
1.2361272E-01,1.37695E+00,4.88281E-02
1.2363120E-01,1.37695E+00,4.88281E-02
1.2364968E-01,1.45508E+00,9.76562E-03
1.2366816E-01,1.39648E+00,9.76562E-03
1.2368664E-01,1.47461E+00,6.83594E-02
1.2370512E-01,1.35742E+00,4.88281E-02
1.2372360E-01,1.45508E+00,6.83594E-02
1.2374208E-01,1.43555E+00,-9.76562E-03
1.2376056E-01,1.41602E+00,-6.83594E-02
1.2377904E-01,1.41602E+00,2.92969E-02
1.2379752E-01,1.43555E+00,4.88281E-02
1.2381600E-01,1.43555E+00,4.88281E-02
1.2383448E-01,1.45508E+00,4.88281E-02
1.2385296E-01,1.41602E+00,2.92969E-02
1.2387144E-01,1.47461E+00,6.83594E-02
1.2388992E-01,1.43555E+00,9.76562E-03
1.2390840E-01,1.43555E+00,4.88281E-02
1.2392688E-01,1.41602E+00,2.92969E-02
1.2394536E-01,1.43555E+00,6.83594E-02
1.2396384E-01,1.37695E+00,2.92969E-02
1.2398232E-01,1.49414E+00,9.76562E-03
1.2400080E-01,1.37695E+00,4.88281E-02
1.2401928E-01,1.37695E+00,6.83594E-02
1.2403776E-01,1.49414E+00,9.76562E-03
1.2405624E-01,1.43555E+00,8.78906E-02
1.2407472E-01,1.41602E+00,2.92969E-02
1.2409320E-01,1.37695E+00,9.76562E-03
1.2411168E-01,1.41602E+00,-9.76562E-03
1.2413016E-01,1.31836E+00,4.88281E-02
1.2414864E-01,1.43555E+00,4.88281E-02
1.2416712E-01,1.41602E+00,2.92969E-02
1.2418560E-01,1.41602E+00,9.76562E-03
1.2420408E-01,1.39648E+00,-9.76562E-03
1.2422256E-01,1.41602E+00,6.83594E-02
1.2424104E-01,1.45508E+00,2.92969E-02
1.2425952E-01,1.39648E+00,4.88281E-02
1.2427800E-01,1.43555E+00,-9.76562E-03
1.2429648E-01,1.45508E+00,9.76562E-03
1.2431496E-01,1.47461E+00,9.76562E-03
1.2433344E-01,1.45508E+00,4.88281E-02
1.2435192E-01,1.43555E+00,2.92969E-02
1.2437040E-01,1.47461E+00,6.83594E-02
1.2438888E-01,1.39648E+00,4.88281E-02
1.2440736E-01,1.43555E+00,4.88281E-02
1.2442584E-01,1.37695E+00,4.88281E-02
1.2444432E-01,1.49414E+00,9.76562E-03
1.2446280E-01,1.41602E+00,2.92969E-02
1.2448128E-01,1.51367E+00,4.88281E-02
1.2449976E-01,1.35742E+00,4.88281E-02
1.2451824E-01,1.45508E+00,9.76562E-03
1.2453672E-01,1.45508E+00,2.92969E-02
1.2455520E-01,1.37695E+00,9.76562E-03
1.2457368E-01,1.35742E+00,6.83594E-02
1.2459216E-01,1.47461E+00,2.92969E-02
1.2461064E-01,1.39648E+00,4.88281E-02
1.2462912E-01,1.41602E+00,4.88281E-02
1.2464760E-01,1.41602E+00,2.92969E-02
1.2466608E-01,1.41602E+00,-9.76562E-03
1.2468456E-01,1.43555E+00,6.83594E-02
1.2470304E-01,1.41602E+00,9.76562E-03
1.2472152E-01,1.39648E+00,4.88281E-02
1.2474000E-01,1.39648E+00,9.76562E-03
1.2475848E-01,1.47461E+00,2.92969E-02
1.2477696E-01,1.47461E+00,9.76562E-03
1.2479544E-01,1.41602E+00,-9.76562E-03
1.2481392E-01,1.49414E+00,9.76562E-03
1.2483240E-01,1.37695E+00,2.92969E-02
1.2485088E-01,1.41602E+00,4.88281E-02
1.2486936E-01,1.39648E+00,2.92969E-02
1.2488784E-01,1.49414E+00,-2.92969E-02
1.2490632E-01,1.37695E+00,2.92969E-02
1.2492480E-01,1.37695E+00,9.76562E-03
1.2494328E-01,1.29883E+00,4.88281E-02
1.2496176E-01,1.39648E+00,-9.76562E-03
1.2498024E-01,1.47461E+00,9.76562E-03
1.2499872E-01,1.49414E+00,4.88281E-02
1.2501720E-01,1.33789E+00,2.92969E-02
1.2503568E-01,1.43555E+00,4.88281E-02
1.2505416E-01,1.41602E+00,4.88281E-02
1.2507264E-01,1.49414E+00,9.76562E-03
1.2509112E-01,1.43555E+00,4.88281E-02
1.2510960E-01,1.45508E+00,2.92969E-02
1.2512808E-01,1.43555E+00,4.88281E-02
1.2514656E-01,1.39648E+00,4.88281E-02
1.2516504E-01,1.45508E+00,1.07422E-01
1.2518352E-01,1.43555E+00,2.92969E-02
1.2520200E-01,1.45508E+00,4.88281E-02
1.2522048E-01,1.43555E+00,-9.76562E-03
1.2523896E-01,1.43555E+00,4.88281E-02
1.2525744E-01,1.43555E+00,4.88281E-02
1.2527592E-01,1.41602E+00,1.07422E-01
1.2529440E-01,1.43555E+00,9.76562E-03
1.2531288E-01,1.41602E+00,2.92969E-02
1.2533136E-01,1.37695E+00,4.88281E-02
1.2534984E-01,1.37695E+00,2.92969E-02
1.2536832E-01,1.43555E+00,4.88281E-02
1.2538680E-01,1.45508E+00,2.92969E-02
1.2540528E-01,1.41602E+00,2.92969E-02
1.2542376E-01,1.41602E+00,4.88281E-02
1.2544224E-01,1.43555E+00,9.76562E-03
1.2546072E-01,1.41602E+00,4.88281E-02
1.2547920E-01,1.37695E+00,-9.76562E-03
1.2549768E-01,1.41602E+00,4.88281E-02
1.2551616E-01,1.43555E+00,4.88281E-02
1.2553464E-01,1.43555E+00,8.78906E-02
1.2555312E-01,1.47461E+00,-2.92969E-02
1.2557160E-01,1.49414E+00,4.88281E-02
1.2559008E-01,1.45508E+00,4.88281E-02
1.2560856E-01,1.41602E+00,2.92969E-02
1.2562704E-01,1.39648E+00,4.88281E-02
1.2564552E-01,1.37695E+00,6.83594E-02
1.2566400E-01,1.47461E+00,-9.76562E-03
1.2568248E-01,1.41602E+00,4.88281E-02
1.2570096E-01,1.37695E+00,2.92969E-02
1.2571944E-01,1.49414E+00,9.76562E-03
1.2573792E-01,1.49414E+00,4.88281E-02
1.2575640E-01,1.45508E+00,4.88281E-02
1.2577488E-01,1.41602E+00,4.88281E-02
1.2579336E-01,1.37695E+00,8.78906E-02
1.2581184E-01,1.45508E+00,4.88281E-02
1.2583032E-01,1.43555E+00,6.83594E-02
1.2584880E-01,1.37695E+00,9.76562E-03
1.2586728E-01,1.45508E+00,1.26953E-01
1.2588576E-01,1.47461E+00,2.92969E-02
1.2590424E-01,1.37695E+00,6.83594E-02
1.2592272E-01,1.37695E+00,2.92969E-02
1.2594120E-01,1.41602E+00,2.92969E-02
1.2595968E-01,1.49414E+00,2.92969E-02
1.2597816E-01,1.43555E+00,4.88281E-02
1.2599664E-01,1.39648E+00,2.92969E-02
1.2601512E-01,1.39648E+00,9.76562E-03
1.2603360E-01,1.43555E+00,4.88281E-02
1.2605208E-01,1.43555E+00,2.92969E-02
1.2607056E-01,1.37695E+00,2.92969E-02
1.2608904E-01,1.45508E+00,9.76562E-03
1.2610752E-01,1.47461E+00,4.88281E-02
1.2612600E-01,1.43555E+00,6.83594E-02
1.2614448E-01,1.39648E+00,2.92969E-02
1.2616296E-01,1.51367E+00,6.83594E-02
1.2618144E-01,1.43555E+00,9.76562E-03
1.2619992E-01,1.45508E+00,4.88281E-02
1.2621840E-01,1.45508E+00,2.92969E-02
1.2623688E-01,1.43555E+00,-9.76562E-03
1.2625536E-01,1.41602E+00,9.76562E-03
1.2627384E-01,1.41602E+00,2.92969E-02
1.2629232E-01,1.39648E+00,2.92969E-02
1.2631080E-01,1.43555E+00,6.83594E-02
1.2632928E-01,1.37695E+00,2.92969E-02
1.2634776E-01,1.41602E+00,2.92969E-02
1.2636624E-01,1.47461E+00,-4.88281E-02
1.2638472E-01,1.35742E+00,8.78906E-02
1.2640320E-01,1.47461E+00,9.76562E-03
1.2642168E-01,1.45508E+00,2.92969E-02
1.2644016E-01,1.39648E+00,9.76562E-03
1.2645864E-01,1.45508E+00,6.83594E-02
1.2647712E-01,1.49414E+00,9.76562E-03
1.2649560E-01,1.45508E+00,6.83594E-02
1.2651408E-01,1.39648E+00,2.92969E-02
1.2653256E-01,1.41602E+00,2.92969E-02
1.2655104E-01,1.39648E+00,2.92969E-02
1.2656952E-01,1.45508E+00,9.76562E-03
1.2658800E-01,1.45508E+00,2.92969E-02
1.2660648E-01,1.45508E+00,2.92969E-02
1.2662496E-01,1.47461E+00,6.83594E-02
1.2664344E-01,1.41602E+00,9.76562E-03
1.2666192E-01,1.41602E+00,9.76562E-03
1.2668040E-01,1.37695E+00,9.76562E-03
1.2669888E-01,1.43555E+00,-4.88281E-02
1.2671736E-01,1.41602E+00,2.92969E-02
1.2673584E-01,1.43555E+00,4.88281E-02
1.2675432E-01,1.37695E+00,2.92969E-02
1.2677280E-01,1.47461E+00,9.76562E-03
1.2679128E-01,1.39648E+00,9.76562E-03
1.2680976E-01,1.43555E+00,9.76562E-03
1.2682824E-01,1.43555E+00,4.88281E-02
1.2684672E-01,1.39648E+00,-9.76562E-03
1.2686520E-01,1.43555E+00,6.83594E-02
1.2688368E-01,1.47461E+00,4.88281E-02
1.2690216E-01,1.43555E+00,2.92969E-02
1.2692064E-01,1.43555E+00,4.88281E-02
1.2693912E-01,1.43555E+00,6.83594E-02
1.2695760E-01,1.37695E+00,9.76562E-03
1.2697608E-01,1.45508E+00,6.83594E-02
1.2699456E-01,1.41602E+00,8.78906E-02
1.2701304E-01,1.47461E+00,4.88281E-02
1.2703152E-01,1.45508E+00,9.76562E-03
1.2705000E-01,1.43555E+00,9.76562E-03
1.2706848E-01,1.41602E+00,8.78906E-02
1.2708696E-01,1.41602E+00,6.83594E-02
1.2710544E-01,1.41602E+00,2.92969E-02
1.2712392E-01,1.43555E+00,9.76562E-03
1.2714240E-01,1.43555E+00,4.88281E-02
1.2716088E-01,1.37695E+00,9.76562E-03
1.2717936E-01,1.41602E+00,2.92969E-02
1.2719784E-01,1.39648E+00,2.92969E-02
1.2721632E-01,1.41602E+00,4.88281E-02
1.2723480E-01,1.47461E+00,2.92969E-02
1.2725328E-01,1.45508E+00,9.76562E-03
1.2727176E-01,1.43555E+00,2.92969E-02
1.2729024E-01,1.41602E+00,9.76562E-03
1.2730872E-01,1.49414E+00,6.83594E-02
1.2732720E-01,1.43555E+00,9.76562E-03
1.2734568E-01,1.49414E+00,2.92969E-02
1.2736416E-01,1.41602E+00,4.88281E-02
1.2738264E-01,1.53320E+00,4.88281E-02
1.2740112E-01,1.49414E+00,6.83594E-02
1.2741960E-01,1.49414E+00,2.92969E-02
1.2743808E-01,1.45508E+00,4.88281E-02
1.2745656E-01,1.41602E+00,8.78906E-02
1.2747504E-01,1.49414E+00,6.83594E-02
1.2749352E-01,1.43555E+00,8.78906E-02
1.2751200E-01,1.47461E+00,4.88281E-02
1.2753048E-01,1.41602E+00,2.92969E-02
1.2754896E-01,1.43555E+00,2.92969E-02
1.2756744E-01,1.45508E+00,4.88281E-02
1.2758592E-01,1.47461E+00,6.83594E-02
1.2760440E-01,1.35742E+00,6.83594E-02
1.2762288E-01,1.43555E+00,-6.83594E-02
1.2764136E-01,1.53320E+00,9.76562E-03
1.2765984E-01,1.45508E+00,2.92969E-02
1.2767832E-01,1.37695E+00,4.88281E-02
1.2769680E-01,1.41602E+00,9.76562E-03
1.2771528E-01,1.43555E+00,2.92969E-02
1.2773376E-01,1.45508E+00,9.76562E-03
1.2775224E-01,1.35742E+00,9.76562E-03
1.2777072E-01,1.39648E+00,9.76562E-03
1.2778920E-01,1.49414E+00,6.83594E-02
1.2780768E-01,1.41602E+00,2.92969E-02
1.2782616E-01,1.37695E+00,4.88281E-02
1.2784464E-01,1.49414E+00,2.92969E-02
1.2786312E-01,1.43555E+00,2.92969E-02
1.2788160E-01,1.37695E+00,2.92969E-02
1.2790008E-01,1.45508E+00,6.83594E-02
1.2791856E-01,1.41602E+00,4.88281E-02
1.2793704E-01,1.33789E+00,6.83594E-02
1.2795552E-01,1.39648E+00,-9.76562E-03
1.2797400E-01,1.43555E+00,4.88281E-02
1.2799248E-01,1.47461E+00,9.76562E-03
1.2801096E-01,1.45508E+00,4.88281E-02
1.2802944E-01,1.47461E+00,-9.76562E-03
1.2804792E-01,1.41602E+00,8.78906E-02
1.2806640E-01,1.43555E+00,2.92969E-02
1.2808488E-01,1.39648E+00,4.88281E-02
1.2810336E-01,1.47461E+00,4.88281E-02
1.2812184E-01,1.41602E+00,2.92969E-02
1.2814032E-01,1.37695E+00,4.88281E-02
1.2815880E-01,1.45508E+00,9.76562E-03
1.2817728E-01,1.51367E+00,-4.88281E-02
1.2819576E-01,1.49414E+00,9.76562E-03
1.2821424E-01,1.37695E+00,9.76562E-03
1.2823272E-01,1.43555E+00,2.92969E-02
1.2825120E-01,1.51367E+00,4.88281E-02
1.2826968E-01,1.39648E+00,2.92969E-02
1.2828816E-01,1.43555E+00,9.76562E-03
1.2830664E-01,1.43555E+00,4.88281E-02
1.2832512E-01,1.37695E+00,4.88281E-02
1.2834360E-01,1.47461E+00,1.26953E-01
1.2836208E-01,1.45508E+00,4.88281E-02
1.2838056E-01,1.45508E+00,4.88281E-02
1.2839904E-01,1.43555E+00,9.76562E-03
1.2841752E-01,1.45508E+00,6.83594E-02
1.2843600E-01,1.47461E+00,4.88281E-02
1.2845448E-01,1.45508E+00,9.76562E-03
1.2847296E-01,1.43555E+00,-9.76562E-03
1.2849144E-01,1.47461E+00,2.92969E-02
1.2850992E-01,1.47461E+00,9.76562E-03
1.2852840E-01,1.47461E+00,2.92969E-02
1.2854688E-01,1.41602E+00,6.83594E-02
1.2856536E-01,1.51367E+00,9.76562E-03
1.2858384E-01,1.37695E+00,9.76562E-03
1.2860232E-01,1.41602E+00,4.88281E-02
1.2862080E-01,1.47461E+00,9.76562E-03
1.2863928E-01,1.45508E+00,2.92969E-02
1.2865776E-01,1.45508E+00,9.76562E-03
1.2867624E-01,1.49414E+00,9.76562E-03
1.2869472E-01,1.41602E+00,9.76562E-03
1.2871320E-01,1.45508E+00,2.92969E-02
1.2873168E-01,1.43555E+00,4.88281E-02
1.2875016E-01,1.39648E+00,2.92969E-02
1.2876864E-01,1.49414E+00,4.88281E-02
1.2878712E-01,1.43555E+00,9.76562E-03
1.2880560E-01,1.45508E+00,2.92969E-02
1.2882408E-01,1.49414E+00,6.83594E-02
1.2884256E-01,1.43555E+00,9.76562E-03
1.2886104E-01,1.37695E+00,4.88281E-02
1.2887952E-01,1.41602E+00,-2.92969E-02
1.2889800E-01,1.39648E+00,4.88281E-02
1.2891648E-01,1.47461E+00,2.92969E-02
1.2893496E-01,1.43555E+00,-9.76562E-03
1.2895344E-01,1.45508E+00,2.92969E-02
1.2897192E-01,1.45508E+00,6.83594E-02
1.2899040E-01,1.41602E+00,4.88281E-02
1.2900888E-01,1.37695E+00,2.92969E-02
1.2902736E-01,1.39648E+00,2.92969E-02
1.2904584E-01,1.43555E+00,6.83594E-02
1.2906432E-01,1.45508E+00,-9.76562E-03
1.2908280E-01,1.47461E+00,2.92969E-02
1.2910128E-01,1.41602E+00,-9.76562E-03
1.2911976E-01,1.47461E+00,6.83594E-02
1.2913824E-01,1.49414E+00,-2.92969E-02
1.2915672E-01,1.39648E+00,9.76562E-03
1.2917520E-01,1.39648E+00,-9.76562E-03
1.2919368E-01,1.45508E+00,6.83594E-02
1.2921216E-01,1.47461E+00,4.88281E-02
1.2923064E-01,1.45508E+00,4.88281E-02
1.2924912E-01,1.43555E+00,2.92969E-02
1.2926760E-01,1.39648E+00,9.76562E-03
1.2928608E-01,1.37695E+00,4.88281E-02
1.2930456E-01,1.43555E+00,4.88281E-02
1.2932304E-01,1.51367E+00,4.88281E-02
1.2934152E-01,1.41602E+00,4.88281E-02
1.2936000E-01,1.47461E+00,-6.83594E-02
1.2937848E-01,1.47461E+00,2.92969E-02
1.2939696E-01,1.47461E+00,2.92969E-02
1.2941544E-01,1.49414E+00,4.88281E-02
1.2943392E-01,1.43555E+00,1.26953E-01
1.2945240E-01,1.49414E+00,6.83594E-02
1.2947088E-01,1.45508E+00,4.88281E-02
1.2948936E-01,1.37695E+00,6.83594E-02
1.2950784E-01,1.43555E+00,2.92969E-02
1.2952632E-01,1.43555E+00,4.88281E-02
1.2954480E-01,1.43555E+00,9.76562E-03
1.2956328E-01,1.39648E+00,9.76562E-03
1.2958176E-01,1.45508E+00,4.88281E-02
1.2960024E-01,1.39648E+00,2.92969E-02
1.2961872E-01,1.47461E+00,2.92969E-02
1.2963720E-01,1.47461E+00,2.92969E-02
1.2965568E-01,1.49414E+00,4.88281E-02
1.2967416E-01,1.41602E+00,4.88281E-02
1.2969264E-01,1.47461E+00,9.76562E-03
1.2971112E-01,1.43555E+00,2.92969E-02
1.2972960E-01,1.43555E+00,4.88281E-02
1.2974808E-01,1.43555E+00,9.76562E-03
1.2976656E-01,1.43555E+00,-9.76562E-03
1.2978504E-01,1.41602E+00,6.83594E-02
1.2980352E-01,1.47461E+00,4.88281E-02
1.2982200E-01,1.37695E+00,6.83594E-02
1.2984048E-01,1.45508E+00,2.92969E-02
1.2985896E-01,1.39648E+00,6.83594E-02
1.2987744E-01,1.51367E+00,2.92969E-02
1.2989592E-01,1.41602E+00,2.92969E-02
1.2991440E-01,1.39648E+00,9.76562E-03
1.2993288E-01,1.41602E+00,2.92969E-02
1.2995136E-01,1.43555E+00,9.76562E-03
1.2996984E-01,1.37695E+00,2.92969E-02
1.2998832E-01,1.43555E+00,-4.88281E-02
1.3000680E-01,1.49414E+00,4.88281E-02
1.3002528E-01,1.51367E+00,9.76562E-03
1.3004376E-01,1.39648E+00,6.83594E-02
1.3006224E-01,1.43555E+00,-2.92969E-02
1.3008072E-01,1.45508E+00,6.83594E-02
1.3009920E-01,1.49414E+00,-2.92969E-02
1.3011768E-01,1.43555E+00,9.76562E-03
1.3013616E-01,1.51367E+00,9.76562E-03
1.3015464E-01,1.45508E+00,9.76562E-03
1.3017312E-01,1.47461E+00,6.83594E-02
1.3019160E-01,1.49414E+00,2.92969E-02
1.3021008E-01,1.43555E+00,2.92969E-02
1.3022856E-01,1.47461E+00,4.88281E-02
1.3024704E-01,1.51367E+00,4.88281E-02
1.3026552E-01,1.47461E+00,9.76562E-03
1.3028400E-01,1.43555E+00,2.92969E-02
1.3030248E-01,1.37695E+00,6.83594E-02
1.3032096E-01,1.51367E+00,4.88281E-02
1.3033944E-01,1.39648E+00,1.07422E-01
1.3035792E-01,1.43555E+00,6.83594E-02
1.3037640E-01,1.37695E+00,6.83594E-02
1.3039488E-01,1.47461E+00,9.76562E-03
1.3041336E-01,1.45508E+00,6.83594E-02
1.3043184E-01,1.41602E+00,4.88281E-02
1.3045032E-01,1.43555E+00,1.26953E-01
1.3046880E-01,1.51367E+00,9.76562E-03
1.3048728E-01,1.47461E+00,2.92969E-02
1.3050576E-01,1.49414E+00,9.76562E-03
1.3052424E-01,1.47461E+00,4.88281E-02
1.3054272E-01,1.55273E+00,6.83594E-02
1.3056120E-01,1.47461E+00,1.26953E-01
1.3057968E-01,1.39648E+00,2.92969E-02
1.3059816E-01,1.41602E+00,2.92969E-02
1.3061664E-01,1.41602E+00,4.88281E-02
1.3063512E-01,1.43555E+00,9.76562E-03
1.3065360E-01,1.43555E+00,-9.76562E-03
1.3067208E-01,1.35742E+00,9.76562E-03
1.3069056E-01,1.43555E+00,4.88281E-02
1.3070904E-01,1.39648E+00,6.83594E-02
1.3072752E-01,1.47461E+00,4.88281E-02
1.3074600E-01,1.45508E+00,4.88281E-02
1.3076448E-01,1.45508E+00,9.76562E-03
1.3078296E-01,1.43555E+00,9.76562E-03
1.3080144E-01,1.43555E+00,4.88281E-02
1.3081992E-01,1.39648E+00,9.76562E-03
1.3083840E-01,1.49414E+00,4.88281E-02
1.3085688E-01,1.39648E+00,4.88281E-02
1.3087536E-01,1.41602E+00,2.92969E-02
1.3089384E-01,1.41602E+00,6.83594E-02
1.3091232E-01,1.49414E+00,4.88281E-02
1.3093080E-01,1.39648E+00,4.88281E-02
1.3094928E-01,1.45508E+00,2.92969E-02
1.3096776E-01,1.45508E+00,6.83594E-02
1.3098624E-01,1.49414E+00,2.92969E-02
1.3100472E-01,1.41602E+00,6.83594E-02
1.3102320E-01,1.45508E+00,4.88281E-02
1.3104168E-01,1.41602E+00,2.92969E-02
1.3106016E-01,1.45508E+00,2.92969E-02
1.3107864E-01,1.39648E+00,6.83594E-02
1.3109712E-01,1.49414E+00,9.76562E-03
1.3111560E-01,1.45508E+00,6.83594E-02
1.3113408E-01,1.39648E+00,-9.76562E-03
1.3115256E-01,1.49414E+00,6.83594E-02
1.3117104E-01,1.37695E+00,9.76562E-03
1.3118952E-01,1.41602E+00,4.88281E-02
1.3120800E-01,1.45508E+00,2.92969E-02
1.3122648E-01,1.51367E+00,6.83594E-02
1.3124496E-01,1.43555E+00,6.83594E-02
1.3126344E-01,1.51367E+00,6.83594E-02
1.3128192E-01,1.43555E+00,2.92969E-02
1.3130040E-01,1.41602E+00,4.88281E-02
1.3131888E-01,1.41602E+00,9.76562E-03
1.3133736E-01,1.37695E+00,2.92969E-02
1.3135584E-01,1.47461E+00,-9.76562E-03
1.3137432E-01,1.37695E+00,4.88281E-02
1.3139280E-01,1.49414E+00,4.88281E-02
1.3141128E-01,1.39648E+00,9.76562E-03
1.3142976E-01,1.43555E+00,9.76562E-03
1.3144824E-01,1.37695E+00,6.83594E-02
1.3146672E-01,1.47461E+00,9.76562E-03
1.3148520E-01,1.49414E+00,2.92969E-02
1.3150368E-01,1.47461E+00,-9.76562E-03
1.3152216E-01,1.49414E+00,2.92969E-02
1.3154064E-01,1.41602E+00,2.92969E-02
1.3155912E-01,1.45508E+00,2.92969E-02
1.3157760E-01,1.43555E+00,6.83594E-02
1.3159608E-01,1.45508E+00,-9.76562E-03
1.3161456E-01,1.47461E+00,2.92969E-02
1.3163304E-01,1.41602E+00,2.92969E-02
1.3165152E-01,1.43555E+00,2.92969E-02
1.3167000E-01,1.47461E+00,2.92969E-02
1.3168848E-01,1.51367E+00,-6.83594E-02
1.3170696E-01,1.41602E+00,2.92969E-02
1.3172544E-01,1.49414E+00,9.76562E-03
1.3174392E-01,1.35742E+00,6.83594E-02
1.3176240E-01,1.47461E+00,-2.92969E-02
1.3178088E-01,1.45508E+00,4.88281E-02
1.3179936E-01,1.39648E+00,9.76562E-03
1.3181784E-01,1.51367E+00,1.07422E-01
1.3183632E-01,1.41602E+00,2.92969E-02
1.3185480E-01,1.43555E+00,6.83594E-02
1.3187328E-01,1.43555E+00,9.76562E-03
1.3189176E-01,1.37695E+00,1.26953E-01
1.3191024E-01,1.45508E+00,9.76562E-03
1.3192872E-01,1.43555E+00,2.92969E-02
1.3194720E-01,1.45508E+00,9.76562E-03
1.3196568E-01,1.45508E+00,4.88281E-02
1.3198416E-01,1.49414E+00,2.92969E-02
1.3200264E-01,1.49414E+00,6.83594E-02
1.3202112E-01,1.43555E+00,4.88281E-02
1.3203960E-01,1.37695E+00,4.88281E-02
1.3205808E-01,1.51367E+00,9.76562E-03
1.3207656E-01,1.39648E+00,8.78906E-02
1.3209504E-01,1.43555E+00,-9.76562E-03
1.3211352E-01,1.47461E+00,8.78906E-02
1.3213200E-01,1.45508E+00,9.76562E-03
1.3215048E-01,1.49414E+00,1.26953E-01
1.3216896E-01,1.43555E+00,9.76562E-03
1.3218744E-01,1.49414E+00,8.78906E-02
1.3220592E-01,1.43555E+00,2.92969E-02
1.3222440E-01,1.49414E+00,6.83594E-02
1.3224288E-01,1.43555E+00,9.76562E-03
1.3226136E-01,1.49414E+00,-9.76562E-03
1.3227984E-01,1.49414E+00,4.88281E-02
1.3229832E-01,1.45508E+00,4.88281E-02
1.3231680E-01,1.43555E+00,2.92969E-02
1.3233528E-01,1.43555E+00,4.88281E-02
1.3235376E-01,1.55273E+00,9.76562E-03
1.3237224E-01,1.47461E+00,2.92969E-02
1.3239072E-01,1.43555E+00,2.92969E-02
1.3240920E-01,1.49414E+00,1.26953E-01
1.3242768E-01,1.43555E+00,1.07422E-01
1.3244616E-01,1.33789E+00,1.26953E-01
1.3246464E-01,1.45508E+00,4.88281E-02
1.3248312E-01,1.41602E+00,4.88281E-02
1.3250160E-01,1.41602E+00,2.92969E-02
1.3252008E-01,1.43555E+00,2.92969E-02
1.3253856E-01,1.43555E+00,9.76562E-03
1.3255704E-01,1.47461E+00,2.92969E-02
1.3257552E-01,1.49414E+00,-9.76562E-03
1.3259400E-01,1.49414E+00,6.83594E-02
1.3261248E-01,1.51367E+00,2.92969E-02
1.3263096E-01,1.45508E+00,8.78906E-02
1.3264944E-01,1.49414E+00,4.88281E-02
1.3266792E-01,1.43555E+00,2.92969E-02
1.3268640E-01,1.51367E+00,6.83594E-02
1.3270488E-01,1.45508E+00,4.88281E-02
1.3272336E-01,1.47461E+00,9.76562E-03
1.3274184E-01,1.41602E+00,6.83594E-02
1.3276032E-01,1.49414E+00,9.76562E-03
1.3277880E-01,1.53320E+00,6.83594E-02
1.3279728E-01,1.45508E+00,6.83594E-02
1.3281576E-01,1.41602E+00,4.88281E-02
1.3283424E-01,1.43555E+00,9.76562E-03
1.3285272E-01,1.47461E+00,2.92969E-02
1.3287120E-01,1.47461E+00,2.92969E-02
1.3288968E-01,1.43555E+00,6.83594E-02
1.3290816E-01,1.53320E+00,8.78906E-02
1.3292664E-01,1.37695E+00,4.88281E-02
1.3294512E-01,1.45508E+00,9.76562E-03
1.3296360E-01,1.45508E+00,4.88281E-02
1.3298208E-01,1.47461E+00,6.83594E-02
1.3300056E-01,1.43555E+00,2.92969E-02
1.3301904E-01,1.57227E+00,9.76562E-03
1.3303752E-01,1.45508E+00,4.88281E-02
1.3305600E-01,1.49414E+00,9.76562E-03
1.3307448E-01,1.45508E+00,9.76562E-03
1.3309296E-01,1.51367E+00,2.92969E-02
1.3311144E-01,1.39648E+00,6.83594E-02
1.3312992E-01,1.45508E+00,8.78906E-02
1.3314840E-01,1.41602E+00,4.88281E-02
1.3316688E-01,1.45508E+00,2.92969E-02
1.3318536E-01,1.47461E+00,6.83594E-02
1.3320384E-01,1.43555E+00,6.83594E-02
1.3322232E-01,1.41602E+00,9.76562E-03
1.3324080E-01,1.49414E+00,4.88281E-02
1.3325928E-01,1.49414E+00,4.88281E-02
1.3327776E-01,1.45508E+00,9.76562E-03
1.3329624E-01,1.49414E+00,1.07422E-01
1.3331472E-01,1.55273E+00,9.76562E-03
1.3333320E-01,1.43555E+00,1.26953E-01
1.3335168E-01,1.51367E+00,4.88281E-02
1.3337016E-01,1.49414E+00,9.76562E-03
1.3338864E-01,1.45508E+00,2.92969E-02
1.3340712E-01,1.45508E+00,6.83594E-02
1.3342560E-01,1.43555E+00,4.88281E-02
1.3344408E-01,1.47461E+00,6.83594E-02
1.3346256E-01,1.43555E+00,2.92969E-02
1.3348104E-01,1.45508E+00,6.83594E-02
1.3349952E-01,1.53320E+00,9.76562E-03
1.3351800E-01,1.49414E+00,2.92969E-02
1.3353648E-01,1.43555E+00,9.76562E-03
1.3355496E-01,1.47461E+00,6.83594E-02
1.3357344E-01,1.47461E+00,6.83594E-02
1.3359192E-01,1.49414E+00,2.92969E-02
1.3361040E-01,1.51367E+00,6.83594E-02
1.3362888E-01,1.45508E+00,4.88281E-02
1.3364736E-01,1.55273E+00,-9.76562E-03
1.3366584E-01,1.47461E+00,4.88281E-02
1.3368432E-01,1.49414E+00,2.92969E-02
1.3370280E-01,1.41602E+00,4.88281E-02
1.3372128E-01,1.45508E+00,-2.92969E-02
1.3373976E-01,1.45508E+00,6.83594E-02
1.3375824E-01,1.43555E+00,4.88281E-02
1.3377672E-01,1.51367E+00,8.78906E-02
1.3379520E-01,1.45508E+00,4.88281E-02
1.3381368E-01,1.41602E+00,8.78906E-02
1.3383216E-01,1.43555E+00,4.88281E-02
1.3385064E-01,1.43555E+00,6.83594E-02
1.3386912E-01,1.47461E+00,2.92969E-02
1.3388760E-01,1.49414E+00,8.78906E-02
1.3390608E-01,1.45508E+00,2.92969E-02
1.3392456E-01,1.39648E+00,4.88281E-02
1.3394304E-01,1.49414E+00,9.76562E-03
1.3396152E-01,1.37695E+00,2.92969E-02
1.3398000E-01,1.53320E+00,9.76562E-03
1.3399848E-01,1.51367E+00,6.83594E-02
1.3401696E-01,1.43555E+00,2.92969E-02
1.3403544E-01,1.41602E+00,4.88281E-02
1.3405392E-01,1.51367E+00,-9.76562E-03
1.3407240E-01,1.45508E+00,6.83594E-02
1.3409088E-01,1.51367E+00,4.88281E-02
1.3410936E-01,1.47461E+00,2.92969E-02
1.3412784E-01,1.45508E+00,2.92969E-02
1.3414632E-01,1.41602E+00,4.88281E-02
1.3416480E-01,1.43555E+00,2.92969E-02
1.3418328E-01,1.43555E+00,4.88281E-02
1.3420176E-01,1.51367E+00,2.92969E-02
1.3422024E-01,1.47461E+00,6.83594E-02
1.3423872E-01,1.53320E+00,2.92969E-02
1.3425720E-01,1.51367E+00,4.88281E-02
1.3427568E-01,1.43555E+00,9.76562E-03
1.3429416E-01,1.45508E+00,4.88281E-02
1.3431264E-01,1.45508E+00,4.88281E-02
1.3433112E-01,1.45508E+00,4.88281E-02
1.3434960E-01,1.53320E+00,9.76562E-03
1.3436808E-01,1.43555E+00,9.76562E-03
1.3438656E-01,1.37695E+00,9.76562E-03
1.3440504E-01,1.47461E+00,9.76562E-03
1.3442352E-01,1.41602E+00,9.76562E-03
1.3444200E-01,1.43555E+00,2.92969E-02
1.3446048E-01,1.47461E+00,4.88281E-02
1.3447896E-01,1.43555E+00,9.76562E-03
1.3449744E-01,1.45508E+00,9.76562E-03
1.3451592E-01,1.43555E+00,2.92969E-02
1.3453440E-01,1.49414E+00,9.76562E-03
1.3455288E-01,1.49414E+00,-9.76562E-03
1.3457136E-01,1.51367E+00,6.83594E-02
1.3458984E-01,1.51367E+00,2.92969E-02
1.3460832E-01,1.51367E+00,4.88281E-02
1.3462680E-01,1.49414E+00,-9.76562E-03
1.3464528E-01,1.47461E+00,-9.76562E-03
1.3466376E-01,1.47461E+00,9.76562E-03
1.3468224E-01,1.41602E+00,4.88281E-02
1.3470072E-01,1.45508E+00,1.07422E-01
1.3471920E-01,1.43555E+00,4.88281E-02
1.3473768E-01,1.41602E+00,4.88281E-02
1.3475616E-01,1.47461E+00,2.92969E-02
1.3477464E-01,1.39648E+00,6.83594E-02
1.3479312E-01,1.47461E+00,9.76562E-03
1.3481160E-01,1.45508E+00,4.88281E-02
1.3483008E-01,1.51367E+00,4.88281E-02
1.3484856E-01,1.45508E+00,4.88281E-02
1.3486704E-01,1.51367E+00,4.88281E-02
1.3488552E-01,1.49414E+00,2.92969E-02
1.3490400E-01,1.47461E+00,4.88281E-02
1.3492248E-01,1.39648E+00,4.88281E-02
1.3494096E-01,1.53320E+00,9.76562E-03
1.3495944E-01,1.39648E+00,1.07422E-01
1.3497792E-01,1.49414E+00,-9.76562E-03
1.3499640E-01,1.51367E+00,4.88281E-02
1.3501488E-01,1.51367E+00,4.88281E-02
1.3503336E-01,1.47461E+00,9.76562E-03
1.3505184E-01,1.43555E+00,9.76562E-03
1.3507032E-01,1.51367E+00,4.88281E-02
1.3508880E-01,1.49414E+00,1.07422E-01
1.3510728E-01,1.53320E+00,2.92969E-02
1.3512576E-01,1.49414E+00,9.76562E-03
1.3514424E-01,1.47461E+00,4.88281E-02
1.3516272E-01,1.51367E+00,2.92969E-02
1.3518120E-01,1.47461E+00,6.83594E-02
1.3519968E-01,1.45508E+00,9.76562E-03
1.3521816E-01,1.45508E+00,6.83594E-02
1.3523664E-01,1.43555E+00,8.78906E-02
1.3525512E-01,1.51367E+00,2.92969E-02
1.3527360E-01,1.47461E+00,2.92969E-02
1.3529208E-01,1.51367E+00,6.83594E-02
1.3531056E-01,1.49414E+00,9.76562E-03
1.3532904E-01,1.47461E+00,2.92969E-02
1.3534752E-01,1.55273E+00,2.92969E-02
1.3536600E-01,1.45508E+00,4.88281E-02
1.3538448E-01,1.47461E+00,2.92969E-02
1.3540296E-01,1.51367E+00,8.78906E-02
1.3542144E-01,1.51367E+00,2.92969E-02
1.3543992E-01,1.47461E+00,9.76562E-03
1.3545840E-01,1.43555E+00,9.76562E-03
1.3547688E-01,1.43555E+00,9.76562E-03
1.3549536E-01,1.49414E+00,4.88281E-02
1.3551384E-01,1.49414E+00,2.92969E-02
1.3553232E-01,1.45508E+00,9.76562E-03
1.3555080E-01,1.49414E+00,6.83594E-02
1.3556928E-01,1.45508E+00,9.76562E-03
1.3558776E-01,1.45508E+00,9.76562E-03
1.3560624E-01,1.43555E+00,4.88281E-02
1.3562472E-01,1.47461E+00,6.83594E-02
1.3564320E-01,1.45508E+00,4.88281E-02
1.3566168E-01,1.45508E+00,9.76562E-03
1.3568016E-01,1.49414E+00,9.76562E-03
1.3569864E-01,1.39648E+00,6.83594E-02
1.3571712E-01,1.45508E+00,2.92969E-02
1.3573560E-01,1.43555E+00,6.83594E-02
1.3575408E-01,1.51367E+00,6.83594E-02
1.3577256E-01,1.51367E+00,6.83594E-02
1.3579104E-01,1.43555E+00,2.92969E-02
1.3580952E-01,1.41602E+00,9.76562E-03
1.3582800E-01,1.49414E+00,4.88281E-02
1.3584648E-01,1.43555E+00,2.92969E-02
1.3586496E-01,1.45508E+00,4.88281E-02
1.3588344E-01,1.47461E+00,2.92969E-02
1.3590192E-01,1.45508E+00,8.78906E-02
1.3592040E-01,1.39648E+00,4.88281E-02
1.3593888E-01,1.49414E+00,4.88281E-02
1.3595736E-01,1.49414E+00,2.92969E-02
1.3597584E-01,1.49414E+00,6.83594E-02
1.3599432E-01,1.51367E+00,-2.92969E-02
1.3601280E-01,1.43555E+00,9.76562E-03
1.3603128E-01,1.45508E+00,2.92969E-02
1.3604976E-01,1.47461E+00,-2.92969E-02
1.3606824E-01,1.51367E+00,4.88281E-02
1.3608672E-01,1.51367E+00,2.92969E-02
1.3610520E-01,1.51367E+00,4.88281E-02
1.3612368E-01,1.49414E+00,2.92969E-02
1.3614216E-01,1.49414E+00,6.83594E-02
1.3616064E-01,1.43555E+00,9.76562E-03
1.3617912E-01,1.39648E+00,4.88281E-02
1.3619760E-01,1.47461E+00,4.88281E-02
1.3621608E-01,1.43555E+00,4.88281E-02
1.3623456E-01,1.55273E+00,9.76562E-03
1.3625304E-01,1.43555E+00,2.92969E-02
1.3627152E-01,1.43555E+00,4.88281E-02
1.3629000E-01,1.43555E+00,2.92969E-02
1.3630848E-01,1.45508E+00,2.92969E-02
1.3632696E-01,1.41602E+00,2.92969E-02
1.3634544E-01,1.47461E+00,4.88281E-02
1.3636392E-01,1.49414E+00,-9.76562E-03
1.3638240E-01,1.49414E+00,4.88281E-02
1.3640088E-01,1.51367E+00,6.83594E-02
1.3641936E-01,1.51367E+00,9.76562E-03
1.3643784E-01,1.49414E+00,4.88281E-02
1.3645632E-01,1.43555E+00,9.76562E-03
1.3647480E-01,1.45508E+00,2.92969E-02
1.3649328E-01,1.53320E+00,2.92969E-02
1.3651176E-01,1.45508E+00,8.78906E-02
1.3653024E-01,1.47461E+00,-9.76562E-03
1.3654872E-01,1.49414E+00,9.76562E-03
1.3656720E-01,1.51367E+00,4.88281E-02
1.3658568E-01,1.43555E+00,2.92969E-02
1.3660416E-01,1.43555E+00,9.76562E-03
1.3662264E-01,1.45508E+00,6.83594E-02
1.3664112E-01,1.43555E+00,9.76562E-03
1.3665960E-01,1.49414E+00,6.83594E-02
1.3667808E-01,1.51367E+00,4.88281E-02
1.3669656E-01,1.51367E+00,9.76562E-03
1.3671504E-01,1.51367E+00,6.83594E-02
1.3673352E-01,1.49414E+00,6.83594E-02
1.3675200E-01,1.49414E+00,4.88281E-02
1.3677048E-01,1.47461E+00,2.92969E-02
1.3678896E-01,1.45508E+00,-9.76562E-03
1.3680744E-01,1.43555E+00,4.88281E-02
1.3682592E-01,1.51367E+00,9.76562E-03
1.3684440E-01,1.49414E+00,2.92969E-02
1.3686288E-01,1.53320E+00,9.76562E-03
1.3688136E-01,1.45508E+00,6.83594E-02
1.3689984E-01,1.45508E+00,6.83594E-02
1.3691832E-01,1.41602E+00,4.88281E-02
1.3693680E-01,1.49414E+00,6.83594E-02
1.3695528E-01,1.43555E+00,6.83594E-02
1.3697376E-01,1.47461E+00,9.76562E-03
1.3699224E-01,1.43555E+00,2.92969E-02
1.3701072E-01,1.39648E+00,-9.76562E-03
1.3702920E-01,1.45508E+00,6.83594E-02
1.3704768E-01,1.45508E+00,4.88281E-02
1.3706616E-01,1.51367E+00,4.88281E-02
1.3708464E-01,1.49414E+00,-9.76562E-03
1.3710312E-01,1.49414E+00,2.92969E-02
1.3712160E-01,1.47461E+00,-9.76562E-03
1.3714008E-01,1.39648E+00,2.92969E-02
1.3715856E-01,1.47461E+00,6.83594E-02
1.3717704E-01,1.47461E+00,4.88281E-02
1.3719552E-01,1.53320E+00,9.76562E-03
1.3721400E-01,1.51367E+00,4.88281E-02
1.3723248E-01,1.49414E+00,9.76562E-03
1.3725096E-01,1.49414E+00,4.88281E-02
1.3726944E-01,1.45508E+00,-9.76562E-03
1.3728792E-01,1.51367E+00,2.92969E-02
1.3730640E-01,1.47461E+00,6.83594E-02
1.3732488E-01,1.47461E+00,9.76562E-03
1.3734336E-01,1.49414E+00,4.88281E-02
1.3736184E-01,1.49414E+00,2.92969E-02
1.3738032E-01,1.45508E+00,-9.76562E-03
1.3739880E-01,1.43555E+00,1.26953E-01
1.3741728E-01,1.53320E+00,4.88281E-02
1.3743576E-01,1.47461E+00,6.83594E-02
1.3745424E-01,1.51367E+00,6.83594E-02
1.3747272E-01,1.43555E+00,6.83594E-02
1.3749120E-01,1.43555E+00,4.88281E-02
1.3750968E-01,1.43555E+00,4.88281E-02
1.3752816E-01,1.53320E+00,6.83594E-02
1.3754664E-01,1.53320E+00,9.76562E-03
1.3756512E-01,1.47461E+00,2.92969E-02
1.3758360E-01,1.51367E+00,2.92969E-02
1.3760208E-01,1.49414E+00,4.88281E-02
1.3762056E-01,1.43555E+00,6.83594E-02
1.3763904E-01,1.57227E+00,9.76562E-03
1.3765752E-01,1.49414E+00,4.88281E-02
1.3767600E-01,1.49414E+00,6.83594E-02
1.3769448E-01,1.47461E+00,6.83594E-02
1.3771296E-01,1.49414E+00,9.76562E-03
1.3773144E-01,1.53320E+00,2.92969E-02
1.3774992E-01,1.41602E+00,4.88281E-02
1.3776840E-01,1.47461E+00,4.88281E-02
1.3778688E-01,1.49414E+00,6.83594E-02
1.3780536E-01,1.49414E+00,2.92969E-02
1.3782384E-01,1.43555E+00,-2.92969E-02
1.3784232E-01,1.45508E+00,4.88281E-02
1.3786080E-01,1.45508E+00,-9.76562E-03
1.3787928E-01,1.47461E+00,2.92969E-02
1.3789776E-01,1.53320E+00,9.76562E-03
1.3791624E-01,1.49414E+00,9.76562E-03
1.3793472E-01,1.45508E+00,2.92969E-02
1.3795320E-01,1.51367E+00,2.92969E-02
1.3797168E-01,1.49414E+00,4.88281E-02
1.3799016E-01,1.53320E+00,-9.76562E-03
1.3800864E-01,1.51367E+00,9.76562E-03
1.3802712E-01,1.47461E+00,4.88281E-02
1.3804560E-01,1.47461E+00,9.76562E-03
1.3806408E-01,1.43555E+00,8.78906E-02
1.3808256E-01,1.45508E+00,2.92969E-02
1.3810104E-01,1.51367E+00,9.76562E-03
1.3811952E-01,1.51367E+00,9.76562E-03
1.3813800E-01,1.49414E+00,6.83594E-02
1.3815648E-01,1.43555E+00,9.76562E-03
1.3817496E-01,1.47461E+00,6.83594E-02
1.3819344E-01,1.51367E+00,2.92969E-02
1.3821192E-01,1.51367E+00,2.92969E-02
1.3823040E-01,1.55273E+00,9.76562E-03
1.3824888E-01,1.51367E+00,1.07422E-01
1.3826736E-01,1.49414E+00,2.92969E-02
1.3828584E-01,1.47461E+00,6.83594E-02
1.3830432E-01,1.45508E+00,-9.76562E-03
1.3832280E-01,1.51367E+00,4.88281E-02
1.3834128E-01,1.45508E+00,2.92969E-02
1.3835976E-01,1.51367E+00,6.83594E-02
1.3837824E-01,1.51367E+00,9.76562E-03
1.3839672E-01,1.49414E+00,4.88281E-02
1.3841520E-01,1.49414E+00,9.76562E-03
1.3843368E-01,1.47461E+00,2.92969E-02
1.3845216E-01,1.55273E+00,2.92969E-02
1.3847064E-01,1.45508E+00,4.88281E-02
1.3848912E-01,1.51367E+00,4.88281E-02
1.3850760E-01,1.33789E+00,9.76562E-03
1.3852608E-01,1.45508E+00,4.88281E-02
1.3854456E-01,1.53320E+00,2.92969E-02
1.3856304E-01,1.53320E+00,2.92969E-02
1.3858152E-01,1.51367E+00,4.88281E-02
1.3860000E-01,1.43555E+00,4.88281E-02
1.3861848E-01,1.43555E+00,-9.76562E-03
1.3863696E-01,1.47461E+00,9.76562E-03
1.3865544E-01,1.51367E+00,4.88281E-02
1.3867392E-01,1.55273E+00,2.92969E-02
1.3869240E-01,1.51367E+00,4.88281E-02
1.3871088E-01,1.47461E+00,-9.76562E-03
1.3872936E-01,1.49414E+00,9.76562E-03
1.3874784E-01,1.45508E+00,2.92969E-02
1.3876632E-01,1.45508E+00,-9.76562E-03
1.3878480E-01,1.47461E+00,4.88281E-02
1.3880328E-01,1.49414E+00,4.88281E-02
1.3882176E-01,1.45508E+00,9.76562E-03
1.3884024E-01,1.43555E+00,6.83594E-02
1.3885872E-01,1.45508E+00,9.76562E-03
1.3887720E-01,1.45508E+00,2.92969E-02
1.3889568E-01,1.51367E+00,2.92969E-02
1.3891416E-01,1.53320E+00,4.88281E-02
1.3893264E-01,1.49414E+00,4.88281E-02
1.3895112E-01,1.43555E+00,9.76562E-03
1.3896960E-01,1.51367E+00,9.76562E-03
1.3898808E-01,1.51367E+00,4.88281E-02
1.3900656E-01,1.47461E+00,9.76562E-03
1.3902504E-01,1.49414E+00,4.88281E-02
1.3904352E-01,1.51367E+00,-9.76562E-03
1.3906200E-01,1.49414E+00,2.92969E-02
1.3908048E-01,1.51367E+00,4.88281E-02
1.3909896E-01,1.49414E+00,2.92969E-02
1.3911744E-01,1.49414E+00,4.88281E-02
1.3913592E-01,1.45508E+00,4.88281E-02
1.3915440E-01,1.53320E+00,9.76562E-03
1.3917288E-01,1.55273E+00,6.83594E-02
1.3919136E-01,1.53320E+00,-2.92969E-02
1.3920984E-01,1.51367E+00,2.92969E-02
1.3922832E-01,1.43555E+00,2.92969E-02
1.3924680E-01,1.51367E+00,6.83594E-02
1.3926528E-01,1.49414E+00,6.83594E-02
1.3928376E-01,1.45508E+00,1.07422E-01
1.3930224E-01,1.51367E+00,-9.76562E-03
1.3932072E-01,1.47461E+00,4.88281E-02
1.3933920E-01,1.49414E+00,9.76562E-03
1.3935768E-01,1.41602E+00,9.76562E-03
1.3937616E-01,1.49414E+00,4.88281E-02
1.3939464E-01,1.51367E+00,6.83594E-02
1.3941312E-01,1.51367E+00,9.76562E-03
1.3943160E-01,1.43555E+00,4.88281E-02
1.3945008E-01,1.47461E+00,2.92969E-02
1.3946856E-01,1.51367E+00,4.88281E-02
1.3948704E-01,1.55273E+00,2.92969E-02
1.3950552E-01,1.45508E+00,8.78906E-02
1.3952400E-01,1.47461E+00,9.76562E-03
1.3954248E-01,1.51367E+00,4.88281E-02
1.3956096E-01,1.49414E+00,4.88281E-02
1.3957944E-01,1.51367E+00,4.88281E-02
1.3959792E-01,1.49414E+00,4.88281E-02
1.3961640E-01,1.45508E+00,9.76562E-03
1.3963488E-01,1.43555E+00,4.88281E-02
1.3965336E-01,1.47461E+00,2.92969E-02
1.3967184E-01,1.51367E+00,-2.92969E-02
1.3969032E-01,1.51367E+00,4.88281E-02
1.3970880E-01,1.51367E+00,9.76562E-03
1.3972728E-01,1.49414E+00,4.88281E-02
1.3974576E-01,1.51367E+00,9.76562E-03
1.3976424E-01,1.51367E+00,9.76562E-03
1.3978272E-01,1.51367E+00,4.88281E-02
1.3980120E-01,1.51367E+00,4.88281E-02
1.3981968E-01,1.45508E+00,4.88281E-02
1.3983816E-01,1.49414E+00,9.76562E-03
1.3985664E-01,1.51367E+00,-9.76562E-03
1.3987512E-01,1.45508E+00,4.88281E-02
1.3989360E-01,1.49414E+00,9.76562E-03
1.3991208E-01,1.49414E+00,4.88281E-02
1.3993056E-01,1.55273E+00,2.92969E-02
1.3994904E-01,1.41602E+00,6.83594E-02
1.3996752E-01,1.51367E+00,9.76562E-03
1.3998600E-01,1.45508E+00,-9.76562E-03
1.4000448E-01,1.49414E+00,1.26953E-01
1.4002296E-01,1.55273E+00,8.78906E-02
1.4004144E-01,1.47461E+00,-2.92969E-02
1.4005992E-01,1.45508E+00,6.83594E-02
1.4007840E-01,1.55273E+00,6.83594E-02
1.4009688E-01,1.51367E+00,2.92969E-02
1.4011536E-01,1.49414E+00,4.88281E-02
1.4013384E-01,1.45508E+00,4.88281E-02
1.4015232E-01,1.49414E+00,-9.76562E-03
1.4017080E-01,1.49414E+00,6.83594E-02
1.4018928E-01,1.57227E+00,2.92969E-02
1.4020776E-01,1.43555E+00,1.07422E-01
1.4022624E-01,1.49414E+00,6.83594E-02
1.4024472E-01,1.47461E+00,6.83594E-02
1.4026320E-01,1.55273E+00,-9.76562E-03
1.4028168E-01,1.45508E+00,9.76562E-03
1.4030016E-01,1.51367E+00,9.76562E-03
1.4031864E-01,1.47461E+00,-4.88281E-02
1.4033712E-01,1.53320E+00,-9.76562E-03
1.4035560E-01,1.49414E+00,6.83594E-02
1.4037408E-01,1.45508E+00,4.88281E-02
1.4039256E-01,1.55273E+00,2.92969E-02
1.4041104E-01,1.51367E+00,6.83594E-02
1.4042952E-01,1.51367E+00,4.88281E-02
1.4044800E-01,1.51367E+00,6.83594E-02
1.4046648E-01,1.53320E+00,9.76562E-03
1.4048496E-01,1.53320E+00,2.92969E-02
1.4050344E-01,1.45508E+00,6.83594E-02
1.4052192E-01,1.45508E+00,4.88281E-02
1.4054040E-01,1.41602E+00,4.88281E-02
1.4055888E-01,1.53320E+00,2.92969E-02
1.4057736E-01,1.45508E+00,9.76562E-03
1.4059584E-01,1.53320E+00,4.88281E-02
1.4061432E-01,1.49414E+00,4.88281E-02
1.4063280E-01,1.49414E+00,2.92969E-02
1.4065128E-01,1.47461E+00,2.92969E-02
1.4066976E-01,1.51367E+00,-2.92969E-02
1.4068824E-01,1.45508E+00,6.83594E-02
1.4070672E-01,1.51367E+00,-2.92969E-02
1.4072520E-01,1.43555E+00,6.83594E-02
1.4074368E-01,1.49414E+00,2.92969E-02
1.4076216E-01,1.47461E+00,4.88281E-02
1.4078064E-01,1.51367E+00,4.88281E-02
1.4079912E-01,1.51367E+00,1.26953E-01
1.4081760E-01,1.49414E+00,9.76562E-03
1.4083608E-01,1.51367E+00,8.78906E-02
1.4085456E-01,1.57227E+00,2.92969E-02
1.4087304E-01,1.53320E+00,2.92969E-02
1.4089152E-01,1.51367E+00,4.88281E-02
1.4091000E-01,1.51367E+00,6.83594E-02
1.4092848E-01,1.45508E+00,6.83594E-02
1.4094696E-01,1.45508E+00,-4.88281E-02
1.4096544E-01,1.55273E+00,9.76562E-03
1.4098392E-01,1.45508E+00,6.83594E-02
1.4100240E-01,1.41602E+00,-6.83594E-02
1.4102088E-01,1.47461E+00,4.88281E-02
1.4103936E-01,1.49414E+00,9.76562E-03
1.4105784E-01,1.49414E+00,4.88281E-02
1.4107632E-01,1.49414E+00,4.88281E-02
1.4109480E-01,1.49414E+00,4.88281E-02
1.4111328E-01,1.49414E+00,9.76562E-03
1.4113176E-01,1.47461E+00,8.78906E-02
1.4115024E-01,1.45508E+00,2.92969E-02
1.4116872E-01,1.47461E+00,-9.76562E-03
1.4118720E-01,1.51367E+00,4.88281E-02
1.4120568E-01,1.45508E+00,1.07422E-01
1.4122416E-01,1.49414E+00,9.76562E-03
1.4124264E-01,1.49414E+00,6.83594E-02
1.4126112E-01,1.55273E+00,9.76562E-03
1.4127960E-01,1.49414E+00,4.88281E-02
1.4129808E-01,1.47461E+00,2.92969E-02
1.4131656E-01,1.49414E+00,6.83594E-02
1.4133504E-01,1.49414E+00,2.92969E-02
1.4135352E-01,1.49414E+00,6.83594E-02
1.4137200E-01,1.57227E+00,6.83594E-02
1.4139048E-01,1.55273E+00,2.92969E-02
1.4140896E-01,1.51367E+00,8.78906E-02
1.4142744E-01,1.43555E+00,9.76562E-03
1.4144592E-01,1.51367E+00,9.76562E-03
1.4146440E-01,1.49414E+00,4.88281E-02
1.4148288E-01,1.47461E+00,9.76562E-03
1.4150136E-01,1.47461E+00,6.83594E-02
1.4151984E-01,1.49414E+00,9.76562E-03
1.4153832E-01,1.51367E+00,9.76562E-03
1.4155680E-01,1.51367E+00,9.76562E-03
1.4157528E-01,1.43555E+00,2.92969E-02
1.4159376E-01,1.51367E+00,6.83594E-02
1.4161224E-01,1.47461E+00,1.07422E-01
1.4163072E-01,1.53320E+00,4.88281E-02
1.4164920E-01,1.43555E+00,9.76562E-03
1.4166768E-01,1.51367E+00,9.76562E-03
1.4168616E-01,1.55273E+00,1.26953E-01
1.4170464E-01,1.49414E+00,-9.76562E-03
1.4172312E-01,1.55273E+00,9.76562E-03
1.4174160E-01,1.45508E+00,9.76562E-03
1.4176008E-01,1.39648E+00,4.88281E-02
1.4177856E-01,1.47461E+00,-9.76562E-03
1.4179704E-01,1.49414E+00,1.07422E-01
1.4181552E-01,1.45508E+00,2.92969E-02
1.4183400E-01,1.51367E+00,6.83594E-02
1.4185248E-01,1.55273E+00,8.78906E-02
1.4187096E-01,1.49414E+00,1.07422E-01
1.4188944E-01,1.57227E+00,-9.76562E-03
1.4190792E-01,1.45508E+00,2.92969E-02
1.4192640E-01,1.49414E+00,1.07422E-01
1.4194488E-01,1.51367E+00,6.83594E-02
1.4196336E-01,1.43555E+00,2.92969E-02
1.4198184E-01,1.51367E+00,6.83594E-02
1.4200032E-01,1.51367E+00,2.92969E-02
1.4201880E-01,1.57227E+00,4.88281E-02
1.4203728E-01,1.53320E+00,9.76562E-03
1.4205576E-01,1.53320E+00,4.88281E-02
1.4207424E-01,1.59180E+00,9.76562E-03
1.4209272E-01,1.43555E+00,4.88281E-02
1.4211120E-01,1.39648E+00,2.92969E-02
1.4212968E-01,1.53320E+00,6.83594E-02
1.4214816E-01,1.47461E+00,9.76562E-03
1.4216664E-01,1.43555E+00,6.83594E-02
1.4218512E-01,1.49414E+00,9.76562E-03
1.4220360E-01,1.49414E+00,6.83594E-02
1.4222208E-01,1.55273E+00,2.92969E-02
1.4224056E-01,1.51367E+00,1.07422E-01
1.4225904E-01,1.49414E+00,2.92969E-02
1.4227752E-01,1.53320E+00,4.88281E-02
1.4229600E-01,1.53320E+00,9.76562E-03
1.4231448E-01,1.51367E+00,6.83594E-02
1.4233296E-01,1.51367E+00,4.88281E-02
1.4235144E-01,1.45508E+00,6.83594E-02
1.4236992E-01,1.51367E+00,4.88281E-02
1.4238840E-01,1.47461E+00,4.88281E-02
1.4240688E-01,1.51367E+00,4.88281E-02
1.4242536E-01,1.45508E+00,8.78906E-02
1.4244384E-01,1.51367E+00,9.76562E-03
1.4246232E-01,1.49414E+00,6.83594E-02
1.4248080E-01,1.53320E+00,9.76562E-03
1.4249928E-01,1.47461E+00,4.88281E-02
1.4251776E-01,1.59180E+00,6.83594E-02
1.4253624E-01,1.49414E+00,9.76562E-03
1.4255472E-01,1.49414E+00,9.76562E-03
1.4257320E-01,1.49414E+00,4.88281E-02
1.4259168E-01,1.53320E+00,4.88281E-02
1.4261016E-01,1.51367E+00,2.92969E-02
1.4262864E-01,1.55273E+00,6.83594E-02
1.4264712E-01,1.55273E+00,2.92969E-02
1.4266560E-01,1.53320E+00,9.76562E-03
1.4268408E-01,1.49414E+00,2.92969E-02
1.4270256E-01,1.57227E+00,9.76562E-03
1.4272104E-01,1.51367E+00,2.92969E-02
1.4273952E-01,1.51367E+00,9.76562E-03
1.4275800E-01,1.47461E+00,8.78906E-02
1.4277648E-01,1.49414E+00,-9.76562E-03
1.4279496E-01,1.47461E+00,6.83594E-02
1.4281344E-01,1.49414E+00,9.76562E-03
1.4283192E-01,1.49414E+00,6.83594E-02
1.4285040E-01,1.53320E+00,2.92969E-02
1.4286888E-01,1.43555E+00,4.88281E-02
1.4288736E-01,1.43555E+00,6.83594E-02
1.4290584E-01,1.45508E+00,4.88281E-02
1.4292432E-01,1.45508E+00,9.76562E-03
1.4294280E-01,1.51367E+00,6.83594E-02
1.4296128E-01,1.51367E+00,9.76562E-03
1.4297976E-01,1.53320E+00,6.83594E-02
1.4299824E-01,1.49414E+00,2.92969E-02
1.4301672E-01,1.51367E+00,2.92969E-02
1.4303520E-01,1.49414E+00,4.88281E-02
1.4305368E-01,1.53320E+00,8.78906E-02
1.4307216E-01,1.51367E+00,6.83594E-02
1.4309064E-01,1.45508E+00,6.83594E-02
1.4310912E-01,1.49414E+00,9.76562E-03
1.4312760E-01,1.49414E+00,4.88281E-02
1.4314608E-01,1.49414E+00,8.78906E-02
1.4316456E-01,1.51367E+00,2.92969E-02
1.4318304E-01,1.51367E+00,6.83594E-02
1.4320152E-01,1.49414E+00,6.83594E-02
1.4322000E-01,1.53320E+00,4.88281E-02
1.4323848E-01,1.49414E+00,6.83594E-02
1.4325696E-01,1.51367E+00,-9.76562E-03
1.4327544E-01,1.53320E+00,4.88281E-02
1.4329392E-01,1.49414E+00,2.92969E-02
1.4331240E-01,1.57227E+00,9.76562E-03
1.4333088E-01,1.47461E+00,-9.76562E-03
1.4334936E-01,1.47461E+00,6.83594E-02
1.4336784E-01,1.55273E+00,9.76562E-03
1.4338632E-01,1.53320E+00,6.83594E-02
1.4340480E-01,1.47461E+00,-9.76562E-03
1.4342328E-01,1.51367E+00,4.88281E-02
1.4344176E-01,1.51367E+00,2.92969E-02
1.4346024E-01,1.51367E+00,1.26953E-01
1.4347872E-01,1.45508E+00,4.88281E-02
1.4349720E-01,1.47461E+00,8.78906E-02
1.4351568E-01,1.55273E+00,-9.76562E-03
1.4353416E-01,1.47461E+00,9.76562E-03
1.4355264E-01,1.51367E+00,2.92969E-02
1.4357112E-01,1.51367E+00,2.92969E-02
1.4358960E-01,1.49414E+00,2.92969E-02
1.4360808E-01,1.49414E+00,2.92969E-02
1.4362656E-01,1.53320E+00,2.92969E-02
1.4364504E-01,1.45508E+00,8.78906E-02
1.4366352E-01,1.53320E+00,4.88281E-02
1.4368200E-01,1.51367E+00,6.83594E-02
1.4370048E-01,1.55273E+00,2.92969E-02
1.4371896E-01,1.49414E+00,4.88281E-02
1.4373744E-01,1.45508E+00,9.76562E-03
1.4375592E-01,1.49414E+00,8.78906E-02
1.4377440E-01,1.53320E+00,-9.76562E-03
1.4379288E-01,1.49414E+00,8.78906E-02
1.4381136E-01,1.51367E+00,9.76562E-03
1.4382984E-01,1.51367E+00,4.88281E-02
1.4384832E-01,1.51367E+00,2.92969E-02
1.4386680E-01,1.51367E+00,2.92969E-02
1.4388528E-01,1.45508E+00,4.88281E-02
1.4390376E-01,1.47461E+00,6.83594E-02
1.4392224E-01,1.49414E+00,-9.76562E-03
1.4394072E-01,1.51367E+00,2.92969E-02
1.4395920E-01,1.51367E+00,9.76562E-03
1.4397768E-01,1.49414E+00,6.83594E-02
1.4399616E-01,1.55273E+00,-9.76562E-03
1.4401464E-01,1.41602E+00,2.92969E-02
1.4403312E-01,1.53320E+00,6.83594E-02
1.4405160E-01,1.45508E+00,2.92969E-02
1.4407008E-01,1.49414E+00,2.92969E-02
1.4408856E-01,1.51367E+00,6.83594E-02
1.4410704E-01,1.53320E+00,-9.76562E-03
1.4412552E-01,1.53320E+00,8.78906E-02
1.4414400E-01,1.49414E+00,4.88281E-02
1.4416248E-01,1.53320E+00,2.92969E-02
1.4418096E-01,1.51367E+00,-9.76562E-03
1.4419944E-01,1.49414E+00,8.78906E-02
1.4421792E-01,1.47461E+00,4.88281E-02
1.4423640E-01,1.45508E+00,2.92969E-02
1.4425488E-01,1.51367E+00,9.76562E-03
1.4427336E-01,1.51367E+00,2.92969E-02
1.4429184E-01,1.59180E+00,4.88281E-02
1.4431032E-01,1.49414E+00,6.83594E-02
1.4432880E-01,1.55273E+00,4.88281E-02
1.4434728E-01,1.43555E+00,4.88281E-02
1.4436576E-01,1.51367E+00,9.76562E-03
1.4438424E-01,1.53320E+00,2.92969E-02
1.4440272E-01,1.49414E+00,-2.92969E-02
1.4442120E-01,1.51367E+00,4.88281E-02
1.4443968E-01,1.51367E+00,9.76562E-03
1.4445816E-01,1.47461E+00,1.26953E-01
1.4447664E-01,1.49414E+00,-9.76562E-03
1.4449512E-01,1.51367E+00,9.76562E-03
1.4451360E-01,1.49414E+00,-9.76562E-03
1.4453208E-01,1.49414E+00,2.92969E-02
1.4455056E-01,1.53320E+00,4.88281E-02
1.4456904E-01,1.45508E+00,2.92969E-02
1.4458752E-01,1.51367E+00,4.88281E-02
1.4460600E-01,1.51367E+00,6.83594E-02
1.4462448E-01,1.51367E+00,9.76562E-03
1.4464296E-01,1.43555E+00,4.88281E-02
1.4466144E-01,1.45508E+00,6.83594E-02
1.4467992E-01,1.47461E+00,8.78906E-02
1.4469840E-01,1.53320E+00,4.88281E-02
1.4471688E-01,1.47461E+00,6.83594E-02
1.4473536E-01,1.49414E+00,-9.76562E-03
1.4475384E-01,1.49414E+00,4.88281E-02
1.4477232E-01,1.47461E+00,2.92969E-02
1.4479080E-01,1.55273E+00,6.83594E-02
1.4480928E-01,1.47461E+00,4.88281E-02
1.4482776E-01,1.49414E+00,4.88281E-02
1.4484624E-01,1.59180E+00,-6.83594E-02
1.4486472E-01,1.51367E+00,1.07422E-01
1.4488320E-01,1.57227E+00,-9.76562E-03
1.4490168E-01,1.53320E+00,2.92969E-02
1.4492016E-01,1.53320E+00,2.92969E-02
1.4493864E-01,1.51367E+00,4.88281E-02
1.4495712E-01,1.53320E+00,4.88281E-02
1.4497560E-01,1.57227E+00,4.88281E-02
1.4499408E-01,1.51367E+00,9.76562E-03
1.4501256E-01,1.51367E+00,6.83594E-02
1.4503104E-01,1.49414E+00,2.92969E-02
1.4504952E-01,1.53320E+00,2.92969E-02
1.4506800E-01,1.57227E+00,4.88281E-02
1.4508648E-01,1.51367E+00,8.78906E-02
1.4510496E-01,1.57227E+00,2.92969E-02
1.4512344E-01,1.51367E+00,9.76562E-03
1.4514192E-01,1.51367E+00,6.83594E-02
1.4516040E-01,1.51367E+00,8.78906E-02
1.4517888E-01,1.49414E+00,6.83594E-02
1.4519736E-01,1.51367E+00,8.78906E-02
1.4521584E-01,1.55273E+00,4.88281E-02
1.4523432E-01,1.51367E+00,4.88281E-02
1.4525280E-01,1.49414E+00,4.88281E-02
1.4527128E-01,1.49414E+00,4.88281E-02
1.4528976E-01,1.55273E+00,4.88281E-02
1.4530824E-01,1.49414E+00,2.92969E-02
1.4532672E-01,1.55273E+00,2.92969E-02
1.4534520E-01,1.55273E+00,6.83594E-02
1.4536368E-01,1.55273E+00,2.92969E-02
1.4538216E-01,1.53320E+00,4.88281E-02
1.4540064E-01,1.43555E+00,-9.76562E-03
1.4541912E-01,1.57227E+00,2.92969E-02
1.4543760E-01,1.47461E+00,4.88281E-02
1.4545608E-01,1.43555E+00,8.78906E-02
1.4547456E-01,1.47461E+00,9.76562E-03
1.4549304E-01,1.51367E+00,4.88281E-02
1.4551152E-01,1.51367E+00,9.76562E-03
1.4553000E-01,1.51367E+00,9.76562E-03
1.4554848E-01,1.49414E+00,9.76562E-03
1.4556696E-01,1.51367E+00,4.88281E-02
1.4558544E-01,1.51367E+00,-9.76562E-03
1.4560392E-01,1.49414E+00,9.76562E-03
1.4562240E-01,1.49414E+00,9.76562E-03
1.4564088E-01,1.49414E+00,2.92969E-02
1.4565936E-01,1.49414E+00,6.83594E-02
1.4567784E-01,1.47461E+00,1.07422E-01
1.4569632E-01,1.53320E+00,-9.76562E-03
1.4571480E-01,1.51367E+00,6.83594E-02
1.4573328E-01,1.53320E+00,4.88281E-02
1.4575176E-01,1.55273E+00,2.92969E-02
1.4577024E-01,1.57227E+00,2.92969E-02
1.4578872E-01,1.51367E+00,4.88281E-02
1.4580720E-01,1.45508E+00,2.92969E-02
1.4582568E-01,1.49414E+00,8.78906E-02
1.4584416E-01,1.51367E+00,9.76562E-03
1.4586264E-01,1.51367E+00,9.76562E-03
1.4588112E-01,1.51367E+00,9.76562E-03
1.4589960E-01,1.51367E+00,6.83594E-02
1.4591808E-01,1.47461E+00,2.92969E-02
1.4593656E-01,1.45508E+00,6.83594E-02
1.4595504E-01,1.55273E+00,4.88281E-02
1.4597352E-01,1.55273E+00,4.88281E-02
1.4599200E-01,1.57227E+00,2.92969E-02
1.4601048E-01,1.51367E+00,6.83594E-02
1.4602896E-01,1.53320E+00,-9.76562E-03
1.4604744E-01,1.49414E+00,8.78906E-02
1.4606592E-01,1.49414E+00,2.92969E-02
1.4608440E-01,1.51367E+00,6.83594E-02
1.4610288E-01,1.53320E+00,-9.76562E-03
1.4612136E-01,1.57227E+00,2.92969E-02
1.4613984E-01,1.57227E+00,-9.76562E-03
1.4615832E-01,1.57227E+00,6.83594E-02
1.4617680E-01,1.51367E+00,6.83594E-02
1.4619528E-01,1.49414E+00,1.07422E-01
1.4621376E-01,1.51367E+00,4.88281E-02
1.4623224E-01,1.47461E+00,9.76562E-03
1.4625072E-01,1.53320E+00,2.92969E-02
1.4626920E-01,1.47461E+00,4.88281E-02
1.4628768E-01,1.55273E+00,2.92969E-02
1.4630616E-01,1.51367E+00,4.88281E-02
1.4632464E-01,1.49414E+00,6.83594E-02
1.4634312E-01,1.45508E+00,2.92969E-02
1.4636160E-01,1.51367E+00,4.88281E-02
1.4638008E-01,1.49414E+00,6.83594E-02
1.4639856E-01,1.49414E+00,9.76562E-03
1.4641704E-01,1.49414E+00,6.83594E-02
1.4643552E-01,1.55273E+00,2.92969E-02
1.4645400E-01,1.49414E+00,4.88281E-02
1.4647248E-01,1.51367E+00,4.88281E-02
1.4649096E-01,1.49414E+00,4.88281E-02
1.4650944E-01,1.51367E+00,-9.76562E-03
1.4652792E-01,1.51367E+00,4.88281E-02
1.4654640E-01,1.53320E+00,-2.92969E-02
1.4656488E-01,1.49414E+00,2.92969E-02
1.4658336E-01,1.55273E+00,4.88281E-02
1.4660184E-01,1.45508E+00,9.76562E-03
1.4662032E-01,1.47461E+00,9.76562E-03
1.4663880E-01,1.51367E+00,9.76562E-03
1.4665728E-01,1.51367E+00,2.92969E-02
1.4667576E-01,1.53320E+00,9.76562E-03
1.4669424E-01,1.49414E+00,2.92969E-02
1.4671272E-01,1.59180E+00,4.88281E-02
1.4673120E-01,1.49414E+00,2.92969E-02
1.4674968E-01,1.65039E+00,6.83594E-02
1.4676816E-01,1.47461E+00,4.88281E-02
1.4678664E-01,1.51367E+00,2.92969E-02
1.4680512E-01,1.55273E+00,9.76562E-03
1.4682360E-01,1.47461E+00,2.92969E-02
1.4684208E-01,1.51367E+00,9.76562E-03
1.4686056E-01,1.57227E+00,9.76562E-03
1.4687904E-01,1.53320E+00,4.88281E-02
1.4689752E-01,1.55273E+00,1.26953E-01
1.4691600E-01,1.55273E+00,4.88281E-02
1.4693448E-01,1.47461E+00,2.92969E-02
1.4695296E-01,1.47461E+00,4.88281E-02
1.4697144E-01,1.57227E+00,2.92969E-02
1.4698992E-01,1.53320E+00,9.76562E-03
1.4700840E-01,1.53320E+00,4.88281E-02
1.4702688E-01,1.53320E+00,4.88281E-02
1.4704536E-01,1.43555E+00,4.88281E-02
1.4706384E-01,1.59180E+00,2.92969E-02
1.4708232E-01,1.51367E+00,6.83594E-02
1.4710080E-01,1.53320E+00,-9.76562E-03
1.4711928E-01,1.51367E+00,6.83594E-02
1.4713776E-01,1.51367E+00,-9.76562E-03
1.4715624E-01,1.45508E+00,1.26953E-01
1.4717472E-01,1.51367E+00,2.92969E-02
1.4719320E-01,1.51367E+00,2.92969E-02
1.4721168E-01,1.53320E+00,9.76562E-03
1.4723016E-01,1.51367E+00,4.88281E-02
1.4724864E-01,1.51367E+00,2.92969E-02
1.4726712E-01,1.51367E+00,9.76562E-03
1.4728560E-01,1.53320E+00,-9.76562E-03
1.4730408E-01,1.51367E+00,4.88281E-02
1.4732256E-01,1.43555E+00,9.76562E-03
1.4734104E-01,1.45508E+00,9.76562E-03
1.4735952E-01,1.55273E+00,2.92969E-02
1.4737800E-01,1.49414E+00,6.83594E-02
1.4739648E-01,1.49414E+00,2.92969E-02
1.4741496E-01,1.55273E+00,2.92969E-02
1.4743344E-01,1.53320E+00,9.76562E-03
1.4745192E-01,1.57227E+00,4.88281E-02
1.4747040E-01,1.55273E+00,6.83594E-02
1.4748888E-01,1.51367E+00,9.76562E-03
1.4750736E-01,1.59180E+00,-9.76562E-03
1.4752584E-01,1.49414E+00,4.88281E-02
1.4754432E-01,1.55273E+00,4.88281E-02
1.4756280E-01,1.51367E+00,6.83594E-02
1.4758128E-01,1.45508E+00,9.76562E-03
1.4759976E-01,1.51367E+00,6.83594E-02
1.4761824E-01,1.51367E+00,2.92969E-02
1.4763672E-01,1.51367E+00,4.88281E-02
1.4765520E-01,1.51367E+00,4.88281E-02
1.4767368E-01,1.49414E+00,6.83594E-02
1.4769216E-01,1.51367E+00,9.76562E-03
1.4771064E-01,1.51367E+00,9.76562E-03
1.4772912E-01,1.51367E+00,9.76562E-03
1.4774760E-01,1.47461E+00,4.88281E-02
1.4776608E-01,1.53320E+00,-9.76562E-03
1.4778456E-01,1.49414E+00,-9.76562E-03
1.4780304E-01,1.49414E+00,4.88281E-02
1.4782152E-01,1.55273E+00,2.92969E-02
1.4784000E-01,1.51367E+00,2.92969E-02
1.4785848E-01,1.49414E+00,4.88281E-02
1.4787696E-01,1.51367E+00,4.88281E-02
1.4789544E-01,1.53320E+00,2.92969E-02
1.4791392E-01,1.53320E+00,-2.92969E-02
1.4793240E-01,1.57227E+00,6.83594E-02
1.4795088E-01,1.49414E+00,-9.76562E-03
1.4796936E-01,1.55273E+00,2.92969E-02
1.4798784E-01,1.55273E+00,-2.92969E-02
1.4800632E-01,1.49414E+00,9.76562E-03
1.4802480E-01,1.51367E+00,4.88281E-02
1.4804328E-01,1.57227E+00,6.83594E-02
1.4806176E-01,1.61133E+00,2.92969E-02
1.4808024E-01,1.53320E+00,6.83594E-02
1.4809872E-01,1.51367E+00,4.88281E-02
1.4811720E-01,1.51367E+00,4.88281E-02
1.4813568E-01,1.51367E+00,-2.92969E-02
1.4815416E-01,1.45508E+00,-9.76562E-03
1.4817264E-01,1.53320E+00,2.92969E-02
1.4819112E-01,1.51367E+00,6.83594E-02
1.4820960E-01,1.53320E+00,9.76562E-03
1.4822808E-01,1.51367E+00,6.83594E-02
1.4824656E-01,1.55273E+00,-9.76562E-03
1.4826504E-01,1.53320E+00,2.92969E-02
1.4828352E-01,1.55273E+00,2.92969E-02
1.4830200E-01,1.39648E+00,6.83594E-02
1.4832048E-01,1.55273E+00,2.92969E-02
1.4833896E-01,1.59180E+00,4.88281E-02
1.4835744E-01,1.49414E+00,4.88281E-02
1.4837592E-01,1.53320E+00,1.07422E-01
1.4839440E-01,1.63086E+00,9.76562E-03
1.4841288E-01,1.53320E+00,6.83594E-02
1.4843136E-01,1.49414E+00,-9.76562E-03
1.4844984E-01,1.47461E+00,4.88281E-02
1.4846832E-01,1.51367E+00,4.88281E-02
1.4848680E-01,1.53320E+00,4.88281E-02
1.4850528E-01,1.57227E+00,2.92969E-02
1.4852376E-01,1.57227E+00,8.78906E-02
1.4854224E-01,1.55273E+00,-2.92969E-02
1.4856072E-01,1.51367E+00,4.88281E-02
1.4857920E-01,1.51367E+00,-9.76562E-03
1.4859768E-01,1.53320E+00,6.83594E-02
1.4861616E-01,1.53320E+00,9.76562E-03
1.4863464E-01,1.51367E+00,6.83594E-02
1.4865312E-01,1.49414E+00,9.76562E-03
1.4867160E-01,1.51367E+00,-4.88281E-02
1.4869008E-01,1.61133E+00,4.88281E-02
1.4870856E-01,1.43555E+00,6.83594E-02
1.4872704E-01,1.55273E+00,9.76562E-03
1.4874552E-01,1.55273E+00,2.92969E-02
1.4876400E-01,1.55273E+00,2.92969E-02
1.4878248E-01,1.49414E+00,4.88281E-02
1.4880096E-01,1.53320E+00,9.76562E-03
1.4881944E-01,1.57227E+00,4.88281E-02
1.4883792E-01,1.55273E+00,6.83594E-02
1.4885640E-01,1.51367E+00,-9.76562E-03
1.4887488E-01,1.49414E+00,2.92969E-02
1.4889336E-01,1.49414E+00,8.78906E-02
1.4891184E-01,1.45508E+00,4.88281E-02
1.4893032E-01,1.51367E+00,6.83594E-02
1.4894880E-01,1.57227E+00,4.88281E-02
1.4896728E-01,1.49414E+00,2.92969E-02
1.4898576E-01,1.47461E+00,9.76562E-03
1.4900424E-01,1.51367E+00,4.88281E-02
1.4902272E-01,1.51367E+00,4.88281E-02
1.4904120E-01,1.57227E+00,-4.88281E-02
1.4905968E-01,1.55273E+00,2.92969E-02
1.4907816E-01,1.51367E+00,2.92969E-02
1.4909664E-01,1.57227E+00,9.76562E-03
1.4911512E-01,1.53320E+00,6.83594E-02
1.4913360E-01,1.51367E+00,6.83594E-02
1.4915208E-01,1.51367E+00,9.76562E-03
1.4917056E-01,1.55273E+00,9.76562E-03
1.4918904E-01,1.55273E+00,4.88281E-02
1.4920752E-01,1.51367E+00,2.92969E-02
1.4922600E-01,1.57227E+00,4.88281E-02
1.4924448E-01,1.55273E+00,9.76562E-03
1.4926296E-01,1.49414E+00,2.92969E-02
1.4928144E-01,1.55273E+00,2.92969E-02
1.4929992E-01,1.51367E+00,4.88281E-02
1.4931840E-01,1.61133E+00,-9.76562E-03
1.4933688E-01,1.53320E+00,4.88281E-02
1.4935536E-01,1.55273E+00,9.76562E-03
1.4937384E-01,1.45508E+00,4.88281E-02
1.4939232E-01,1.51367E+00,-9.76562E-03
1.4941080E-01,1.53320E+00,6.83594E-02
1.4942928E-01,1.51367E+00,-2.92969E-02
1.4944776E-01,1.57227E+00,9.76562E-03
1.4946624E-01,1.47461E+00,4.88281E-02
1.4948472E-01,1.55273E+00,-9.76562E-03
1.4950320E-01,1.51367E+00,9.76562E-03
1.4952168E-01,1.53320E+00,4.88281E-02
1.4954016E-01,1.49414E+00,9.76562E-03
1.4955864E-01,1.51367E+00,4.88281E-02
1.4957712E-01,1.53320E+00,9.76562E-03
1.4959560E-01,1.51367E+00,4.88281E-02
1.4961408E-01,1.55273E+00,6.83594E-02
1.4963256E-01,1.51367E+00,6.83594E-02
1.4965104E-01,1.55273E+00,-9.76562E-03
1.4966952E-01,1.45508E+00,9.76562E-03
1.4968800E-01,1.53320E+00,-9.76562E-03
1.4970648E-01,1.51367E+00,6.83594E-02
1.4972496E-01,1.51367E+00,9.76562E-03
1.4974344E-01,1.47461E+00,2.92969E-02
1.4976192E-01,1.63086E+00,9.76562E-03
1.4978040E-01,1.55273E+00,4.88281E-02
1.4979888E-01,1.55273E+00,-9.76562E-03
1.4981736E-01,1.61133E+00,6.83594E-02
1.4983584E-01,1.57227E+00,9.76562E-03
1.4985432E-01,1.55273E+00,4.88281E-02
1.4987280E-01,1.57227E+00,9.76562E-03
1.4989128E-01,1.51367E+00,4.88281E-02
1.4990976E-01,1.49414E+00,-9.76562E-03
1.4992824E-01,1.53320E+00,2.92969E-02
1.4994672E-01,1.51367E+00,2.92969E-02
1.4996520E-01,1.51367E+00,6.83594E-02
1.4998368E-01,1.49414E+00,9.76562E-03
1.5000216E-01,1.51367E+00,2.92969E-02
1.5002064E-01,1.43555E+00,2.92969E-02
1.5003912E-01,1.47461E+00,6.83594E-02
1.5005760E-01,1.53320E+00,4.88281E-02
1.5007608E-01,1.47461E+00,9.76562E-03
1.5009456E-01,1.51367E+00,9.76562E-03
1.5011304E-01,1.49414E+00,4.88281E-02
1.5013152E-01,1.55273E+00,9.76562E-03
1.5015000E-01,1.57227E+00,4.88281E-02
1.5016848E-01,1.49414E+00,-2.92969E-02
1.5018696E-01,1.57227E+00,1.07422E-01
1.5020544E-01,1.53320E+00,2.92969E-02
1.5022392E-01,1.51367E+00,4.88281E-02
1.5024240E-01,1.53320E+00,9.76562E-03
1.5026088E-01,1.57227E+00,8.78906E-02
1.5027936E-01,1.57227E+00,4.88281E-02
1.5029784E-01,1.57227E+00,6.83594E-02
1.5031632E-01,1.55273E+00,9.76562E-03
1.5033480E-01,1.51367E+00,4.88281E-02
1.5035328E-01,1.55273E+00,9.76562E-03
1.5037176E-01,1.57227E+00,6.83594E-02
1.5039024E-01,1.57227E+00,6.83594E-02
1.5040872E-01,1.45508E+00,9.76562E-03
1.5042720E-01,1.63086E+00,6.83594E-02
1.5044568E-01,1.55273E+00,6.83594E-02
1.5046416E-01,1.47461E+00,4.88281E-02
1.5048264E-01,1.51367E+00,8.78906E-02
1.5050112E-01,1.53320E+00,-6.83594E-02
1.5051960E-01,1.51367E+00,8.78906E-02
1.5053808E-01,1.45508E+00,2.92969E-02
1.5055656E-01,1.55273E+00,6.83594E-02
1.5057504E-01,1.61133E+00,4.88281E-02
1.5059352E-01,1.53320E+00,-4.88281E-02
1.5061200E-01,1.53320E+00,9.76562E-03
1.5063048E-01,1.51367E+00,-9.76562E-03
1.5064896E-01,1.55273E+00,9.76562E-03
1.5066744E-01,1.49414E+00,8.78906E-02
1.5068592E-01,1.55273E+00,4.88281E-02
1.5070440E-01,1.51367E+00,4.88281E-02
1.5072288E-01,1.57227E+00,4.88281E-02
1.5074136E-01,1.57227E+00,2.92969E-02
1.5075984E-01,1.53320E+00,2.92969E-02
1.5077832E-01,1.51367E+00,1.07422E-01
1.5079680E-01,1.53320E+00,6.83594E-02
1.5081528E-01,1.43555E+00,1.26953E-01
1.5083376E-01,1.55273E+00,9.76562E-03
1.5085224E-01,1.51367E+00,2.92969E-02
1.5087072E-01,1.49414E+00,2.92969E-02
1.5088920E-01,1.55273E+00,6.83594E-02
1.5090768E-01,1.57227E+00,4.88281E-02
1.5092616E-01,1.41602E+00,6.83594E-02
1.5094464E-01,1.49414E+00,4.88281E-02
1.5096312E-01,1.53320E+00,9.76562E-03
1.5098160E-01,1.57227E+00,2.92969E-02
1.5100008E-01,1.53320E+00,4.88281E-02
1.5101856E-01,1.49414E+00,4.88281E-02
1.5103704E-01,1.61133E+00,1.26953E-01
1.5105552E-01,1.47461E+00,4.88281E-02
1.5107400E-01,1.53320E+00,9.76562E-03
1.5109248E-01,1.55273E+00,9.76562E-03
1.5111096E-01,1.51367E+00,4.88281E-02
1.5112944E-01,1.55273E+00,2.92969E-02
1.5114792E-01,1.49414E+00,9.76562E-03
1.5116640E-01,1.55273E+00,9.76562E-03
1.5118488E-01,1.57227E+00,4.88281E-02
1.5120336E-01,1.53320E+00,2.92969E-02
1.5122184E-01,1.57227E+00,-4.88281E-02
1.5124032E-01,1.57227E+00,2.92969E-02
1.5125880E-01,1.51367E+00,9.76562E-03
1.5127728E-01,1.53320E+00,-9.76562E-03
1.5129576E-01,1.57227E+00,6.83594E-02
1.5131424E-01,1.57227E+00,8.78906E-02
1.5133272E-01,1.47461E+00,6.83594E-02
1.5135120E-01,1.55273E+00,2.92969E-02
1.5136968E-01,1.59180E+00,-9.76562E-03
1.5138816E-01,1.51367E+00,9.76562E-03
1.5140664E-01,1.57227E+00,4.88281E-02
1.5142512E-01,1.55273E+00,4.88281E-02
1.5144360E-01,1.53320E+00,9.76562E-03
1.5146208E-01,1.47461E+00,-9.76562E-03
1.5148056E-01,1.47461E+00,2.92969E-02
1.5149904E-01,1.57227E+00,-9.76562E-03
1.5151752E-01,1.57227E+00,2.92969E-02
1.5153600E-01,1.57227E+00,2.92969E-02
1.5155448E-01,1.47461E+00,1.26953E-01
1.5157296E-01,1.61133E+00,6.83594E-02
1.5159144E-01,1.51367E+00,2.92969E-02
1.5160992E-01,1.51367E+00,9.76562E-03
1.5162840E-01,1.51367E+00,6.83594E-02
1.5164688E-01,1.55273E+00,4.88281E-02
1.5166536E-01,1.55273E+00,2.92969E-02
1.5168384E-01,1.61133E+00,6.83594E-02
1.5170232E-01,1.51367E+00,4.88281E-02
1.5172080E-01,1.55273E+00,-9.76562E-03
1.5173928E-01,1.57227E+00,4.88281E-02
1.5175776E-01,1.57227E+00,-2.92969E-02
1.5177624E-01,1.57227E+00,-4.88281E-02
1.5179472E-01,1.53320E+00,-9.76562E-03
1.5181320E-01,1.53320E+00,9.76562E-03
1.5183168E-01,1.57227E+00,9.76562E-03
1.5185016E-01,1.53320E+00,2.92969E-02
1.5186864E-01,1.51367E+00,9.76562E-03
1.5188712E-01,1.53320E+00,2.92969E-02
1.5190560E-01,1.57227E+00,4.88281E-02
1.5192408E-01,1.53320E+00,6.83594E-02
1.5194256E-01,1.53320E+00,-9.76562E-03
1.5196104E-01,1.51367E+00,6.83594E-02
1.5197952E-01,1.53320E+00,-9.76562E-03
1.5199800E-01,1.53320E+00,4.88281E-02
1.5201648E-01,1.57227E+00,9.76562E-03
1.5203496E-01,1.51367E+00,2.92969E-02
1.5205344E-01,1.55273E+00,-2.92969E-02
1.5207192E-01,1.53320E+00,4.88281E-02
1.5209040E-01,1.59180E+00,9.76562E-03
1.5210888E-01,1.51367E+00,2.92969E-02
1.5212736E-01,1.55273E+00,2.92969E-02
1.5214584E-01,1.55273E+00,9.76562E-03
1.5216432E-01,1.57227E+00,9.76562E-03
1.5218280E-01,1.51367E+00,4.88281E-02
1.5220128E-01,1.57227E+00,9.76562E-03
1.5221976E-01,1.51367E+00,4.88281E-02
1.5223824E-01,1.57227E+00,6.83594E-02
1.5225672E-01,1.51367E+00,6.83594E-02
1.5227520E-01,1.51367E+00,-2.92969E-02
1.5229368E-01,1.57227E+00,9.76562E-03
1.5231216E-01,1.55273E+00,4.88281E-02
1.5233064E-01,1.51367E+00,4.88281E-02
1.5234912E-01,1.55273E+00,6.83594E-02
1.5236760E-01,1.51367E+00,4.88281E-02
1.5238608E-01,1.51367E+00,9.76562E-03
1.5240456E-01,1.53320E+00,2.92969E-02
1.5242304E-01,1.63086E+00,9.76562E-03
1.5244152E-01,1.55273E+00,4.88281E-02
1.5246000E-01,1.57227E+00,4.88281E-02
1.5247848E-01,1.59180E+00,4.88281E-02
1.5249696E-01,1.51367E+00,-9.76562E-03
1.5251544E-01,1.45508E+00,2.92969E-02
1.5253392E-01,1.57227E+00,2.92969E-02
1.5255240E-01,1.53320E+00,2.92969E-02
1.5257088E-01,1.47461E+00,-9.76562E-03
1.5258936E-01,1.53320E+00,2.92969E-02
1.5260784E-01,1.57227E+00,9.76562E-03
1.5262632E-01,1.57227E+00,8.78906E-02
1.5264480E-01,1.55273E+00,9.76562E-03
1.5266328E-01,1.55273E+00,2.92969E-02
1.5268176E-01,1.51367E+00,2.92969E-02
1.5270024E-01,1.53320E+00,6.83594E-02
1.5271872E-01,1.53320E+00,9.76562E-03
1.5273720E-01,1.51367E+00,6.83594E-02
1.5275568E-01,1.53320E+00,2.92969E-02
1.5277416E-01,1.57227E+00,2.92969E-02
1.5279264E-01,1.51367E+00,-2.92969E-02
1.5281112E-01,1.53320E+00,9.76562E-03
1.5282960E-01,1.53320E+00,2.92969E-02
1.5284808E-01,1.57227E+00,4.88281E-02
1.5286656E-01,1.51367E+00,9.76562E-03
1.5288504E-01,1.47461E+00,9.76562E-03
1.5290352E-01,1.55273E+00,2.92969E-02
1.5292200E-01,1.49414E+00,9.76562E-03
1.5294048E-01,1.51367E+00,-9.76562E-03
1.5295896E-01,1.59180E+00,6.83594E-02
1.5297744E-01,1.65039E+00,2.92969E-02
1.5299592E-01,1.51367E+00,8.78906E-02
1.5301440E-01,1.53320E+00,2.92969E-02
1.5303288E-01,1.51367E+00,9.76562E-03
1.5305136E-01,1.59180E+00,6.83594E-02
1.5306984E-01,1.55273E+00,8.78906E-02
1.5308832E-01,1.63086E+00,9.76562E-03
1.5310680E-01,1.51367E+00,9.76562E-03
1.5312528E-01,1.65039E+00,2.92969E-02
1.5314376E-01,1.51367E+00,2.92969E-02
1.5316224E-01,1.59180E+00,4.88281E-02
1.5318072E-01,1.49414E+00,6.83594E-02
1.5319920E-01,1.57227E+00,2.92969E-02
1.5321768E-01,1.57227E+00,4.88281E-02
1.5323616E-01,1.51367E+00,9.76562E-03
1.5325464E-01,1.51367E+00,4.88281E-02
1.5327312E-01,1.53320E+00,9.76562E-03
1.5329160E-01,1.57227E+00,6.83594E-02
1.5331008E-01,1.57227E+00,9.76562E-03
1.5332856E-01,1.57227E+00,2.92969E-02
1.5334704E-01,1.57227E+00,2.92969E-02
1.5336552E-01,1.51367E+00,6.83594E-02
1.5338400E-01,1.53320E+00,9.76562E-03
1.5340248E-01,1.57227E+00,1.07422E-01
1.5342096E-01,1.53320E+00,4.88281E-02
1.5343944E-01,1.51367E+00,6.83594E-02
1.5345792E-01,1.57227E+00,6.83594E-02
1.5347640E-01,1.53320E+00,9.76562E-03
1.5349488E-01,1.53320E+00,4.88281E-02
1.5351336E-01,1.57227E+00,1.26953E-01
1.5353184E-01,1.57227E+00,-9.76562E-03
1.5355032E-01,1.49414E+00,4.88281E-02
1.5356880E-01,1.63086E+00,-2.92969E-02
1.5358728E-01,1.55273E+00,4.88281E-02
1.5360576E-01,1.63086E+00,2.92969E-02
1.5362424E-01,1.57227E+00,2.92969E-02
1.5364272E-01,1.49414E+00,2.92969E-02
1.5366120E-01,1.53320E+00,2.92969E-02
1.5367968E-01,1.53320E+00,-9.76562E-03
1.5369816E-01,1.49414E+00,2.92969E-02
1.5371664E-01,1.61133E+00,2.92969E-02
1.5373512E-01,1.55273E+00,4.88281E-02
1.5375360E-01,1.55273E+00,9.76562E-03
1.5377208E-01,1.51367E+00,2.92969E-02
1.5379056E-01,1.53320E+00,9.76562E-03
1.5380904E-01,1.57227E+00,8.78906E-02
1.5382752E-01,1.55273E+00,4.88281E-02
1.5384600E-01,1.55273E+00,2.92969E-02
1.5386448E-01,1.55273E+00,2.92969E-02
1.5388296E-01,1.51367E+00,6.83594E-02
1.5390144E-01,1.55273E+00,4.88281E-02
1.5391992E-01,1.53320E+00,2.92969E-02
1.5393840E-01,1.53320E+00,9.76562E-03
1.5395688E-01,1.51367E+00,-6.83594E-02
1.5397536E-01,1.59180E+00,2.92969E-02
1.5399384E-01,1.57227E+00,-4.88281E-02
1.5401232E-01,1.55273E+00,9.76562E-03
1.5403080E-01,1.53320E+00,6.83594E-02
1.5404928E-01,1.59180E+00,2.92969E-02
1.5406776E-01,1.53320E+00,2.92969E-02
1.5408624E-01,1.51367E+00,9.76562E-03
1.5410472E-01,1.49414E+00,8.78906E-02
1.5412320E-01,1.57227E+00,2.92969E-02
1.5414168E-01,1.51367E+00,4.88281E-02
1.5416016E-01,1.59180E+00,-2.92969E-02
1.5417864E-01,1.57227E+00,6.83594E-02
1.5419712E-01,1.57227E+00,9.76562E-03
1.5421560E-01,1.47461E+00,6.83594E-02
1.5423408E-01,1.55273E+00,4.88281E-02
1.5425256E-01,1.51367E+00,2.92969E-02
1.5427104E-01,1.51367E+00,-2.92969E-02
1.5428952E-01,1.55273E+00,2.92969E-02
1.5430800E-01,1.51367E+00,9.76562E-03
1.5432648E-01,1.49414E+00,2.92969E-02
1.5434496E-01,1.51367E+00,2.92969E-02
1.5436344E-01,1.51367E+00,4.88281E-02
1.5438192E-01,1.59180E+00,-9.76562E-03
1.5440040E-01,1.51367E+00,6.83594E-02
1.5441888E-01,1.55273E+00,6.83594E-02
1.5443736E-01,1.53320E+00,2.92969E-02
1.5445584E-01,1.59180E+00,2.92969E-02
1.5447432E-01,1.49414E+00,9.76562E-03
1.5449280E-01,1.55273E+00,4.88281E-02
1.5451128E-01,1.55273E+00,9.76562E-03
1.5452976E-01,1.53320E+00,6.83594E-02
1.5454824E-01,1.49414E+00,9.76562E-03
1.5456672E-01,1.55273E+00,2.92969E-02
1.5458520E-01,1.51367E+00,4.88281E-02
1.5460368E-01,1.51367E+00,2.92969E-02
1.5462216E-01,1.51367E+00,9.76562E-03
1.5464064E-01,1.55273E+00,4.88281E-02
1.5465912E-01,1.49414E+00,2.92969E-02
1.5467760E-01,1.53320E+00,-9.76562E-03
1.5469608E-01,1.57227E+00,-9.76562E-03
1.5471456E-01,1.51367E+00,4.88281E-02
1.5473304E-01,1.55273E+00,4.88281E-02
1.5475152E-01,1.51367E+00,-9.76562E-03
1.5477000E-01,1.51367E+00,-9.76562E-03
1.5478848E-01,1.51367E+00,-2.92969E-02
1.5480696E-01,1.57227E+00,2.92969E-02
1.5482544E-01,1.57227E+00,-9.76562E-03
1.5484392E-01,1.57227E+00,2.92969E-02
1.5486240E-01,1.55273E+00,9.76562E-03
1.5488088E-01,1.57227E+00,2.92969E-02
1.5489936E-01,1.53320E+00,9.76562E-03
1.5491784E-01,1.59180E+00,2.92969E-02
1.5493632E-01,1.55273E+00,4.88281E-02
1.5495480E-01,1.55273E+00,2.92969E-02
1.5497328E-01,1.55273E+00,6.83594E-02
1.5499176E-01,1.53320E+00,6.83594E-02
1.5501024E-01,1.59180E+00,9.76562E-03
1.5502872E-01,1.57227E+00,2.92969E-02
1.5504720E-01,1.57227E+00,-9.76562E-03
1.5506568E-01,1.65039E+00,1.26953E-01
1.5508416E-01,1.55273E+00,2.92969E-02
1.5510264E-01,1.57227E+00,9.76562E-03
1.5512112E-01,1.55273E+00,4.88281E-02
1.5513960E-01,1.53320E+00,6.83594E-02
1.5515808E-01,1.59180E+00,9.76562E-03
1.5517656E-01,1.53320E+00,2.92969E-02
1.5519504E-01,1.57227E+00,2.92969E-02
1.5521352E-01,1.57227E+00,4.88281E-02
1.5523200E-01,1.57227E+00,-2.92969E-02
1.5525048E-01,1.51367E+00,9.76562E-03
1.5526896E-01,1.59180E+00,4.88281E-02
1.5528744E-01,1.49414E+00,9.76562E-03
1.5530592E-01,1.51367E+00,-9.76562E-03
1.5532440E-01,1.53320E+00,2.92969E-02
1.5534288E-01,1.57227E+00,4.88281E-02
1.5536136E-01,1.53320E+00,9.76562E-03
1.5537984E-01,1.51367E+00,4.88281E-02
1.5539832E-01,1.59180E+00,1.07422E-01
1.5541680E-01,1.55273E+00,2.92969E-02
1.5543528E-01,1.57227E+00,4.88281E-02
1.5545376E-01,1.53320E+00,9.76562E-03
1.5547224E-01,1.51367E+00,6.83594E-02
1.5549072E-01,1.55273E+00,-4.88281E-02
1.5550920E-01,1.61133E+00,9.76562E-03
1.5552768E-01,1.55273E+00,2.92969E-02
1.5554616E-01,1.57227E+00,4.88281E-02
1.5556464E-01,1.63086E+00,2.92969E-02
1.5558312E-01,1.47461E+00,9.76562E-03
1.5560160E-01,1.53320E+00,4.88281E-02
1.5562008E-01,1.57227E+00,2.92969E-02
1.5563856E-01,1.51367E+00,2.92969E-02
1.5565704E-01,1.55273E+00,-9.76562E-03
1.5567552E-01,1.55273E+00,-9.76562E-03
1.5569400E-01,1.57227E+00,4.88281E-02
1.5571248E-01,1.53320E+00,-2.92969E-02
1.5573096E-01,1.51367E+00,6.83594E-02
1.5574944E-01,1.55273E+00,8.78906E-02
1.5576792E-01,1.57227E+00,6.83594E-02
1.5578640E-01,1.55273E+00,2.92969E-02
1.5580488E-01,1.55273E+00,6.83594E-02
1.5582336E-01,1.63086E+00,-9.76562E-03
1.5584184E-01,1.55273E+00,4.88281E-02
1.5586032E-01,1.55273E+00,2.92969E-02
1.5587880E-01,1.55273E+00,1.26953E-01
1.5589728E-01,1.61133E+00,2.92969E-02
1.5591576E-01,1.57227E+00,6.83594E-02
1.5593424E-01,1.57227E+00,-9.76562E-03
1.5595272E-01,1.49414E+00,4.88281E-02
1.5597120E-01,1.51367E+00,2.92969E-02
1.5598968E-01,1.61133E+00,9.76562E-03
1.5600816E-01,1.63086E+00,4.88281E-02
1.5602664E-01,1.53320E+00,2.92969E-02
1.5604512E-01,1.59180E+00,4.88281E-02
1.5606360E-01,1.57227E+00,4.88281E-02
1.5608208E-01,1.53320E+00,9.76562E-03
1.5610056E-01,1.55273E+00,6.83594E-02
1.5611904E-01,1.49414E+00,-9.76562E-03
1.5613752E-01,1.49414E+00,4.88281E-02
1.5615600E-01,1.57227E+00,4.88281E-02
1.5617448E-01,1.55273E+00,6.83594E-02
1.5619296E-01,1.55273E+00,4.88281E-02
1.5621144E-01,1.59180E+00,4.88281E-02
1.5622992E-01,1.63086E+00,2.92969E-02
1.5624840E-01,1.45508E+00,4.88281E-02
1.5626688E-01,1.55273E+00,9.76562E-03
1.5628536E-01,1.57227E+00,9.76562E-03
1.5630384E-01,1.53320E+00,4.88281E-02
1.5632232E-01,1.55273E+00,9.76562E-03
1.5634080E-01,1.51367E+00,-9.76562E-03
1.5635928E-01,1.55273E+00,-9.76562E-03
1.5637776E-01,1.55273E+00,9.76562E-03
1.5639624E-01,1.49414E+00,1.07422E-01
1.5641472E-01,1.53320E+00,4.88281E-02
1.5643320E-01,1.53320E+00,1.07422E-01
1.5645168E-01,1.53320E+00,2.92969E-02
1.5647016E-01,1.53320E+00,6.83594E-02
1.5648864E-01,1.53320E+00,4.88281E-02
1.5650712E-01,1.59180E+00,8.78906E-02
1.5652560E-01,1.61133E+00,2.92969E-02
1.5654408E-01,1.55273E+00,9.76562E-03
1.5656256E-01,1.55273E+00,9.76562E-03
1.5658104E-01,1.61133E+00,2.92969E-02
1.5659952E-01,1.53320E+00,4.88281E-02
1.5661800E-01,1.53320E+00,8.78906E-02
1.5663648E-01,1.59180E+00,2.92969E-02
1.5665496E-01,1.59180E+00,4.88281E-02
1.5667344E-01,1.55273E+00,9.76562E-03
1.5669192E-01,1.57227E+00,4.88281E-02
1.5671040E-01,1.63086E+00,9.76562E-03
1.5672888E-01,1.55273E+00,2.92969E-02
1.5674736E-01,1.59180E+00,9.76562E-03
1.5676584E-01,1.55273E+00,2.92969E-02
1.5678432E-01,1.53320E+00,6.83594E-02
1.5680280E-01,1.55273E+00,4.88281E-02
1.5682128E-01,1.53320E+00,2.92969E-02
1.5683976E-01,1.53320E+00,9.76562E-03
1.5685824E-01,1.55273E+00,9.76562E-03
1.5687672E-01,1.51367E+00,6.83594E-02
1.5689520E-01,1.55273E+00,2.92969E-02
1.5691368E-01,1.53320E+00,4.88281E-02
1.5693216E-01,1.55273E+00,2.92969E-02
1.5695064E-01,1.57227E+00,1.26953E-01
1.5696912E-01,1.55273E+00,-9.76562E-03
1.5698760E-01,1.59180E+00,6.83594E-02
1.5700608E-01,1.57227E+00,9.76562E-03
1.5702456E-01,1.55273E+00,1.07422E-01
1.5704304E-01,1.55273E+00,2.92969E-02
1.5706152E-01,1.57227E+00,8.78906E-02
1.5708000E-01,1.65039E+00,-2.92969E-02
1.5709848E-01,1.55273E+00,2.92969E-02
1.5711696E-01,1.63086E+00,9.76562E-03
1.5713544E-01,1.51367E+00,4.88281E-02
1.5715392E-01,1.59180E+00,4.88281E-02
1.5717240E-01,1.55273E+00,6.83594E-02
1.5719088E-01,1.57227E+00,4.88281E-02
1.5720936E-01,1.57227E+00,4.88281E-02
1.5722784E-01,1.55273E+00,9.76562E-03
1.5724632E-01,1.55273E+00,9.76562E-03
1.5726480E-01,1.59180E+00,2.92969E-02
1.5728328E-01,1.53320E+00,6.83594E-02
1.5730176E-01,1.59180E+00,4.88281E-02
1.5732024E-01,1.51367E+00,4.88281E-02
1.5733872E-01,1.53320E+00,9.76562E-03
1.5735720E-01,1.51367E+00,4.88281E-02
1.5737568E-01,1.53320E+00,9.76562E-03
1.5739416E-01,1.55273E+00,9.76562E-03
1.5741264E-01,1.59180E+00,2.92969E-02
1.5743112E-01,1.51367E+00,4.88281E-02
1.5744960E-01,1.55273E+00,2.92969E-02
1.5746808E-01,1.55273E+00,6.83594E-02
1.5748656E-01,1.51367E+00,2.92969E-02
1.5750504E-01,1.57227E+00,4.88281E-02
1.5752352E-01,1.61133E+00,4.88281E-02
1.5754200E-01,1.61133E+00,4.88281E-02
1.5756048E-01,1.55273E+00,6.83594E-02
1.5757896E-01,1.57227E+00,6.83594E-02
1.5759744E-01,1.57227E+00,-2.92969E-02
1.5761592E-01,1.57227E+00,4.88281E-02
1.5763440E-01,1.61133E+00,-9.76562E-03
1.5765288E-01,1.53320E+00,6.83594E-02
1.5767136E-01,1.59180E+00,2.92969E-02
1.5768984E-01,1.57227E+00,9.76562E-03
1.5770832E-01,1.61133E+00,4.88281E-02
1.5772680E-01,1.55273E+00,1.07422E-01
1.5774528E-01,1.59180E+00,-2.92969E-02
1.5776376E-01,1.49414E+00,8.78906E-02
1.5778224E-01,1.59180E+00,4.88281E-02
1.5780072E-01,1.53320E+00,4.88281E-02
1.5781920E-01,1.61133E+00,2.92969E-02
1.5783768E-01,1.57227E+00,2.92969E-02
1.5785616E-01,1.57227E+00,4.88281E-02
1.5787464E-01,1.57227E+00,2.92969E-02
1.5789312E-01,1.57227E+00,4.88281E-02
1.5791160E-01,1.59180E+00,4.88281E-02
1.5793008E-01,1.57227E+00,9.76562E-03
1.5794856E-01,1.63086E+00,4.88281E-02
1.5796704E-01,1.51367E+00,9.76562E-03
1.5798552E-01,1.59180E+00,4.88281E-02
1.5800400E-01,1.53320E+00,2.92969E-02
1.5802248E-01,1.55273E+00,6.83594E-02
1.5804096E-01,1.51367E+00,2.92969E-02
1.5805944E-01,1.59180E+00,4.88281E-02
1.5807792E-01,1.55273E+00,4.88281E-02
1.5809640E-01,1.59180E+00,8.78906E-02
1.5811488E-01,1.55273E+00,9.76562E-03
1.5813336E-01,1.51367E+00,1.26953E-01
1.5815184E-01,1.53320E+00,2.92969E-02
1.5817032E-01,1.55273E+00,1.07422E-01
1.5818880E-01,1.55273E+00,8.78906E-02
1.5820728E-01,1.55273E+00,9.76562E-03
1.5822576E-01,1.55273E+00,2.92969E-02
1.5824424E-01,1.53320E+00,2.92969E-02
1.5826272E-01,1.53320E+00,9.76562E-03
1.5828120E-01,1.61133E+00,8.78906E-02
1.5829968E-01,1.53320E+00,9.76562E-03
1.5831816E-01,1.65039E+00,6.83594E-02
1.5833664E-01,1.65039E+00,2.92969E-02
1.5835512E-01,1.55273E+00,4.88281E-02
1.5837360E-01,1.51367E+00,2.92969E-02
1.5839208E-01,1.57227E+00,8.78906E-02
1.5841056E-01,1.55273E+00,9.76562E-03
1.5842904E-01,1.53320E+00,2.92969E-02
1.5844752E-01,1.61133E+00,-9.76562E-03
1.5846600E-01,1.55273E+00,2.92969E-02
1.5848448E-01,1.55273E+00,9.76562E-03
1.5850296E-01,1.51367E+00,2.92969E-02
1.5852144E-01,1.51367E+00,9.76562E-03
1.5853992E-01,1.55273E+00,6.83594E-02
1.5855840E-01,1.51367E+00,9.76562E-03
1.5857688E-01,1.57227E+00,9.76562E-03
1.5859536E-01,1.57227E+00,-9.76562E-03
1.5861384E-01,1.51367E+00,8.78906E-02
1.5863232E-01,1.55273E+00,4.88281E-02
1.5865080E-01,1.57227E+00,-9.76562E-03
1.5866928E-01,1.61133E+00,2.92969E-02
1.5868776E-01,1.51367E+00,4.88281E-02
1.5870624E-01,1.57227E+00,2.92969E-02
1.5872472E-01,1.57227E+00,2.92969E-02
1.5874320E-01,1.57227E+00,-9.76562E-03
1.5876168E-01,1.53320E+00,9.76562E-03
1.5878016E-01,1.59180E+00,-9.76562E-03
1.5879864E-01,1.59180E+00,8.78906E-02
1.5881712E-01,1.57227E+00,9.76562E-03
1.5883560E-01,1.59180E+00,9.76562E-03
1.5885408E-01,1.53320E+00,9.76562E-03
1.5887256E-01,1.61133E+00,8.78906E-02
1.5889104E-01,1.63086E+00,-6.83594E-02
1.5890952E-01,1.57227E+00,2.92969E-02
1.5892800E-01,1.53320E+00,9.76562E-03
1.5894648E-01,1.51367E+00,4.88281E-02
1.5896496E-01,1.57227E+00,9.76562E-03
1.5898344E-01,1.55273E+00,4.88281E-02
1.5900192E-01,1.57227E+00,9.76562E-03
1.5902040E-01,1.51367E+00,4.88281E-02
1.5903888E-01,1.61133E+00,2.92969E-02
1.5905736E-01,1.59180E+00,1.07422E-01
1.5907584E-01,1.63086E+00,-9.76562E-03
1.5909432E-01,1.59180E+00,6.83594E-02
1.5911280E-01,1.59180E+00,4.88281E-02
1.5913128E-01,1.55273E+00,2.92969E-02
1.5914976E-01,1.59180E+00,9.76562E-03
1.5916824E-01,1.49414E+00,2.92969E-02
1.5918672E-01,1.57227E+00,2.92969E-02
1.5920520E-01,1.51367E+00,1.26953E-01
1.5922368E-01,1.51367E+00,9.76562E-03
1.5924216E-01,1.57227E+00,6.83594E-02
1.5926064E-01,1.53320E+00,4.88281E-02
1.5927912E-01,1.51367E+00,4.88281E-02
1.5929760E-01,1.57227E+00,9.76562E-03
1.5931608E-01,1.51367E+00,1.26953E-01
1.5933456E-01,1.53320E+00,6.83594E-02
1.5935304E-01,1.61133E+00,4.88281E-02
1.5937152E-01,1.55273E+00,4.88281E-02
1.5939000E-01,1.53320E+00,6.83594E-02
1.5940848E-01,1.61133E+00,6.83594E-02
1.5942696E-01,1.61133E+00,4.88281E-02
1.5944544E-01,1.53320E+00,9.76562E-03
1.5946392E-01,1.55273E+00,9.76562E-03
1.5948240E-01,1.59180E+00,4.88281E-02
1.5950088E-01,1.57227E+00,2.92969E-02
1.5951936E-01,1.61133E+00,2.92969E-02
1.5953784E-01,1.51367E+00,4.88281E-02
1.5955632E-01,1.53320E+00,4.88281E-02
1.5957480E-01,1.53320E+00,4.88281E-02
1.5959328E-01,1.57227E+00,-4.88281E-02
1.5961176E-01,1.57227E+00,4.88281E-02
1.5963024E-01,1.57227E+00,-9.76562E-03
1.5964872E-01,1.51367E+00,4.88281E-02
1.5966720E-01,1.57227E+00,6.83594E-02
1.5968568E-01,1.57227E+00,2.92969E-02
1.5970416E-01,1.57227E+00,2.92969E-02
1.5972264E-01,1.63086E+00,2.92969E-02
1.5974112E-01,1.59180E+00,9.76562E-03
1.5975960E-01,1.49414E+00,4.88281E-02
1.5977808E-01,1.63086E+00,2.92969E-02
1.5979656E-01,1.45508E+00,2.92969E-02
1.5981504E-01,1.51367E+00,-4.88281E-02
1.5983352E-01,1.61133E+00,4.88281E-02
1.5985200E-01,1.57227E+00,2.92969E-02
1.5987048E-01,1.53320E+00,6.83594E-02
1.5988896E-01,1.57227E+00,9.76562E-03
1.5990744E-01,1.57227E+00,9.76562E-03
1.5992592E-01,1.59180E+00,4.88281E-02
1.5994440E-01,1.57227E+00,2.92969E-02
1.5996288E-01,1.59180E+00,2.92969E-02
1.5998136E-01,1.53320E+00,9.76562E-03
1.5999984E-01,1.59180E+00,9.76562E-03
1.6001832E-01,1.53320E+00,2.92969E-02
1.6003680E-01,1.53320E+00,2.92969E-02
1.6005528E-01,1.57227E+00,9.76562E-03
1.6007376E-01,1.61133E+00,-9.76562E-03
1.6009224E-01,1.53320E+00,1.07422E-01
1.6011072E-01,1.55273E+00,2.92969E-02
1.6012920E-01,1.59180E+00,2.92969E-02
1.6014768E-01,1.57227E+00,4.88281E-02
1.6016616E-01,1.61133E+00,2.92969E-02
1.6018464E-01,1.51367E+00,-9.76562E-03
1.6020312E-01,1.57227E+00,4.88281E-02
1.6022160E-01,1.63086E+00,9.76562E-03
1.6024008E-01,1.51367E+00,2.92969E-02
1.6025856E-01,1.53320E+00,9.76562E-03
1.6027704E-01,1.53320E+00,1.07422E-01
1.6029552E-01,1.59180E+00,-2.92969E-02
1.6031400E-01,1.55273E+00,2.92969E-02
1.6033248E-01,1.57227E+00,-4.88281E-02
1.6035096E-01,1.57227E+00,4.88281E-02
1.6036944E-01,1.55273E+00,-9.76562E-03
1.6038792E-01,1.59180E+00,6.83594E-02
1.6040640E-01,1.55273E+00,-2.92969E-02
1.6042488E-01,1.55273E+00,2.92969E-02
1.6044336E-01,1.55273E+00,2.92969E-02
1.6046184E-01,1.63086E+00,8.78906E-02
1.6048032E-01,1.59180E+00,9.76562E-03
1.6049880E-01,1.61133E+00,4.88281E-02
1.6051728E-01,1.51367E+00,4.88281E-02
1.6053576E-01,1.57227E+00,-2.92969E-02
1.6055424E-01,1.57227E+00,2.92969E-02
1.6057272E-01,1.53320E+00,4.88281E-02
1.6059120E-01,1.57227E+00,9.76562E-03
1.6060968E-01,1.53320E+00,8.78906E-02
1.6062816E-01,1.61133E+00,2.92969E-02
1.6064664E-01,1.55273E+00,6.83594E-02
1.6066512E-01,1.55273E+00,-4.88281E-02
1.6068360E-01,1.57227E+00,2.92969E-02
1.6070208E-01,1.59180E+00,-9.76562E-03
1.6072056E-01,1.51367E+00,2.92969E-02
1.6073904E-01,1.53320E+00,-9.76562E-03
1.6075752E-01,1.51367E+00,4.88281E-02
1.6077600E-01,1.59180E+00,-9.76562E-03
1.6079448E-01,1.57227E+00,6.83594E-02
1.6081296E-01,1.55273E+00,4.88281E-02
1.6083144E-01,1.55273E+00,6.83594E-02
1.6084992E-01,1.53320E+00,6.83594E-02
1.6086840E-01,1.57227E+00,1.26953E-01
1.6088688E-01,1.57227E+00,9.76562E-03
1.6090536E-01,1.59180E+00,9.76562E-03
1.6092384E-01,1.55273E+00,8.78906E-02
1.6094232E-01,1.59180E+00,6.83594E-02
1.6096080E-01,1.51367E+00,9.76562E-03
1.6097928E-01,1.57227E+00,1.07422E-01
1.6099776E-01,1.57227E+00,4.88281E-02
1.6101624E-01,1.55273E+00,9.76562E-03
1.6103472E-01,1.57227E+00,-9.76562E-03
1.6105320E-01,1.55273E+00,4.88281E-02
1.6107168E-01,1.49414E+00,9.76562E-03
1.6109016E-01,1.51367E+00,4.88281E-02
1.6110864E-01,1.59180E+00,2.92969E-02
1.6112712E-01,1.53320E+00,6.83594E-02
1.6114560E-01,1.61133E+00,4.88281E-02
1.6116408E-01,1.61133E+00,4.88281E-02
1.6118256E-01,1.59180E+00,-9.76562E-03
1.6120104E-01,1.57227E+00,4.88281E-02
1.6121952E-01,1.57227E+00,-9.76562E-03
1.6123800E-01,1.51367E+00,4.88281E-02
1.6125648E-01,1.55273E+00,-2.92969E-02
1.6127496E-01,1.57227E+00,4.88281E-02
1.6129344E-01,1.57227E+00,-9.76562E-03
1.6131192E-01,1.51367E+00,2.92969E-02
1.6133040E-01,1.57227E+00,6.83594E-02
1.6134888E-01,1.57227E+00,6.83594E-02
1.6136736E-01,1.59180E+00,-9.76562E-03
1.6138584E-01,1.53320E+00,8.78906E-02
1.6140432E-01,1.57227E+00,9.76562E-03
1.6142280E-01,1.57227E+00,9.76562E-03
1.6144128E-01,1.53320E+00,4.88281E-02
1.6145976E-01,1.55273E+00,2.92969E-02
1.6147824E-01,1.53320E+00,9.76562E-03
1.6149672E-01,1.61133E+00,4.88281E-02
1.6151520E-01,1.53320E+00,-2.92969E-02
1.6153368E-01,1.61133E+00,9.76562E-03
1.6155216E-01,1.61133E+00,2.92969E-02
1.6157064E-01,1.53320E+00,2.92969E-02
1.6158912E-01,1.51367E+00,9.76562E-03
1.6160760E-01,1.61133E+00,2.92969E-02
1.6162608E-01,1.61133E+00,2.92969E-02
1.6164456E-01,1.59180E+00,-4.88281E-02
1.6166304E-01,1.51367E+00,9.76562E-03
1.6168152E-01,1.49414E+00,2.92969E-02
1.6170000E-01,1.55273E+00,4.88281E-02
1.6171848E-01,1.51367E+00,2.92969E-02
1.6173696E-01,1.65039E+00,6.83594E-02
1.6175544E-01,1.57227E+00,4.88281E-02
1.6177392E-01,1.57227E+00,4.88281E-02
1.6179240E-01,1.57227E+00,4.88281E-02
1.6181088E-01,1.61133E+00,9.76562E-03
1.6182936E-01,1.53320E+00,9.76562E-03
1.6184784E-01,1.57227E+00,-9.76562E-03
1.6186632E-01,1.51367E+00,6.83594E-02
1.6188480E-01,1.63086E+00,-2.92969E-02
1.6190328E-01,1.51367E+00,-9.76562E-03
1.6192176E-01,1.66992E+00,9.76562E-03
1.6194024E-01,1.59180E+00,4.88281E-02
1.6195872E-01,1.59180E+00,9.76562E-03
1.6197720E-01,1.55273E+00,-4.88281E-02
1.6199568E-01,1.57227E+00,6.83594E-02
1.6201416E-01,1.53320E+00,4.88281E-02
1.6203264E-01,1.63086E+00,2.92969E-02
1.6205112E-01,1.55273E+00,4.88281E-02
1.6206960E-01,1.61133E+00,2.92969E-02
1.6208808E-01,1.59180E+00,9.76562E-03
1.6210656E-01,1.55273E+00,-9.76562E-03
1.6212504E-01,1.51367E+00,4.88281E-02
1.6214352E-01,1.59180E+00,2.92969E-02
1.6216200E-01,1.51367E+00,4.88281E-02
1.6218048E-01,1.59180E+00,-2.92969E-02
1.6219896E-01,1.51367E+00,6.83594E-02
1.6221744E-01,1.59180E+00,4.88281E-02
1.6223592E-01,1.61133E+00,9.76562E-03
1.6225440E-01,1.55273E+00,-9.76562E-03
1.6227288E-01,1.59180E+00,2.92969E-02
1.6229136E-01,1.55273E+00,9.76562E-03
1.6230984E-01,1.55273E+00,4.88281E-02
1.6232832E-01,1.55273E+00,9.76562E-03
1.6234680E-01,1.63086E+00,6.83594E-02
1.6236528E-01,1.57227E+00,2.92969E-02
1.6238376E-01,1.59180E+00,9.76562E-03
1.6240224E-01,1.59180E+00,2.92969E-02
1.6242072E-01,1.63086E+00,6.83594E-02
1.6243920E-01,1.61133E+00,9.76562E-03
1.6245768E-01,1.59180E+00,6.83594E-02
1.6247616E-01,1.59180E+00,9.76562E-03
1.6249464E-01,1.57227E+00,6.83594E-02
1.6251312E-01,1.59180E+00,9.76562E-03
1.6253160E-01,1.59180E+00,1.07422E-01
1.6255008E-01,1.51367E+00,2.92969E-02
1.6256856E-01,1.61133E+00,1.26953E-01
1.6258704E-01,1.55273E+00,-2.92969E-02
1.6260552E-01,1.55273E+00,2.92969E-02
1.6262400E-01,1.61133E+00,-2.92969E-02
1.6264248E-01,1.57227E+00,4.88281E-02
1.6266096E-01,1.59180E+00,-9.76562E-03
1.6267944E-01,1.59180E+00,2.92969E-02
1.6269792E-01,1.57227E+00,9.76562E-03
1.6271640E-01,1.57227E+00,6.83594E-02
1.6273488E-01,1.57227E+00,9.76562E-03
1.6275336E-01,1.55273E+00,2.92969E-02
1.6277184E-01,1.57227E+00,9.76562E-03
1.6279032E-01,1.57227E+00,9.76562E-03
1.6280880E-01,1.65039E+00,9.76562E-03
1.6282728E-01,1.59180E+00,2.92969E-02
1.6284576E-01,1.61133E+00,4.88281E-02
1.6286424E-01,1.53320E+00,6.83594E-02
1.6288272E-01,1.59180E+00,1.07422E-01
1.6290120E-01,1.59180E+00,8.78906E-02
1.6291968E-01,1.51367E+00,9.76562E-03
1.6293816E-01,1.55273E+00,4.88281E-02
1.6295664E-01,1.51367E+00,-9.76562E-03
1.6297512E-01,1.59180E+00,4.88281E-02
1.6299360E-01,1.61133E+00,4.88281E-02
1.6301208E-01,1.63086E+00,6.83594E-02
1.6303056E-01,1.57227E+00,9.76562E-03
1.6304904E-01,1.53320E+00,4.88281E-02
1.6306752E-01,1.65039E+00,-9.76562E-03
1.6308600E-01,1.59180E+00,4.88281E-02
1.6310448E-01,1.63086E+00,6.83594E-02
1.6312296E-01,1.59180E+00,4.88281E-02
1.6314144E-01,1.65039E+00,4.88281E-02
1.6315992E-01,1.55273E+00,9.76562E-03
1.6317840E-01,1.57227E+00,9.76562E-03
1.6319688E-01,1.51367E+00,-4.88281E-02
1.6321536E-01,1.57227E+00,2.92969E-02
1.6323384E-01,1.55273E+00,9.76562E-03
1.6325232E-01,1.55273E+00,-1.07422E-01
1.6327080E-01,1.61133E+00,2.92969E-02
1.6328928E-01,1.59180E+00,-9.76562E-03
1.6330776E-01,1.57227E+00,9.76562E-03
1.6332624E-01,1.63086E+00,9.76562E-03
1.6334472E-01,1.61133E+00,2.92969E-02
1.6336320E-01,1.59180E+00,6.83594E-02
1.6338168E-01,1.59180E+00,4.88281E-02
1.6340016E-01,1.61133E+00,9.76562E-03
1.6341864E-01,1.55273E+00,6.83594E-02
1.6343712E-01,1.59180E+00,2.92969E-02
1.6345560E-01,1.57227E+00,2.92969E-02
1.6347408E-01,1.66992E+00,2.92969E-02
1.6349256E-01,1.61133E+00,4.88281E-02
1.6351104E-01,1.63086E+00,2.92969E-02
1.6352952E-01,1.63086E+00,4.88281E-02
1.6354800E-01,1.53320E+00,4.88281E-02
1.6356648E-01,1.53320E+00,4.88281E-02
1.6358496E-01,1.57227E+00,9.76562E-03
1.6360344E-01,1.59180E+00,6.83594E-02
1.6362192E-01,1.55273E+00,-2.92969E-02
1.6364040E-01,1.57227E+00,2.92969E-02
1.6365888E-01,1.51367E+00,9.76562E-03
1.6367736E-01,1.57227E+00,2.92969E-02
1.6369584E-01,1.59180E+00,2.92969E-02
1.6371432E-01,1.61133E+00,9.76562E-03
1.6373280E-01,1.57227E+00,9.76562E-03
1.6375128E-01,1.57227E+00,6.83594E-02
1.6376976E-01,1.61133E+00,9.76562E-03
1.6378824E-01,1.61133E+00,9.76562E-03
1.6380672E-01,1.55273E+00,2.92969E-02
1.6382520E-01,1.59180E+00,6.83594E-02
1.6384368E-01,1.65039E+00,9.76562E-03
1.6386216E-01,1.51367E+00,9.76562E-03
1.6388064E-01,1.63086E+00,2.92969E-02
1.6389912E-01,1.63086E+00,6.83594E-02
1.6391760E-01,1.55273E+00,-9.76562E-03
1.6393608E-01,1.51367E+00,2.92969E-02
1.6395456E-01,1.53320E+00,9.76562E-03
1.6397304E-01,1.61133E+00,6.83594E-02
1.6399152E-01,1.57227E+00,-9.76562E-03
1.6401000E-01,1.59180E+00,4.88281E-02
1.6402848E-01,1.59180E+00,2.92969E-02
1.6404696E-01,1.47461E+00,2.92969E-02
1.6406544E-01,1.51367E+00,4.88281E-02
1.6408392E-01,1.57227E+00,8.78906E-02
1.6410240E-01,1.55273E+00,6.83594E-02
1.6412088E-01,1.57227E+00,6.83594E-02
1.6413936E-01,1.55273E+00,9.76562E-03
1.6415784E-01,1.59180E+00,9.76562E-03
1.6417632E-01,1.57227E+00,-9.76562E-03
1.6419480E-01,1.49414E+00,4.88281E-02
1.6421328E-01,1.65039E+00,-2.92969E-02
1.6423176E-01,1.57227E+00,6.83594E-02
1.6425024E-01,1.63086E+00,2.92969E-02
1.6426872E-01,1.53320E+00,6.83594E-02
1.6428720E-01,1.61133E+00,-9.76562E-03
1.6430568E-01,1.51367E+00,2.92969E-02
1.6432416E-01,1.57227E+00,4.88281E-02
1.6434264E-01,1.59180E+00,2.92969E-02
1.6436112E-01,1.59180E+00,4.88281E-02
1.6437960E-01,1.59180E+00,9.76562E-03
1.6439808E-01,1.63086E+00,-9.76562E-03
1.6441656E-01,1.57227E+00,1.07422E-01
1.6443504E-01,1.55273E+00,6.83594E-02
1.6445352E-01,1.59180E+00,4.88281E-02
1.6447200E-01,1.63086E+00,2.92969E-02
1.6449048E-01,1.61133E+00,6.83594E-02
1.6450896E-01,1.55273E+00,6.83594E-02
1.6452744E-01,1.57227E+00,2.92969E-02
1.6454592E-01,1.59180E+00,9.76562E-03
1.6456440E-01,1.51367E+00,2.92969E-02
1.6458288E-01,1.63086E+00,9.76562E-03
1.6460136E-01,1.59180E+00,9.76562E-03
1.6461984E-01,1.63086E+00,4.88281E-02
1.6463832E-01,1.51367E+00,4.88281E-02
1.6465680E-01,1.57227E+00,-2.92969E-02
1.6467528E-01,1.57227E+00,9.76562E-03
1.6469376E-01,1.59180E+00,4.88281E-02
1.6471224E-01,1.59180E+00,4.88281E-02
1.6473072E-01,1.53320E+00,9.76562E-03
1.6474920E-01,1.55273E+00,2.92969E-02
1.6476768E-01,1.59180E+00,2.92969E-02
1.6478616E-01,1.65039E+00,9.76562E-03
1.6480464E-01,1.57227E+00,2.92969E-02
1.6482312E-01,1.57227E+00,6.83594E-02
1.6484160E-01,1.57227E+00,4.88281E-02
1.6486008E-01,1.61133E+00,2.92969E-02
1.6487856E-01,1.63086E+00,-2.92969E-02
1.6489704E-01,1.59180E+00,4.88281E-02
1.6491552E-01,1.61133E+00,9.76562E-03
1.6493400E-01,1.55273E+00,6.83594E-02
1.6495248E-01,1.59180E+00,4.88281E-02
1.6497096E-01,1.61133E+00,6.83594E-02
1.6498944E-01,1.63086E+00,-9.76562E-03
1.6500792E-01,1.53320E+00,6.83594E-02
1.6502640E-01,1.55273E+00,9.76562E-03
1.6504488E-01,1.61133E+00,2.92969E-02
1.6506336E-01,1.61133E+00,4.88281E-02
1.6508184E-01,1.57227E+00,6.83594E-02
1.6510032E-01,1.55273E+00,9.76562E-03
1.6511880E-01,1.53320E+00,4.88281E-02
1.6513728E-01,1.57227E+00,2.92969E-02
1.6515576E-01,1.53320E+00,6.83594E-02
1.6517424E-01,1.59180E+00,2.92969E-02
1.6519272E-01,1.57227E+00,4.88281E-02
1.6521120E-01,1.55273E+00,-9.76562E-03
1.6522968E-01,1.59180E+00,4.88281E-02
1.6524816E-01,1.55273E+00,-9.76562E-03
1.6526664E-01,1.57227E+00,6.83594E-02
1.6528512E-01,1.65039E+00,2.92969E-02
1.6530360E-01,1.57227E+00,-2.92969E-02
1.6532208E-01,1.59180E+00,2.92969E-02
1.6534056E-01,1.65039E+00,2.92969E-02
1.6535904E-01,1.53320E+00,9.76562E-03
1.6537752E-01,1.65039E+00,4.88281E-02
1.6539600E-01,1.59180E+00,4.88281E-02
1.6541448E-01,1.59180E+00,4.88281E-02
1.6543296E-01,1.59180E+00,9.76562E-03
1.6545144E-01,1.59180E+00,4.88281E-02
1.6546992E-01,1.57227E+00,9.76562E-03
1.6548840E-01,1.59180E+00,2.92969E-02
1.6550688E-01,1.63086E+00,9.76562E-03
1.6552536E-01,1.57227E+00,9.76562E-03
1.6554384E-01,1.59180E+00,2.92969E-02
1.6556232E-01,1.55273E+00,6.83594E-02
1.6558080E-01,1.68945E+00,4.88281E-02
1.6559928E-01,1.53320E+00,2.92969E-02
1.6561776E-01,1.65039E+00,4.88281E-02
1.6563624E-01,1.65039E+00,6.83594E-02
1.6565472E-01,1.63086E+00,9.76562E-03
1.6567320E-01,1.61133E+00,9.76562E-03
1.6569168E-01,1.57227E+00,2.92969E-02
1.6571016E-01,1.57227E+00,6.83594E-02
1.6572864E-01,1.59180E+00,4.88281E-02
1.6574712E-01,1.59180E+00,6.83594E-02
1.6576560E-01,1.57227E+00,-9.76562E-03
1.6578408E-01,1.57227E+00,6.83594E-02
1.6580256E-01,1.53320E+00,4.88281E-02
1.6582104E-01,1.63086E+00,2.92969E-02
1.6583952E-01,1.61133E+00,4.88281E-02
1.6585800E-01,1.57227E+00,4.88281E-02
1.6587648E-01,1.61133E+00,2.92969E-02
1.6589496E-01,1.59180E+00,2.92969E-02
1.6591344E-01,1.59180E+00,4.88281E-02
1.6593192E-01,1.65039E+00,6.83594E-02
1.6595040E-01,1.59180E+00,4.88281E-02
1.6596888E-01,1.57227E+00,4.88281E-02
1.6598736E-01,1.59180E+00,-9.76562E-03
1.6600584E-01,1.55273E+00,6.83594E-02
1.6602432E-01,1.55273E+00,9.76562E-03
1.6604280E-01,1.65039E+00,2.92969E-02
1.6606128E-01,1.68945E+00,2.92969E-02
1.6607976E-01,1.53320E+00,9.76562E-03
1.6609824E-01,1.63086E+00,6.83594E-02
1.6611672E-01,1.53320E+00,2.92969E-02
1.6613520E-01,1.65039E+00,-9.76562E-03
1.6615368E-01,1.55273E+00,9.76562E-03
1.6617216E-01,1.63086E+00,4.88281E-02
1.6619064E-01,1.57227E+00,9.76562E-03
1.6620912E-01,1.63086E+00,4.88281E-02
1.6622760E-01,1.57227E+00,4.88281E-02
1.6624608E-01,1.63086E+00,9.76562E-03
1.6626456E-01,1.53320E+00,6.83594E-02
1.6628304E-01,1.66992E+00,9.76562E-03
1.6630152E-01,1.59180E+00,4.88281E-02
1.6632000E-01,1.63086E+00,9.76562E-03
1.6633848E-01,1.63086E+00,2.92969E-02
1.6635696E-01,1.63086E+00,9.76562E-03
1.6637544E-01,1.53320E+00,2.92969E-02
1.6639392E-01,1.61133E+00,2.92969E-02
1.6641240E-01,1.63086E+00,2.92969E-02
1.6643088E-01,1.57227E+00,9.76562E-03
1.6644936E-01,1.59180E+00,2.92969E-02
1.6646784E-01,1.55273E+00,9.76562E-03
1.6648632E-01,1.65039E+00,2.92969E-02
1.6650480E-01,1.53320E+00,9.76562E-03
1.6652328E-01,1.49414E+00,1.07422E-01
1.6654176E-01,1.61133E+00,-9.76562E-03
1.6656024E-01,1.59180E+00,9.76562E-03
1.6657872E-01,1.63086E+00,-9.76562E-03
1.6659720E-01,1.57227E+00,4.88281E-02
1.6661568E-01,1.65039E+00,2.92969E-02
1.6663416E-01,1.57227E+00,4.88281E-02
1.6665264E-01,1.65039E+00,9.76562E-03
1.6667112E-01,1.59180E+00,4.88281E-02
1.6668960E-01,1.59180E+00,-2.92969E-02
1.6670808E-01,1.55273E+00,2.92969E-02
1.6672656E-01,1.65039E+00,9.76562E-03
1.6674504E-01,1.55273E+00,1.07422E-01
1.6676352E-01,1.63086E+00,2.92969E-02
1.6678200E-01,1.59180E+00,2.92969E-02
1.6680048E-01,1.59180E+00,9.76562E-03
1.6681896E-01,1.59180E+00,2.92969E-02
1.6683744E-01,1.57227E+00,-2.92969E-02
1.6685592E-01,1.61133E+00,4.88281E-02
1.6687440E-01,1.65039E+00,4.88281E-02
1.6689288E-01,1.63086E+00,4.88281E-02
1.6691136E-01,1.61133E+00,2.92969E-02
1.6692984E-01,1.57227E+00,8.78906E-02
1.6694832E-01,1.59180E+00,2.92969E-02
1.6696680E-01,1.57227E+00,4.88281E-02
1.6698528E-01,1.65039E+00,9.76562E-03
1.6700376E-01,1.59180E+00,4.88281E-02
1.6702224E-01,1.63086E+00,9.76562E-03
1.6704072E-01,1.57227E+00,4.88281E-02
1.6705920E-01,1.59180E+00,4.88281E-02
1.6707768E-01,1.63086E+00,6.83594E-02
1.6709616E-01,1.61133E+00,2.92969E-02
1.6711464E-01,1.57227E+00,2.92969E-02
1.6713312E-01,1.59180E+00,4.88281E-02
1.6715160E-01,1.65039E+00,2.92969E-02
1.6717008E-01,1.61133E+00,2.92969E-02
1.6718856E-01,1.59180E+00,2.92969E-02
1.6720704E-01,1.61133E+00,9.76562E-03
1.6722552E-01,1.57227E+00,2.92969E-02
1.6724400E-01,1.59180E+00,4.88281E-02
1.6726248E-01,1.65039E+00,6.83594E-02
1.6728096E-01,1.57227E+00,2.92969E-02
1.6729944E-01,1.57227E+00,4.88281E-02
1.6731792E-01,1.63086E+00,4.88281E-02
1.6733640E-01,1.59180E+00,6.83594E-02
1.6735488E-01,1.59180E+00,9.76562E-03
1.6737336E-01,1.59180E+00,4.88281E-02
1.6739184E-01,1.65039E+00,2.92969E-02
1.6741032E-01,1.57227E+00,4.88281E-02
1.6742880E-01,1.59180E+00,2.92969E-02
1.6744728E-01,1.59180E+00,-9.76562E-03
1.6746576E-01,1.59180E+00,9.76562E-03
1.6748424E-01,1.57227E+00,2.92969E-02
1.6750272E-01,1.65039E+00,4.88281E-02
1.6752120E-01,1.61133E+00,-2.92969E-02
1.6753968E-01,1.65039E+00,2.92969E-02
1.6755816E-01,1.61133E+00,4.88281E-02
1.6757664E-01,1.59180E+00,9.76562E-03
1.6759512E-01,1.59180E+00,1.26953E-01
1.6761360E-01,1.59180E+00,4.88281E-02
1.6763208E-01,1.59180E+00,6.83594E-02
1.6765056E-01,1.57227E+00,9.76562E-03
1.6766904E-01,1.65039E+00,2.92969E-02
1.6768752E-01,1.63086E+00,4.88281E-02
1.6770600E-01,1.53320E+00,9.76562E-03
1.6772448E-01,1.63086E+00,-9.76562E-03
1.6774296E-01,1.59180E+00,4.88281E-02
1.6776144E-01,1.63086E+00,2.92969E-02
1.6777992E-01,1.53320E+00,4.88281E-02
1.6779840E-01,1.59180E+00,4.88281E-02
1.6781688E-01,1.63086E+00,2.92969E-02
1.6783536E-01,1.61133E+00,4.88281E-02
1.6785384E-01,1.59180E+00,4.88281E-02
1.6787232E-01,1.53320E+00,4.88281E-02
1.6789080E-01,1.65039E+00,4.88281E-02
1.6790928E-01,1.65039E+00,2.92969E-02
1.6792776E-01,1.61133E+00,4.88281E-02
1.6794624E-01,1.63086E+00,-4.88281E-02
1.6796472E-01,1.57227E+00,2.92969E-02
1.6798320E-01,1.65039E+00,9.76562E-03
1.6800168E-01,1.61133E+00,9.76562E-03
1.6802016E-01,1.61133E+00,4.88281E-02
1.6803864E-01,1.61133E+00,2.92969E-02
1.6805712E-01,1.59180E+00,-9.76562E-03
1.6807560E-01,1.57227E+00,9.76562E-03
1.6809408E-01,1.61133E+00,6.83594E-02
1.6811256E-01,1.51367E+00,2.92969E-02
1.6813104E-01,1.57227E+00,-9.76562E-03
1.6814952E-01,1.57227E+00,-4.88281E-02
1.6816800E-01,1.63086E+00,4.88281E-02
1.6818648E-01,1.59180E+00,4.88281E-02
1.6820496E-01,1.57227E+00,6.83594E-02
1.6822344E-01,1.61133E+00,2.92969E-02
1.6824192E-01,1.59180E+00,2.92969E-02
1.6826040E-01,1.63086E+00,2.92969E-02
1.6827888E-01,1.57227E+00,-6.83594E-02
1.6829736E-01,1.51367E+00,2.92969E-02
1.6831584E-01,1.61133E+00,2.92969E-02
1.6833432E-01,1.59180E+00,2.92969E-02
1.6835280E-01,1.63086E+00,9.76562E-03
1.6837128E-01,1.68945E+00,2.92969E-02
1.6838976E-01,1.65039E+00,9.76562E-03
1.6840824E-01,1.59180E+00,4.88281E-02
1.6842672E-01,1.61133E+00,2.92969E-02
1.6844520E-01,1.57227E+00,6.83594E-02
1.6846368E-01,1.57227E+00,6.83594E-02
1.6848216E-01,1.59180E+00,4.88281E-02
1.6850064E-01,1.59180E+00,2.92969E-02
1.6851912E-01,1.57227E+00,4.88281E-02
1.6853760E-01,1.65039E+00,2.92969E-02
1.6855608E-01,1.57227E+00,4.88281E-02
1.6857456E-01,1.63086E+00,4.88281E-02
1.6859304E-01,1.61133E+00,2.92969E-02
1.6861152E-01,1.63086E+00,9.76562E-03
1.6863000E-01,1.61133E+00,2.92969E-02
1.6864848E-01,1.61133E+00,2.92969E-02
1.6866696E-01,1.57227E+00,1.07422E-01
1.6868544E-01,1.65039E+00,4.88281E-02
1.6870392E-01,1.53320E+00,9.76562E-03
1.6872240E-01,1.59180E+00,9.76562E-03
1.6874088E-01,1.59180E+00,9.76562E-03
1.6875936E-01,1.57227E+00,4.88281E-02
1.6877784E-01,1.53320E+00,4.88281E-02
1.6879632E-01,1.65039E+00,2.92969E-02
1.6881480E-01,1.53320E+00,9.76562E-03
1.6883328E-01,1.57227E+00,9.76562E-03
1.6885176E-01,1.57227E+00,4.88281E-02
1.6887024E-01,1.59180E+00,9.76562E-03
1.6888872E-01,1.65039E+00,6.83594E-02
1.6890720E-01,1.65039E+00,9.76562E-03
1.6892568E-01,1.59180E+00,4.88281E-02
1.6894416E-01,1.63086E+00,4.88281E-02
1.6896264E-01,1.65039E+00,9.76562E-03
1.6898112E-01,1.65039E+00,9.76562E-03
1.6899960E-01,1.59180E+00,8.78906E-02
1.6901808E-01,1.65039E+00,9.76562E-03
1.6903656E-01,1.65039E+00,6.83594E-02
1.6905504E-01,1.63086E+00,9.76562E-03
1.6907352E-01,1.61133E+00,6.83594E-02
1.6909200E-01,1.61133E+00,6.83594E-02
1.6911048E-01,1.59180E+00,-9.76562E-03
1.6912896E-01,1.63086E+00,2.92969E-02
1.6914744E-01,1.65039E+00,2.92969E-02
1.6916592E-01,1.65039E+00,9.76562E-03
1.6918440E-01,1.57227E+00,4.88281E-02
1.6920288E-01,1.55273E+00,2.92969E-02
1.6922136E-01,1.55273E+00,-9.76562E-03
1.6923984E-01,1.63086E+00,2.92969E-02
1.6925832E-01,1.57227E+00,2.92969E-02
1.6927680E-01,1.65039E+00,-9.76562E-03
1.6929528E-01,1.57227E+00,6.83594E-02
1.6931376E-01,1.57227E+00,1.07422E-01
1.6933224E-01,1.57227E+00,1.26953E-01
1.6935072E-01,1.63086E+00,2.92969E-02
1.6936920E-01,1.63086E+00,6.83594E-02
1.6938768E-01,1.66992E+00,-9.76562E-03
1.6940616E-01,1.57227E+00,9.76562E-03
1.6942464E-01,1.57227E+00,9.76562E-03
1.6944312E-01,1.59180E+00,2.92969E-02
1.6946160E-01,1.57227E+00,2.92969E-02
1.6948008E-01,1.59180E+00,4.88281E-02
1.6949856E-01,1.53320E+00,4.88281E-02
1.6951704E-01,1.59180E+00,9.76562E-03
1.6953552E-01,1.63086E+00,4.88281E-02
1.6955400E-01,1.65039E+00,9.76562E-03
1.6957248E-01,1.59180E+00,9.76562E-03
1.6959096E-01,1.57227E+00,9.76562E-03
1.6960944E-01,1.66992E+00,4.88281E-02
1.6962792E-01,1.55273E+00,1.26953E-01
1.6964640E-01,1.63086E+00,6.83594E-02
1.6966488E-01,1.59180E+00,2.92969E-02
1.6968336E-01,1.63086E+00,-6.83594E-02
1.6970184E-01,1.57227E+00,4.88281E-02
1.6972032E-01,1.59180E+00,4.88281E-02
1.6973880E-01,1.63086E+00,6.83594E-02
1.6975728E-01,1.57227E+00,8.78906E-02
1.6977576E-01,1.63086E+00,9.76562E-03
1.6979424E-01,1.65039E+00,2.92969E-02
1.6981272E-01,1.65039E+00,6.83594E-02
1.6983120E-01,1.65039E+00,2.92969E-02
1.6984968E-01,1.59180E+00,9.76562E-03
1.6986816E-01,1.65039E+00,2.92969E-02
1.6988664E-01,1.65039E+00,2.92969E-02
1.6990512E-01,1.59180E+00,9.76562E-03
1.6992360E-01,1.61133E+00,1.07422E-01
1.6994208E-01,1.70898E+00,-9.76562E-03
1.6996056E-01,1.65039E+00,6.83594E-02
1.6997904E-01,1.63086E+00,-4.88281E-02
1.6999752E-01,1.57227E+00,2.92969E-02
1.7001600E-01,1.65039E+00,4.88281E-02
1.7003448E-01,1.51367E+00,6.83594E-02
1.7005296E-01,1.59180E+00,-4.88281E-02
1.7007144E-01,1.59180E+00,4.88281E-02
1.7008992E-01,1.55273E+00,9.76562E-03
1.7010840E-01,1.61133E+00,4.88281E-02
1.7012688E-01,1.61133E+00,2.92969E-02
1.7014536E-01,1.59180E+00,6.83594E-02
1.7016384E-01,1.65039E+00,-2.92969E-02
1.7018232E-01,1.59180E+00,2.92969E-02
1.7020080E-01,1.59180E+00,-9.76562E-03
1.7021928E-01,1.57227E+00,9.76562E-03
1.7023776E-01,1.61133E+00,9.76562E-03
1.7025624E-01,1.59180E+00,8.78906E-02
1.7027472E-01,1.65039E+00,9.76562E-03
1.7029320E-01,1.55273E+00,4.88281E-02
1.7031168E-01,1.57227E+00,9.76562E-03
1.7033016E-01,1.55273E+00,6.83594E-02
1.7034864E-01,1.57227E+00,6.83594E-02
1.7036712E-01,1.57227E+00,2.92969E-02
1.7038560E-01,1.65039E+00,2.92969E-02
1.7040408E-01,1.53320E+00,1.26953E-01
1.7042256E-01,1.65039E+00,9.76562E-03
1.7044104E-01,1.63086E+00,6.83594E-02
1.7045952E-01,1.59180E+00,9.76562E-03
1.7047800E-01,1.55273E+00,4.88281E-02
1.7049648E-01,1.63086E+00,4.88281E-02
1.7051496E-01,1.53320E+00,2.92969E-02
1.7053344E-01,1.59180E+00,-2.92969E-02
1.7055192E-01,1.55273E+00,6.83594E-02
1.7057040E-01,1.63086E+00,2.92969E-02
1.7058888E-01,1.59180E+00,4.88281E-02
1.7060736E-01,1.61133E+00,2.92969E-02
1.7062584E-01,1.59180E+00,4.88281E-02
1.7064432E-01,1.65039E+00,4.88281E-02
1.7066280E-01,1.65039E+00,6.83594E-02
1.7068128E-01,1.61133E+00,4.88281E-02
1.7069976E-01,1.59180E+00,4.88281E-02
1.7071824E-01,1.65039E+00,6.83594E-02
1.7073672E-01,1.61133E+00,-9.76562E-03
1.7075520E-01,1.63086E+00,-9.76562E-03
1.7077368E-01,1.57227E+00,2.92969E-02
1.7079216E-01,1.57227E+00,2.92969E-02
1.7081064E-01,1.63086E+00,4.88281E-02
1.7082912E-01,1.65039E+00,9.76562E-03
1.7084760E-01,1.57227E+00,2.92969E-02
1.7086608E-01,1.61133E+00,9.76562E-03
1.7088456E-01,1.65039E+00,-9.76562E-03
1.7090304E-01,1.59180E+00,9.76562E-03
1.7092152E-01,1.63086E+00,4.88281E-02
1.7094000E-01,1.59180E+00,9.76562E-03
1.7095848E-01,1.57227E+00,9.76562E-03
1.7097696E-01,1.63086E+00,9.76562E-03
1.7099544E-01,1.59180E+00,6.83594E-02
1.7101392E-01,1.66992E+00,9.76562E-03
1.7103240E-01,1.59180E+00,2.92969E-02
1.7105088E-01,1.57227E+00,9.76562E-03
1.7106936E-01,1.59180E+00,2.92969E-02
1.7108784E-01,1.65039E+00,9.76562E-03
1.7110632E-01,1.57227E+00,4.88281E-02
1.7112480E-01,1.57227E+00,9.76562E-03
1.7114328E-01,1.57227E+00,4.88281E-02
1.7116176E-01,1.65039E+00,9.76562E-03
1.7118024E-01,1.70898E+00,6.83594E-02
1.7119872E-01,1.65039E+00,4.88281E-02
1.7121720E-01,1.59180E+00,6.83594E-02
1.7123568E-01,1.65039E+00,9.76562E-03
1.7125416E-01,1.59180E+00,4.88281E-02
1.7127264E-01,1.63086E+00,9.76562E-03
1.7129112E-01,1.65039E+00,2.92969E-02
1.7130960E-01,1.59180E+00,4.88281E-02
1.7132808E-01,1.59180E+00,2.92969E-02
1.7134656E-01,1.53320E+00,4.88281E-02
1.7136504E-01,1.63086E+00,2.92969E-02
1.7138352E-01,1.65039E+00,4.88281E-02
1.7140200E-01,1.61133E+00,-2.92969E-02
1.7142048E-01,1.61133E+00,6.83594E-02
1.7143896E-01,1.53320E+00,2.92969E-02
1.7145744E-01,1.57227E+00,4.88281E-02
1.7147592E-01,1.63086E+00,9.76562E-03
1.7149440E-01,1.59180E+00,6.83594E-02
1.7151288E-01,1.55273E+00,4.88281E-02
1.7153136E-01,1.66992E+00,9.76562E-03
1.7154984E-01,1.59180E+00,9.76562E-03
1.7156832E-01,1.59180E+00,2.92969E-02
1.7158680E-01,1.59180E+00,2.92969E-02
1.7160528E-01,1.57227E+00,4.88281E-02
1.7162376E-01,1.57227E+00,2.92969E-02
1.7164224E-01,1.65039E+00,9.76562E-03
1.7166072E-01,1.59180E+00,6.83594E-02
1.7167920E-01,1.63086E+00,2.92969E-02
1.7169768E-01,1.57227E+00,4.88281E-02
1.7171616E-01,1.59180E+00,2.92969E-02
1.7173464E-01,1.57227E+00,4.88281E-02
1.7175312E-01,1.68945E+00,2.92969E-02
1.7177160E-01,1.63086E+00,-2.92969E-02
1.7179008E-01,1.66992E+00,9.76562E-03
1.7180856E-01,1.57227E+00,4.88281E-02
1.7182704E-01,1.53320E+00,9.76562E-03
1.7184552E-01,1.53320E+00,4.88281E-02
1.7186400E-01,1.68945E+00,-9.76562E-03
1.7188248E-01,1.57227E+00,4.88281E-02
1.7190096E-01,1.61133E+00,9.76562E-03
1.7191944E-01,1.57227E+00,4.88281E-02
1.7193792E-01,1.57227E+00,9.76562E-03
1.7195640E-01,1.57227E+00,2.92969E-02
1.7197488E-01,1.63086E+00,4.88281E-02
1.7199336E-01,1.57227E+00,-4.88281E-02
1.7201184E-01,1.65039E+00,9.76562E-03
1.7203032E-01,1.61133E+00,6.83594E-02
1.7204880E-01,1.57227E+00,6.83594E-02
1.7206728E-01,1.65039E+00,6.83594E-02
1.7208576E-01,1.59180E+00,2.92969E-02
1.7210424E-01,1.65039E+00,2.92969E-02
1.7212272E-01,1.63086E+00,4.88281E-02
1.7214120E-01,1.63086E+00,6.83594E-02
1.7215968E-01,1.57227E+00,-2.92969E-02
1.7217816E-01,1.61133E+00,6.83594E-02
1.7219664E-01,1.59180E+00,2.92969E-02
1.7221512E-01,1.63086E+00,8.78906E-02
1.7223360E-01,1.66992E+00,9.76562E-03
1.7225208E-01,1.57227E+00,8.78906E-02
1.7227056E-01,1.61133E+00,2.92969E-02
1.7228904E-01,1.57227E+00,9.76562E-03
1.7230752E-01,1.65039E+00,-4.88281E-02
1.7232600E-01,1.59180E+00,4.88281E-02
1.7234448E-01,1.65039E+00,2.92969E-02
1.7236296E-01,1.57227E+00,2.92969E-02
1.7238144E-01,1.65039E+00,6.83594E-02
1.7239992E-01,1.57227E+00,4.88281E-02
1.7241840E-01,1.59180E+00,2.92969E-02
1.7243688E-01,1.57227E+00,4.88281E-02
1.7245536E-01,1.61133E+00,4.88281E-02
1.7247384E-01,1.59180E+00,8.78906E-02
1.7249232E-01,1.63086E+00,9.76562E-03
1.7251080E-01,1.65039E+00,2.92969E-02
1.7252928E-01,1.59180E+00,-4.88281E-02
1.7254776E-01,1.59180E+00,4.88281E-02
1.7256624E-01,1.57227E+00,9.76562E-03
1.7258472E-01,1.59180E+00,9.76562E-03
1.7260320E-01,1.59180E+00,-9.76562E-03
1.7262168E-01,1.66992E+00,1.46484E-01
1.7264016E-01,1.65039E+00,-9.76562E-03
1.7265864E-01,1.65039E+00,4.88281E-02
1.7267712E-01,1.61133E+00,4.88281E-02
1.7269560E-01,1.59180E+00,6.83594E-02
1.7271408E-01,1.55273E+00,2.92969E-02
1.7273256E-01,1.51367E+00,4.88281E-02
1.7275104E-01,1.63086E+00,-9.76562E-03
1.7276952E-01,1.65039E+00,6.83594E-02
1.7278800E-01,1.63086E+00,9.76562E-03
1.7280648E-01,1.59180E+00,4.88281E-02
1.7282496E-01,1.65039E+00,-9.76562E-03
1.7284344E-01,1.55273E+00,2.92969E-02
1.7286192E-01,1.57227E+00,9.76562E-03
1.7288040E-01,1.57227E+00,4.88281E-02
1.7289888E-01,1.57227E+00,-9.76562E-03
1.7291736E-01,1.59180E+00,4.88281E-02
1.7293584E-01,1.53320E+00,-9.76562E-03
1.7295432E-01,1.59180E+00,2.92969E-02
1.7297280E-01,1.63086E+00,6.83594E-02
1.7299128E-01,1.59180E+00,6.83594E-02
1.7300976E-01,1.65039E+00,9.76562E-03
1.7302824E-01,1.63086E+00,9.76562E-03
1.7304672E-01,1.65039E+00,2.92969E-02
1.7306520E-01,1.59180E+00,4.88281E-02
1.7308368E-01,1.65039E+00,9.76562E-03
1.7310216E-01,1.61133E+00,6.83594E-02
1.7312064E-01,1.65039E+00,9.76562E-03
1.7313912E-01,1.59180E+00,6.83594E-02
1.7315760E-01,1.65039E+00,2.92969E-02
1.7317608E-01,1.63086E+00,2.92969E-02
1.7319456E-01,1.65039E+00,2.92969E-02
1.7321304E-01,1.59180E+00,9.76562E-03
1.7323152E-01,1.63086E+00,-9.76562E-03
1.7325000E-01,1.65039E+00,9.76562E-03
1.7326848E-01,1.63086E+00,9.76562E-03
1.7328696E-01,1.65039E+00,4.88281E-02
1.7330544E-01,1.65039E+00,2.92969E-02
1.7332392E-01,1.59180E+00,-8.78906E-02
1.7334240E-01,1.61133E+00,2.92969E-02
1.7336088E-01,1.57227E+00,6.83594E-02
1.7337936E-01,1.63086E+00,9.76562E-03
1.7339784E-01,1.55273E+00,4.88281E-02
1.7341632E-01,1.65039E+00,6.83594E-02
1.7343480E-01,1.63086E+00,6.83594E-02
1.7345328E-01,1.61133E+00,4.88281E-02
1.7347176E-01,1.65039E+00,9.76562E-03
1.7349024E-01,1.57227E+00,4.88281E-02
1.7350872E-01,1.61133E+00,9.76562E-03
1.7352720E-01,1.63086E+00,6.83594E-02
1.7354568E-01,1.61133E+00,-9.76562E-03
1.7356416E-01,1.63086E+00,4.88281E-02
1.7358264E-01,1.57227E+00,4.88281E-02
1.7360112E-01,1.65039E+00,-9.76562E-03
1.7361960E-01,1.63086E+00,9.76562E-03
1.7363808E-01,1.63086E+00,2.92969E-02
1.7365656E-01,1.65039E+00,4.88281E-02
1.7367504E-01,1.59180E+00,2.92969E-02
1.7369352E-01,1.61133E+00,6.83594E-02
1.7371200E-01,1.63086E+00,-6.83594E-02
1.7373048E-01,1.57227E+00,1.07422E-01
1.7374896E-01,1.59180E+00,6.83594E-02
1.7376744E-01,1.61133E+00,1.07422E-01
1.7378592E-01,1.65039E+00,-9.76562E-03
1.7380440E-01,1.63086E+00,2.92969E-02
1.7382288E-01,1.61133E+00,2.92969E-02
1.7384136E-01,1.57227E+00,6.83594E-02
1.7385984E-01,1.61133E+00,2.92969E-02
1.7387832E-01,1.63086E+00,2.92969E-02
1.7389680E-01,1.59180E+00,-9.76562E-03
1.7391528E-01,1.59180E+00,-2.92969E-02
1.7393376E-01,1.65039E+00,9.76562E-03
1.7395224E-01,1.63086E+00,4.88281E-02
1.7397072E-01,1.61133E+00,-9.76562E-03
1.7398920E-01,1.51367E+00,6.83594E-02
1.7400768E-01,1.63086E+00,2.92969E-02
1.7402616E-01,1.61133E+00,4.88281E-02
1.7404464E-01,1.65039E+00,-9.76562E-03
1.7406312E-01,1.65039E+00,4.88281E-02
1.7408160E-01,1.59180E+00,2.92969E-02
1.7410008E-01,1.59180E+00,4.88281E-02
1.7411856E-01,1.63086E+00,4.88281E-02
1.7413704E-01,1.59180E+00,4.88281E-02
1.7415552E-01,1.72852E+00,9.76562E-03
1.7417400E-01,1.61133E+00,2.92969E-02
1.7419248E-01,1.63086E+00,-2.92969E-02
1.7421096E-01,1.65039E+00,2.92969E-02
1.7422944E-01,1.59180E+00,6.83594E-02
1.7424792E-01,1.59180E+00,1.07422E-01
1.7426640E-01,1.66992E+00,-4.88281E-02
1.7428488E-01,1.66992E+00,2.92969E-02
1.7430336E-01,1.65039E+00,4.88281E-02
1.7432184E-01,1.57227E+00,9.76562E-03
1.7434032E-01,1.66992E+00,9.76562E-03
1.7435880E-01,1.61133E+00,6.83594E-02
1.7437728E-01,1.65039E+00,6.83594E-02
1.7439576E-01,1.61133E+00,6.83594E-02
1.7441424E-01,1.63086E+00,9.76562E-03
1.7443272E-01,1.57227E+00,2.92969E-02
1.7445120E-01,1.66992E+00,2.92969E-02
1.7446968E-01,1.57227E+00,6.83594E-02
1.7448816E-01,1.57227E+00,-9.76562E-03
1.7450664E-01,1.53320E+00,2.92969E-02
1.7452512E-01,1.65039E+00,6.83594E-02
1.7454360E-01,1.61133E+00,6.83594E-02
1.7456208E-01,1.68945E+00,-2.92969E-02
1.7458056E-01,1.65039E+00,6.83594E-02
1.7459904E-01,1.57227E+00,2.92969E-02
1.7461752E-01,1.65039E+00,6.83594E-02
1.7463600E-01,1.68945E+00,2.92969E-02
1.7465448E-01,1.57227E+00,9.76562E-03
1.7467296E-01,1.63086E+00,9.76562E-03
1.7469144E-01,1.65039E+00,6.83594E-02
1.7470992E-01,1.66992E+00,4.88281E-02
1.7472840E-01,1.61133E+00,2.92969E-02
1.7474688E-01,1.63086E+00,-9.76562E-03
1.7476536E-01,1.61133E+00,4.88281E-02
1.7478384E-01,1.70898E+00,-9.76562E-03
1.7480232E-01,1.65039E+00,-4.88281E-02
1.7482080E-01,1.65039E+00,-2.92969E-02
1.7483928E-01,1.65039E+00,4.88281E-02
1.7485776E-01,1.63086E+00,4.88281E-02
1.7487624E-01,1.68945E+00,4.88281E-02
1.7489472E-01,1.61133E+00,-9.76562E-03
1.7491320E-01,1.59180E+00,2.92969E-02
1.7493168E-01,1.63086E+00,9.76562E-03
1.7495016E-01,1.57227E+00,-2.92969E-02
1.7496864E-01,1.66992E+00,9.76562E-03
1.7498712E-01,1.59180E+00,2.92969E-02
1.7500560E-01,1.61133E+00,9.76562E-03
1.7502408E-01,1.57227E+00,2.92969E-02
1.7504256E-01,1.57227E+00,9.76562E-03
1.7506104E-01,1.61133E+00,2.92969E-02
1.7507952E-01,1.68945E+00,9.76562E-03
1.7509800E-01,1.65039E+00,6.83594E-02
1.7511648E-01,1.68945E+00,9.76562E-03
1.7513496E-01,1.61133E+00,2.92969E-02
1.7515344E-01,1.65039E+00,9.76562E-03
1.7517192E-01,1.63086E+00,2.92969E-02
1.7519040E-01,1.65039E+00,-9.76562E-03
1.7520888E-01,1.65039E+00,2.92969E-02
1.7522736E-01,1.66992E+00,2.92969E-02
1.7524584E-01,1.63086E+00,2.92969E-02
1.7526432E-01,1.55273E+00,4.88281E-02
1.7528280E-01,1.63086E+00,4.88281E-02
1.7530128E-01,1.65039E+00,4.88281E-02
1.7531976E-01,1.59180E+00,2.92969E-02
1.7533824E-01,1.61133E+00,-9.76562E-03
1.7535672E-01,1.59180E+00,4.88281E-02
1.7537520E-01,1.65039E+00,2.92969E-02
1.7539368E-01,1.55273E+00,9.76562E-03
1.7541216E-01,1.59180E+00,6.83594E-02
1.7543064E-01,1.65039E+00,4.88281E-02
1.7544912E-01,1.63086E+00,2.92969E-02
1.7546760E-01,1.65039E+00,2.92969E-02
1.7548608E-01,1.55273E+00,6.83594E-02
1.7550456E-01,1.68945E+00,4.88281E-02
1.7552304E-01,1.59180E+00,9.76562E-03
1.7554152E-01,1.59180E+00,4.88281E-02
1.7556000E-01,1.55273E+00,2.92969E-02
1.7557848E-01,1.63086E+00,8.78906E-02
1.7559696E-01,1.59180E+00,9.76562E-03
1.7561544E-01,1.51367E+00,1.07422E-01
1.7563392E-01,1.68945E+00,6.83594E-02
1.7565240E-01,1.65039E+00,4.88281E-02
1.7567088E-01,1.55273E+00,4.88281E-02
1.7568936E-01,1.53320E+00,4.88281E-02
1.7570784E-01,1.61133E+00,6.83594E-02
1.7572632E-01,1.57227E+00,4.88281E-02
1.7574480E-01,1.63086E+00,2.92969E-02
1.7576328E-01,1.65039E+00,6.83594E-02
1.7578176E-01,1.65039E+00,2.92969E-02
1.7580024E-01,1.61133E+00,9.76562E-03
1.7581872E-01,1.57227E+00,-9.76562E-03
1.7583720E-01,1.65039E+00,-2.92969E-02
1.7585568E-01,1.61133E+00,9.76562E-03
1.7587416E-01,1.63086E+00,9.76562E-03
1.7589264E-01,1.65039E+00,2.92969E-02
1.7591112E-01,1.59180E+00,1.07422E-01
1.7592960E-01,1.63086E+00,2.92969E-02
1.7594808E-01,1.63086E+00,4.88281E-02
1.7596656E-01,1.68945E+00,2.92969E-02
1.7598504E-01,1.65039E+00,-9.76562E-03
1.7600352E-01,1.63086E+00,9.76562E-03
1.7602200E-01,1.63086E+00,6.83594E-02
1.7604048E-01,1.66992E+00,2.92969E-02
1.7605896E-01,1.57227E+00,4.88281E-02
1.7607744E-01,1.63086E+00,1.07422E-01
1.7609592E-01,1.55273E+00,6.83594E-02
1.7611440E-01,1.65039E+00,9.76562E-03
1.7613288E-01,1.63086E+00,9.76562E-03
1.7615136E-01,1.65039E+00,-2.92969E-02
1.7616984E-01,1.63086E+00,6.83594E-02
1.7618832E-01,1.57227E+00,-9.76562E-03
1.7620680E-01,1.61133E+00,9.76562E-03
1.7622528E-01,1.65039E+00,9.76562E-03
1.7624376E-01,1.65039E+00,9.76562E-03
1.7626224E-01,1.61133E+00,2.92969E-02
1.7628072E-01,1.66992E+00,9.76562E-03
1.7629920E-01,1.63086E+00,4.88281E-02
1.7631768E-01,1.55273E+00,9.76562E-03
1.7633616E-01,1.65039E+00,9.76562E-03
1.7635464E-01,1.63086E+00,2.92969E-02
1.7637312E-01,1.59180E+00,-9.76562E-03
1.7639160E-01,1.57227E+00,4.88281E-02
1.7641008E-01,1.65039E+00,2.92969E-02
1.7642856E-01,1.61133E+00,4.88281E-02
1.7644704E-01,1.59180E+00,4.88281E-02
1.7646552E-01,1.57227E+00,4.88281E-02
1.7648400E-01,1.65039E+00,6.83594E-02
1.7650248E-01,1.57227E+00,9.76562E-03
1.7652096E-01,1.65039E+00,6.83594E-02
1.7653944E-01,1.59180E+00,2.92969E-02
1.7655792E-01,1.63086E+00,2.92969E-02
1.7657640E-01,1.63086E+00,4.88281E-02
1.7659488E-01,1.65039E+00,4.88281E-02
1.7661336E-01,1.61133E+00,4.88281E-02
1.7663184E-01,1.65039E+00,2.92969E-02
1.7665032E-01,1.65039E+00,9.76562E-03
1.7666880E-01,1.66992E+00,2.92969E-02
1.7668728E-01,1.61133E+00,2.92969E-02
1.7670576E-01,1.63086E+00,6.83594E-02
1.7672424E-01,1.65039E+00,1.26953E-01
1.7674272E-01,1.61133E+00,4.88281E-02
1.7676120E-01,1.57227E+00,4.88281E-02
1.7677968E-01,1.65039E+00,4.88281E-02
1.7679816E-01,1.66992E+00,4.88281E-02
1.7681664E-01,1.65039E+00,2.92969E-02
1.7683512E-01,1.59180E+00,4.88281E-02
1.7685360E-01,1.63086E+00,9.76562E-03
1.7687208E-01,1.65039E+00,2.92969E-02
1.7689056E-01,1.57227E+00,-2.92969E-02
1.7690904E-01,1.57227E+00,4.88281E-02
1.7692752E-01,1.65039E+00,2.92969E-02
1.7694600E-01,1.65039E+00,4.88281E-02
1.7696448E-01,1.65039E+00,-9.76562E-03
1.7698296E-01,1.65039E+00,4.88281E-02
1.7700144E-01,1.65039E+00,4.88281E-02
1.7701992E-01,1.65039E+00,4.88281E-02
1.7703840E-01,1.61133E+00,-9.76562E-03
1.7705688E-01,1.63086E+00,4.88281E-02
1.7707536E-01,1.65039E+00,9.76562E-03
1.7709384E-01,1.59180E+00,2.92969E-02
1.7711232E-01,1.68945E+00,9.76562E-03
1.7713080E-01,1.63086E+00,6.83594E-02
1.7714928E-01,1.63086E+00,4.88281E-02
1.7716776E-01,1.61133E+00,8.78906E-02
1.7718624E-01,1.65039E+00,-9.76562E-03
1.7720472E-01,1.63086E+00,2.92969E-02
1.7722320E-01,1.65039E+00,-9.76562E-03
1.7724168E-01,1.63086E+00,2.92969E-02
1.7726016E-01,1.65039E+00,2.92969E-02
1.7727864E-01,1.59180E+00,6.83594E-02
1.7729712E-01,1.65039E+00,9.76562E-03
1.7731560E-01,1.65039E+00,4.88281E-02
1.7733408E-01,1.59180E+00,2.92969E-02
1.7735256E-01,1.63086E+00,4.88281E-02
1.7737104E-01,1.65039E+00,4.88281E-02
1.7738952E-01,1.53320E+00,8.78906E-02
1.7740800E-01,1.55273E+00,9.76562E-03
1.7742648E-01,1.61133E+00,4.88281E-02
1.7744496E-01,1.57227E+00,9.76562E-03
1.7746344E-01,1.59180E+00,-9.76562E-03
1.7748192E-01,1.66992E+00,-9.76562E-03
1.7750040E-01,1.57227E+00,6.83594E-02
1.7751888E-01,1.65039E+00,9.76562E-03
1.7753736E-01,1.61133E+00,6.83594E-02
1.7755584E-01,1.65039E+00,2.92969E-02
1.7757432E-01,1.65039E+00,4.88281E-02
1.7759280E-01,1.57227E+00,9.76562E-03
1.7761128E-01,1.68945E+00,6.83594E-02
1.7762976E-01,1.68945E+00,9.76562E-03
1.7764824E-01,1.61133E+00,2.92969E-02
1.7766672E-01,1.65039E+00,-2.92969E-02
1.7768520E-01,1.61133E+00,4.88281E-02
1.7770368E-01,1.72852E+00,-9.76562E-03
1.7772216E-01,1.59180E+00,6.83594E-02
1.7774064E-01,1.65039E+00,9.76562E-03
1.7775912E-01,1.63086E+00,2.92969E-02
1.7777760E-01,1.65039E+00,-9.76562E-03
1.7779608E-01,1.59180E+00,2.92969E-02
1.7781456E-01,1.66992E+00,2.92969E-02
1.7783304E-01,1.61133E+00,4.88281E-02
1.7785152E-01,1.65039E+00,-4.88281E-02
1.7787000E-01,1.65039E+00,8.78906E-02
1.7788848E-01,1.68945E+00,9.76562E-03
1.7790696E-01,1.65039E+00,8.78906E-02
1.7792544E-01,1.65039E+00,4.88281E-02
1.7794392E-01,1.59180E+00,9.76562E-03
1.7796240E-01,1.57227E+00,-9.76562E-03
1.7798088E-01,1.65039E+00,6.83594E-02
1.7799936E-01,1.63086E+00,9.76562E-03
1.7801784E-01,1.59180E+00,2.92969E-02
1.7803632E-01,1.66992E+00,9.76562E-03
1.7805480E-01,1.63086E+00,6.83594E-02
1.7807328E-01,1.65039E+00,6.83594E-02
1.7809176E-01,1.65039E+00,6.83594E-02
1.7811024E-01,1.66992E+00,9.76562E-03
1.7812872E-01,1.65039E+00,6.83594E-02
1.7814720E-01,1.63086E+00,-9.76562E-03
1.7816568E-01,1.61133E+00,6.83594E-02
1.7818416E-01,1.65039E+00,9.76562E-03
1.7820264E-01,1.65039E+00,8.78906E-02
1.7822112E-01,1.65039E+00,9.76562E-03
1.7823960E-01,1.61133E+00,6.83594E-02
1.7825808E-01,1.61133E+00,4.88281E-02
1.7827656E-01,1.59180E+00,6.83594E-02
1.7829504E-01,1.63086E+00,4.88281E-02
1.7831352E-01,1.66992E+00,4.88281E-02
1.7833200E-01,1.66992E+00,9.76562E-03
1.7835048E-01,1.66992E+00,2.92969E-02
1.7836896E-01,1.65039E+00,9.76562E-03
1.7838744E-01,1.66992E+00,6.83594E-02
1.7840592E-01,1.66992E+00,2.92969E-02
1.7842440E-01,1.59180E+00,1.07422E-01
1.7844288E-01,1.65039E+00,-2.92969E-02
1.7846136E-01,1.68945E+00,2.92969E-02
1.7847984E-01,1.66992E+00,6.83594E-02
1.7849832E-01,1.57227E+00,4.88281E-02
1.7851680E-01,1.63086E+00,4.88281E-02
1.7853528E-01,1.65039E+00,2.92969E-02
1.7855376E-01,1.66992E+00,4.88281E-02
1.7857224E-01,1.65039E+00,6.83594E-02
1.7859072E-01,1.59180E+00,9.76562E-03
1.7860920E-01,1.59180E+00,4.88281E-02
1.7862768E-01,1.66992E+00,-2.92969E-02
1.7864616E-01,1.65039E+00,4.88281E-02
1.7866464E-01,1.72852E+00,-2.92969E-02
1.7868312E-01,1.59180E+00,6.83594E-02
1.7870160E-01,1.70898E+00,9.76562E-03
1.7872008E-01,1.65039E+00,4.88281E-02
1.7873856E-01,1.68945E+00,4.88281E-02
1.7875704E-01,1.65039E+00,8.78906E-02
1.7877552E-01,1.65039E+00,4.88281E-02
1.7879400E-01,1.63086E+00,1.07422E-01
1.7881248E-01,1.66992E+00,6.83594E-02
1.7883096E-01,1.65039E+00,9.76562E-03
1.7884944E-01,1.68945E+00,-9.76562E-03
1.7886792E-01,1.65039E+00,2.92969E-02
1.7888640E-01,1.65039E+00,9.76562E-03
1.7890488E-01,1.65039E+00,9.76562E-03
1.7892336E-01,1.65039E+00,9.76562E-03
1.7894184E-01,1.68945E+00,4.88281E-02
1.7896032E-01,1.66992E+00,2.92969E-02
1.7897880E-01,1.61133E+00,4.88281E-02
1.7899728E-01,1.65039E+00,2.92969E-02
1.7901576E-01,1.65039E+00,2.92969E-02
1.7903424E-01,1.65039E+00,4.88281E-02
1.7905272E-01,1.68945E+00,6.83594E-02
1.7907120E-01,1.68945E+00,9.76562E-03
1.7908968E-01,1.63086E+00,6.83594E-02
1.7910816E-01,1.70898E+00,9.76562E-03
1.7912664E-01,1.65039E+00,9.76562E-03
1.7914512E-01,1.59180E+00,4.88281E-02
1.7916360E-01,1.65039E+00,4.88281E-02
1.7918208E-01,1.70898E+00,9.76562E-03
1.7920056E-01,1.61133E+00,4.88281E-02
1.7921904E-01,1.65039E+00,-9.76562E-03
1.7923752E-01,1.63086E+00,6.83594E-02
1.7925600E-01,1.65039E+00,-9.76562E-03
1.7927448E-01,1.68945E+00,9.76562E-03
1.7929296E-01,1.65039E+00,2.92969E-02
1.7931144E-01,1.65039E+00,2.92969E-02
1.7932992E-01,1.65039E+00,4.88281E-02
1.7934840E-01,1.65039E+00,2.92969E-02
1.7936688E-01,1.68945E+00,-9.76562E-03
1.7938536E-01,1.57227E+00,6.83594E-02
1.7940384E-01,1.66992E+00,2.92969E-02
1.7942232E-01,1.63086E+00,6.83594E-02
1.7944080E-01,1.66992E+00,9.76562E-03
1.7945928E-01,1.61133E+00,4.88281E-02
1.7947776E-01,1.59180E+00,9.76562E-03
1.7949624E-01,1.57227E+00,2.92969E-02
1.7951472E-01,1.63086E+00,9.76562E-03
1.7953320E-01,1.65039E+00,9.76562E-03
1.7955168E-01,1.59180E+00,2.92969E-02
1.7957016E-01,1.63086E+00,4.88281E-02
1.7958864E-01,1.66992E+00,2.92969E-02
1.7960712E-01,1.68945E+00,9.76562E-03
1.7962560E-01,1.63086E+00,6.83594E-02
1.7964408E-01,1.63086E+00,6.83594E-02
1.7966256E-01,1.66992E+00,9.76562E-03
1.7968104E-01,1.65039E+00,2.92969E-02
1.7969952E-01,1.65039E+00,-2.92969E-02
1.7971800E-01,1.55273E+00,6.83594E-02
1.7973648E-01,1.61133E+00,9.76562E-03
1.7975496E-01,1.65039E+00,8.78906E-02
1.7977344E-01,1.74805E+00,4.88281E-02
1.7979192E-01,1.61133E+00,1.07422E-01
1.7981040E-01,1.68945E+00,9.76562E-03
1.7982888E-01,1.59180E+00,6.83594E-02
1.7984736E-01,1.61133E+00,-9.76562E-03
1.7986584E-01,1.57227E+00,2.92969E-02
1.7988432E-01,1.65039E+00,2.92969E-02
1.7990280E-01,1.59180E+00,6.83594E-02
1.7992128E-01,1.68945E+00,4.88281E-02
1.7993976E-01,1.74805E+00,4.88281E-02
1.7995824E-01,1.61133E+00,-4.88281E-02
1.7997672E-01,1.65039E+00,4.88281E-02
1.7999520E-01,1.70898E+00,2.92969E-02
1.8001368E-01,1.61133E+00,4.88281E-02
1.8003216E-01,1.65039E+00,2.92969E-02
1.8005064E-01,1.65039E+00,6.83594E-02
1.8006912E-01,1.68945E+00,2.92969E-02
1.8008760E-01,1.65039E+00,9.76562E-03
1.8010608E-01,1.63086E+00,9.76562E-03
1.8012456E-01,1.65039E+00,4.88281E-02
1.8014304E-01,1.65039E+00,9.76562E-03
1.8016152E-01,1.57227E+00,2.92969E-02
1.8018000E-01,1.68945E+00,4.88281E-02
1.8019848E-01,1.74805E+00,4.88281E-02
1.8021696E-01,1.65039E+00,2.92969E-02
1.8023544E-01,1.65039E+00,6.83594E-02
1.8025392E-01,1.66992E+00,2.92969E-02
1.8027240E-01,1.65039E+00,9.76562E-03
1.8029088E-01,1.65039E+00,4.88281E-02
1.8030936E-01,1.57227E+00,2.92969E-02
1.8032784E-01,1.68945E+00,4.88281E-02
1.8034632E-01,1.66992E+00,9.76562E-03
1.8036480E-01,1.66992E+00,4.88281E-02
1.8038328E-01,1.65039E+00,1.26953E-01
1.8040176E-01,1.59180E+00,2.92969E-02
1.8042024E-01,1.65039E+00,9.76562E-03
1.8043872E-01,1.65039E+00,2.92969E-02
1.8045720E-01,1.57227E+00,6.83594E-02
1.8047568E-01,1.68945E+00,-9.76562E-03
1.8049416E-01,1.61133E+00,4.88281E-02
1.8051264E-01,1.57227E+00,2.92969E-02
1.8053112E-01,1.63086E+00,9.76562E-03
1.8054960E-01,1.65039E+00,4.88281E-02
1.8056808E-01,1.66992E+00,1.07422E-01
1.8058656E-01,1.68945E+00,-4.88281E-02
1.8060504E-01,1.61133E+00,8.78906E-02
1.8062352E-01,1.61133E+00,9.76562E-03
1.8064200E-01,1.59180E+00,4.88281E-02
1.8066048E-01,1.63086E+00,9.76562E-03
1.8067896E-01,1.65039E+00,8.78906E-02
1.8069744E-01,1.66992E+00,9.76562E-03
1.8071592E-01,1.65039E+00,9.76562E-03
1.8073440E-01,1.63086E+00,2.92969E-02
1.8075288E-01,1.65039E+00,8.78906E-02
1.8077136E-01,1.65039E+00,9.76562E-03
1.8078984E-01,1.66992E+00,4.88281E-02
1.8080832E-01,1.68945E+00,9.76562E-03
1.8082680E-01,1.65039E+00,-2.92969E-02
1.8084528E-01,1.63086E+00,-4.88281E-02
1.8086376E-01,1.65039E+00,6.83594E-02
1.8088224E-01,1.74805E+00,2.92969E-02
1.8090072E-01,1.65039E+00,2.92969E-02
1.8091920E-01,1.63086E+00,6.83594E-02
1.8093768E-01,1.65039E+00,1.07422E-01
1.8095616E-01,1.65039E+00,-2.92969E-02
1.8097464E-01,1.63086E+00,9.76562E-03
1.8099312E-01,1.70898E+00,-9.76562E-03
1.8101160E-01,1.68945E+00,9.76562E-03
1.8103008E-01,1.66992E+00,9.76562E-03
1.8104856E-01,1.68945E+00,2.92969E-02
1.8106704E-01,1.66992E+00,9.76562E-03
1.8108552E-01,1.61133E+00,2.92969E-02
1.8110400E-01,1.66992E+00,9.76562E-03
1.8112248E-01,1.66992E+00,2.92969E-02
1.8114096E-01,1.65039E+00,-9.76562E-03
1.8115944E-01,1.65039E+00,4.88281E-02
1.8117792E-01,1.68945E+00,-2.92969E-02
1.8119640E-01,1.59180E+00,4.88281E-02
1.8121488E-01,1.65039E+00,4.88281E-02
1.8123336E-01,1.68945E+00,-9.76562E-03
1.8125184E-01,1.63086E+00,6.83594E-02
1.8127032E-01,1.63086E+00,6.83594E-02
1.8128880E-01,1.63086E+00,2.92969E-02
1.8130728E-01,1.65039E+00,4.88281E-02
1.8132576E-01,1.70898E+00,4.88281E-02
1.8134424E-01,1.61133E+00,4.88281E-02
1.8136272E-01,1.63086E+00,4.88281E-02
1.8138120E-01,1.65039E+00,6.83594E-02
1.8139968E-01,1.61133E+00,-4.88281E-02
1.8141816E-01,1.59180E+00,4.88281E-02
1.8143664E-01,1.65039E+00,9.76562E-03
1.8145512E-01,1.66992E+00,2.92969E-02
1.8147360E-01,1.65039E+00,2.92969E-02
1.8149208E-01,1.59180E+00,1.07422E-01
1.8151056E-01,1.63086E+00,9.76562E-03
1.8152904E-01,1.65039E+00,4.88281E-02
1.8154752E-01,1.65039E+00,9.76562E-03
1.8156600E-01,1.61133E+00,4.88281E-02
1.8158448E-01,1.57227E+00,9.76562E-03
1.8160296E-01,1.66992E+00,1.07422E-01
1.8162144E-01,1.65039E+00,-9.76562E-03
1.8163992E-01,1.70898E+00,1.26953E-01
1.8165840E-01,1.70898E+00,4.88281E-02
1.8167688E-01,1.66992E+00,2.92969E-02
1.8169536E-01,1.68945E+00,6.83594E-02
1.8171384E-01,1.63086E+00,-2.92969E-02
1.8173232E-01,1.65039E+00,-2.92969E-02
1.8175080E-01,1.59180E+00,6.83594E-02
1.8176928E-01,1.68945E+00,9.76562E-03
1.8178776E-01,1.63086E+00,4.88281E-02
1.8180624E-01,1.68945E+00,8.78906E-02
1.8182472E-01,1.66992E+00,8.78906E-02
1.8184320E-01,1.65039E+00,2.92969E-02
1.8186168E-01,1.66992E+00,2.92969E-02
1.8188016E-01,1.65039E+00,-9.76562E-03
1.8189864E-01,1.65039E+00,6.83594E-02
1.8191712E-01,1.65039E+00,-9.76562E-03
1.8193560E-01,1.57227E+00,4.88281E-02
1.8195408E-01,1.61133E+00,2.92969E-02
1.8197256E-01,1.68945E+00,4.88281E-02
1.8199104E-01,1.65039E+00,4.88281E-02
1.8200952E-01,1.61133E+00,6.83594E-02
1.8202800E-01,1.65039E+00,9.76562E-03
1.8204648E-01,1.63086E+00,2.92969E-02
1.8206496E-01,1.63086E+00,-9.76562E-03
1.8208344E-01,1.65039E+00,2.92969E-02
1.8210192E-01,1.61133E+00,4.88281E-02
1.8212040E-01,1.72852E+00,6.83594E-02
1.8213888E-01,1.65039E+00,4.88281E-02
1.8215736E-01,1.66992E+00,4.88281E-02
1.8217584E-01,1.65039E+00,-9.76562E-03
1.8219432E-01,1.59180E+00,4.88281E-02
1.8221280E-01,1.68945E+00,2.92969E-02
1.8223128E-01,1.70898E+00,4.88281E-02
1.8224976E-01,1.63086E+00,9.76562E-03
1.8226824E-01,1.65039E+00,2.92969E-02
1.8228672E-01,1.68945E+00,-2.92969E-02
1.8230520E-01,1.65039E+00,9.76562E-03
1.8232368E-01,1.68945E+00,2.92969E-02
1.8234216E-01,1.59180E+00,6.83594E-02
1.8236064E-01,1.65039E+00,9.76562E-03
1.8237912E-01,1.65039E+00,6.83594E-02
1.8239760E-01,1.66992E+00,2.92969E-02
1.8241608E-01,1.63086E+00,4.88281E-02
1.8243456E-01,1.65039E+00,4.88281E-02
1.8245304E-01,1.63086E+00,6.83594E-02
1.8247152E-01,1.68945E+00,2.92969E-02
1.8249000E-01,1.68945E+00,2.92969E-02
1.8250848E-01,1.65039E+00,9.76562E-03
1.8252696E-01,1.57227E+00,6.83594E-02
1.8254544E-01,1.66992E+00,-6.83594E-02
1.8256392E-01,1.65039E+00,6.83594E-02
1.8258240E-01,1.61133E+00,-9.76562E-03
1.8260088E-01,1.61133E+00,9.76562E-03
1.8261936E-01,1.53320E+00,9.76562E-03
1.8263784E-01,1.65039E+00,2.92969E-02
1.8265632E-01,1.65039E+00,4.88281E-02
1.8267480E-01,1.68945E+00,4.88281E-02
1.8269328E-01,1.66992E+00,4.88281E-02
1.8271176E-01,1.66992E+00,4.88281E-02
1.8273024E-01,1.65039E+00,4.88281E-02
1.8274872E-01,1.65039E+00,4.88281E-02
1.8276720E-01,1.65039E+00,9.76562E-03
1.8278568E-01,1.59180E+00,6.83594E-02
1.8280416E-01,1.65039E+00,2.92969E-02
1.8282264E-01,1.70898E+00,4.88281E-02
1.8284112E-01,1.63086E+00,4.88281E-02
1.8285960E-01,1.65039E+00,2.92969E-02
1.8287808E-01,1.66992E+00,6.83594E-02
1.8289656E-01,1.65039E+00,6.83594E-02
1.8291504E-01,1.63086E+00,9.76562E-03
1.8293352E-01,1.72852E+00,2.92969E-02
1.8295200E-01,1.70898E+00,2.92969E-02
1.8297048E-01,1.61133E+00,8.78906E-02
1.8298896E-01,1.68945E+00,6.83594E-02
1.8300744E-01,1.59180E+00,4.88281E-02
1.8302592E-01,1.65039E+00,2.92969E-02
1.8304440E-01,1.59180E+00,9.76562E-03
1.8306288E-01,1.65039E+00,2.92969E-02
1.8308136E-01,1.65039E+00,9.76562E-03
1.8309984E-01,1.63086E+00,2.92969E-02
1.8311832E-01,1.63086E+00,4.88281E-02
1.8313680E-01,1.68945E+00,4.88281E-02
1.8315528E-01,1.68945E+00,2.92969E-02
1.8317376E-01,1.68945E+00,2.92969E-02
1.8319224E-01,1.61133E+00,6.83594E-02
1.8321072E-01,1.63086E+00,-4.88281E-02
1.8322920E-01,1.68945E+00,2.92969E-02
1.8324768E-01,1.65039E+00,9.76562E-03
1.8326616E-01,1.65039E+00,8.78906E-02
1.8328464E-01,1.61133E+00,2.92969E-02
1.8330312E-01,1.65039E+00,6.83594E-02
1.8332160E-01,1.68945E+00,2.92969E-02
1.8334008E-01,1.72852E+00,6.83594E-02
1.8335856E-01,1.66992E+00,9.76562E-03
1.8337704E-01,1.57227E+00,2.92969E-02
1.8339552E-01,1.70898E+00,2.92969E-02
1.8341400E-01,1.63086E+00,6.83594E-02
1.8343248E-01,1.66992E+00,9.76562E-03
1.8345096E-01,1.66992E+00,4.88281E-02
1.8346944E-01,1.66992E+00,-9.76562E-03
1.8348792E-01,1.63086E+00,9.76562E-03
1.8350640E-01,1.65039E+00,9.76562E-03
1.8352488E-01,1.68945E+00,2.92969E-02
1.8354336E-01,1.66992E+00,2.92969E-02
1.8356184E-01,1.72852E+00,2.92969E-02
1.8358032E-01,1.70898E+00,6.83594E-02
1.8359880E-01,1.65039E+00,1.26953E-01
1.8361728E-01,1.68945E+00,9.76562E-03
1.8363576E-01,1.65039E+00,2.92969E-02
1.8365424E-01,1.65039E+00,-9.76562E-03
1.8367272E-01,1.57227E+00,2.92969E-02
1.8369120E-01,1.59180E+00,9.76562E-03
1.8370968E-01,1.63086E+00,4.88281E-02
1.8372816E-01,1.65039E+00,-6.83594E-02
1.8374664E-01,1.66992E+00,6.83594E-02
1.8376512E-01,1.66992E+00,4.88281E-02
1.8378360E-01,1.68945E+00,4.88281E-02
1.8380208E-01,1.66992E+00,-9.76562E-03
1.8382056E-01,1.61133E+00,6.83594E-02
1.8383904E-01,1.65039E+00,9.76562E-03
1.8385752E-01,1.63086E+00,6.83594E-02
1.8387600E-01,1.65039E+00,4.88281E-02
1.8389448E-01,1.65039E+00,4.88281E-02
1.8391296E-01,1.59180E+00,9.76562E-03
1.8393144E-01,1.63086E+00,4.88281E-02
1.8394992E-01,1.68945E+00,2.92969E-02
1.8396840E-01,1.61133E+00,4.88281E-02
1.8398688E-01,1.59180E+00,2.92969E-02
1.8400536E-01,1.65039E+00,6.83594E-02
1.8402384E-01,1.66992E+00,9.76562E-03
1.8404232E-01,1.65039E+00,4.88281E-02
1.8406080E-01,1.68945E+00,-9.76562E-03
1.8407928E-01,1.57227E+00,6.83594E-02
1.8409776E-01,1.68945E+00,-9.76562E-03
1.8411624E-01,1.70898E+00,6.83594E-02
1.8413472E-01,1.65039E+00,9.76562E-03
1.8415320E-01,1.65039E+00,2.92969E-02
1.8417168E-01,1.65039E+00,-4.88281E-02
1.8419016E-01,1.65039E+00,6.83594E-02
1.8420864E-01,1.61133E+00,-9.76562E-03
1.8422712E-01,1.61133E+00,4.88281E-02
1.8424560E-01,1.68945E+00,9.76562E-03
1.8426408E-01,1.65039E+00,4.88281E-02
1.8428256E-01,1.68945E+00,4.88281E-02
1.8430104E-01,1.65039E+00,4.88281E-02
1.8431952E-01,1.66992E+00,6.83594E-02
1.8433800E-01,1.65039E+00,2.92969E-02
1.8435648E-01,1.65039E+00,-6.83594E-02
1.8437496E-01,1.61133E+00,-2.92969E-02
1.8439344E-01,1.65039E+00,4.88281E-02
1.8441192E-01,1.68945E+00,6.83594E-02
1.8443040E-01,1.65039E+00,9.76562E-03
1.8444888E-01,1.66992E+00,2.92969E-02
1.8446736E-01,1.66992E+00,8.78906E-02
1.8448584E-01,1.65039E+00,4.88281E-02
1.8450432E-01,1.68945E+00,4.88281E-02
1.8452280E-01,1.66992E+00,2.92969E-02
1.8454128E-01,1.68945E+00,9.76562E-03
1.8455976E-01,1.65039E+00,2.92969E-02
1.8457824E-01,1.65039E+00,4.88281E-02
1.8459672E-01,1.59180E+00,6.83594E-02
1.8461520E-01,1.65039E+00,9.76562E-03
1.8463368E-01,1.61133E+00,-9.76562E-03
1.8465216E-01,1.65039E+00,9.76562E-03
1.8467064E-01,1.65039E+00,4.88281E-02
1.8468912E-01,1.63086E+00,9.76562E-03
1.8470760E-01,1.63086E+00,9.76562E-03
1.8472608E-01,1.68945E+00,6.83594E-02
1.8474456E-01,1.63086E+00,4.88281E-02
1.8476304E-01,1.65039E+00,-9.76562E-03
1.8478152E-01,1.61133E+00,8.78906E-02
1.8480000E-01,1.68945E+00,8.78906E-02
1.8481848E-01,1.72852E+00,6.83594E-02
1.8483696E-01,1.65039E+00,9.76562E-03
1.8485544E-01,1.70898E+00,6.83594E-02
1.8487392E-01,1.66992E+00,4.88281E-02
1.8489240E-01,1.65039E+00,4.88281E-02
1.8491088E-01,1.65039E+00,4.88281E-02
1.8492936E-01,1.72852E+00,2.92969E-02
1.8494784E-01,1.72852E+00,6.83594E-02
1.8496632E-01,1.65039E+00,6.83594E-02
1.8498480E-01,1.65039E+00,4.88281E-02
1.8500328E-01,1.65039E+00,6.83594E-02
1.8502176E-01,1.68945E+00,9.76562E-03
1.8504024E-01,1.65039E+00,2.92969E-02
1.8505872E-01,1.65039E+00,9.76562E-03
1.8507720E-01,1.70898E+00,-2.92969E-02
1.8509568E-01,1.65039E+00,-9.76562E-03
1.8511416E-01,1.65039E+00,6.83594E-02
1.8513264E-01,1.66992E+00,-9.76562E-03
1.8515112E-01,1.65039E+00,2.92969E-02
1.8516960E-01,1.74805E+00,1.26953E-01
1.8518808E-01,1.65039E+00,4.88281E-02
1.8520656E-01,1.65039E+00,9.76562E-03
1.8522504E-01,1.63086E+00,1.07422E-01
1.8524352E-01,1.66992E+00,9.76562E-03
1.8526200E-01,1.65039E+00,1.26953E-01
1.8528048E-01,1.59180E+00,9.76562E-03
1.8529896E-01,1.65039E+00,6.83594E-02
1.8531744E-01,1.72852E+00,9.76562E-03
1.8533592E-01,1.65039E+00,-2.92969E-02
1.8535440E-01,1.65039E+00,4.88281E-02
1.8537288E-01,1.65039E+00,2.92969E-02
1.8539136E-01,1.66992E+00,4.88281E-02
1.8540984E-01,1.65039E+00,9.76562E-03
1.8542832E-01,1.68945E+00,-2.92969E-02
1.8544680E-01,1.68945E+00,2.92969E-02
1.8546528E-01,1.66992E+00,9.76562E-03
1.8548376E-01,1.72852E+00,8.78906E-02
1.8550224E-01,1.65039E+00,4.88281E-02
1.8552072E-01,1.63086E+00,2.92969E-02
1.8553920E-01,1.74805E+00,2.92969E-02
1.8555768E-01,1.66992E+00,9.76562E-03
1.8557616E-01,1.68945E+00,9.76562E-03
1.8559464E-01,1.68945E+00,9.76562E-03
1.8561312E-01,1.65039E+00,9.76562E-03
1.8563160E-01,1.65039E+00,8.78906E-02
1.8565008E-01,1.68945E+00,4.88281E-02
1.8566856E-01,1.72852E+00,6.83594E-02
1.8568704E-01,1.68945E+00,9.76562E-03
1.8570552E-01,1.63086E+00,6.83594E-02
1.8572400E-01,1.65039E+00,4.88281E-02
1.8574248E-01,1.61133E+00,6.83594E-02
1.8576096E-01,1.61133E+00,1.07422E-01
1.8577944E-01,1.65039E+00,4.88281E-02
1.8579792E-01,1.63086E+00,6.83594E-02
1.8581640E-01,1.65039E+00,6.83594E-02
1.8583488E-01,1.78711E+00,9.76562E-03
1.8585336E-01,1.63086E+00,6.83594E-02
1.8587184E-01,1.66992E+00,2.92969E-02
1.8589032E-01,1.68945E+00,2.92969E-02
1.8590880E-01,1.70898E+00,-4.88281E-02
1.8592728E-01,1.66992E+00,-4.88281E-02
1.8594576E-01,1.68945E+00,-9.76562E-03
1.8596424E-01,1.70898E+00,9.76562E-03
1.8598272E-01,1.65039E+00,2.92969E-02
1.8600120E-01,1.63086E+00,1.07422E-01
1.8601968E-01,1.65039E+00,4.88281E-02
1.8603816E-01,1.61133E+00,2.92969E-02
1.8605664E-01,1.70898E+00,4.88281E-02
1.8607512E-01,1.66992E+00,4.88281E-02
1.8609360E-01,1.65039E+00,-9.76562E-03
1.8611208E-01,1.66992E+00,6.83594E-02
1.8613056E-01,1.66992E+00,9.76562E-03
1.8614904E-01,1.68945E+00,4.88281E-02
1.8616752E-01,1.72852E+00,4.88281E-02
1.8618600E-01,1.65039E+00,6.83594E-02
1.8620448E-01,1.61133E+00,9.76562E-03
1.8622296E-01,1.61133E+00,4.88281E-02
1.8624144E-01,1.68945E+00,9.76562E-03
1.8625992E-01,1.63086E+00,4.88281E-02
1.8627840E-01,1.70898E+00,9.76562E-03
1.8629688E-01,1.65039E+00,4.88281E-02
1.8631536E-01,1.66992E+00,9.76562E-03
1.8633384E-01,1.70898E+00,2.92969E-02
1.8635232E-01,1.66992E+00,2.92969E-02
1.8637080E-01,1.65039E+00,2.92969E-02
1.8638928E-01,1.65039E+00,6.83594E-02
1.8640776E-01,1.65039E+00,2.92969E-02
1.8642624E-01,1.59180E+00,9.76562E-03
1.8644472E-01,1.65039E+00,6.83594E-02
1.8646320E-01,1.70898E+00,9.76562E-03
1.8648168E-01,1.65039E+00,9.76562E-03
1.8650016E-01,1.65039E+00,2.92969E-02
1.8651864E-01,1.70898E+00,6.83594E-02
1.8653712E-01,1.70898E+00,4.88281E-02
1.8655560E-01,1.72852E+00,2.92969E-02
1.8657408E-01,1.70898E+00,9.76562E-03
1.8659256E-01,1.66992E+00,4.88281E-02
1.8661104E-01,1.68945E+00,9.76562E-03
1.8662952E-01,1.70898E+00,9.76562E-03
1.8664800E-01,1.65039E+00,6.83594E-02
1.8666648E-01,1.68945E+00,1.26953E-01
1.8668496E-01,1.66992E+00,4.88281E-02
1.8670344E-01,1.65039E+00,4.88281E-02
1.8672192E-01,1.68945E+00,9.76562E-03
1.8674040E-01,1.63086E+00,8.78906E-02
1.8675888E-01,1.66992E+00,2.92969E-02
1.8677736E-01,1.65039E+00,4.88281E-02
1.8679584E-01,1.74805E+00,6.83594E-02
1.8681432E-01,1.61133E+00,4.88281E-02
1.8683280E-01,1.66992E+00,9.76562E-03
1.8685128E-01,1.63086E+00,2.92969E-02
1.8686976E-01,1.68945E+00,4.88281E-02
1.8688824E-01,1.70898E+00,2.92969E-02
1.8690672E-01,1.70898E+00,-2.92969E-02
1.8692520E-01,1.65039E+00,4.88281E-02
1.8694368E-01,1.66992E+00,6.83594E-02
1.8696216E-01,1.72852E+00,1.07422E-01
1.8698064E-01,1.63086E+00,2.92969E-02
1.8699912E-01,1.66992E+00,6.83594E-02
1.8701760E-01,1.65039E+00,-2.92969E-02
1.8703608E-01,1.70898E+00,2.92969E-02
1.8705456E-01,1.65039E+00,2.92969E-02
1.8707304E-01,1.66992E+00,6.83594E-02
1.8709152E-01,1.72852E+00,9.76562E-03
1.8711000E-01,1.68945E+00,9.76562E-03
1.8712848E-01,1.63086E+00,2.92969E-02
1.8714696E-01,1.68945E+00,8.78906E-02
1.8716544E-01,1.68945E+00,9.76562E-03
1.8718392E-01,1.68945E+00,6.83594E-02
1.8720240E-01,1.66992E+00,9.76562E-03
1.8722088E-01,1.66992E+00,1.26953E-01
1.8723936E-01,1.66992E+00,2.92969E-02
1.8725784E-01,1.65039E+00,4.88281E-02
1.8727632E-01,1.70898E+00,9.76562E-03
1.8729480E-01,1.65039E+00,2.92969E-02
1.8731328E-01,1.70898E+00,4.88281E-02
1.8733176E-01,1.65039E+00,4.88281E-02
1.8735024E-01,1.63086E+00,2.92969E-02
1.8736872E-01,1.65039E+00,4.88281E-02
1.8738720E-01,1.74805E+00,2.92969E-02
1.8740568E-01,1.65039E+00,6.83594E-02
1.8742416E-01,1.66992E+00,4.88281E-02
1.8744264E-01,1.65039E+00,6.83594E-02
1.8746112E-01,1.74805E+00,-9.76562E-03
1.8747960E-01,1.65039E+00,2.92969E-02
1.8749808E-01,1.66992E+00,9.76562E-03
1.8751656E-01,1.65039E+00,2.92969E-02
1.8753504E-01,1.63086E+00,-9.76562E-03
1.8755352E-01,1.68945E+00,8.78906E-02
1.8757200E-01,1.68945E+00,-4.88281E-02
1.8759048E-01,1.66992E+00,2.92969E-02
1.8760896E-01,1.72852E+00,-9.76562E-03
1.8762744E-01,1.59180E+00,6.83594E-02
1.8764592E-01,1.70898E+00,4.88281E-02
1.8766440E-01,1.63086E+00,4.88281E-02
1.8768288E-01,1.68945E+00,2.92969E-02
1.8770136E-01,1.65039E+00,9.76562E-03
1.8771984E-01,1.66992E+00,9.76562E-03
1.8773832E-01,1.65039E+00,6.83594E-02
1.8775680E-01,1.66992E+00,6.83594E-02
1.8777528E-01,1.74805E+00,6.83594E-02
1.8779376E-01,1.65039E+00,-9.76562E-03
1.8781224E-01,1.68945E+00,6.83594E-02
1.8783072E-01,1.66992E+00,-2.92969E-02
1.8784920E-01,1.61133E+00,4.88281E-02
1.8786768E-01,1.72852E+00,2.92969E-02
1.8788616E-01,1.68945E+00,9.76562E-03
1.8790464E-01,1.72852E+00,6.83594E-02
1.8792312E-01,1.65039E+00,6.83594E-02
1.8794160E-01,1.70898E+00,-9.76562E-03
1.8796008E-01,1.65039E+00,9.76562E-03
1.8797856E-01,1.65039E+00,9.76562E-03
1.8799704E-01,1.65039E+00,2.92969E-02
1.8801552E-01,1.65039E+00,9.76562E-03
1.8803400E-01,1.57227E+00,4.88281E-02
1.8805248E-01,1.63086E+00,9.76562E-03
1.8807096E-01,1.66992E+00,6.83594E-02
1.8808944E-01,1.59180E+00,-9.76562E-03
1.8810792E-01,1.65039E+00,9.76562E-03
1.8812640E-01,1.65039E+00,-9.76562E-03
1.8814488E-01,1.70898E+00,6.83594E-02
1.8816336E-01,1.66992E+00,-2.92969E-02
1.8818184E-01,1.72852E+00,9.76562E-03
1.8820032E-01,1.70898E+00,9.76562E-03
1.8821880E-01,1.70898E+00,9.76562E-03
1.8823728E-01,1.72852E+00,4.88281E-02
1.8825576E-01,1.65039E+00,6.83594E-02
1.8827424E-01,1.68945E+00,9.76562E-03
1.8829272E-01,1.65039E+00,6.83594E-02
1.8831120E-01,1.72852E+00,2.92969E-02
1.8832968E-01,1.63086E+00,4.88281E-02
1.8834816E-01,1.65039E+00,2.92969E-02
1.8836664E-01,1.65039E+00,-2.92969E-02
1.8838512E-01,1.59180E+00,2.92969E-02
1.8840360E-01,1.72852E+00,2.92969E-02
1.8842208E-01,1.70898E+00,9.76562E-03
1.8844056E-01,1.66992E+00,2.92969E-02
1.8845904E-01,1.65039E+00,9.76562E-03
1.8847752E-01,1.70898E+00,4.88281E-02
1.8849600E-01,1.65039E+00,-4.88281E-02
1.8851448E-01,1.59180E+00,4.88281E-02
1.8853296E-01,1.74805E+00,6.83594E-02
1.8855144E-01,1.59180E+00,2.92969E-02
1.8856992E-01,1.68945E+00,9.76562E-03
1.8858840E-01,1.65039E+00,9.76562E-03
1.8860688E-01,1.68945E+00,9.76562E-03
1.8862536E-01,1.65039E+00,2.92969E-02
1.8864384E-01,1.66992E+00,4.88281E-02
1.8866232E-01,1.70898E+00,9.76562E-03
1.8868080E-01,1.66992E+00,-2.92969E-02
1.8869928E-01,1.65039E+00,-9.76562E-03
1.8871776E-01,1.65039E+00,2.92969E-02
1.8873624E-01,1.68945E+00,2.92969E-02
1.8875472E-01,1.68945E+00,9.76562E-03
1.8877320E-01,1.70898E+00,4.88281E-02
1.8879168E-01,1.72852E+00,9.76562E-03
1.8881016E-01,1.65039E+00,2.92969E-02
1.8882864E-01,1.66992E+00,4.88281E-02
1.8884712E-01,1.65039E+00,6.83594E-02
1.8886560E-01,1.66992E+00,9.76562E-03
1.8888408E-01,1.66992E+00,4.88281E-02
1.8890256E-01,1.72852E+00,2.92969E-02
1.8892104E-01,1.65039E+00,4.88281E-02
1.8893952E-01,1.76758E+00,-2.92969E-02
1.8895800E-01,1.68945E+00,9.76562E-03
1.8897648E-01,1.70898E+00,9.76562E-03
1.8899496E-01,1.70898E+00,1.07422E-01
1.8901344E-01,1.65039E+00,-9.76562E-03
1.8903192E-01,1.65039E+00,8.78906E-02
1.8905040E-01,1.74805E+00,9.76562E-03
1.8906888E-01,1.72852E+00,4.88281E-02
1.8908736E-01,1.68945E+00,6.83594E-02
1.8910584E-01,1.72852E+00,2.92969E-02
1.8912432E-01,1.70898E+00,4.88281E-02
1.8914280E-01,1.72852E+00,6.83594E-02
1.8916128E-01,1.72852E+00,9.76562E-03
1.8917976E-01,1.63086E+00,4.88281E-02
1.8919824E-01,1.70898E+00,-9.76562E-03
1.8921672E-01,1.65039E+00,6.83594E-02
1.8923520E-01,1.68945E+00,-9.76562E-03
1.8925368E-01,1.68945E+00,2.92969E-02
1.8927216E-01,1.68945E+00,-2.92969E-02
1.8929064E-01,1.72852E+00,-2.92969E-02
1.8930912E-01,1.68945E+00,4.88281E-02
1.8932760E-01,1.66992E+00,8.78906E-02
1.8934608E-01,1.65039E+00,2.92969E-02
1.8936456E-01,1.66992E+00,9.76562E-03
1.8938304E-01,1.66992E+00,9.76562E-03
1.8940152E-01,1.68945E+00,4.88281E-02
1.8942000E-01,1.68945E+00,9.76562E-03
1.8943848E-01,1.68945E+00,4.88281E-02
1.8945696E-01,1.68945E+00,9.76562E-03
1.8947544E-01,1.68945E+00,9.76562E-03
1.8949392E-01,1.72852E+00,2.92969E-02
1.8951240E-01,1.68945E+00,4.88281E-02
1.8953088E-01,1.70898E+00,4.88281E-02
1.8954936E-01,1.66992E+00,6.83594E-02
1.8956784E-01,1.72852E+00,4.88281E-02
1.8958632E-01,1.65039E+00,4.88281E-02
1.8960480E-01,1.68945E+00,2.92969E-02
1.8962328E-01,1.68945E+00,-2.92969E-02
1.8964176E-01,1.72852E+00,2.92969E-02
1.8966024E-01,1.61133E+00,9.76562E-03
1.8967872E-01,1.72852E+00,4.88281E-02
1.8969720E-01,1.59180E+00,6.83594E-02
1.8971568E-01,1.65039E+00,-4.88281E-02
1.8973416E-01,1.65039E+00,2.92969E-02
1.8975264E-01,1.66992E+00,9.76562E-03
1.8977112E-01,1.63086E+00,2.92969E-02
1.8978960E-01,1.65039E+00,4.88281E-02
1.8980808E-01,1.66992E+00,2.92969E-02
1.8982656E-01,1.66992E+00,4.88281E-02
1.8984504E-01,1.66992E+00,4.88281E-02
1.8986352E-01,1.65039E+00,2.92969E-02
1.8988200E-01,1.66992E+00,2.92969E-02
1.8990048E-01,1.70898E+00,2.92969E-02
1.8991896E-01,1.65039E+00,4.88281E-02
1.8993744E-01,1.66992E+00,2.92969E-02
1.8995592E-01,1.66992E+00,9.76562E-03
1.8997440E-01,1.68945E+00,2.92969E-02
1.8999288E-01,1.65039E+00,4.88281E-02
1.9001136E-01,1.70898E+00,4.88281E-02
1.9002984E-01,1.65039E+00,9.76562E-03
1.9004832E-01,1.68945E+00,9.76562E-03
1.9006680E-01,1.65039E+00,8.78906E-02
1.9008528E-01,1.70898E+00,-9.76562E-03
1.9010376E-01,1.65039E+00,9.76562E-03
1.9012224E-01,1.65039E+00,9.76562E-03
1.9014072E-01,1.66992E+00,2.92969E-02
1.9015920E-01,1.74805E+00,4.88281E-02
1.9017768E-01,1.72852E+00,2.92969E-02
1.9019616E-01,1.66992E+00,9.76562E-03
1.9021464E-01,1.66992E+00,4.88281E-02
1.9023312E-01,1.72852E+00,4.88281E-02
1.9025160E-01,1.74805E+00,1.07422E-01
1.9027008E-01,1.65039E+00,9.76562E-03
1.9028856E-01,1.72852E+00,1.85547E-01
1.9030704E-01,1.72852E+00,-2.92969E-02
1.9032552E-01,1.65039E+00,2.92969E-02
1.9034400E-01,1.68945E+00,4.88281E-02
1.9036248E-01,1.65039E+00,4.88281E-02
1.9038096E-01,1.68945E+00,-9.76562E-03
1.9039944E-01,1.65039E+00,6.83594E-02
1.9041792E-01,1.68945E+00,9.76562E-03
1.9043640E-01,1.72852E+00,8.78906E-02
1.9045488E-01,1.65039E+00,4.88281E-02
1.9047336E-01,1.70898E+00,6.83594E-02
1.9049184E-01,1.65039E+00,4.88281E-02
1.9051032E-01,1.66992E+00,6.83594E-02
1.9052880E-01,1.70898E+00,8.78906E-02
1.9054728E-01,1.61133E+00,2.92969E-02
1.9056576E-01,1.65039E+00,2.92969E-02
1.9058424E-01,1.63086E+00,4.88281E-02
1.9060272E-01,1.63086E+00,2.92969E-02
1.9062120E-01,1.65039E+00,1.07422E-01
1.9063968E-01,1.72852E+00,4.88281E-02
1.9065816E-01,1.63086E+00,4.88281E-02
1.9067664E-01,1.78711E+00,9.76562E-03
1.9069512E-01,1.65039E+00,4.88281E-02
1.9071360E-01,1.65039E+00,9.76562E-03
1.9073208E-01,1.65039E+00,6.83594E-02
1.9075056E-01,1.68945E+00,9.76562E-03
1.9076904E-01,1.63086E+00,8.78906E-02
1.9078752E-01,1.66992E+00,4.88281E-02
1.9080600E-01,1.68945E+00,4.88281E-02
1.9082448E-01,1.72852E+00,-9.76562E-03
1.9084296E-01,1.72852E+00,8.78906E-02
1.9086144E-01,1.68945E+00,2.92969E-02
1.9087992E-01,1.68945E+00,6.83594E-02
1.9089840E-01,1.78711E+00,6.83594E-02
1.9091688E-01,1.61133E+00,1.26953E-01
1.9093536E-01,1.66992E+00,9.76562E-03
1.9095384E-01,1.66992E+00,6.83594E-02
1.9097232E-01,1.68945E+00,-9.76562E-03
1.9099080E-01,1.68945E+00,6.83594E-02
1.9100928E-01,1.68945E+00,4.88281E-02
1.9102776E-01,1.72852E+00,6.83594E-02
1.9104624E-01,1.72852E+00,4.88281E-02
1.9106472E-01,1.68945E+00,6.83594E-02
1.9108320E-01,1.65039E+00,-9.76562E-03
1.9110168E-01,1.65039E+00,6.83594E-02
1.9112016E-01,1.68945E+00,-9.76562E-03
1.9113864E-01,1.72852E+00,2.92969E-02
1.9115712E-01,1.72852E+00,6.83594E-02
1.9117560E-01,1.70898E+00,2.92969E-02
1.9119408E-01,1.70898E+00,4.88281E-02
1.9121256E-01,1.65039E+00,9.76562E-03
1.9123104E-01,1.72852E+00,6.83594E-02
1.9124952E-01,1.65039E+00,8.78906E-02
1.9126800E-01,1.59180E+00,2.92969E-02
1.9128648E-01,1.65039E+00,6.83594E-02
1.9130496E-01,1.70898E+00,4.88281E-02
1.9132344E-01,1.68945E+00,-4.88281E-02
1.9134192E-01,1.66992E+00,2.92969E-02
1.9136040E-01,1.65039E+00,6.83594E-02
1.9137888E-01,1.68945E+00,-9.76562E-03
1.9139736E-01,1.66992E+00,2.92969E-02
1.9141584E-01,1.68945E+00,-2.92969E-02
1.9143432E-01,1.70898E+00,1.46484E-01
1.9145280E-01,1.65039E+00,-9.76562E-03
1.9147128E-01,1.66992E+00,9.76562E-03
1.9148976E-01,1.70898E+00,2.92969E-02
1.9150824E-01,1.61133E+00,2.92969E-02
1.9152672E-01,1.66992E+00,-2.92969E-02
1.9154520E-01,1.61133E+00,6.83594E-02
1.9156368E-01,1.72852E+00,4.88281E-02
1.9158216E-01,1.72852E+00,6.83594E-02
1.9160064E-01,1.66992E+00,9.76562E-03
1.9161912E-01,1.66992E+00,9.76562E-03
1.9163760E-01,1.68945E+00,2.92969E-02
1.9165608E-01,1.65039E+00,4.88281E-02
1.9167456E-01,1.68945E+00,4.88281E-02
1.9169304E-01,1.65039E+00,6.83594E-02
1.9171152E-01,1.66992E+00,9.76562E-03
1.9173000E-01,1.66992E+00,6.83594E-02
1.9174848E-01,1.72852E+00,4.88281E-02
1.9176696E-01,1.72852E+00,6.83594E-02
1.9178544E-01,1.65039E+00,2.92969E-02
1.9180392E-01,1.72852E+00,9.76562E-03
1.9182240E-01,1.76758E+00,9.76562E-03
1.9184088E-01,1.65039E+00,9.76562E-03
1.9185936E-01,1.65039E+00,2.92969E-02
1.9187784E-01,1.72852E+00,4.88281E-02
1.9189632E-01,1.63086E+00,9.76562E-03
1.9191480E-01,1.72852E+00,4.88281E-02
1.9193328E-01,1.70898E+00,9.76562E-03
1.9195176E-01,1.61133E+00,4.88281E-02
1.9197024E-01,1.66992E+00,6.83594E-02
1.9198872E-01,1.72852E+00,-9.76562E-03
1.9200720E-01,1.68945E+00,2.92969E-02
1.9202568E-01,1.66992E+00,8.78906E-02
1.9204416E-01,1.68945E+00,2.92969E-02
1.9206264E-01,1.70898E+00,4.88281E-02
1.9208112E-01,1.72852E+00,-9.76562E-03
1.9209960E-01,1.65039E+00,4.88281E-02
1.9211808E-01,1.66992E+00,6.83594E-02
1.9213656E-01,1.65039E+00,1.26953E-01
1.9215504E-01,1.68945E+00,-6.83594E-02
1.9217352E-01,1.72852E+00,6.83594E-02
1.9219200E-01,1.65039E+00,2.92969E-02
1.9221048E-01,1.72852E+00,4.88281E-02
1.9222896E-01,1.72852E+00,-9.76562E-03
1.9224744E-01,1.70898E+00,4.88281E-02
1.9226592E-01,1.65039E+00,2.92969E-02
1.9228440E-01,1.63086E+00,6.83594E-02
1.9230288E-01,1.74805E+00,9.76562E-03
1.9232136E-01,1.70898E+00,4.88281E-02
1.9233984E-01,1.68945E+00,-2.92969E-02
1.9235832E-01,1.66992E+00,4.88281E-02
1.9237680E-01,1.68945E+00,-9.76562E-03
1.9239528E-01,1.66992E+00,4.88281E-02
1.9241376E-01,1.74805E+00,9.76562E-03
1.9243224E-01,1.66992E+00,6.83594E-02
1.9245072E-01,1.63086E+00,2.92969E-02
1.9246920E-01,1.70898E+00,4.88281E-02
1.9248768E-01,1.72852E+00,9.76562E-03
1.9250616E-01,1.65039E+00,-9.76562E-03
1.9252464E-01,1.66992E+00,2.92969E-02
1.9254312E-01,1.72852E+00,6.83594E-02
1.9256160E-01,1.74805E+00,-2.92969E-02
1.9258008E-01,1.68945E+00,4.88281E-02
1.9259856E-01,1.70898E+00,9.76562E-03
1.9261704E-01,1.68945E+00,6.83594E-02
1.9263552E-01,1.72852E+00,9.76562E-03
1.9265400E-01,1.70898E+00,4.88281E-02
1.9267248E-01,1.70898E+00,9.76562E-03
1.9269096E-01,1.68945E+00,2.92969E-02
1.9270944E-01,1.70898E+00,4.88281E-02
1.9272792E-01,1.70898E+00,4.88281E-02
1.9274640E-01,1.68945E+00,-9.76562E-03
1.9276488E-01,1.70898E+00,9.76562E-03
1.9278336E-01,1.68945E+00,4.88281E-02
1.9280184E-01,1.66992E+00,9.76562E-03
1.9282032E-01,1.70898E+00,4.88281E-02
1.9283880E-01,1.72852E+00,4.88281E-02
1.9285728E-01,1.78711E+00,2.92969E-02
1.9287576E-01,1.65039E+00,4.88281E-02
1.9289424E-01,1.74805E+00,4.88281E-02
1.9291272E-01,1.72852E+00,2.92969E-02
1.9293120E-01,1.68945E+00,2.92969E-02
1.9294968E-01,1.66992E+00,4.88281E-02
1.9296816E-01,1.74805E+00,4.88281E-02
1.9298664E-01,1.72852E+00,-4.88281E-02
1.9300512E-01,1.74805E+00,4.88281E-02
1.9302360E-01,1.68945E+00,2.92969E-02
1.9304208E-01,1.74805E+00,6.83594E-02
1.9306056E-01,1.68945E+00,9.76562E-03
1.9307904E-01,1.74805E+00,9.76562E-03
1.9309752E-01,1.68945E+00,4.88281E-02
1.9311600E-01,1.76758E+00,2.92969E-02
1.9313448E-01,1.72852E+00,4.88281E-02
1.9315296E-01,1.70898E+00,-2.92969E-02
1.9317144E-01,1.74805E+00,2.92969E-02
1.9318992E-01,1.68945E+00,6.83594E-02
1.9320840E-01,1.72852E+00,4.88281E-02
1.9322688E-01,1.72852E+00,9.76562E-03
1.9324536E-01,1.66992E+00,1.07422E-01
1.9326384E-01,1.68945E+00,9.76562E-03
1.9328232E-01,1.72852E+00,4.88281E-02
1.9330080E-01,1.68945E+00,-2.92969E-02
1.9331928E-01,1.66992E+00,4.88281E-02
1.9333776E-01,1.70898E+00,9.76562E-03
1.9335624E-01,1.65039E+00,6.83594E-02
1.9337472E-01,1.66992E+00,-2.92969E-02
1.9339320E-01,1.65039E+00,2.92969E-02
1.9341168E-01,1.66992E+00,2.92969E-02
1.9343016E-01,1.61133E+00,4.88281E-02
1.9344864E-01,1.68945E+00,9.76562E-03
1.9346712E-01,1.66992E+00,2.92969E-02
1.9348560E-01,1.68945E+00,-2.92969E-02
1.9350408E-01,1.65039E+00,2.92969E-02
1.9352256E-01,1.74805E+00,9.76562E-03
1.9354104E-01,1.72852E+00,9.76562E-03
1.9355952E-01,1.78711E+00,2.92969E-02
1.9357800E-01,1.65039E+00,8.78906E-02
1.9359648E-01,1.66992E+00,9.76562E-03
1.9361496E-01,1.72852E+00,4.88281E-02
1.9363344E-01,1.70898E+00,2.92969E-02
1.9365192E-01,1.72852E+00,4.88281E-02
1.9367040E-01,1.72852E+00,9.76562E-03
1.9368888E-01,1.72852E+00,4.88281E-02
1.9370736E-01,1.65039E+00,-9.76562E-03
1.9372584E-01,1.70898E+00,2.92969E-02
1.9374432E-01,1.63086E+00,9.76562E-03
1.9376280E-01,1.63086E+00,2.92969E-02
1.9378128E-01,1.70898E+00,2.92969E-02
1.9379976E-01,1.65039E+00,6.83594E-02
1.9381824E-01,1.66992E+00,6.83594E-02
1.9383672E-01,1.70898E+00,9.76562E-03
1.9385520E-01,1.76758E+00,9.76562E-03
1.9387368E-01,1.74805E+00,4.88281E-02
1.9389216E-01,1.68945E+00,-9.76562E-03
1.9391064E-01,1.66992E+00,6.83594E-02
1.9392912E-01,1.78711E+00,-9.76562E-03
1.9394760E-01,1.63086E+00,4.88281E-02
1.9396608E-01,1.66992E+00,2.92969E-02
1.9398456E-01,1.72852E+00,8.78906E-02
1.9400304E-01,1.72852E+00,9.76562E-03
1.9402152E-01,1.65039E+00,2.92969E-02
1.9404000E-01,1.72852E+00,9.76562E-03
1.9405848E-01,1.70898E+00,2.92969E-02
1.9407696E-01,1.66992E+00,9.76562E-03
1.9409544E-01,1.63086E+00,2.92969E-02
1.9411392E-01,1.66992E+00,9.76562E-03
1.9413240E-01,1.72852E+00,9.76562E-03
1.9415088E-01,1.76758E+00,2.92969E-02
1.9416936E-01,1.76758E+00,6.83594E-02
1.9418784E-01,1.70898E+00,9.76562E-03
1.9420632E-01,1.66992E+00,6.83594E-02
1.9422480E-01,1.68945E+00,9.76562E-03
1.9424328E-01,1.74805E+00,4.88281E-02
1.9426176E-01,1.72852E+00,4.88281E-02
1.9428024E-01,1.74805E+00,4.88281E-02
1.9429872E-01,1.72852E+00,2.92969E-02
1.9431720E-01,1.66992E+00,9.76562E-03
1.9433568E-01,1.70898E+00,-9.76562E-03
1.9435416E-01,1.68945E+00,4.88281E-02
1.9437264E-01,1.68945E+00,9.76562E-03
1.9439112E-01,1.65039E+00,2.92969E-02
1.9440960E-01,1.68945E+00,-9.76562E-03
1.9442808E-01,1.68945E+00,6.83594E-02
1.9444656E-01,1.65039E+00,9.76562E-03
1.9446504E-01,1.66992E+00,8.78906E-02
1.9448352E-01,1.76758E+00,4.88281E-02
1.9450200E-01,1.70898E+00,4.88281E-02
1.9452048E-01,1.72852E+00,4.88281E-02
1.9453896E-01,1.68945E+00,8.78906E-02
1.9455744E-01,1.78711E+00,-9.76562E-03
1.9457592E-01,1.74805E+00,2.92969E-02
1.9459440E-01,1.78711E+00,-9.76562E-03
1.9461288E-01,1.76758E+00,2.92969E-02
1.9463136E-01,1.70898E+00,4.88281E-02
1.9464984E-01,1.72852E+00,4.88281E-02
1.9466832E-01,1.70898E+00,2.92969E-02
1.9468680E-01,1.66992E+00,2.92969E-02
1.9470528E-01,1.72852E+00,2.92969E-02
1.9472376E-01,1.66992E+00,6.83594E-02
1.9474224E-01,1.68945E+00,-9.76562E-03
1.9476072E-01,1.72852E+00,6.83594E-02
1.9477920E-01,1.66992E+00,4.88281E-02
1.9479768E-01,1.70898E+00,9.76562E-03
1.9481616E-01,1.74805E+00,4.88281E-02
1.9483464E-01,1.70898E+00,6.83594E-02
1.9485312E-01,1.76758E+00,9.76562E-03
1.9487160E-01,1.65039E+00,1.07422E-01
1.9489008E-01,1.72852E+00,9.76562E-03
1.9490856E-01,1.72852E+00,-9.76562E-03
1.9492704E-01,1.70898E+00,4.88281E-02
1.9494552E-01,1.72852E+00,2.92969E-02
1.9496400E-01,1.70898E+00,9.76562E-03
1.9498248E-01,1.70898E+00,2.92969E-02
1.9500096E-01,1.72852E+00,2.92969E-02
1.9501944E-01,1.70898E+00,2.92969E-02
1.9503792E-01,1.68945E+00,2.92969E-02
1.9505640E-01,1.66992E+00,9.76562E-03
1.9507488E-01,1.65039E+00,2.92969E-02
1.9509336E-01,1.70898E+00,9.76562E-03
1.9511184E-01,1.72852E+00,9.76562E-03
1.9513032E-01,1.70898E+00,-2.92969E-02
1.9514880E-01,1.68945E+00,2.92969E-02
1.9516728E-01,1.68945E+00,9.76562E-03
1.9518576E-01,1.68945E+00,6.83594E-02
1.9520424E-01,1.74805E+00,6.83594E-02
1.9522272E-01,1.76758E+00,9.76562E-03
1.9524120E-01,1.68945E+00,6.83594E-02
1.9525968E-01,1.70898E+00,9.76562E-03
1.9527816E-01,1.74805E+00,9.76562E-03
1.9529664E-01,1.82617E+00,9.76562E-03
1.9531512E-01,1.72852E+00,2.92969E-02
1.9533360E-01,1.74805E+00,-2.92969E-02
1.9535208E-01,1.65039E+00,4.88281E-02
1.9537056E-01,1.72852E+00,2.92969E-02
1.9538904E-01,1.66992E+00,9.76562E-03
1.9540752E-01,1.72852E+00,-4.88281E-02
1.9542600E-01,1.72852E+00,2.92969E-02
1.9544448E-01,1.72852E+00,9.76562E-03
1.9546296E-01,1.66992E+00,4.88281E-02
1.9548144E-01,1.74805E+00,-9.76562E-03
1.9549992E-01,1.65039E+00,4.88281E-02
1.9551840E-01,1.61133E+00,9.76562E-03
1.9553688E-01,1.72852E+00,6.83594E-02
1.9555536E-01,1.70898E+00,4.88281E-02
1.9557384E-01,1.74805E+00,4.88281E-02
1.9559232E-01,1.70898E+00,9.76562E-03
1.9561080E-01,1.72852E+00,4.88281E-02
1.9562928E-01,1.68945E+00,4.88281E-02
1.9564776E-01,1.65039E+00,4.88281E-02
1.9566624E-01,1.72852E+00,4.88281E-02
1.9568472E-01,1.65039E+00,4.88281E-02
1.9570320E-01,1.70898E+00,9.76562E-03
1.9572168E-01,1.68945E+00,4.88281E-02
1.9574016E-01,1.72852E+00,-9.76562E-03
1.9575864E-01,1.72852E+00,4.88281E-02
1.9577712E-01,1.63086E+00,-2.92969E-02
1.9579560E-01,1.74805E+00,8.78906E-02
1.9581408E-01,1.72852E+00,2.92969E-02
1.9583256E-01,1.72852E+00,2.92969E-02
1.9585104E-01,1.74805E+00,2.92969E-02
1.9586952E-01,1.74805E+00,1.07422E-01
1.9588800E-01,1.76758E+00,9.76562E-03
1.9590648E-01,1.68945E+00,9.76562E-03
1.9592496E-01,1.80664E+00,2.92969E-02
1.9594344E-01,1.72852E+00,2.92969E-02
1.9596192E-01,1.72852E+00,9.76562E-03
1.9598040E-01,1.74805E+00,4.88281E-02
1.9599888E-01,1.68945E+00,9.76562E-03
1.9601736E-01,1.74805E+00,2.92969E-02
1.9603584E-01,1.74805E+00,-2.92969E-02
1.9605432E-01,1.65039E+00,6.83594E-02
1.9607280E-01,1.66992E+00,6.83594E-02
1.9609128E-01,1.68945E+00,1.07422E-01
1.9610976E-01,1.68945E+00,2.92969E-02
1.9612824E-01,1.66992E+00,9.76562E-03
1.9614672E-01,1.70898E+00,2.92969E-02
1.9616520E-01,1.65039E+00,9.76562E-03
1.9618368E-01,1.74805E+00,-9.76562E-03
1.9620216E-01,1.68945E+00,4.88281E-02
1.9622064E-01,1.72852E+00,-2.92969E-02
1.9623912E-01,1.66992E+00,9.76562E-03
1.9625760E-01,1.74805E+00,9.76562E-03
1.9627608E-01,1.65039E+00,2.92969E-02
1.9629456E-01,1.72852E+00,9.76562E-03
1.9631304E-01,1.66992E+00,4.88281E-02
1.9633152E-01,1.78711E+00,9.76562E-03
1.9635000E-01,1.72852E+00,6.83594E-02
1.9636848E-01,1.70898E+00,6.83594E-02
1.9638696E-01,1.72852E+00,6.83594E-02
1.9640544E-01,1.72852E+00,2.92969E-02
1.9642392E-01,1.66992E+00,2.92969E-02
1.9644240E-01,1.72852E+00,4.88281E-02
1.9646088E-01,1.70898E+00,2.92969E-02
1.9647936E-01,1.76758E+00,4.88281E-02
1.9649784E-01,1.70898E+00,2.92969E-02
1.9651632E-01,1.72852E+00,-2.92969E-02
1.9653480E-01,1.72852E+00,2.92969E-02
1.9655328E-01,1.74805E+00,2.92969E-02
1.9657176E-01,1.74805E+00,9.76562E-03
1.9659024E-01,1.72852E+00,9.76562E-03
1.9660872E-01,1.72852E+00,6.83594E-02
1.9662720E-01,1.68945E+00,-9.76562E-03
1.9664568E-01,1.72852E+00,2.92969E-02
1.9666416E-01,1.74805E+00,9.76562E-03
1.9668264E-01,1.72852E+00,6.83594E-02
1.9670112E-01,1.66992E+00,9.76562E-03
1.9671960E-01,1.68945E+00,9.76562E-03
1.9673808E-01,1.66992E+00,9.76562E-03
1.9675656E-01,1.65039E+00,1.07422E-01
1.9677504E-01,1.70898E+00,2.92969E-02
1.9679352E-01,1.68945E+00,9.76562E-03
1.9681200E-01,1.68945E+00,9.76562E-03
1.9683048E-01,1.74805E+00,2.92969E-02
1.9684896E-01,1.68945E+00,9.76562E-03
1.9686744E-01,1.70898E+00,6.83594E-02
1.9688592E-01,1.74805E+00,6.83594E-02
1.9690440E-01,1.70898E+00,9.76562E-03
1.9692288E-01,1.66992E+00,9.76562E-03
1.9694136E-01,1.72852E+00,1.46484E-01
1.9695984E-01,1.70898E+00,2.92969E-02
1.9697832E-01,1.65039E+00,8.78906E-02
1.9699680E-01,1.72852E+00,2.92969E-02
1.9701528E-01,1.66992E+00,2.92969E-02
1.9703376E-01,1.72852E+00,9.76562E-03
1.9705224E-01,1.70898E+00,4.88281E-02
1.9707072E-01,1.70898E+00,-9.76562E-03
1.9708920E-01,1.72852E+00,2.92969E-02
1.9710768E-01,1.72852E+00,6.83594E-02
1.9712616E-01,1.65039E+00,2.92969E-02
1.9714464E-01,1.78711E+00,6.83594E-02
1.9716312E-01,1.68945E+00,9.76562E-03
1.9718160E-01,1.70898E+00,9.76562E-03
1.9720008E-01,1.66992E+00,9.76562E-03
1.9721856E-01,1.76758E+00,9.76562E-03
1.9723704E-01,1.72852E+00,8.78906E-02
1.9725552E-01,1.72852E+00,6.83594E-02
1.9727400E-01,1.65039E+00,-4.88281E-02
1.9729248E-01,1.74805E+00,2.92969E-02
1.9731096E-01,1.74805E+00,8.78906E-02
1.9732944E-01,1.72852E+00,6.83594E-02
1.9734792E-01,1.70898E+00,6.83594E-02
1.9736640E-01,1.72852E+00,9.76562E-03
1.9738488E-01,1.65039E+00,4.88281E-02
1.9740336E-01,1.80664E+00,9.76562E-03
1.9742184E-01,1.74805E+00,6.83594E-02
1.9744032E-01,1.72852E+00,4.88281E-02
1.9745880E-01,1.72852E+00,2.92969E-02
1.9747728E-01,1.72852E+00,6.83594E-02
1.9749576E-01,1.74805E+00,-9.76562E-03
1.9751424E-01,1.72852E+00,9.76562E-03
1.9753272E-01,1.72852E+00,2.92969E-02
1.9755120E-01,1.72852E+00,2.92969E-02
1.9756968E-01,1.65039E+00,9.76562E-03
1.9758816E-01,1.74805E+00,4.88281E-02
1.9760664E-01,1.72852E+00,1.07422E-01
1.9762512E-01,1.72852E+00,-9.76562E-03
1.9764360E-01,1.72852E+00,2.92969E-02
1.9766208E-01,1.70898E+00,6.83594E-02
1.9768056E-01,1.72852E+00,1.07422E-01
1.9769904E-01,1.72852E+00,4.88281E-02
1.9771752E-01,1.65039E+00,4.88281E-02
1.9773600E-01,1.72852E+00,2.92969E-02
1.9775448E-01,1.72852E+00,-4.88281E-02
1.9777296E-01,1.78711E+00,4.88281E-02
1.9779144E-01,1.72852E+00,9.76562E-03
1.9780992E-01,1.66992E+00,2.92969E-02
1.9782840E-01,1.72852E+00,9.76562E-03
1.9784688E-01,1.70898E+00,9.76562E-03
1.9786536E-01,1.66992E+00,9.76562E-03
1.9788384E-01,1.70898E+00,4.88281E-02
1.9790232E-01,1.72852E+00,4.88281E-02
1.9792080E-01,1.74805E+00,-9.76562E-03
1.9793928E-01,1.76758E+00,4.88281E-02
1.9795776E-01,1.76758E+00,2.92969E-02
1.9797624E-01,1.72852E+00,9.76562E-03
1.9799472E-01,1.78711E+00,-1.07422E-01
1.9801320E-01,1.72852E+00,2.92969E-02
1.9803168E-01,1.72852E+00,-9.76562E-03
1.9805016E-01,1.76758E+00,2.92969E-02
1.9806864E-01,1.74805E+00,2.92969E-02
1.9808712E-01,1.70898E+00,2.92969E-02
1.9810560E-01,1.74805E+00,2.92969E-02
1.9812408E-01,1.66992E+00,4.88281E-02
1.9814256E-01,1.72852E+00,9.76562E-03
1.9816104E-01,1.72852E+00,2.92969E-02
1.9817952E-01,1.72852E+00,4.88281E-02
1.9819800E-01,1.72852E+00,9.76562E-03
1.9821648E-01,1.68945E+00,-6.83594E-02
1.9823496E-01,1.72852E+00,4.88281E-02
1.9825344E-01,1.70898E+00,4.88281E-02
1.9827192E-01,1.70898E+00,4.88281E-02
1.9829040E-01,1.70898E+00,4.88281E-02
1.9830888E-01,1.72852E+00,2.92969E-02
1.9832736E-01,1.72852E+00,4.88281E-02
1.9834584E-01,1.70898E+00,6.83594E-02
1.9836432E-01,1.70898E+00,4.88281E-02
1.9838280E-01,1.72852E+00,4.88281E-02
1.9840128E-01,1.68945E+00,-2.92969E-02
1.9841976E-01,1.70898E+00,6.83594E-02
1.9843824E-01,1.78711E+00,-9.76562E-03
1.9845672E-01,1.72852E+00,8.78906E-02
1.9847520E-01,1.82617E+00,4.88281E-02
1.9849368E-01,1.70898E+00,9.76562E-03
1.9851216E-01,1.78711E+00,9.76562E-03
1.9853064E-01,1.72852E+00,9.76562E-03
1.9854912E-01,1.74805E+00,2.92969E-02
1.9856760E-01,1.70898E+00,4.88281E-02
1.9858608E-01,1.76758E+00,-9.76562E-03
1.9860456E-01,1.68945E+00,4.88281E-02
1.9862304E-01,1.68945E+00,-2.92969E-02
1.9864152E-01,1.74805E+00,6.83594E-02
1.9866000E-01,1.70898E+00,4.88281E-02
1.9867848E-01,1.70898E+00,2.92969E-02
1.9869696E-01,1.74805E+00,2.92969E-02
1.9871544E-01,1.72852E+00,2.92969E-02
1.9873392E-01,1.74805E+00,9.76562E-03
1.9875240E-01,1.63086E+00,4.88281E-02
1.9877088E-01,1.68945E+00,-9.76562E-03
1.9878936E-01,1.70898E+00,4.88281E-02
1.9880784E-01,1.70898E+00,9.76562E-03
1.9882632E-01,1.74805E+00,6.83594E-02
1.9884480E-01,1.70898E+00,2.92969E-02
1.9886328E-01,1.74805E+00,6.83594E-02
1.9888176E-01,1.78711E+00,4.88281E-02
1.9890024E-01,1.72852E+00,9.76562E-03
1.9891872E-01,1.65039E+00,2.92969E-02
1.9893720E-01,1.65039E+00,9.76562E-03
1.9895568E-01,1.68945E+00,4.88281E-02
1.9897416E-01,1.76758E+00,6.83594E-02
1.9899264E-01,1.68945E+00,9.76562E-03
1.9901112E-01,1.65039E+00,4.88281E-02
1.9902960E-01,1.72852E+00,4.88281E-02
1.9904808E-01,1.72852E+00,9.76562E-03
1.9906656E-01,1.72852E+00,6.83594E-02
1.9908504E-01,1.72852E+00,-9.76562E-03
1.9910352E-01,1.76758E+00,4.88281E-02
1.9912200E-01,1.68945E+00,4.88281E-02
1.9914048E-01,1.78711E+00,9.76562E-03
1.9915896E-01,1.72852E+00,4.88281E-02
1.9917744E-01,1.76758E+00,2.92969E-02
1.9919592E-01,1.66992E+00,2.92969E-02
1.9921440E-01,1.72852E+00,4.88281E-02
1.9923288E-01,1.70898E+00,6.83594E-02
1.9925136E-01,1.68945E+00,9.76562E-03
1.9926984E-01,1.72852E+00,4.88281E-02
1.9928832E-01,1.74805E+00,4.88281E-02
1.9930680E-01,1.70898E+00,4.88281E-02
1.9932528E-01,1.74805E+00,4.88281E-02
1.9934376E-01,1.72852E+00,6.83594E-02
1.9936224E-01,1.66992E+00,2.92969E-02
1.9938072E-01,1.74805E+00,4.88281E-02
1.9939920E-01,1.76758E+00,4.88281E-02
1.9941768E-01,1.70898E+00,4.88281E-02
1.9943616E-01,1.70898E+00,4.88281E-02
1.9945464E-01,1.68945E+00,9.76562E-03
1.9947312E-01,1.70898E+00,-9.76562E-03
1.9949160E-01,1.70898E+00,4.88281E-02
1.9951008E-01,1.72852E+00,2.92969E-02
1.9952856E-01,1.66992E+00,4.88281E-02
1.9954704E-01,1.74805E+00,2.92969E-02
1.9956552E-01,1.68945E+00,9.76562E-03
1.9958400E-01,1.74805E+00,9.76562E-03
1.9960248E-01,1.70898E+00,8.78906E-02
1.9962096E-01,1.68945E+00,-9.76562E-03
1.9963944E-01,1.66992E+00,4.88281E-02
1.9965792E-01,1.74805E+00,4.88281E-02
1.9967640E-01,1.72852E+00,9.76562E-03
1.9969488E-01,1.84570E+00,9.76562E-03
1.9971336E-01,1.72852E+00,4.88281E-02
1.9973184E-01,1.76758E+00,9.76562E-03
1.9975032E-01,1.72852E+00,8.78906E-02
1.9976880E-01,1.78711E+00,9.76562E-03
1.9978728E-01,1.72852E+00,9.76562E-03
1.9980576E-01,1.80664E+00,-9.76562E-03
1.9982424E-01,1.66992E+00,2.92969E-02
1.9984272E-01,1.70898E+00,4.88281E-02
1.9986120E-01,1.68945E+00,1.46484E-01
1.9987968E-01,1.70898E+00,9.76562E-03
1.9989816E-01,1.78711E+00,6.83594E-02
1.9991664E-01,1.66992E+00,9.76562E-03
1.9993512E-01,1.70898E+00,9.76562E-03
1.9995360E-01,1.72852E+00,-9.76562E-03
1.9997208E-01,1.72852E+00,1.07422E-01
1.9999056E-01,1.74805E+00,2.92969E-02
2.0000904E-01,1.72852E+00,2.92969E-02
2.0002752E-01,1.68945E+00,2.92969E-02
2.0004600E-01,1.72852E+00,2.92969E-02
2.0006448E-01,1.78711E+00,9.76562E-03
2.0008296E-01,1.65039E+00,4.88281E-02
2.0010144E-01,1.72852E+00,9.76562E-03
2.0011992E-01,1.72852E+00,2.92969E-02
2.0013840E-01,1.74805E+00,4.88281E-02
2.0015688E-01,1.72852E+00,4.88281E-02
2.0017536E-01,1.70898E+00,-2.92969E-02
2.0019384E-01,1.66992E+00,9.76562E-03
2.0021232E-01,1.70898E+00,2.92969E-02
2.0023080E-01,1.70898E+00,-2.92969E-02
2.0024928E-01,1.72852E+00,9.76562E-03
2.0026776E-01,1.72852E+00,6.83594E-02
2.0028624E-01,1.72852E+00,-2.92969E-02
2.0030472E-01,1.70898E+00,2.92969E-02
2.0032320E-01,1.80664E+00,2.92969E-02
2.0034168E-01,1.72852E+00,1.26953E-01
2.0036016E-01,1.76758E+00,9.76562E-03
2.0037864E-01,1.68945E+00,8.78906E-02
2.0039712E-01,1.66992E+00,-4.88281E-02
2.0041560E-01,1.70898E+00,2.92969E-02
2.0043408E-01,1.70898E+00,2.92969E-02
2.0045256E-01,1.66992E+00,8.78906E-02
2.0047104E-01,1.80664E+00,-9.76562E-03
2.0048952E-01,1.70898E+00,4.88281E-02
2.0050800E-01,1.74805E+00,9.76562E-03
2.0052648E-01,1.72852E+00,2.92969E-02
2.0054496E-01,1.76758E+00,4.88281E-02
2.0056344E-01,1.68945E+00,6.83594E-02
2.0058192E-01,1.72852E+00,4.88281E-02
2.0060040E-01,1.70898E+00,2.92969E-02
2.0061888E-01,1.76758E+00,-4.88281E-02
2.0063736E-01,1.72852E+00,2.92969E-02
2.0065584E-01,1.74805E+00,9.76562E-03
2.0067432E-01,1.72852E+00,6.83594E-02
2.0069280E-01,1.66992E+00,9.76562E-03
2.0071128E-01,1.72852E+00,2.92969E-02
2.0072976E-01,1.70898E+00,9.76562E-03
2.0074824E-01,1.65039E+00,6.83594E-02
2.0076672E-01,1.72852E+00,9.76562E-03
2.0078520E-01,1.72852E+00,-2.92969E-02
2.0080368E-01,1.76758E+00,9.76562E-03
2.0082216E-01,1.76758E+00,6.83594E-02
2.0084064E-01,1.68945E+00,-9.76562E-03
2.0085912E-01,1.68945E+00,6.83594E-02
2.0087760E-01,1.78711E+00,2.92969E-02
2.0089608E-01,1.68945E+00,6.83594E-02
2.0091456E-01,1.76758E+00,4.88281E-02
2.0093304E-01,1.68945E+00,4.88281E-02
2.0095152E-01,1.82617E+00,6.83594E-02
2.0097000E-01,1.70898E+00,6.83594E-02
2.0098848E-01,1.70898E+00,9.76562E-03
2.0100696E-01,1.72852E+00,4.88281E-02
2.0102544E-01,1.70898E+00,2.92969E-02
2.0104392E-01,1.70898E+00,6.83594E-02
2.0106240E-01,1.78711E+00,2.92969E-02
2.0108088E-01,1.70898E+00,4.88281E-02
2.0109936E-01,1.68945E+00,9.76562E-03
2.0111784E-01,1.72852E+00,6.83594E-02
2.0113632E-01,1.66992E+00,6.83594E-02
2.0115480E-01,1.68945E+00,4.88281E-02
2.0117328E-01,1.70898E+00,2.92969E-02
2.0119176E-01,1.72852E+00,6.83594E-02
2.0121024E-01,1.78711E+00,9.76562E-03
2.0122872E-01,1.66992E+00,6.83594E-02
2.0124720E-01,1.70898E+00,-9.76562E-03
2.0126568E-01,1.74805E+00,1.26953E-01
2.0128416E-01,1.72852E+00,-9.76562E-03
2.0130264E-01,1.76758E+00,8.78906E-02
2.0132112E-01,1.72852E+00,-9.76562E-03
2.0133960E-01,1.74805E+00,2.92969E-02
2.0135808E-01,1.74805E+00,-9.76562E-03
2.0137656E-01,1.72852E+00,9.76562E-03
2.0139504E-01,1.74805E+00,4.88281E-02
2.0141352E-01,1.72852E+00,-2.92969E-02
2.0143200E-01,1.78711E+00,9.76562E-03
2.0145048E-01,1.74805E+00,6.83594E-02
2.0146896E-01,1.66992E+00,2.92969E-02
2.0148744E-01,1.70898E+00,4.88281E-02
2.0150592E-01,1.76758E+00,-9.76562E-03
2.0152440E-01,1.74805E+00,6.83594E-02
2.0154288E-01,1.78711E+00,9.76562E-03
2.0156136E-01,1.72852E+00,6.83594E-02
2.0157984E-01,1.78711E+00,2.92969E-02
2.0159832E-01,1.66992E+00,2.92969E-02
2.0161680E-01,1.78711E+00,2.92969E-02
2.0163528E-01,1.72852E+00,2.92969E-02
2.0165376E-01,1.74805E+00,2.92969E-02
2.0167224E-01,1.72852E+00,9.76562E-03
2.0169072E-01,1.76758E+00,9.76562E-03
2.0170920E-01,1.70898E+00,2.92969E-02
2.0172768E-01,1.70898E+00,4.88281E-02
2.0174616E-01,1.66992E+00,4.88281E-02
2.0176464E-01,1.74805E+00,-9.76562E-03
2.0178312E-01,1.70898E+00,2.92969E-02
2.0180160E-01,1.80664E+00,4.88281E-02
2.0182008E-01,1.72852E+00,2.92969E-02
2.0183856E-01,1.74805E+00,2.92969E-02
2.0185704E-01,1.68945E+00,2.92969E-02
2.0187552E-01,1.78711E+00,-4.88281E-02
2.0189400E-01,1.76758E+00,2.92969E-02
2.0191248E-01,1.86523E+00,-9.76562E-03
2.0193096E-01,1.70898E+00,6.83594E-02
2.0194944E-01,1.80664E+00,4.88281E-02
2.0196792E-01,1.72852E+00,6.83594E-02
2.0198640E-01,1.78711E+00,9.76562E-03
2.0200488E-01,1.74805E+00,9.76562E-03
2.0202336E-01,1.78711E+00,2.92969E-02
2.0204184E-01,1.76758E+00,4.88281E-02
2.0206032E-01,1.66992E+00,-2.92969E-02
2.0207880E-01,1.72852E+00,6.83594E-02
2.0209728E-01,1.74805E+00,-2.92969E-02
2.0211576E-01,1.66992E+00,8.78906E-02
2.0213424E-01,1.72852E+00,4.88281E-02
2.0215272E-01,1.70898E+00,1.26953E-01
2.0217120E-01,1.70898E+00,9.76562E-03
2.0218968E-01,1.70898E+00,2.92969E-02
2.0220816E-01,1.72852E+00,9.76562E-03
2.0222664E-01,1.78711E+00,1.26953E-01
2.0224512E-01,1.72852E+00,6.83594E-02
2.0226360E-01,1.68945E+00,2.92969E-02
2.0228208E-01,1.80664E+00,4.88281E-02
2.0230056E-01,1.72852E+00,4.88281E-02
2.0231904E-01,1.76758E+00,4.88281E-02
2.0233752E-01,1.72852E+00,6.83594E-02
2.0235600E-01,1.74805E+00,9.76562E-03
2.0237448E-01,1.72852E+00,6.83594E-02
2.0239296E-01,1.74805E+00,-9.76562E-03
2.0241144E-01,1.74805E+00,6.83594E-02
2.0242992E-01,1.74805E+00,2.92969E-02
2.0244840E-01,1.76758E+00,6.83594E-02
2.0246688E-01,1.74805E+00,9.76562E-03
2.0248536E-01,1.72852E+00,1.07422E-01
2.0250384E-01,1.70898E+00,-2.92969E-02
2.0252232E-01,1.74805E+00,6.83594E-02
2.0254080E-01,1.78711E+00,6.83594E-02
2.0255928E-01,1.76758E+00,2.92969E-02
2.0257776E-01,1.70898E+00,-4.88281E-02
2.0259624E-01,1.66992E+00,9.76562E-03
2.0261472E-01,1.68945E+00,2.92969E-02
2.0263320E-01,1.72852E+00,4.88281E-02
2.0265168E-01,1.70898E+00,-6.83594E-02
2.0267016E-01,1.74805E+00,6.83594E-02
2.0268864E-01,1.70898E+00,2.92969E-02
2.0270712E-01,1.70898E+00,6.83594E-02
2.0272560E-01,1.74805E+00,4.88281E-02
2.0274408E-01,1.66992E+00,9.76562E-03
2.0276256E-01,1.74805E+00,9.76562E-03
2.0278104E-01,1.74805E+00,2.92969E-02
2.0279952E-01,1.70898E+00,9.76562E-03
2.0281800E-01,1.72852E+00,8.78906E-02
2.0283648E-01,1.78711E+00,9.76562E-03
2.0285496E-01,1.78711E+00,9.76562E-03
2.0287344E-01,1.80664E+00,2.92969E-02
2.0289192E-01,1.66992E+00,6.83594E-02
2.0291040E-01,1.74805E+00,-2.92969E-02
2.0292888E-01,1.72852E+00,2.92969E-02
2.0294736E-01,1.74805E+00,9.76562E-03
2.0296584E-01,1.72852E+00,2.92969E-02
2.0298432E-01,1.76758E+00,-9.76562E-03
2.0300280E-01,1.70898E+00,6.83594E-02
2.0302128E-01,1.74805E+00,9.76562E-03
2.0303976E-01,1.78711E+00,4.88281E-02
2.0305824E-01,1.72852E+00,9.76562E-03
2.0307672E-01,1.70898E+00,8.78906E-02
2.0309520E-01,1.68945E+00,4.88281E-02
2.0311368E-01,1.68945E+00,9.76562E-03
2.0313216E-01,1.78711E+00,-9.76562E-03
2.0315064E-01,1.65039E+00,-4.88281E-02
2.0316912E-01,1.68945E+00,-9.76562E-03
2.0318760E-01,1.70898E+00,4.88281E-02
2.0320608E-01,1.70898E+00,2.92969E-02
2.0322456E-01,1.74805E+00,2.92969E-02
2.0324304E-01,1.74805E+00,6.83594E-02
2.0326152E-01,1.72852E+00,8.78906E-02
2.0328000E-01,1.74805E+00,-2.92969E-02
2.0329848E-01,1.72852E+00,1.26953E-01
2.0331696E-01,1.72852E+00,2.92969E-02
2.0333544E-01,1.72852E+00,9.76562E-03
2.0335392E-01,1.76758E+00,9.76562E-03
2.0337240E-01,1.72852E+00,4.88281E-02
2.0339088E-01,1.74805E+00,-9.76562E-03
2.0340936E-01,1.68945E+00,9.76562E-03
2.0342784E-01,1.72852E+00,2.92969E-02
2.0344632E-01,1.74805E+00,4.88281E-02
2.0346480E-01,1.82617E+00,9.76562E-03
2.0348328E-01,1.65039E+00,4.88281E-02
2.0350176E-01,1.70898E+00,9.76562E-03
2.0352024E-01,1.72852E+00,6.83594E-02
2.0353872E-01,1.72852E+00,-9.76562E-03
2.0355720E-01,1.76758E+00,4.88281E-02
2.0357568E-01,1.76758E+00,2.92969E-02
2.0359416E-01,1.74805E+00,9.76562E-03
2.0361264E-01,1.72852E+00,2.92969E-02
2.0363112E-01,1.65039E+00,6.83594E-02
2.0364960E-01,1.74805E+00,2.92969E-02
2.0366808E-01,1.74805E+00,4.88281E-02
2.0368656E-01,1.82617E+00,9.76562E-03
2.0370504E-01,1.76758E+00,4.88281E-02
2.0372352E-01,1.74805E+00,2.92969E-02
2.0374200E-01,1.74805E+00,4.88281E-02
2.0376048E-01,1.80664E+00,-9.76562E-03
2.0377896E-01,1.70898E+00,6.83594E-02
2.0379744E-01,1.76758E+00,9.76562E-03
2.0381592E-01,1.72852E+00,4.88281E-02
2.0383440E-01,1.74805E+00,2.92969E-02
2.0385288E-01,1.72852E+00,6.83594E-02
2.0387136E-01,1.68945E+00,2.92969E-02
2.0388984E-01,1.65039E+00,1.07422E-01
2.0390832E-01,1.78711E+00,6.83594E-02
2.0392680E-01,1.66992E+00,4.88281E-02
2.0394528E-01,1.74805E+00,2.92969E-02
2.0396376E-01,1.70898E+00,1.26953E-01
2.0398224E-01,1.76758E+00,2.92969E-02
2.0400072E-01,1.72852E+00,2.92969E-02
2.0401920E-01,1.80664E+00,-4.88281E-02
2.0403768E-01,1.70898E+00,4.88281E-02
2.0405616E-01,1.72852E+00,9.76562E-03
2.0407464E-01,1.72852E+00,9.76562E-03
2.0409312E-01,1.78711E+00,6.83594E-02
2.0411160E-01,1.68945E+00,6.83594E-02
2.0413008E-01,1.74805E+00,9.76562E-03
2.0414856E-01,1.72852E+00,4.88281E-02
2.0416704E-01,1.80664E+00,9.76562E-03
2.0418552E-01,1.74805E+00,4.88281E-02
2.0420400E-01,1.74805E+00,9.76562E-03
2.0422248E-01,1.68945E+00,4.88281E-02
2.0424096E-01,1.74805E+00,4.88281E-02
2.0425944E-01,1.72852E+00,4.88281E-02
2.0427792E-01,1.72852E+00,4.88281E-02
2.0429640E-01,1.70898E+00,6.83594E-02
2.0431488E-01,1.72852E+00,-2.92969E-02
2.0433336E-01,1.72852E+00,2.92969E-02
2.0435184E-01,1.78711E+00,9.76562E-03
2.0437032E-01,1.72852E+00,6.83594E-02
2.0438880E-01,1.78711E+00,4.88281E-02
2.0440728E-01,1.76758E+00,6.83594E-02
2.0442576E-01,1.70898E+00,9.76562E-03
2.0444424E-01,1.74805E+00,4.88281E-02
2.0446272E-01,1.68945E+00,-9.76562E-03
2.0448120E-01,1.66992E+00,2.92969E-02
2.0449968E-01,1.70898E+00,2.92969E-02
2.0451816E-01,1.72852E+00,9.76562E-03
2.0453664E-01,1.74805E+00,-9.76562E-03
2.0455512E-01,1.74805E+00,6.83594E-02
2.0457360E-01,1.68945E+00,4.88281E-02
2.0459208E-01,1.82617E+00,8.78906E-02
2.0461056E-01,1.72852E+00,9.76562E-03
2.0462904E-01,1.74805E+00,2.92969E-02
2.0464752E-01,1.82617E+00,4.88281E-02
2.0466600E-01,1.72852E+00,9.76562E-03
2.0468448E-01,1.76758E+00,2.92969E-02
2.0470296E-01,1.68945E+00,6.83594E-02
2.0472144E-01,1.74805E+00,2.92969E-02
2.0473992E-01,1.66992E+00,4.88281E-02
2.0475840E-01,1.70898E+00,9.76562E-03
2.0477688E-01,1.70898E+00,2.92969E-02
2.0479536E-01,1.76758E+00,6.83594E-02
2.0481384E-01,1.74805E+00,6.83594E-02
2.0483232E-01,1.80664E+00,9.76562E-03
2.0485080E-01,1.72852E+00,4.88281E-02
2.0486928E-01,1.78711E+00,6.83594E-02
2.0488776E-01,1.72852E+00,9.76562E-03
2.0490624E-01,1.66992E+00,-9.76562E-03
2.0492472E-01,1.68945E+00,4.88281E-02
2.0494320E-01,1.72852E+00,4.88281E-02
2.0496168E-01,1.72852E+00,2.92969E-02
2.0498016E-01,1.82617E+00,2.92969E-02
2.0499864E-01,1.72852E+00,6.83594E-02
2.0501712E-01,1.84570E+00,9.76562E-03
2.0503560E-01,1.70898E+00,4.88281E-02
2.0505408E-01,1.72852E+00,4.88281E-02
2.0507256E-01,1.72852E+00,4.88281E-02
2.0509104E-01,1.76758E+00,4.88281E-02
2.0510952E-01,1.66992E+00,2.92969E-02
2.0512800E-01,1.74805E+00,6.83594E-02
2.0514648E-01,1.72852E+00,6.83594E-02
2.0516496E-01,1.80664E+00,9.76562E-03
2.0518344E-01,1.72852E+00,6.83594E-02
2.0520192E-01,1.72852E+00,4.88281E-02
2.0522040E-01,1.74805E+00,2.92969E-02
2.0523888E-01,1.72852E+00,9.76562E-03
2.0525736E-01,1.76758E+00,2.92969E-02
2.0527584E-01,1.72852E+00,2.92969E-02
2.0529432E-01,1.74805E+00,8.78906E-02
2.0531280E-01,1.82617E+00,2.92969E-02
2.0533128E-01,1.74805E+00,9.76562E-03
2.0534976E-01,1.82617E+00,2.92969E-02
2.0536824E-01,1.74805E+00,9.76562E-03
2.0538672E-01,1.82617E+00,9.76562E-03
2.0540520E-01,1.74805E+00,4.88281E-02
2.0542368E-01,1.76758E+00,4.88281E-02
2.0544216E-01,1.74805E+00,6.83594E-02
2.0546064E-01,1.80664E+00,-9.76562E-03
2.0547912E-01,1.74805E+00,2.92969E-02
2.0549760E-01,1.66992E+00,-2.92969E-02
2.0551608E-01,1.72852E+00,-9.76562E-03
2.0553456E-01,1.72852E+00,9.76562E-03
2.0555304E-01,1.72852E+00,6.83594E-02
2.0557152E-01,1.82617E+00,4.88281E-02
2.0559000E-01,1.70898E+00,6.83594E-02
2.0560848E-01,1.70898E+00,4.88281E-02
2.0562696E-01,1.76758E+00,2.92969E-02
2.0564544E-01,1.78711E+00,2.92969E-02
2.0566392E-01,1.72852E+00,9.76562E-03
2.0568240E-01,1.74805E+00,9.76562E-03
2.0570088E-01,1.70898E+00,9.76562E-03
2.0571936E-01,1.78711E+00,4.88281E-02
2.0573784E-01,1.72852E+00,4.88281E-02
2.0575632E-01,1.74805E+00,2.92969E-02
2.0577480E-01,1.72852E+00,9.76562E-03
2.0579328E-01,1.74805E+00,-9.76562E-03
2.0581176E-01,1.76758E+00,9.76562E-03
2.0583024E-01,1.76758E+00,-4.88281E-02
2.0584872E-01,1.70898E+00,4.88281E-02
2.0586720E-01,1.80664E+00,2.92969E-02
2.0588568E-01,1.76758E+00,4.88281E-02
2.0590416E-01,1.68945E+00,2.92969E-02
2.0592264E-01,1.72852E+00,4.88281E-02
2.0594112E-01,1.74805E+00,2.92969E-02
2.0595960E-01,1.72852E+00,4.88281E-02
2.0597808E-01,1.76758E+00,4.88281E-02
2.0599656E-01,1.72852E+00,8.78906E-02
2.0601504E-01,1.80664E+00,4.88281E-02
2.0603352E-01,1.68945E+00,6.83594E-02
2.0605200E-01,1.78711E+00,4.88281E-02
2.0607048E-01,1.72852E+00,2.92969E-02
2.0608896E-01,1.76758E+00,2.92969E-02
2.0610744E-01,1.72852E+00,6.83594E-02
2.0612592E-01,1.74805E+00,2.92969E-02
2.0614440E-01,1.72852E+00,4.88281E-02
2.0616288E-01,1.78711E+00,9.76562E-03
2.0618136E-01,1.74805E+00,2.92969E-02
2.0619984E-01,1.78711E+00,2.92969E-02
2.0621832E-01,1.72852E+00,1.07422E-01
2.0623680E-01,1.78711E+00,2.92969E-02
2.0625528E-01,1.65039E+00,9.76562E-03
2.0627376E-01,1.74805E+00,-4.88281E-02
2.0629224E-01,1.68945E+00,6.83594E-02
2.0631072E-01,1.76758E+00,9.76562E-03
2.0632920E-01,1.74805E+00,2.92969E-02
2.0634768E-01,1.74805E+00,-9.76562E-03
2.0636616E-01,1.72852E+00,-2.92969E-02
2.0638464E-01,1.74805E+00,4.88281E-02
2.0640312E-01,1.76758E+00,6.83594E-02
2.0642160E-01,1.82617E+00,9.76562E-03
2.0644008E-01,1.72852E+00,4.88281E-02
2.0645856E-01,1.76758E+00,9.76562E-03
2.0647704E-01,1.72852E+00,2.92969E-02
2.0649552E-01,1.78711E+00,-4.88281E-02
2.0651400E-01,1.76758E+00,9.76562E-03
2.0653248E-01,1.74805E+00,4.88281E-02
2.0655096E-01,1.72852E+00,4.88281E-02
2.0656944E-01,1.76758E+00,4.88281E-02
2.0658792E-01,1.72852E+00,2.92969E-02
2.0660640E-01,1.70898E+00,9.76562E-03
2.0662488E-01,1.72852E+00,4.88281E-02
2.0664336E-01,1.70898E+00,4.88281E-02
2.0666184E-01,1.72852E+00,8.78906E-02
2.0668032E-01,1.76758E+00,9.76562E-03
2.0669880E-01,1.74805E+00,6.83594E-02
2.0671728E-01,1.76758E+00,9.76562E-03
2.0673576E-01,1.76758E+00,4.88281E-02
2.0675424E-01,1.74805E+00,9.76562E-03
2.0677272E-01,1.74805E+00,-2.92969E-02
2.0679120E-01,1.72852E+00,4.88281E-02
2.0680968E-01,1.74805E+00,2.92969E-02
2.0682816E-01,1.72852E+00,-9.76562E-03
2.0684664E-01,1.70898E+00,-4.88281E-02
2.0686512E-01,1.76758E+00,9.76562E-03
2.0688360E-01,1.74805E+00,2.92969E-02
2.0690208E-01,1.80664E+00,6.83594E-02
2.0692056E-01,1.72852E+00,4.88281E-02
2.0693904E-01,1.72852E+00,2.92969E-02
2.0695752E-01,1.76758E+00,9.76562E-03
2.0697600E-01,1.78711E+00,4.88281E-02
2.0699448E-01,1.76758E+00,4.88281E-02
2.0701296E-01,1.78711E+00,4.88281E-02
2.0703144E-01,1.76758E+00,6.83594E-02
2.0704992E-01,1.74805E+00,2.92969E-02
2.0706840E-01,1.80664E+00,1.07422E-01
2.0708688E-01,1.80664E+00,9.76562E-03
2.0710536E-01,1.72852E+00,6.83594E-02
2.0712384E-01,1.74805E+00,2.92969E-02
2.0714232E-01,1.76758E+00,8.78906E-02
2.0716080E-01,1.80664E+00,-2.92969E-02
2.0717928E-01,1.72852E+00,6.83594E-02
2.0719776E-01,1.72852E+00,4.88281E-02
2.0721624E-01,1.66992E+00,6.83594E-02
2.0723472E-01,1.76758E+00,-9.76562E-03
2.0725320E-01,1.72852E+00,4.88281E-02
2.0727168E-01,1.74805E+00,-9.76562E-03
2.0729016E-01,1.78711E+00,2.92969E-02
2.0730864E-01,1.72852E+00,4.88281E-02
2.0732712E-01,1.78711E+00,6.83594E-02
2.0734560E-01,1.84570E+00,6.83594E-02
2.0736408E-01,1.68945E+00,6.83594E-02
2.0738256E-01,1.78711E+00,9.76562E-03
2.0740104E-01,1.76758E+00,4.88281E-02
2.0741952E-01,1.76758E+00,6.83594E-02
2.0743800E-01,1.74805E+00,4.88281E-02
2.0745648E-01,1.76758E+00,9.76562E-03
2.0747496E-01,1.72852E+00,6.83594E-02
2.0749344E-01,1.70898E+00,6.83594E-02
2.0751192E-01,1.74805E+00,9.76562E-03
2.0753040E-01,1.66992E+00,9.76562E-03
2.0754888E-01,1.74805E+00,4.88281E-02
2.0756736E-01,1.80664E+00,-9.76562E-03
2.0758584E-01,1.74805E+00,4.88281E-02
2.0760432E-01,1.82617E+00,4.88281E-02
2.0762280E-01,1.68945E+00,6.83594E-02
2.0764128E-01,1.76758E+00,9.76562E-03
2.0765976E-01,1.70898E+00,2.92969E-02
2.0767824E-01,1.72852E+00,9.76562E-03
2.0769672E-01,1.78711E+00,6.83594E-02
2.0771520E-01,1.78711E+00,9.76562E-03
2.0773368E-01,1.82617E+00,6.83594E-02
2.0775216E-01,1.84570E+00,-2.92969E-02
2.0777064E-01,1.74805E+00,2.92969E-02
2.0778912E-01,1.72852E+00,4.88281E-02
2.0780760E-01,1.78711E+00,4.88281E-02
2.0782608E-01,1.74805E+00,9.76562E-03
2.0784456E-01,1.72852E+00,4.88281E-02
2.0786304E-01,1.72852E+00,8.78906E-02
2.0788152E-01,1.74805E+00,4.88281E-02
2.0790000E-01,1.78711E+00,2.92969E-02
2.0791848E-01,1.74805E+00,2.92969E-02
2.0793696E-01,1.78711E+00,2.92969E-02
2.0795544E-01,1.74805E+00,9.76562E-03
2.0797392E-01,1.78711E+00,9.76562E-03
2.0799240E-01,1.76758E+00,4.88281E-02
2.0801088E-01,1.82617E+00,-9.76562E-03
2.0802936E-01,1.74805E+00,2.92969E-02
2.0804784E-01,1.86523E+00,6.83594E-02
2.0806632E-01,1.72852E+00,6.83594E-02
2.0808480E-01,1.70898E+00,9.76562E-03
2.0810328E-01,1.72852E+00,9.76562E-03
2.0812176E-01,1.78711E+00,2.92969E-02
2.0814024E-01,1.70898E+00,9.76562E-03
2.0815872E-01,1.80664E+00,-9.76562E-03
2.0817720E-01,1.76758E+00,9.76562E-03
2.0819568E-01,1.72852E+00,2.92969E-02
2.0821416E-01,1.82617E+00,6.83594E-02
2.0823264E-01,1.86523E+00,2.92969E-02
2.0825112E-01,1.72852E+00,4.88281E-02
2.0826960E-01,1.76758E+00,2.92969E-02
2.0828808E-01,1.74805E+00,2.92969E-02
2.0830656E-01,1.72852E+00,2.92969E-02
2.0832504E-01,1.68945E+00,-2.92969E-02
2.0834352E-01,1.80664E+00,4.88281E-02
2.0836200E-01,1.78711E+00,2.92969E-02
2.0838048E-01,1.72852E+00,9.76562E-03
2.0839896E-01,1.70898E+00,9.76562E-03
2.0841744E-01,1.72852E+00,2.92969E-02
2.0843592E-01,1.70898E+00,2.92969E-02
2.0845440E-01,1.72852E+00,-2.92969E-02
2.0847288E-01,1.72852E+00,4.88281E-02
2.0849136E-01,1.72852E+00,-9.76562E-03
2.0850984E-01,1.72852E+00,2.92969E-02
2.0852832E-01,1.78711E+00,-9.76562E-03
2.0854680E-01,1.72852E+00,2.92969E-02
2.0856528E-01,1.76758E+00,6.83594E-02
2.0858376E-01,1.66992E+00,-2.92969E-02
2.0860224E-01,1.78711E+00,-2.92969E-02
2.0862072E-01,1.80664E+00,8.78906E-02
2.0863920E-01,1.74805E+00,4.88281E-02
2.0865768E-01,1.72852E+00,2.92969E-02
2.0867616E-01,1.78711E+00,9.76562E-03
2.0869464E-01,1.74805E+00,9.76562E-03
2.0871312E-01,1.84570E+00,2.92969E-02
2.0873160E-01,1.68945E+00,1.07422E-01
2.0875008E-01,1.78711E+00,2.92969E-02
2.0876856E-01,1.70898E+00,4.88281E-02
2.0878704E-01,1.82617E+00,2.92969E-02
2.0880552E-01,1.76758E+00,1.26953E-01
2.0882400E-01,1.74805E+00,-2.92969E-02
2.0884248E-01,1.72852E+00,4.88281E-02
2.0886096E-01,1.82617E+00,9.76562E-03
2.0887944E-01,1.66992E+00,4.88281E-02
2.0889792E-01,1.76758E+00,9.76562E-03
2.0891640E-01,1.82617E+00,9.76562E-03
2.0893488E-01,1.78711E+00,2.92969E-02
2.0895336E-01,1.76758E+00,4.88281E-02
2.0897184E-01,1.80664E+00,-4.88281E-02
2.0899032E-01,1.74805E+00,2.92969E-02
2.0900880E-01,1.78711E+00,2.92969E-02
2.0902728E-01,1.78711E+00,6.83594E-02
2.0904576E-01,1.82617E+00,2.92969E-02
2.0906424E-01,1.78711E+00,9.76562E-03
2.0908272E-01,1.70898E+00,2.92969E-02
2.0910120E-01,1.65039E+00,4.88281E-02
2.0911968E-01,1.78711E+00,2.92969E-02
2.0913816E-01,1.72852E+00,8.78906E-02
2.0915664E-01,1.72852E+00,2.92969E-02
2.0917512E-01,1.72852E+00,4.88281E-02
2.0919360E-01,1.76758E+00,2.92969E-02
2.0921208E-01,1.76758E+00,4.88281E-02
2.0923056E-01,1.76758E+00,4.88281E-02
2.0924904E-01,1.72852E+00,4.88281E-02
2.0926752E-01,1.80664E+00,-9.76562E-03
2.0928600E-01,1.72852E+00,4.88281E-02
2.0930448E-01,1.80664E+00,9.76562E-03
2.0932296E-01,1.66992E+00,6.83594E-02
2.0934144E-01,1.80664E+00,9.76562E-03
2.0935992E-01,1.72852E+00,4.88281E-02
2.0937840E-01,1.84570E+00,6.83594E-02
2.0939688E-01,1.76758E+00,4.88281E-02
2.0941536E-01,1.76758E+00,2.92969E-02
2.0943384E-01,1.72852E+00,4.88281E-02
2.0945232E-01,1.76758E+00,2.92969E-02
2.0947080E-01,1.66992E+00,6.83594E-02
2.0948928E-01,1.80664E+00,9.76562E-03
2.0950776E-01,1.74805E+00,4.88281E-02
2.0952624E-01,1.80664E+00,2.92969E-02
2.0954472E-01,1.72852E+00,4.88281E-02
2.0956320E-01,1.76758E+00,-9.76562E-03
2.0958168E-01,1.72852E+00,6.83594E-02
2.0960016E-01,1.80664E+00,9.76562E-03
2.0961864E-01,1.70898E+00,9.76562E-03
2.0963712E-01,1.76758E+00,1.07422E-01
2.0965560E-01,1.72852E+00,2.92969E-02
2.0967408E-01,1.80664E+00,9.76562E-03
2.0969256E-01,1.66992E+00,4.88281E-02
2.0971104E-01,1.72852E+00,9.76562E-03
2.0972952E-01,1.72852E+00,6.83594E-02
2.0974800E-01,1.74805E+00,9.76562E-03
2.0976648E-01,1.84570E+00,6.83594E-02
2.0978496E-01,1.78711E+00,-9.76562E-03
2.0980344E-01,1.72852E+00,8.78906E-02
2.0982192E-01,1.82617E+00,2.92969E-02
2.0984040E-01,1.76758E+00,4.88281E-02
2.0985888E-01,1.70898E+00,6.83594E-02
2.0987736E-01,1.72852E+00,4.88281E-02
2.0989584E-01,1.76758E+00,8.78906E-02
2.0991432E-01,1.72852E+00,2.92969E-02
2.0993280E-01,1.80664E+00,-2.92969E-02
2.0995128E-01,1.76758E+00,4.88281E-02
2.0996976E-01,1.78711E+00,9.76562E-03
2.0998824E-01,1.78711E+00,6.83594E-02
2.1000672E-01,1.78711E+00,9.76562E-03
2.1002520E-01,1.74805E+00,2.92969E-02
2.1004368E-01,1.80664E+00,9.76562E-03
2.1006216E-01,1.74805E+00,4.88281E-02
2.1008064E-01,1.78711E+00,4.88281E-02
2.1009912E-01,1.76758E+00,2.92969E-02
2.1011760E-01,1.80664E+00,2.92969E-02
2.1013608E-01,1.66992E+00,4.88281E-02
2.1015456E-01,1.76758E+00,-2.92969E-02
2.1017304E-01,1.74805E+00,8.78906E-02
2.1019152E-01,1.82617E+00,2.92969E-02
2.1021000E-01,1.78711E+00,9.76562E-03
2.1022848E-01,1.82617E+00,2.92969E-02
2.1024696E-01,1.72852E+00,1.46484E-01
2.1026544E-01,1.78711E+00,-2.92969E-02
2.1028392E-01,1.72852E+00,2.92969E-02
2.1030240E-01,1.84570E+00,-9.76562E-03
2.1032088E-01,1.70898E+00,2.92969E-02
2.1033936E-01,1.80664E+00,2.92969E-02
2.1035784E-01,1.72852E+00,8.78906E-02
2.1037632E-01,1.80664E+00,9.76562E-03
2.1039480E-01,1.72852E+00,8.78906E-02
2.1041328E-01,1.82617E+00,-2.92969E-02
2.1043176E-01,1.76758E+00,1.07422E-01
2.1045024E-01,1.78711E+00,-9.76562E-03
2.1046872E-01,1.72852E+00,4.88281E-02
2.1048720E-01,1.78711E+00,9.76562E-03
2.1050568E-01,1.82617E+00,8.78906E-02
2.1052416E-01,1.70898E+00,2.92969E-02
2.1054264E-01,1.74805E+00,2.92969E-02
2.1056112E-01,1.78711E+00,8.78906E-02
2.1057960E-01,1.78711E+00,9.76562E-03
2.1059808E-01,1.68945E+00,9.76562E-03
2.1061656E-01,1.76758E+00,8.78906E-02
2.1063504E-01,1.76758E+00,-2.92969E-02
2.1065352E-01,1.76758E+00,2.92969E-02
2.1067200E-01,1.76758E+00,4.88281E-02
2.1069048E-01,1.82617E+00,6.83594E-02
2.1070896E-01,1.80664E+00,9.76562E-03
2.1072744E-01,1.78711E+00,2.92969E-02
2.1074592E-01,1.78711E+00,6.83594E-02
2.1076440E-01,1.78711E+00,2.92969E-02
2.1078288E-01,1.80664E+00,9.76562E-03
2.1080136E-01,1.84570E+00,2.92969E-02
2.1081984E-01,1.78711E+00,4.88281E-02
2.1083832E-01,1.74805E+00,6.83594E-02
2.1085680E-01,1.80664E+00,4.88281E-02
2.1087528E-01,1.72852E+00,6.83594E-02
2.1089376E-01,1.78711E+00,2.92969E-02
2.1091224E-01,1.76758E+00,2.92969E-02
2.1093072E-01,1.80664E+00,-9.76562E-03
2.1094920E-01,1.72852E+00,2.92969E-02
2.1096768E-01,1.78711E+00,9.76562E-03
2.1098616E-01,1.72852E+00,9.76562E-03
2.1100464E-01,1.78711E+00,6.83594E-02
2.1102312E-01,1.76758E+00,4.88281E-02
2.1104160E-01,1.82617E+00,6.83594E-02
2.1106008E-01,1.76758E+00,2.92969E-02
2.1107856E-01,1.78711E+00,4.88281E-02
2.1109704E-01,1.70898E+00,6.83594E-02
2.1111552E-01,1.86523E+00,2.92969E-02
2.1113400E-01,1.76758E+00,6.83594E-02
2.1115248E-01,1.78711E+00,2.92969E-02
2.1117096E-01,1.76758E+00,2.92969E-02
2.1118944E-01,1.80664E+00,4.88281E-02
2.1120792E-01,1.78711E+00,8.78906E-02
2.1122640E-01,1.68945E+00,9.76562E-03
2.1124488E-01,1.84570E+00,4.88281E-02
2.1126336E-01,1.80664E+00,4.88281E-02
2.1128184E-01,1.76758E+00,-2.92969E-02
2.1130032E-01,1.86523E+00,4.88281E-02
2.1131880E-01,1.80664E+00,2.92969E-02
2.1133728E-01,1.74805E+00,4.88281E-02
2.1135576E-01,1.78711E+00,4.88281E-02
2.1137424E-01,1.82617E+00,-9.76562E-03
2.1139272E-01,1.82617E+00,4.88281E-02
2.1141120E-01,1.78711E+00,2.92969E-02
2.1142968E-01,1.74805E+00,8.78906E-02
2.1144816E-01,1.78711E+00,2.92969E-02
2.1146664E-01,1.66992E+00,4.88281E-02
2.1148512E-01,1.86523E+00,6.83594E-02
2.1150360E-01,1.65039E+00,1.07422E-01
2.1152208E-01,1.74805E+00,-9.76562E-03
2.1154056E-01,1.72852E+00,4.88281E-02
2.1155904E-01,1.80664E+00,9.76562E-03
2.1157752E-01,1.76758E+00,2.92969E-02
2.1159600E-01,1.74805E+00,2.92969E-02
2.1161448E-01,1.78711E+00,6.83594E-02
2.1163296E-01,1.78711E+00,9.76562E-03
2.1165144E-01,1.72852E+00,9.76562E-03
2.1166992E-01,1.80664E+00,9.76562E-03
2.1168840E-01,1.74805E+00,8.78906E-02
2.1170688E-01,1.78711E+00,9.76562E-03
2.1172536E-01,1.72852E+00,6.83594E-02
2.1174384E-01,1.84570E+00,-9.76562E-03
2.1176232E-01,1.78711E+00,2.92969E-02
2.1178080E-01,1.82617E+00,9.76562E-03
2.1179928E-01,1.74805E+00,2.92969E-02
2.1181776E-01,1.82617E+00,-9.76562E-03
2.1183624E-01,1.84570E+00,6.83594E-02
2.1185472E-01,1.84570E+00,2.92969E-02
2.1187320E-01,1.78711E+00,6.83594E-02
2.1189168E-01,1.76758E+00,9.76562E-03
2.1191016E-01,1.74805E+00,2.92969E-02
2.1192864E-01,1.76758E+00,4.88281E-02
2.1194712E-01,1.70898E+00,6.83594E-02
2.1196560E-01,1.74805E+00,2.92969E-02
2.1198408E-01,1.78711E+00,4.88281E-02
2.1200256E-01,1.78711E+00,4.88281E-02
2.1202104E-01,1.72852E+00,4.88281E-02
2.1203952E-01,1.80664E+00,9.76562E-03
2.1205800E-01,1.82617E+00,4.88281E-02
2.1207648E-01,1.78711E+00,-2.92969E-02
2.1209496E-01,1.74805E+00,2.92969E-02
2.1211344E-01,1.74805E+00,9.76562E-03
2.1213192E-01,1.76758E+00,4.88281E-02
2.1215040E-01,1.72852E+00,4.88281E-02
2.1216888E-01,1.78711E+00,2.92969E-02
2.1218736E-01,1.86523E+00,9.76562E-03
2.1220584E-01,1.76758E+00,9.76562E-03
2.1222432E-01,1.80664E+00,4.88281E-02
2.1224280E-01,1.72852E+00,6.83594E-02
2.1226128E-01,1.74805E+00,6.83594E-02
2.1227976E-01,1.74805E+00,6.83594E-02
2.1229824E-01,1.84570E+00,2.92969E-02
2.1231672E-01,1.76758E+00,6.83594E-02
2.1233520E-01,1.74805E+00,4.88281E-02
2.1235368E-01,1.74805E+00,2.92969E-02
2.1237216E-01,1.66992E+00,9.76562E-03
2.1239064E-01,1.76758E+00,-9.76562E-03
2.1240912E-01,1.78711E+00,-2.92969E-02
2.1242760E-01,1.78711E+00,2.92969E-02
2.1244608E-01,1.82617E+00,2.92969E-02
2.1246456E-01,1.72852E+00,9.76562E-03
2.1248304E-01,1.80664E+00,9.76562E-03
2.1250152E-01,1.72852E+00,9.76562E-03
2.1252000E-01,1.78711E+00,2.92969E-02
2.1253848E-01,1.72852E+00,1.07422E-01
2.1255696E-01,1.82617E+00,9.76562E-03
2.1257544E-01,1.84570E+00,9.76562E-03
2.1259392E-01,1.80664E+00,9.76562E-03
2.1261240E-01,1.84570E+00,8.78906E-02
2.1263088E-01,1.74805E+00,6.83594E-02
2.1264936E-01,1.72852E+00,8.78906E-02
2.1266784E-01,1.76758E+00,9.76562E-03
2.1268632E-01,1.74805E+00,1.07422E-01
2.1270480E-01,1.78711E+00,9.76562E-03
2.1272328E-01,1.72852E+00,9.76562E-03
2.1274176E-01,1.88477E+00,2.92969E-02
2.1276024E-01,1.72852E+00,4.88281E-02
2.1277872E-01,1.80664E+00,-9.76562E-03
2.1279720E-01,1.76758E+00,6.83594E-02
2.1281568E-01,1.78711E+00,4.88281E-02
2.1283416E-01,1.82617E+00,4.88281E-02
2.1285264E-01,1.76758E+00,9.76562E-03
2.1287112E-01,1.72852E+00,6.83594E-02
2.1288960E-01,1.84570E+00,2.92969E-02
2.1290808E-01,1.78711E+00,6.83594E-02
2.1292656E-01,1.68945E+00,9.76562E-03
2.1294504E-01,1.80664E+00,2.92969E-02
2.1296352E-01,1.78711E+00,2.92969E-02
2.1298200E-01,1.76758E+00,2.92969E-02
2.1300048E-01,1.78711E+00,2.92969E-02
2.1301896E-01,1.70898E+00,2.92969E-02
2.1303744E-01,1.78711E+00,-9.76562E-03
2.1305592E-01,1.76758E+00,4.88281E-02
2.1307440E-01,1.74805E+00,-2.92969E-02
2.1309288E-01,1.72852E+00,9.76562E-03
2.1311136E-01,1.82617E+00,2.92969E-02
2.1312984E-01,1.74805E+00,9.76562E-03
2.1314832E-01,1.78711E+00,4.88281E-02
2.1316680E-01,1.66992E+00,9.76562E-03
2.1318528E-01,1.76758E+00,-2.92969E-02
2.1320376E-01,1.80664E+00,2.92969E-02
2.1322224E-01,1.68945E+00,9.76562E-03
2.1324072E-01,1.82617E+00,6.83594E-02
2.1325920E-01,1.78711E+00,6.83594E-02
2.1327768E-01,1.78711E+00,2.92969E-02
2.1329616E-01,1.74805E+00,2.92969E-02
2.1331464E-01,1.78711E+00,6.83594E-02
2.1333312E-01,1.76758E+00,4.88281E-02
2.1335160E-01,1.76758E+00,4.88281E-02
2.1337008E-01,1.84570E+00,9.76562E-03
2.1338856E-01,1.72852E+00,4.88281E-02
2.1340704E-01,1.76758E+00,-9.76562E-03
2.1342552E-01,1.72852E+00,6.83594E-02
2.1344400E-01,1.76758E+00,-4.88281E-02
2.1346248E-01,1.74805E+00,2.92969E-02
2.1348096E-01,1.72852E+00,9.76562E-03
2.1349944E-01,1.78711E+00,6.83594E-02
2.1351792E-01,1.72852E+00,-9.76562E-03
2.1353640E-01,1.70898E+00,6.83594E-02
2.1355488E-01,1.76758E+00,4.88281E-02
2.1357336E-01,1.84570E+00,6.83594E-02
2.1359184E-01,1.90430E+00,9.76562E-03
2.1361032E-01,1.74805E+00,8.78906E-02
2.1362880E-01,1.80664E+00,2.92969E-02
2.1364728E-01,1.82617E+00,2.92969E-02
2.1366576E-01,1.78711E+00,4.88281E-02
2.1368424E-01,1.70898E+00,6.83594E-02
2.1370272E-01,1.78711E+00,6.83594E-02
2.1372120E-01,1.80664E+00,-9.76562E-03
2.1373968E-01,1.78711E+00,6.83594E-02
2.1375816E-01,1.82617E+00,1.07422E-01
2.1377664E-01,1.80664E+00,4.88281E-02
2.1379512E-01,1.74805E+00,6.83594E-02
2.1381360E-01,1.80664E+00,-9.76562E-03
2.1383208E-01,1.68945E+00,8.78906E-02
2.1385056E-01,1.82617E+00,9.76562E-03
2.1386904E-01,1.76758E+00,6.83594E-02
2.1388752E-01,1.82617E+00,9.76562E-03
2.1390600E-01,1.72852E+00,6.83594E-02
2.1392448E-01,1.72852E+00,-6.83594E-02
2.1394296E-01,1.78711E+00,1.26953E-01
2.1396144E-01,1.78711E+00,-9.76562E-03
2.1397992E-01,1.74805E+00,1.07422E-01
2.1399840E-01,1.74805E+00,4.88281E-02
2.1401688E-01,1.82617E+00,4.88281E-02
2.1403536E-01,1.80664E+00,-2.92969E-02
2.1405384E-01,1.72852E+00,2.92969E-02
2.1407232E-01,1.78711E+00,9.76562E-03
2.1409080E-01,1.78711E+00,4.88281E-02
2.1410928E-01,1.84570E+00,9.76562E-03
2.1412776E-01,1.78711E+00,6.83594E-02
2.1414624E-01,1.84570E+00,9.76562E-03
2.1416472E-01,1.72852E+00,9.76562E-03
2.1418320E-01,1.76758E+00,4.88281E-02
2.1420168E-01,1.84570E+00,4.88281E-02
2.1422016E-01,1.78711E+00,9.76562E-03
2.1423864E-01,1.78711E+00,6.83594E-02
2.1425712E-01,1.80664E+00,4.88281E-02
2.1427560E-01,1.78711E+00,6.83594E-02
2.1429408E-01,1.76758E+00,9.76562E-03
2.1431256E-01,1.78711E+00,6.83594E-02
2.1433104E-01,1.80664E+00,9.76562E-03
2.1434952E-01,1.72852E+00,4.88281E-02
2.1436800E-01,1.78711E+00,-2.92969E-02
2.1438648E-01,1.70898E+00,2.92969E-02
2.1440496E-01,1.80664E+00,2.92969E-02
2.1442344E-01,1.74805E+00,8.78906E-02
2.1444192E-01,1.80664E+00,2.92969E-02
2.1446040E-01,1.76758E+00,6.83594E-02
2.1447888E-01,1.74805E+00,9.76562E-03
2.1449736E-01,1.70898E+00,2.92969E-02
2.1451584E-01,1.72852E+00,6.83594E-02
2.1453432E-01,1.74805E+00,-2.92969E-02
2.1455280E-01,1.78711E+00,6.83594E-02
2.1457128E-01,1.84570E+00,6.83594E-02
2.1458976E-01,1.86523E+00,9.76562E-03
2.1460824E-01,1.70898E+00,4.88281E-02
2.1462672E-01,1.80664E+00,4.88281E-02
2.1464520E-01,1.78711E+00,-4.88281E-02
2.1466368E-01,1.80664E+00,2.92969E-02
2.1468216E-01,1.72852E+00,2.92969E-02
2.1470064E-01,1.72852E+00,2.92969E-02
2.1471912E-01,1.82617E+00,6.83594E-02
2.1473760E-01,1.80664E+00,9.76562E-03
2.1475608E-01,1.76758E+00,-9.76562E-03
2.1477456E-01,1.80664E+00,4.88281E-02
2.1479304E-01,1.76758E+00,6.83594E-02
2.1481152E-01,1.74805E+00,8.78906E-02
2.1483000E-01,1.72852E+00,4.88281E-02
2.1484848E-01,1.70898E+00,2.92969E-02
2.1486696E-01,1.76758E+00,4.88281E-02
2.1488544E-01,1.78711E+00,4.88281E-02
2.1490392E-01,1.74805E+00,4.88281E-02
2.1492240E-01,1.86523E+00,-9.76562E-03
2.1494088E-01,1.72852E+00,4.88281E-02
2.1495936E-01,1.80664E+00,9.76562E-03
2.1497784E-01,1.76758E+00,4.88281E-02
2.1499632E-01,1.80664E+00,9.76562E-03
2.1501480E-01,1.72852E+00,6.83594E-02
2.1503328E-01,1.80664E+00,9.76562E-03
2.1505176E-01,1.78711E+00,-9.76562E-03
2.1507024E-01,1.74805E+00,4.88281E-02
2.1508872E-01,1.72852E+00,6.83594E-02
2.1510720E-01,1.74805E+00,4.88281E-02
2.1512568E-01,1.72852E+00,2.92969E-02
2.1514416E-01,1.74805E+00,4.88281E-02
2.1516264E-01,1.82617E+00,8.78906E-02
2.1518112E-01,1.84570E+00,4.88281E-02
2.1519960E-01,1.70898E+00,6.83594E-02
2.1521808E-01,1.80664E+00,2.92969E-02
2.1523656E-01,1.78711E+00,2.92969E-02
2.1525504E-01,1.78711E+00,2.92969E-02
2.1527352E-01,1.74805E+00,4.88281E-02
2.1529200E-01,1.80664E+00,4.88281E-02
2.1531048E-01,1.76758E+00,4.88281E-02
2.1532896E-01,1.82617E+00,9.76562E-03
2.1534744E-01,1.78711E+00,8.78906E-02
2.1536592E-01,1.78711E+00,9.76562E-03
2.1538440E-01,1.74805E+00,4.88281E-02
2.1540288E-01,1.86523E+00,2.92969E-02
2.1542136E-01,1.78711E+00,2.92969E-02
2.1543984E-01,1.84570E+00,4.88281E-02
2.1545832E-01,1.80664E+00,2.92969E-02
2.1547680E-01,1.86523E+00,9.76562E-03
2.1549528E-01,1.76758E+00,4.88281E-02
2.1551376E-01,1.82617E+00,8.78906E-02
2.1553224E-01,1.72852E+00,2.92969E-02
2.1555072E-01,1.78711E+00,6.83594E-02
2.1556920E-01,1.78711E+00,6.83594E-02
2.1558768E-01,1.72852E+00,4.88281E-02
2.1560616E-01,1.78711E+00,4.88281E-02
2.1562464E-01,1.86523E+00,9.76562E-03
2.1564312E-01,1.74805E+00,9.76562E-03
2.1566160E-01,1.78711E+00,-9.76562E-03
2.1568008E-01,1.80664E+00,1.07422E-01
2.1569856E-01,1.76758E+00,2.92969E-02
2.1571704E-01,1.78711E+00,4.88281E-02
2.1573552E-01,1.84570E+00,9.76562E-03
2.1575400E-01,1.78711E+00,4.88281E-02
2.1577248E-01,1.80664E+00,2.92969E-02
2.1579096E-01,1.84570E+00,9.76562E-03
2.1580944E-01,1.80664E+00,4.88281E-02
2.1582792E-01,1.76758E+00,4.88281E-02
2.1584640E-01,1.82617E+00,9.76562E-03
2.1586488E-01,1.78711E+00,6.83594E-02
2.1588336E-01,1.80664E+00,9.76562E-03
2.1590184E-01,1.78711E+00,1.26953E-01
2.1592032E-01,1.78711E+00,9.76562E-03
2.1593880E-01,1.76758E+00,2.92969E-02
2.1595728E-01,1.80664E+00,4.88281E-02
2.1597576E-01,1.74805E+00,9.76562E-03
2.1599424E-01,1.80664E+00,9.76562E-03
2.1601272E-01,1.76758E+00,9.76562E-03
2.1603120E-01,1.78711E+00,9.76562E-03
2.1604968E-01,1.78711E+00,2.92969E-02
2.1606816E-01,1.72852E+00,4.88281E-02
2.1608664E-01,1.78711E+00,4.88281E-02
2.1610512E-01,1.84570E+00,9.76562E-03
2.1612360E-01,1.80664E+00,6.83594E-02
2.1614208E-01,1.80664E+00,-9.76562E-03
2.1616056E-01,1.84570E+00,9.76562E-03
2.1617904E-01,1.74805E+00,9.76562E-03
2.1619752E-01,1.74805E+00,6.83594E-02
2.1621600E-01,1.80664E+00,-4.88281E-02
2.1623448E-01,1.74805E+00,6.83594E-02
2.1625296E-01,1.78711E+00,-2.92969E-02
2.1627144E-01,1.74805E+00,6.83594E-02
2.1628992E-01,1.82617E+00,4.88281E-02
2.1630840E-01,1.76758E+00,2.92969E-02
2.1632688E-01,1.72852E+00,2.92969E-02
2.1634536E-01,1.78711E+00,2.92969E-02
2.1636384E-01,1.80664E+00,2.92969E-02
2.1638232E-01,1.82617E+00,6.83594E-02
2.1640080E-01,1.78711E+00,-9.76562E-03
2.1641928E-01,1.82617E+00,4.88281E-02
2.1643776E-01,1.80664E+00,4.88281E-02
2.1645624E-01,1.82617E+00,2.92969E-02
2.1647472E-01,1.80664E+00,-9.76562E-03
2.1649320E-01,1.74805E+00,8.78906E-02
2.1651168E-01,1.80664E+00,-9.76562E-03
2.1653016E-01,1.74805E+00,4.88281E-02
2.1654864E-01,1.76758E+00,-9.76562E-03
2.1656712E-01,1.80664E+00,6.83594E-02
2.1658560E-01,1.80664E+00,2.92969E-02
2.1660408E-01,1.76758E+00,9.76562E-03
2.1662256E-01,1.80664E+00,9.76562E-03
2.1664104E-01,1.78711E+00,9.76562E-03
2.1665952E-01,1.78711E+00,9.76562E-03
2.1667800E-01,1.76758E+00,4.88281E-02
2.1669648E-01,1.76758E+00,2.92969E-02
2.1671496E-01,1.78711E+00,4.88281E-02
2.1673344E-01,1.82617E+00,-2.92969E-02
2.1675192E-01,1.74805E+00,-9.76562E-03
2.1677040E-01,1.80664E+00,4.88281E-02
2.1678888E-01,1.72852E+00,6.83594E-02
2.1680736E-01,1.80664E+00,4.88281E-02
2.1682584E-01,1.76758E+00,6.83594E-02
2.1684432E-01,1.82617E+00,4.88281E-02
2.1686280E-01,1.76758E+00,9.76562E-03
2.1688128E-01,1.80664E+00,9.76562E-03
2.1689976E-01,1.78711E+00,9.76562E-03
2.1691824E-01,1.78711E+00,9.76562E-03
2.1693672E-01,1.72852E+00,4.88281E-02
2.1695520E-01,1.82617E+00,4.88281E-02
2.1697368E-01,1.74805E+00,6.83594E-02
2.1699216E-01,1.80664E+00,4.88281E-02
2.1701064E-01,1.84570E+00,4.88281E-02
2.1702912E-01,1.90430E+00,4.88281E-02
2.1704760E-01,1.76758E+00,2.92969E-02
2.1706608E-01,1.84570E+00,9.76562E-03
2.1708456E-01,1.74805E+00,4.88281E-02
2.1710304E-01,1.80664E+00,2.92969E-02
2.1712152E-01,1.82617E+00,9.76562E-03
2.1714000E-01,1.76758E+00,6.83594E-02
2.1715848E-01,1.76758E+00,6.83594E-02
2.1717696E-01,1.80664E+00,2.92969E-02
2.1719544E-01,1.78711E+00,6.83594E-02
2.1721392E-01,1.74805E+00,2.92969E-02
2.1723240E-01,1.76758E+00,6.83594E-02
2.1725088E-01,1.78711E+00,2.92969E-02
2.1726936E-01,1.80664E+00,9.76562E-03
2.1728784E-01,1.82617E+00,6.83594E-02
2.1730632E-01,1.72852E+00,4.88281E-02
2.1732480E-01,1.82617E+00,-9.76562E-03
2.1734328E-01,1.82617E+00,9.76562E-03
2.1736176E-01,1.82617E+00,-9.76562E-03
2.1738024E-01,1.84570E+00,4.88281E-02
2.1739872E-01,1.80664E+00,-9.76562E-03
2.1741720E-01,1.78711E+00,4.88281E-02
2.1743568E-01,1.80664E+00,9.76562E-03
2.1745416E-01,1.78711E+00,2.92969E-02
2.1747264E-01,1.88477E+00,9.76562E-03
2.1749112E-01,1.74805E+00,6.83594E-02
2.1750960E-01,1.80664E+00,9.76562E-03
2.1752808E-01,1.84570E+00,6.83594E-02
2.1754656E-01,1.80664E+00,-9.76562E-03
2.1756504E-01,1.74805E+00,2.92969E-02
2.1758352E-01,1.80664E+00,9.76562E-03
2.1760200E-01,1.74805E+00,6.83594E-02
2.1762048E-01,1.78711E+00,4.88281E-02
2.1763896E-01,1.74805E+00,4.88281E-02
2.1765744E-01,1.88477E+00,9.76562E-03
2.1767592E-01,1.86523E+00,8.78906E-02
2.1769440E-01,1.76758E+00,9.76562E-03
2.1771288E-01,1.76758E+00,1.07422E-01
2.1773136E-01,1.84570E+00,2.92969E-02
2.1774984E-01,1.80664E+00,2.92969E-02
2.1776832E-01,1.76758E+00,9.76562E-03
2.1778680E-01,1.72852E+00,2.92969E-02
2.1780528E-01,1.80664E+00,9.76562E-03
2.1782376E-01,1.76758E+00,2.92969E-02
2.1784224E-01,1.86523E+00,4.88281E-02
2.1786072E-01,1.78711E+00,4.88281E-02
2.1787920E-01,1.78711E+00,6.83594E-02
2.1789768E-01,1.80664E+00,6.83594E-02
2.1791616E-01,1.80664E+00,4.88281E-02
2.1793464E-01,1.78711E+00,4.88281E-02
2.1795312E-01,1.84570E+00,9.76562E-03
2.1797160E-01,1.76758E+00,4.88281E-02
2.1799008E-01,1.82617E+00,-2.92969E-02
2.1800856E-01,1.76758E+00,4.88281E-02
2.1802704E-01,1.82617E+00,2.92969E-02
2.1804552E-01,1.76758E+00,9.76562E-03
2.1806400E-01,1.84570E+00,9.76562E-03
2.1808248E-01,1.70898E+00,6.83594E-02
2.1810096E-01,1.80664E+00,9.76562E-03
2.1811944E-01,1.72852E+00,6.83594E-02
2.1813792E-01,1.84570E+00,4.88281E-02
2.1815640E-01,1.84570E+00,6.83594E-02
2.1817488E-01,1.90430E+00,9.76562E-03
2.1819336E-01,1.76758E+00,2.92969E-02
2.1821184E-01,1.80664E+00,4.88281E-02
2.1823032E-01,1.84570E+00,6.83594E-02
2.1824880E-01,1.82617E+00,6.83594E-02
2.1826728E-01,1.80664E+00,6.83594E-02
2.1828576E-01,1.80664E+00,2.92969E-02
2.1830424E-01,1.78711E+00,1.26953E-01
2.1832272E-01,1.80664E+00,2.92969E-02
2.1834120E-01,1.78711E+00,4.88281E-02
2.1835968E-01,1.78711E+00,4.88281E-02
2.1837816E-01,1.80664E+00,4.88281E-02
2.1839664E-01,1.90430E+00,2.92969E-02
2.1841512E-01,1.80664E+00,6.83594E-02
2.1843360E-01,1.74805E+00,-9.76562E-03
2.1845208E-01,1.72852E+00,8.78906E-02
2.1847056E-01,1.78711E+00,9.76562E-03
2.1848904E-01,1.78711E+00,9.76562E-03
2.1850752E-01,1.84570E+00,-9.76562E-03
2.1852600E-01,1.78711E+00,1.07422E-01
2.1854448E-01,1.80664E+00,-9.76562E-03
2.1856296E-01,1.80664E+00,4.88281E-02
2.1858144E-01,1.82617E+00,9.76562E-03
2.1859992E-01,1.82617E+00,4.88281E-02
2.1861840E-01,1.80664E+00,2.92969E-02
2.1863688E-01,1.78711E+00,1.07422E-01
2.1865536E-01,1.82617E+00,2.92969E-02
2.1867384E-01,1.78711E+00,-2.92969E-02
2.1869232E-01,1.82617E+00,9.76562E-03
2.1871080E-01,1.78711E+00,1.26953E-01
2.1872928E-01,1.86523E+00,9.76562E-03
2.1874776E-01,1.80664E+00,9.76562E-03
2.1876624E-01,1.78711E+00,-9.76562E-03
2.1878472E-01,1.80664E+00,4.88281E-02
2.1880320E-01,1.80664E+00,2.92969E-02
2.1882168E-01,1.72852E+00,1.07422E-01
2.1884016E-01,1.92383E+00,-2.92969E-02
2.1885864E-01,1.84570E+00,4.88281E-02
2.1887712E-01,1.80664E+00,4.88281E-02
2.1889560E-01,1.72852E+00,4.88281E-02
2.1891408E-01,1.74805E+00,2.92969E-02
2.1893256E-01,1.76758E+00,8.78906E-02
2.1895104E-01,1.78711E+00,-9.76562E-03
2.1896952E-01,1.84570E+00,4.88281E-02
2.1898800E-01,1.74805E+00,-9.76562E-03
2.1900648E-01,1.82617E+00,9.76562E-03
2.1902496E-01,1.86523E+00,2.92969E-02
2.1904344E-01,1.72852E+00,6.83594E-02
2.1906192E-01,1.86523E+00,9.76562E-03
2.1908040E-01,1.72852E+00,2.92969E-02
2.1909888E-01,1.82617E+00,2.92969E-02
2.1911736E-01,1.72852E+00,2.92969E-02
2.1913584E-01,1.82617E+00,2.92969E-02
2.1915432E-01,1.82617E+00,2.92969E-02
2.1917280E-01,1.80664E+00,2.92969E-02
2.1919128E-01,1.70898E+00,1.07422E-01
2.1920976E-01,1.84570E+00,6.83594E-02
2.1922824E-01,1.84570E+00,2.92969E-02
2.1924672E-01,1.78711E+00,-9.76562E-03
2.1926520E-01,1.78711E+00,4.88281E-02
2.1928368E-01,1.74805E+00,4.88281E-02
2.1930216E-01,1.78711E+00,6.83594E-02
2.1932064E-01,1.78711E+00,9.76562E-03
2.1933912E-01,1.80664E+00,6.83594E-02
2.1935760E-01,1.84570E+00,-9.76562E-03
2.1937608E-01,1.84570E+00,4.88281E-02
2.1939456E-01,1.76758E+00,2.92969E-02
2.1941304E-01,1.82617E+00,9.76562E-03
2.1943152E-01,1.84570E+00,2.92969E-02
2.1945000E-01,1.72852E+00,2.92969E-02
2.1946848E-01,1.80664E+00,-4.88281E-02
2.1948696E-01,1.80664E+00,4.88281E-02
2.1950544E-01,1.80664E+00,9.76562E-03
2.1952392E-01,1.76758E+00,2.92969E-02
2.1954240E-01,1.86523E+00,4.88281E-02
2.1956088E-01,1.82617E+00,4.88281E-02
2.1957936E-01,1.82617E+00,9.76562E-03
2.1959784E-01,1.74805E+00,9.76562E-03
2.1961632E-01,1.74805E+00,4.88281E-02
2.1963480E-01,1.74805E+00,6.83594E-02
2.1965328E-01,1.86523E+00,-4.88281E-02
2.1967176E-01,1.72852E+00,4.88281E-02
2.1969024E-01,1.80664E+00,9.76562E-03
2.1970872E-01,1.84570E+00,6.83594E-02
2.1972720E-01,1.78711E+00,6.83594E-02
2.1974568E-01,1.82617E+00,8.78906E-02
2.1976416E-01,1.88477E+00,9.76562E-03
2.1978264E-01,1.78711E+00,6.83594E-02
2.1980112E-01,1.80664E+00,6.83594E-02
2.1981960E-01,1.74805E+00,9.76562E-03
2.1983808E-01,1.80664E+00,2.92969E-02
2.1985656E-01,1.78711E+00,4.88281E-02
2.1987504E-01,1.80664E+00,2.92969E-02
2.1989352E-01,1.76758E+00,2.92969E-02
2.1991200E-01,1.80664E+00,8.78906E-02
2.1993048E-01,1.80664E+00,4.88281E-02
2.1994896E-01,1.86523E+00,9.76562E-03
2.1996744E-01,1.84570E+00,6.83594E-02
2.1998592E-01,1.78711E+00,9.76562E-03
2.2000440E-01,1.78711E+00,1.26953E-01
2.2002288E-01,1.80664E+00,2.92969E-02
2.2004136E-01,1.82617E+00,4.88281E-02
2.2005984E-01,1.80664E+00,2.92969E-02
2.2007832E-01,1.78711E+00,6.83594E-02
2.2009680E-01,1.86523E+00,9.76562E-03
2.2011528E-01,1.82617E+00,9.76562E-03
2.2013376E-01,1.78711E+00,-9.76562E-03
2.2015224E-01,1.78711E+00,8.78906E-02
2.2017072E-01,1.82617E+00,-9.76562E-03
2.2018920E-01,1.74805E+00,6.83594E-02
2.2020768E-01,1.88477E+00,9.76562E-03
2.2022616E-01,1.74805E+00,4.88281E-02
2.2024464E-01,1.84570E+00,4.88281E-02
2.2026312E-01,1.80664E+00,4.88281E-02
2.2028160E-01,1.86523E+00,9.76562E-03
2.2030008E-01,1.84570E+00,2.92969E-02
2.2031856E-01,1.86523E+00,9.76562E-03
2.2033704E-01,1.74805E+00,9.76562E-03
2.2035552E-01,1.80664E+00,-2.92969E-02
2.2037400E-01,1.80664E+00,-9.76562E-03
2.2039248E-01,1.86523E+00,9.76562E-03
2.2041096E-01,1.78711E+00,8.78906E-02
2.2042944E-01,1.86523E+00,2.92969E-02
2.2044792E-01,1.82617E+00,6.83594E-02
2.2046640E-01,1.84570E+00,4.88281E-02
2.2048488E-01,1.76758E+00,-9.76562E-03
2.2050336E-01,1.80664E+00,4.88281E-02
2.2052184E-01,1.82617E+00,9.76562E-03
2.2054032E-01,1.82617E+00,4.88281E-02
2.2055880E-01,1.82617E+00,9.76562E-03
2.2057728E-01,1.86523E+00,-9.76562E-03
2.2059576E-01,1.86523E+00,2.92969E-02
2.2061424E-01,1.80664E+00,2.92969E-02
2.2063272E-01,1.86523E+00,6.83594E-02
2.2065120E-01,1.78711E+00,4.88281E-02
2.2066968E-01,1.76758E+00,4.88281E-02
2.2068816E-01,1.86523E+00,9.76562E-03
2.2070664E-01,1.86523E+00,6.83594E-02
2.2072512E-01,1.78711E+00,2.92969E-02
2.2074360E-01,1.78711E+00,4.88281E-02
2.2076208E-01,1.78711E+00,4.88281E-02
2.2078056E-01,1.70898E+00,4.88281E-02
2.2079904E-01,1.82617E+00,8.78906E-02
2.2081752E-01,1.84570E+00,6.83594E-02
2.2083600E-01,1.78711E+00,4.88281E-02
2.2085448E-01,1.76758E+00,4.88281E-02
2.2087296E-01,1.84570E+00,9.76562E-03
2.2089144E-01,1.78711E+00,6.83594E-02
2.2090992E-01,1.88477E+00,-9.76562E-03
2.2092840E-01,1.76758E+00,2.92969E-02
2.2094688E-01,1.80664E+00,6.83594E-02
2.2096536E-01,1.78711E+00,4.88281E-02
2.2098384E-01,1.80664E+00,2.92969E-02
2.2100232E-01,1.78711E+00,4.88281E-02
2.2102080E-01,1.88477E+00,9.76562E-03
2.2103928E-01,1.72852E+00,4.88281E-02
2.2105776E-01,1.84570E+00,-9.76562E-03
2.2107624E-01,1.82617E+00,6.83594E-02
2.2109472E-01,1.78711E+00,4.88281E-02
2.2111320E-01,1.80664E+00,6.83594E-02
2.2113168E-01,1.88477E+00,4.88281E-02
2.2115016E-01,1.72852E+00,4.88281E-02
2.2116864E-01,1.86523E+00,4.88281E-02
2.2118712E-01,1.78711E+00,-4.88281E-02
2.2120560E-01,1.78711E+00,4.88281E-02
2.2122408E-01,1.84570E+00,1.07422E-01
2.2124256E-01,1.86523E+00,-9.76562E-03
2.2126104E-01,1.84570E+00,9.76562E-03
2.2127952E-01,1.74805E+00,4.88281E-02
2.2129800E-01,1.82617E+00,-2.92969E-02
2.2131648E-01,1.84570E+00,2.92969E-02
2.2133496E-01,1.78711E+00,2.92969E-02
2.2135344E-01,1.80664E+00,2.92969E-02
2.2137192E-01,1.80664E+00,2.92969E-02
2.2139040E-01,1.78711E+00,4.88281E-02
2.2140888E-01,1.74805E+00,9.76562E-03
2.2142736E-01,1.78711E+00,-2.92969E-02
2.2144584E-01,1.80664E+00,6.83594E-02
2.2146432E-01,1.82617E+00,2.92969E-02
2.2148280E-01,1.86523E+00,6.83594E-02
2.2150128E-01,1.80664E+00,4.88281E-02
2.2151976E-01,1.82617E+00,6.83594E-02
2.2153824E-01,1.84570E+00,-9.76562E-03
2.2155672E-01,1.80664E+00,2.92969E-02
2.2157520E-01,1.80664E+00,2.92969E-02
2.2159368E-01,1.74805E+00,6.83594E-02
2.2161216E-01,1.80664E+00,9.76562E-03
2.2163064E-01,1.78711E+00,6.83594E-02
2.2164912E-01,1.80664E+00,9.76562E-03
2.2166760E-01,1.78711E+00,6.83594E-02
2.2168608E-01,1.92383E+00,6.83594E-02
2.2170456E-01,1.82617E+00,2.92969E-02
2.2172304E-01,1.80664E+00,2.92969E-02
2.2174152E-01,1.86523E+00,2.92969E-02
2.2176000E-01,1.80664E+00,4.88281E-02
2.2177848E-01,1.78711E+00,9.76562E-03
2.2179696E-01,1.84570E+00,-4.88281E-02
2.2181544E-01,1.78711E+00,9.76562E-03
2.2183392E-01,1.84570E+00,2.92969E-02
2.2185240E-01,1.74805E+00,2.92969E-02
2.2187088E-01,1.78711E+00,4.88281E-02
2.2188936E-01,1.78711E+00,6.83594E-02
2.2190784E-01,1.80664E+00,-9.76562E-03
2.2192632E-01,1.84570E+00,1.07422E-01
2.2194480E-01,1.80664E+00,2.92969E-02
2.2196328E-01,1.80664E+00,4.88281E-02
2.2198176E-01,1.84570E+00,4.88281E-02
2.2200024E-01,1.84570E+00,2.92969E-02
2.2201872E-01,1.80664E+00,2.92969E-02
2.2203720E-01,1.78711E+00,2.92969E-02
2.2205568E-01,1.80664E+00,6.83594E-02
2.2207416E-01,1.76758E+00,9.76562E-03
2.2209264E-01,1.80664E+00,4.88281E-02
2.2211112E-01,1.78711E+00,1.07422E-01
2.2212960E-01,1.82617E+00,-6.83594E-02
2.2214808E-01,1.84570E+00,6.83594E-02
2.2216656E-01,1.86523E+00,2.92969E-02
2.2218504E-01,1.76758E+00,4.88281E-02
2.2220352E-01,1.82617E+00,9.76562E-03
2.2222200E-01,1.82617E+00,6.83594E-02
2.2224048E-01,1.84570E+00,9.76562E-03
2.2225896E-01,1.84570E+00,2.92969E-02
2.2227744E-01,1.84570E+00,2.92969E-02
2.2229592E-01,1.82617E+00,4.88281E-02
2.2231440E-01,1.78711E+00,4.88281E-02
2.2233288E-01,1.82617E+00,2.92969E-02
2.2235136E-01,1.82617E+00,4.88281E-02
2.2236984E-01,1.76758E+00,6.83594E-02
2.2238832E-01,1.82617E+00,-9.76562E-03
2.2240680E-01,1.84570E+00,6.83594E-02
2.2242528E-01,1.84570E+00,6.83594E-02
2.2244376E-01,1.82617E+00,4.88281E-02
2.2246224E-01,1.82617E+00,9.76562E-03
2.2248072E-01,1.78711E+00,9.76562E-03
2.2249920E-01,1.82617E+00,9.76562E-03
2.2251768E-01,1.76758E+00,2.92969E-02
2.2253616E-01,1.92383E+00,2.92969E-02
2.2255464E-01,1.78711E+00,2.92969E-02
2.2257312E-01,1.80664E+00,9.76562E-03
2.2259160E-01,1.84570E+00,-2.92969E-02
2.2261008E-01,1.82617E+00,4.88281E-02
2.2262856E-01,1.78711E+00,2.92969E-02
2.2264704E-01,1.80664E+00,9.76562E-03
2.2266552E-01,1.78711E+00,9.76562E-03
2.2268400E-01,1.86523E+00,-2.92969E-02
2.2270248E-01,1.84570E+00,9.76562E-03
2.2272096E-01,1.86523E+00,9.76562E-03
2.2273944E-01,1.82617E+00,2.92969E-02
2.2275792E-01,1.80664E+00,-9.76562E-03
2.2277640E-01,1.86523E+00,6.83594E-02
2.2279488E-01,1.88477E+00,2.92969E-02
2.2281336E-01,1.78711E+00,4.88281E-02
2.2283184E-01,1.80664E+00,4.88281E-02
2.2285032E-01,1.78711E+00,8.78906E-02
2.2286880E-01,1.82617E+00,4.88281E-02
2.2288728E-01,1.76758E+00,2.92969E-02
2.2290576E-01,1.86523E+00,6.83594E-02
2.2292424E-01,1.84570E+00,2.92969E-02
2.2294272E-01,1.82617E+00,4.88281E-02
2.2296120E-01,1.76758E+00,2.92969E-02
2.2297968E-01,1.88477E+00,2.92969E-02
2.2299816E-01,1.80664E+00,1.07422E-01
2.2301664E-01,1.80664E+00,2.92969E-02
2.2303512E-01,1.80664E+00,4.88281E-02
2.2305360E-01,1.80664E+00,4.88281E-02
2.2307208E-01,1.86523E+00,4.88281E-02
2.2309056E-01,1.90430E+00,2.92969E-02
2.2310904E-01,1.78711E+00,2.92969E-02
2.2312752E-01,1.86523E+00,2.92969E-02
2.2314600E-01,1.84570E+00,4.88281E-02
2.2316448E-01,1.86523E+00,6.83594E-02
2.2318296E-01,1.76758E+00,2.92969E-02
2.2320144E-01,1.80664E+00,2.92969E-02
2.2321992E-01,1.80664E+00,9.76562E-03
2.2323840E-01,1.80664E+00,4.88281E-02
2.2325688E-01,1.76758E+00,6.83594E-02
2.2327536E-01,1.86523E+00,9.76562E-03
2.2329384E-01,1.74805E+00,6.83594E-02
2.2331232E-01,1.86523E+00,4.88281E-02
2.2333080E-01,1.76758E+00,6.83594E-02
2.2334928E-01,1.86523E+00,-9.76562E-03
2.2336776E-01,1.84570E+00,4.88281E-02
2.2338624E-01,1.86523E+00,2.92969E-02
2.2340472E-01,1.80664E+00,4.88281E-02
2.2342320E-01,1.84570E+00,9.76562E-03
2.2344168E-01,1.84570E+00,2.92969E-02
2.2346016E-01,1.84570E+00,2.92969E-02
2.2347864E-01,1.86523E+00,4.88281E-02
2.2349712E-01,1.86523E+00,9.76562E-03
2.2351560E-01,1.78711E+00,4.88281E-02
2.2353408E-01,1.92383E+00,-2.92969E-02
2.2355256E-01,1.82617E+00,2.92969E-02
2.2357104E-01,1.80664E+00,-9.76562E-03
2.2358952E-01,1.76758E+00,2.92969E-02
2.2360800E-01,1.86523E+00,4.88281E-02
2.2362648E-01,1.86523E+00,9.76562E-03
2.2364496E-01,1.88477E+00,-9.76562E-03
2.2366344E-01,1.80664E+00,1.07422E-01
2.2368192E-01,1.84570E+00,-2.92969E-02
2.2370040E-01,1.84570E+00,2.92969E-02
2.2371888E-01,1.78711E+00,-9.76562E-03
2.2373736E-01,1.84570E+00,2.92969E-02
2.2375584E-01,1.86523E+00,9.76562E-03
2.2377432E-01,1.82617E+00,9.76562E-03
2.2379280E-01,1.82617E+00,9.76562E-03
2.2381128E-01,1.82617E+00,6.83594E-02
2.2382976E-01,1.86523E+00,4.88281E-02
2.2384824E-01,1.78711E+00,9.76562E-03
2.2386672E-01,1.80664E+00,9.76562E-03
2.2388520E-01,1.78711E+00,4.88281E-02
2.2390368E-01,1.80664E+00,8.78906E-02
2.2392216E-01,1.82617E+00,6.83594E-02
2.2394064E-01,1.80664E+00,4.88281E-02
2.2395912E-01,1.84570E+00,8.78906E-02
2.2397760E-01,1.80664E+00,9.76562E-03
2.2399608E-01,1.86523E+00,2.92969E-02
2.2401456E-01,1.80664E+00,-9.76562E-03
2.2403304E-01,1.76758E+00,9.76562E-03
2.2405152E-01,1.74805E+00,4.88281E-02
2.2407000E-01,1.80664E+00,-9.76562E-03
2.2408848E-01,1.82617E+00,2.92969E-02
2.2410696E-01,1.80664E+00,6.83594E-02
2.2412544E-01,1.80664E+00,9.76562E-03
2.2414392E-01,1.82617E+00,9.76562E-03
2.2416240E-01,1.80664E+00,4.88281E-02
2.2418088E-01,1.80664E+00,6.83594E-02
2.2419936E-01,1.84570E+00,2.92969E-02
2.2421784E-01,1.78711E+00,6.83594E-02
2.2423632E-01,1.86523E+00,-9.76562E-03
2.2425480E-01,1.84570E+00,9.76562E-03
2.2427328E-01,1.82617E+00,-2.92969E-02
2.2429176E-01,1.74805E+00,4.88281E-02
2.2431024E-01,1.80664E+00,2.92969E-02
2.2432872E-01,1.84570E+00,8.78906E-02
2.2434720E-01,1.84570E+00,1.07422E-01
2.2436568E-01,1.80664E+00,4.88281E-02
2.2438416E-01,1.80664E+00,-4.88281E-02
2.2440264E-01,1.82617E+00,4.88281E-02
2.2442112E-01,1.80664E+00,2.92969E-02
2.2443960E-01,1.78711E+00,6.83594E-02
2.2445808E-01,1.82617E+00,9.76562E-03
2.2447656E-01,1.84570E+00,6.83594E-02
2.2449504E-01,1.90430E+00,9.76562E-03
2.2451352E-01,1.78711E+00,2.92969E-02
2.2453200E-01,1.86523E+00,4.88281E-02
2.2455048E-01,1.80664E+00,4.88281E-02
2.2456896E-01,1.80664E+00,-9.76562E-03
2.2458744E-01,1.86523E+00,6.83594E-02
2.2460592E-01,1.84570E+00,2.92969E-02
2.2462440E-01,1.74805E+00,4.88281E-02
2.2464288E-01,1.82617E+00,2.92969E-02
2.2466136E-01,1.74805E+00,9.76562E-03
2.2467984E-01,1.90430E+00,9.76562E-03
2.2469832E-01,1.84570E+00,9.76562E-03
2.2471680E-01,1.82617E+00,4.88281E-02
2.2473528E-01,1.84570E+00,2.92969E-02
2.2475376E-01,1.82617E+00,4.88281E-02
2.2477224E-01,1.78711E+00,6.83594E-02
2.2479072E-01,1.78711E+00,9.76562E-03
2.2480920E-01,1.84570E+00,4.88281E-02
2.2482768E-01,1.88477E+00,-2.92969E-02
2.2484616E-01,1.82617E+00,4.88281E-02
2.2486464E-01,1.86523E+00,-4.88281E-02
2.2488312E-01,1.84570E+00,4.88281E-02
2.2490160E-01,1.84570E+00,-2.92969E-02
2.2492008E-01,1.78711E+00,4.88281E-02
2.2493856E-01,1.76758E+00,9.76562E-03
2.2495704E-01,1.82617E+00,4.88281E-02
2.2497552E-01,1.88477E+00,9.76562E-03
2.2499400E-01,1.84570E+00,6.83594E-02
2.2501248E-01,1.82617E+00,4.88281E-02
2.2503096E-01,1.82617E+00,4.88281E-02
2.2504944E-01,1.84570E+00,2.92969E-02
2.2506792E-01,1.78711E+00,1.26953E-01
2.2508640E-01,1.80664E+00,2.92969E-02
2.2510488E-01,1.72852E+00,4.88281E-02
2.2512336E-01,1.84570E+00,-9.76562E-03
2.2514184E-01,1.80664E+00,-9.76562E-03
2.2516032E-01,1.86523E+00,6.83594E-02
2.2517880E-01,1.84570E+00,6.83594E-02
2.2519728E-01,1.86523E+00,9.76562E-03
2.2521576E-01,1.82617E+00,6.83594E-02
2.2523424E-01,1.86523E+00,2.92969E-02
2.2525272E-01,1.82617E+00,8.78906E-02
2.2527120E-01,1.84570E+00,9.76562E-03
2.2528968E-01,1.86523E+00,9.76562E-03
2.2530816E-01,1.90430E+00,2.92969E-02
2.2532664E-01,1.78711E+00,2.92969E-02
2.2534512E-01,1.80664E+00,9.76562E-03
2.2536360E-01,1.76758E+00,-2.92969E-02
2.2538208E-01,1.82617E+00,-2.92969E-02
2.2540056E-01,1.82617E+00,4.88281E-02
2.2541904E-01,1.80664E+00,4.88281E-02
2.2543752E-01,1.84570E+00,6.83594E-02
2.2545600E-01,1.80664E+00,2.92969E-02
2.2547448E-01,1.84570E+00,2.92969E-02
2.2549296E-01,1.86523E+00,9.76562E-03
2.2551144E-01,1.84570E+00,-9.76562E-03
2.2552992E-01,1.80664E+00,6.83594E-02
2.2554840E-01,1.88477E+00,-4.88281E-02
2.2556688E-01,1.86523E+00,8.78906E-02
2.2558536E-01,1.72852E+00,2.92969E-02
2.2560384E-01,1.80664E+00,-4.88281E-02
2.2562232E-01,1.76758E+00,6.83594E-02
2.2564080E-01,1.86523E+00,9.76562E-03
2.2565928E-01,1.74805E+00,1.07422E-01
2.2567776E-01,1.82617E+00,2.92969E-02
2.2569624E-01,1.78711E+00,2.92969E-02
2.2571472E-01,1.82617E+00,2.92969E-02
2.2573320E-01,1.80664E+00,4.88281E-02
2.2575168E-01,1.78711E+00,6.83594E-02
2.2577016E-01,1.84570E+00,2.92969E-02
2.2578864E-01,1.76758E+00,4.88281E-02
2.2580712E-01,1.78711E+00,9.76562E-03
2.2582560E-01,1.80664E+00,2.92969E-02
2.2584408E-01,1.82617E+00,4.88281E-02
2.2586256E-01,1.86523E+00,2.92969E-02
2.2588104E-01,1.78711E+00,4.88281E-02
2.2589952E-01,1.84570E+00,4.88281E-02
2.2591800E-01,1.78711E+00,4.88281E-02
2.2593648E-01,1.86523E+00,2.92969E-02
2.2595496E-01,1.86523E+00,6.83594E-02
2.2597344E-01,1.86523E+00,9.76562E-03
2.2599192E-01,1.84570E+00,2.92969E-02
2.2601040E-01,1.90430E+00,2.92969E-02
2.2602888E-01,1.72852E+00,9.76562E-03
2.2604736E-01,1.80664E+00,-9.76562E-03
2.2606584E-01,1.82617E+00,4.88281E-02
2.2608432E-01,1.82617E+00,8.78906E-02
2.2610280E-01,1.78711E+00,2.92969E-02
2.2612128E-01,1.82617E+00,9.76562E-03
2.2613976E-01,1.78711E+00,6.83594E-02
2.2615824E-01,1.90430E+00,4.88281E-02
2.2617672E-01,1.86523E+00,4.88281E-02
2.2619520E-01,1.92383E+00,9.76562E-03
2.2621368E-01,1.84570E+00,2.92969E-02
2.2623216E-01,1.86523E+00,2.92969E-02
2.2625064E-01,1.82617E+00,2.92969E-02
2.2626912E-01,1.78711E+00,9.76562E-03
2.2628760E-01,1.86523E+00,6.83594E-02
2.2630608E-01,1.84570E+00,4.88281E-02
2.2632456E-01,1.78711E+00,6.83594E-02
2.2634304E-01,1.80664E+00,2.92969E-02
2.2636152E-01,1.84570E+00,6.83594E-02
2.2638000E-01,1.86523E+00,2.92969E-02
2.2639848E-01,1.84570E+00,9.76562E-03
2.2641696E-01,1.80664E+00,4.88281E-02
2.2643544E-01,1.74805E+00,9.76562E-03
2.2645392E-01,1.84570E+00,4.88281E-02
2.2647240E-01,1.82617E+00,4.88281E-02
2.2649088E-01,1.80664E+00,9.76562E-03
2.2650936E-01,1.78711E+00,2.92969E-02
2.2652784E-01,1.84570E+00,2.92969E-02
2.2654632E-01,1.80664E+00,8.78906E-02
2.2656480E-01,1.84570E+00,4.88281E-02
2.2658328E-01,1.88477E+00,6.83594E-02
2.2660176E-01,1.86523E+00,2.92969E-02
2.2662024E-01,1.76758E+00,2.92969E-02
2.2663872E-01,1.86523E+00,9.76562E-03
2.2665720E-01,1.84570E+00,1.07422E-01
2.2667568E-01,1.86523E+00,9.76562E-03
2.2669416E-01,1.82617E+00,6.83594E-02
2.2671264E-01,1.84570E+00,9.76562E-03
2.2673112E-01,1.84570E+00,1.07422E-01
2.2674960E-01,1.86523E+00,9.76562E-03
2.2676808E-01,1.76758E+00,2.92969E-02
2.2678656E-01,1.80664E+00,6.83594E-02
2.2680504E-01,1.90430E+00,6.83594E-02
2.2682352E-01,1.80664E+00,-2.92969E-02
2.2684200E-01,1.84570E+00,-9.76562E-03
2.2686048E-01,1.80664E+00,-9.76562E-03
2.2687896E-01,1.88477E+00,6.83594E-02
2.2689744E-01,1.86523E+00,2.92969E-02
2.2691592E-01,1.82617E+00,6.83594E-02
2.2693440E-01,1.80664E+00,9.76562E-03
2.2695288E-01,1.80664E+00,6.83594E-02
2.2697136E-01,1.80664E+00,6.83594E-02
2.2698984E-01,1.84570E+00,6.83594E-02
2.2700832E-01,1.82617E+00,2.92969E-02
2.2702680E-01,1.86523E+00,9.76562E-03
2.2704528E-01,1.84570E+00,4.88281E-02
2.2706376E-01,1.84570E+00,6.83594E-02
2.2708224E-01,1.88477E+00,9.76562E-03
2.2710072E-01,1.84570E+00,6.83594E-02
2.2711920E-01,1.88477E+00,-9.76562E-03
2.2713768E-01,1.80664E+00,4.88281E-02
2.2715616E-01,1.82617E+00,4.88281E-02
2.2717464E-01,1.84570E+00,2.92969E-02
2.2719312E-01,1.80664E+00,9.76562E-03
2.2721160E-01,1.80664E+00,2.92969E-02
2.2723008E-01,1.84570E+00,4.88281E-02
2.2724856E-01,1.80664E+00,4.88281E-02
2.2726704E-01,1.86523E+00,4.88281E-02
2.2728552E-01,1.82617E+00,6.83594E-02
2.2730400E-01,1.80664E+00,6.83594E-02
2.2732248E-01,1.90430E+00,4.88281E-02
2.2734096E-01,1.82617E+00,4.88281E-02
2.2735944E-01,1.90430E+00,2.92969E-02
2.2737792E-01,1.80664E+00,2.92969E-02
2.2739640E-01,1.84570E+00,8.78906E-02
2.2741488E-01,1.82617E+00,9.76562E-03
2.2743336E-01,1.84570E+00,6.83594E-02
2.2745184E-01,1.88477E+00,9.76562E-03
2.2747032E-01,1.84570E+00,9.76562E-03
2.2748880E-01,1.92383E+00,2.92969E-02
2.2750728E-01,1.84570E+00,-9.76562E-03
2.2752576E-01,1.82617E+00,9.76562E-03
2.2754424E-01,1.86523E+00,4.88281E-02
2.2756272E-01,1.86523E+00,9.76562E-03
2.2758120E-01,1.78711E+00,2.92969E-02
2.2759968E-01,1.88477E+00,4.88281E-02
2.2761816E-01,1.84570E+00,6.83594E-02
2.2763664E-01,1.84570E+00,-9.76562E-03
2.2765512E-01,1.78711E+00,9.76562E-03
2.2767360E-01,1.90430E+00,9.76562E-03
2.2769208E-01,1.82617E+00,8.78906E-02
2.2771056E-01,1.82617E+00,-2.92969E-02
2.2772904E-01,1.84570E+00,9.76562E-03
2.2774752E-01,1.80664E+00,4.88281E-02
2.2776600E-01,1.86523E+00,4.88281E-02
2.2778448E-01,1.84570E+00,4.88281E-02
2.2780296E-01,1.84570E+00,6.83594E-02
2.2782144E-01,1.80664E+00,-9.76562E-03
2.2783992E-01,1.78711E+00,2.92969E-02
2.2785840E-01,1.82617E+00,4.88281E-02
2.2787688E-01,1.82617E+00,4.88281E-02
2.2789536E-01,1.84570E+00,-9.76562E-03
2.2791384E-01,1.86523E+00,1.26953E-01
2.2793232E-01,1.80664E+00,9.76562E-03
2.2795080E-01,1.80664E+00,1.26953E-01
2.2796928E-01,1.84570E+00,4.88281E-02
2.2798776E-01,1.86523E+00,9.76562E-03
2.2800624E-01,1.86523E+00,9.76562E-03
2.2802472E-01,1.74805E+00,2.92969E-02
2.2804320E-01,1.78711E+00,-9.76562E-03
2.2806168E-01,1.84570E+00,2.92969E-02
2.2808016E-01,1.78711E+00,-9.76562E-03
2.2809864E-01,1.82617E+00,4.88281E-02
2.2811712E-01,1.86523E+00,9.76562E-03
2.2813560E-01,1.84570E+00,6.83594E-02
2.2815408E-01,1.80664E+00,2.92969E-02
2.2817256E-01,1.78711E+00,6.83594E-02
2.2819104E-01,1.86523E+00,-4.88281E-02
2.2820952E-01,1.82617E+00,1.07422E-01
2.2822800E-01,1.92383E+00,4.88281E-02
2.2824648E-01,1.82617E+00,-9.76562E-03
2.2826496E-01,1.86523E+00,6.83594E-02
2.2828344E-01,1.80664E+00,4.88281E-02
2.2830192E-01,1.86523E+00,9.76562E-03
2.2832040E-01,1.78711E+00,2.92969E-02
2.2833888E-01,1.82617E+00,2.92969E-02
2.2835736E-01,1.90430E+00,8.78906E-02
2.2837584E-01,1.80664E+00,6.83594E-02
2.2839432E-01,1.80664E+00,6.83594E-02
2.2841280E-01,1.80664E+00,-2.92969E-02
2.2843128E-01,1.88477E+00,4.88281E-02
2.2844976E-01,1.76758E+00,4.88281E-02
2.2846824E-01,1.76758E+00,2.92969E-02
2.2848672E-01,1.86523E+00,2.92969E-02
2.2850520E-01,1.82617E+00,4.88281E-02
2.2852368E-01,1.80664E+00,-9.76562E-03
2.2854216E-01,1.86523E+00,4.88281E-02
2.2856064E-01,1.80664E+00,-9.76562E-03
2.2857912E-01,1.84570E+00,4.88281E-02
2.2859760E-01,1.90430E+00,4.88281E-02
2.2861608E-01,1.76758E+00,8.78906E-02
2.2863456E-01,1.80664E+00,-6.83594E-02
2.2865304E-01,1.84570E+00,4.88281E-02
2.2867152E-01,1.86523E+00,9.76562E-03
2.2869000E-01,1.84570E+00,4.88281E-02
2.2870848E-01,1.88477E+00,4.88281E-02
2.2872696E-01,1.80664E+00,2.92969E-02
2.2874544E-01,1.94336E+00,4.88281E-02
2.2876392E-01,1.82617E+00,2.92969E-02
2.2878240E-01,1.78711E+00,8.78906E-02
2.2880088E-01,1.80664E+00,4.88281E-02
2.2881936E-01,1.90430E+00,-9.76562E-03
2.2883784E-01,1.86523E+00,9.76562E-03
2.2885632E-01,1.96289E+00,9.76562E-03
2.2887480E-01,1.84570E+00,2.92969E-02
2.2889328E-01,1.80664E+00,9.76562E-03
2.2891176E-01,1.94336E+00,6.83594E-02
2.2893024E-01,1.90430E+00,9.76562E-03
2.2894872E-01,1.88477E+00,4.88281E-02
2.2896720E-01,1.90430E+00,8.78906E-02
2.2898568E-01,1.84570E+00,2.92969E-02
2.2900416E-01,1.92383E+00,1.07422E-01
2.2902264E-01,1.86523E+00,2.92969E-02
2.2904112E-01,1.88477E+00,-4.88281E-02
2.2905960E-01,1.84570E+00,4.88281E-02
2.2907808E-01,1.82617E+00,9.76562E-03
2.2909656E-01,1.76758E+00,9.76562E-03
2.2911504E-01,1.88477E+00,2.92969E-02
2.2913352E-01,1.82617E+00,2.92969E-02
2.2915200E-01,1.88477E+00,-9.76562E-03
2.2917048E-01,1.84570E+00,4.88281E-02
2.2918896E-01,1.86523E+00,9.76562E-03
2.2920744E-01,1.84570E+00,9.76562E-03
2.2922592E-01,1.78711E+00,-9.76562E-03
2.2924440E-01,1.78711E+00,4.88281E-02
2.2926288E-01,1.82617E+00,4.88281E-02
2.2928136E-01,1.86523E+00,6.83594E-02
2.2929984E-01,1.86523E+00,9.76562E-03
2.2931832E-01,1.82617E+00,4.88281E-02
2.2933680E-01,1.78711E+00,9.76562E-03
2.2935528E-01,1.84570E+00,1.26953E-01
2.2937376E-01,1.84570E+00,4.88281E-02
2.2939224E-01,1.84570E+00,9.76562E-03
2.2941072E-01,1.78711E+00,6.83594E-02
2.2942920E-01,1.88477E+00,9.76562E-03
2.2944768E-01,1.74805E+00,-9.76562E-03
2.2946616E-01,1.84570E+00,2.92969E-02
2.2948464E-01,1.86523E+00,2.92969E-02
2.2950312E-01,1.80664E+00,2.92969E-02
2.2952160E-01,1.88477E+00,9.76562E-03
2.2954008E-01,1.84570E+00,6.83594E-02
2.2955856E-01,1.90430E+00,9.76562E-03
2.2957704E-01,1.88477E+00,6.83594E-02
2.2959552E-01,1.94336E+00,4.88281E-02
2.2961400E-01,1.84570E+00,-4.88281E-02
2.2963248E-01,1.82617E+00,4.88281E-02
2.2965096E-01,1.90430E+00,2.92969E-02
2.2966944E-01,1.86523E+00,-2.92969E-02
2.2968792E-01,1.78711E+00,1.26953E-01
2.2970640E-01,1.82617E+00,9.76562E-03
2.2972488E-01,1.84570E+00,6.83594E-02
2.2974336E-01,1.86523E+00,6.83594E-02
2.2976184E-01,1.78711E+00,8.78906E-02
2.2978032E-01,1.84570E+00,2.92969E-02
2.2979880E-01,1.86523E+00,4.88281E-02
2.2981728E-01,1.86523E+00,6.83594E-02
2.2983576E-01,1.90430E+00,9.76562E-03
2.2985424E-01,1.84570E+00,4.88281E-02
2.2987272E-01,1.80664E+00,-4.88281E-02
2.2989120E-01,1.84570E+00,9.76562E-03
2.2990968E-01,1.80664E+00,4.88281E-02
2.2992816E-01,1.80664E+00,6.83594E-02
2.2994664E-01,1.90430E+00,-2.92969E-02
2.2996512E-01,1.92383E+00,-9.76562E-03
2.2998360E-01,1.84570E+00,4.88281E-02
2.3000208E-01,1.86523E+00,2.92969E-02
2.3002056E-01,1.80664E+00,1.07422E-01
2.3003904E-01,1.86523E+00,9.76562E-03
2.3005752E-01,1.84570E+00,2.92969E-02
2.3007600E-01,1.88477E+00,9.76562E-03
2.3009448E-01,1.82617E+00,4.88281E-02
2.3011296E-01,1.92383E+00,4.88281E-02
2.3013144E-01,1.84570E+00,1.26953E-01
2.3014992E-01,1.90430E+00,2.92969E-02
2.3016840E-01,1.84570E+00,4.88281E-02
2.3018688E-01,1.82617E+00,4.88281E-02
2.3020536E-01,1.80664E+00,4.88281E-02
2.3022384E-01,1.92383E+00,4.88281E-02
2.3024232E-01,1.86523E+00,9.76562E-03
2.3026080E-01,1.90430E+00,2.92969E-02
2.3027928E-01,1.90430E+00,6.83594E-02
2.3029776E-01,1.86523E+00,-9.76562E-03
2.3031624E-01,1.84570E+00,1.26953E-01
2.3033472E-01,1.88477E+00,2.92969E-02
2.3035320E-01,1.84570E+00,9.76562E-03
2.3037168E-01,1.78711E+00,9.76562E-03
2.3039016E-01,1.86523E+00,4.88281E-02
2.3040864E-01,1.90430E+00,9.76562E-03
2.3042712E-01,1.92383E+00,2.92969E-02
2.3044560E-01,1.80664E+00,-2.92969E-02
2.3046408E-01,1.82617E+00,6.83594E-02
2.3048256E-01,1.82617E+00,9.76562E-03
2.3050104E-01,1.86523E+00,6.83594E-02
2.3051952E-01,1.84570E+00,4.88281E-02
2.3053800E-01,1.88477E+00,2.92969E-02
2.3055648E-01,1.84570E+00,-2.92969E-02
2.3057496E-01,1.84570E+00,2.92969E-02
2.3059344E-01,1.86523E+00,-2.92969E-02
2.3061192E-01,1.80664E+00,6.83594E-02
2.3063040E-01,1.88477E+00,9.76562E-03
2.3064888E-01,1.86523E+00,6.83594E-02
2.3066736E-01,1.86523E+00,-9.76562E-03
2.3068584E-01,1.84570E+00,4.88281E-02
2.3070432E-01,1.80664E+00,6.83594E-02
2.3072280E-01,1.82617E+00,-9.76562E-03
2.3074128E-01,1.88477E+00,4.88281E-02
2.3075976E-01,1.82617E+00,4.88281E-02
2.3077824E-01,1.86523E+00,-9.76562E-03
2.3079672E-01,1.84570E+00,4.88281E-02
2.3081520E-01,1.84570E+00,2.92969E-02
2.3083368E-01,1.86523E+00,2.92969E-02
2.3085216E-01,1.86523E+00,9.76562E-03
2.3087064E-01,1.78711E+00,8.78906E-02
2.3088912E-01,1.88477E+00,-2.92969E-02
2.3090760E-01,1.86523E+00,2.92969E-02
2.3092608E-01,1.88477E+00,9.76562E-03
2.3094456E-01,1.88477E+00,9.76562E-03
2.3096304E-01,1.82617E+00,9.76562E-03
2.3098152E-01,1.82617E+00,-9.76562E-03
2.3100000E-01,1.90430E+00,-9.76562E-03
2.3101848E-01,1.84570E+00,-9.76562E-03
2.3103696E-01,1.88477E+00,2.92969E-02
2.3105544E-01,1.84570E+00,2.92969E-02
2.3107392E-01,1.90430E+00,6.83594E-02
2.3109240E-01,1.94336E+00,9.76562E-03
2.3111088E-01,1.86523E+00,-9.76562E-03
2.3112936E-01,1.82617E+00,4.88281E-02
2.3114784E-01,1.80664E+00,-9.76562E-03
2.3116632E-01,1.82617E+00,2.92969E-02
2.3118480E-01,1.90430E+00,-9.76562E-03
2.3120328E-01,1.84570E+00,2.92969E-02
2.3122176E-01,1.86523E+00,4.88281E-02
2.3124024E-01,1.88477E+00,1.07422E-01
2.3125872E-01,1.86523E+00,4.88281E-02
2.3127720E-01,1.80664E+00,6.83594E-02
2.3129568E-01,1.90430E+00,2.92969E-02
2.3131416E-01,1.84570E+00,4.88281E-02
2.3133264E-01,1.94336E+00,-9.76562E-03
2.3135112E-01,1.84570E+00,4.88281E-02
2.3136960E-01,1.88477E+00,6.83594E-02
2.3138808E-01,1.82617E+00,-9.76562E-03
2.3140656E-01,1.92383E+00,9.76562E-03
2.3142504E-01,1.82617E+00,4.88281E-02
2.3144352E-01,1.80664E+00,4.88281E-02
2.3146200E-01,1.80664E+00,2.92969E-02
2.3148048E-01,1.80664E+00,9.76562E-03
2.3149896E-01,1.84570E+00,6.83594E-02
2.3151744E-01,1.86523E+00,9.76562E-03
2.3153592E-01,1.78711E+00,2.92969E-02
2.3155440E-01,1.90430E+00,4.88281E-02
2.3157288E-01,1.84570E+00,2.92969E-02
2.3159136E-01,1.86523E+00,4.88281E-02
2.3160984E-01,1.86523E+00,6.83594E-02
2.3162832E-01,1.90430E+00,-9.76562E-03
2.3164680E-01,1.78711E+00,8.78906E-02
2.3166528E-01,1.76758E+00,9.76562E-03
2.3168376E-01,1.88477E+00,9.76562E-03
2.3170224E-01,1.86523E+00,9.76562E-03
2.3172072E-01,1.86523E+00,8.78906E-02
2.3173920E-01,1.82617E+00,-2.92969E-02
2.3175768E-01,1.82617E+00,6.83594E-02
2.3177616E-01,1.86523E+00,9.76562E-03
2.3179464E-01,1.80664E+00,9.76562E-03
2.3181312E-01,1.84570E+00,9.76562E-03
2.3183160E-01,1.90430E+00,9.76562E-03
2.3185008E-01,1.80664E+00,9.76562E-03
2.3186856E-01,1.90430E+00,6.83594E-02
2.3188704E-01,1.88477E+00,4.88281E-02
2.3190552E-01,1.84570E+00,8.78906E-02
2.3192400E-01,1.96289E+00,4.88281E-02
2.3194248E-01,1.78711E+00,-9.76562E-03
2.3196096E-01,1.86523E+00,2.92969E-02
2.3197944E-01,1.82617E+00,9.76562E-03
2.3199792E-01,1.92383E+00,9.76562E-03
2.3201640E-01,1.80664E+00,8.78906E-02
2.3203488E-01,1.86523E+00,9.76562E-03
2.3205336E-01,1.84570E+00,6.83594E-02
2.3207184E-01,1.80664E+00,9.76562E-03
2.3209032E-01,1.86523E+00,4.88281E-02
2.3210880E-01,1.80664E+00,2.92969E-02
2.3212728E-01,1.82617E+00,4.88281E-02
2.3214576E-01,1.86523E+00,6.83594E-02
2.3216424E-01,1.80664E+00,-9.76562E-03
2.3218272E-01,1.92383E+00,6.83594E-02
2.3220120E-01,1.88477E+00,9.76562E-03
2.3221968E-01,1.88477E+00,-9.76562E-03
2.3223816E-01,1.88477E+00,4.88281E-02
2.3225664E-01,1.88477E+00,-9.76562E-03
2.3227512E-01,1.92383E+00,2.92969E-02
2.3229360E-01,1.86523E+00,1.07422E-01
2.3231208E-01,1.92383E+00,2.92969E-02
2.3233056E-01,1.88477E+00,9.76562E-03
2.3234904E-01,1.78711E+00,4.88281E-02
2.3236752E-01,1.90430E+00,9.76562E-03
2.3238600E-01,1.86523E+00,6.83594E-02
2.3240448E-01,1.86523E+00,4.88281E-02
2.3242296E-01,1.92383E+00,1.26953E-01
2.3244144E-01,1.80664E+00,6.83594E-02
2.3245992E-01,1.82617E+00,9.76562E-03
2.3247840E-01,1.88477E+00,4.88281E-02
2.3249688E-01,1.82617E+00,2.92969E-02
2.3251536E-01,1.94336E+00,-4.88281E-02
2.3253384E-01,1.78711E+00,6.83594E-02
2.3255232E-01,1.88477E+00,4.88281E-02
2.3257080E-01,1.80664E+00,4.88281E-02
2.3258928E-01,1.86523E+00,9.76562E-03
2.3260776E-01,1.84570E+00,9.76562E-03
2.3262624E-01,1.86523E+00,2.92969E-02
2.3264472E-01,1.88477E+00,6.83594E-02
2.3266320E-01,1.88477E+00,2.92969E-02
2.3268168E-01,1.86523E+00,2.92969E-02
2.3270016E-01,1.82617E+00,4.88281E-02
2.3271864E-01,1.92383E+00,9.76562E-03
2.3273712E-01,1.86523E+00,6.83594E-02
2.3275560E-01,1.84570E+00,6.83594E-02
2.3277408E-01,1.82617E+00,-2.92969E-02
2.3279256E-01,1.86523E+00,6.83594E-02
2.3281104E-01,1.90430E+00,4.88281E-02
2.3282952E-01,1.84570E+00,6.83594E-02
2.3284800E-01,1.90430E+00,4.88281E-02
2.3286648E-01,1.82617E+00,4.88281E-02
2.3288496E-01,1.86523E+00,9.76562E-03
2.3290344E-01,1.86523E+00,2.92969E-02
2.3292192E-01,1.88477E+00,6.83594E-02
2.3294040E-01,1.82617E+00,9.76562E-03
2.3295888E-01,1.76758E+00,9.76562E-03
2.3297736E-01,1.80664E+00,-9.76562E-03
2.3299584E-01,1.86523E+00,9.76562E-03
2.3301432E-01,1.82617E+00,6.83594E-02
2.3303280E-01,1.94336E+00,-2.92969E-02
2.3305128E-01,1.90430E+00,6.83594E-02
2.3306976E-01,1.86523E+00,4.88281E-02
2.3308824E-01,1.82617E+00,6.83594E-02
2.3310672E-01,1.90430E+00,2.92969E-02
2.3312520E-01,1.88477E+00,6.83594E-02
2.3314368E-01,1.90430E+00,-9.76562E-03
2.3316216E-01,1.82617E+00,6.83594E-02
2.3318064E-01,1.86523E+00,9.76562E-03
2.3319912E-01,1.86523E+00,6.83594E-02
2.3321760E-01,1.80664E+00,-9.76562E-03
2.3323608E-01,1.86523E+00,4.88281E-02
2.3325456E-01,1.92383E+00,4.88281E-02
2.3327304E-01,1.88477E+00,6.83594E-02
2.3329152E-01,1.80664E+00,9.76562E-03
2.3331000E-01,1.90430E+00,2.92969E-02
2.3332848E-01,1.90430E+00,2.92969E-02
2.3334696E-01,1.86523E+00,4.88281E-02
2.3336544E-01,1.96289E+00,9.76562E-03
2.3338392E-01,1.80664E+00,8.78906E-02
2.3340240E-01,1.84570E+00,9.76562E-03
2.3342088E-01,1.86523E+00,4.88281E-02
2.3343936E-01,1.84570E+00,2.92969E-02
2.3345784E-01,1.86523E+00,6.83594E-02
2.3347632E-01,1.86523E+00,2.92969E-02
2.3349480E-01,1.84570E+00,4.88281E-02
2.3351328E-01,1.88477E+00,-9.76562E-03
2.3353176E-01,1.84570E+00,2.92969E-02
2.3355024E-01,1.80664E+00,9.76562E-03
2.3356872E-01,1.86523E+00,8.78906E-02
2.3358720E-01,1.94336E+00,9.76562E-03
2.3360568E-01,1.84570E+00,9.76562E-03
2.3362416E-01,1.86523E+00,9.76562E-03
2.3364264E-01,1.84570E+00,6.83594E-02
2.3366112E-01,1.90430E+00,-9.76562E-03
2.3367960E-01,1.86523E+00,6.83594E-02
2.3369808E-01,1.84570E+00,9.76562E-03
2.3371656E-01,1.94336E+00,2.92969E-02
2.3373504E-01,1.84570E+00,4.88281E-02
2.3375352E-01,1.84570E+00,4.88281E-02
2.3377200E-01,1.86523E+00,-9.76562E-03
2.3379048E-01,1.80664E+00,9.76562E-03
2.3380896E-01,1.86523E+00,2.92969E-02
2.3382744E-01,1.94336E+00,2.92969E-02
2.3384592E-01,1.84570E+00,6.83594E-02
2.3386440E-01,1.80664E+00,4.88281E-02
2.3388288E-01,1.86523E+00,4.88281E-02
2.3390136E-01,1.84570E+00,6.83594E-02
2.3391984E-01,1.90430E+00,-2.92969E-02
2.3393832E-01,1.86523E+00,4.88281E-02
2.3395680E-01,1.90430E+00,9.76562E-03
2.3397528E-01,1.88477E+00,6.83594E-02
2.3399376E-01,1.86523E+00,-9.76562E-03
2.3401224E-01,1.88477E+00,8.78906E-02
2.3403072E-01,1.88477E+00,9.76562E-03
2.3404920E-01,1.88477E+00,2.92969E-02
2.3406768E-01,1.86523E+00,9.76562E-03
2.3408616E-01,1.76758E+00,2.92969E-02
2.3410464E-01,1.86523E+00,4.88281E-02
2.3412312E-01,1.80664E+00,-9.76562E-03
2.3414160E-01,1.90430E+00,9.76562E-03
2.3416008E-01,1.88477E+00,6.83594E-02
2.3417856E-01,1.80664E+00,9.76562E-03
2.3419704E-01,1.80664E+00,2.92969E-02
2.3421552E-01,1.96289E+00,2.92969E-02
2.3423400E-01,1.86523E+00,9.76562E-03
2.3425248E-01,1.94336E+00,9.76562E-03
2.3427096E-01,1.86523E+00,9.76562E-03
2.3428944E-01,1.92383E+00,-9.76562E-03
2.3430792E-01,1.88477E+00,1.26953E-01
2.3432640E-01,1.92383E+00,-9.76562E-03
2.3434488E-01,1.90430E+00,2.92969E-02
2.3436336E-01,1.88477E+00,9.76562E-03
2.3438184E-01,1.76758E+00,6.83594E-02
2.3440032E-01,1.86523E+00,2.92969E-02
2.3441880E-01,1.88477E+00,2.92969E-02
2.3443728E-01,1.88477E+00,9.76562E-03
2.3445576E-01,1.78711E+00,2.92969E-02
2.3447424E-01,1.92383E+00,2.92969E-02
2.3449272E-01,1.86523E+00,4.88281E-02
2.3451120E-01,1.84570E+00,9.76562E-03
2.3452968E-01,1.88477E+00,4.88281E-02
2.3454816E-01,1.92383E+00,9.76562E-03
2.3456664E-01,1.84570E+00,4.88281E-02
2.3458512E-01,1.92383E+00,-9.76562E-03
2.3460360E-01,1.84570E+00,4.88281E-02
2.3462208E-01,1.86523E+00,2.92969E-02
2.3464056E-01,1.86523E+00,9.76562E-03
2.3465904E-01,1.88477E+00,9.76562E-03
2.3467752E-01,1.82617E+00,4.88281E-02
2.3469600E-01,1.92383E+00,9.76562E-03
2.3471448E-01,1.88477E+00,2.92969E-02
2.3473296E-01,1.86523E+00,2.92969E-02
2.3475144E-01,1.78711E+00,4.88281E-02
2.3476992E-01,1.86523E+00,4.88281E-02
2.3478840E-01,1.94336E+00,2.92969E-02
2.3480688E-01,1.92383E+00,9.76562E-03
2.3482536E-01,1.84570E+00,4.88281E-02
2.3484384E-01,1.86523E+00,2.92969E-02
2.3486232E-01,1.84570E+00,4.88281E-02
2.3488080E-01,1.90430E+00,9.76562E-03
2.3489928E-01,1.82617E+00,2.92969E-02
2.3491776E-01,1.90430E+00,2.92969E-02
2.3493624E-01,1.82617E+00,6.83594E-02
2.3495472E-01,1.92383E+00,-4.88281E-02
2.3497320E-01,1.86523E+00,2.92969E-02
2.3499168E-01,1.88477E+00,-9.76562E-03
2.3501016E-01,1.84570E+00,1.07422E-01
2.3502864E-01,1.90430E+00,9.76562E-03
2.3504712E-01,1.88477E+00,1.07422E-01
2.3506560E-01,1.90430E+00,9.76562E-03
2.3508408E-01,1.84570E+00,9.76562E-03
2.3510256E-01,1.86523E+00,2.92969E-02
2.3512104E-01,1.86523E+00,1.46484E-01
2.3513952E-01,1.88477E+00,9.76562E-03
2.3515800E-01,1.80664E+00,2.92969E-02
2.3517648E-01,1.90430E+00,9.76562E-03
2.3519496E-01,1.82617E+00,4.88281E-02
2.3521344E-01,1.88477E+00,9.76562E-03
2.3523192E-01,1.90430E+00,6.83594E-02
2.3525040E-01,1.94336E+00,4.88281E-02
2.3526888E-01,1.84570E+00,2.92969E-02
2.3528736E-01,1.92383E+00,9.76562E-03
2.3530584E-01,1.86523E+00,-9.76562E-03
2.3532432E-01,1.86523E+00,2.92969E-02
2.3534280E-01,1.88477E+00,6.83594E-02
2.3536128E-01,1.92383E+00,2.92969E-02
2.3537976E-01,1.84570E+00,6.83594E-02
2.3539824E-01,1.86523E+00,4.88281E-02
2.3541672E-01,1.88477E+00,2.92969E-02
2.3543520E-01,1.86523E+00,9.76562E-03
2.3545368E-01,1.86523E+00,6.83594E-02
2.3547216E-01,1.92383E+00,2.92969E-02
2.3549064E-01,1.84570E+00,9.76562E-03
2.3550912E-01,1.82617E+00,4.88281E-02
2.3552760E-01,1.88477E+00,1.26953E-01
2.3554608E-01,1.82617E+00,4.88281E-02
2.3556456E-01,1.88477E+00,4.88281E-02
2.3558304E-01,1.90430E+00,9.76562E-03
2.3560152E-01,1.86523E+00,6.83594E-02
2.3562000E-01,1.92383E+00,-9.76562E-03
2.3563848E-01,1.88477E+00,9.76562E-03
2.3565696E-01,1.86523E+00,2.92969E-02
2.3567544E-01,1.84570E+00,6.83594E-02
2.3569392E-01,1.92383E+00,2.92969E-02
2.3571240E-01,1.88477E+00,2.92969E-02
2.3573088E-01,1.84570E+00,9.76562E-03
2.3574936E-01,1.88477E+00,4.88281E-02
2.3576784E-01,1.80664E+00,9.76562E-03
2.3578632E-01,1.84570E+00,4.88281E-02
2.3580480E-01,1.86523E+00,6.83594E-02
2.3582328E-01,1.86523E+00,6.83594E-02
2.3584176E-01,1.78711E+00,-9.76562E-03
2.3586024E-01,1.86523E+00,6.83594E-02
2.3587872E-01,1.88477E+00,-2.92969E-02
2.3589720E-01,1.82617E+00,8.78906E-02
2.3591568E-01,1.88477E+00,9.76562E-03
2.3593416E-01,1.90430E+00,1.07422E-01
2.3595264E-01,1.88477E+00,2.92969E-02
2.3597112E-01,1.90430E+00,6.83594E-02
2.3598960E-01,1.86523E+00,9.76562E-03
2.3600808E-01,1.84570E+00,6.83594E-02
2.3602656E-01,1.88477E+00,9.76562E-03
2.3604504E-01,1.84570E+00,6.83594E-02
2.3606352E-01,1.86523E+00,2.92969E-02
2.3608200E-01,1.82617E+00,8.78906E-02
2.3610048E-01,1.86523E+00,4.88281E-02
2.3611896E-01,1.88477E+00,4.88281E-02
2.3613744E-01,1.88477E+00,2.92969E-02
2.3615592E-01,1.82617E+00,2.92969E-02
2.3617440E-01,1.90430E+00,9.76562E-03
2.3619288E-01,1.90430E+00,2.92969E-02
2.3621136E-01,1.86523E+00,9.76562E-03
2.3622984E-01,1.84570E+00,4.88281E-02
2.3624832E-01,1.82617E+00,4.88281E-02
2.3626680E-01,1.84570E+00,-2.92969E-02
2.3628528E-01,1.82617E+00,6.83594E-02
2.3630376E-01,1.90430E+00,4.88281E-02
2.3632224E-01,1.90430E+00,-9.76562E-03
2.3634072E-01,1.88477E+00,6.83594E-02
2.3635920E-01,1.86523E+00,9.76562E-03
2.3637768E-01,1.82617E+00,9.76562E-03
2.3639616E-01,1.80664E+00,2.92969E-02
2.3641464E-01,1.84570E+00,8.78906E-02
2.3643312E-01,1.86523E+00,4.88281E-02
2.3645160E-01,1.90430E+00,1.07422E-01
2.3647008E-01,1.90430E+00,4.88281E-02
2.3648856E-01,1.90430E+00,9.76562E-03
2.3650704E-01,1.92383E+00,-9.76562E-03
2.3652552E-01,1.88477E+00,6.83594E-02
2.3654400E-01,1.92383E+00,-9.76562E-03
2.3656248E-01,1.92383E+00,6.83594E-02
2.3658096E-01,1.86523E+00,2.92969E-02
2.3659944E-01,1.84570E+00,9.76562E-03
2.3661792E-01,1.88477E+00,-4.88281E-02
2.3663640E-01,1.88477E+00,4.88281E-02
2.3665488E-01,1.88477E+00,-2.92969E-02
2.3667336E-01,1.82617E+00,4.88281E-02
2.3669184E-01,1.90430E+00,4.88281E-02
2.3671032E-01,1.86523E+00,4.88281E-02
2.3672880E-01,1.90430E+00,9.76562E-03
2.3674728E-01,1.82617E+00,2.92969E-02
2.3676576E-01,1.84570E+00,-4.88281E-02
2.3678424E-01,1.84570E+00,9.76562E-03
2.3680272E-01,1.86523E+00,4.88281E-02
2.3682120E-01,1.84570E+00,4.88281E-02
2.3683968E-01,1.90430E+00,6.83594E-02
2.3685816E-01,1.88477E+00,4.88281E-02
2.3687664E-01,1.92383E+00,2.92969E-02
2.3689512E-01,1.92383E+00,6.83594E-02
2.3691360E-01,1.90430E+00,-4.88281E-02
2.3693208E-01,1.84570E+00,8.78906E-02
2.3695056E-01,1.90430E+00,-9.76562E-03
2.3696904E-01,1.84570E+00,4.88281E-02
2.3698752E-01,1.82617E+00,9.76562E-03
2.3700600E-01,1.84570E+00,6.83594E-02
2.3702448E-01,1.86523E+00,-2.92969E-02
2.3704296E-01,1.82617E+00,2.92969E-02
2.3706144E-01,1.86523E+00,9.76562E-03
2.3707992E-01,1.88477E+00,1.07422E-01
2.3709840E-01,1.90430E+00,9.76562E-03
2.3711688E-01,1.84570E+00,1.26953E-01
2.3713536E-01,1.96289E+00,9.76562E-03
2.3715384E-01,1.86523E+00,4.88281E-02
2.3717232E-01,1.86523E+00,4.88281E-02
2.3719080E-01,1.88477E+00,9.76562E-03
2.3720928E-01,1.90430E+00,9.76562E-03
2.3722776E-01,1.84570E+00,2.92969E-02
2.3724624E-01,1.90430E+00,6.83594E-02
2.3726472E-01,1.82617E+00,6.83594E-02
2.3728320E-01,1.92383E+00,-2.92969E-02
2.3730168E-01,1.84570E+00,6.83594E-02
2.3732016E-01,1.94336E+00,-9.76562E-03
2.3733864E-01,1.86523E+00,6.83594E-02
2.3735712E-01,1.88477E+00,6.83594E-02
2.3737560E-01,1.86523E+00,2.92969E-02
2.3739408E-01,1.84570E+00,6.83594E-02
2.3741256E-01,1.84570E+00,4.88281E-02
2.3743104E-01,1.92383E+00,-9.76562E-03
2.3744952E-01,1.84570E+00,9.76562E-03
2.3746800E-01,1.92383E+00,-4.88281E-02
2.3748648E-01,1.90430E+00,2.92969E-02
2.3750496E-01,1.86523E+00,4.88281E-02
2.3752344E-01,1.84570E+00,4.88281E-02
2.3754192E-01,1.86523E+00,-4.88281E-02
2.3756040E-01,1.84570E+00,9.76562E-03
2.3757888E-01,1.90430E+00,2.92969E-02
2.3759736E-01,1.84570E+00,9.76562E-03
2.3761584E-01,1.86523E+00,2.92969E-02
2.3763432E-01,1.86523E+00,4.88281E-02
2.3765280E-01,1.84570E+00,-9.76562E-03
2.3767128E-01,1.84570E+00,4.88281E-02
2.3768976E-01,1.92383E+00,4.88281E-02
2.3770824E-01,1.92383E+00,4.88281E-02
2.3772672E-01,1.92383E+00,4.88281E-02
2.3774520E-01,1.82617E+00,9.76562E-03
2.3776368E-01,1.88477E+00,4.88281E-02
2.3778216E-01,1.96289E+00,2.92969E-02
2.3780064E-01,1.96289E+00,9.76562E-03
2.3781912E-01,1.92383E+00,4.88281E-02
2.3783760E-01,1.86523E+00,2.92969E-02
2.3785608E-01,1.88477E+00,6.83594E-02
2.3787456E-01,1.92383E+00,-4.88281E-02
2.3789304E-01,1.96289E+00,-9.76562E-03
2.3791152E-01,1.88477E+00,6.83594E-02
2.3793000E-01,1.92383E+00,2.92969E-02
2.3794848E-01,1.90430E+00,2.92969E-02
2.3796696E-01,1.84570E+00,1.07422E-01
2.3798544E-01,1.94336E+00,2.92969E-02
2.3800392E-01,1.90430E+00,9.76562E-03
2.3802240E-01,1.94336E+00,2.92969E-02
2.3804088E-01,1.86523E+00,6.83594E-02
2.3805936E-01,1.90430E+00,-9.76562E-03
2.3807784E-01,1.80664E+00,2.92969E-02
2.3809632E-01,1.94336E+00,-9.76562E-03
2.3811480E-01,1.86523E+00,8.78906E-02
2.3813328E-01,1.86523E+00,9.76562E-03
2.3815176E-01,1.86523E+00,1.07422E-01
2.3817024E-01,1.88477E+00,-9.76562E-03
2.3818872E-01,1.90430E+00,1.26953E-01
2.3820720E-01,1.88477E+00,9.76562E-03
2.3822568E-01,1.84570E+00,6.83594E-02
2.3824416E-01,1.88477E+00,9.76562E-03
2.3826264E-01,1.84570E+00,2.92969E-02
2.3828112E-01,1.86523E+00,4.88281E-02
2.3829960E-01,1.86523E+00,9.76562E-03
2.3831808E-01,1.82617E+00,2.92969E-02
2.3833656E-01,1.86523E+00,2.92969E-02
2.3835504E-01,1.86523E+00,6.83594E-02
2.3837352E-01,1.84570E+00,2.92969E-02
2.3839200E-01,1.90430E+00,9.76562E-03
2.3841048E-01,1.92383E+00,6.83594E-02
2.3842896E-01,1.88477E+00,1.07422E-01
2.3844744E-01,1.86523E+00,1.07422E-01
2.3846592E-01,1.90430E+00,9.76562E-03
2.3848440E-01,1.84570E+00,2.92969E-02
2.3850288E-01,1.84570E+00,-6.83594E-02
2.3852136E-01,1.92383E+00,2.92969E-02
2.3853984E-01,1.86523E+00,9.76562E-03
2.3855832E-01,1.90430E+00,2.92969E-02
2.3857680E-01,1.84570E+00,-4.88281E-02
2.3859528E-01,1.84570E+00,6.83594E-02
2.3861376E-01,1.86523E+00,2.92969E-02
2.3863224E-01,1.86523E+00,6.83594E-02
2.3865072E-01,1.90430E+00,4.88281E-02
2.3866920E-01,1.92383E+00,9.76562E-03
2.3868768E-01,1.92383E+00,-2.92969E-02
2.3870616E-01,1.84570E+00,1.07422E-01
2.3872464E-01,1.94336E+00,9.76562E-03
2.3874312E-01,1.94336E+00,4.88281E-02
2.3876160E-01,1.86523E+00,2.92969E-02
2.3878008E-01,1.86523E+00,2.92969E-02
2.3879856E-01,1.84570E+00,4.88281E-02
2.3881704E-01,1.86523E+00,1.07422E-01
2.3883552E-01,1.84570E+00,9.76562E-03
2.3885400E-01,1.92383E+00,9.76562E-03
2.3887248E-01,1.86523E+00,9.76562E-03
2.3889096E-01,1.86523E+00,4.88281E-02
2.3890944E-01,1.80664E+00,9.76562E-03
2.3892792E-01,1.82617E+00,6.83594E-02
2.3894640E-01,1.90430E+00,-9.76562E-03
2.3896488E-01,1.80664E+00,4.88281E-02
2.3898336E-01,1.96289E+00,4.88281E-02
2.3900184E-01,1.84570E+00,4.88281E-02
2.3902032E-01,1.90430E+00,2.92969E-02
2.3903880E-01,1.88477E+00,4.88281E-02
2.3905728E-01,1.88477E+00,4.88281E-02
2.3907576E-01,1.86523E+00,1.26953E-01
2.3909424E-01,1.86523E+00,-4.88281E-02
2.3911272E-01,1.88477E+00,1.07422E-01
2.3913120E-01,1.80664E+00,9.76562E-03
2.3914968E-01,1.86523E+00,4.88281E-02
2.3916816E-01,1.86523E+00,-9.76562E-03
2.3918664E-01,1.92383E+00,1.26953E-01
2.3920512E-01,1.94336E+00,2.92969E-02
2.3922360E-01,1.88477E+00,6.83594E-02
2.3924208E-01,1.94336E+00,4.88281E-02
2.3926056E-01,1.82617E+00,2.92969E-02
2.3927904E-01,1.96289E+00,6.83594E-02
2.3929752E-01,1.90430E+00,4.88281E-02
2.3931600E-01,1.88477E+00,-2.92969E-02
2.3933448E-01,1.88477E+00,4.88281E-02
2.3935296E-01,1.92383E+00,2.92969E-02
2.3937144E-01,1.78711E+00,9.76562E-03
2.3938992E-01,1.88477E+00,4.88281E-02
2.3940840E-01,1.86523E+00,1.46484E-01
2.3942688E-01,1.90430E+00,-2.92969E-02
2.3944536E-01,1.90430E+00,2.92969E-02
2.3946384E-01,1.82617E+00,-9.76562E-03
2.3948232E-01,1.88477E+00,4.88281E-02
2.3950080E-01,1.90430E+00,4.88281E-02
2.3951928E-01,1.90430E+00,6.83594E-02
2.3953776E-01,1.88477E+00,2.92969E-02
2.3955624E-01,1.86523E+00,6.83594E-02
2.3957472E-01,1.92383E+00,9.76562E-03
2.3959320E-01,1.94336E+00,-9.76562E-03
2.3961168E-01,1.94336E+00,2.92969E-02
2.3963016E-01,1.84570E+00,-2.92969E-02
2.3964864E-01,1.86523E+00,9.76562E-03
2.3966712E-01,1.84570E+00,2.92969E-02
2.3968560E-01,1.90430E+00,9.76562E-03
2.3970408E-01,1.82617E+00,9.76562E-03
2.3972256E-01,1.92383E+00,-9.76562E-03
2.3974104E-01,1.86523E+00,6.83594E-02
2.3975952E-01,1.88477E+00,9.76562E-03
2.3977800E-01,1.84570E+00,9.76562E-03
2.3979648E-01,1.88477E+00,4.88281E-02
2.3981496E-01,1.90430E+00,4.88281E-02
2.3983344E-01,1.92383E+00,2.92969E-02
2.3985192E-01,1.92383E+00,2.92969E-02
2.3987040E-01,1.88477E+00,4.88281E-02
2.3988888E-01,1.90430E+00,6.83594E-02
2.3990736E-01,1.92383E+00,-9.76562E-03
2.3992584E-01,1.88477E+00,4.88281E-02
2.3994432E-01,1.88477E+00,-9.76562E-03
2.3996280E-01,1.88477E+00,4.88281E-02
2.3998128E-01,1.94336E+00,9.76562E-03
2.3999976E-01,1.94336E+00,4.88281E-02
2.4001824E-01,1.90430E+00,-4.88281E-02
2.4003672E-01,1.86523E+00,2.92969E-02
2.4005520E-01,1.88477E+00,-9.76562E-03
2.4007368E-01,1.90430E+00,9.76562E-03
2.4009216E-01,1.86523E+00,-9.76562E-03
2.4011064E-01,1.92383E+00,2.92969E-02
2.4012912E-01,1.88477E+00,6.83594E-02
2.4014760E-01,1.90430E+00,4.88281E-02
2.4016608E-01,1.92383E+00,9.76562E-03
2.4018456E-01,1.92383E+00,2.92969E-02
2.4020304E-01,1.86523E+00,9.76562E-03
2.4022152E-01,1.86523E+00,9.76562E-03
2.4024000E-01,1.86523E+00,4.88281E-02
2.4025848E-01,1.86523E+00,6.83594E-02
2.4027696E-01,1.86523E+00,6.83594E-02
2.4029544E-01,1.84570E+00,9.76562E-03
2.4031392E-01,1.86523E+00,6.83594E-02
2.4033240E-01,1.86523E+00,6.83594E-02
2.4035088E-01,1.96289E+00,2.92969E-02
2.4036936E-01,1.92383E+00,2.92969E-02
2.4038784E-01,1.86523E+00,-2.92969E-02
2.4040632E-01,1.88477E+00,4.88281E-02
2.4042480E-01,1.96289E+00,2.92969E-02
2.4044328E-01,1.82617E+00,2.92969E-02
2.4046176E-01,1.98242E+00,9.76562E-03
2.4048024E-01,1.84570E+00,6.83594E-02
2.4049872E-01,1.92383E+00,2.92969E-02
2.4051720E-01,1.94336E+00,4.88281E-02
2.4053568E-01,1.88477E+00,4.88281E-02
2.4055416E-01,1.88477E+00,2.92969E-02
2.4057264E-01,1.92383E+00,2.92969E-02
2.4059112E-01,1.88477E+00,9.76562E-03
2.4060960E-01,1.86523E+00,-9.76562E-03
2.4062808E-01,1.84570E+00,1.26953E-01
2.4064656E-01,1.94336E+00,2.92969E-02
2.4066504E-01,1.90430E+00,4.88281E-02
2.4068352E-01,1.92383E+00,6.83594E-02
2.4070200E-01,1.84570E+00,-2.92969E-02
2.4072048E-01,1.92383E+00,9.76562E-03
2.4073896E-01,1.82617E+00,6.83594E-02
2.4075744E-01,1.92383E+00,2.92969E-02
2.4077592E-01,1.96289E+00,6.83594E-02
2.4079440E-01,1.96289E+00,4.88281E-02
2.4081288E-01,1.86523E+00,9.76562E-03
2.4083136E-01,1.88477E+00,4.88281E-02
2.4084984E-01,1.90430E+00,8.78906E-02
2.4086832E-01,1.86523E+00,9.76562E-03
2.4088680E-01,1.92383E+00,6.83594E-02
2.4090528E-01,1.94336E+00,4.88281E-02
2.4092376E-01,1.80664E+00,9.76562E-03
2.4094224E-01,1.86523E+00,9.76562E-03
2.4096072E-01,1.86523E+00,8.78906E-02
2.4097920E-01,1.92383E+00,9.76562E-03
2.4099768E-01,1.88477E+00,6.83594E-02
2.4101616E-01,1.94336E+00,-9.76562E-03
2.4103464E-01,1.84570E+00,9.76562E-03
2.4105312E-01,1.90430E+00,2.92969E-02
2.4107160E-01,1.92383E+00,4.88281E-02
2.4109008E-01,1.90430E+00,-9.76562E-03
2.4110856E-01,1.84570E+00,2.92969E-02
2.4112704E-01,1.86523E+00,4.88281E-02
2.4114552E-01,1.94336E+00,8.78906E-02
2.4116400E-01,1.94336E+00,-9.76562E-03
2.4118248E-01,1.86523E+00,6.83594E-02
2.4120096E-01,1.98242E+00,2.92969E-02
2.4121944E-01,1.80664E+00,2.92969E-02
2.4123792E-01,1.86523E+00,-4.88281E-02
2.4125640E-01,1.90430E+00,4.88281E-02
2.4127488E-01,1.94336E+00,-9.76562E-03
2.4129336E-01,1.86523E+00,2.92969E-02
2.4131184E-01,1.86523E+00,9.76562E-03
2.4133032E-01,1.86523E+00,4.88281E-02
2.4134880E-01,1.92383E+00,9.76562E-03
2.4136728E-01,1.96289E+00,2.92969E-02
2.4138576E-01,1.90430E+00,4.88281E-02
2.4140424E-01,1.84570E+00,2.92969E-02
2.4142272E-01,1.90430E+00,-9.76562E-03
2.4144120E-01,1.88477E+00,6.83594E-02
2.4145968E-01,1.90430E+00,-9.76562E-03
2.4147816E-01,1.86523E+00,2.92969E-02
2.4149664E-01,1.98242E+00,9.76562E-03
2.4151512E-01,1.82617E+00,8.78906E-02
2.4153360E-01,1.90430E+00,9.76562E-03
2.4155208E-01,1.90430E+00,6.83594E-02
2.4157056E-01,1.90430E+00,4.88281E-02
2.4158904E-01,1.86523E+00,6.83594E-02
2.4160752E-01,1.88477E+00,4.88281E-02
2.4162600E-01,1.88477E+00,2.92969E-02
2.4164448E-01,1.84570E+00,2.92969E-02
2.4166296E-01,1.88477E+00,2.92969E-02
2.4168144E-01,1.86523E+00,4.88281E-02
2.4169992E-01,1.88477E+00,9.76562E-03
2.4171840E-01,1.86523E+00,9.76562E-03
2.4173688E-01,1.88477E+00,2.92969E-02
2.4175536E-01,1.92383E+00,2.92969E-02
2.4177384E-01,1.84570E+00,4.88281E-02
2.4179232E-01,1.88477E+00,4.88281E-02
2.4181080E-01,1.86523E+00,8.78906E-02
2.4182928E-01,1.94336E+00,9.76562E-03
2.4184776E-01,1.84570E+00,4.88281E-02
2.4186624E-01,1.88477E+00,6.83594E-02
2.4188472E-01,1.92383E+00,6.83594E-02
2.4190320E-01,1.86523E+00,-9.76562E-03
2.4192168E-01,2.00195E+00,2.92969E-02
2.4194016E-01,1.92383E+00,1.07422E-01
2.4195864E-01,1.92383E+00,9.76562E-03
2.4197712E-01,1.92383E+00,4.88281E-02
2.4199560E-01,1.92383E+00,4.88281E-02
2.4201408E-01,1.92383E+00,4.88281E-02
2.4203256E-01,1.86523E+00,6.83594E-02
2.4205104E-01,1.94336E+00,4.88281E-02
2.4206952E-01,1.84570E+00,6.83594E-02
2.4208800E-01,1.90430E+00,2.92969E-02
2.4210648E-01,1.86523E+00,2.92969E-02
2.4212496E-01,1.92383E+00,4.88281E-02
2.4214344E-01,1.86523E+00,6.83594E-02
2.4216192E-01,1.88477E+00,9.76562E-03
2.4218040E-01,1.88477E+00,4.88281E-02
2.4219888E-01,1.94336E+00,9.76562E-03
2.4221736E-01,1.94336E+00,9.76562E-03
2.4223584E-01,1.86523E+00,-9.76562E-03
2.4225432E-01,1.88477E+00,8.78906E-02
2.4227280E-01,1.92383E+00,9.76562E-03
2.4229128E-01,1.88477E+00,4.88281E-02
2.4230976E-01,1.92383E+00,9.76562E-03
2.4232824E-01,1.88477E+00,6.83594E-02
2.4234672E-01,1.96289E+00,-9.76562E-03
2.4236520E-01,1.84570E+00,1.26953E-01
2.4238368E-01,1.90430E+00,4.88281E-02
2.4240216E-01,1.90430E+00,9.76562E-03
2.4242064E-01,1.90430E+00,4.88281E-02
2.4243912E-01,1.88477E+00,6.83594E-02
2.4245760E-01,1.92383E+00,-9.76562E-03
2.4247608E-01,1.86523E+00,4.88281E-02
2.4249456E-01,1.86523E+00,9.76562E-03
2.4251304E-01,1.86523E+00,-9.76562E-03
2.4253152E-01,1.98242E+00,9.76562E-03
2.4255000E-01,1.94336E+00,4.88281E-02
2.4256848E-01,1.86523E+00,2.92969E-02
2.4258696E-01,1.92383E+00,2.92969E-02
2.4260544E-01,2.00195E+00,-2.92969E-02
2.4262392E-01,1.82617E+00,2.92969E-02
2.4264240E-01,1.94336E+00,-9.76562E-03
2.4266088E-01,1.94336E+00,4.88281E-02
2.4267936E-01,1.92383E+00,9.76562E-03
2.4269784E-01,1.86523E+00,9.76562E-03
2.4271632E-01,1.90430E+00,9.76562E-03
2.4273480E-01,1.94336E+00,8.78906E-02
2.4275328E-01,1.80664E+00,9.76562E-03
2.4277176E-01,1.90430E+00,2.92969E-02
2.4279024E-01,1.80664E+00,4.88281E-02
2.4280872E-01,1.82617E+00,2.92969E-02
2.4282720E-01,1.94336E+00,-9.76562E-03
2.4284568E-01,1.86523E+00,2.92969E-02
2.4286416E-01,1.92383E+00,9.76562E-03
2.4288264E-01,1.88477E+00,-4.88281E-02
2.4290112E-01,1.86523E+00,4.88281E-02
2.4291960E-01,1.86523E+00,6.83594E-02
2.4293808E-01,1.88477E+00,9.76562E-03
2.4295656E-01,1.94336E+00,9.76562E-03
2.4297504E-01,1.88477E+00,9.76562E-03
2.4299352E-01,1.82617E+00,9.76562E-03
2.4301200E-01,1.86523E+00,4.88281E-02
2.4303048E-01,1.90430E+00,2.92969E-02
2.4304896E-01,1.92383E+00,6.83594E-02
2.4306744E-01,1.84570E+00,4.88281E-02
2.4308592E-01,1.86523E+00,6.83594E-02
2.4310440E-01,1.84570E+00,4.88281E-02
2.4312288E-01,1.82617E+00,2.92969E-02
2.4314136E-01,1.88477E+00,4.88281E-02
2.4315984E-01,1.88477E+00,9.76562E-03
2.4317832E-01,1.86523E+00,9.76562E-03
2.4319680E-01,1.94336E+00,9.76562E-03
2.4321528E-01,1.94336E+00,2.92969E-02
2.4323376E-01,1.86523E+00,9.76562E-03
2.4325224E-01,1.86523E+00,4.88281E-02
2.4327072E-01,1.92383E+00,9.76562E-03
2.4328920E-01,1.92383E+00,2.92969E-02
2.4330768E-01,1.92383E+00,9.76562E-03
2.4332616E-01,1.96289E+00,4.88281E-02
2.4334464E-01,1.88477E+00,2.92969E-02
2.4336312E-01,1.94336E+00,6.83594E-02
2.4338160E-01,1.92383E+00,2.92969E-02
2.4340008E-01,1.90430E+00,4.88281E-02
2.4341856E-01,1.94336E+00,2.92969E-02
2.4343704E-01,1.84570E+00,1.07422E-01
2.4345552E-01,1.92383E+00,2.92969E-02
2.4347400E-01,1.88477E+00,2.92969E-02
2.4349248E-01,1.86523E+00,-2.92969E-02
2.4351096E-01,1.86523E+00,2.92969E-02
2.4352944E-01,1.96289E+00,9.76562E-03
2.4354792E-01,1.92383E+00,6.83594E-02
2.4356640E-01,1.94336E+00,9.76562E-03
2.4358488E-01,1.88477E+00,6.83594E-02
2.4360336E-01,1.94336E+00,-9.76562E-03
2.4362184E-01,1.90430E+00,6.83594E-02
2.4364032E-01,1.92383E+00,4.88281E-02
2.4365880E-01,1.92383E+00,6.83594E-02
2.4367728E-01,1.94336E+00,2.92969E-02
2.4369576E-01,1.86523E+00,2.92969E-02
2.4371424E-01,1.94336E+00,4.88281E-02
2.4373272E-01,1.86523E+00,8.78906E-02
2.4375120E-01,1.96289E+00,4.88281E-02
2.4376968E-01,1.86523E+00,6.83594E-02
2.4378816E-01,1.92383E+00,9.76562E-03
2.4380664E-01,1.96289E+00,6.83594E-02
2.4382512E-01,1.92383E+00,8.78906E-02
2.4384360E-01,1.86523E+00,6.83594E-02
2.4386208E-01,1.94336E+00,9.76562E-03
2.4388056E-01,1.84570E+00,6.83594E-02
2.4389904E-01,1.92383E+00,2.92969E-02
2.4391752E-01,1.84570E+00,9.76562E-03
2.4393600E-01,1.86523E+00,2.92969E-02
2.4395448E-01,1.86523E+00,4.88281E-02
2.4397296E-01,1.88477E+00,9.76562E-03
2.4399144E-01,1.88477E+00,1.26953E-01
2.4400992E-01,1.92383E+00,4.88281E-02
2.4402840E-01,1.86523E+00,6.83594E-02
2.4404688E-01,1.84570E+00,4.88281E-02
2.4406536E-01,1.90430E+00,4.88281E-02
2.4408384E-01,1.92383E+00,9.76562E-03
2.4410232E-01,1.86523E+00,2.92969E-02
2.4412080E-01,1.86523E+00,9.76562E-03
2.4413928E-01,1.84570E+00,6.83594E-02
2.4415776E-01,1.86523E+00,2.92969E-02
2.4417624E-01,1.92383E+00,1.07422E-01
2.4419472E-01,1.94336E+00,-6.83594E-02
2.4421320E-01,1.96289E+00,2.92969E-02
2.4423168E-01,1.84570E+00,2.92969E-02
2.4425016E-01,1.90430E+00,4.88281E-02
2.4426864E-01,1.94336E+00,9.76562E-03
2.4428712E-01,1.90430E+00,1.07422E-01
2.4430560E-01,1.92383E+00,-4.88281E-02
2.4432408E-01,1.86523E+00,6.83594E-02
2.4434256E-01,1.92383E+00,-9.76562E-03
2.4436104E-01,1.90430E+00,6.83594E-02
2.4437952E-01,1.92383E+00,4.88281E-02
2.4439800E-01,1.86523E+00,6.83594E-02
2.4441648E-01,1.88477E+00,-2.92969E-02
2.4443496E-01,1.90430E+00,2.92969E-02
2.4445344E-01,1.98242E+00,9.76562E-03
2.4447192E-01,1.84570E+00,9.76562E-03
2.4449040E-01,1.90430E+00,9.76562E-03
2.4450888E-01,1.94336E+00,2.92969E-02
2.4452736E-01,1.94336E+00,4.88281E-02
2.4454584E-01,1.88477E+00,2.92969E-02
2.4456432E-01,2.00195E+00,9.76562E-03
2.4458280E-01,1.90430E+00,4.88281E-02
2.4460128E-01,1.88477E+00,9.76562E-03
2.4461976E-01,1.92383E+00,4.88281E-02
2.4463824E-01,1.92383E+00,-9.76562E-03
2.4465672E-01,1.90430E+00,4.88281E-02
2.4467520E-01,1.94336E+00,4.88281E-02
2.4469368E-01,1.90430E+00,9.76562E-03
2.4471216E-01,1.94336E+00,9.76562E-03
2.4473064E-01,1.90430E+00,-9.76562E-03
2.4474912E-01,1.90430E+00,9.76562E-03
2.4476760E-01,1.88477E+00,4.88281E-02
2.4478608E-01,1.94336E+00,-2.92969E-02
2.4480456E-01,1.92383E+00,9.76562E-03
2.4482304E-01,1.90430E+00,4.88281E-02
2.4484152E-01,1.92383E+00,4.88281E-02
2.4486000E-01,2.00195E+00,4.88281E-02
2.4487848E-01,1.86523E+00,6.83594E-02
2.4489696E-01,1.86523E+00,6.83594E-02
2.4491544E-01,1.82617E+00,4.88281E-02
2.4493392E-01,1.96289E+00,4.88281E-02
2.4495240E-01,1.74805E+00,2.92969E-02
2.4497088E-01,1.90430E+00,4.88281E-02
2.4498936E-01,1.86523E+00,1.07422E-01
2.4500784E-01,1.90430E+00,6.83594E-02
2.4502632E-01,1.92383E+00,6.83594E-02
2.4504480E-01,1.88477E+00,-2.92969E-02
2.4506328E-01,1.92383E+00,8.78906E-02
2.4508176E-01,1.96289E+00,4.88281E-02
2.4510024E-01,1.84570E+00,4.88281E-02
2.4511872E-01,1.90430E+00,9.76562E-03
2.4513720E-01,1.84570E+00,2.92969E-02
2.4515568E-01,1.88477E+00,9.76562E-03
2.4517416E-01,1.88477E+00,9.76562E-03
2.4519264E-01,1.94336E+00,2.92969E-02
2.4521112E-01,1.88477E+00,2.92969E-02
2.4522960E-01,1.90430E+00,-9.76562E-03
2.4524808E-01,1.94336E+00,6.83594E-02
2.4526656E-01,1.94336E+00,2.92969E-02
2.4528504E-01,1.82617E+00,4.88281E-02
2.4530352E-01,1.86523E+00,-2.92969E-02
2.4532200E-01,1.88477E+00,4.88281E-02
2.4534048E-01,1.94336E+00,-9.76562E-03
2.4535896E-01,1.94336E+00,4.88281E-02
2.4537744E-01,1.86523E+00,9.76562E-03
2.4539592E-01,1.84570E+00,6.83594E-02
2.4541440E-01,1.92383E+00,-2.92969E-02
2.4543288E-01,1.90430E+00,8.78906E-02
2.4545136E-01,2.00195E+00,4.88281E-02
2.4546984E-01,1.94336E+00,4.88281E-02
2.4548832E-01,1.84570E+00,-9.76562E-03
2.4550680E-01,1.88477E+00,1.07422E-01
2.4552528E-01,1.80664E+00,9.76562E-03
2.4554376E-01,1.88477E+00,6.83594E-02
2.4556224E-01,1.92383E+00,2.92969E-02
2.4558072E-01,1.94336E+00,2.92969E-02
2.4559920E-01,1.94336E+00,4.88281E-02
2.4561768E-01,1.88477E+00,6.83594E-02
2.4563616E-01,1.90430E+00,4.88281E-02
2.4565464E-01,1.98242E+00,4.88281E-02
2.4567312E-01,1.92383E+00,-9.76562E-03
2.4569160E-01,1.92383E+00,9.76562E-03
2.4571008E-01,1.96289E+00,4.88281E-02
2.4572856E-01,1.86523E+00,6.83594E-02
2.4574704E-01,1.92383E+00,2.92969E-02
2.4576552E-01,1.88477E+00,-2.92969E-02
2.4578400E-01,1.82617E+00,-9.76562E-03
2.4580248E-01,1.88477E+00,2.92969E-02
2.4582096E-01,1.94336E+00,9.76562E-03
2.4583944E-01,1.92383E+00,2.92969E-02
2.4585792E-01,1.86523E+00,4.88281E-02
2.4587640E-01,1.94336E+00,9.76562E-03
2.4589488E-01,1.92383E+00,2.92969E-02
2.4591336E-01,1.86523E+00,4.88281E-02
2.4593184E-01,1.96289E+00,-2.92969E-02
2.4595032E-01,1.92383E+00,4.88281E-02
2.4596880E-01,1.92383E+00,6.83594E-02
2.4598728E-01,1.88477E+00,2.92969E-02
2.4600576E-01,1.92383E+00,-9.76562E-03
2.4602424E-01,1.88477E+00,4.88281E-02
2.4604272E-01,1.90430E+00,4.88281E-02
2.4606120E-01,1.88477E+00,6.83594E-02
2.4607968E-01,1.94336E+00,2.92969E-02
2.4609816E-01,1.90430E+00,4.88281E-02
2.4611664E-01,1.88477E+00,9.76562E-03
2.4613512E-01,1.88477E+00,9.76562E-03
2.4615360E-01,1.88477E+00,-9.76562E-03
2.4617208E-01,1.90430E+00,4.88281E-02
2.4619056E-01,1.90430E+00,4.88281E-02
2.4620904E-01,1.88477E+00,9.76562E-03
2.4622752E-01,1.92383E+00,2.92969E-02
2.4624600E-01,1.94336E+00,2.92969E-02
2.4626448E-01,1.90430E+00,9.76562E-03
2.4628296E-01,1.92383E+00,8.78906E-02
2.4630144E-01,1.90430E+00,2.92969E-02
2.4631992E-01,1.94336E+00,2.92969E-02
2.4633840E-01,1.94336E+00,9.76562E-03
2.4635688E-01,1.92383E+00,8.78906E-02
2.4637536E-01,1.96289E+00,9.76562E-03
2.4639384E-01,1.90430E+00,9.76562E-03
2.4641232E-01,1.92383E+00,9.76562E-03
2.4643080E-01,1.86523E+00,9.76562E-03
2.4644928E-01,1.88477E+00,8.78906E-02
2.4646776E-01,1.86523E+00,9.76562E-03
2.4648624E-01,1.90430E+00,4.88281E-02
2.4650472E-01,1.94336E+00,2.92969E-02
2.4652320E-01,1.94336E+00,2.92969E-02
2.4654168E-01,1.92383E+00,6.83594E-02
2.4656016E-01,1.92383E+00,6.83594E-02
2.4657864E-01,1.88477E+00,4.88281E-02
2.4659712E-01,1.88477E+00,4.88281E-02
2.4661560E-01,1.88477E+00,6.83594E-02
2.4663408E-01,1.92383E+00,2.92969E-02
2.4665256E-01,1.88477E+00,6.83594E-02
2.4667104E-01,1.88477E+00,4.88281E-02
2.4668952E-01,1.92383E+00,8.78906E-02
2.4670800E-01,1.96289E+00,-2.92969E-02
2.4672648E-01,1.94336E+00,6.83594E-02
2.4674496E-01,1.92383E+00,-9.76562E-03
2.4676344E-01,1.90430E+00,4.88281E-02
2.4678192E-01,1.94336E+00,4.88281E-02
2.4680040E-01,1.88477E+00,4.88281E-02
2.4681888E-01,1.88477E+00,-9.76562E-03
2.4683736E-01,1.90430E+00,4.88281E-02
2.4685584E-01,1.90430E+00,9.76562E-03
2.4687432E-01,1.92383E+00,4.88281E-02
2.4689280E-01,1.94336E+00,9.76562E-03
2.4691128E-01,1.90430E+00,2.92969E-02
2.4692976E-01,1.90430E+00,2.92969E-02
2.4694824E-01,1.88477E+00,9.76562E-03
2.4696672E-01,1.92383E+00,-9.76562E-03
2.4698520E-01,1.90430E+00,6.83594E-02
2.4700368E-01,2.00195E+00,9.76562E-03
2.4702216E-01,1.90430E+00,8.78906E-02
2.4704064E-01,1.92383E+00,9.76562E-03
2.4705912E-01,1.78711E+00,2.92969E-02
2.4707760E-01,1.96289E+00,2.92969E-02
2.4709608E-01,1.88477E+00,6.83594E-02
2.4711456E-01,1.86523E+00,4.88281E-02
2.4713304E-01,1.94336E+00,4.88281E-02
2.4715152E-01,1.86523E+00,4.88281E-02
2.4717000E-01,1.90430E+00,2.92969E-02
2.4718848E-01,1.94336E+00,6.83594E-02
2.4720696E-01,1.90430E+00,9.76562E-03
2.4722544E-01,1.96289E+00,2.92969E-02
2.4724392E-01,1.90430E+00,4.88281E-02
2.4726240E-01,1.86523E+00,4.88281E-02
2.4728088E-01,1.90430E+00,1.07422E-01
2.4729936E-01,1.94336E+00,2.92969E-02
2.4731784E-01,1.90430E+00,6.83594E-02
2.4733632E-01,1.94336E+00,2.92969E-02
2.4735480E-01,1.90430E+00,2.92969E-02
2.4737328E-01,1.92383E+00,2.92969E-02
2.4739176E-01,1.86523E+00,6.83594E-02
2.4741024E-01,1.98242E+00,9.76562E-03
2.4742872E-01,1.88477E+00,9.76562E-03
2.4744720E-01,1.94336E+00,2.92969E-02
2.4746568E-01,1.90430E+00,4.88281E-02
2.4748416E-01,1.94336E+00,4.88281E-02
2.4750264E-01,1.82617E+00,4.88281E-02
2.4752112E-01,1.94336E+00,-2.92969E-02
2.4753960E-01,1.92383E+00,4.88281E-02
2.4755808E-01,1.86523E+00,4.88281E-02
2.4757656E-01,1.92383E+00,9.76562E-03
2.4759504E-01,1.88477E+00,2.92969E-02
2.4761352E-01,1.96289E+00,-6.83594E-02
2.4763200E-01,1.94336E+00,6.83594E-02
2.4765048E-01,1.92383E+00,2.92969E-02
2.4766896E-01,1.90430E+00,-2.92969E-02
2.4768744E-01,1.84570E+00,4.88281E-02
2.4770592E-01,1.90430E+00,9.76562E-03
2.4772440E-01,1.88477E+00,-9.76562E-03
2.4774288E-01,1.92383E+00,9.76562E-03
2.4776136E-01,1.94336E+00,4.88281E-02
2.4777984E-01,1.94336E+00,-9.76562E-03
2.4779832E-01,1.90430E+00,2.92969E-02
2.4781680E-01,1.90430E+00,2.92969E-02
2.4783528E-01,1.84570E+00,6.83594E-02
2.4785376E-01,1.96289E+00,2.92969E-02
2.4787224E-01,1.86523E+00,-4.88281E-02
2.4789072E-01,1.88477E+00,-9.76562E-03
2.4790920E-01,1.92383E+00,-4.88281E-02
2.4792768E-01,1.92383E+00,9.76562E-03
2.4794616E-01,1.96289E+00,9.76562E-03
2.4796464E-01,1.86523E+00,4.88281E-02
2.4798312E-01,1.92383E+00,9.76562E-03
2.4800160E-01,1.90430E+00,9.76562E-03
2.4802008E-01,1.92383E+00,4.88281E-02
2.4803856E-01,1.94336E+00,4.88281E-02
2.4805704E-01,1.94336E+00,4.88281E-02
2.4807552E-01,1.88477E+00,2.92969E-02
2.4809400E-01,1.92383E+00,9.76562E-03
2.4811248E-01,1.92383E+00,-9.76562E-03
2.4813096E-01,1.92383E+00,9.76562E-03
2.4814944E-01,1.94336E+00,6.83594E-02
2.4816792E-01,1.94336E+00,2.92969E-02
2.4818640E-01,1.88477E+00,2.92969E-02
2.4820488E-01,1.96289E+00,-9.76562E-03
2.4822336E-01,1.92383E+00,-6.83594E-02
2.4824184E-01,1.90430E+00,9.76562E-03
2.4826032E-01,1.86523E+00,-9.76562E-03
2.4827880E-01,1.92383E+00,9.76562E-03
2.4829728E-01,1.90430E+00,2.92969E-02
2.4831576E-01,1.86523E+00,4.88281E-02
2.4833424E-01,1.96289E+00,9.76562E-03
2.4835272E-01,1.96289E+00,2.92969E-02
2.4837120E-01,2.00195E+00,-2.92969E-02
2.4838968E-01,1.90430E+00,-9.76562E-03
2.4840816E-01,1.96289E+00,2.92969E-02
2.4842664E-01,1.86523E+00,6.83594E-02
2.4844512E-01,1.88477E+00,9.76562E-03
2.4846360E-01,1.94336E+00,2.92969E-02
2.4848208E-01,1.94336E+00,-2.92969E-02
2.4850056E-01,1.92383E+00,4.88281E-02
2.4851904E-01,1.92383E+00,-9.76562E-03
2.4853752E-01,1.92383E+00,2.92969E-02
2.4855600E-01,1.94336E+00,-2.92969E-02
2.4857448E-01,1.92383E+00,6.83594E-02
2.4859296E-01,1.92383E+00,-2.92969E-02
2.4861144E-01,1.90430E+00,4.88281E-02
2.4862992E-01,1.98242E+00,2.92969E-02
2.4864840E-01,1.90430E+00,6.83594E-02
2.4866688E-01,1.94336E+00,9.76562E-03
2.4868536E-01,2.02148E+00,4.88281E-02
2.4870384E-01,1.98242E+00,4.88281E-02
2.4872232E-01,1.96289E+00,2.92969E-02
2.4874080E-01,1.94336E+00,9.76562E-03
2.4875928E-01,1.90430E+00,4.88281E-02
2.4877776E-01,1.94336E+00,4.88281E-02
2.4879624E-01,2.00195E+00,2.92969E-02
2.4881472E-01,1.92383E+00,2.92969E-02
2.4883320E-01,1.92383E+00,9.76562E-03
2.4885168E-01,2.00195E+00,-2.92969E-02
2.4887016E-01,1.94336E+00,2.92969E-02
2.4888864E-01,1.94336E+00,2.92969E-02
2.4890712E-01,1.86523E+00,4.88281E-02
2.4892560E-01,1.96289E+00,2.92969E-02
2.4894408E-01,1.94336E+00,2.92969E-02
2.4896256E-01,1.90430E+00,2.92969E-02
2.4898104E-01,1.90430E+00,9.76562E-03
2.4899952E-01,1.94336E+00,-9.76562E-03
2.4901800E-01,1.94336E+00,6.83594E-02
2.4903648E-01,2.00195E+00,2.92969E-02
2.4905496E-01,1.96289E+00,2.92969E-02
2.4907344E-01,1.96289E+00,9.76562E-03
2.4909192E-01,1.94336E+00,6.83594E-02
2.4911040E-01,1.98242E+00,4.88281E-02
2.4912888E-01,1.96289E+00,4.88281E-02
2.4914736E-01,1.88477E+00,6.83594E-02
2.4916584E-01,1.88477E+00,4.88281E-02
2.4918432E-01,1.96289E+00,2.92969E-02
2.4920280E-01,1.86523E+00,4.88281E-02
2.4922128E-01,1.98242E+00,2.92969E-02
2.4923976E-01,1.90430E+00,6.83594E-02
2.4925824E-01,1.94336E+00,4.88281E-02
2.4927672E-01,2.00195E+00,9.76562E-03
2.4929520E-01,1.94336E+00,2.92969E-02
2.4931368E-01,1.84570E+00,2.92969E-02
2.4933216E-01,1.88477E+00,4.88281E-02
2.4935064E-01,1.96289E+00,4.88281E-02
2.4936912E-01,1.90430E+00,4.88281E-02
2.4938760E-01,1.94336E+00,4.88281E-02
2.4940608E-01,1.94336E+00,9.76562E-03
2.4942456E-01,1.94336E+00,4.88281E-02
2.4944304E-01,1.92383E+00,2.92969E-02
2.4946152E-01,1.92383E+00,1.07422E-01
2.4948000E-01,2.00195E+00,9.76562E-03
2.4949848E-01,1.86523E+00,9.76562E-03
2.4951696E-01,1.88477E+00,4.88281E-02
2.4953544E-01,1.86523E+00,6.83594E-02
2.4955392E-01,1.86523E+00,4.88281E-02
2.4957240E-01,1.88477E+00,9.76562E-03
2.4959088E-01,1.98242E+00,9.76562E-03
2.4960936E-01,1.96289E+00,2.92969E-02
2.4962784E-01,1.92383E+00,4.88281E-02
2.4964632E-01,1.88477E+00,6.83594E-02
2.4966480E-01,1.94336E+00,2.92969E-02
2.4968328E-01,1.94336E+00,9.76562E-03
2.4970176E-01,1.94336E+00,4.88281E-02
2.4972024E-01,1.90430E+00,9.76562E-03
2.4973872E-01,1.94336E+00,-9.76562E-03
2.4975720E-01,1.94336E+00,4.88281E-02
2.4977568E-01,2.00195E+00,9.76562E-03
2.4979416E-01,1.94336E+00,2.92969E-02
2.4981264E-01,1.94336E+00,4.88281E-02
2.4983112E-01,1.90430E+00,2.92969E-02
2.4984960E-01,1.94336E+00,-9.76562E-03
2.4986808E-01,1.90430E+00,2.92969E-02
2.4988656E-01,1.88477E+00,4.88281E-02
2.4990504E-01,2.00195E+00,4.88281E-02
2.4992352E-01,1.96289E+00,4.88281E-02
2.4994200E-01,1.94336E+00,2.92969E-02
2.4996048E-01,1.88477E+00,6.83594E-02
2.4997896E-01,1.92383E+00,2.92969E-02
2.4999744E-01,1.92383E+00,-9.76562E-03
2.5001592E-01,1.94336E+00,4.88281E-02
2.5003440E-01,1.92383E+00,-9.76562E-03
2.5005288E-01,1.96289E+00,2.92969E-02
2.5007136E-01,1.96289E+00,9.76562E-03
2.5008984E-01,1.92383E+00,4.88281E-02
2.5010832E-01,1.92383E+00,9.76562E-03
2.5012680E-01,1.94336E+00,6.83594E-02
2.5014528E-01,1.94336E+00,2.92969E-02
2.5016376E-01,1.88477E+00,6.83594E-02
2.5018224E-01,1.90430E+00,9.76562E-03
2.5020072E-01,1.90430E+00,4.88281E-02
2.5021920E-01,1.92383E+00,-9.76562E-03
2.5023768E-01,1.88477E+00,-2.92969E-02
2.5025616E-01,1.94336E+00,2.92969E-02
2.5027464E-01,1.90430E+00,2.92969E-02
2.5029312E-01,1.94336E+00,9.76562E-03
2.5031160E-01,1.94336E+00,9.76562E-03
2.5033008E-01,1.92383E+00,9.76562E-03
2.5034856E-01,1.94336E+00,9.76562E-03
2.5036704E-01,2.00195E+00,4.88281E-02
2.5038552E-01,1.94336E+00,6.83594E-02
2.5040400E-01,1.98242E+00,2.92969E-02
2.5042248E-01,1.88477E+00,2.92969E-02
2.5044096E-01,1.94336E+00,4.88281E-02
2.5045944E-01,1.92383E+00,2.92969E-02
2.5047792E-01,1.88477E+00,2.92969E-02
2.5049640E-01,1.94336E+00,1.26953E-01
2.5051488E-01,1.90430E+00,9.76562E-03
2.5053336E-01,1.88477E+00,2.92969E-02
2.5055184E-01,1.98242E+00,6.83594E-02
2.5057032E-01,1.84570E+00,4.88281E-02
2.5058880E-01,1.92383E+00,6.83594E-02
2.5060728E-01,1.92383E+00,6.83594E-02
2.5062576E-01,1.94336E+00,9.76562E-03
2.5064424E-01,1.92383E+00,6.83594E-02
2.5066272E-01,1.98242E+00,9.76562E-03
2.5068120E-01,1.90430E+00,6.83594E-02
2.5069968E-01,1.90430E+00,-9.76562E-03
2.5071816E-01,1.98242E+00,9.76562E-03
2.5073664E-01,1.92383E+00,6.83594E-02
2.5075512E-01,1.84570E+00,6.83594E-02
2.5077360E-01,1.94336E+00,4.88281E-02
2.5079208E-01,1.94336E+00,2.92969E-02
2.5081056E-01,2.00195E+00,6.83594E-02
2.5082904E-01,1.90430E+00,4.88281E-02
2.5084752E-01,1.96289E+00,9.76562E-03
2.5086600E-01,1.94336E+00,4.88281E-02
2.5088448E-01,1.90430E+00,-9.76562E-03
2.5090296E-01,1.96289E+00,2.92969E-02
2.5092144E-01,1.92383E+00,-2.92969E-02
2.5093992E-01,1.94336E+00,4.88281E-02
2.5095840E-01,1.94336E+00,4.88281E-02
2.5097688E-01,1.98242E+00,-4.88281E-02
2.5099536E-01,2.00195E+00,-9.76562E-03
2.5101384E-01,1.96289E+00,4.88281E-02
2.5103232E-01,1.96289E+00,2.92969E-02
2.5105080E-01,1.94336E+00,6.83594E-02
2.5106928E-01,1.86523E+00,-6.83594E-02
2.5108776E-01,1.92383E+00,6.83594E-02
2.5110624E-01,1.96289E+00,-9.76562E-03
2.5112472E-01,1.90430E+00,1.07422E-01
2.5114320E-01,2.00195E+00,4.88281E-02
2.5116168E-01,1.94336E+00,6.83594E-02
2.5118016E-01,1.94336E+00,4.88281E-02
2.5119864E-01,1.98242E+00,1.26953E-01
2.5121712E-01,2.00195E+00,2.92969E-02
2.5123560E-01,1.92383E+00,6.83594E-02
2.5125408E-01,1.94336E+00,4.88281E-02
2.5127256E-01,1.88477E+00,9.76562E-03
2.5129104E-01,1.94336E+00,-9.76562E-03
2.5130952E-01,1.92383E+00,4.88281E-02
2.5132800E-01,1.98242E+00,6.83594E-02
2.5134648E-01,1.96289E+00,6.83594E-02
2.5136496E-01,1.94336E+00,2.92969E-02
2.5138344E-01,1.96289E+00,6.83594E-02
2.5140192E-01,1.92383E+00,2.92969E-02
2.5142040E-01,1.92383E+00,6.83594E-02
2.5143888E-01,2.00195E+00,2.92969E-02
2.5145736E-01,1.92383E+00,6.83594E-02
2.5147584E-01,1.90430E+00,9.76562E-03
2.5149432E-01,1.86523E+00,9.76562E-03
2.5151280E-01,1.94336E+00,2.92969E-02
2.5153128E-01,1.94336E+00,6.83594E-02
2.5154976E-01,1.98242E+00,9.76562E-03
2.5156824E-01,1.94336E+00,9.76562E-03
2.5158672E-01,1.96289E+00,4.88281E-02
2.5160520E-01,1.94336E+00,2.92969E-02
2.5162368E-01,2.00195E+00,2.92969E-02
2.5164216E-01,1.94336E+00,9.76562E-03
2.5166064E-01,1.88477E+00,2.92969E-02
2.5167912E-01,1.92383E+00,2.92969E-02
2.5169760E-01,1.96289E+00,9.76562E-03
2.5171608E-01,1.94336E+00,4.88281E-02
2.5173456E-01,1.94336E+00,-4.88281E-02
2.5175304E-01,1.90430E+00,4.88281E-02
2.5177152E-01,1.96289E+00,9.76562E-03
2.5179000E-01,1.84570E+00,6.83594E-02
2.5180848E-01,2.00195E+00,-4.88281E-02
2.5182696E-01,1.90430E+00,2.92969E-02
2.5184544E-01,1.90430E+00,-9.76562E-03
2.5186392E-01,1.94336E+00,6.83594E-02
2.5188240E-01,1.90430E+00,6.83594E-02
2.5190088E-01,1.92383E+00,8.78906E-02
2.5191936E-01,1.96289E+00,-4.88281E-02
2.5193784E-01,2.00195E+00,4.88281E-02
2.5195632E-01,1.94336E+00,-9.76562E-03
2.5197480E-01,2.00195E+00,-2.92969E-02
2.5199328E-01,1.94336E+00,2.92969E-02
2.5201176E-01,1.96289E+00,9.76562E-03
2.5203024E-01,1.96289E+00,2.92969E-02
2.5204872E-01,1.90430E+00,2.92969E-02
2.5206720E-01,1.92383E+00,4.88281E-02
2.5208568E-01,1.90430E+00,2.92969E-02
2.5210416E-01,1.98242E+00,-2.92969E-02
2.5212264E-01,1.92383E+00,9.76562E-03
2.5214112E-01,1.94336E+00,9.76562E-03
2.5215960E-01,1.94336E+00,2.92969E-02
2.5217808E-01,1.94336E+00,2.92969E-02
2.5219656E-01,1.92383E+00,8.78906E-02
2.5221504E-01,1.88477E+00,2.92969E-02
2.5223352E-01,1.94336E+00,2.92969E-02
2.5225200E-01,2.02148E+00,4.88281E-02
2.5227048E-01,1.94336E+00,-9.76562E-03
2.5228896E-01,1.92383E+00,9.76562E-03
2.5230744E-01,1.90430E+00,6.83594E-02
2.5232592E-01,1.92383E+00,4.88281E-02
2.5234440E-01,1.94336E+00,8.78906E-02
2.5236288E-01,1.92383E+00,9.76562E-03
2.5238136E-01,1.98242E+00,1.26953E-01
2.5239984E-01,1.92383E+00,2.92969E-02
2.5241832E-01,1.90430E+00,2.92969E-02
2.5243680E-01,1.92383E+00,-9.76562E-03
2.5245528E-01,1.90430E+00,9.76562E-03
2.5247376E-01,1.90430E+00,4.88281E-02
2.5249224E-01,1.90430E+00,4.88281E-02
2.5251072E-01,1.98242E+00,-9.76562E-03
2.5252920E-01,1.88477E+00,-9.76562E-03
2.5254768E-01,1.96289E+00,2.92969E-02
2.5256616E-01,2.00195E+00,4.88281E-02
2.5258464E-01,1.98242E+00,2.92969E-02
2.5260312E-01,1.90430E+00,6.83594E-02
2.5262160E-01,2.00195E+00,2.92969E-02
2.5264008E-01,1.90430E+00,4.88281E-02
2.5265856E-01,2.00195E+00,9.76562E-03
2.5267704E-01,1.90430E+00,6.83594E-02
2.5269552E-01,1.96289E+00,-9.76562E-03
2.5271400E-01,1.92383E+00,4.88281E-02
2.5273248E-01,1.94336E+00,-9.76562E-03
2.5275096E-01,1.90430E+00,6.83594E-02
2.5276944E-01,1.92383E+00,2.92969E-02
2.5278792E-01,1.90430E+00,9.76562E-03
2.5280640E-01,1.92383E+00,9.76562E-03
2.5282488E-01,1.94336E+00,6.83594E-02
2.5284336E-01,1.96289E+00,4.88281E-02
2.5286184E-01,1.96289E+00,4.88281E-02
2.5288032E-01,1.90430E+00,1.07422E-01
2.5289880E-01,1.92383E+00,4.88281E-02
2.5291728E-01,2.02148E+00,-2.92969E-02
2.5293576E-01,1.90430E+00,9.76562E-03
2.5295424E-01,1.94336E+00,-2.92969E-02
2.5297272E-01,1.94336E+00,9.76562E-03
2.5299120E-01,1.94336E+00,9.76562E-03
2.5300968E-01,1.98242E+00,8.78906E-02
2.5302816E-01,2.04102E+00,9.76562E-03
2.5304664E-01,1.94336E+00,8.78906E-02
2.5306512E-01,1.88477E+00,4.88281E-02
2.5308360E-01,1.90430E+00,9.76562E-03
2.5310208E-01,1.92383E+00,9.76562E-03
2.5312056E-01,2.00195E+00,2.92969E-02
2.5313904E-01,1.92383E+00,2.92969E-02
2.5315752E-01,1.90430E+00,2.92969E-02
2.5317600E-01,1.96289E+00,9.76562E-03
2.5319448E-01,1.92383E+00,4.88281E-02
2.5321296E-01,1.98242E+00,4.88281E-02
2.5323144E-01,1.88477E+00,2.92969E-02
2.5324992E-01,1.90430E+00,9.76562E-03
2.5326840E-01,1.96289E+00,8.78906E-02
2.5328688E-01,2.04102E+00,4.88281E-02
2.5330536E-01,1.94336E+00,6.83594E-02
2.5332384E-01,1.96289E+00,4.88281E-02
2.5334232E-01,1.94336E+00,2.92969E-02
2.5336080E-01,1.96289E+00,2.92969E-02
2.5337928E-01,1.96289E+00,9.76562E-03
2.5339776E-01,1.92383E+00,-2.92969E-02
2.5341624E-01,1.96289E+00,9.76562E-03
2.5343472E-01,1.90430E+00,-9.76562E-03
2.5345320E-01,1.98242E+00,9.76562E-03
2.5347168E-01,2.02148E+00,2.92969E-02
2.5349016E-01,1.92383E+00,2.92969E-02
2.5350864E-01,1.96289E+00,2.92969E-02
2.5352712E-01,1.94336E+00,4.88281E-02
2.5354560E-01,2.00195E+00,6.83594E-02
2.5356408E-01,1.88477E+00,4.88281E-02
2.5358256E-01,1.96289E+00,9.76562E-03
2.5360104E-01,1.96289E+00,2.92969E-02
2.5361952E-01,1.94336E+00,2.92969E-02
2.5363800E-01,1.84570E+00,6.83594E-02
2.5365648E-01,2.00195E+00,-4.88281E-02
2.5367496E-01,1.86523E+00,4.88281E-02
2.5369344E-01,2.00195E+00,9.76562E-03
2.5371192E-01,1.98242E+00,2.92969E-02
2.5373040E-01,1.96289E+00,-2.92969E-02
2.5374888E-01,1.94336E+00,4.88281E-02
2.5376736E-01,1.90430E+00,9.76562E-03
2.5378584E-01,1.88477E+00,2.92969E-02
2.5380432E-01,2.00195E+00,2.92969E-02
2.5382280E-01,1.92383E+00,6.83594E-02
2.5384128E-01,1.94336E+00,6.83594E-02
2.5385976E-01,1.94336E+00,8.78906E-02
2.5387824E-01,2.00195E+00,9.76562E-03
2.5389672E-01,1.94336E+00,4.88281E-02
2.5391520E-01,1.92383E+00,8.78906E-02
2.5393368E-01,1.98242E+00,4.88281E-02
2.5395216E-01,1.96289E+00,9.76562E-03
2.5397064E-01,1.94336E+00,4.88281E-02
2.5398912E-01,1.96289E+00,-2.92969E-02
2.5400760E-01,1.84570E+00,2.92969E-02
2.5402608E-01,1.84570E+00,2.92969E-02
2.5404456E-01,1.94336E+00,-2.92969E-02
2.5406304E-01,1.92383E+00,4.88281E-02
2.5408152E-01,1.92383E+00,4.88281E-02
2.5410000E-01,1.92383E+00,4.88281E-02
2.5411848E-01,1.92383E+00,4.88281E-02
2.5413696E-01,1.96289E+00,9.76562E-03
2.5415544E-01,1.94336E+00,6.83594E-02
2.5417392E-01,1.94336E+00,9.76562E-03
2.5419240E-01,1.88477E+00,2.92969E-02
2.5421088E-01,1.94336E+00,4.88281E-02
2.5422936E-01,1.96289E+00,2.92969E-02
2.5424784E-01,2.00195E+00,2.92969E-02
2.5426632E-01,1.90430E+00,6.83594E-02
2.5428480E-01,1.94336E+00,2.92969E-02
2.5430328E-01,1.92383E+00,6.83594E-02
2.5432176E-01,1.92383E+00,9.76562E-03
2.5434024E-01,1.94336E+00,4.88281E-02
2.5435872E-01,1.96289E+00,4.88281E-02
2.5437720E-01,1.94336E+00,6.83594E-02
2.5439568E-01,1.94336E+00,2.92969E-02
2.5441416E-01,1.92383E+00,6.83594E-02
2.5443264E-01,1.94336E+00,2.92969E-02
2.5445112E-01,1.92383E+00,9.76562E-03
2.5446960E-01,2.00195E+00,9.76562E-03
2.5448808E-01,1.96289E+00,2.92969E-02
2.5450656E-01,2.00195E+00,8.78906E-02
2.5452504E-01,1.92383E+00,8.78906E-02
2.5454352E-01,1.94336E+00,9.76562E-03
2.5456200E-01,1.94336E+00,9.76562E-03
2.5458048E-01,1.90430E+00,4.88281E-02
2.5459896E-01,1.94336E+00,4.88281E-02
2.5461744E-01,1.94336E+00,-9.76562E-03
2.5463592E-01,1.94336E+00,2.92969E-02
2.5465440E-01,1.88477E+00,-9.76562E-03
2.5467288E-01,1.92383E+00,8.78906E-02
2.5469136E-01,1.94336E+00,6.83594E-02
2.5470984E-01,1.92383E+00,1.26953E-01
2.5472832E-01,1.96289E+00,9.76562E-03
2.5474680E-01,1.92383E+00,2.92969E-02
2.5476528E-01,2.00195E+00,2.92969E-02
2.5478376E-01,1.98242E+00,8.78906E-02
2.5480224E-01,1.94336E+00,9.76562E-03
2.5482072E-01,1.88477E+00,8.78906E-02
2.5483920E-01,1.94336E+00,4.88281E-02
2.5485768E-01,1.92383E+00,9.76562E-03
2.5487616E-01,1.94336E+00,-2.92969E-02
2.5489464E-01,1.94336E+00,6.83594E-02
2.5491312E-01,1.96289E+00,4.88281E-02
2.5493160E-01,1.98242E+00,9.76562E-03
2.5495008E-01,2.00195E+00,-9.76562E-03
2.5496856E-01,1.96289E+00,6.83594E-02
2.5498704E-01,1.98242E+00,9.76562E-03
2.5500552E-01,1.94336E+00,8.78906E-02
2.5502400E-01,1.94336E+00,9.76562E-03
2.5504248E-01,1.94336E+00,4.88281E-02
2.5506096E-01,1.96289E+00,2.92969E-02
2.5507944E-01,1.92383E+00,2.92969E-02
2.5509792E-01,2.04102E+00,-4.88281E-02
2.5511640E-01,1.94336E+00,9.76562E-03
2.5513488E-01,1.98242E+00,-9.76562E-03
2.5515336E-01,1.94336E+00,6.83594E-02
2.5517184E-01,1.96289E+00,4.88281E-02
2.5519032E-01,1.92383E+00,2.92969E-02
2.5520880E-01,1.94336E+00,2.92969E-02
2.5522728E-01,1.86523E+00,4.88281E-02
2.5524576E-01,1.94336E+00,4.88281E-02
2.5526424E-01,1.98242E+00,1.07422E-01
2.5528272E-01,1.94336E+00,4.88281E-02
2.5530120E-01,1.92383E+00,2.92969E-02
2.5531968E-01,1.96289E+00,9.76562E-03
2.5533816E-01,1.94336E+00,2.92969E-02
2.5535664E-01,2.02148E+00,-2.92969E-02
2.5537512E-01,1.98242E+00,4.88281E-02
2.5539360E-01,2.00195E+00,2.92969E-02
2.5541208E-01,2.02148E+00,2.92969E-02
2.5543056E-01,1.92383E+00,-4.88281E-02
2.5544904E-01,1.94336E+00,9.76562E-03
2.5546752E-01,1.94336E+00,-2.92969E-02
2.5548600E-01,1.98242E+00,4.88281E-02
2.5550448E-01,1.98242E+00,2.92969E-02
2.5552296E-01,1.98242E+00,4.88281E-02
2.5554144E-01,2.02148E+00,4.88281E-02
2.5555992E-01,1.94336E+00,6.83594E-02
2.5557840E-01,1.94336E+00,6.83594E-02
2.5559688E-01,1.94336E+00,6.83594E-02
2.5561536E-01,1.94336E+00,9.76562E-03
2.5563384E-01,1.98242E+00,9.76562E-03
2.5565232E-01,1.96289E+00,2.92969E-02
2.5567080E-01,1.98242E+00,4.88281E-02
2.5568928E-01,1.94336E+00,9.76562E-03
2.5570776E-01,1.94336E+00,8.78906E-02
2.5572624E-01,1.92383E+00,4.88281E-02
2.5574472E-01,1.94336E+00,6.83594E-02
2.5576320E-01,1.96289E+00,9.76562E-03
2.5578168E-01,2.00195E+00,2.92969E-02
2.5580016E-01,1.90430E+00,9.76562E-03
2.5581864E-01,1.98242E+00,6.83594E-02
2.5583712E-01,1.92383E+00,2.92969E-02
2.5585560E-01,1.94336E+00,2.92969E-02
2.5587408E-01,1.94336E+00,9.76562E-03
2.5589256E-01,1.94336E+00,4.88281E-02
2.5591104E-01,1.96289E+00,9.76562E-03
2.5592952E-01,2.00195E+00,6.83594E-02
2.5594800E-01,1.94336E+00,4.88281E-02
2.5596648E-01,1.90430E+00,2.92969E-02
2.5598496E-01,1.96289E+00,4.88281E-02
2.5600344E-01,1.94336E+00,9.76562E-03
2.5602192E-01,1.96289E+00,9.76562E-03
2.5604040E-01,1.94336E+00,4.88281E-02
2.5605888E-01,2.00195E+00,-2.92969E-02
2.5607736E-01,1.94336E+00,-6.83594E-02
2.5609584E-01,1.94336E+00,9.76562E-03
2.5611432E-01,1.94336E+00,4.88281E-02
2.5613280E-01,1.88477E+00,2.92969E-02
2.5615128E-01,1.98242E+00,2.92969E-02
2.5616976E-01,1.96289E+00,4.88281E-02
2.5618824E-01,1.98242E+00,4.88281E-02
2.5620672E-01,1.96289E+00,2.92969E-02
2.5622520E-01,1.90430E+00,1.26953E-01
2.5624368E-01,1.94336E+00,-6.83594E-02
2.5626216E-01,1.94336E+00,2.92969E-02
2.5628064E-01,2.00195E+00,-9.76562E-03
2.5629912E-01,2.00195E+00,2.92969E-02
2.5631760E-01,2.06055E+00,4.88281E-02
2.5633608E-01,1.86523E+00,4.88281E-02
2.5635456E-01,1.96289E+00,9.76562E-03
2.5637304E-01,1.98242E+00,6.83594E-02
2.5639152E-01,1.94336E+00,2.92969E-02
2.5641000E-01,1.92383E+00,2.92969E-02
2.5642848E-01,1.94336E+00,2.92969E-02
2.5644696E-01,2.02148E+00,6.83594E-02
2.5646544E-01,1.98242E+00,6.83594E-02
2.5648392E-01,1.92383E+00,6.83594E-02
2.5650240E-01,1.94336E+00,9.76562E-03
2.5652088E-01,1.96289E+00,6.83594E-02
2.5653936E-01,1.92383E+00,6.83594E-02
2.5655784E-01,1.98242E+00,2.92969E-02
2.5657632E-01,1.88477E+00,4.88281E-02
2.5659480E-01,1.88477E+00,4.88281E-02
2.5661328E-01,1.94336E+00,2.92969E-02
2.5663176E-01,1.94336E+00,1.46484E-01
2.5665024E-01,1.94336E+00,2.92969E-02
2.5666872E-01,1.92383E+00,6.83594E-02
2.5668720E-01,1.94336E+00,-2.92969E-02
2.5670568E-01,1.94336E+00,4.88281E-02
2.5672416E-01,1.96289E+00,6.83594E-02
2.5674264E-01,1.96289E+00,6.83594E-02
2.5676112E-01,1.98242E+00,9.76562E-03
2.5677960E-01,1.96289E+00,4.88281E-02
2.5679808E-01,1.92383E+00,2.92969E-02
2.5681656E-01,2.04102E+00,2.92969E-02
2.5683504E-01,1.92383E+00,2.92969E-02
2.5685352E-01,2.02148E+00,4.88281E-02
2.5687200E-01,1.96289E+00,4.88281E-02
2.5689048E-01,1.90430E+00,8.78906E-02
2.5690896E-01,1.94336E+00,-2.92969E-02
2.5692744E-01,1.96289E+00,8.78906E-02
2.5694592E-01,2.00195E+00,4.88281E-02
2.5696440E-01,1.94336E+00,2.92969E-02
2.5698288E-01,1.88477E+00,-9.76562E-03
2.5700136E-01,1.92383E+00,4.88281E-02
2.5701984E-01,2.00195E+00,9.76562E-03
2.5703832E-01,1.88477E+00,2.92969E-02
2.5705680E-01,1.94336E+00,6.83594E-02
2.5707528E-01,1.92383E+00,2.92969E-02
2.5709376E-01,2.00195E+00,9.76562E-03
2.5711224E-01,1.90430E+00,4.88281E-02
2.5713072E-01,2.00195E+00,4.88281E-02
2.5714920E-01,1.94336E+00,2.92969E-02
2.5716768E-01,2.00195E+00,2.92969E-02
2.5718616E-01,1.94336E+00,9.76562E-03
2.5720464E-01,2.04102E+00,9.76562E-03
2.5722312E-01,1.94336E+00,9.76562E-03
2.5724160E-01,1.94336E+00,9.76562E-03
2.5726008E-01,1.90430E+00,4.88281E-02
2.5727856E-01,1.92383E+00,-9.76562E-03
2.5729704E-01,1.94336E+00,6.83594E-02
2.5731552E-01,1.92383E+00,9.76562E-03
2.5733400E-01,1.90430E+00,9.76562E-03
2.5735248E-01,1.94336E+00,-4.88281E-02
2.5737096E-01,1.96289E+00,6.83594E-02
2.5738944E-01,2.00195E+00,9.76562E-03
2.5740792E-01,1.88477E+00,6.83594E-02
2.5742640E-01,1.98242E+00,4.88281E-02
2.5744488E-01,2.06055E+00,9.76562E-03
2.5746336E-01,2.00195E+00,2.92969E-02
2.5748184E-01,1.96289E+00,4.88281E-02
2.5750032E-01,1.98242E+00,-9.76562E-03
2.5751880E-01,1.98242E+00,1.07422E-01
2.5753728E-01,2.00195E+00,6.83594E-02
2.5755576E-01,1.94336E+00,6.83594E-02
2.5757424E-01,2.00195E+00,-9.76562E-03
2.5759272E-01,2.00195E+00,6.83594E-02
2.5761120E-01,2.00195E+00,-4.88281E-02
2.5762968E-01,1.98242E+00,4.88281E-02
2.5764816E-01,2.00195E+00,9.76562E-03
2.5766664E-01,1.96289E+00,4.88281E-02
2.5768512E-01,2.00195E+00,2.92969E-02
2.5770360E-01,1.90430E+00,6.83594E-02
2.5772208E-01,1.96289E+00,4.88281E-02
2.5774056E-01,1.94336E+00,8.78906E-02
2.5775904E-01,1.94336E+00,9.76562E-03
2.5777752E-01,1.92383E+00,8.78906E-02
2.5779600E-01,1.96289E+00,2.92969E-02
2.5781448E-01,2.00195E+00,4.88281E-02
2.5783296E-01,1.94336E+00,2.92969E-02
2.5785144E-01,1.96289E+00,4.88281E-02
2.5786992E-01,1.94336E+00,4.88281E-02
2.5788840E-01,1.96289E+00,4.88281E-02
2.5790688E-01,2.00195E+00,2.92969E-02
2.5792536E-01,1.96289E+00,9.76562E-03
2.5794384E-01,1.92383E+00,4.88281E-02
2.5796232E-01,1.96289E+00,2.92969E-02
2.5798080E-01,1.92383E+00,2.92969E-02
2.5799928E-01,1.96289E+00,6.83594E-02
2.5801776E-01,1.96289E+00,4.88281E-02
2.5803624E-01,1.94336E+00,4.88281E-02
2.5805472E-01,1.94336E+00,4.88281E-02
2.5807320E-01,1.96289E+00,2.92969E-02
2.5809168E-01,2.02148E+00,6.83594E-02
2.5811016E-01,1.90430E+00,6.83594E-02
2.5812864E-01,1.96289E+00,6.83594E-02
2.5814712E-01,1.94336E+00,4.88281E-02
2.5816560E-01,1.92383E+00,9.76562E-03
2.5818408E-01,1.96289E+00,6.83594E-02
2.5820256E-01,1.98242E+00,9.76562E-03
2.5822104E-01,2.00195E+00,2.92969E-02
2.5823952E-01,1.98242E+00,2.92969E-02
2.5825800E-01,1.96289E+00,1.07422E-01
2.5827648E-01,1.96289E+00,8.78906E-02
2.5829496E-01,1.98242E+00,9.76562E-03
2.5831344E-01,1.96289E+00,4.88281E-02
2.5833192E-01,1.98242E+00,1.07422E-01
2.5835040E-01,1.98242E+00,2.92969E-02
2.5836888E-01,1.94336E+00,4.88281E-02
2.5838736E-01,1.96289E+00,9.76562E-03
2.5840584E-01,1.92383E+00,6.83594E-02
2.5842432E-01,2.02148E+00,2.92969E-02
2.5844280E-01,1.92383E+00,1.07422E-01
2.5846128E-01,1.96289E+00,-9.76562E-03
2.5847976E-01,1.94336E+00,4.88281E-02
2.5849824E-01,2.00195E+00,-2.92969E-02
2.5851672E-01,1.96289E+00,4.88281E-02
2.5853520E-01,1.98242E+00,9.76562E-03
2.5855368E-01,1.92383E+00,6.83594E-02
2.5857216E-01,2.00195E+00,4.88281E-02
2.5859064E-01,2.00195E+00,6.83594E-02
2.5860912E-01,1.96289E+00,9.76562E-03
2.5862760E-01,1.94336E+00,2.92969E-02
2.5864608E-01,1.96289E+00,-9.76562E-03
2.5866456E-01,1.94336E+00,4.88281E-02
2.5868304E-01,1.94336E+00,4.88281E-02
2.5870152E-01,1.90430E+00,4.88281E-02
2.5872000E-01,2.00195E+00,4.88281E-02
2.5873848E-01,1.94336E+00,8.78906E-02
2.5875696E-01,1.94336E+00,9.76562E-03
2.5877544E-01,1.96289E+00,4.88281E-02
2.5879392E-01,1.96289E+00,-9.76562E-03
2.5881240E-01,1.98242E+00,4.88281E-02
2.5883088E-01,2.00195E+00,2.92969E-02
2.5884936E-01,1.98242E+00,2.92969E-02
2.5886784E-01,1.96289E+00,9.76562E-03
2.5888632E-01,1.94336E+00,4.88281E-02
2.5890480E-01,1.92383E+00,2.92969E-02
2.5892328E-01,1.94336E+00,6.83594E-02
2.5894176E-01,2.04102E+00,2.92969E-02
2.5896024E-01,1.96289E+00,8.78906E-02
2.5897872E-01,2.00195E+00,-9.76562E-03
2.5899720E-01,2.00195E+00,2.92969E-02
2.5901568E-01,1.98242E+00,2.92969E-02
2.5903416E-01,1.94336E+00,2.92969E-02
2.5905264E-01,1.94336E+00,9.76562E-03
2.5907112E-01,1.94336E+00,9.76562E-03
2.5908960E-01,2.02148E+00,4.88281E-02
2.5910808E-01,1.94336E+00,2.92969E-02
2.5912656E-01,1.94336E+00,9.76562E-03
2.5914504E-01,1.96289E+00,4.88281E-02
2.5916352E-01,1.98242E+00,2.92969E-02
2.5918200E-01,1.96289E+00,9.76562E-03
2.5920048E-01,1.92383E+00,9.76562E-03
2.5921896E-01,1.88477E+00,6.83594E-02
2.5923744E-01,2.02148E+00,4.88281E-02
2.5925592E-01,1.96289E+00,4.88281E-02
2.5927440E-01,1.96289E+00,2.92969E-02
2.5929288E-01,1.96289E+00,9.76562E-03
2.5931136E-01,1.88477E+00,9.76562E-03
2.5932984E-01,1.88477E+00,2.92969E-02
2.5934832E-01,1.98242E+00,-9.76562E-03
2.5936680E-01,2.02148E+00,4.88281E-02
2.5938528E-01,1.92383E+00,9.76562E-03
2.5940376E-01,1.96289E+00,8.78906E-02
2.5942224E-01,2.00195E+00,4.88281E-02
2.5944072E-01,1.88477E+00,9.76562E-03
2.5945920E-01,1.94336E+00,2.92969E-02
2.5947768E-01,2.00195E+00,9.76562E-03
2.5949616E-01,1.96289E+00,6.83594E-02
2.5951464E-01,1.96289E+00,6.83594E-02
2.5953312E-01,1.98242E+00,-2.92969E-02
2.5955160E-01,1.96289E+00,4.88281E-02
2.5957008E-01,2.02148E+00,2.92969E-02
2.5958856E-01,1.94336E+00,9.76562E-03
2.5960704E-01,2.00195E+00,-2.92969E-02
2.5962552E-01,1.94336E+00,4.88281E-02
2.5964400E-01,1.90430E+00,2.92969E-02
2.5966248E-01,2.02148E+00,6.83594E-02
2.5968096E-01,1.94336E+00,9.76562E-03
2.5969944E-01,1.94336E+00,6.83594E-02
2.5971792E-01,1.96289E+00,4.88281E-02
2.5973640E-01,1.94336E+00,6.83594E-02
2.5975488E-01,1.96289E+00,9.76562E-03
2.5977336E-01,1.92383E+00,2.92969E-02
2.5979184E-01,2.00195E+00,9.76562E-03
2.5981032E-01,1.90430E+00,2.92969E-02
2.5982880E-01,1.98242E+00,2.92969E-02
2.5984728E-01,1.94336E+00,2.92969E-02
2.5986576E-01,2.00195E+00,9.76562E-03
2.5988424E-01,1.98242E+00,-2.92969E-02
2.5990272E-01,2.00195E+00,2.92969E-02
2.5992120E-01,1.94336E+00,8.78906E-02
2.5993968E-01,2.00195E+00,9.76562E-03
2.5995816E-01,2.00195E+00,6.83594E-02
2.5997664E-01,2.02148E+00,2.92969E-02
2.5999512E-01,1.98242E+00,1.07422E-01
2.6001360E-01,2.00195E+00,2.92969E-02
2.6003208E-01,1.98242E+00,8.78906E-02
2.6005056E-01,2.00195E+00,4.88281E-02
2.6006904E-01,1.96289E+00,8.78906E-02
2.6008752E-01,1.96289E+00,2.92969E-02
2.6010600E-01,1.96289E+00,9.76562E-03
2.6012448E-01,2.00195E+00,4.88281E-02
2.6014296E-01,1.94336E+00,6.83594E-02
2.6016144E-01,1.88477E+00,4.88281E-02
2.6017992E-01,1.94336E+00,4.88281E-02
2.6019840E-01,1.98242E+00,8.78906E-02
2.6021688E-01,2.00195E+00,2.92969E-02
2.6023536E-01,2.02148E+00,4.88281E-02
2.6025384E-01,1.94336E+00,6.83594E-02
2.6027232E-01,2.00195E+00,4.88281E-02
2.6029080E-01,2.00195E+00,-2.92969E-02
2.6030928E-01,1.98242E+00,-4.88281E-02
2.6032776E-01,1.94336E+00,-4.88281E-02
2.6034624E-01,2.06055E+00,9.76562E-03
2.6036472E-01,2.00195E+00,4.88281E-02
2.6038320E-01,1.90430E+00,4.88281E-02
2.6040168E-01,2.02148E+00,4.88281E-02
2.6042016E-01,1.94336E+00,2.92969E-02
2.6043864E-01,1.96289E+00,4.88281E-02
2.6045712E-01,2.02148E+00,-6.83594E-02
2.6047560E-01,1.98242E+00,2.92969E-02
2.6049408E-01,1.94336E+00,4.88281E-02
2.6051256E-01,1.96289E+00,4.88281E-02
2.6053104E-01,1.94336E+00,2.92969E-02
2.6054952E-01,2.00195E+00,4.88281E-02
2.6056800E-01,2.02148E+00,9.76562E-03
2.6058648E-01,1.98242E+00,4.88281E-02
2.6060496E-01,2.06055E+00,2.92969E-02
2.6062344E-01,1.94336E+00,4.88281E-02
2.6064192E-01,2.00195E+00,9.76562E-03
2.6066040E-01,1.92383E+00,4.88281E-02
2.6067888E-01,1.94336E+00,2.92969E-02
2.6069736E-01,2.02148E+00,2.92969E-02
2.6071584E-01,2.04102E+00,4.88281E-02
2.6073432E-01,1.94336E+00,6.83594E-02
2.6075280E-01,2.00195E+00,4.88281E-02
2.6077128E-01,1.96289E+00,-9.76562E-03
2.6078976E-01,2.04102E+00,-9.76562E-03
2.6080824E-01,1.96289E+00,9.76562E-03
2.6082672E-01,1.98242E+00,6.83594E-02
2.6084520E-01,1.94336E+00,9.76562E-03
2.6086368E-01,2.04102E+00,9.76562E-03
2.6088216E-01,2.00195E+00,6.83594E-02
2.6090064E-01,2.04102E+00,9.76562E-03
2.6091912E-01,2.00195E+00,6.83594E-02
2.6093760E-01,2.02148E+00,9.76562E-03
2.6095608E-01,1.94336E+00,9.76562E-03
2.6097456E-01,1.96289E+00,-2.92969E-02
2.6099304E-01,1.96289E+00,1.26953E-01
2.6101152E-01,1.96289E+00,4.88281E-02
2.6103000E-01,2.00195E+00,4.88281E-02
2.6104848E-01,1.94336E+00,4.88281E-02
2.6106696E-01,1.98242E+00,6.83594E-02
2.6108544E-01,1.96289E+00,-9.76562E-03
2.6110392E-01,1.90430E+00,6.83594E-02
2.6112240E-01,1.96289E+00,4.88281E-02
2.6114088E-01,2.00195E+00,-9.76562E-03
2.6115936E-01,2.00195E+00,2.92969E-02
2.6117784E-01,1.94336E+00,4.88281E-02
2.6119632E-01,1.96289E+00,9.76562E-03
2.6121480E-01,1.90430E+00,2.92969E-02
2.6123328E-01,2.06055E+00,4.88281E-02
2.6125176E-01,1.94336E+00,-4.88281E-02
2.6127024E-01,2.06055E+00,4.88281E-02
2.6128872E-01,2.00195E+00,2.92969E-02
2.6130720E-01,1.90430E+00,8.78906E-02
2.6132568E-01,1.90430E+00,2.92969E-02
2.6134416E-01,2.00195E+00,1.26953E-01
2.6136264E-01,1.98242E+00,2.92969E-02
2.6138112E-01,1.94336E+00,6.83594E-02
2.6139960E-01,1.98242E+00,4.88281E-02
2.6141808E-01,2.02148E+00,2.92969E-02
2.6143656E-01,1.92383E+00,4.88281E-02
2.6145504E-01,1.98242E+00,-2.92969E-02
2.6147352E-01,1.90430E+00,2.92969E-02
2.6149200E-01,1.88477E+00,2.92969E-02
2.6151048E-01,2.02148E+00,4.88281E-02
2.6152896E-01,1.94336E+00,-9.76562E-03
2.6154744E-01,1.98242E+00,9.76562E-03
2.6156592E-01,2.00195E+00,-4.88281E-02
2.6158440E-01,1.96289E+00,1.26953E-01
2.6160288E-01,1.96289E+00,9.76562E-03
2.6162136E-01,1.94336E+00,2.92969E-02
2.6163984E-01,2.00195E+00,2.92969E-02
2.6165832E-01,1.96289E+00,1.26953E-01
2.6167680E-01,1.94336E+00,4.88281E-02
2.6169528E-01,1.88477E+00,4.88281E-02
2.6171376E-01,2.02148E+00,9.76562E-03
2.6173224E-01,2.00195E+00,4.88281E-02
2.6175072E-01,1.98242E+00,9.76562E-03
2.6176920E-01,1.94336E+00,4.88281E-02
2.6178768E-01,1.94336E+00,2.92969E-02
2.6180616E-01,1.92383E+00,4.88281E-02
2.6182464E-01,2.00195E+00,-2.92969E-02
2.6184312E-01,2.02148E+00,8.78906E-02
2.6186160E-01,1.96289E+00,2.92969E-02
2.6188008E-01,1.94336E+00,6.83594E-02
2.6189856E-01,2.00195E+00,9.76562E-03
2.6191704E-01,1.96289E+00,2.92969E-02
2.6193552E-01,2.04102E+00,4.88281E-02
2.6195400E-01,1.96289E+00,1.46484E-01
2.6197248E-01,2.00195E+00,4.88281E-02
2.6199096E-01,1.94336E+00,2.92969E-02
2.6200944E-01,1.94336E+00,2.92969E-02
2.6202792E-01,1.98242E+00,2.92969E-02
2.6204640E-01,2.00195E+00,2.92969E-02
2.6206488E-01,1.92383E+00,4.88281E-02
2.6208336E-01,2.00195E+00,-2.92969E-02
2.6210184E-01,1.92383E+00,9.76562E-03
2.6212032E-01,2.00195E+00,6.83594E-02
2.6213880E-01,1.94336E+00,6.83594E-02
2.6215728E-01,1.94336E+00,6.83594E-02
2.6217576E-01,2.04102E+00,4.88281E-02
2.6219424E-01,1.92383E+00,9.76562E-03
2.6221272E-01,2.00195E+00,2.92969E-02
2.6223120E-01,2.00195E+00,2.92969E-02
2.6224968E-01,1.94336E+00,4.88281E-02
2.6226816E-01,2.00195E+00,-9.76562E-03
2.6228664E-01,1.90430E+00,2.92969E-02
2.6230512E-01,1.92383E+00,9.76562E-03
2.6232360E-01,1.92383E+00,6.83594E-02
2.6234208E-01,1.96289E+00,-9.76562E-03
2.6236056E-01,2.00195E+00,4.88281E-02
2.6237904E-01,1.94336E+00,9.76562E-03
2.6239752E-01,1.88477E+00,2.92969E-02
2.6241600E-01,2.00195E+00,4.88281E-02
2.6243448E-01,1.96289E+00,1.07422E-01
2.6245296E-01,1.94336E+00,-9.76562E-03
2.6247144E-01,1.98242E+00,-2.92969E-02
2.6248992E-01,2.02148E+00,-2.92969E-02
2.6250840E-01,2.02148E+00,-6.83594E-02
2.6252688E-01,2.04102E+00,9.76562E-03
2.6254536E-01,1.90430E+00,2.92969E-02
2.6256384E-01,2.00195E+00,9.76562E-03
2.6258232E-01,1.94336E+00,9.76562E-03
2.6260080E-01,2.00195E+00,9.76562E-03
2.6261928E-01,1.94336E+00,4.88281E-02
2.6263776E-01,2.00195E+00,9.76562E-03
2.6265624E-01,1.96289E+00,9.76562E-03
2.6267472E-01,1.96289E+00,2.92969E-02
2.6269320E-01,1.96289E+00,4.88281E-02
2.6271168E-01,1.94336E+00,6.83594E-02
2.6273016E-01,1.98242E+00,4.88281E-02
2.6274864E-01,1.98242E+00,-9.76562E-03
2.6276712E-01,1.90430E+00,4.88281E-02
2.6278560E-01,2.00195E+00,6.83594E-02
2.6280408E-01,1.98242E+00,2.92969E-02
2.6282256E-01,2.02148E+00,9.76562E-03
2.6284104E-01,1.94336E+00,9.76562E-03
2.6285952E-01,1.94336E+00,-9.76562E-03
2.6287800E-01,1.94336E+00,2.92969E-02
2.6289648E-01,2.00195E+00,2.92969E-02
2.6291496E-01,1.94336E+00,9.76562E-03
2.6293344E-01,1.94336E+00,-9.76562E-03
2.6295192E-01,1.94336E+00,2.92969E-02
2.6297040E-01,2.00195E+00,-2.92969E-02
2.6298888E-01,1.94336E+00,9.76562E-03
2.6300736E-01,2.08008E+00,9.76562E-03
2.6302584E-01,1.98242E+00,2.92969E-02
2.6304432E-01,1.98242E+00,4.88281E-02
2.6306280E-01,1.92383E+00,4.88281E-02
2.6308128E-01,1.98242E+00,9.76562E-03
2.6309976E-01,1.98242E+00,6.83594E-02
2.6311824E-01,2.00195E+00,9.76562E-03
2.6313672E-01,1.96289E+00,9.76562E-03
2.6315520E-01,1.96289E+00,9.76562E-03
2.6317368E-01,2.00195E+00,6.83594E-02
2.6319216E-01,1.94336E+00,4.88281E-02
2.6321064E-01,1.96289E+00,9.76562E-03
2.6322912E-01,1.94336E+00,-9.76562E-03
2.6324760E-01,2.00195E+00,9.76562E-03
2.6326608E-01,1.98242E+00,-4.88281E-02
2.6328456E-01,1.94336E+00,4.88281E-02
2.6330304E-01,2.00195E+00,2.92969E-02
2.6332152E-01,2.00195E+00,4.88281E-02
2.6334000E-01,1.96289E+00,-9.76562E-03
2.6335848E-01,1.94336E+00,6.83594E-02
2.6337696E-01,1.96289E+00,4.88281E-02
2.6339544E-01,1.98242E+00,9.76562E-03
2.6341392E-01,2.04102E+00,9.76562E-03
2.6343240E-01,1.96289E+00,6.83594E-02
2.6345088E-01,2.02148E+00,6.83594E-02
2.6346936E-01,1.96289E+00,8.78906E-02
2.6348784E-01,2.04102E+00,9.76562E-03
2.6350632E-01,2.00195E+00,-2.92969E-02
2.6352480E-01,2.06055E+00,2.92969E-02
2.6354328E-01,1.94336E+00,9.76562E-03
2.6356176E-01,2.04102E+00,4.88281E-02
2.6358024E-01,1.94336E+00,2.92969E-02
2.6359872E-01,1.94336E+00,2.92969E-02
2.6361720E-01,1.96289E+00,8.78906E-02
2.6363568E-01,1.98242E+00,9.76562E-03
2.6365416E-01,1.98242E+00,6.83594E-02
2.6367264E-01,2.00195E+00,9.76562E-03
2.6369112E-01,1.94336E+00,8.78906E-02
2.6370960E-01,1.96289E+00,6.83594E-02
2.6372808E-01,2.09961E+00,8.78906E-02
2.6374656E-01,2.00195E+00,2.92969E-02
2.6376504E-01,1.98242E+00,6.83594E-02
2.6378352E-01,2.00195E+00,9.76562E-03
2.6380200E-01,1.98242E+00,4.88281E-02
2.6382048E-01,2.00195E+00,9.76562E-03
2.6383896E-01,1.98242E+00,8.78906E-02
2.6385744E-01,2.02148E+00,9.76562E-03
2.6387592E-01,1.94336E+00,9.76562E-03
2.6389440E-01,1.98242E+00,4.88281E-02
2.6391288E-01,2.00195E+00,2.92969E-02
2.6393136E-01,2.02148E+00,2.92969E-02
2.6394984E-01,1.90430E+00,9.76562E-03
2.6396832E-01,2.06055E+00,4.88281E-02
2.6398680E-01,1.96289E+00,-9.76562E-03
2.6400528E-01,2.00195E+00,6.83594E-02
2.6402376E-01,1.98242E+00,8.78906E-02
2.6404224E-01,2.00195E+00,4.88281E-02
2.6406072E-01,1.98242E+00,2.92969E-02
2.6407920E-01,1.94336E+00,4.88281E-02
2.6409768E-01,2.00195E+00,9.76562E-03
2.6411616E-01,1.98242E+00,9.76562E-03
2.6413464E-01,1.94336E+00,6.83594E-02
2.6415312E-01,1.94336E+00,4.88281E-02
2.6417160E-01,2.00195E+00,2.92969E-02
2.6419008E-01,2.06055E+00,6.83594E-02
2.6420856E-01,1.96289E+00,6.83594E-02
2.6422704E-01,2.00195E+00,4.88281E-02
2.6424552E-01,1.96289E+00,4.88281E-02
2.6426400E-01,2.00195E+00,2.92969E-02
2.6428248E-01,2.04102E+00,6.83594E-02
2.6430096E-01,1.98242E+00,-9.76562E-03
2.6431944E-01,1.98242E+00,2.92969E-02
2.6433792E-01,1.98242E+00,-9.76562E-03
2.6435640E-01,1.98242E+00,8.78906E-02
2.6437488E-01,1.96289E+00,-4.88281E-02
2.6439336E-01,1.94336E+00,2.92969E-02
2.6441184E-01,1.94336E+00,2.92969E-02
2.6443032E-01,1.94336E+00,9.76562E-03
2.6444880E-01,1.98242E+00,9.76562E-03
2.6446728E-01,1.94336E+00,4.88281E-02
2.6448576E-01,1.96289E+00,6.83594E-02
2.6450424E-01,2.00195E+00,9.76562E-03
2.6452272E-01,1.94336E+00,9.76562E-03
2.6454120E-01,1.92383E+00,4.88281E-02
2.6455968E-01,2.00195E+00,4.88281E-02
2.6457816E-01,1.96289E+00,9.76562E-03
2.6459664E-01,1.98242E+00,-9.76562E-03
2.6461512E-01,1.96289E+00,6.83594E-02
2.6463360E-01,2.00195E+00,-9.76562E-03
2.6465208E-01,1.94336E+00,9.76562E-03
2.6467056E-01,2.06055E+00,4.88281E-02
2.6468904E-01,2.00195E+00,6.83594E-02
2.6470752E-01,2.04102E+00,8.78906E-02
2.6472600E-01,2.00195E+00,6.83594E-02
2.6474448E-01,2.00195E+00,2.92969E-02
2.6476296E-01,2.00195E+00,9.76562E-03
2.6478144E-01,2.00195E+00,4.88281E-02
2.6479992E-01,1.96289E+00,4.88281E-02
2.6481840E-01,2.00195E+00,4.88281E-02
2.6483688E-01,2.02148E+00,4.88281E-02
2.6485536E-01,2.04102E+00,2.92969E-02
2.6487384E-01,1.96289E+00,9.76562E-03
2.6489232E-01,2.00195E+00,9.76562E-03
2.6491080E-01,1.96289E+00,9.76562E-03
2.6492928E-01,2.08008E+00,-9.76562E-03
2.6494776E-01,1.98242E+00,4.88281E-02
2.6496624E-01,2.09961E+00,4.88281E-02
2.6498472E-01,1.98242E+00,6.83594E-02
2.6500320E-01,1.96289E+00,9.76562E-03
2.6502168E-01,1.96289E+00,4.88281E-02
2.6504016E-01,2.00195E+00,9.76562E-03
2.6505864E-01,1.92383E+00,2.92969E-02
2.6507712E-01,1.96289E+00,-2.92969E-02
2.6509560E-01,1.98242E+00,4.88281E-02
2.6511408E-01,2.00195E+00,9.76562E-03
2.6513256E-01,1.96289E+00,4.88281E-02
2.6515104E-01,2.04102E+00,9.76562E-03
2.6516952E-01,2.02148E+00,4.88281E-02
2.6518800E-01,2.00195E+00,2.92969E-02
2.6520648E-01,2.02148E+00,6.83594E-02
2.6522496E-01,2.02148E+00,4.88281E-02
2.6524344E-01,2.02148E+00,2.92969E-02
2.6526192E-01,2.00195E+00,4.88281E-02
2.6528040E-01,2.00195E+00,9.76562E-03
2.6529888E-01,1.98242E+00,-2.92969E-02
2.6531736E-01,1.98242E+00,4.88281E-02
2.6533584E-01,1.98242E+00,9.76562E-03
2.6535432E-01,2.00195E+00,9.76562E-03
2.6537280E-01,2.06055E+00,2.92969E-02
2.6539128E-01,2.00195E+00,2.92969E-02
2.6540976E-01,1.94336E+00,-9.76562E-03
2.6542824E-01,1.96289E+00,4.88281E-02
2.6544672E-01,1.96289E+00,-9.76562E-03
2.6546520E-01,2.00195E+00,9.76562E-03
2.6548368E-01,1.96289E+00,4.88281E-02
2.6550216E-01,1.98242E+00,2.92969E-02
2.6552064E-01,2.00195E+00,9.76562E-03
2.6553912E-01,2.08008E+00,9.76562E-03
2.6555760E-01,1.98242E+00,4.88281E-02
2.6557608E-01,1.98242E+00,4.88281E-02
2.6559456E-01,2.00195E+00,9.76562E-03
2.6561304E-01,1.94336E+00,6.83594E-02
2.6563152E-01,1.94336E+00,6.83594E-02
2.6565000E-01,2.00195E+00,6.83594E-02
2.6566848E-01,2.04102E+00,-9.76562E-03
2.6568696E-01,2.00195E+00,4.88281E-02
2.6570544E-01,2.00195E+00,-9.76562E-03
2.6572392E-01,1.94336E+00,8.78906E-02
2.6574240E-01,2.04102E+00,9.76562E-03
2.6576088E-01,1.98242E+00,2.92969E-02
2.6577936E-01,1.98242E+00,9.76562E-03
2.6579784E-01,2.02148E+00,2.92969E-02
2.6581632E-01,2.02148E+00,9.76562E-03
2.6583480E-01,1.96289E+00,4.88281E-02
2.6585328E-01,1.96289E+00,-9.76562E-03
2.6587176E-01,1.94336E+00,9.76562E-03
2.6589024E-01,1.98242E+00,4.88281E-02
2.6590872E-01,1.92383E+00,4.88281E-02
2.6592720E-01,2.00195E+00,4.88281E-02
2.6594568E-01,1.94336E+00,6.83594E-02
2.6596416E-01,2.02148E+00,2.92969E-02
2.6598264E-01,2.00195E+00,4.88281E-02
2.6600112E-01,2.00195E+00,9.76562E-03
2.6601960E-01,1.98242E+00,2.92969E-02
2.6603808E-01,2.06055E+00,2.92969E-02
2.6605656E-01,1.98242E+00,9.76562E-03
2.6607504E-01,2.02148E+00,-9.76562E-03
2.6609352E-01,1.98242E+00,6.83594E-02
2.6611200E-01,2.00195E+00,2.92969E-02
2.6613048E-01,1.94336E+00,4.88281E-02
2.6614896E-01,1.96289E+00,4.88281E-02
2.6616744E-01,2.00195E+00,9.76562E-03
2.6618592E-01,2.02148E+00,9.76562E-03
2.6620440E-01,1.96289E+00,6.83594E-02
2.6622288E-01,2.02148E+00,-2.92969E-02
2.6624136E-01,1.94336E+00,6.83594E-02
2.6625984E-01,2.08008E+00,4.88281E-02
2.6627832E-01,2.00195E+00,4.88281E-02
2.6629680E-01,2.00195E+00,9.76562E-03
2.6631528E-01,2.00195E+00,2.92969E-02
2.6633376E-01,1.96289E+00,9.76562E-03
2.6635224E-01,1.98242E+00,-4.88281E-02
2.6637072E-01,1.96289E+00,-2.92969E-02
2.6638920E-01,1.96289E+00,2.92969E-02
2.6640768E-01,2.04102E+00,9.76562E-03
2.6642616E-01,2.00195E+00,6.83594E-02
2.6644464E-01,1.96289E+00,4.88281E-02
2.6646312E-01,2.02148E+00,9.76562E-03
2.6648160E-01,2.04102E+00,9.76562E-03
2.6650008E-01,1.94336E+00,-2.92969E-02
2.6651856E-01,1.96289E+00,2.92969E-02
2.6653704E-01,1.98242E+00,6.83594E-02
2.6655552E-01,1.98242E+00,2.92969E-02
2.6657400E-01,1.94336E+00,2.92969E-02
2.6659248E-01,1.98242E+00,9.76562E-03
2.6661096E-01,2.04102E+00,2.92969E-02
2.6662944E-01,2.08008E+00,-9.76562E-03
2.6664792E-01,2.04102E+00,6.83594E-02
2.6666640E-01,2.00195E+00,9.76562E-03
2.6668488E-01,1.98242E+00,6.83594E-02
2.6670336E-01,2.02148E+00,2.92969E-02
2.6672184E-01,1.94336E+00,6.83594E-02
2.6674032E-01,1.94336E+00,4.88281E-02
2.6675880E-01,1.98242E+00,9.76562E-03
2.6677728E-01,1.96289E+00,-2.92969E-02
2.6679576E-01,1.96289E+00,9.76562E-03
2.6681424E-01,2.00195E+00,4.88281E-02
2.6683272E-01,2.00195E+00,2.92969E-02
2.6685120E-01,2.02148E+00,-9.76562E-03
2.6686968E-01,1.94336E+00,4.88281E-02
2.6688816E-01,2.02148E+00,2.92969E-02
2.6690664E-01,2.00195E+00,4.88281E-02
2.6692512E-01,2.08008E+00,4.88281E-02
2.6694360E-01,1.96289E+00,4.88281E-02
2.6696208E-01,2.00195E+00,4.88281E-02
2.6698056E-01,1.98242E+00,2.92969E-02
2.6699904E-01,2.04102E+00,9.76562E-03
2.6701752E-01,1.94336E+00,6.83594E-02
2.6703600E-01,1.96289E+00,4.88281E-02
2.6705448E-01,2.00195E+00,2.92969E-02
2.6707296E-01,2.04102E+00,4.88281E-02
2.6709144E-01,1.90430E+00,4.88281E-02
2.6710992E-01,1.94336E+00,-9.76562E-03
2.6712840E-01,1.98242E+00,9.76562E-03
2.6714688E-01,2.00195E+00,9.76562E-03
2.6716536E-01,2.00195E+00,2.92969E-02
2.6718384E-01,2.06055E+00,4.88281E-02
2.6720232E-01,2.06055E+00,6.83594E-02
2.6722080E-01,2.00195E+00,6.83594E-02
2.6723928E-01,1.98242E+00,1.07422E-01
2.6725776E-01,2.04102E+00,9.76562E-03
2.6727624E-01,2.02148E+00,6.83594E-02
2.6729472E-01,2.06055E+00,-2.92969E-02
2.6731320E-01,1.98242E+00,9.76562E-03
2.6733168E-01,1.94336E+00,4.88281E-02
2.6735016E-01,2.02148E+00,4.88281E-02
2.6736864E-01,2.06055E+00,2.92969E-02
2.6738712E-01,2.00195E+00,6.83594E-02
2.6740560E-01,2.02148E+00,2.92969E-02
2.6742408E-01,1.98242E+00,6.83594E-02
2.6744256E-01,1.94336E+00,-4.88281E-02
2.6746104E-01,1.96289E+00,4.88281E-02
2.6747952E-01,1.92383E+00,2.92969E-02
2.6749800E-01,1.96289E+00,4.88281E-02
2.6751648E-01,2.06055E+00,4.88281E-02
2.6753496E-01,2.00195E+00,2.92969E-02
2.6755344E-01,1.96289E+00,4.88281E-02
2.6757192E-01,1.98242E+00,8.78906E-02
2.6759040E-01,2.06055E+00,-2.92969E-02
2.6760888E-01,1.94336E+00,2.92969E-02
2.6762736E-01,2.06055E+00,9.76562E-03
2.6764584E-01,1.96289E+00,9.76562E-03
2.6766432E-01,2.06055E+00,2.92969E-02
2.6768280E-01,1.98242E+00,4.88281E-02
2.6770128E-01,2.00195E+00,2.92969E-02
2.6771976E-01,2.00195E+00,2.92969E-02
2.6773824E-01,2.06055E+00,-9.76562E-03
2.6775672E-01,2.02148E+00,-4.88281E-02
2.6777520E-01,2.00195E+00,9.76562E-03
2.6779368E-01,2.00195E+00,2.92969E-02
2.6781216E-01,2.06055E+00,4.88281E-02
2.6783064E-01,2.00195E+00,6.83594E-02
2.6784912E-01,1.96289E+00,2.92969E-02
2.6786760E-01,1.96289E+00,9.76562E-03
2.6788608E-01,2.04102E+00,6.83594E-02
2.6790456E-01,1.94336E+00,1.07422E-01
2.6792304E-01,1.96289E+00,2.92969E-02
2.6794152E-01,1.96289E+00,8.78906E-02
2.6796000E-01,1.94336E+00,2.92969E-02
2.6797848E-01,2.04102E+00,2.92969E-02
2.6799696E-01,2.00195E+00,6.83594E-02
2.6801544E-01,2.00195E+00,-9.76562E-03
2.6803392E-01,1.98242E+00,6.83594E-02
2.6805240E-01,1.96289E+00,6.83594E-02
2.6807088E-01,2.00195E+00,4.88281E-02
2.6808936E-01,1.94336E+00,9.76562E-03
2.6810784E-01,2.04102E+00,2.92969E-02
2.6812632E-01,1.96289E+00,2.92969E-02
2.6814480E-01,2.00195E+00,4.88281E-02
2.6816328E-01,2.09961E+00,6.83594E-02
2.6818176E-01,2.00195E+00,4.88281E-02
2.6820024E-01,1.94336E+00,6.83594E-02
2.6821872E-01,2.00195E+00,-2.92969E-02
2.6823720E-01,1.90430E+00,4.88281E-02
2.6825568E-01,2.00195E+00,9.76562E-03
2.6827416E-01,1.96289E+00,2.92969E-02
2.6829264E-01,2.00195E+00,6.83594E-02
2.6831112E-01,1.94336E+00,1.07422E-01
2.6832960E-01,2.04102E+00,9.76562E-03
2.6834808E-01,1.98242E+00,6.83594E-02
2.6836656E-01,1.98242E+00,8.78906E-02
2.6838504E-01,1.96289E+00,9.76562E-03
2.6840352E-01,2.04102E+00,6.83594E-02
2.6842200E-01,1.98242E+00,2.92969E-02
2.6844048E-01,1.98242E+00,9.76562E-03
2.6845896E-01,2.00195E+00,6.83594E-02
2.6847744E-01,2.02148E+00,-9.76562E-03
2.6849592E-01,1.94336E+00,6.83594E-02
2.6851440E-01,2.00195E+00,2.92969E-02
2.6853288E-01,1.98242E+00,6.83594E-02
2.6855136E-01,1.98242E+00,9.76562E-03
2.6856984E-01,2.00195E+00,2.92969E-02
2.6858832E-01,1.94336E+00,4.88281E-02
2.6860680E-01,1.96289E+00,6.83594E-02
2.6862528E-01,2.04102E+00,4.88281E-02
2.6864376E-01,2.09961E+00,2.92969E-02
2.6866224E-01,2.06055E+00,-6.83594E-02
2.6868072E-01,1.96289E+00,6.83594E-02
2.6869920E-01,2.00195E+00,4.88281E-02
2.6871768E-01,1.96289E+00,4.88281E-02
2.6873616E-01,2.04102E+00,9.76562E-03
2.6875464E-01,2.00195E+00,4.88281E-02
2.6877312E-01,2.00195E+00,-9.76562E-03
2.6879160E-01,1.98242E+00,6.83594E-02
2.6881008E-01,2.02148E+00,4.88281E-02
2.6882856E-01,1.98242E+00,2.92969E-02
2.6884704E-01,1.98242E+00,2.92969E-02
2.6886552E-01,1.94336E+00,-2.92969E-02
2.6888400E-01,1.96289E+00,2.92969E-02
2.6890248E-01,1.98242E+00,4.88281E-02
2.6892096E-01,2.00195E+00,6.83594E-02
2.6893944E-01,1.98242E+00,2.92969E-02
2.6895792E-01,2.00195E+00,2.92969E-02
2.6897640E-01,2.00195E+00,2.92969E-02
2.6899488E-01,2.00195E+00,9.76562E-03
2.6901336E-01,2.00195E+00,9.76562E-03
2.6903184E-01,2.08008E+00,-9.76562E-03
2.6905032E-01,2.00195E+00,2.92969E-02
2.6906880E-01,2.00195E+00,9.76562E-03
2.6908728E-01,1.94336E+00,6.83594E-02
2.6910576E-01,2.00195E+00,4.88281E-02
2.6912424E-01,2.00195E+00,8.78906E-02
2.6914272E-01,2.04102E+00,8.78906E-02
2.6916120E-01,2.02148E+00,4.88281E-02
2.6917968E-01,1.98242E+00,2.92969E-02
2.6919816E-01,1.96289E+00,6.83594E-02
2.6921664E-01,2.00195E+00,-2.92969E-02
2.6923512E-01,1.98242E+00,9.76562E-03
2.6925360E-01,2.02148E+00,2.92969E-02
2.6927208E-01,1.94336E+00,9.76562E-03
2.6929056E-01,2.00195E+00,-9.76562E-03
2.6930904E-01,1.94336E+00,8.78906E-02
2.6932752E-01,2.02148E+00,-9.76562E-03
2.6934600E-01,2.00195E+00,6.83594E-02
2.6936448E-01,2.00195E+00,2.92969E-02
2.6938296E-01,1.98242E+00,6.83594E-02
2.6940144E-01,2.00195E+00,4.88281E-02
2.6941992E-01,2.02148E+00,9.76562E-03
2.6943840E-01,2.02148E+00,-9.76562E-03
2.6945688E-01,1.98242E+00,2.92969E-02
2.6947536E-01,2.04102E+00,-9.76562E-03
2.6949384E-01,1.96289E+00,6.83594E-02
2.6951232E-01,1.96289E+00,9.76562E-03
2.6953080E-01,2.00195E+00,4.88281E-02
2.6954928E-01,2.00195E+00,4.88281E-02
2.6956776E-01,2.00195E+00,4.88281E-02
2.6958624E-01,2.00195E+00,4.88281E-02
2.6960472E-01,2.02148E+00,4.88281E-02
2.6962320E-01,2.00195E+00,-4.88281E-02
2.6964168E-01,2.00195E+00,1.07422E-01
2.6966016E-01,2.02148E+00,6.83594E-02
2.6967864E-01,2.00195E+00,6.83594E-02
2.6969712E-01,2.04102E+00,4.88281E-02
2.6971560E-01,2.08008E+00,2.92969E-02
2.6973408E-01,2.02148E+00,-9.76562E-03
2.6975256E-01,2.02148E+00,2.92969E-02
2.6977104E-01,2.04102E+00,2.92969E-02
2.6978952E-01,1.94336E+00,9.76562E-03
2.6980800E-01,1.94336E+00,2.92969E-02
2.6982648E-01,2.08008E+00,2.92969E-02
2.6984496E-01,1.98242E+00,-9.76562E-03
2.6986344E-01,2.00195E+00,4.88281E-02
2.6988192E-01,2.06055E+00,9.76562E-03
2.6990040E-01,1.96289E+00,4.88281E-02
2.6991888E-01,1.98242E+00,2.92969E-02
2.6993736E-01,1.94336E+00,4.88281E-02
2.6995584E-01,2.00195E+00,2.92969E-02
2.6997432E-01,1.92383E+00,4.88281E-02
2.6999280E-01,2.06055E+00,6.83594E-02
2.7001128E-01,1.96289E+00,2.92969E-02
2.7002976E-01,1.98242E+00,9.76562E-03
2.7004824E-01,2.04102E+00,4.88281E-02
2.7006672E-01,1.98242E+00,-2.92969E-02
2.7008520E-01,2.04102E+00,4.88281E-02
2.7010368E-01,2.06055E+00,9.76562E-03
2.7012216E-01,2.04102E+00,4.88281E-02
2.7014064E-01,2.02148E+00,9.76562E-03
2.7015912E-01,1.98242E+00,2.92969E-02
2.7017760E-01,2.00195E+00,4.88281E-02
2.7019608E-01,2.00195E+00,1.26953E-01
2.7021456E-01,2.04102E+00,-9.76562E-03
2.7023304E-01,1.98242E+00,4.88281E-02
2.7025152E-01,2.02148E+00,4.88281E-02
2.7027000E-01,1.98242E+00,1.07422E-01
2.7028848E-01,2.08008E+00,9.76562E-03
2.7030696E-01,2.06055E+00,6.83594E-02
2.7032544E-01,1.96289E+00,9.76562E-03
2.7034392E-01,2.00195E+00,4.88281E-02
2.7036240E-01,2.11914E+00,2.92969E-02
2.7038088E-01,2.00195E+00,4.88281E-02
2.7039936E-01,2.02148E+00,-9.76562E-03
2.7041784E-01,2.04102E+00,2.92969E-02
2.7043632E-01,2.04102E+00,-9.76562E-03
2.7045480E-01,2.00195E+00,9.76562E-03
2.7047328E-01,1.96289E+00,9.76562E-03
2.7049176E-01,2.00195E+00,6.83594E-02
2.7051024E-01,2.00195E+00,2.92969E-02
2.7052872E-01,2.00195E+00,2.92969E-02
2.7054720E-01,2.06055E+00,4.88281E-02
2.7056568E-01,1.94336E+00,6.83594E-02
2.7058416E-01,2.02148E+00,9.76562E-03
2.7060264E-01,2.06055E+00,4.88281E-02
2.7062112E-01,2.04102E+00,-2.92969E-02
2.7063960E-01,2.00195E+00,4.88281E-02
2.7065808E-01,2.00195E+00,9.76562E-03
2.7067656E-01,1.98242E+00,8.78906E-02
2.7069504E-01,2.00195E+00,9.76562E-03
2.7071352E-01,2.00195E+00,6.83594E-02
2.7073200E-01,2.06055E+00,4.88281E-02
2.7075048E-01,2.00195E+00,4.88281E-02
2.7076896E-01,1.96289E+00,4.88281E-02
2.7078744E-01,2.00195E+00,2.92969E-02
2.7080592E-01,2.08008E+00,4.88281E-02
2.7082440E-01,1.94336E+00,9.76562E-03
2.7084288E-01,2.00195E+00,9.76562E-03
2.7086136E-01,2.02148E+00,8.78906E-02
2.7087984E-01,1.94336E+00,6.83594E-02
2.7089832E-01,1.94336E+00,4.88281E-02
2.7091680E-01,2.02148E+00,2.92969E-02
2.7093528E-01,2.02148E+00,2.92969E-02
2.7095376E-01,2.00195E+00,4.88281E-02
2.7097224E-01,2.06055E+00,2.92969E-02
2.7099072E-01,2.06055E+00,9.76562E-03
2.7100920E-01,1.96289E+00,4.88281E-02
2.7102768E-01,2.06055E+00,-2.92969E-02
2.7104616E-01,2.02148E+00,6.83594E-02
2.7106464E-01,1.98242E+00,-9.76562E-03
2.7108312E-01,2.00195E+00,-4.88281E-02
2.7110160E-01,2.00195E+00,9.76562E-03
2.7112008E-01,1.96289E+00,4.88281E-02
2.7113856E-01,2.02148E+00,-2.92969E-02
2.7115704E-01,1.94336E+00,2.92969E-02
2.7117552E-01,2.02148E+00,-6.83594E-02
2.7119400E-01,1.94336E+00,9.76562E-03
2.7121248E-01,2.00195E+00,9.76562E-03
2.7123096E-01,2.04102E+00,2.92969E-02
2.7124944E-01,2.02148E+00,-2.92969E-02
2.7126792E-01,2.04102E+00,4.88281E-02
2.7128640E-01,2.02148E+00,9.76562E-03
2.7130488E-01,1.98242E+00,9.76562E-03
2.7132336E-01,2.08008E+00,2.92969E-02
2.7134184E-01,1.96289E+00,4.88281E-02
2.7136032E-01,2.00195E+00,6.83594E-02
2.7137880E-01,2.00195E+00,2.92969E-02
2.7139728E-01,2.02148E+00,9.76562E-03
2.7141576E-01,2.00195E+00,2.92969E-02
2.7143424E-01,2.06055E+00,6.83594E-02
2.7145272E-01,2.04102E+00,1.26953E-01
2.7147120E-01,2.02148E+00,-2.92969E-02
2.7148968E-01,2.00195E+00,9.76562E-03
2.7150816E-01,1.98242E+00,9.76562E-03
2.7152664E-01,2.02148E+00,6.83594E-02
2.7154512E-01,2.08008E+00,2.92969E-02
2.7156360E-01,1.94336E+00,4.88281E-02
2.7158208E-01,2.02148E+00,-4.88281E-02
2.7160056E-01,1.98242E+00,6.83594E-02
2.7161904E-01,2.00195E+00,-9.76562E-03
2.7163752E-01,2.08008E+00,2.92969E-02
2.7165600E-01,2.02148E+00,9.76562E-03
2.7167448E-01,1.98242E+00,4.88281E-02
2.7169296E-01,2.04102E+00,4.88281E-02
2.7171144E-01,2.02148E+00,4.88281E-02
2.7172992E-01,2.06055E+00,9.76562E-03
2.7174840E-01,2.04102E+00,8.78906E-02
2.7176688E-01,2.04102E+00,-2.92969E-02
2.7178536E-01,1.94336E+00,4.88281E-02
2.7180384E-01,2.09961E+00,9.76562E-03
2.7182232E-01,1.94336E+00,9.76562E-03
2.7184080E-01,2.02148E+00,9.76562E-03
2.7185928E-01,2.02148E+00,2.92969E-02
2.7187776E-01,2.02148E+00,9.76562E-03
2.7189624E-01,2.02148E+00,6.83594E-02
2.7191472E-01,2.00195E+00,4.88281E-02
2.7193320E-01,1.98242E+00,6.83594E-02
2.7195168E-01,2.04102E+00,2.92969E-02
2.7197016E-01,2.06055E+00,9.76562E-03
2.7198864E-01,2.04102E+00,4.88281E-02
2.7200712E-01,1.98242E+00,2.92969E-02
2.7202560E-01,2.04102E+00,9.76562E-03
2.7204408E-01,2.00195E+00,2.92969E-02
2.7206256E-01,2.04102E+00,4.88281E-02
2.7208104E-01,1.94336E+00,2.92969E-02
2.7209952E-01,2.00195E+00,2.92969E-02
2.7211800E-01,2.00195E+00,4.88281E-02
2.7213648E-01,2.00195E+00,-2.92969E-02
2.7215496E-01,2.06055E+00,4.88281E-02
2.7217344E-01,1.98242E+00,4.88281E-02
2.7219192E-01,1.96289E+00,2.92969E-02
2.7221040E-01,2.00195E+00,-4.88281E-02
2.7222888E-01,1.96289E+00,2.92969E-02
2.7224736E-01,2.02148E+00,4.88281E-02
2.7226584E-01,1.90430E+00,4.88281E-02
2.7228432E-01,2.04102E+00,4.88281E-02
2.7230280E-01,1.98242E+00,4.88281E-02
2.7232128E-01,2.06055E+00,9.76562E-03
2.7233976E-01,2.08008E+00,6.83594E-02
2.7235824E-01,2.04102E+00,6.83594E-02
2.7237672E-01,2.00195E+00,9.76562E-03
2.7239520E-01,2.06055E+00,9.76562E-03
2.7241368E-01,2.04102E+00,8.78906E-02
2.7243216E-01,2.08008E+00,4.88281E-02
2.7245064E-01,1.98242E+00,4.88281E-02
2.7246912E-01,2.04102E+00,4.88281E-02
2.7248760E-01,1.94336E+00,9.76562E-03
2.7250608E-01,2.06055E+00,4.88281E-02
2.7252456E-01,2.00195E+00,6.83594E-02
2.7254304E-01,2.06055E+00,-2.92969E-02
2.7256152E-01,2.00195E+00,9.76562E-03
2.7258000E-01,2.00195E+00,4.88281E-02
2.7259848E-01,1.94336E+00,6.83594E-02
2.7261696E-01,1.96289E+00,4.88281E-02
2.7263544E-01,1.96289E+00,-9.76562E-03
2.7265392E-01,2.02148E+00,-9.76562E-03
2.7267240E-01,2.00195E+00,2.92969E-02
2.7269088E-01,2.00195E+00,4.88281E-02
2.7270936E-01,2.00195E+00,2.92969E-02
2.7272784E-01,2.04102E+00,9.76562E-03
2.7274632E-01,1.98242E+00,4.88281E-02
2.7276480E-01,1.98242E+00,4.88281E-02
2.7278328E-01,1.98242E+00,4.88281E-02
2.7280176E-01,2.06055E+00,-2.92969E-02
2.7282024E-01,2.06055E+00,4.88281E-02
2.7283872E-01,2.00195E+00,9.76562E-03
2.7285720E-01,1.96289E+00,4.88281E-02
2.7287568E-01,2.08008E+00,2.92969E-02
2.7289416E-01,2.02148E+00,2.92969E-02
2.7291264E-01,2.04102E+00,9.76562E-03
2.7293112E-01,2.00195E+00,1.26953E-01
2.7294960E-01,2.06055E+00,-4.88281E-02
2.7296808E-01,1.94336E+00,6.83594E-02
2.7298656E-01,2.02148E+00,2.92969E-02
2.7300504E-01,2.08008E+00,2.92969E-02
2.7302352E-01,2.00195E+00,4.88281E-02
2.7304200E-01,2.02148E+00,4.88281E-02
2.7306048E-01,2.06055E+00,4.88281E-02
2.7307896E-01,1.98242E+00,8.78906E-02
2.7309744E-01,2.06055E+00,4.88281E-02
2.7311592E-01,1.96289E+00,6.83594E-02
2.7313440E-01,2.00195E+00,-4.88281E-02
2.7315288E-01,2.06055E+00,-9.76562E-03
2.7317136E-01,2.08008E+00,9.76562E-03
2.7318984E-01,2.00195E+00,4.88281E-02
2.7320832E-01,2.02148E+00,4.88281E-02
2.7322680E-01,2.00195E+00,4.88281E-02
2.7324528E-01,2.00195E+00,2.92969E-02
2.7326376E-01,2.00195E+00,6.83594E-02
2.7328224E-01,2.02148E+00,9.76562E-03
2.7330072E-01,2.06055E+00,6.83594E-02
2.7331920E-01,2.06055E+00,4.88281E-02
2.7333768E-01,2.02148E+00,2.92969E-02
2.7335616E-01,2.04102E+00,-2.92969E-02
2.7337464E-01,1.96289E+00,2.92969E-02
2.7339312E-01,2.00195E+00,9.76562E-03
2.7341160E-01,2.00195E+00,4.88281E-02
2.7343008E-01,2.04102E+00,4.88281E-02
2.7344856E-01,2.02148E+00,9.76562E-03
2.7346704E-01,2.08008E+00,4.88281E-02
2.7348552E-01,2.04102E+00,4.88281E-02
2.7350400E-01,2.02148E+00,4.88281E-02
2.7352248E-01,2.02148E+00,6.83594E-02
2.7354096E-01,1.98242E+00,9.76562E-03
2.7355944E-01,2.00195E+00,2.92969E-02
2.7357792E-01,2.06055E+00,-9.76562E-03
2.7359640E-01,1.98242E+00,9.76562E-03
2.7361488E-01,2.08008E+00,9.76562E-03
2.7363336E-01,1.92383E+00,6.83594E-02
2.7365184E-01,2.06055E+00,-9.76562E-03
2.7367032E-01,2.04102E+00,4.88281E-02
2.7368880E-01,2.02148E+00,-9.76562E-03
2.7370728E-01,1.98242E+00,4.88281E-02
2.7372576E-01,2.04102E+00,4.88281E-02
2.7374424E-01,2.00195E+00,6.83594E-02
2.7376272E-01,2.08008E+00,2.92969E-02
2.7378120E-01,2.06055E+00,8.78906E-02
2.7379968E-01,2.06055E+00,2.92969E-02
2.7381816E-01,2.06055E+00,4.88281E-02
2.7383664E-01,2.08008E+00,2.92969E-02
2.7385512E-01,2.00195E+00,4.88281E-02
2.7387360E-01,2.06055E+00,9.76562E-03
2.7389208E-01,2.00195E+00,4.88281E-02
2.7391056E-01,2.04102E+00,2.92969E-02
2.7392904E-01,1.94336E+00,6.83594E-02
2.7394752E-01,1.94336E+00,6.83594E-02
2.7396600E-01,2.00195E+00,4.88281E-02
2.7398448E-01,2.06055E+00,9.76562E-03
2.7400296E-01,1.94336E+00,4.88281E-02
2.7402144E-01,2.13867E+00,-9.76562E-03
2.7403992E-01,2.02148E+00,6.83594E-02
2.7405840E-01,2.06055E+00,9.76562E-03
2.7407688E-01,1.98242E+00,2.92969E-02
2.7409536E-01,2.02148E+00,-2.92969E-02
2.7411384E-01,1.96289E+00,4.88281E-02
2.7413232E-01,2.04102E+00,9.76562E-03
2.7415080E-01,2.00195E+00,4.88281E-02
2.7416928E-01,2.00195E+00,9.76562E-03
2.7418776E-01,2.00195E+00,6.83594E-02
2.7420624E-01,2.08008E+00,-2.92969E-02
2.7422472E-01,2.00195E+00,2.92969E-02
2.7424320E-01,2.02148E+00,8.78906E-02
2.7426168E-01,2.08008E+00,6.83594E-02
2.7428016E-01,2.02148E+00,2.92969E-02
2.7429864E-01,2.06055E+00,9.76562E-03
2.7431712E-01,2.08008E+00,9.76562E-03
2.7433560E-01,2.02148E+00,4.88281E-02
2.7435408E-01,2.04102E+00,4.88281E-02
2.7437256E-01,2.02148E+00,4.88281E-02
2.7439104E-01,2.08008E+00,9.76562E-03
2.7440952E-01,2.00195E+00,8.78906E-02
2.7442800E-01,2.00195E+00,-2.92969E-02
2.7444648E-01,2.09961E+00,9.76562E-03
2.7446496E-01,2.08008E+00,6.83594E-02
2.7448344E-01,2.11914E+00,6.83594E-02
2.7450192E-01,2.02148E+00,-9.76562E-03
2.7452040E-01,1.98242E+00,4.88281E-02
2.7453888E-01,2.04102E+00,-9.76562E-03
2.7455736E-01,2.08008E+00,1.07422E-01
2.7457584E-01,2.02148E+00,-4.88281E-02
2.7459432E-01,1.94336E+00,1.46484E-01
2.7461280E-01,2.00195E+00,2.92969E-02
2.7463128E-01,1.98242E+00,4.88281E-02
2.7464976E-01,2.04102E+00,9.76562E-03
2.7466824E-01,2.08008E+00,2.92969E-02
2.7468672E-01,2.02148E+00,9.76562E-03
2.7470520E-01,2.06055E+00,6.83594E-02
2.7472368E-01,2.08008E+00,2.92969E-02
2.7474216E-01,2.08008E+00,8.78906E-02
2.7476064E-01,2.08008E+00,9.76562E-03
2.7477912E-01,2.04102E+00,9.76562E-03
2.7479760E-01,2.02148E+00,2.92969E-02
2.7481608E-01,2.08008E+00,8.78906E-02
2.7483456E-01,2.02148E+00,6.83594E-02
2.7485304E-01,1.98242E+00,2.92969E-02
2.7487152E-01,1.94336E+00,2.92969E-02
2.7489000E-01,1.92383E+00,2.92969E-02
2.7490848E-01,2.02148E+00,-4.88281E-02
2.7492696E-01,1.94336E+00,9.76562E-03
2.7494544E-01,2.06055E+00,9.76562E-03
2.7496392E-01,1.94336E+00,1.07422E-01
2.7498240E-01,2.08008E+00,4.88281E-02
2.7500088E-01,2.08008E+00,4.88281E-02
2.7501936E-01,2.00195E+00,9.76562E-03
2.7503784E-01,2.08008E+00,6.83594E-02
2.7505632E-01,2.06055E+00,-9.76562E-03
2.7507480E-01,2.02148E+00,2.92969E-02
2.7509328E-01,2.02148E+00,9.76562E-03
2.7511176E-01,2.02148E+00,4.88281E-02
2.7513024E-01,2.04102E+00,4.88281E-02
2.7514872E-01,2.02148E+00,9.76562E-03
2.7516720E-01,2.08008E+00,-9.76562E-03
2.7518568E-01,2.06055E+00,4.88281E-02
2.7520416E-01,2.08008E+00,-2.92969E-02
2.7522264E-01,2.02148E+00,2.92969E-02
2.7524112E-01,2.00195E+00,2.92969E-02
2.7525960E-01,2.06055E+00,9.76562E-03
2.7527808E-01,2.08008E+00,9.76562E-03
2.7529656E-01,2.00195E+00,4.88281E-02
2.7531504E-01,2.08008E+00,9.76562E-03
2.7533352E-01,2.02148E+00,4.88281E-02
2.7535200E-01,2.04102E+00,2.92969E-02
2.7537048E-01,2.04102E+00,2.92969E-02
2.7538896E-01,2.00195E+00,2.92969E-02
2.7540744E-01,2.09961E+00,2.92969E-02
2.7542592E-01,2.08008E+00,-9.76562E-03
2.7544440E-01,2.08008E+00,4.88281E-02
2.7546288E-01,2.09961E+00,9.76562E-03
2.7548136E-01,2.00195E+00,6.83594E-02
2.7549984E-01,2.02148E+00,4.88281E-02
2.7551832E-01,2.00195E+00,2.92969E-02
2.7553680E-01,2.08008E+00,6.83594E-02
2.7555528E-01,2.06055E+00,4.88281E-02
2.7557376E-01,2.00195E+00,2.92969E-02
2.7559224E-01,2.04102E+00,6.83594E-02
2.7561072E-01,2.04102E+00,-9.76562E-03
2.7562920E-01,2.04102E+00,6.83594E-02
2.7564768E-01,2.04102E+00,9.76562E-03
2.7566616E-01,2.08008E+00,6.83594E-02
2.7568464E-01,2.00195E+00,9.76562E-03
2.7570312E-01,1.96289E+00,9.76562E-03
2.7572160E-01,2.06055E+00,9.76562E-03
2.7574008E-01,2.06055E+00,9.76562E-03
2.7575856E-01,2.02148E+00,2.92969E-02
2.7577704E-01,2.13867E+00,2.92969E-02
2.7579552E-01,2.00195E+00,9.76562E-03
2.7581400E-01,2.00195E+00,6.83594E-02
2.7583248E-01,2.08008E+00,2.92969E-02
2.7585096E-01,1.98242E+00,2.92969E-02
2.7586944E-01,2.02148E+00,-2.92969E-02
2.7588792E-01,2.06055E+00,1.07422E-01
2.7590640E-01,2.08008E+00,-2.92969E-02
2.7592488E-01,2.00195E+00,4.88281E-02
2.7594336E-01,2.04102E+00,-9.76562E-03
2.7596184E-01,2.00195E+00,1.07422E-01
2.7598032E-01,1.98242E+00,4.88281E-02
2.7599880E-01,2.04102E+00,9.76562E-03
2.7601728E-01,1.94336E+00,-9.76562E-03
2.7603576E-01,1.96289E+00,-9.76562E-03
2.7605424E-01,2.06055E+00,-9.76562E-03
2.7607272E-01,1.98242E+00,1.07422E-01
2.7609120E-01,2.04102E+00,4.88281E-02
2.7610968E-01,2.04102E+00,8.78906E-02
2.7612816E-01,2.08008E+00,-2.92969E-02
2.7614664E-01,2.00195E+00,-9.76562E-03
2.7616512E-01,2.08008E+00,2.92969E-02
2.7618360E-01,2.02148E+00,6.83594E-02
2.7620208E-01,2.06055E+00,4.88281E-02
2.7622056E-01,1.94336E+00,6.83594E-02
2.7623904E-01,2.08008E+00,2.92969E-02
2.7625752E-01,1.96289E+00,6.83594E-02
2.7627600E-01,2.04102E+00,9.76562E-03
2.7629448E-01,2.06055E+00,2.92969E-02
2.7631296E-01,2.08008E+00,-2.92969E-02
2.7633144E-01,2.00195E+00,1.07422E-01
2.7634992E-01,2.06055E+00,2.92969E-02
2.7636840E-01,2.08008E+00,6.83594E-02
2.7638688E-01,2.06055E+00,9.76562E-03
2.7640536E-01,2.02148E+00,6.83594E-02
2.7642384E-01,2.04102E+00,2.92969E-02
2.7644232E-01,2.00195E+00,4.88281E-02
2.7646080E-01,2.02148E+00,6.83594E-02
2.7647928E-01,2.02148E+00,2.92969E-02
2.7649776E-01,2.06055E+00,2.92969E-02
2.7651624E-01,2.00195E+00,-9.76562E-03
2.7653472E-01,2.06055E+00,4.88281E-02
2.7655320E-01,2.00195E+00,6.83594E-02
2.7657168E-01,2.02148E+00,-4.88281E-02
2.7659016E-01,2.06055E+00,4.88281E-02
2.7660864E-01,2.08008E+00,9.76562E-03
2.7662712E-01,1.98242E+00,9.76562E-03
2.7664560E-01,2.06055E+00,2.92969E-02
2.7666408E-01,1.94336E+00,2.92969E-02
2.7668256E-01,2.04102E+00,4.88281E-02
2.7670104E-01,1.96289E+00,6.83594E-02
2.7671952E-01,2.06055E+00,2.92969E-02
2.7673800E-01,1.98242E+00,1.46484E-01
2.7675648E-01,2.00195E+00,9.76562E-03
2.7677496E-01,1.96289E+00,9.76562E-03
2.7679344E-01,2.09961E+00,-2.92969E-02
2.7681192E-01,2.00195E+00,2.92969E-02
2.7683040E-01,2.11914E+00,2.92969E-02
2.7684888E-01,2.06055E+00,4.88281E-02
2.7686736E-01,2.08008E+00,2.92969E-02
2.7688584E-01,2.00195E+00,2.92969E-02
2.7690432E-01,2.08008E+00,-6.83594E-02
2.7692280E-01,2.06055E+00,6.83594E-02
2.7694128E-01,2.04102E+00,2.92969E-02
2.7695976E-01,2.06055E+00,9.76562E-03
2.7697824E-01,2.06055E+00,-9.76562E-03
2.7699672E-01,2.00195E+00,-9.76562E-03
2.7701520E-01,2.04102E+00,-9.76562E-03
2.7703368E-01,2.08008E+00,4.88281E-02
2.7705216E-01,2.09961E+00,2.92969E-02
2.7707064E-01,2.02148E+00,1.07422E-01
2.7708912E-01,2.04102E+00,2.92969E-02
2.7710760E-01,1.98242E+00,1.07422E-01
2.7712608E-01,2.08008E+00,9.76562E-03
2.7714456E-01,2.00195E+00,1.26953E-01
2.7716304E-01,2.09961E+00,4.88281E-02
2.7718152E-01,2.04102E+00,2.92969E-02
2.7720000E-01,2.13867E+00,4.88281E-02
2.7721848E-01,2.00195E+00,4.88281E-02
2.7723696E-01,2.06055E+00,9.76562E-03
2.7725544E-01,2.06055E+00,6.83594E-02
2.7727392E-01,2.11914E+00,-4.88281E-02
2.7729240E-01,1.98242E+00,9.76562E-03
2.7731088E-01,2.08008E+00,9.76562E-03
2.7732936E-01,2.04102E+00,2.92969E-02
2.7734784E-01,2.09961E+00,6.83594E-02
2.7736632E-01,2.08008E+00,9.76562E-03
2.7738480E-01,2.06055E+00,9.76562E-03
2.7740328E-01,2.00195E+00,6.83594E-02
2.7742176E-01,2.00195E+00,2.92969E-02
2.7744024E-01,2.08008E+00,4.88281E-02
2.7745872E-01,2.04102E+00,2.92969E-02
2.7747720E-01,2.00195E+00,2.92969E-02
2.7749568E-01,2.08008E+00,9.76562E-03
2.7751416E-01,2.00195E+00,-2.92969E-02
2.7753264E-01,2.02148E+00,6.83594E-02
2.7755112E-01,1.96289E+00,1.07422E-01
2.7756960E-01,2.06055E+00,2.92969E-02
2.7758808E-01,2.02148E+00,2.92969E-02
2.7760656E-01,2.04102E+00,9.76562E-03
2.7762504E-01,1.98242E+00,4.88281E-02
2.7764352E-01,2.08008E+00,4.88281E-02
2.7766200E-01,2.04102E+00,2.92969E-02
2.7768048E-01,2.06055E+00,-4.88281E-02
2.7769896E-01,2.04102E+00,4.88281E-02
2.7771744E-01,2.06055E+00,-9.76562E-03
2.7773592E-01,2.08008E+00,4.88281E-02
2.7775440E-01,2.02148E+00,-2.92969E-02
2.7777288E-01,1.98242E+00,9.76562E-03
2.7779136E-01,2.08008E+00,4.88281E-02
2.7780984E-01,2.02148E+00,4.88281E-02
2.7782832E-01,2.02148E+00,-9.76562E-03
2.7784680E-01,2.04102E+00,2.92969E-02
2.7786528E-01,2.00195E+00,9.76562E-03
2.7788376E-01,2.06055E+00,4.88281E-02
2.7790224E-01,2.06055E+00,4.88281E-02
2.7792072E-01,1.98242E+00,4.88281E-02
2.7793920E-01,2.00195E+00,6.83594E-02
2.7795768E-01,2.04102E+00,6.83594E-02
2.7797616E-01,2.02148E+00,9.76562E-03
2.7799464E-01,1.98242E+00,6.83594E-02
2.7801312E-01,2.02148E+00,4.88281E-02
2.7803160E-01,1.96289E+00,6.83594E-02
2.7805008E-01,2.08008E+00,9.76562E-03
2.7806856E-01,2.04102E+00,6.83594E-02
2.7808704E-01,2.08008E+00,4.88281E-02
2.7810552E-01,2.04102E+00,9.76562E-03
2.7812400E-01,2.11914E+00,2.92969E-02
2.7814248E-01,2.08008E+00,4.88281E-02
2.7816096E-01,2.06055E+00,2.92969E-02
2.7817944E-01,2.04102E+00,9.76562E-03
2.7819792E-01,2.00195E+00,9.76562E-03
2.7821640E-01,2.11914E+00,2.92969E-02
2.7823488E-01,2.00195E+00,4.88281E-02
2.7825336E-01,2.00195E+00,6.83594E-02
2.7827184E-01,2.08008E+00,9.76562E-03
2.7829032E-01,1.96289E+00,9.76562E-03
2.7830880E-01,2.06055E+00,6.83594E-02
2.7832728E-01,2.02148E+00,2.92969E-02
2.7834576E-01,2.02148E+00,4.88281E-02
2.7836424E-01,2.00195E+00,6.83594E-02
2.7838272E-01,2.08008E+00,9.76562E-03
2.7840120E-01,2.02148E+00,4.88281E-02
2.7841968E-01,2.08008E+00,4.88281E-02
2.7843816E-01,2.09961E+00,9.76562E-03
2.7845664E-01,2.04102E+00,4.88281E-02
2.7847512E-01,1.98242E+00,6.83594E-02
2.7849360E-01,2.11914E+00,2.92969E-02
2.7851208E-01,2.00195E+00,9.76562E-03
2.7853056E-01,2.11914E+00,9.76562E-03
2.7854904E-01,2.08008E+00,4.88281E-02
2.7856752E-01,2.06055E+00,4.88281E-02
2.7858600E-01,2.02148E+00,4.88281E-02
2.7860448E-01,2.04102E+00,6.83594E-02
2.7862296E-01,1.98242E+00,6.83594E-02
2.7864144E-01,2.08008E+00,6.83594E-02
2.7865992E-01,2.06055E+00,6.83594E-02
2.7867840E-01,2.09961E+00,2.92969E-02
2.7869688E-01,2.06055E+00,2.92969E-02
2.7871536E-01,2.08008E+00,2.92969E-02
2.7873384E-01,2.08008E+00,6.83594E-02
2.7875232E-01,2.04102E+00,4.88281E-02
2.7877080E-01,2.02148E+00,2.92969E-02
2.7878928E-01,2.08008E+00,4.88281E-02
2.7880776E-01,2.06055E+00,8.78906E-02
2.7882624E-01,2.06055E+00,-9.76562E-03
2.7884472E-01,2.00195E+00,4.88281E-02
2.7886320E-01,2.00195E+00,4.88281E-02
2.7888168E-01,2.08008E+00,2.92969E-02
2.7890016E-01,2.00195E+00,2.92969E-02
2.7891864E-01,2.04102E+00,6.83594E-02
2.7893712E-01,2.02148E+00,2.92969E-02
2.7895560E-01,2.02148E+00,4.88281E-02
2.7897408E-01,2.06055E+00,4.88281E-02
2.7899256E-01,2.02148E+00,-9.76562E-03
2.7901104E-01,2.08008E+00,-2.92969E-02
2.7902952E-01,2.04102E+00,1.07422E-01
2.7904800E-01,2.00195E+00,4.88281E-02
2.7906648E-01,2.06055E+00,2.92969E-02
2.7908496E-01,2.06055E+00,2.92969E-02
2.7910344E-01,2.08008E+00,4.88281E-02
2.7912192E-01,2.08008E+00,9.76562E-03
2.7914040E-01,2.08008E+00,-2.92969E-02
2.7915888E-01,2.06055E+00,2.92969E-02
2.7917736E-01,2.04102E+00,4.88281E-02
2.7919584E-01,2.06055E+00,2.92969E-02
2.7921432E-01,1.98242E+00,4.88281E-02
2.7923280E-01,2.04102E+00,-9.76562E-03
2.7925128E-01,2.02148E+00,6.83594E-02
2.7926976E-01,2.08008E+00,2.92969E-02
2.7928824E-01,2.08008E+00,6.83594E-02
2.7930672E-01,2.02148E+00,9.76562E-03
2.7932520E-01,2.06055E+00,4.88281E-02
2.7934368E-01,2.00195E+00,6.83594E-02
2.7936216E-01,2.08008E+00,9.76562E-03
2.7938064E-01,2.04102E+00,9.76562E-03
2.7939912E-01,2.11914E+00,6.83594E-02
2.7941760E-01,2.09961E+00,2.92969E-02
2.7943608E-01,2.00195E+00,2.92969E-02
2.7945456E-01,2.13867E+00,9.76562E-03
2.7947304E-01,2.06055E+00,2.92969E-02
2.7949152E-01,2.13867E+00,4.88281E-02
2.7951000E-01,2.08008E+00,8.78906E-02
2.7952848E-01,2.02148E+00,4.88281E-02
2.7954696E-01,2.08008E+00,4.88281E-02
2.7956544E-01,2.00195E+00,9.76562E-03
2.7958392E-01,2.02148E+00,2.92969E-02
2.7960240E-01,2.08008E+00,-9.76562E-03
2.7962088E-01,2.08008E+00,9.76562E-03
2.7963936E-01,2.09961E+00,4.88281E-02
2.7965784E-01,2.04102E+00,2.92969E-02
2.7967632E-01,2.06055E+00,2.92969E-02
2.7969480E-01,2.08008E+00,6.83594E-02
2.7971328E-01,2.00195E+00,4.88281E-02
2.7973176E-01,2.02148E+00,9.76562E-03
2.7975024E-01,2.08008E+00,9.76562E-03
2.7976872E-01,2.06055E+00,2.92969E-02
2.7978720E-01,2.02148E+00,8.78906E-02
2.7980568E-01,2.08008E+00,6.83594E-02
2.7982416E-01,2.08008E+00,4.88281E-02
2.7984264E-01,2.02148E+00,6.83594E-02
2.7986112E-01,2.13867E+00,9.76562E-03
2.7987960E-01,1.96289E+00,6.83594E-02
2.7989808E-01,2.02148E+00,-9.76562E-03
2.7991656E-01,2.06055E+00,4.88281E-02
2.7993504E-01,2.08008E+00,6.83594E-02
2.7995352E-01,1.98242E+00,4.88281E-02
2.7997200E-01,2.06055E+00,2.92969E-02
2.7999048E-01,2.04102E+00,6.83594E-02
2.8000896E-01,2.13867E+00,9.76562E-03
2.8002744E-01,2.02148E+00,2.92969E-02
2.8004592E-01,2.06055E+00,4.88281E-02
2.8006440E-01,1.96289E+00,4.88281E-02
2.8008288E-01,2.08008E+00,4.88281E-02
2.8010136E-01,2.08008E+00,8.78906E-02
2.8011984E-01,2.13867E+00,6.83594E-02
2.8013832E-01,2.02148E+00,6.83594E-02
2.8015680E-01,2.02148E+00,2.92969E-02
2.8017528E-01,2.02148E+00,2.92969E-02
2.8019376E-01,2.02148E+00,-9.76562E-03
2.8021224E-01,2.06055E+00,4.88281E-02
2.8023072E-01,2.08008E+00,2.92969E-02
2.8024920E-01,2.02148E+00,6.83594E-02
2.8026768E-01,2.08008E+00,4.88281E-02
2.8028616E-01,2.00195E+00,6.83594E-02
2.8030464E-01,2.04102E+00,4.88281E-02
2.8032312E-01,2.06055E+00,8.78906E-02
2.8034160E-01,2.09961E+00,4.88281E-02
2.8036008E-01,1.96289E+00,2.92969E-02
2.8037856E-01,2.00195E+00,4.88281E-02
2.8039704E-01,2.02148E+00,1.07422E-01
2.8041552E-01,2.04102E+00,9.76562E-03
2.8043400E-01,2.02148E+00,4.88281E-02
2.8045248E-01,2.09961E+00,-4.88281E-02
2.8047096E-01,2.04102E+00,2.92969E-02
2.8048944E-01,2.04102E+00,-2.92969E-02
2.8050792E-01,2.08008E+00,8.78906E-02
2.8052640E-01,2.02148E+00,6.83594E-02
2.8054488E-01,2.06055E+00,8.78906E-02
2.8056336E-01,2.08008E+00,-9.76562E-03
2.8058184E-01,2.08008E+00,4.88281E-02
2.8060032E-01,2.08008E+00,1.26953E-01
2.8061880E-01,2.02148E+00,1.07422E-01
2.8063728E-01,2.08008E+00,4.88281E-02
2.8065576E-01,2.00195E+00,6.83594E-02
2.8067424E-01,2.13867E+00,1.07422E-01
2.8069272E-01,2.00195E+00,8.78906E-02
2.8071120E-01,2.02148E+00,4.88281E-02
2.8072968E-01,1.98242E+00,4.88281E-02
2.8074816E-01,2.06055E+00,9.76562E-03
2.8076664E-01,2.08008E+00,4.88281E-02
2.8078512E-01,2.04102E+00,2.92969E-02
2.8080360E-01,2.00195E+00,6.83594E-02
2.8082208E-01,2.08008E+00,6.83594E-02
2.8084056E-01,2.06055E+00,4.88281E-02
2.8085904E-01,2.04102E+00,9.76562E-03
2.8087752E-01,2.00195E+00,4.88281E-02
2.8089600E-01,2.00195E+00,9.76562E-03
2.8091448E-01,2.06055E+00,2.92969E-02
2.8093296E-01,2.06055E+00,9.76562E-03
2.8095144E-01,2.02148E+00,6.83594E-02
2.8096992E-01,2.04102E+00,6.83594E-02
2.8098840E-01,2.06055E+00,2.92969E-02
2.8100688E-01,2.08008E+00,6.83594E-02
2.8102536E-01,2.02148E+00,6.83594E-02
2.8104384E-01,2.08008E+00,2.92969E-02
2.8106232E-01,2.00195E+00,4.88281E-02
2.8108080E-01,2.08008E+00,2.92969E-02
2.8109928E-01,2.02148E+00,9.76562E-03
2.8111776E-01,2.13867E+00,2.92969E-02
2.8113624E-01,2.04102E+00,2.92969E-02
2.8115472E-01,2.06055E+00,9.76562E-03
2.8117320E-01,2.00195E+00,9.76562E-03
2.8119168E-01,2.08008E+00,-9.76562E-03
2.8121016E-01,2.08008E+00,4.88281E-02
2.8122864E-01,2.06055E+00,-9.76562E-03
2.8124712E-01,2.00195E+00,9.76562E-03
2.8126560E-01,2.08008E+00,4.88281E-02
2.8128408E-01,2.08008E+00,4.88281E-02
2.8130256E-01,2.02148E+00,4.88281E-02
2.8132104E-01,2.00195E+00,9.76562E-03
2.8133952E-01,2.08008E+00,-9.76562E-03
2.8135800E-01,2.06055E+00,9.76562E-03
2.8137648E-01,2.08008E+00,4.88281E-02
2.8139496E-01,2.04102E+00,2.92969E-02
2.8141344E-01,2.08008E+00,2.92969E-02
2.8143192E-01,2.02148E+00,2.92969E-02
2.8145040E-01,2.08008E+00,9.76562E-03
2.8146888E-01,2.04102E+00,8.78906E-02
2.8148736E-01,1.98242E+00,4.88281E-02
2.8150584E-01,2.08008E+00,9.76562E-03
2.8152432E-01,2.04102E+00,4.88281E-02
2.8154280E-01,2.06055E+00,2.92969E-02
2.8156128E-01,2.06055E+00,9.76562E-03
2.8157976E-01,2.08008E+00,4.88281E-02
2.8159824E-01,2.02148E+00,4.88281E-02
2.8161672E-01,2.09961E+00,2.92969E-02
2.8163520E-01,2.08008E+00,4.88281E-02
2.8165368E-01,2.08008E+00,2.92969E-02
2.8167216E-01,2.06055E+00,9.76562E-03
2.8169064E-01,2.00195E+00,2.92969E-02
2.8170912E-01,2.08008E+00,2.92969E-02
2.8172760E-01,2.02148E+00,2.92969E-02
2.8174608E-01,2.00195E+00,-9.76562E-03
2.8176456E-01,2.08008E+00,6.83594E-02
2.8178304E-01,2.08008E+00,9.76562E-03
2.8180152E-01,2.08008E+00,2.92969E-02
2.8182000E-01,2.09961E+00,2.92969E-02
2.8183848E-01,2.08008E+00,6.83594E-02
2.8185696E-01,2.04102E+00,4.88281E-02
2.8187544E-01,2.00195E+00,6.83594E-02
2.8189392E-01,2.09961E+00,4.88281E-02
2.8191240E-01,2.08008E+00,6.83594E-02
2.8193088E-01,2.02148E+00,2.92969E-02
2.8194936E-01,2.04102E+00,4.88281E-02
2.8196784E-01,2.08008E+00,4.88281E-02
2.8198632E-01,2.06055E+00,2.92969E-02
2.8200480E-01,2.02148E+00,2.92969E-02
2.8202328E-01,2.08008E+00,4.88281E-02
2.8204176E-01,2.02148E+00,6.83594E-02
2.8206024E-01,2.06055E+00,1.26953E-01
2.8207872E-01,2.06055E+00,2.92969E-02
2.8209720E-01,2.02148E+00,4.88281E-02
2.8211568E-01,2.09961E+00,4.88281E-02
2.8213416E-01,2.06055E+00,6.83594E-02
2.8215264E-01,2.02148E+00,9.76562E-03
2.8217112E-01,2.00195E+00,4.88281E-02
2.8218960E-01,2.08008E+00,4.88281E-02
2.8220808E-01,2.08008E+00,6.83594E-02
2.8222656E-01,2.06055E+00,6.83594E-02
2.8224504E-01,2.00195E+00,2.92969E-02
2.8226352E-01,2.02148E+00,-9.76562E-03
2.8228200E-01,2.11914E+00,9.76562E-03
2.8230048E-01,2.08008E+00,2.92969E-02
2.8231896E-01,2.06055E+00,4.88281E-02
2.8233744E-01,2.11914E+00,9.76562E-03
2.8235592E-01,2.08008E+00,2.92969E-02
2.8237440E-01,2.08008E+00,-9.76562E-03
2.8239288E-01,2.04102E+00,2.92969E-02
2.8241136E-01,2.06055E+00,4.88281E-02
2.8242984E-01,2.04102E+00,4.88281E-02
2.8244832E-01,2.08008E+00,2.92969E-02
2.8246680E-01,2.08008E+00,6.83594E-02
2.8248528E-01,2.00195E+00,4.88281E-02
2.8250376E-01,2.02148E+00,6.83594E-02
2.8252224E-01,2.04102E+00,9.76562E-03
2.8254072E-01,2.02148E+00,2.92969E-02
2.8255920E-01,2.02148E+00,2.92969E-02
2.8257768E-01,2.08008E+00,4.88281E-02
2.8259616E-01,2.08008E+00,9.76562E-03
2.8261464E-01,2.02148E+00,2.92969E-02
2.8263312E-01,2.08008E+00,4.88281E-02
2.8265160E-01,2.06055E+00,2.92969E-02
2.8267008E-01,2.04102E+00,-9.76562E-03
2.8268856E-01,2.08008E+00,2.92969E-02
2.8270704E-01,2.02148E+00,2.92969E-02
2.8272552E-01,2.04102E+00,9.76562E-03
2.8274400E-01,2.08008E+00,9.76562E-03
2.8276248E-01,2.00195E+00,9.76562E-03
2.8278096E-01,2.09961E+00,9.76562E-03
2.8279944E-01,1.98242E+00,4.88281E-02
2.8281792E-01,2.09961E+00,4.88281E-02
2.8283640E-01,2.08008E+00,4.88281E-02
2.8285488E-01,2.08008E+00,2.92969E-02
2.8287336E-01,2.02148E+00,4.88281E-02
2.8289184E-01,2.08008E+00,9.76562E-03
2.8291032E-01,2.09961E+00,-4.88281E-02
2.8292880E-01,2.08008E+00,2.92969E-02
2.8294728E-01,1.98242E+00,9.76562E-03
2.8296576E-01,2.08008E+00,4.88281E-02
2.8298424E-01,2.06055E+00,2.92969E-02
2.8300272E-01,2.08008E+00,-9.76562E-03
2.8302120E-01,2.00195E+00,-9.76562E-03
2.8303968E-01,2.08008E+00,9.76562E-03
2.8305816E-01,2.04102E+00,1.07422E-01
2.8307664E-01,2.02148E+00,4.88281E-02
2.8309512E-01,2.08008E+00,4.88281E-02
2.8311360E-01,2.09961E+00,9.76562E-03
2.8313208E-01,2.00195E+00,6.83594E-02
2.8315056E-01,2.09961E+00,-9.76562E-03
2.8316904E-01,2.08008E+00,4.88281E-02
2.8318752E-01,2.04102E+00,-4.88281E-02
2.8320600E-01,2.02148E+00,4.88281E-02
2.8322448E-01,2.06055E+00,9.76562E-03
2.8324296E-01,2.06055E+00,9.76562E-03
2.8326144E-01,2.08008E+00,2.92969E-02
2.8327992E-01,2.04102E+00,9.76562E-03
2.8329840E-01,2.08008E+00,4.88281E-02
2.8331688E-01,2.08008E+00,6.83594E-02
2.8333536E-01,2.04102E+00,6.83594E-02
2.8335384E-01,2.08008E+00,-9.76562E-03
2.8337232E-01,2.08008E+00,6.83594E-02
2.8339080E-01,2.08008E+00,6.83594E-02
2.8340928E-01,2.04102E+00,6.83594E-02
2.8342776E-01,2.08008E+00,8.78906E-02
2.8344624E-01,2.02148E+00,2.92969E-02
2.8346472E-01,2.08008E+00,9.76562E-03
2.8348320E-01,2.09961E+00,9.76562E-03
2.8350168E-01,2.06055E+00,6.83594E-02
2.8352016E-01,2.08008E+00,9.76562E-03
2.8353864E-01,2.00195E+00,-2.92969E-02
2.8355712E-01,2.11914E+00,-9.76562E-03
2.8357560E-01,2.04102E+00,6.83594E-02
2.8359408E-01,2.08008E+00,4.88281E-02
2.8361256E-01,2.08008E+00,-4.88281E-02
2.8363104E-01,2.09961E+00,9.76562E-03
2.8364952E-01,2.04102E+00,6.83594E-02
2.8366800E-01,2.09961E+00,2.92969E-02
2.8368648E-01,2.06055E+00,2.92969E-02
2.8370496E-01,2.08008E+00,-9.76562E-03
2.8372344E-01,2.04102E+00,2.92969E-02
2.8374192E-01,2.08008E+00,-9.76562E-03
2.8376040E-01,2.08008E+00,6.83594E-02
2.8377888E-01,2.09961E+00,4.88281E-02
2.8379736E-01,2.00195E+00,6.83594E-02
2.8381584E-01,2.06055E+00,4.88281E-02
2.8383432E-01,2.02148E+00,9.76562E-03
2.8385280E-01,2.08008E+00,2.92969E-02
2.8387128E-01,2.08008E+00,6.83594E-02
2.8388976E-01,2.06055E+00,9.76562E-03
2.8390824E-01,2.06055E+00,4.88281E-02
2.8392672E-01,2.11914E+00,9.76562E-03
2.8394520E-01,2.02148E+00,2.92969E-02
2.8396368E-01,2.06055E+00,2.92969E-02
2.8398216E-01,2.11914E+00,9.76562E-03
2.8400064E-01,2.08008E+00,2.92969E-02
2.8401912E-01,2.02148E+00,6.83594E-02
2.8403760E-01,2.09961E+00,9.76562E-03
2.8405608E-01,2.04102E+00,1.26953E-01
2.8407456E-01,2.11914E+00,4.88281E-02
2.8409304E-01,2.06055E+00,9.76562E-03
2.8411152E-01,2.04102E+00,4.88281E-02
2.8413000E-01,2.11914E+00,4.88281E-02
2.8414848E-01,2.06055E+00,4.88281E-02
2.8416696E-01,2.02148E+00,2.92969E-02
2.8418544E-01,2.06055E+00,9.76562E-03
2.8420392E-01,2.00195E+00,6.83594E-02
2.8422240E-01,2.08008E+00,-2.92969E-02
2.8424088E-01,2.09961E+00,6.83594E-02
2.8425936E-01,2.11914E+00,9.76562E-03
2.8427784E-01,2.11914E+00,4.88281E-02
2.8429632E-01,2.11914E+00,-2.92969E-02
2.8431480E-01,2.08008E+00,4.88281E-02
2.8433328E-01,2.09961E+00,4.88281E-02
2.8435176E-01,2.02148E+00,4.88281E-02
2.8437024E-01,2.08008E+00,-9.76562E-03
2.8438872E-01,2.08008E+00,4.88281E-02
2.8440720E-01,2.17773E+00,9.76562E-03
2.8442568E-01,2.11914E+00,9.76562E-03
2.8444416E-01,2.09961E+00,2.92969E-02
2.8446264E-01,2.08008E+00,4.88281E-02
2.8448112E-01,2.06055E+00,9.76562E-03
2.8449960E-01,1.98242E+00,2.92969E-02
2.8451808E-01,2.06055E+00,9.76562E-03
2.8453656E-01,1.98242E+00,2.92969E-02
2.8455504E-01,2.08008E+00,2.92969E-02
2.8457352E-01,2.00195E+00,4.88281E-02
2.8459200E-01,2.11914E+00,6.83594E-02
2.8461048E-01,2.06055E+00,4.88281E-02
2.8462896E-01,2.09961E+00,2.92969E-02
2.8464744E-01,2.00195E+00,8.78906E-02
2.8466592E-01,2.06055E+00,6.83594E-02
2.8468440E-01,2.00195E+00,4.88281E-02
2.8470288E-01,2.08008E+00,9.76562E-03
2.8472136E-01,2.08008E+00,8.78906E-02
2.8473984E-01,2.04102E+00,9.76562E-03
2.8475832E-01,2.04102E+00,1.26953E-01
2.8477680E-01,2.02148E+00,9.76562E-03
2.8479528E-01,2.00195E+00,2.92969E-02
2.8481376E-01,2.08008E+00,2.92969E-02
2.8483224E-01,2.06055E+00,4.88281E-02
2.8485072E-01,2.09961E+00,-9.76562E-03
2.8486920E-01,2.08008E+00,9.76562E-03
2.8488768E-01,2.06055E+00,2.92969E-02
2.8490616E-01,2.09961E+00,4.88281E-02
2.8492464E-01,2.09961E+00,8.78906E-02
2.8494312E-01,2.08008E+00,9.76562E-03
2.8496160E-01,2.04102E+00,4.88281E-02
2.8498008E-01,2.13867E+00,2.92969E-02
2.8499856E-01,2.06055E+00,-9.76562E-03
2.8501704E-01,2.08008E+00,6.83594E-02
2.8503552E-01,2.09961E+00,6.83594E-02
2.8505400E-01,2.08008E+00,8.78906E-02
2.8507248E-01,2.09961E+00,2.92969E-02
2.8509096E-01,2.02148E+00,4.88281E-02
2.8510944E-01,2.11914E+00,4.88281E-02
2.8512792E-01,2.08008E+00,6.83594E-02
2.8514640E-01,2.08008E+00,9.76562E-03
2.8516488E-01,2.02148E+00,6.83594E-02
2.8518336E-01,2.13867E+00,2.92969E-02
2.8520184E-01,2.04102E+00,4.88281E-02
2.8522032E-01,2.08008E+00,4.88281E-02
2.8523880E-01,2.02148E+00,4.88281E-02
2.8525728E-01,2.13867E+00,4.88281E-02
2.8527576E-01,2.08008E+00,4.88281E-02
2.8529424E-01,2.15820E+00,4.88281E-02
2.8531272E-01,2.08008E+00,2.92969E-02
2.8533120E-01,2.09961E+00,-9.76562E-03
2.8534968E-01,2.00195E+00,6.83594E-02
2.8536816E-01,2.02148E+00,2.92969E-02
2.8538664E-01,2.02148E+00,2.92969E-02
2.8540512E-01,2.08008E+00,-9.76562E-03
2.8542360E-01,2.00195E+00,6.83594E-02
2.8544208E-01,2.08008E+00,9.76562E-03
2.8546056E-01,2.08008E+00,6.83594E-02
2.8547904E-01,2.08008E+00,2.92969E-02
2.8549752E-01,2.02148E+00,4.88281E-02
2.8551600E-01,2.08008E+00,6.83594E-02
2.8553448E-01,2.11914E+00,9.76562E-03
2.8555296E-01,2.09961E+00,4.88281E-02
2.8557144E-01,2.06055E+00,1.26953E-01
2.8558992E-01,2.08008E+00,2.92969E-02
2.8560840E-01,2.08008E+00,-4.88281E-02
2.8562688E-01,2.08008E+00,2.92969E-02
2.8564536E-01,2.08008E+00,2.92969E-02
2.8566384E-01,2.04102E+00,4.88281E-02
2.8568232E-01,2.08008E+00,2.92969E-02
2.8570080E-01,2.08008E+00,2.92969E-02
2.8571928E-01,2.08008E+00,6.83594E-02
2.8573776E-01,2.08008E+00,-2.92969E-02
2.8575624E-01,2.04102E+00,9.76562E-03
2.8577472E-01,2.08008E+00,2.92969E-02
2.8579320E-01,1.98242E+00,9.76562E-03
2.8581168E-01,2.09961E+00,-9.76562E-03
2.8583016E-01,2.04102E+00,2.92969E-02
2.8584864E-01,2.08008E+00,2.92969E-02
2.8586712E-01,2.06055E+00,9.76562E-03
2.8588560E-01,2.08008E+00,9.76562E-03
2.8590408E-01,2.11914E+00,1.26953E-01
2.8592256E-01,2.08008E+00,4.88281E-02
2.8594104E-01,2.08008E+00,2.92969E-02
2.8595952E-01,2.11914E+00,9.76562E-03
2.8597800E-01,2.08008E+00,4.88281E-02
2.8599648E-01,2.11914E+00,9.76562E-03
2.8601496E-01,2.09961E+00,-9.76562E-03
2.8603344E-01,2.08008E+00,9.76562E-03
2.8605192E-01,2.04102E+00,4.88281E-02
2.8607040E-01,2.08008E+00,9.76562E-03
2.8608888E-01,2.02148E+00,4.88281E-02
2.8610736E-01,2.06055E+00,4.88281E-02
2.8612584E-01,2.02148E+00,6.83594E-02
2.8614432E-01,2.08008E+00,2.92969E-02
2.8616280E-01,2.08008E+00,4.88281E-02
2.8618128E-01,2.13867E+00,-9.76562E-03
2.8619976E-01,2.13867E+00,6.83594E-02
2.8621824E-01,2.11914E+00,6.83594E-02
2.8623672E-01,1.98242E+00,4.88281E-02
2.8625520E-01,2.09961E+00,9.76562E-03
2.8627368E-01,2.04102E+00,2.92969E-02
2.8629216E-01,2.02148E+00,9.76562E-03
2.8631064E-01,2.06055E+00,4.88281E-02
2.8632912E-01,2.08008E+00,6.83594E-02
2.8634760E-01,2.09961E+00,6.83594E-02
2.8636608E-01,2.04102E+00,9.76562E-03
2.8638456E-01,2.08008E+00,4.88281E-02
2.8640304E-01,2.04102E+00,2.92969E-02
2.8642152E-01,2.00195E+00,4.88281E-02
2.8644000E-01,2.04102E+00,9.76562E-03
2.8645848E-01,2.02148E+00,2.92969E-02
2.8647696E-01,2.08008E+00,-9.76562E-03
2.8649544E-01,2.02148E+00,9.76562E-03
2.8651392E-01,2.08008E+00,-6.83594E-02
2.8653240E-01,2.08008E+00,8.78906E-02
2.8655088E-01,2.08008E+00,-9.76562E-03
2.8656936E-01,2.06055E+00,4.88281E-02
2.8658784E-01,2.08008E+00,4.88281E-02
2.8660632E-01,2.13867E+00,4.88281E-02
2.8662480E-01,2.00195E+00,8.78906E-02
2.8664328E-01,2.06055E+00,2.92969E-02
2.8666176E-01,2.06055E+00,2.92969E-02
2.8668024E-01,2.09961E+00,4.88281E-02
2.8669872E-01,2.06055E+00,9.76562E-03
2.8671720E-01,2.08008E+00,4.88281E-02
2.8673568E-01,2.09961E+00,2.92969E-02
2.8675416E-01,2.00195E+00,2.92969E-02
2.8677264E-01,2.08008E+00,9.76562E-03
2.8679112E-01,2.00195E+00,4.88281E-02
2.8680960E-01,2.11914E+00,-9.76562E-03
2.8682808E-01,2.08008E+00,6.83594E-02
2.8684656E-01,2.08008E+00,4.88281E-02
2.8686504E-01,2.04102E+00,9.76562E-03
2.8688352E-01,2.06055E+00,9.76562E-03
2.8690200E-01,2.06055E+00,-9.76562E-03
2.8692048E-01,2.04102E+00,2.92969E-02
2.8693896E-01,2.06055E+00,2.92969E-02
2.8695744E-01,2.11914E+00,4.88281E-02
2.8697592E-01,2.04102E+00,8.78906E-02
2.8699440E-01,2.11914E+00,-4.88281E-02
2.8701288E-01,2.06055E+00,8.78906E-02
2.8703136E-01,2.11914E+00,9.76562E-03
2.8704984E-01,2.04102E+00,6.83594E-02
2.8706832E-01,2.08008E+00,2.92969E-02
2.8708680E-01,2.02148E+00,4.88281E-02
2.8710528E-01,2.06055E+00,-9.76562E-03
2.8712376E-01,2.08008E+00,6.83594E-02
2.8714224E-01,2.08008E+00,-4.88281E-02
2.8716072E-01,2.00195E+00,4.88281E-02
2.8717920E-01,2.06055E+00,2.92969E-02
2.8719768E-01,2.08008E+00,9.76562E-03
2.8721616E-01,2.02148E+00,9.76562E-03
2.8723464E-01,2.06055E+00,6.83594E-02
2.8725312E-01,2.13867E+00,4.88281E-02
2.8727160E-01,2.08008E+00,6.83594E-02
2.8729008E-01,2.11914E+00,4.88281E-02
2.8730856E-01,2.08008E+00,2.92969E-02
2.8732704E-01,2.08008E+00,-9.76562E-03
2.8734552E-01,2.13867E+00,4.88281E-02
2.8736400E-01,2.08008E+00,2.92969E-02
2.8738248E-01,2.13867E+00,6.83594E-02
2.8740096E-01,2.08008E+00,4.88281E-02
2.8741944E-01,2.08008E+00,6.83594E-02
2.8743792E-01,2.15820E+00,-2.92969E-02
2.8745640E-01,2.08008E+00,2.92969E-02
2.8747488E-01,2.13867E+00,9.76562E-03
2.8749336E-01,2.08008E+00,6.83594E-02
2.8751184E-01,2.06055E+00,4.88281E-02
2.8753032E-01,2.08008E+00,4.88281E-02
2.8754880E-01,2.02148E+00,4.88281E-02
2.8756728E-01,2.08008E+00,4.88281E-02
2.8758576E-01,2.06055E+00,-9.76562E-03
2.8760424E-01,2.00195E+00,6.83594E-02
2.8762272E-01,2.08008E+00,-9.76562E-03
2.8764120E-01,2.04102E+00,8.78906E-02
2.8765968E-01,2.19727E+00,4.88281E-02
2.8767816E-01,2.04102E+00,2.92969E-02
2.8769664E-01,2.08008E+00,-9.76562E-03
2.8771512E-01,2.06055E+00,9.76562E-03
2.8773360E-01,2.13867E+00,4.88281E-02
2.8775208E-01,2.04102E+00,2.92969E-02
2.8777056E-01,2.09961E+00,9.76562E-03
2.8778904E-01,2.06055E+00,1.26953E-01
2.8780752E-01,2.11914E+00,9.76562E-03
2.8782600E-01,2.08008E+00,4.88281E-02
2.8784448E-01,2.11914E+00,2.92969E-02
2.8786296E-01,2.11914E+00,4.88281E-02
2.8788144E-01,2.13867E+00,9.76562E-03
2.8789992E-01,2.02148E+00,2.92969E-02
2.8791840E-01,2.09961E+00,9.76562E-03
2.8793688E-01,2.08008E+00,-9.76562E-03
2.8795536E-01,2.13867E+00,6.83594E-02
2.8797384E-01,2.11914E+00,1.26953E-01
2.8799232E-01,2.08008E+00,9.76562E-03
2.8801080E-01,2.02148E+00,6.83594E-02
2.8802928E-01,2.09961E+00,4.88281E-02
2.8804776E-01,2.13867E+00,6.83594E-02
2.8806624E-01,2.08008E+00,9.76562E-03
2.8808472E-01,2.11914E+00,4.88281E-02
2.8810320E-01,2.08008E+00,4.88281E-02
2.8812168E-01,2.04102E+00,-2.92969E-02
2.8814016E-01,2.13867E+00,9.76562E-03
2.8815864E-01,2.02148E+00,8.78906E-02
2.8817712E-01,2.13867E+00,2.92969E-02
2.8819560E-01,2.08008E+00,1.26953E-01
2.8821408E-01,2.09961E+00,9.76562E-03
2.8823256E-01,2.08008E+00,4.88281E-02
2.8825104E-01,2.17773E+00,4.88281E-02
2.8826952E-01,2.08008E+00,6.83594E-02
2.8828800E-01,2.15820E+00,4.88281E-02
2.8830648E-01,2.06055E+00,2.92969E-02
2.8832496E-01,2.09961E+00,6.83594E-02
2.8834344E-01,2.06055E+00,8.78906E-02
2.8836192E-01,2.13867E+00,9.76562E-03
2.8838040E-01,2.06055E+00,2.92969E-02
2.8839888E-01,2.09961E+00,-9.76562E-03
2.8841736E-01,2.00195E+00,6.83594E-02
2.8843584E-01,2.09961E+00,-4.88281E-02
2.8845432E-01,2.08008E+00,6.83594E-02
2.8847280E-01,2.13867E+00,9.76562E-03
2.8849128E-01,2.08008E+00,4.88281E-02
2.8850976E-01,2.11914E+00,2.92969E-02
2.8852824E-01,2.09961E+00,2.92969E-02
2.8854672E-01,2.09961E+00,2.92969E-02
2.8856520E-01,2.13867E+00,2.92969E-02
2.8858368E-01,2.11914E+00,-9.76562E-03
2.8860216E-01,2.06055E+00,6.83594E-02
2.8862064E-01,2.09961E+00,2.92969E-02
2.8863912E-01,2.09961E+00,6.83594E-02
2.8865760E-01,2.04102E+00,9.76562E-03
2.8867608E-01,2.11914E+00,6.83594E-02
2.8869456E-01,2.13867E+00,2.92969E-02
2.8871304E-01,2.08008E+00,2.92969E-02
2.8873152E-01,2.09961E+00,4.88281E-02
2.8875000E-01,2.04102E+00,9.76562E-03
2.8876848E-01,2.02148E+00,6.83594E-02
2.8878696E-01,2.06055E+00,4.88281E-02
2.8880544E-01,2.04102E+00,-9.76562E-03
2.8882392E-01,2.08008E+00,6.83594E-02
2.8884240E-01,2.08008E+00,9.76562E-03
2.8886088E-01,2.08008E+00,4.88281E-02
2.8887936E-01,2.02148E+00,9.76562E-03
2.8889784E-01,2.08008E+00,2.92969E-02
2.8891632E-01,2.08008E+00,-9.76562E-03
2.8893480E-01,2.11914E+00,9.76562E-03
2.8895328E-01,2.11914E+00,4.88281E-02
2.8897176E-01,1.98242E+00,6.83594E-02
2.8899024E-01,2.08008E+00,2.92969E-02
2.8900872E-01,2.04102E+00,2.92969E-02
2.8902720E-01,2.13867E+00,2.92969E-02
2.8904568E-01,2.08008E+00,4.88281E-02
2.8906416E-01,2.08008E+00,4.88281E-02
2.8908264E-01,2.02148E+00,6.83594E-02
2.8910112E-01,2.09961E+00,2.92969E-02
2.8911960E-01,2.11914E+00,2.92969E-02
2.8913808E-01,2.13867E+00,4.88281E-02
2.8915656E-01,2.11914E+00,4.88281E-02
2.8917504E-01,2.08008E+00,4.88281E-02
2.8919352E-01,2.11914E+00,9.76562E-03
2.8921200E-01,2.11914E+00,6.83594E-02
2.8923048E-01,2.08008E+00,1.07422E-01
2.8924896E-01,2.08008E+00,9.76562E-03
2.8926744E-01,2.08008E+00,1.07422E-01
2.8928592E-01,2.15820E+00,6.83594E-02
2.8930440E-01,2.02148E+00,9.76562E-03
2.8932288E-01,2.15820E+00,9.76562E-03
2.8934136E-01,2.08008E+00,6.83594E-02
2.8935984E-01,2.13867E+00,9.76562E-03
2.8937832E-01,2.06055E+00,2.92969E-02
2.8939680E-01,2.21680E+00,2.92969E-02
2.8941528E-01,2.08008E+00,6.83594E-02
2.8943376E-01,2.09961E+00,9.76562E-03
2.8945224E-01,2.04102E+00,4.88281E-02
2.8947072E-01,2.11914E+00,6.83594E-02
2.8948920E-01,2.08008E+00,8.78906E-02
2.8950768E-01,2.02148E+00,4.88281E-02
2.8952616E-01,2.09961E+00,2.92969E-02
2.8954464E-01,2.08008E+00,2.92969E-02
2.8956312E-01,2.11914E+00,9.76562E-03
2.8958160E-01,2.08008E+00,4.88281E-02
2.8960008E-01,2.13867E+00,2.92969E-02
2.8961856E-01,2.09961E+00,-9.76562E-03
2.8963704E-01,2.08008E+00,2.92969E-02
2.8965552E-01,2.13867E+00,2.92969E-02
2.8967400E-01,2.09961E+00,9.76562E-03
2.8969248E-01,2.08008E+00,-2.92969E-02
2.8971096E-01,2.08008E+00,6.83594E-02
2.8972944E-01,2.17773E+00,4.88281E-02
2.8974792E-01,2.08008E+00,1.07422E-01
2.8976640E-01,2.09961E+00,9.76562E-03
2.8978488E-01,2.00195E+00,4.88281E-02
2.8980336E-01,2.08008E+00,2.92969E-02
2.8982184E-01,2.08008E+00,2.92969E-02
2.8984032E-01,2.13867E+00,-9.76562E-03
2.8985880E-01,2.08008E+00,1.26953E-01
2.8987728E-01,2.13867E+00,2.92969E-02
2.8989576E-01,2.09961E+00,8.78906E-02
2.8991424E-01,2.08008E+00,-6.83594E-02
2.8993272E-01,2.06055E+00,4.88281E-02
2.8995120E-01,2.08008E+00,4.88281E-02
2.8996968E-01,2.09961E+00,4.88281E-02
2.8998816E-01,2.09961E+00,4.88281E-02
2.9000664E-01,2.06055E+00,6.83594E-02
2.9002512E-01,2.02148E+00,9.76562E-03
2.9004360E-01,2.08008E+00,8.78906E-02
2.9006208E-01,2.09961E+00,-2.92969E-02
2.9008056E-01,2.06055E+00,9.76562E-03
2.9009904E-01,2.02148E+00,2.92969E-02
2.9011752E-01,2.04102E+00,9.76562E-03
2.9013600E-01,2.09961E+00,2.92969E-02
2.9015448E-01,2.06055E+00,2.92969E-02
2.9017296E-01,2.08008E+00,4.88281E-02
2.9019144E-01,2.06055E+00,1.26953E-01
2.9020992E-01,2.13867E+00,-9.76562E-03
2.9022840E-01,2.08008E+00,4.88281E-02
2.9024688E-01,2.09961E+00,2.92969E-02
2.9026536E-01,2.00195E+00,4.88281E-02
2.9028384E-01,2.00195E+00,9.76562E-03
2.9030232E-01,2.13867E+00,2.92969E-02
2.9032080E-01,2.08008E+00,4.88281E-02
2.9033928E-01,2.06055E+00,2.92969E-02
2.9035776E-01,2.04102E+00,9.76562E-03
2.9037624E-01,2.06055E+00,9.76562E-03
2.9039472E-01,2.09961E+00,9.76562E-03
2.9041320E-01,2.13867E+00,9.76562E-03
2.9043168E-01,2.11914E+00,4.88281E-02
2.9045016E-01,2.11914E+00,2.92969E-02
2.9046864E-01,2.04102E+00,9.76562E-03
2.9048712E-01,2.08008E+00,6.83594E-02
2.9050560E-01,2.13867E+00,-9.76562E-03
2.9052408E-01,2.02148E+00,4.88281E-02
2.9054256E-01,2.02148E+00,9.76562E-03
2.9056104E-01,2.08008E+00,4.88281E-02
2.9057952E-01,2.02148E+00,-9.76562E-03
2.9059800E-01,2.06055E+00,6.83594E-02
2.9061648E-01,2.11914E+00,6.83594E-02
2.9063496E-01,2.11914E+00,4.88281E-02
2.9065344E-01,2.08008E+00,-9.76562E-03
2.9067192E-01,2.04102E+00,6.83594E-02
2.9069040E-01,2.06055E+00,4.88281E-02
2.9070888E-01,2.11914E+00,4.88281E-02
2.9072736E-01,2.11914E+00,6.83594E-02
2.9074584E-01,2.08008E+00,2.92969E-02
2.9076432E-01,2.08008E+00,9.76562E-03
2.9078280E-01,2.06055E+00,4.88281E-02
2.9080128E-01,2.09961E+00,-4.88281E-02
2.9081976E-01,2.13867E+00,9.76562E-03
2.9083824E-01,2.08008E+00,4.88281E-02
2.9085672E-01,2.09961E+00,-9.76562E-03
2.9087520E-01,2.11914E+00,4.88281E-02
2.9089368E-01,2.08008E+00,6.83594E-02
2.9091216E-01,2.08008E+00,9.76562E-03
2.9093064E-01,2.08008E+00,9.76562E-03
2.9094912E-01,2.08008E+00,9.76562E-03
2.9096760E-01,2.08008E+00,4.88281E-02
2.9098608E-01,2.06055E+00,9.76562E-03
2.9100456E-01,2.08008E+00,9.76562E-03
2.9102304E-01,2.11914E+00,-9.76562E-03
2.9104152E-01,2.00195E+00,2.92969E-02
2.9106000E-01,2.08008E+00,9.76562E-03
2.9107848E-01,2.09961E+00,4.88281E-02
2.9109696E-01,2.09961E+00,9.76562E-03
2.9111544E-01,2.13867E+00,4.88281E-02
2.9113392E-01,2.15820E+00,2.92969E-02
2.9115240E-01,2.11914E+00,9.76562E-03
2.9117088E-01,2.08008E+00,9.76562E-03
2.9118936E-01,2.09961E+00,4.88281E-02
2.9120784E-01,2.13867E+00,-9.76562E-03
2.9122632E-01,2.09961E+00,4.88281E-02
2.9124480E-01,2.08008E+00,9.76562E-03
2.9126328E-01,2.06055E+00,2.92969E-02
2.9128176E-01,2.13867E+00,9.76562E-03
2.9130024E-01,2.13867E+00,2.92969E-02
2.9131872E-01,2.15820E+00,9.76562E-03
2.9133720E-01,2.15820E+00,4.88281E-02
2.9135568E-01,2.17773E+00,2.92969E-02
2.9137416E-01,2.06055E+00,4.88281E-02
2.9139264E-01,2.13867E+00,-9.76562E-03
2.9141112E-01,2.13867E+00,9.76562E-03
2.9142960E-01,2.09961E+00,9.76562E-03
2.9144808E-01,2.09961E+00,9.76562E-03
2.9146656E-01,2.08008E+00,4.88281E-02
2.9148504E-01,2.08008E+00,6.83594E-02
2.9150352E-01,2.13867E+00,4.88281E-02
2.9152200E-01,2.08008E+00,6.83594E-02
2.9154048E-01,2.15820E+00,2.92969E-02
2.9155896E-01,2.08008E+00,9.76562E-03
2.9157744E-01,2.08008E+00,9.76562E-03
2.9159592E-01,2.08008E+00,2.92969E-02
2.9161440E-01,2.13867E+00,4.88281E-02
2.9163288E-01,2.06055E+00,4.88281E-02
2.9165136E-01,2.13867E+00,9.76562E-03
2.9166984E-01,2.08008E+00,6.83594E-02
2.9168832E-01,2.08008E+00,4.88281E-02
2.9170680E-01,2.11914E+00,2.92969E-02
2.9172528E-01,2.08008E+00,4.88281E-02
2.9174376E-01,2.11914E+00,6.83594E-02
2.9176224E-01,2.11914E+00,9.76562E-03
2.9178072E-01,2.08008E+00,4.88281E-02
2.9179920E-01,2.08008E+00,-4.88281E-02
2.9181768E-01,2.09961E+00,6.83594E-02
2.9183616E-01,2.13867E+00,-2.92969E-02
2.9185464E-01,2.11914E+00,4.88281E-02
2.9187312E-01,2.15820E+00,2.92969E-02
2.9189160E-01,2.08008E+00,9.76562E-03
2.9191008E-01,2.19727E+00,4.88281E-02
2.9192856E-01,2.09961E+00,4.88281E-02
2.9194704E-01,2.09961E+00,2.92969E-02
2.9196552E-01,2.08008E+00,2.92969E-02
2.9198400E-01,2.21680E+00,4.88281E-02
2.9200248E-01,2.08008E+00,9.76562E-03
2.9202096E-01,2.11914E+00,9.76562E-03
2.9203944E-01,2.11914E+00,9.76562E-03
2.9205792E-01,2.13867E+00,-9.76562E-03
2.9207640E-01,2.08008E+00,9.76562E-03
2.9209488E-01,2.08008E+00,-9.76562E-03
2.9211336E-01,2.08008E+00,9.76562E-03
2.9213184E-01,2.09961E+00,9.76562E-03
2.9215032E-01,2.08008E+00,4.88281E-02
2.9216880E-01,2.15820E+00,9.76562E-03
2.9218728E-01,2.08008E+00,9.76562E-03
2.9220576E-01,2.11914E+00,2.92969E-02
2.9222424E-01,2.09961E+00,2.92969E-02
2.9224272E-01,2.13867E+00,-9.76562E-03
2.9226120E-01,2.11914E+00,2.92969E-02
2.9227968E-01,2.15820E+00,1.07422E-01
2.9229816E-01,2.08008E+00,2.92969E-02
2.9231664E-01,2.11914E+00,9.76562E-03
2.9233512E-01,2.09961E+00,4.88281E-02
2.9235360E-01,2.15820E+00,4.88281E-02
2.9237208E-01,2.13867E+00,6.83594E-02
2.9239056E-01,2.08008E+00,4.88281E-02
2.9240904E-01,2.04102E+00,1.07422E-01
2.9242752E-01,2.17773E+00,4.88281E-02
2.9244600E-01,2.08008E+00,-9.76562E-03
2.9246448E-01,2.09961E+00,9.76562E-03
2.9248296E-01,2.08008E+00,8.78906E-02
2.9250144E-01,2.15820E+00,-9.76562E-03
2.9251992E-01,2.15820E+00,6.83594E-02
2.9253840E-01,2.08008E+00,4.88281E-02
2.9255688E-01,2.08008E+00,9.76562E-03
2.9257536E-01,2.08008E+00,4.88281E-02
2.9259384E-01,2.15820E+00,2.92969E-02
2.9261232E-01,2.13867E+00,4.88281E-02
2.9263080E-01,2.13867E+00,-4.88281E-02
2.9264928E-01,2.11914E+00,9.76562E-03
2.9266776E-01,2.08008E+00,6.83594E-02
2.9268624E-01,2.17773E+00,2.92969E-02
2.9270472E-01,2.06055E+00,4.88281E-02
2.9272320E-01,2.09961E+00,2.92969E-02
2.9274168E-01,2.06055E+00,4.88281E-02
2.9276016E-01,2.08008E+00,6.83594E-02
2.9277864E-01,2.11914E+00,9.76562E-03
2.9279712E-01,2.13867E+00,9.76562E-03
2.9281560E-01,2.11914E+00,2.92969E-02
2.9283408E-01,2.08008E+00,9.76562E-03
2.9285256E-01,2.08008E+00,4.88281E-02
2.9287104E-01,2.09961E+00,9.76562E-03
2.9288952E-01,2.08008E+00,2.92969E-02
2.9290800E-01,2.17773E+00,6.83594E-02
2.9292648E-01,2.08008E+00,6.83594E-02
2.9294496E-01,2.08008E+00,2.92969E-02
2.9296344E-01,2.08008E+00,4.88281E-02
2.9298192E-01,2.08008E+00,2.92969E-02
2.9300040E-01,2.08008E+00,6.83594E-02
2.9301888E-01,2.04102E+00,-9.76562E-03
2.9303736E-01,2.06055E+00,2.92969E-02
2.9305584E-01,2.08008E+00,2.92969E-02
2.9307432E-01,2.06055E+00,8.78906E-02
2.9309280E-01,2.09961E+00,4.88281E-02
2.9311128E-01,2.08008E+00,2.92969E-02
2.9312976E-01,2.11914E+00,4.88281E-02
2.9314824E-01,2.08008E+00,2.92969E-02
2.9316672E-01,2.13867E+00,9.76562E-03
2.9318520E-01,2.06055E+00,9.76562E-03
2.9320368E-01,2.13867E+00,2.92969E-02
2.9322216E-01,2.09961E+00,9.76562E-03
2.9324064E-01,2.08008E+00,4.88281E-02
2.9325912E-01,2.13867E+00,6.83594E-02
2.9327760E-01,2.13867E+00,4.88281E-02
2.9329608E-01,2.08008E+00,2.92969E-02
2.9331456E-01,2.08008E+00,9.76562E-03
2.9333304E-01,2.02148E+00,4.88281E-02
2.9335152E-01,2.15820E+00,-2.92969E-02
2.9337000E-01,2.13867E+00,9.76562E-03
2.9338848E-01,2.11914E+00,-2.92969E-02
2.9340696E-01,2.13867E+00,2.92969E-02
2.9342544E-01,2.08008E+00,9.76562E-03
2.9344392E-01,2.09961E+00,2.92969E-02
2.9346240E-01,2.09961E+00,2.92969E-02
2.9348088E-01,2.11914E+00,9.76562E-03
2.9349936E-01,2.11914E+00,9.76562E-03
2.9351784E-01,2.08008E+00,4.88281E-02
2.9353632E-01,2.08008E+00,-2.92969E-02
2.9355480E-01,2.09961E+00,6.83594E-02
2.9357328E-01,2.17773E+00,-4.88281E-02
2.9359176E-01,2.08008E+00,2.92969E-02
2.9361024E-01,2.15820E+00,9.76562E-03
2.9362872E-01,2.11914E+00,4.88281E-02
2.9364720E-01,2.13867E+00,2.92969E-02
2.9366568E-01,2.11914E+00,2.92969E-02
2.9368416E-01,2.13867E+00,-9.76562E-03
2.9370264E-01,2.13867E+00,1.07422E-01
2.9372112E-01,2.13867E+00,2.92969E-02
2.9373960E-01,2.06055E+00,-2.92969E-02
2.9375808E-01,2.09961E+00,2.92969E-02
2.9377656E-01,2.08008E+00,9.76562E-03
2.9379504E-01,2.09961E+00,4.88281E-02
2.9381352E-01,2.06055E+00,6.83594E-02
2.9383200E-01,2.08008E+00,-2.92969E-02
2.9385048E-01,2.08008E+00,9.76562E-03
2.9386896E-01,2.13867E+00,6.83594E-02
2.9388744E-01,2.11914E+00,6.83594E-02
2.9390592E-01,2.09961E+00,4.88281E-02
2.9392440E-01,2.13867E+00,2.92969E-02
2.9394288E-01,2.11914E+00,9.76562E-03
2.9396136E-01,2.06055E+00,9.76562E-03
2.9397984E-01,2.08008E+00,9.76562E-03
2.9399832E-01,2.09961E+00,6.83594E-02
2.9401680E-01,2.09961E+00,-9.76562E-03
2.9403528E-01,2.02148E+00,2.92969E-02
2.9405376E-01,2.09961E+00,4.88281E-02
2.9407224E-01,2.09961E+00,4.88281E-02
2.9409072E-01,2.09961E+00,4.88281E-02
2.9410920E-01,2.21680E+00,4.88281E-02
2.9412768E-01,2.09961E+00,9.76562E-03
2.9414616E-01,2.11914E+00,6.83594E-02
2.9416464E-01,2.09961E+00,6.83594E-02
2.9418312E-01,2.09961E+00,1.07422E-01
2.9420160E-01,2.02148E+00,4.88281E-02
2.9422008E-01,2.13867E+00,2.92969E-02
2.9423856E-01,2.08008E+00,9.76562E-03
2.9425704E-01,2.08008E+00,4.88281E-02
2.9427552E-01,2.17773E+00,9.76562E-03
2.9429400E-01,2.08008E+00,2.92969E-02
2.9431248E-01,2.09961E+00,2.92969E-02
2.9433096E-01,2.09961E+00,4.88281E-02
2.9434944E-01,2.11914E+00,4.88281E-02
2.9436792E-01,2.08008E+00,8.78906E-02
2.9438640E-01,2.13867E+00,9.76562E-03
2.9440488E-01,2.09961E+00,2.92969E-02
2.9442336E-01,2.08008E+00,9.76562E-03
2.9444184E-01,2.08008E+00,4.88281E-02
2.9446032E-01,2.08008E+00,-9.76562E-03
2.9447880E-01,2.08008E+00,4.88281E-02
2.9449728E-01,2.06055E+00,2.92969E-02
2.9451576E-01,2.04102E+00,2.92969E-02
2.9453424E-01,2.09961E+00,-2.92969E-02
2.9455272E-01,2.11914E+00,-4.88281E-02
2.9457120E-01,2.08008E+00,9.76562E-03
2.9458968E-01,2.08008E+00,9.76562E-03
2.9460816E-01,2.13867E+00,9.76562E-03
2.9462664E-01,2.11914E+00,2.92969E-02
2.9464512E-01,2.15820E+00,-9.76562E-03
2.9466360E-01,2.08008E+00,6.83594E-02
2.9468208E-01,2.11914E+00,4.88281E-02
2.9470056E-01,2.08008E+00,6.83594E-02
2.9471904E-01,2.09961E+00,-9.76562E-03
2.9473752E-01,2.13867E+00,2.92969E-02
2.9475600E-01,2.13867E+00,9.76562E-03
2.9477448E-01,2.08008E+00,8.78906E-02
2.9479296E-01,2.08008E+00,4.88281E-02
2.9481144E-01,2.02148E+00,9.76562E-03
2.9482992E-01,2.19727E+00,9.76562E-03
2.9484840E-01,2.15820E+00,6.83594E-02
2.9486688E-01,2.08008E+00,4.88281E-02
2.9488536E-01,2.15820E+00,4.88281E-02
2.9490384E-01,2.09961E+00,6.83594E-02
2.9492232E-01,2.08008E+00,2.92969E-02
2.9494080E-01,2.13867E+00,2.92969E-02
2.9495928E-01,2.08008E+00,4.88281E-02
2.9497776E-01,2.09961E+00,9.76562E-03
2.9499624E-01,2.13867E+00,2.92969E-02
2.9501472E-01,2.13867E+00,2.92969E-02
2.9503320E-01,2.13867E+00,2.92969E-02
2.9505168E-01,2.13867E+00,9.76562E-03
2.9507016E-01,2.08008E+00,2.92969E-02
2.9508864E-01,2.11914E+00,8.78906E-02
2.9510712E-01,2.11914E+00,1.07422E-01
2.9512560E-01,2.08008E+00,2.92969E-02
2.9514408E-01,2.13867E+00,9.76562E-03
2.9516256E-01,2.08008E+00,-9.76562E-03
2.9518104E-01,2.13867E+00,2.92969E-02
2.9519952E-01,2.09961E+00,-9.76562E-03
2.9521800E-01,2.08008E+00,2.92969E-02
2.9523648E-01,2.08008E+00,9.76562E-03
2.9525496E-01,2.08008E+00,6.83594E-02
2.9527344E-01,2.08008E+00,-4.88281E-02
2.9529192E-01,2.11914E+00,6.83594E-02
2.9531040E-01,2.13867E+00,8.78906E-02
2.9532888E-01,2.09961E+00,8.78906E-02
2.9534736E-01,2.09961E+00,4.88281E-02
2.9536584E-01,2.09961E+00,8.78906E-02
2.9538432E-01,2.08008E+00,9.76562E-03
2.9540280E-01,2.08008E+00,6.83594E-02
2.9542128E-01,2.15820E+00,-2.92969E-02
2.9543976E-01,2.09961E+00,8.78906E-02
2.9545824E-01,2.13867E+00,9.76562E-03
2.9547672E-01,2.08008E+00,6.83594E-02
2.9549520E-01,2.11914E+00,-9.76562E-03
2.9551368E-01,2.08008E+00,4.88281E-02
2.9553216E-01,2.13867E+00,-9.76562E-03
2.9555064E-01,2.08008E+00,4.88281E-02
2.9556912E-01,2.13867E+00,-9.76562E-03
2.9558760E-01,2.15820E+00,2.92969E-02
2.9560608E-01,2.13867E+00,4.88281E-02
2.9562456E-01,2.11914E+00,2.92969E-02
2.9564304E-01,2.09961E+00,-9.76562E-03
2.9566152E-01,2.08008E+00,4.88281E-02
2.9568000E-01,2.15820E+00,9.76562E-03
2.9569848E-01,2.08008E+00,2.92969E-02
2.9571696E-01,2.19727E+00,-9.76562E-03
2.9573544E-01,2.09961E+00,6.83594E-02
2.9575392E-01,2.09961E+00,2.92969E-02
2.9577240E-01,2.04102E+00,4.88281E-02
2.9579088E-01,2.02148E+00,9.76562E-03
2.9580936E-01,2.15820E+00,2.92969E-02
2.9582784E-01,2.13867E+00,-9.76562E-03
2.9584632E-01,2.08008E+00,1.07422E-01
2.9586480E-01,2.08008E+00,2.92969E-02
2.9588328E-01,2.08008E+00,9.76562E-03
2.9590176E-01,2.17773E+00,9.76562E-03
2.9592024E-01,2.08008E+00,6.83594E-02
2.9593872E-01,2.13867E+00,4.88281E-02
2.9595720E-01,2.09961E+00,4.88281E-02
2.9597568E-01,2.09961E+00,9.76562E-03
2.9599416E-01,2.09961E+00,4.88281E-02
2.9601264E-01,2.11914E+00,9.76562E-03
2.9603112E-01,2.13867E+00,4.88281E-02
2.9604960E-01,2.19727E+00,-9.76562E-03
2.9606808E-01,2.11914E+00,2.92969E-02
2.9608656E-01,2.09961E+00,9.76562E-03
2.9610504E-01,2.08008E+00,9.76562E-03
2.9612352E-01,2.17773E+00,-9.76562E-03
2.9614200E-01,2.08008E+00,4.88281E-02
2.9616048E-01,2.15820E+00,8.78906E-02
2.9617896E-01,2.09961E+00,9.76562E-03
2.9619744E-01,2.15820E+00,8.78906E-02
2.9621592E-01,2.09961E+00,6.83594E-02
2.9623440E-01,2.09961E+00,2.92969E-02
2.9625288E-01,2.13867E+00,6.83594E-02
2.9627136E-01,2.11914E+00,9.76562E-03
2.9628984E-01,2.09961E+00,9.76562E-03
2.9630832E-01,2.19727E+00,-9.76562E-03
2.9632680E-01,2.13867E+00,-9.76562E-03
2.9634528E-01,2.17773E+00,4.88281E-02
2.9636376E-01,2.09961E+00,2.92969E-02
2.9638224E-01,2.15820E+00,2.92969E-02
2.9640072E-01,2.11914E+00,2.92969E-02
2.9641920E-01,2.06055E+00,6.83594E-02
2.9643768E-01,2.11914E+00,4.88281E-02
2.9645616E-01,2.17773E+00,-9.76562E-03
2.9647464E-01,2.09961E+00,-4.88281E-02
2.9649312E-01,2.11914E+00,2.92969E-02
2.9651160E-01,2.06055E+00,6.83594E-02
2.9653008E-01,2.08008E+00,9.76562E-03
2.9654856E-01,2.08008E+00,9.76562E-03
2.9656704E-01,2.17773E+00,-9.76562E-03
2.9658552E-01,2.11914E+00,2.92969E-02
2.9660400E-01,2.08008E+00,2.92969E-02
2.9662248E-01,2.11914E+00,8.78906E-02
2.9664096E-01,2.15820E+00,9.76562E-03
2.9665944E-01,2.17773E+00,6.83594E-02
2.9667792E-01,2.15820E+00,9.76562E-03
2.9669640E-01,2.08008E+00,4.88281E-02
2.9671488E-01,2.13867E+00,2.92969E-02
2.9673336E-01,2.08008E+00,2.92969E-02
2.9675184E-01,2.13867E+00,9.76562E-03
2.9677032E-01,2.11914E+00,4.88281E-02
2.9678880E-01,2.17773E+00,2.92969E-02
2.9680728E-01,2.11914E+00,6.83594E-02
2.9682576E-01,2.15820E+00,2.92969E-02
2.9684424E-01,2.06055E+00,4.88281E-02
2.9686272E-01,2.15820E+00,9.76562E-03
2.9688120E-01,2.08008E+00,6.83594E-02
2.9689968E-01,2.13867E+00,-9.76562E-03
2.9691816E-01,2.13867E+00,9.76562E-03
2.9693664E-01,2.11914E+00,9.76562E-03
2.9695512E-01,2.02148E+00,9.76562E-03
2.9697360E-01,2.13867E+00,-1.07422E-01
2.9699208E-01,2.13867E+00,8.78906E-02
2.9701056E-01,2.19727E+00,4.88281E-02
2.9702904E-01,2.13867E+00,2.92969E-02
2.9704752E-01,2.06055E+00,-2.92969E-02
2.9706600E-01,2.13867E+00,2.92969E-02
2.9708448E-01,2.09961E+00,9.76562E-03
2.9710296E-01,2.11914E+00,4.88281E-02
2.9712144E-01,2.13867E+00,4.88281E-02
2.9713992E-01,2.13867E+00,6.83594E-02
2.9715840E-01,2.13867E+00,9.76562E-03
2.9717688E-01,2.13867E+00,2.92969E-02
2.9719536E-01,2.13867E+00,6.83594E-02
2.9721384E-01,2.08008E+00,6.83594E-02
2.9723232E-01,2.11914E+00,2.92969E-02
2.9725080E-01,2.13867E+00,4.88281E-02
2.9726928E-01,2.21680E+00,2.92969E-02
2.9728776E-01,2.11914E+00,2.92969E-02
2.9730624E-01,2.17773E+00,9.76562E-03
2.9732472E-01,2.11914E+00,6.83594E-02
2.9734320E-01,2.19727E+00,2.92969E-02
2.9736168E-01,2.13867E+00,6.83594E-02
2.9738016E-01,2.13867E+00,2.92969E-02
2.9739864E-01,2.08008E+00,6.83594E-02
2.9741712E-01,2.13867E+00,2.92969E-02
2.9743560E-01,2.13867E+00,2.92969E-02
2.9745408E-01,2.15820E+00,9.76562E-03
2.9747256E-01,2.23633E+00,2.92969E-02
2.9749104E-01,2.08008E+00,-2.92969E-02
2.9750952E-01,2.08008E+00,6.83594E-02
2.9752800E-01,2.13867E+00,9.76562E-03
2.9754648E-01,2.08008E+00,4.88281E-02
2.9756496E-01,2.15820E+00,2.92969E-02
2.9758344E-01,2.13867E+00,2.92969E-02
2.9760192E-01,2.17773E+00,2.92969E-02
2.9762040E-01,2.11914E+00,6.83594E-02
2.9763888E-01,2.08008E+00,-9.76562E-03
2.9765736E-01,2.08008E+00,6.83594E-02
2.9767584E-01,2.13867E+00,9.76562E-03
2.9769432E-01,2.11914E+00,2.92969E-02
2.9771280E-01,2.09961E+00,4.88281E-02
2.9773128E-01,2.11914E+00,4.88281E-02
2.9774976E-01,2.11914E+00,2.92969E-02
2.9776824E-01,2.09961E+00,4.88281E-02
2.9778672E-01,2.13867E+00,2.92969E-02
2.9780520E-01,2.11914E+00,2.92969E-02
2.9782368E-01,2.17773E+00,4.88281E-02
2.9784216E-01,2.19727E+00,8.78906E-02
2.9786064E-01,2.11914E+00,4.88281E-02
2.9787912E-01,2.13867E+00,2.92969E-02
2.9789760E-01,2.08008E+00,2.92969E-02
2.9791608E-01,2.06055E+00,8.78906E-02
2.9793456E-01,2.13867E+00,9.76562E-03
2.9795304E-01,2.09961E+00,4.88281E-02
2.9797152E-01,2.15820E+00,9.76562E-03
2.9799000E-01,2.13867E+00,4.88281E-02
2.9800848E-01,2.15820E+00,9.76562E-03
2.9802696E-01,2.15820E+00,2.92969E-02
2.9804544E-01,2.15820E+00,-9.76562E-03
2.9806392E-01,2.13867E+00,9.76562E-03
2.9808240E-01,2.11914E+00,4.88281E-02
2.9810088E-01,2.11914E+00,2.92969E-02
2.9811936E-01,2.15820E+00,2.92969E-02
2.9813784E-01,2.09961E+00,9.76562E-03
2.9815632E-01,2.15820E+00,2.92969E-02
2.9817480E-01,2.13867E+00,2.92969E-02
2.9819328E-01,2.21680E+00,6.83594E-02
2.9821176E-01,2.11914E+00,9.76562E-03
2.9823024E-01,2.08008E+00,-9.76562E-03
2.9824872E-01,2.13867E+00,9.76562E-03
2.9826720E-01,2.15820E+00,-9.76562E-03
2.9828568E-01,2.13867E+00,8.78906E-02
2.9830416E-01,2.19727E+00,9.76562E-03
2.9832264E-01,2.21680E+00,6.83594E-02
2.9834112E-01,2.13867E+00,2.92969E-02
2.9835960E-01,2.13867E+00,9.76562E-03
2.9837808E-01,2.17773E+00,9.76562E-03
2.9839656E-01,2.13867E+00,6.83594E-02
2.9841504E-01,2.13867E+00,6.83594E-02
2.9843352E-01,2.08008E+00,9.76562E-03
2.9845200E-01,2.19727E+00,2.92969E-02
2.9847048E-01,2.08008E+00,6.83594E-02
2.9848896E-01,2.13867E+00,9.76562E-03
2.9850744E-01,2.09961E+00,6.83594E-02
2.9852592E-01,2.19727E+00,2.92969E-02
2.9854440E-01,2.08008E+00,6.83594E-02
2.9856288E-01,2.08008E+00,9.76562E-03
2.9858136E-01,2.08008E+00,2.92969E-02
2.9859984E-01,2.13867E+00,4.88281E-02
2.9861832E-01,2.13867E+00,6.83594E-02
2.9863680E-01,2.09961E+00,2.92969E-02
2.9865528E-01,2.13867E+00,2.92969E-02
2.9867376E-01,2.11914E+00,4.88281E-02
2.9869224E-01,2.02148E+00,6.83594E-02
2.9871072E-01,2.13867E+00,9.76562E-03
2.9872920E-01,2.21680E+00,4.88281E-02
2.9874768E-01,2.13867E+00,9.76562E-03
2.9876616E-01,2.13867E+00,9.76562E-03
2.9878464E-01,2.08008E+00,2.92969E-02
2.9880312E-01,2.08008E+00,6.83594E-02
2.9882160E-01,2.13867E+00,-4.88281E-02
2.9884008E-01,2.17773E+00,9.76562E-03
2.9885856E-01,2.13867E+00,6.83594E-02
2.9887704E-01,2.06055E+00,9.76562E-03
2.9889552E-01,2.13867E+00,9.76562E-03
2.9891400E-01,2.08008E+00,4.88281E-02
2.9893248E-01,2.09961E+00,4.88281E-02
2.9895096E-01,2.11914E+00,4.88281E-02
2.9896944E-01,2.15820E+00,4.88281E-02
2.9898792E-01,2.15820E+00,1.26953E-01
2.9900640E-01,2.08008E+00,6.83594E-02
2.9902488E-01,2.09961E+00,2.92969E-02
2.9904336E-01,2.15820E+00,2.92969E-02
2.9906184E-01,2.09961E+00,4.88281E-02
2.9908032E-01,2.15820E+00,-9.76562E-03
2.9909880E-01,2.11914E+00,-2.92969E-02
2.9911728E-01,2.13867E+00,9.76562E-03
2.9913576E-01,2.11914E+00,6.83594E-02
2.9915424E-01,2.17773E+00,4.88281E-02
2.9917272E-01,2.13867E+00,1.07422E-01
2.9919120E-01,2.08008E+00,9.76562E-03
2.9920968E-01,2.11914E+00,6.83594E-02
2.9922816E-01,2.15820E+00,4.88281E-02
2.9924664E-01,2.17773E+00,2.92969E-02
2.9926512E-01,2.15820E+00,9.76562E-03
2.9928360E-01,2.13867E+00,2.92969E-02
2.9930208E-01,2.02148E+00,4.88281E-02
2.9932056E-01,2.13867E+00,2.92969E-02
2.9933904E-01,2.11914E+00,9.76562E-03
2.9935752E-01,2.13867E+00,2.92969E-02
2.9937600E-01,2.08008E+00,2.92969E-02
2.9939448E-01,2.13867E+00,4.88281E-02
2.9941296E-01,2.15820E+00,-9.76562E-03
2.9943144E-01,2.19727E+00,6.83594E-02
2.9944992E-01,2.13867E+00,2.92969E-02
2.9946840E-01,2.13867E+00,6.83594E-02
2.9948688E-01,2.21680E+00,2.92969E-02
2.9950536E-01,2.11914E+00,2.92969E-02
2.9952384E-01,2.17773E+00,2.92969E-02
2.9954232E-01,2.13867E+00,4.88281E-02
2.9956080E-01,2.15820E+00,4.88281E-02
2.9957928E-01,2.08008E+00,4.88281E-02
2.9959776E-01,2.15820E+00,4.88281E-02
2.9961624E-01,2.13867E+00,-4.88281E-02
2.9963472E-01,2.11914E+00,2.92969E-02
2.9965320E-01,2.15820E+00,6.83594E-02
2.9967168E-01,2.17773E+00,2.92969E-02
2.9969016E-01,2.11914E+00,2.92969E-02
2.9970864E-01,2.08008E+00,2.92969E-02
2.9972712E-01,2.13867E+00,9.76562E-03
2.9974560E-01,2.17773E+00,-9.76562E-03
2.9976408E-01,2.13867E+00,4.88281E-02
2.9978256E-01,2.11914E+00,2.92969E-02
2.9980104E-01,2.08008E+00,4.88281E-02
2.9981952E-01,2.13867E+00,4.88281E-02
2.9983800E-01,2.13867E+00,6.83594E-02
2.9985648E-01,2.13867E+00,9.76562E-03
2.9987496E-01,2.08008E+00,2.92969E-02
2.9989344E-01,2.17773E+00,2.92969E-02
2.9991192E-01,2.13867E+00,4.88281E-02
2.9993040E-01,2.13867E+00,6.83594E-02
2.9994888E-01,2.13867E+00,2.92969E-02
2.9996736E-01,2.08008E+00,9.76562E-03
2.9998584E-01,2.08008E+00,2.92969E-02
3.0000432E-01,2.13867E+00,-9.76562E-03
3.0002280E-01,2.09961E+00,4.88281E-02
3.0004128E-01,2.17773E+00,6.83594E-02
3.0005976E-01,2.09961E+00,9.76562E-03
3.0007824E-01,2.13867E+00,2.92969E-02
3.0009672E-01,2.04102E+00,6.83594E-02
3.0011520E-01,2.09961E+00,9.76562E-03
3.0013368E-01,2.13867E+00,9.76562E-03
3.0015216E-01,2.17773E+00,-9.76562E-03
3.0017064E-01,2.13867E+00,6.83594E-02
3.0018912E-01,2.09961E+00,6.83594E-02
3.0020760E-01,2.09961E+00,9.76562E-03
3.0022608E-01,2.13867E+00,2.92969E-02
3.0024456E-01,2.09961E+00,9.76562E-03
3.0026304E-01,2.19727E+00,-9.76562E-03
3.0028152E-01,2.19727E+00,9.76562E-03
3.0030000E-01,2.15820E+00,2.92969E-02
3.0031848E-01,2.15820E+00,-9.76562E-03
3.0033696E-01,2.21680E+00,9.76562E-03
3.0035544E-01,2.17773E+00,2.92969E-02
3.0037392E-01,2.13867E+00,2.92969E-02
3.0039240E-01,2.11914E+00,2.92969E-02
3.0041088E-01,2.15820E+00,-9.76562E-03
3.0042936E-01,2.11914E+00,6.83594E-02
3.0044784E-01,2.15820E+00,4.88281E-02
3.0046632E-01,2.13867E+00,4.88281E-02
3.0048480E-01,2.09961E+00,-9.76562E-03
3.0050328E-01,2.04102E+00,4.88281E-02
3.0052176E-01,2.09961E+00,4.88281E-02
3.0054024E-01,2.13867E+00,2.92969E-02
3.0055872E-01,2.17773E+00,9.76562E-03
3.0057720E-01,2.11914E+00,2.92969E-02
3.0059568E-01,2.13867E+00,4.88281E-02
3.0061416E-01,2.08008E+00,-4.88281E-02
3.0063264E-01,2.13867E+00,9.76562E-03
3.0065112E-01,2.13867E+00,1.07422E-01
3.0066960E-01,2.17773E+00,2.92969E-02
3.0068808E-01,2.13867E+00,8.78906E-02
3.0070656E-01,2.13867E+00,6.83594E-02
3.0072504E-01,2.11914E+00,4.88281E-02
3.0074352E-01,2.11914E+00,6.83594E-02
3.0076200E-01,2.06055E+00,1.07422E-01
3.0078048E-01,2.13867E+00,-9.76562E-03
3.0079896E-01,2.08008E+00,4.88281E-02
3.0081744E-01,2.11914E+00,-9.76562E-03
3.0083592E-01,2.13867E+00,2.92969E-02
3.0085440E-01,2.13867E+00,-9.76562E-03
3.0087288E-01,2.13867E+00,9.76562E-03
3.0089136E-01,2.15820E+00,9.76562E-03
3.0090984E-01,2.11914E+00,2.92969E-02
3.0092832E-01,2.17773E+00,9.76562E-03
3.0094680E-01,2.11914E+00,6.83594E-02
3.0096528E-01,2.19727E+00,-9.76562E-03
3.0098376E-01,2.13867E+00,6.83594E-02
3.0100224E-01,2.17773E+00,-4.88281E-02
3.0102072E-01,2.09961E+00,4.88281E-02
3.0103920E-01,2.13867E+00,2.92969E-02
3.0105768E-01,2.13867E+00,2.92969E-02
3.0107616E-01,2.17773E+00,4.88281E-02
3.0109464E-01,2.11914E+00,6.83594E-02
3.0111312E-01,2.09961E+00,2.92969E-02
3.0113160E-01,2.06055E+00,8.78906E-02
3.0115008E-01,2.13867E+00,9.76562E-03
3.0116856E-01,2.13867E+00,6.83594E-02
3.0118704E-01,2.13867E+00,4.88281E-02
3.0120552E-01,2.08008E+00,4.88281E-02
3.0122400E-01,2.17773E+00,-2.92969E-02
3.0124248E-01,2.11914E+00,9.76562E-03
3.0126096E-01,2.19727E+00,2.92969E-02
3.0127944E-01,2.17773E+00,2.92969E-02
3.0129792E-01,2.13867E+00,2.92969E-02
3.0131640E-01,2.13867E+00,8.78906E-02
3.0133488E-01,2.17773E+00,9.76562E-03
3.0135336E-01,2.13867E+00,9.76562E-03
3.0137184E-01,2.11914E+00,-9.76562E-03
3.0139032E-01,2.11914E+00,2.92969E-02
3.0140880E-01,2.17773E+00,6.83594E-02
3.0142728E-01,2.17773E+00,-4.88281E-02
3.0144576E-01,2.13867E+00,9.76562E-03
3.0146424E-01,2.17773E+00,1.07422E-01
3.0148272E-01,2.09961E+00,2.92969E-02
3.0150120E-01,2.11914E+00,6.83594E-02
3.0151968E-01,2.13867E+00,9.76562E-03
3.0153816E-01,2.08008E+00,9.76562E-03
3.0155664E-01,2.15820E+00,-6.83594E-02
3.0157512E-01,2.17773E+00,2.92969E-02
3.0159360E-01,2.11914E+00,-9.76562E-03
3.0161208E-01,2.13867E+00,6.83594E-02
3.0163056E-01,2.17773E+00,4.88281E-02
3.0164904E-01,2.17773E+00,6.83594E-02
3.0166752E-01,2.15820E+00,9.76562E-03
3.0168600E-01,2.13867E+00,6.83594E-02
3.0170448E-01,2.13867E+00,2.92969E-02
3.0172296E-01,2.11914E+00,4.88281E-02
3.0174144E-01,2.17773E+00,9.76562E-03
3.0175992E-01,2.13867E+00,1.07422E-01
3.0177840E-01,2.15820E+00,9.76562E-03
3.0179688E-01,2.13867E+00,2.92969E-02
3.0181536E-01,2.13867E+00,4.88281E-02
3.0183384E-01,2.09961E+00,2.92969E-02
3.0185232E-01,2.11914E+00,-4.88281E-02
3.0187080E-01,2.11914E+00,4.88281E-02
3.0188928E-01,2.13867E+00,9.76562E-03
3.0190776E-01,2.08008E+00,6.83594E-02
3.0192624E-01,2.13867E+00,6.83594E-02
3.0194472E-01,2.13867E+00,2.92969E-02
3.0196320E-01,2.09961E+00,4.88281E-02
3.0198168E-01,2.09961E+00,2.92969E-02
3.0200016E-01,2.15820E+00,9.76562E-03
3.0201864E-01,2.15820E+00,9.76562E-03
3.0203712E-01,2.13867E+00,2.92969E-02
3.0205560E-01,2.13867E+00,1.07422E-01
3.0207408E-01,2.13867E+00,9.76562E-03
3.0209256E-01,2.19727E+00,2.92969E-02
3.0211104E-01,2.15820E+00,-2.92969E-02
3.0212952E-01,2.09961E+00,4.88281E-02
3.0214800E-01,2.17773E+00,9.76562E-03
3.0216648E-01,2.08008E+00,9.76562E-03
3.0218496E-01,2.11914E+00,8.78906E-02
3.0220344E-01,2.13867E+00,1.07422E-01
3.0222192E-01,2.15820E+00,-9.76562E-03
3.0224040E-01,2.15820E+00,1.07422E-01
3.0225888E-01,2.15820E+00,9.76562E-03
3.0227736E-01,2.15820E+00,6.83594E-02
3.0229584E-01,2.09961E+00,4.88281E-02
3.0231432E-01,2.08008E+00,6.83594E-02
3.0233280E-01,2.17773E+00,4.88281E-02
3.0235128E-01,2.15820E+00,9.76562E-03
3.0236976E-01,2.13867E+00,6.83594E-02
3.0238824E-01,2.11914E+00,9.76562E-03
3.0240672E-01,2.15820E+00,2.92969E-02
3.0242520E-01,2.09961E+00,2.92969E-02
3.0244368E-01,2.15820E+00,2.92969E-02
3.0246216E-01,2.13867E+00,4.88281E-02
3.0248064E-01,2.21680E+00,9.76562E-03
3.0249912E-01,2.11914E+00,9.76562E-03
3.0251760E-01,2.17773E+00,2.92969E-02
3.0253608E-01,2.13867E+00,6.83594E-02
3.0255456E-01,2.15820E+00,2.92969E-02
3.0257304E-01,2.19727E+00,6.83594E-02
3.0259152E-01,2.21680E+00,2.92969E-02
3.0261000E-01,2.15820E+00,8.78906E-02
3.0262848E-01,2.11914E+00,9.76562E-03
3.0264696E-01,2.17773E+00,4.88281E-02
3.0266544E-01,2.13867E+00,9.76562E-03
3.0268392E-01,2.15820E+00,6.83594E-02
3.0270240E-01,2.21680E+00,2.92969E-02
3.0272088E-01,2.13867E+00,4.88281E-02
3.0273936E-01,2.13867E+00,9.76562E-03
3.0275784E-01,2.08008E+00,1.26953E-01
3.0277632E-01,2.15820E+00,4.88281E-02
3.0279480E-01,2.13867E+00,4.88281E-02
3.0281328E-01,2.13867E+00,2.92969E-02
3.0283176E-01,2.19727E+00,-9.76562E-03
3.0285024E-01,2.13867E+00,9.76562E-03
3.0286872E-01,2.13867E+00,4.88281E-02
3.0288720E-01,2.15820E+00,6.83594E-02
3.0290568E-01,2.13867E+00,2.92969E-02
3.0292416E-01,2.11914E+00,2.92969E-02
3.0294264E-01,2.13867E+00,6.83594E-02
3.0296112E-01,2.13867E+00,-2.92969E-02
3.0297960E-01,2.13867E+00,9.76562E-03
3.0299808E-01,2.21680E+00,9.76562E-03
3.0301656E-01,2.13867E+00,9.76562E-03
3.0303504E-01,2.19727E+00,6.83594E-02
3.0305352E-01,2.17773E+00,9.76562E-03
3.0307200E-01,2.15820E+00,9.76562E-03
3.0309048E-01,2.09961E+00,9.76562E-03
3.0310896E-01,2.19727E+00,2.92969E-02
3.0312744E-01,2.13867E+00,4.88281E-02
3.0314592E-01,2.15820E+00,9.76562E-03
3.0316440E-01,2.08008E+00,9.76562E-03
3.0318288E-01,2.21680E+00,9.76562E-03
3.0320136E-01,2.09961E+00,6.83594E-02
3.0321984E-01,2.15820E+00,4.88281E-02
3.0323832E-01,2.15820E+00,2.92969E-02
3.0325680E-01,2.11914E+00,6.83594E-02
3.0327528E-01,2.13867E+00,2.92969E-02
3.0329376E-01,2.19727E+00,2.92969E-02
3.0331224E-01,2.17773E+00,6.83594E-02
3.0333072E-01,2.23633E+00,2.92969E-02
3.0334920E-01,2.09961E+00,4.88281E-02
3.0336768E-01,2.15820E+00,2.92969E-02
3.0338616E-01,2.09961E+00,2.92969E-02
3.0340464E-01,2.15820E+00,4.88281E-02
3.0342312E-01,2.11914E+00,6.83594E-02
3.0344160E-01,2.11914E+00,4.88281E-02
3.0346008E-01,2.13867E+00,2.92969E-02
3.0347856E-01,2.19727E+00,-4.88281E-02
3.0349704E-01,2.11914E+00,6.83594E-02
3.0351552E-01,2.19727E+00,2.92969E-02
3.0353400E-01,2.13867E+00,2.92969E-02
3.0355248E-01,2.15820E+00,2.92969E-02
3.0357096E-01,2.13867E+00,-2.92969E-02
3.0358944E-01,2.13867E+00,9.76562E-03
3.0360792E-01,2.09961E+00,4.88281E-02
3.0362640E-01,2.11914E+00,9.76562E-03
3.0364488E-01,2.04102E+00,2.92969E-02
3.0366336E-01,2.17773E+00,4.88281E-02
3.0368184E-01,2.13867E+00,4.88281E-02
3.0370032E-01,2.19727E+00,-9.76562E-03
3.0371880E-01,2.04102E+00,2.92969E-02
3.0373728E-01,2.15820E+00,9.76562E-03
3.0375576E-01,2.06055E+00,2.92969E-02
3.0377424E-01,2.13867E+00,9.76562E-03
3.0379272E-01,2.11914E+00,6.83594E-02
3.0381120E-01,2.15820E+00,2.92969E-02
3.0382968E-01,2.13867E+00,4.88281E-02
3.0384816E-01,2.13867E+00,9.76562E-03
3.0386664E-01,2.21680E+00,2.92969E-02
3.0388512E-01,2.11914E+00,6.83594E-02
3.0390360E-01,2.11914E+00,4.88281E-02
3.0392208E-01,2.17773E+00,6.83594E-02
3.0394056E-01,2.11914E+00,4.88281E-02
3.0395904E-01,2.15820E+00,9.76562E-03
3.0397752E-01,2.19727E+00,4.88281E-02
3.0399600E-01,2.21680E+00,2.92969E-02
3.0401448E-01,2.08008E+00,4.88281E-02
3.0403296E-01,2.09961E+00,4.88281E-02
3.0405144E-01,2.13867E+00,4.88281E-02
3.0406992E-01,2.17773E+00,1.07422E-01
3.0408840E-01,2.15820E+00,4.88281E-02
3.0410688E-01,2.19727E+00,-4.88281E-02
3.0412536E-01,2.06055E+00,4.88281E-02
3.0414384E-01,2.17773E+00,6.83594E-02
3.0416232E-01,2.15820E+00,1.07422E-01
3.0418080E-01,2.15820E+00,9.76562E-03
3.0419928E-01,2.11914E+00,4.88281E-02
3.0421776E-01,2.17773E+00,2.92969E-02
3.0423624E-01,2.19727E+00,2.92969E-02
3.0425472E-01,2.21680E+00,4.88281E-02
3.0427320E-01,2.13867E+00,9.76562E-03
3.0429168E-01,2.15820E+00,9.76562E-03
3.0431016E-01,2.15820E+00,8.78906E-02
3.0432864E-01,2.17773E+00,9.76562E-03
3.0434712E-01,2.13867E+00,9.76562E-03
3.0436560E-01,2.09961E+00,-9.76562E-03
3.0438408E-01,2.13867E+00,4.88281E-02
3.0440256E-01,2.19727E+00,4.88281E-02
3.0442104E-01,2.19727E+00,4.88281E-02
3.0443952E-01,2.09961E+00,2.92969E-02
3.0445800E-01,2.11914E+00,6.83594E-02
3.0447648E-01,2.13867E+00,9.76562E-03
3.0449496E-01,2.13867E+00,4.88281E-02
3.0451344E-01,2.09961E+00,9.76562E-03
3.0453192E-01,2.13867E+00,4.88281E-02
3.0455040E-01,2.19727E+00,2.92969E-02
3.0456888E-01,2.08008E+00,2.92969E-02
3.0458736E-01,2.13867E+00,2.92969E-02
3.0460584E-01,2.08008E+00,4.88281E-02
3.0462432E-01,2.13867E+00,9.76562E-03
3.0464280E-01,2.13867E+00,-9.76562E-03
3.0466128E-01,2.15820E+00,4.88281E-02
3.0467976E-01,2.08008E+00,9.76562E-03
3.0469824E-01,2.15820E+00,2.92969E-02
3.0471672E-01,2.13867E+00,9.76562E-03
3.0473520E-01,2.19727E+00,-9.76562E-03
3.0475368E-01,2.11914E+00,4.88281E-02
3.0477216E-01,2.15820E+00,2.92969E-02
3.0479064E-01,2.15820E+00,2.92969E-02
3.0480912E-01,2.09961E+00,9.76562E-03
3.0482760E-01,2.09961E+00,6.83594E-02
3.0484608E-01,2.19727E+00,9.76562E-03
3.0486456E-01,2.11914E+00,4.88281E-02
3.0488304E-01,2.19727E+00,-2.92969E-02
3.0490152E-01,2.11914E+00,2.92969E-02
3.0492000E-01,2.17773E+00,9.76562E-03
3.0493848E-01,2.13867E+00,2.92969E-02
3.0495696E-01,2.19727E+00,-9.76562E-03
3.0497544E-01,2.15820E+00,-9.76562E-03
3.0499392E-01,2.15820E+00,2.92969E-02
3.0501240E-01,2.15820E+00,1.07422E-01
3.0503088E-01,2.17773E+00,-9.76562E-03
3.0504936E-01,2.09961E+00,6.83594E-02
3.0506784E-01,2.27539E+00,9.76562E-03
3.0508632E-01,2.11914E+00,1.07422E-01
3.0510480E-01,2.08008E+00,9.76562E-03
3.0512328E-01,2.13867E+00,6.83594E-02
3.0514176E-01,2.17773E+00,2.92969E-02
3.0516024E-01,2.15820E+00,9.76562E-03
3.0517872E-01,2.15820E+00,2.92969E-02
3.0519720E-01,2.15820E+00,6.83594E-02
3.0521568E-01,2.15820E+00,6.83594E-02
3.0523416E-01,2.15820E+00,-9.76562E-03
3.0525264E-01,2.15820E+00,-9.76562E-03
3.0527112E-01,2.21680E+00,4.88281E-02
3.0528960E-01,2.13867E+00,-4.88281E-02
3.0530808E-01,2.13867E+00,2.92969E-02
3.0532656E-01,2.19727E+00,9.76562E-03
3.0534504E-01,2.17773E+00,6.83594E-02
3.0536352E-01,2.17773E+00,4.88281E-02
3.0538200E-01,2.13867E+00,8.78906E-02
3.0540048E-01,2.17773E+00,-9.76562E-03
3.0541896E-01,2.13867E+00,1.07422E-01
3.0543744E-01,2.11914E+00,-2.92969E-02
3.0545592E-01,2.11914E+00,-9.76562E-03
3.0547440E-01,2.15820E+00,9.76562E-03
3.0549288E-01,2.09961E+00,2.92969E-02
3.0551136E-01,2.13867E+00,4.88281E-02
3.0552984E-01,2.04102E+00,4.88281E-02
3.0554832E-01,2.11914E+00,-9.76562E-03
3.0556680E-01,2.15820E+00,4.88281E-02
3.0558528E-01,2.19727E+00,4.88281E-02
3.0560376E-01,2.11914E+00,1.07422E-01
3.0562224E-01,2.15820E+00,4.88281E-02
3.0564072E-01,2.15820E+00,2.92969E-02
3.0565920E-01,2.15820E+00,9.76562E-03
3.0567768E-01,2.15820E+00,2.92969E-02
3.0569616E-01,2.21680E+00,4.88281E-02
3.0571464E-01,2.09961E+00,2.92969E-02
3.0573312E-01,2.17773E+00,4.88281E-02
3.0575160E-01,2.09961E+00,4.88281E-02
3.0577008E-01,2.13867E+00,-9.76562E-03
3.0578856E-01,2.13867E+00,2.92969E-02
3.0580704E-01,2.21680E+00,-9.76562E-03
3.0582552E-01,2.13867E+00,2.92969E-02
3.0584400E-01,2.21680E+00,9.76562E-03
3.0586248E-01,2.11914E+00,2.92969E-02
3.0588096E-01,2.15820E+00,-9.76562E-03
3.0589944E-01,2.13867E+00,9.76562E-03
3.0591792E-01,2.19727E+00,4.88281E-02
3.0593640E-01,2.11914E+00,4.88281E-02
3.0595488E-01,2.21680E+00,-9.76562E-03
3.0597336E-01,2.25586E+00,6.83594E-02
3.0599184E-01,2.19727E+00,9.76562E-03
3.0601032E-01,2.08008E+00,6.83594E-02
3.0602880E-01,2.13867E+00,-2.92969E-02
3.0604728E-01,2.21680E+00,9.76562E-03
3.0606576E-01,2.08008E+00,9.76562E-03
3.0608424E-01,2.08008E+00,2.92969E-02
3.0610272E-01,2.15820E+00,2.92969E-02
3.0612120E-01,2.11914E+00,2.92969E-02
3.0613968E-01,2.11914E+00,-9.76562E-03
3.0615816E-01,2.13867E+00,6.83594E-02
3.0617664E-01,2.21680E+00,2.92969E-02
3.0619512E-01,2.11914E+00,9.76562E-03
3.0621360E-01,2.19727E+00,2.92969E-02
3.0623208E-01,2.09961E+00,9.76562E-03
3.0625056E-01,2.15820E+00,4.88281E-02
3.0626904E-01,2.13867E+00,4.88281E-02
3.0628752E-01,2.13867E+00,9.76562E-03
3.0630600E-01,2.08008E+00,4.88281E-02
3.0632448E-01,2.19727E+00,2.92969E-02
3.0634296E-01,2.09961E+00,2.92969E-02
3.0636144E-01,2.15820E+00,9.76562E-03
3.0637992E-01,2.15820E+00,9.76562E-03
3.0639840E-01,2.15820E+00,4.88281E-02
3.0641688E-01,2.15820E+00,2.92969E-02
3.0643536E-01,2.17773E+00,2.92969E-02
3.0645384E-01,2.11914E+00,2.92969E-02
3.0647232E-01,2.15820E+00,-9.76562E-03
3.0649080E-01,2.13867E+00,4.88281E-02
3.0650928E-01,2.13867E+00,4.88281E-02
3.0652776E-01,2.08008E+00,1.07422E-01
3.0654624E-01,2.11914E+00,9.76562E-03
3.0656472E-01,2.17773E+00,6.83594E-02
3.0658320E-01,2.19727E+00,2.92969E-02
3.0660168E-01,2.08008E+00,2.92969E-02
3.0662016E-01,2.13867E+00,-9.76562E-03
3.0663864E-01,2.17773E+00,4.88281E-02
3.0665712E-01,2.19727E+00,-9.76562E-03
3.0667560E-01,2.13867E+00,2.92969E-02
3.0669408E-01,2.15820E+00,2.92969E-02
3.0671256E-01,2.11914E+00,4.88281E-02
3.0673104E-01,2.19727E+00,9.76562E-03
3.0674952E-01,2.13867E+00,-2.92969E-02
3.0676800E-01,2.13867E+00,-9.76562E-03
3.0678648E-01,2.23633E+00,-2.92969E-02
3.0680496E-01,2.15820E+00,4.88281E-02
3.0682344E-01,2.15820E+00,6.83594E-02
3.0684192E-01,2.17773E+00,2.92969E-02
3.0686040E-01,2.19727E+00,2.92969E-02
3.0687888E-01,2.15820E+00,6.83594E-02
3.0689736E-01,2.13867E+00,6.83594E-02
3.0691584E-01,2.15820E+00,9.76562E-03
3.0693432E-01,2.15820E+00,2.92969E-02
3.0695280E-01,2.19727E+00,-9.76562E-03
3.0697128E-01,2.21680E+00,8.78906E-02
3.0698976E-01,2.19727E+00,4.88281E-02
3.0700824E-01,2.13867E+00,6.83594E-02
3.0702672E-01,2.17773E+00,9.76562E-03
3.0704520E-01,2.15820E+00,4.88281E-02
3.0706368E-01,2.15820E+00,9.76562E-03
3.0708216E-01,2.19727E+00,4.88281E-02
3.0710064E-01,2.19727E+00,9.76562E-03
3.0711912E-01,2.15820E+00,9.76562E-03
3.0713760E-01,2.21680E+00,9.76562E-03
3.0715608E-01,2.13867E+00,4.88281E-02
3.0717456E-01,2.19727E+00,6.83594E-02
3.0719304E-01,2.21680E+00,1.07422E-01
3.0721152E-01,2.25586E+00,2.92969E-02
3.0723000E-01,2.13867E+00,1.07422E-01
3.0724848E-01,2.21680E+00,4.88281E-02
3.0726696E-01,2.17773E+00,9.76562E-03
3.0728544E-01,2.21680E+00,2.92969E-02
3.0730392E-01,2.13867E+00,2.92969E-02
3.0732240E-01,2.19727E+00,2.92969E-02
3.0734088E-01,2.15820E+00,4.88281E-02
3.0735936E-01,2.15820E+00,4.88281E-02
3.0737784E-01,2.13867E+00,9.76562E-03
3.0739632E-01,2.19727E+00,4.88281E-02
3.0741480E-01,2.21680E+00,9.76562E-03
3.0743328E-01,2.21680E+00,2.92969E-02
3.0745176E-01,2.13867E+00,9.76562E-03
3.0747024E-01,2.21680E+00,2.92969E-02
3.0748872E-01,2.11914E+00,6.83594E-02
3.0750720E-01,2.19727E+00,4.88281E-02
3.0752568E-01,2.15820E+00,6.83594E-02
3.0754416E-01,2.21680E+00,-2.92969E-02
3.0756264E-01,2.15820E+00,9.76562E-03
3.0758112E-01,2.17773E+00,-2.92969E-02
3.0759960E-01,2.19727E+00,2.92969E-02
3.0761808E-01,2.15820E+00,9.76562E-03
3.0763656E-01,2.13867E+00,-6.83594E-02
3.0765504E-01,2.13867E+00,9.76562E-03
3.0767352E-01,2.15820E+00,8.78906E-02
3.0769200E-01,2.19727E+00,9.76562E-03
3.0771048E-01,2.13867E+00,4.88281E-02
3.0772896E-01,2.11914E+00,4.88281E-02
3.0774744E-01,2.13867E+00,4.88281E-02
3.0776592E-01,2.15820E+00,9.76562E-03
3.0778440E-01,2.17773E+00,2.92969E-02
3.0780288E-01,2.21680E+00,2.92969E-02
3.0782136E-01,2.19727E+00,2.92969E-02
3.0783984E-01,2.09961E+00,4.88281E-02
3.0785832E-01,2.09961E+00,-9.76562E-03
3.0787680E-01,2.21680E+00,4.88281E-02
3.0789528E-01,2.13867E+00,4.88281E-02
3.0791376E-01,2.17773E+00,-9.76562E-03
3.0793224E-01,2.13867E+00,8.78906E-02
3.0795072E-01,2.19727E+00,-9.76562E-03
3.0796920E-01,2.13867E+00,2.92969E-02
3.0798768E-01,2.08008E+00,6.83594E-02
3.0800616E-01,2.15820E+00,6.83594E-02
3.0802464E-01,2.23633E+00,4.88281E-02
3.0804312E-01,2.13867E+00,8.78906E-02
3.0806160E-01,2.21680E+00,9.76562E-03
3.0808008E-01,2.17773E+00,4.88281E-02
3.0809856E-01,2.21680E+00,9.76562E-03
3.0811704E-01,2.15820E+00,-9.76562E-03
3.0813552E-01,2.19727E+00,2.92969E-02
3.0815400E-01,2.17773E+00,2.92969E-02
3.0817248E-01,2.21680E+00,-4.88281E-02
3.0819096E-01,2.21680E+00,6.83594E-02
3.0820944E-01,2.19727E+00,9.76562E-03
3.0822792E-01,2.15820E+00,6.83594E-02
3.0824640E-01,2.19727E+00,9.76562E-03
3.0826488E-01,2.19727E+00,6.83594E-02
3.0828336E-01,2.19727E+00,2.92969E-02
3.0830184E-01,2.13867E+00,2.92969E-02
3.0832032E-01,2.15820E+00,-2.92969E-02
3.0833880E-01,2.21680E+00,-9.76562E-03
3.0835728E-01,2.21680E+00,4.88281E-02
3.0837576E-01,2.13867E+00,2.92969E-02
3.0839424E-01,2.17773E+00,2.92969E-02
3.0841272E-01,2.13867E+00,6.83594E-02
3.0843120E-01,2.17773E+00,2.92969E-02
3.0844968E-01,2.13867E+00,2.92969E-02
3.0846816E-01,2.21680E+00,-9.76562E-03
3.0848664E-01,2.15820E+00,9.76562E-03
3.0850512E-01,2.25586E+00,9.76562E-03
3.0852360E-01,2.17773E+00,8.78906E-02
3.0854208E-01,2.15820E+00,4.88281E-02
3.0856056E-01,2.15820E+00,2.92969E-02
3.0857904E-01,2.17773E+00,2.92969E-02
3.0859752E-01,2.15820E+00,4.88281E-02
3.0861600E-01,2.15820E+00,9.76562E-03
3.0863448E-01,2.17773E+00,4.88281E-02
3.0865296E-01,2.09961E+00,2.92969E-02
3.0867144E-01,2.11914E+00,-9.76562E-03
3.0868992E-01,2.21680E+00,-9.76562E-03
3.0870840E-01,2.15820E+00,9.76562E-03
3.0872688E-01,2.21680E+00,9.76562E-03
3.0874536E-01,2.13867E+00,6.83594E-02
3.0876384E-01,2.19727E+00,4.88281E-02
3.0878232E-01,2.09961E+00,2.92969E-02
3.0880080E-01,2.15820E+00,4.88281E-02
3.0881928E-01,2.11914E+00,6.83594E-02
3.0883776E-01,2.21680E+00,4.88281E-02
3.0885624E-01,2.15820E+00,2.92969E-02
3.0887472E-01,2.19727E+00,9.76562E-03
3.0889320E-01,2.13867E+00,4.88281E-02
3.0891168E-01,2.17773E+00,4.88281E-02
3.0893016E-01,2.21680E+00,-9.76562E-03
3.0894864E-01,2.15820E+00,9.76562E-03
3.0896712E-01,2.19727E+00,-2.92969E-02
3.0898560E-01,2.19727E+00,9.76562E-03
3.0900408E-01,2.13867E+00,4.88281E-02
3.0902256E-01,2.09961E+00,6.83594E-02
3.0904104E-01,2.15820E+00,4.88281E-02
3.0905952E-01,2.23633E+00,9.76562E-03
3.0907800E-01,2.15820E+00,-9.76562E-03
3.0909648E-01,2.15820E+00,6.83594E-02
3.0911496E-01,2.15820E+00,4.88281E-02
3.0913344E-01,2.13867E+00,-2.92969E-02
3.0915192E-01,2.17773E+00,6.83594E-02
3.0917040E-01,2.13867E+00,4.88281E-02
3.0918888E-01,2.11914E+00,2.92969E-02
3.0920736E-01,2.21680E+00,8.78906E-02
3.0922584E-01,2.13867E+00,9.76562E-03
3.0924432E-01,2.21680E+00,9.76562E-03
3.0926280E-01,2.08008E+00,6.83594E-02
3.0928128E-01,2.17773E+00,-9.76562E-03
3.0929976E-01,2.13867E+00,9.76562E-03
3.0931824E-01,2.17773E+00,-2.92969E-02
3.0933672E-01,2.19727E+00,8.78906E-02
3.0935520E-01,2.17773E+00,2.92969E-02
3.0937368E-01,2.15820E+00,4.88281E-02
3.0939216E-01,2.21680E+00,9.76562E-03
3.0941064E-01,2.15820E+00,-9.76562E-03
3.0942912E-01,2.15820E+00,9.76562E-03
3.0944760E-01,2.15820E+00,2.92969E-02
3.0946608E-01,2.21680E+00,4.88281E-02
3.0948456E-01,2.15820E+00,4.88281E-02
3.0950304E-01,2.21680E+00,9.76562E-03
3.0952152E-01,2.13867E+00,6.83594E-02
3.0954000E-01,2.15820E+00,4.88281E-02
3.0955848E-01,2.13867E+00,4.88281E-02
3.0957696E-01,2.21680E+00,9.76562E-03
3.0959544E-01,2.13867E+00,6.83594E-02
3.0961392E-01,2.19727E+00,9.76562E-03
3.0963240E-01,2.13867E+00,6.83594E-02
3.0965088E-01,2.21680E+00,-9.76562E-03
3.0966936E-01,2.21680E+00,8.78906E-02
3.0968784E-01,2.15820E+00,9.76562E-03
3.0970632E-01,2.13867E+00,4.88281E-02
3.0972480E-01,2.15820E+00,-9.76562E-03
3.0974328E-01,2.15820E+00,-4.88281E-02
3.0976176E-01,2.25586E+00,4.88281E-02
3.0978024E-01,2.11914E+00,6.83594E-02
3.0979872E-01,2.15820E+00,2.92969E-02
3.0981720E-01,2.13867E+00,9.76562E-03
3.0983568E-01,2.21680E+00,-9.76562E-03
3.0985416E-01,2.13867E+00,1.07422E-01
3.0987264E-01,2.15820E+00,6.83594E-02
3.0989112E-01,2.17773E+00,6.83594E-02
3.0990960E-01,2.15820E+00,4.88281E-02
3.0992808E-01,2.15820E+00,9.76562E-03
3.0994656E-01,2.17773E+00,-9.76562E-03
3.0996504E-01,2.15820E+00,-2.92969E-02
3.0998352E-01,2.19727E+00,9.76562E-03
3.1000200E-01,2.13867E+00,9.76562E-03
3.1002048E-01,2.23633E+00,9.76562E-03
3.1003896E-01,2.17773E+00,2.92969E-02
3.1005744E-01,2.19727E+00,4.88281E-02
3.1007592E-01,2.13867E+00,2.92969E-02
3.1009440E-01,2.17773E+00,9.76562E-03
3.1011288E-01,2.13867E+00,9.76562E-03
3.1013136E-01,2.21680E+00,2.92969E-02
3.1014984E-01,2.11914E+00,9.76562E-03
3.1016832E-01,2.19727E+00,-9.76562E-03
3.1018680E-01,2.13867E+00,4.88281E-02
3.1020528E-01,2.21680E+00,4.88281E-02
3.1022376E-01,2.15820E+00,2.92969E-02
3.1024224E-01,2.15820E+00,4.88281E-02
3.1026072E-01,2.17773E+00,2.92969E-02
3.1027920E-01,2.17773E+00,9.76562E-03
3.1029768E-01,2.15820E+00,4.88281E-02
3.1031616E-01,2.19727E+00,9.76562E-03
3.1033464E-01,2.08008E+00,9.76562E-03
3.1035312E-01,2.19727E+00,4.88281E-02
3.1037160E-01,2.13867E+00,4.88281E-02
3.1039008E-01,2.21680E+00,9.76562E-03
3.1040856E-01,2.21680E+00,4.88281E-02
3.1042704E-01,2.11914E+00,2.92969E-02
3.1044552E-01,2.15820E+00,2.92969E-02
3.1046400E-01,2.15820E+00,-9.76562E-03
3.1048248E-01,2.21680E+00,4.88281E-02
3.1050096E-01,2.21680E+00,9.76562E-03
3.1051944E-01,2.21680E+00,6.83594E-02
3.1053792E-01,2.19727E+00,4.88281E-02
3.1055640E-01,2.08008E+00,9.76562E-03
3.1057488E-01,2.15820E+00,4.88281E-02
3.1059336E-01,2.08008E+00,4.88281E-02
3.1061184E-01,2.25586E+00,4.88281E-02
3.1063032E-01,2.15820E+00,8.78906E-02
3.1064880E-01,2.25586E+00,2.92969E-02
3.1066728E-01,2.15820E+00,6.83594E-02
3.1068576E-01,2.23633E+00,4.88281E-02
3.1070424E-01,2.15820E+00,2.92969E-02
3.1072272E-01,2.19727E+00,9.76562E-03
3.1074120E-01,2.13867E+00,4.88281E-02
3.1075968E-01,2.15820E+00,9.76562E-03
3.1077816E-01,2.13867E+00,9.76562E-03
3.1079664E-01,2.25586E+00,2.92969E-02
3.1081512E-01,2.11914E+00,6.83594E-02
3.1083360E-01,2.23633E+00,-6.83594E-02
3.1085208E-01,2.15820E+00,2.92969E-02
3.1087056E-01,2.19727E+00,9.76562E-03
3.1088904E-01,2.21680E+00,2.92969E-02
3.1090752E-01,2.19727E+00,2.92969E-02
3.1092600E-01,2.13867E+00,4.88281E-02
3.1094448E-01,2.17773E+00,6.83594E-02
3.1096296E-01,2.15820E+00,8.78906E-02
3.1098144E-01,2.15820E+00,4.88281E-02
3.1099992E-01,2.21680E+00,4.88281E-02
3.1101840E-01,2.23633E+00,4.88281E-02
3.1103688E-01,2.09961E+00,4.88281E-02
3.1105536E-01,2.11914E+00,9.76562E-03
3.1107384E-01,2.13867E+00,9.76562E-03
3.1109232E-01,2.19727E+00,4.88281E-02
3.1111080E-01,2.09961E+00,6.83594E-02
3.1112928E-01,2.13867E+00,9.76562E-03
3.1114776E-01,2.13867E+00,4.88281E-02
3.1116624E-01,2.19727E+00,4.88281E-02
3.1118472E-01,2.13867E+00,8.78906E-02
3.1120320E-01,2.23633E+00,2.92969E-02
3.1122168E-01,2.17773E+00,4.88281E-02
3.1124016E-01,2.21680E+00,9.76562E-03
3.1125864E-01,2.21680E+00,6.83594E-02
3.1127712E-01,2.17773E+00,8.78906E-02
3.1129560E-01,2.13867E+00,9.76562E-03
3.1131408E-01,2.21680E+00,1.07422E-01
3.1133256E-01,2.13867E+00,2.92969E-02
3.1135104E-01,2.13867E+00,2.92969E-02
3.1136952E-01,2.15820E+00,6.83594E-02
3.1138800E-01,2.17773E+00,9.76562E-03
3.1140648E-01,2.13867E+00,1.07422E-01
3.1142496E-01,2.17773E+00,4.88281E-02
3.1144344E-01,2.17773E+00,4.88281E-02
3.1146192E-01,2.21680E+00,4.88281E-02
3.1148040E-01,2.13867E+00,9.76562E-03
3.1149888E-01,2.19727E+00,2.92969E-02
3.1151736E-01,2.19727E+00,6.83594E-02
3.1153584E-01,2.17773E+00,-9.76562E-03
3.1155432E-01,2.17773E+00,-9.76562E-03
3.1157280E-01,2.21680E+00,4.88281E-02
3.1159128E-01,2.17773E+00,2.92969E-02
3.1160976E-01,2.21680E+00,4.88281E-02
3.1162824E-01,2.17773E+00,2.92969E-02
3.1164672E-01,2.17773E+00,-9.76562E-03
3.1166520E-01,2.19727E+00,-9.76562E-03
3.1168368E-01,2.23633E+00,-2.92969E-02
3.1170216E-01,2.15820E+00,1.26953E-01
3.1172064E-01,2.15820E+00,4.88281E-02
3.1173912E-01,2.09961E+00,6.83594E-02
3.1175760E-01,2.17773E+00,4.88281E-02
3.1177608E-01,2.13867E+00,2.92969E-02
3.1179456E-01,2.09961E+00,4.88281E-02
3.1181304E-01,2.15820E+00,6.83594E-02
3.1183152E-01,2.15820E+00,2.92969E-02
3.1185000E-01,2.19727E+00,4.88281E-02
3.1186848E-01,2.15820E+00,9.76562E-03
3.1188696E-01,2.17773E+00,6.83594E-02
3.1190544E-01,2.19727E+00,9.76562E-03
3.1192392E-01,2.21680E+00,4.88281E-02
3.1194240E-01,2.17773E+00,-9.76562E-03
3.1196088E-01,2.13867E+00,2.92969E-02
3.1197936E-01,2.17773E+00,2.92969E-02
3.1199784E-01,2.13867E+00,4.88281E-02
3.1201632E-01,2.21680E+00,2.92969E-02
3.1203480E-01,2.13867E+00,4.88281E-02
3.1205328E-01,2.21680E+00,4.88281E-02
3.1207176E-01,2.17773E+00,4.88281E-02
3.1209024E-01,2.13867E+00,9.76562E-03
3.1210872E-01,2.13867E+00,9.76562E-03
3.1212720E-01,2.17773E+00,6.83594E-02
3.1214568E-01,2.15820E+00,2.92969E-02
3.1216416E-01,2.15820E+00,4.88281E-02
3.1218264E-01,2.19727E+00,1.07422E-01
3.1220112E-01,2.23633E+00,6.83594E-02
3.1221960E-01,2.17773E+00,9.76562E-03
3.1223808E-01,2.27539E+00,4.88281E-02
3.1225656E-01,2.11914E+00,4.88281E-02
3.1227504E-01,2.19727E+00,-9.76562E-03
3.1229352E-01,2.19727E+00,9.76562E-03
3.1231200E-01,2.27539E+00,4.88281E-02
3.1233048E-01,2.19727E+00,4.88281E-02
3.1234896E-01,2.15820E+00,4.88281E-02
3.1236744E-01,2.11914E+00,4.88281E-02
3.1238592E-01,2.15820E+00,-9.76562E-03
3.1240440E-01,2.23633E+00,6.83594E-02
3.1242288E-01,2.21680E+00,9.76562E-03
3.1244136E-01,2.19727E+00,8.78906E-02
3.1245984E-01,2.21680E+00,2.92969E-02
3.1247832E-01,2.15820E+00,2.92969E-02
3.1249680E-01,2.21680E+00,2.92969E-02
3.1251528E-01,2.09961E+00,4.88281E-02
3.1253376E-01,2.17773E+00,9.76562E-03
3.1255224E-01,2.19727E+00,2.92969E-02
3.1257072E-01,2.17773E+00,6.83594E-02
3.1258920E-01,2.13867E+00,1.26953E-01
3.1260768E-01,2.21680E+00,2.92969E-02
3.1262616E-01,2.13867E+00,9.76562E-03
3.1264464E-01,2.15820E+00,6.83594E-02
3.1266312E-01,2.15820E+00,9.76562E-03
3.1268160E-01,2.23633E+00,6.83594E-02
3.1270008E-01,2.21680E+00,2.92969E-02
3.1271856E-01,2.27539E+00,-4.88281E-02
3.1273704E-01,2.23633E+00,1.26953E-01
3.1275552E-01,2.19727E+00,-9.76562E-03
3.1277400E-01,2.23633E+00,2.92969E-02
3.1279248E-01,2.15820E+00,2.92969E-02
3.1281096E-01,2.25586E+00,6.83594E-02
3.1282944E-01,2.19727E+00,4.88281E-02
3.1284792E-01,2.15820E+00,9.76562E-03
3.1286640E-01,2.15820E+00,9.76562E-03
3.1288488E-01,2.17773E+00,1.07422E-01
3.1290336E-01,2.21680E+00,9.76562E-03
3.1292184E-01,2.13867E+00,9.76562E-03
3.1294032E-01,2.21680E+00,2.92969E-02
3.1295880E-01,2.15820E+00,2.92969E-02
3.1297728E-01,2.25586E+00,4.88281E-02
3.1299576E-01,2.17773E+00,2.92969E-02
3.1301424E-01,2.15820E+00,4.88281E-02
3.1303272E-01,2.23633E+00,9.76562E-03
3.1305120E-01,2.21680E+00,-2.92969E-02
3.1306968E-01,2.21680E+00,6.83594E-02
3.1308816E-01,2.27539E+00,4.88281E-02
3.1310664E-01,2.13867E+00,-4.88281E-02
3.1312512E-01,2.21680E+00,9.76562E-03
3.1314360E-01,2.21680E+00,1.07422E-01
3.1316208E-01,2.23633E+00,9.76562E-03
3.1318056E-01,2.19727E+00,6.83594E-02
3.1319904E-01,2.21680E+00,4.88281E-02
3.1321752E-01,2.23633E+00,9.76562E-03
3.1323600E-01,2.21680E+00,9.76562E-03
3.1325448E-01,2.19727E+00,9.76562E-03
3.1327296E-01,2.17773E+00,9.76562E-03
3.1329144E-01,2.19727E+00,8.78906E-02
3.1330992E-01,2.17773E+00,2.92969E-02
3.1332840E-01,2.23633E+00,9.76562E-03
3.1334688E-01,2.19727E+00,4.88281E-02
3.1336536E-01,2.19727E+00,6.83594E-02
3.1338384E-01,2.23633E+00,6.83594E-02
3.1340232E-01,2.15820E+00,9.76562E-03
3.1342080E-01,2.17773E+00,-2.92969E-02
3.1343928E-01,2.19727E+00,6.83594E-02
3.1345776E-01,2.19727E+00,9.76562E-03
3.1347624E-01,2.17773E+00,2.92969E-02
3.1349472E-01,2.21680E+00,9.76562E-03
3.1351320E-01,2.21680E+00,2.92969E-02
3.1353168E-01,2.21680E+00,6.83594E-02
3.1355016E-01,2.13867E+00,6.83594E-02
3.1356864E-01,2.19727E+00,9.76562E-03
3.1358712E-01,2.15820E+00,2.92969E-02
3.1360560E-01,2.17773E+00,4.88281E-02
3.1362408E-01,2.13867E+00,2.92969E-02
3.1364256E-01,2.21680E+00,2.92969E-02
3.1366104E-01,2.19727E+00,9.76562E-03
3.1367952E-01,2.21680E+00,-9.76562E-03
3.1369800E-01,2.15820E+00,4.88281E-02
3.1371648E-01,2.23633E+00,2.92969E-02
3.1373496E-01,2.13867E+00,-9.76562E-03
3.1375344E-01,2.13867E+00,4.88281E-02
3.1377192E-01,2.17773E+00,1.07422E-01
3.1379040E-01,2.15820E+00,6.83594E-02
3.1380888E-01,2.23633E+00,-9.76562E-03
3.1382736E-01,2.21680E+00,9.76562E-03
3.1384584E-01,2.19727E+00,8.78906E-02
3.1386432E-01,2.17773E+00,1.26953E-01
3.1388280E-01,2.13867E+00,4.88281E-02
3.1390128E-01,2.21680E+00,6.83594E-02
3.1391976E-01,2.13867E+00,6.83594E-02
3.1393824E-01,2.21680E+00,9.76562E-03
3.1395672E-01,2.09961E+00,9.76562E-03
3.1397520E-01,2.15820E+00,-9.76562E-03
3.1399368E-01,2.13867E+00,-9.76562E-03
3.1401216E-01,2.25586E+00,4.88281E-02
3.1403064E-01,2.17773E+00,6.83594E-02
3.1404912E-01,2.21680E+00,2.92969E-02
3.1406760E-01,2.17773E+00,4.88281E-02
3.1408608E-01,2.15820E+00,9.76562E-03
3.1410456E-01,2.17773E+00,6.83594E-02
3.1412304E-01,2.17773E+00,9.76562E-03
3.1414152E-01,2.13867E+00,2.92969E-02
3.1416000E-01,2.15820E+00,4.88281E-02
3.1417848E-01,2.17773E+00,6.83594E-02
3.1419696E-01,2.23633E+00,9.76562E-03
3.1421544E-01,2.19727E+00,9.76562E-03
3.1423392E-01,2.19727E+00,9.76562E-03
3.1425240E-01,2.17773E+00,8.78906E-02
3.1427088E-01,2.21680E+00,4.88281E-02
3.1428936E-01,2.09961E+00,2.92969E-02
3.1430784E-01,2.25586E+00,6.83594E-02
3.1432632E-01,2.21680E+00,9.76562E-03
3.1434480E-01,2.23633E+00,-9.76562E-03
3.1436328E-01,2.21680E+00,4.88281E-02
3.1438176E-01,2.15820E+00,9.76562E-03
3.1440024E-01,2.19727E+00,-4.88281E-02
3.1441872E-01,2.23633E+00,-9.76562E-03
3.1443720E-01,2.15820E+00,6.83594E-02
3.1445568E-01,2.27539E+00,4.88281E-02
3.1447416E-01,2.19727E+00,-9.76562E-03
3.1449264E-01,2.21680E+00,2.92969E-02
3.1451112E-01,2.19727E+00,2.92969E-02
3.1452960E-01,2.17773E+00,2.92969E-02
3.1454808E-01,2.13867E+00,2.92969E-02
3.1456656E-01,2.19727E+00,2.92969E-02
3.1458504E-01,2.19727E+00,4.88281E-02
3.1460352E-01,2.13867E+00,9.76562E-03
3.1462200E-01,2.08008E+00,2.92969E-02
3.1464048E-01,2.15820E+00,9.76562E-03
3.1465896E-01,2.13867E+00,6.83594E-02
3.1467744E-01,2.21680E+00,9.76562E-03
3.1469592E-01,2.21680E+00,4.88281E-02
3.1471440E-01,2.19727E+00,4.88281E-02
3.1473288E-01,2.19727E+00,9.76562E-03
3.1475136E-01,2.23633E+00,2.92969E-02
3.1476984E-01,2.17773E+00,4.88281E-02
3.1478832E-01,2.21680E+00,6.83594E-02
3.1480680E-01,2.19727E+00,6.83594E-02
3.1482528E-01,2.23633E+00,4.88281E-02
3.1484376E-01,2.25586E+00,4.88281E-02
3.1486224E-01,2.21680E+00,2.92969E-02
3.1488072E-01,2.17773E+00,2.92969E-02
3.1489920E-01,2.19727E+00,6.83594E-02
3.1491768E-01,2.19727E+00,4.88281E-02
3.1493616E-01,2.19727E+00,-9.76562E-03
3.1495464E-01,2.13867E+00,6.83594E-02
3.1497312E-01,2.21680E+00,6.83594E-02
3.1499160E-01,2.11914E+00,9.76562E-03
3.1501008E-01,2.17773E+00,9.76562E-03
3.1502856E-01,2.17773E+00,4.88281E-02
3.1504704E-01,2.15820E+00,-9.76562E-03
3.1506552E-01,2.13867E+00,2.92969E-02
3.1508400E-01,2.21680E+00,4.88281E-02
3.1510248E-01,2.08008E+00,6.83594E-02
3.1512096E-01,2.21680E+00,9.76562E-03
3.1513944E-01,2.27539E+00,6.83594E-02
3.1515792E-01,2.13867E+00,2.92969E-02
3.1517640E-01,2.17773E+00,2.92969E-02
3.1519488E-01,2.17773E+00,9.76562E-03
3.1521336E-01,2.21680E+00,8.78906E-02
3.1523184E-01,2.21680E+00,9.76562E-03
3.1525032E-01,2.15820E+00,2.92969E-02
3.1526880E-01,2.19727E+00,2.92969E-02
3.1528728E-01,2.13867E+00,2.92969E-02
3.1530576E-01,2.27539E+00,4.88281E-02
3.1532424E-01,2.17773E+00,6.83594E-02
3.1534272E-01,2.19727E+00,2.92969E-02
3.1536120E-01,2.08008E+00,6.83594E-02
3.1537968E-01,2.23633E+00,2.92969E-02
3.1539816E-01,2.25586E+00,6.83594E-02
3.1541664E-01,2.19727E+00,9.76562E-03
3.1543512E-01,2.15820E+00,2.92969E-02
3.1545360E-01,2.27539E+00,9.76562E-03
3.1547208E-01,2.15820E+00,2.92969E-02
3.1549056E-01,2.19727E+00,4.88281E-02
3.1550904E-01,2.19727E+00,9.76562E-03
3.1552752E-01,2.19727E+00,-9.76562E-03
3.1554600E-01,2.15820E+00,-4.88281E-02
3.1556448E-01,2.19727E+00,-9.76562E-03
3.1558296E-01,2.27539E+00,9.76562E-03
3.1560144E-01,2.21680E+00,2.92969E-02
3.1561992E-01,2.21680E+00,4.88281E-02
3.1563840E-01,2.25586E+00,9.76562E-03
3.1565688E-01,2.23633E+00,4.88281E-02
3.1567536E-01,2.23633E+00,4.88281E-02
3.1569384E-01,2.27539E+00,2.92969E-02
3.1571232E-01,2.21680E+00,2.92969E-02
3.1573080E-01,2.11914E+00,9.76562E-03
3.1574928E-01,2.21680E+00,9.76562E-03
3.1576776E-01,2.17773E+00,1.07422E-01
3.1578624E-01,2.15820E+00,9.76562E-03
3.1580472E-01,2.15820E+00,-9.76562E-03
3.1582320E-01,2.21680E+00,9.76562E-03
3.1584168E-01,2.15820E+00,9.76562E-03
3.1586016E-01,2.25586E+00,6.83594E-02
3.1587864E-01,2.15820E+00,2.92969E-02
3.1589712E-01,2.21680E+00,-2.92969E-02
3.1591560E-01,2.08008E+00,4.88281E-02
3.1593408E-01,2.27539E+00,4.88281E-02
3.1595256E-01,2.19727E+00,1.26953E-01
3.1597104E-01,2.23633E+00,-2.92969E-02
3.1598952E-01,2.21680E+00,2.92969E-02
3.1600800E-01,2.21680E+00,9.76562E-03
3.1602648E-01,2.13867E+00,9.76562E-03
3.1604496E-01,2.25586E+00,6.83594E-02
3.1606344E-01,2.15820E+00,4.88281E-02
3.1608192E-01,2.17773E+00,9.76562E-03
3.1610040E-01,2.19727E+00,9.76562E-03
3.1611888E-01,2.17773E+00,-9.76562E-03
3.1613736E-01,2.19727E+00,6.83594E-02
3.1615584E-01,2.17773E+00,2.92969E-02
3.1617432E-01,2.13867E+00,2.92969E-02
3.1619280E-01,2.15820E+00,-9.76562E-03
3.1621128E-01,2.23633E+00,4.88281E-02
3.1622976E-01,2.23633E+00,-9.76562E-03
3.1624824E-01,2.17773E+00,2.92969E-02
3.1626672E-01,2.19727E+00,4.88281E-02
3.1628520E-01,2.13867E+00,2.92969E-02
3.1630368E-01,2.13867E+00,4.88281E-02
3.1632216E-01,2.15820E+00,6.83594E-02
3.1634064E-01,2.17773E+00,-2.92969E-02
3.1635912E-01,2.19727E+00,8.78906E-02
3.1637760E-01,2.21680E+00,2.92969E-02
3.1639608E-01,2.13867E+00,4.88281E-02
3.1641456E-01,2.17773E+00,-2.92969E-02
3.1643304E-01,2.09961E+00,8.78906E-02
3.1645152E-01,2.27539E+00,-9.76562E-03
3.1647000E-01,2.17773E+00,6.83594E-02
3.1648848E-01,2.27539E+00,4.88281E-02
3.1650696E-01,2.19727E+00,9.76562E-03
3.1652544E-01,2.19727E+00,9.76562E-03
3.1654392E-01,2.19727E+00,2.92969E-02
3.1656240E-01,2.23633E+00,9.76562E-03
3.1658088E-01,2.19727E+00,9.76562E-03
3.1659936E-01,2.17773E+00,6.83594E-02
3.1661784E-01,2.19727E+00,6.83594E-02
3.1663632E-01,2.23633E+00,4.88281E-02
3.1665480E-01,2.15820E+00,9.76562E-03
3.1667328E-01,2.23633E+00,4.88281E-02
3.1669176E-01,2.13867E+00,9.76562E-03
3.1671024E-01,2.19727E+00,8.78906E-02
3.1672872E-01,2.23633E+00,2.92969E-02
3.1674720E-01,2.25586E+00,2.92969E-02
3.1676568E-01,2.27539E+00,2.92969E-02
3.1678416E-01,2.21680E+00,4.88281E-02
3.1680264E-01,2.19727E+00,9.76562E-03
3.1682112E-01,2.23633E+00,2.92969E-02
3.1683960E-01,2.21680E+00,2.92969E-02
3.1685808E-01,2.15820E+00,8.78906E-02
3.1687656E-01,2.17773E+00,9.76562E-03
3.1689504E-01,2.23633E+00,1.07422E-01
3.1691352E-01,2.11914E+00,4.88281E-02
3.1693200E-01,2.17773E+00,2.92969E-02
3.1695048E-01,2.25586E+00,6.83594E-02
3.1696896E-01,2.19727E+00,-9.76562E-03
3.1698744E-01,2.21680E+00,4.88281E-02
3.1700592E-01,2.21680E+00,-9.76562E-03
3.1702440E-01,2.15820E+00,4.88281E-02
3.1704288E-01,2.25586E+00,9.76562E-03
3.1706136E-01,2.19727E+00,4.88281E-02
3.1707984E-01,2.23633E+00,-6.83594E-02
3.1709832E-01,2.21680E+00,2.92969E-02
3.1711680E-01,2.27539E+00,2.92969E-02
3.1713528E-01,2.15820E+00,9.76562E-03
3.1715376E-01,2.25586E+00,-9.76562E-03
3.1717224E-01,2.19727E+00,2.92969E-02
3.1719072E-01,2.13867E+00,9.76562E-03
3.1720920E-01,2.19727E+00,6.83594E-02
3.1722768E-01,2.21680E+00,4.88281E-02
3.1724616E-01,2.19727E+00,9.76562E-03
3.1726464E-01,2.19727E+00,9.76562E-03
3.1728312E-01,2.15820E+00,1.07422E-01
3.1730160E-01,2.21680E+00,2.92969E-02
3.1732008E-01,2.25586E+00,-9.76562E-03
3.1733856E-01,2.13867E+00,-2.92969E-02
3.1735704E-01,2.19727E+00,6.83594E-02
3.1737552E-01,2.17773E+00,9.76562E-03
3.1739400E-01,2.17773E+00,4.88281E-02
3.1741248E-01,2.19727E+00,2.92969E-02
3.1743096E-01,2.15820E+00,6.83594E-02
3.1744944E-01,2.21680E+00,4.88281E-02
3.1746792E-01,2.13867E+00,4.88281E-02
3.1748640E-01,2.21680E+00,9.76562E-03
3.1750488E-01,2.17773E+00,4.88281E-02
3.1752336E-01,2.29492E+00,4.88281E-02
3.1754184E-01,2.17773E+00,9.76562E-03
3.1756032E-01,2.13867E+00,2.92969E-02
3.1757880E-01,2.08008E+00,8.78906E-02
3.1759728E-01,2.27539E+00,-2.92969E-02
3.1761576E-01,2.13867E+00,2.92969E-02
3.1763424E-01,2.17773E+00,2.92969E-02
3.1765272E-01,2.15820E+00,2.92969E-02
3.1767120E-01,2.19727E+00,9.76562E-03
3.1768968E-01,2.27539E+00,2.92969E-02
3.1770816E-01,2.27539E+00,9.76562E-03
3.1772664E-01,2.17773E+00,4.88281E-02
3.1774512E-01,2.21680E+00,9.76562E-03
3.1776360E-01,2.23633E+00,6.83594E-02
3.1778208E-01,2.21680E+00,9.76562E-03
3.1780056E-01,2.21680E+00,9.76562E-03
3.1781904E-01,2.27539E+00,2.92969E-02
3.1783752E-01,2.21680E+00,2.92969E-02
3.1785600E-01,2.21680E+00,9.76562E-03
3.1787448E-01,2.23633E+00,4.88281E-02
3.1789296E-01,2.19727E+00,9.76562E-03
3.1791144E-01,2.13867E+00,1.07422E-01
3.1792992E-01,2.21680E+00,2.92969E-02
3.1794840E-01,2.19727E+00,4.88281E-02
3.1796688E-01,2.25586E+00,2.92969E-02
3.1798536E-01,2.17773E+00,9.76562E-03
3.1800384E-01,2.21680E+00,9.76562E-03
3.1802232E-01,2.13867E+00,4.88281E-02
3.1804080E-01,2.27539E+00,9.76562E-03
3.1805928E-01,2.21680E+00,4.88281E-02
3.1807776E-01,2.23633E+00,2.92969E-02
3.1809624E-01,2.23633E+00,2.92969E-02
3.1811472E-01,2.19727E+00,9.76562E-03
3.1813320E-01,2.17773E+00,6.83594E-02
3.1815168E-01,2.25586E+00,-4.88281E-02
3.1817016E-01,2.19727E+00,2.92969E-02
3.1818864E-01,2.21680E+00,2.92969E-02
3.1820712E-01,2.17773E+00,6.83594E-02
3.1822560E-01,2.25586E+00,9.76562E-03
3.1824408E-01,2.17773E+00,2.92969E-02
3.1826256E-01,2.23633E+00,2.92969E-02
3.1828104E-01,2.17773E+00,6.83594E-02
3.1829952E-01,2.21680E+00,-9.76562E-03
3.1831800E-01,2.23633E+00,6.83594E-02
3.1833648E-01,2.25586E+00,9.76562E-03
3.1835496E-01,2.25586E+00,4.88281E-02
3.1837344E-01,2.21680E+00,4.88281E-02
3.1839192E-01,2.17773E+00,4.88281E-02
3.1841040E-01,2.27539E+00,-9.76562E-03
3.1842888E-01,2.19727E+00,-4.88281E-02
3.1844736E-01,2.23633E+00,9.76562E-03
3.1846584E-01,2.17773E+00,2.92969E-02
3.1848432E-01,2.29492E+00,4.88281E-02
3.1850280E-01,2.15820E+00,6.83594E-02
3.1852128E-01,2.17773E+00,4.88281E-02
3.1853976E-01,2.23633E+00,4.88281E-02
3.1855824E-01,2.27539E+00,-2.92969E-02
3.1857672E-01,2.17773E+00,2.92969E-02
3.1859520E-01,2.21680E+00,2.92969E-02
3.1861368E-01,2.19727E+00,2.92969E-02
3.1863216E-01,2.25586E+00,6.83594E-02
3.1865064E-01,2.23633E+00,6.83594E-02
3.1866912E-01,2.27539E+00,9.76562E-03
3.1868760E-01,2.13867E+00,2.92969E-02
3.1870608E-01,2.21680E+00,9.76562E-03
3.1872456E-01,2.23633E+00,4.88281E-02
3.1874304E-01,2.21680E+00,9.76562E-03
3.1876152E-01,2.21680E+00,8.78906E-02
3.1878000E-01,2.27539E+00,9.76562E-03
3.1879848E-01,2.15820E+00,4.88281E-02
3.1881696E-01,2.21680E+00,9.76562E-03
3.1883544E-01,2.17773E+00,4.88281E-02
3.1885392E-01,2.27539E+00,9.76562E-03
3.1887240E-01,2.17773E+00,6.83594E-02
3.1889088E-01,2.27539E+00,-2.92969E-02
3.1890936E-01,2.29492E+00,9.76562E-03
3.1892784E-01,2.17773E+00,9.76562E-03
3.1894632E-01,2.21680E+00,6.83594E-02
3.1896480E-01,2.21680E+00,-9.76562E-03
3.1898328E-01,2.13867E+00,9.76562E-03
3.1900176E-01,2.25586E+00,2.92969E-02
3.1902024E-01,2.29492E+00,4.88281E-02
3.1903872E-01,2.21680E+00,9.76562E-03
3.1905720E-01,2.17773E+00,6.83594E-02
3.1907568E-01,2.19727E+00,-2.92969E-02
3.1909416E-01,2.15820E+00,6.83594E-02
3.1911264E-01,2.27539E+00,6.83594E-02
3.1913112E-01,2.11914E+00,4.88281E-02
3.1914960E-01,2.15820E+00,2.92969E-02
3.1916808E-01,2.19727E+00,4.88281E-02
3.1918656E-01,2.19727E+00,6.83594E-02
3.1920504E-01,2.23633E+00,8.78906E-02
3.1922352E-01,2.15820E+00,4.88281E-02
3.1924200E-01,2.17773E+00,2.92969E-02
3.1926048E-01,2.19727E+00,-9.76562E-03
3.1927896E-01,2.19727E+00,6.83594E-02
3.1929744E-01,2.21680E+00,4.88281E-02
3.1931592E-01,2.25586E+00,9.76562E-03
3.1933440E-01,2.21680E+00,9.76562E-03
3.1935288E-01,2.19727E+00,9.76562E-03
3.1937136E-01,2.27539E+00,-9.76562E-03
3.1938984E-01,2.15820E+00,6.83594E-02
3.1940832E-01,2.27539E+00,9.76562E-03
3.1942680E-01,2.27539E+00,-2.92969E-02
3.1944528E-01,2.21680E+00,-2.92969E-02
3.1946376E-01,2.21680E+00,1.26953E-01
3.1948224E-01,2.27539E+00,4.88281E-02
3.1950072E-01,2.21680E+00,2.92969E-02
3.1951920E-01,2.19727E+00,9.76562E-03
3.1953768E-01,2.23633E+00,2.92969E-02
3.1955616E-01,2.23633E+00,9.76562E-03
3.1957464E-01,2.21680E+00,2.92969E-02
3.1959312E-01,2.17773E+00,9.76562E-03
3.1961160E-01,2.21680E+00,9.76562E-03
3.1963008E-01,2.27539E+00,-6.83594E-02
3.1964856E-01,2.23633E+00,2.92969E-02
3.1966704E-01,2.15820E+00,4.88281E-02
3.1968552E-01,2.13867E+00,4.88281E-02
3.1970400E-01,2.21680E+00,-2.92969E-02
3.1972248E-01,2.13867E+00,2.92969E-02
3.1974096E-01,2.21680E+00,6.83594E-02
3.1975944E-01,2.13867E+00,2.92969E-02
3.1977792E-01,2.25586E+00,9.76562E-03
3.1979640E-01,2.13867E+00,2.92969E-02
3.1981488E-01,2.29492E+00,9.76562E-03
3.1983336E-01,2.21680E+00,6.83594E-02
3.1985184E-01,2.21680E+00,-9.76562E-03
3.1987032E-01,2.25586E+00,2.92969E-02
3.1988880E-01,2.23633E+00,6.83594E-02
3.1990728E-01,2.25586E+00,6.83594E-02
3.1992576E-01,2.25586E+00,9.76562E-03
3.1994424E-01,2.21680E+00,4.88281E-02
3.1996272E-01,2.25586E+00,6.83594E-02
3.1998120E-01,2.13867E+00,4.88281E-02
3.1999968E-01,2.25586E+00,4.88281E-02
3.2001816E-01,2.25586E+00,4.88281E-02
3.2003664E-01,2.19727E+00,1.07422E-01
3.2005512E-01,2.13867E+00,6.83594E-02
3.2007360E-01,2.25586E+00,6.83594E-02
3.2009208E-01,2.25586E+00,2.92969E-02
3.2011056E-01,2.27539E+00,4.88281E-02
3.2012904E-01,2.17773E+00,9.76562E-03
3.2014752E-01,2.19727E+00,-9.76562E-03
3.2016600E-01,2.19727E+00,4.88281E-02
3.2018448E-01,2.21680E+00,4.88281E-02
3.2020296E-01,2.15820E+00,6.83594E-02
3.2022144E-01,2.23633E+00,4.88281E-02
3.2023992E-01,2.19727E+00,-4.88281E-02
3.2025840E-01,2.19727E+00,-4.88281E-02
3.2027688E-01,2.23633E+00,2.92969E-02
3.2029536E-01,2.23633E+00,4.88281E-02
3.2031384E-01,2.21680E+00,2.92969E-02
3.2033232E-01,2.25586E+00,9.76562E-03
3.2035080E-01,2.23633E+00,4.88281E-02
3.2036928E-01,2.25586E+00,9.76562E-03
3.2038776E-01,2.21680E+00,4.88281E-02
3.2040624E-01,2.21680E+00,2.92969E-02
3.2042472E-01,2.21680E+00,9.76562E-03
3.2044320E-01,2.27539E+00,2.92969E-02
3.2046168E-01,2.21680E+00,6.83594E-02
3.2048016E-01,2.23633E+00,9.76562E-03
3.2049864E-01,2.17773E+00,2.92969E-02
3.2051712E-01,2.25586E+00,1.07422E-01
3.2053560E-01,2.27539E+00,2.92969E-02
3.2055408E-01,2.23633E+00,-9.76562E-03
3.2057256E-01,2.21680E+00,6.83594E-02
3.2059104E-01,2.21680E+00,4.88281E-02
3.2060952E-01,2.23633E+00,9.76562E-03
3.2062800E-01,2.27539E+00,4.88281E-02
3.2064648E-01,2.13867E+00,6.83594E-02
3.2066496E-01,2.23633E+00,2.92969E-02
3.2068344E-01,2.19727E+00,6.83594E-02
3.2070192E-01,2.27539E+00,9.76562E-03
3.2072040E-01,2.21680E+00,4.88281E-02
3.2073888E-01,2.25586E+00,2.92969E-02
3.2075736E-01,2.19727E+00,2.92969E-02
3.2077584E-01,2.23633E+00,2.92969E-02
3.2079432E-01,2.23633E+00,6.83594E-02
3.2081280E-01,2.17773E+00,-4.88281E-02
3.2083128E-01,2.17773E+00,6.83594E-02
3.2084976E-01,2.25586E+00,4.88281E-02
3.2086824E-01,2.25586E+00,4.88281E-02
3.2088672E-01,2.21680E+00,9.76562E-03
3.2090520E-01,2.23633E+00,4.88281E-02
3.2092368E-01,2.27539E+00,-2.92969E-02
3.2094216E-01,2.11914E+00,6.83594E-02
3.2096064E-01,2.27539E+00,9.76562E-03
3.2097912E-01,2.27539E+00,4.88281E-02
3.2099760E-01,2.25586E+00,4.88281E-02
3.2101608E-01,2.19727E+00,4.88281E-02
3.2103456E-01,2.27539E+00,9.76562E-03
3.2105304E-01,2.17773E+00,6.83594E-02
3.2107152E-01,2.13867E+00,-2.92969E-02
3.2109000E-01,2.17773E+00,8.78906E-02
3.2110848E-01,2.21680E+00,4.88281E-02
3.2112696E-01,2.19727E+00,2.92969E-02
3.2114544E-01,2.21680E+00,9.76562E-03
3.2116392E-01,2.11914E+00,1.26953E-01
3.2118240E-01,2.23633E+00,9.76562E-03
3.2120088E-01,2.23633E+00,6.83594E-02
3.2121936E-01,2.27539E+00,9.76562E-03
3.2123784E-01,2.23633E+00,6.83594E-02
3.2125632E-01,2.25586E+00,4.88281E-02
3.2127480E-01,2.23633E+00,6.83594E-02
3.2129328E-01,2.21680E+00,4.88281E-02
3.2131176E-01,2.23633E+00,2.92969E-02
3.2133024E-01,2.17773E+00,2.92969E-02
3.2134872E-01,2.17773E+00,1.07422E-01
3.2136720E-01,2.27539E+00,2.92969E-02
3.2138568E-01,2.15820E+00,9.76562E-03
3.2140416E-01,2.21680E+00,2.92969E-02
3.2142264E-01,2.21680E+00,9.76562E-03
3.2144112E-01,2.21680E+00,9.76562E-03
3.2145960E-01,2.17773E+00,6.83594E-02
3.2147808E-01,2.17773E+00,-9.76562E-03
3.2149656E-01,2.23633E+00,9.76562E-03
3.2151504E-01,2.25586E+00,-9.76562E-03
3.2153352E-01,2.23633E+00,4.88281E-02
3.2155200E-01,2.25586E+00,-9.76562E-03
3.2157048E-01,2.17773E+00,4.88281E-02
3.2158896E-01,2.17773E+00,4.88281E-02
3.2160744E-01,2.23633E+00,6.83594E-02
3.2162592E-01,2.19727E+00,9.76562E-03
3.2164440E-01,2.23633E+00,4.88281E-02
3.2166288E-01,2.21680E+00,-9.76562E-03
3.2168136E-01,2.19727E+00,2.92969E-02
3.2169984E-01,2.19727E+00,9.76562E-03
3.2171832E-01,2.25586E+00,4.88281E-02
3.2173680E-01,2.25586E+00,1.07422E-01
3.2175528E-01,2.23633E+00,-6.83594E-02
3.2177376E-01,2.25586E+00,2.92969E-02
3.2179224E-01,2.23633E+00,9.76562E-03
3.2181072E-01,2.25586E+00,-4.88281E-02
3.2182920E-01,2.11914E+00,2.92969E-02
3.2184768E-01,2.21680E+00,9.76562E-03
3.2186616E-01,2.25586E+00,6.83594E-02
3.2188464E-01,2.29492E+00,9.76562E-03
3.2190312E-01,2.21680E+00,6.83594E-02
3.2192160E-01,2.25586E+00,2.92969E-02
3.2194008E-01,2.15820E+00,2.92969E-02
3.2195856E-01,2.25586E+00,6.83594E-02
3.2197704E-01,2.19727E+00,4.88281E-02
3.2199552E-01,2.19727E+00,4.88281E-02
3.2201400E-01,2.31445E+00,6.83594E-02
3.2203248E-01,2.17773E+00,-9.76562E-03
3.2205096E-01,2.19727E+00,6.83594E-02
3.2206944E-01,2.25586E+00,9.76562E-03
3.2208792E-01,2.21680E+00,6.83594E-02
3.2210640E-01,2.23633E+00,9.76562E-03
3.2212488E-01,2.25586E+00,4.88281E-02
3.2214336E-01,2.21680E+00,9.76562E-03
3.2216184E-01,2.27539E+00,1.07422E-01
3.2218032E-01,2.21680E+00,-9.76562E-03
3.2219880E-01,2.19727E+00,9.76562E-03
3.2221728E-01,2.27539E+00,2.92969E-02
3.2223576E-01,2.17773E+00,1.46484E-01
3.2225424E-01,2.15820E+00,9.76562E-03
3.2227272E-01,2.19727E+00,4.88281E-02
3.2229120E-01,2.17773E+00,9.76562E-03
3.2230968E-01,2.23633E+00,6.83594E-02
3.2232816E-01,2.27539E+00,6.83594E-02
3.2234664E-01,2.23633E+00,6.83594E-02
3.2236512E-01,2.25586E+00,-9.76562E-03
3.2238360E-01,2.21680E+00,4.88281E-02
3.2240208E-01,2.21680E+00,4.88281E-02
3.2242056E-01,2.21680E+00,2.92969E-02
3.2243904E-01,2.23633E+00,6.83594E-02
3.2245752E-01,2.15820E+00,4.88281E-02
3.2247600E-01,2.17773E+00,4.88281E-02
3.2249448E-01,2.21680E+00,4.88281E-02
3.2251296E-01,2.25586E+00,-9.76562E-03
3.2253144E-01,2.21680E+00,4.88281E-02
3.2254992E-01,2.21680E+00,-9.76562E-03
3.2256840E-01,2.15820E+00,2.92969E-02
3.2258688E-01,2.23633E+00,-2.92969E-02
3.2260536E-01,2.21680E+00,2.92969E-02
3.2262384E-01,2.15820E+00,4.88281E-02
3.2264232E-01,2.19727E+00,6.83594E-02
3.2266080E-01,2.21680E+00,9.76562E-03
3.2267928E-01,2.21680E+00,2.92969E-02
3.2269776E-01,2.25586E+00,-2.92969E-02
3.2271624E-01,2.23633E+00,2.92969E-02
3.2273472E-01,2.21680E+00,9.76562E-03
3.2275320E-01,2.17773E+00,6.83594E-02
3.2277168E-01,2.19727E+00,-9.76562E-03
3.2279016E-01,2.23633E+00,2.92969E-02
3.2280864E-01,2.23633E+00,2.92969E-02
3.2282712E-01,2.29492E+00,4.88281E-02
3.2284560E-01,2.23633E+00,9.76562E-03
3.2286408E-01,2.23633E+00,6.83594E-02
3.2288256E-01,2.27539E+00,9.76562E-03
3.2290104E-01,2.15820E+00,4.88281E-02
3.2291952E-01,2.21680E+00,2.92969E-02
3.2293800E-01,2.21680E+00,4.88281E-02
3.2295648E-01,2.21680E+00,2.92969E-02
3.2297496E-01,2.23633E+00,6.83594E-02
3.2299344E-01,2.21680E+00,9.76562E-03
3.2301192E-01,2.25586E+00,9.76562E-03
3.2303040E-01,2.23633E+00,2.92969E-02
3.2304888E-01,2.15820E+00,4.88281E-02
3.2306736E-01,2.25586E+00,2.92969E-02
3.2308584E-01,2.21680E+00,2.92969E-02
3.2310432E-01,2.21680E+00,9.76562E-03
3.2312280E-01,2.23633E+00,2.92969E-02
3.2314128E-01,2.27539E+00,9.76562E-03
3.2315976E-01,2.23633E+00,6.83594E-02
3.2317824E-01,2.29492E+00,-4.88281E-02
3.2319672E-01,2.23633E+00,9.76562E-03
3.2321520E-01,2.25586E+00,4.88281E-02
3.2323368E-01,2.25586E+00,1.26953E-01
3.2325216E-01,2.27539E+00,-9.76562E-03
3.2327064E-01,2.23633E+00,2.92969E-02
3.2328912E-01,2.17773E+00,2.92969E-02
3.2330760E-01,2.19727E+00,6.83594E-02
3.2332608E-01,2.21680E+00,9.76562E-03
3.2334456E-01,2.17773E+00,9.76562E-03
3.2336304E-01,2.21680E+00,2.92969E-02
3.2338152E-01,2.21680E+00,-9.76562E-03
3.2340000E-01,2.25586E+00,1.07422E-01
3.2341848E-01,2.23633E+00,8.78906E-02
3.2343696E-01,2.27539E+00,-4.88281E-02
3.2345544E-01,2.23633E+00,6.83594E-02
3.2347392E-01,2.25586E+00,-9.76562E-03
3.2349240E-01,2.15820E+00,4.88281E-02
3.2351088E-01,2.17773E+00,-4.88281E-02
3.2352936E-01,2.25586E+00,8.78906E-02
3.2354784E-01,2.21680E+00,-2.92969E-02
3.2356632E-01,2.13867E+00,6.83594E-02
3.2358480E-01,2.27539E+00,4.88281E-02
3.2360328E-01,2.23633E+00,-4.88281E-02
3.2362176E-01,2.23633E+00,-9.76562E-03
3.2364024E-01,2.23633E+00,2.92969E-02
3.2365872E-01,2.21680E+00,9.76562E-03
3.2367720E-01,2.19727E+00,4.88281E-02
3.2369568E-01,2.25586E+00,4.88281E-02
3.2371416E-01,2.25586E+00,2.92969E-02
3.2373264E-01,2.17773E+00,2.92969E-02
3.2375112E-01,2.13867E+00,8.78906E-02
3.2376960E-01,2.25586E+00,-2.92969E-02
3.2378808E-01,2.21680E+00,2.92969E-02
3.2380656E-01,2.23633E+00,8.78906E-02
3.2382504E-01,2.19727E+00,2.92969E-02
3.2384352E-01,2.17773E+00,4.88281E-02
3.2386200E-01,2.27539E+00,6.83594E-02
3.2388048E-01,2.21680E+00,4.88281E-02
3.2389896E-01,2.21680E+00,4.88281E-02
3.2391744E-01,2.25586E+00,-9.76562E-03
3.2393592E-01,2.13867E+00,6.83594E-02
3.2395440E-01,2.29492E+00,6.83594E-02
3.2397288E-01,2.23633E+00,2.92969E-02
3.2399136E-01,2.27539E+00,6.83594E-02
3.2400984E-01,2.23633E+00,6.83594E-02
3.2402832E-01,2.21680E+00,4.88281E-02
3.2404680E-01,2.23633E+00,2.92969E-02
3.2406528E-01,2.21680E+00,4.88281E-02
3.2408376E-01,2.15820E+00,2.92969E-02
3.2410224E-01,2.25586E+00,4.88281E-02
3.2412072E-01,2.25586E+00,9.76562E-03
3.2413920E-01,2.25586E+00,9.76562E-03
3.2415768E-01,2.19727E+00,4.88281E-02
3.2417616E-01,2.27539E+00,4.88281E-02
3.2419464E-01,2.19727E+00,4.88281E-02
3.2421312E-01,2.27539E+00,6.83594E-02
3.2423160E-01,2.19727E+00,6.83594E-02
3.2425008E-01,2.21680E+00,9.76562E-03
3.2426856E-01,2.23633E+00,4.88281E-02
3.2428704E-01,2.23633E+00,9.76562E-03
3.2430552E-01,2.19727E+00,9.76562E-03
3.2432400E-01,2.23633E+00,4.88281E-02
3.2434248E-01,2.21680E+00,2.92969E-02
3.2436096E-01,2.27539E+00,4.88281E-02
3.2437944E-01,2.17773E+00,8.78906E-02
3.2439792E-01,2.27539E+00,-9.76562E-03
3.2441640E-01,2.23633E+00,9.76562E-03
3.2443488E-01,2.27539E+00,4.88281E-02
3.2445336E-01,2.21680E+00,4.88281E-02
3.2447184E-01,2.31445E+00,-9.76562E-03
3.2449032E-01,2.19727E+00,4.88281E-02
3.2450880E-01,2.25586E+00,9.76562E-03
3.2452728E-01,2.13867E+00,1.07422E-01
3.2454576E-01,2.25586E+00,4.88281E-02
3.2456424E-01,2.27539E+00,4.88281E-02
3.2458272E-01,2.27539E+00,4.88281E-02
3.2460120E-01,2.25586E+00,2.92969E-02
3.2461968E-01,2.21680E+00,2.92969E-02
3.2463816E-01,2.23633E+00,1.26953E-01
3.2465664E-01,2.23633E+00,-9.76562E-03
3.2467512E-01,2.11914E+00,6.83594E-02
3.2469360E-01,2.27539E+00,2.92969E-02
3.2471208E-01,2.15820E+00,9.76562E-03
3.2473056E-01,2.21680E+00,9.76562E-03
3.2474904E-01,2.21680E+00,2.92969E-02
3.2476752E-01,2.19727E+00,-9.76562E-03
3.2478600E-01,2.25586E+00,4.88281E-02
3.2480448E-01,2.27539E+00,9.76562E-03
3.2482296E-01,2.21680E+00,2.92969E-02
3.2484144E-01,2.23633E+00,2.92969E-02
3.2485992E-01,2.21680E+00,6.83594E-02
3.2487840E-01,2.21680E+00,2.92969E-02
3.2489688E-01,2.29492E+00,9.76562E-03
3.2491536E-01,2.31445E+00,4.88281E-02
3.2493384E-01,2.23633E+00,9.76562E-03
3.2495232E-01,2.25586E+00,-2.92969E-02
3.2497080E-01,2.23633E+00,9.76562E-03
3.2498928E-01,2.15820E+00,1.07422E-01
3.2500776E-01,2.21680E+00,2.92969E-02
3.2502624E-01,2.25586E+00,9.76562E-03
3.2504472E-01,2.25586E+00,4.88281E-02
3.2506320E-01,2.35352E+00,9.76562E-03
3.2508168E-01,2.23633E+00,2.92969E-02
3.2510016E-01,2.25586E+00,4.88281E-02
3.2511864E-01,2.23633E+00,2.92969E-02
3.2513712E-01,2.21680E+00,2.92969E-02
3.2515560E-01,2.15820E+00,6.83594E-02
3.2517408E-01,2.21680E+00,2.92969E-02
3.2519256E-01,2.21680E+00,-2.92969E-02
3.2521104E-01,2.31445E+00,2.92969E-02
3.2522952E-01,2.21680E+00,6.83594E-02
3.2524800E-01,2.15820E+00,2.92969E-02
3.2526648E-01,2.23633E+00,2.92969E-02
3.2528496E-01,2.25586E+00,2.92969E-02
3.2530344E-01,2.25586E+00,2.92969E-02
3.2532192E-01,2.21680E+00,9.76562E-03
3.2534040E-01,2.21680E+00,4.88281E-02
3.2535888E-01,2.21680E+00,2.92969E-02
3.2537736E-01,2.21680E+00,6.83594E-02
3.2539584E-01,2.25586E+00,9.76562E-03
3.2541432E-01,2.13867E+00,9.76562E-03
3.2543280E-01,2.23633E+00,-9.76562E-03
3.2545128E-01,2.21680E+00,6.83594E-02
3.2546976E-01,2.19727E+00,-2.92969E-02
3.2548824E-01,2.21680E+00,4.88281E-02
3.2550672E-01,2.21680E+00,2.92969E-02
3.2552520E-01,2.19727E+00,2.92969E-02
3.2554368E-01,2.35352E+00,4.88281E-02
3.2556216E-01,2.21680E+00,9.76562E-03
3.2558064E-01,2.25586E+00,9.76562E-03
3.2559912E-01,2.21680E+00,4.88281E-02
3.2561760E-01,2.23633E+00,4.88281E-02
3.2563608E-01,2.17773E+00,9.76562E-03
3.2565456E-01,2.23633E+00,9.76562E-03
3.2567304E-01,2.25586E+00,4.88281E-02
3.2569152E-01,2.33398E+00,-9.76562E-03
3.2571000E-01,2.27539E+00,2.92969E-02
3.2572848E-01,2.27539E+00,4.88281E-02
3.2574696E-01,2.25586E+00,2.92969E-02
3.2576544E-01,2.27539E+00,9.76562E-03
3.2578392E-01,2.21680E+00,4.88281E-02
3.2580240E-01,2.23633E+00,6.83594E-02
3.2582088E-01,2.27539E+00,-9.76562E-03
3.2583936E-01,2.29492E+00,-2.92969E-02
3.2585784E-01,2.21680E+00,2.92969E-02
3.2587632E-01,2.25586E+00,9.76562E-03
3.2589480E-01,2.23633E+00,9.76562E-03
3.2591328E-01,2.25586E+00,9.76562E-03
3.2593176E-01,2.19727E+00,-9.76562E-03
3.2595024E-01,2.19727E+00,-9.76562E-03
3.2596872E-01,2.17773E+00,2.92969E-02
3.2598720E-01,2.25586E+00,4.88281E-02
3.2600568E-01,2.23633E+00,2.92969E-02
3.2602416E-01,2.23633E+00,2.92969E-02
3.2604264E-01,2.23633E+00,6.83594E-02
3.2606112E-01,2.23633E+00,2.92969E-02
3.2607960E-01,2.17773E+00,2.92969E-02
3.2609808E-01,2.25586E+00,4.88281E-02
3.2611656E-01,2.25586E+00,4.88281E-02
3.2613504E-01,2.27539E+00,2.92969E-02
3.2615352E-01,2.21680E+00,6.83594E-02
3.2617200E-01,2.21680E+00,9.76562E-03
3.2619048E-01,2.19727E+00,4.88281E-02
3.2620896E-01,2.21680E+00,4.88281E-02
3.2622744E-01,2.25586E+00,4.88281E-02
3.2624592E-01,2.29492E+00,2.92969E-02
3.2626440E-01,2.21680E+00,2.92969E-02
3.2628288E-01,2.27539E+00,4.88281E-02
3.2630136E-01,2.25586E+00,2.92969E-02
3.2631984E-01,2.23633E+00,-9.76562E-03
3.2633832E-01,2.19727E+00,9.76562E-03
3.2635680E-01,2.21680E+00,4.88281E-02
3.2637528E-01,2.21680E+00,4.88281E-02
3.2639376E-01,2.17773E+00,4.88281E-02
3.2641224E-01,2.25586E+00,8.78906E-02
3.2643072E-01,2.15820E+00,9.76562E-03
3.2644920E-01,2.21680E+00,6.83594E-02
3.2646768E-01,2.33398E+00,6.83594E-02
3.2648616E-01,2.23633E+00,6.83594E-02
3.2650464E-01,2.27539E+00,2.92969E-02
3.2652312E-01,2.23633E+00,4.88281E-02
3.2654160E-01,2.23633E+00,4.88281E-02
3.2656008E-01,2.21680E+00,4.88281E-02
3.2657856E-01,2.25586E+00,-9.76562E-03
3.2659704E-01,2.17773E+00,9.76562E-03
3.2661552E-01,2.23633E+00,2.92969E-02
3.2663400E-01,2.19727E+00,2.92969E-02
3.2665248E-01,2.23633E+00,2.92969E-02
3.2667096E-01,2.23633E+00,4.88281E-02
3.2668944E-01,2.25586E+00,2.92969E-02
3.2670792E-01,2.17773E+00,6.83594E-02
3.2672640E-01,2.19727E+00,9.76562E-03
3.2674488E-01,2.17773E+00,4.88281E-02
3.2676336E-01,2.25586E+00,4.88281E-02
3.2678184E-01,2.21680E+00,2.92969E-02
3.2680032E-01,2.33398E+00,-9.76562E-03
3.2681880E-01,2.21680E+00,6.83594E-02
3.2683728E-01,2.33398E+00,9.76562E-03
3.2685576E-01,2.21680E+00,2.92969E-02
3.2687424E-01,2.21680E+00,-4.88281E-02
3.2689272E-01,2.19727E+00,4.88281E-02
3.2691120E-01,2.25586E+00,4.88281E-02
3.2692968E-01,2.17773E+00,2.92969E-02
3.2694816E-01,2.25586E+00,-9.76562E-03
3.2696664E-01,2.21680E+00,6.83594E-02
3.2698512E-01,2.27539E+00,4.88281E-02
3.2700360E-01,2.23633E+00,6.83594E-02
3.2702208E-01,2.31445E+00,9.76562E-03
3.2704056E-01,2.23633E+00,6.83594E-02
3.2705904E-01,2.21680E+00,9.76562E-03
3.2707752E-01,2.23633E+00,-9.76562E-03
3.2709600E-01,2.27539E+00,4.88281E-02
3.2711448E-01,2.23633E+00,4.88281E-02
3.2713296E-01,2.23633E+00,-9.76562E-03
3.2715144E-01,2.19727E+00,9.76562E-03
3.2716992E-01,2.27539E+00,2.92969E-02
3.2718840E-01,2.23633E+00,4.88281E-02
3.2720688E-01,2.21680E+00,-9.76562E-03
3.2722536E-01,2.21680E+00,6.83594E-02
3.2724384E-01,2.25586E+00,9.76562E-03
3.2726232E-01,2.23633E+00,9.76562E-03
3.2728080E-01,2.15820E+00,2.92969E-02
3.2729928E-01,2.23633E+00,4.88281E-02
3.2731776E-01,2.23633E+00,-9.76562E-03
3.2733624E-01,2.27539E+00,1.07422E-01
3.2735472E-01,2.25586E+00,2.92969E-02
3.2737320E-01,2.21680E+00,2.92969E-02
3.2739168E-01,2.27539E+00,4.88281E-02
3.2741016E-01,2.19727E+00,6.83594E-02
3.2742864E-01,2.27539E+00,9.76562E-03
3.2744712E-01,2.25586E+00,1.26953E-01
3.2746560E-01,2.21680E+00,9.76562E-03
3.2748408E-01,2.21680E+00,9.76562E-03
3.2750256E-01,2.27539E+00,9.76562E-03
3.2752104E-01,2.17773E+00,4.88281E-02
3.2753952E-01,2.29492E+00,2.92969E-02
3.2755800E-01,2.23633E+00,4.88281E-02
3.2757648E-01,2.27539E+00,9.76562E-03
3.2759496E-01,2.25586E+00,4.88281E-02
3.2761344E-01,2.19727E+00,-9.76562E-03
3.2763192E-01,2.27539E+00,4.88281E-02
3.2765040E-01,2.27539E+00,9.76562E-03
3.2766888E-01,2.27539E+00,2.92969E-02
3.2768736E-01,2.19727E+00,9.76562E-03
3.2770584E-01,2.19727E+00,9.76562E-03
3.2772432E-01,2.29492E+00,-4.88281E-02
3.2774280E-01,2.31445E+00,2.92969E-02
3.2776128E-01,2.29492E+00,9.76562E-03
3.2777976E-01,2.25586E+00,6.83594E-02
3.2779824E-01,2.23633E+00,-9.76562E-03
3.2781672E-01,2.19727E+00,9.76562E-03
3.2783520E-01,2.33398E+00,-4.88281E-02
3.2785368E-01,2.23633E+00,8.78906E-02
3.2787216E-01,2.27539E+00,9.76562E-03
3.2789064E-01,2.27539E+00,4.88281E-02
3.2790912E-01,2.27539E+00,9.76562E-03
3.2792760E-01,2.17773E+00,2.92969E-02
3.2794608E-01,2.31445E+00,4.88281E-02
3.2796456E-01,2.17773E+00,2.92969E-02
3.2798304E-01,2.27539E+00,-9.76562E-03
3.2800152E-01,2.25586E+00,9.76562E-03
3.2802000E-01,2.23633E+00,-9.76562E-03
3.2803848E-01,2.23633E+00,2.92969E-02
3.2805696E-01,2.31445E+00,4.88281E-02
3.2807544E-01,2.25586E+00,4.88281E-02
3.2809392E-01,2.23633E+00,2.92969E-02
3.2811240E-01,2.19727E+00,2.92969E-02
3.2813088E-01,2.23633E+00,2.92969E-02
3.2814936E-01,2.21680E+00,6.83594E-02
3.2816784E-01,2.25586E+00,9.76562E-03
3.2818632E-01,2.29492E+00,4.88281E-02
3.2820480E-01,2.29492E+00,2.92969E-02
3.2822328E-01,2.27539E+00,4.88281E-02
3.2824176E-01,2.31445E+00,2.92969E-02
3.2826024E-01,2.27539E+00,6.83594E-02
3.2827872E-01,2.21680E+00,9.76562E-03
3.2829720E-01,2.23633E+00,2.92969E-02
3.2831568E-01,2.27539E+00,2.92969E-02
3.2833416E-01,2.27539E+00,4.88281E-02
3.2835264E-01,2.27539E+00,-9.76562E-03
3.2837112E-01,2.27539E+00,2.92969E-02
3.2838960E-01,2.31445E+00,-9.76562E-03
3.2840808E-01,2.23633E+00,2.92969E-02
3.2842656E-01,2.29492E+00,4.88281E-02
3.2844504E-01,2.21680E+00,2.92969E-02
3.2846352E-01,2.27539E+00,-9.76562E-03
3.2848200E-01,2.25586E+00,6.83594E-02
3.2850048E-01,2.31445E+00,2.92969E-02
3.2851896E-01,2.19727E+00,6.83594E-02
3.2853744E-01,2.29492E+00,4.88281E-02
3.2855592E-01,2.19727E+00,1.26953E-01
3.2857440E-01,2.23633E+00,-9.76562E-03
3.2859288E-01,2.21680E+00,2.92969E-02
3.2861136E-01,2.23633E+00,-9.76562E-03
3.2862984E-01,2.21680E+00,4.88281E-02
3.2864832E-01,2.29492E+00,9.76562E-03
3.2866680E-01,2.19727E+00,6.83594E-02
3.2868528E-01,2.25586E+00,4.88281E-02
3.2870376E-01,2.27539E+00,4.88281E-02
3.2872224E-01,2.29492E+00,2.92969E-02
3.2874072E-01,2.19727E+00,4.88281E-02
3.2875920E-01,2.19727E+00,2.92969E-02
3.2877768E-01,2.15820E+00,2.92969E-02
3.2879616E-01,2.29492E+00,9.76562E-03
3.2881464E-01,2.25586E+00,2.92969E-02
3.2883312E-01,2.29492E+00,4.88281E-02
3.2885160E-01,2.27539E+00,6.83594E-02
3.2887008E-01,2.29492E+00,9.76562E-03
3.2888856E-01,2.25586E+00,6.83594E-02
3.2890704E-01,2.33398E+00,-9.76562E-03
3.2892552E-01,2.21680E+00,2.92969E-02
3.2894400E-01,2.25586E+00,6.83594E-02
3.2896248E-01,2.27539E+00,2.92969E-02
3.2898096E-01,2.21680E+00,4.88281E-02
3.2899944E-01,2.29492E+00,2.92969E-02
3.2901792E-01,2.29492E+00,2.92969E-02
3.2903640E-01,2.25586E+00,6.83594E-02
3.2905488E-01,2.27539E+00,9.76562E-03
3.2907336E-01,2.25586E+00,4.88281E-02
3.2909184E-01,2.19727E+00,4.88281E-02
3.2911032E-01,2.33398E+00,2.92969E-02
3.2912880E-01,2.27539E+00,9.76562E-03
3.2914728E-01,2.23633E+00,6.83594E-02
3.2916576E-01,2.25586E+00,2.92969E-02
3.2918424E-01,2.21680E+00,8.78906E-02
3.2920272E-01,2.27539E+00,4.88281E-02
3.2922120E-01,2.21680E+00,4.88281E-02
3.2923968E-01,2.31445E+00,6.83594E-02
3.2925816E-01,2.17773E+00,1.26953E-01
3.2927664E-01,2.27539E+00,6.83594E-02
3.2929512E-01,2.21680E+00,8.78906E-02
3.2931360E-01,2.21680E+00,4.88281E-02
3.2933208E-01,2.29492E+00,1.26953E-01
3.2935056E-01,2.25586E+00,9.76562E-03
3.2936904E-01,2.25586E+00,4.88281E-02
3.2938752E-01,2.27539E+00,-2.92969E-02
3.2940600E-01,2.21680E+00,4.88281E-02
3.2942448E-01,2.25586E+00,2.92969E-02
3.2944296E-01,2.25586E+00,8.78906E-02
3.2946144E-01,2.21680E+00,8.78906E-02
3.2947992E-01,2.25586E+00,9.76562E-03
3.2949840E-01,2.33398E+00,9.76562E-03
3.2951688E-01,2.23633E+00,2.92969E-02
3.2953536E-01,2.25586E+00,-9.76562E-03
3.2955384E-01,2.23633E+00,6.83594E-02
3.2957232E-01,2.27539E+00,2.92969E-02
3.2959080E-01,2.21680E+00,9.76562E-03
3.2960928E-01,2.31445E+00,9.76562E-03
3.2962776E-01,2.21680E+00,6.83594E-02
3.2964624E-01,2.25586E+00,2.92969E-02
3.2966472E-01,2.23633E+00,8.78906E-02
3.2968320E-01,2.29492E+00,-9.76562E-03
3.2970168E-01,2.23633E+00,6.83594E-02
3.2972016E-01,2.25586E+00,2.92969E-02
3.2973864E-01,2.27539E+00,6.83594E-02
3.2975712E-01,2.29492E+00,-2.92969E-02
3.2977560E-01,2.25586E+00,6.83594E-02
3.2979408E-01,2.27539E+00,-9.76562E-03
3.2981256E-01,2.25586E+00,1.07422E-01
3.2983104E-01,2.27539E+00,9.76562E-03
3.2984952E-01,2.27539E+00,6.83594E-02
3.2986800E-01,2.27539E+00,9.76562E-03
3.2988648E-01,2.23633E+00,-2.92969E-02
3.2990496E-01,2.23633E+00,4.88281E-02
3.2992344E-01,2.19727E+00,6.83594E-02
3.2994192E-01,2.25586E+00,2.92969E-02
3.2996040E-01,2.29492E+00,-9.76562E-03
3.2997888E-01,2.21680E+00,9.76562E-03
3.2999736E-01,2.15820E+00,9.76562E-03
3.3001584E-01,2.27539E+00,9.76562E-03
3.3003432E-01,2.27539E+00,2.92969E-02
3.3005280E-01,2.31445E+00,9.76562E-03
3.3007128E-01,2.27539E+00,6.83594E-02
3.3008976E-01,2.27539E+00,6.83594E-02
3.3010824E-01,2.23633E+00,4.88281E-02
3.3012672E-01,2.25586E+00,9.76562E-03
3.3014520E-01,2.23633E+00,6.83594E-02
3.3016368E-01,2.25586E+00,9.76562E-03
3.3018216E-01,2.23633E+00,2.92969E-02
3.3020064E-01,2.23633E+00,-9.76562E-03
3.3021912E-01,2.27539E+00,4.88281E-02
3.3023760E-01,2.25586E+00,9.76562E-03
3.3025608E-01,2.13867E+00,2.92969E-02
3.3027456E-01,2.25586E+00,6.83594E-02
3.3029304E-01,2.11914E+00,6.83594E-02
3.3031152E-01,2.21680E+00,9.76562E-03
3.3033000E-01,2.27539E+00,4.88281E-02
3.3034848E-01,2.27539E+00,-9.76562E-03
3.3036696E-01,2.11914E+00,6.83594E-02
3.3038544E-01,2.27539E+00,4.88281E-02
3.3040392E-01,2.23633E+00,6.83594E-02
3.3042240E-01,2.29492E+00,2.92969E-02
3.3044088E-01,2.29492E+00,2.92969E-02
3.3045936E-01,2.21680E+00,9.76562E-03
3.3047784E-01,2.25586E+00,6.83594E-02
3.3049632E-01,2.25586E+00,2.92969E-02
3.3051480E-01,2.31445E+00,6.83594E-02
3.3053328E-01,2.21680E+00,4.88281E-02
3.3055176E-01,2.25586E+00,9.76562E-03
3.3057024E-01,2.17773E+00,-9.76562E-03
3.3058872E-01,2.19727E+00,4.88281E-02
3.3060720E-01,2.23633E+00,-4.88281E-02
3.3062568E-01,2.27539E+00,-9.76562E-03
3.3064416E-01,2.27539E+00,4.88281E-02
3.3066264E-01,2.25586E+00,4.88281E-02
3.3068112E-01,2.27539E+00,-6.83594E-02
3.3069960E-01,2.29492E+00,4.88281E-02
3.3071808E-01,2.29492E+00,-9.76562E-03
3.3073656E-01,2.21680E+00,4.88281E-02
3.3075504E-01,2.29492E+00,4.88281E-02
3.3077352E-01,2.19727E+00,9.76562E-03
3.3079200E-01,2.29492E+00,9.76562E-03
3.3081048E-01,2.27539E+00,9.76562E-03
3.3082896E-01,2.33398E+00,2.92969E-02
3.3084744E-01,2.25586E+00,2.92969E-02
3.3086592E-01,2.31445E+00,2.92969E-02
3.3088440E-01,2.23633E+00,4.88281E-02
3.3090288E-01,2.25586E+00,-9.76562E-03
3.3092136E-01,2.19727E+00,6.83594E-02
3.3093984E-01,2.25586E+00,-9.76562E-03
3.3095832E-01,2.23633E+00,4.88281E-02
3.3097680E-01,2.21680E+00,6.83594E-02
3.3099528E-01,2.23633E+00,9.76562E-03
3.3101376E-01,2.23633E+00,2.92969E-02
3.3103224E-01,2.25586E+00,4.88281E-02
3.3105072E-01,2.31445E+00,-2.92969E-02
3.3106920E-01,2.23633E+00,4.88281E-02
3.3108768E-01,2.27539E+00,9.76562E-03
3.3110616E-01,2.19727E+00,4.88281E-02
3.3112464E-01,2.27539E+00,9.76562E-03
3.3114312E-01,2.23633E+00,-2.92969E-02
3.3116160E-01,2.25586E+00,-9.76562E-03
3.3118008E-01,2.25586E+00,6.83594E-02
3.3119856E-01,2.27539E+00,9.76562E-03
3.3121704E-01,2.17773E+00,4.88281E-02
3.3123552E-01,2.29492E+00,2.92969E-02
3.3125400E-01,2.25586E+00,6.83594E-02
3.3127248E-01,2.29492E+00,-9.76562E-03
3.3129096E-01,2.23633E+00,1.07422E-01
3.3130944E-01,2.25586E+00,4.88281E-02
3.3132792E-01,2.23633E+00,2.92969E-02
3.3134640E-01,2.23633E+00,4.88281E-02
3.3136488E-01,2.13867E+00,9.76562E-03
3.3138336E-01,2.25586E+00,4.88281E-02
3.3140184E-01,2.23633E+00,2.92969E-02
3.3142032E-01,2.27539E+00,6.83594E-02
3.3143880E-01,2.23633E+00,4.88281E-02
3.3145728E-01,2.25586E+00,4.88281E-02
3.3147576E-01,2.27539E+00,6.83594E-02
3.3149424E-01,2.25586E+00,4.88281E-02
3.3151272E-01,2.17773E+00,9.76562E-03
3.3153120E-01,2.31445E+00,-9.76562E-03
3.3154968E-01,2.27539E+00,9.76562E-03
3.3156816E-01,2.29492E+00,-9.76562E-03
3.3158664E-01,2.27539E+00,4.88281E-02
3.3160512E-01,2.25586E+00,9.76562E-03
3.3162360E-01,2.27539E+00,6.83594E-02
3.3164208E-01,2.27539E+00,2.92969E-02
3.3166056E-01,2.15820E+00,2.92969E-02
3.3167904E-01,2.29492E+00,2.92969E-02
3.3169752E-01,2.33398E+00,2.92969E-02
3.3171600E-01,2.27539E+00,9.76562E-03
3.3173448E-01,2.29492E+00,4.88281E-02
3.3175296E-01,2.31445E+00,2.92969E-02
3.3177144E-01,2.23633E+00,4.88281E-02
3.3178992E-01,2.29492E+00,2.92969E-02
3.3180840E-01,2.23633E+00,4.88281E-02
3.3182688E-01,2.31445E+00,9.76562E-03
3.3184536E-01,2.21680E+00,6.83594E-02
3.3186384E-01,2.29492E+00,4.88281E-02
3.3188232E-01,2.25586E+00,-9.76562E-03
3.3190080E-01,2.33398E+00,6.83594E-02
3.3191928E-01,2.23633E+00,4.88281E-02
3.3193776E-01,2.27539E+00,2.92969E-02
3.3195624E-01,2.25586E+00,2.92969E-02
3.3197472E-01,2.29492E+00,9.76562E-03
3.3199320E-01,2.25586E+00,9.76562E-03
3.3201168E-01,2.23633E+00,4.88281E-02
3.3203016E-01,2.17773E+00,6.83594E-02
3.3204864E-01,2.27539E+00,4.88281E-02
3.3206712E-01,2.23633E+00,1.07422E-01
3.3208560E-01,2.27539E+00,9.76562E-03
3.3210408E-01,2.23633E+00,4.88281E-02
3.3212256E-01,2.25586E+00,-9.76562E-03
3.3214104E-01,2.21680E+00,9.76562E-03
3.3215952E-01,2.25586E+00,9.76562E-03
3.3217800E-01,2.29492E+00,6.83594E-02
3.3219648E-01,2.35352E+00,9.76562E-03
3.3221496E-01,2.25586E+00,9.76562E-03
3.3223344E-01,2.29492E+00,9.76562E-03
3.3225192E-01,2.27539E+00,2.92969E-02
3.3227040E-01,2.29492E+00,-9.76562E-03
3.3228888E-01,2.27539E+00,4.88281E-02
3.3230736E-01,2.27539E+00,-4.88281E-02
3.3232584E-01,2.21680E+00,9.76562E-03
3.3234432E-01,2.29492E+00,9.76562E-03
3.3236280E-01,2.17773E+00,9.76562E-03
3.3238128E-01,2.21680E+00,-9.76562E-03
3.3239976E-01,2.23633E+00,2.92969E-02
3.3241824E-01,2.21680E+00,4.88281E-02
3.3243672E-01,2.27539E+00,2.92969E-02
3.3245520E-01,2.29492E+00,9.76562E-03
3.3247368E-01,2.25586E+00,9.76562E-03
3.3249216E-01,2.29492E+00,-4.88281E-02
3.3251064E-01,2.27539E+00,4.88281E-02
3.3252912E-01,2.27539E+00,9.76562E-03
3.3254760E-01,2.23633E+00,9.76562E-03
3.3256608E-01,2.29492E+00,-4.88281E-02
3.3258456E-01,2.25586E+00,9.76562E-03
3.3260304E-01,2.27539E+00,9.76562E-03
3.3262152E-01,2.23633E+00,1.07422E-01
3.3264000E-01,2.19727E+00,9.76562E-03
3.3265848E-01,2.19727E+00,6.83594E-02
3.3267696E-01,2.31445E+00,4.88281E-02
3.3269544E-01,2.27539E+00,6.83594E-02
3.3271392E-01,2.29492E+00,-4.88281E-02
3.3273240E-01,2.23633E+00,6.83594E-02
3.3275088E-01,2.23633E+00,9.76562E-03
3.3276936E-01,2.27539E+00,4.88281E-02
3.3278784E-01,2.33398E+00,-2.92969E-02
3.3280632E-01,2.21680E+00,8.78906E-02
3.3282480E-01,2.27539E+00,9.76562E-03
3.3284328E-01,2.27539E+00,6.83594E-02
3.3286176E-01,2.23633E+00,4.88281E-02
3.3288024E-01,2.27539E+00,9.76562E-03
3.3289872E-01,2.27539E+00,4.88281E-02
3.3291720E-01,2.21680E+00,1.07422E-01
3.3293568E-01,2.27539E+00,2.92969E-02
3.3295416E-01,2.27539E+00,4.88281E-02
3.3297264E-01,2.27539E+00,9.76562E-03
3.3299112E-01,2.27539E+00,4.88281E-02
3.3300960E-01,2.29492E+00,2.92969E-02
3.3302808E-01,2.25586E+00,2.92969E-02
3.3304656E-01,2.25586E+00,4.88281E-02
3.3306504E-01,2.29492E+00,-4.88281E-02
3.3308352E-01,2.27539E+00,-9.76562E-03
3.3310200E-01,2.17773E+00,9.76562E-03
3.3312048E-01,2.21680E+00,2.92969E-02
3.3313896E-01,2.29492E+00,4.88281E-02
3.3315744E-01,2.23633E+00,9.76562E-03
3.3317592E-01,2.29492E+00,6.83594E-02
3.3319440E-01,2.25586E+00,-9.76562E-03
3.3321288E-01,2.23633E+00,6.83594E-02
3.3323136E-01,2.23633E+00,4.88281E-02
3.3324984E-01,2.23633E+00,6.83594E-02
3.3326832E-01,2.29492E+00,2.92969E-02
3.3328680E-01,2.23633E+00,4.88281E-02
3.3330528E-01,2.21680E+00,6.83594E-02
3.3332376E-01,2.19727E+00,4.88281E-02
3.3334224E-01,2.27539E+00,4.88281E-02
3.3336072E-01,2.23633E+00,4.88281E-02
3.3337920E-01,2.31445E+00,2.92969E-02
3.3339768E-01,2.29492E+00,9.76562E-03
3.3341616E-01,2.27539E+00,4.88281E-02
3.3343464E-01,2.29492E+00,2.92969E-02
3.3345312E-01,2.35352E+00,-9.76562E-03
3.3347160E-01,2.23633E+00,9.76562E-03
3.3349008E-01,2.23633E+00,-9.76562E-03
3.3350856E-01,2.25586E+00,9.76562E-03
3.3352704E-01,2.21680E+00,9.76562E-03
3.3354552E-01,2.23633E+00,4.88281E-02
3.3356400E-01,2.25586E+00,4.88281E-02
3.3358248E-01,2.33398E+00,6.83594E-02
3.3360096E-01,2.29492E+00,9.76562E-03
3.3361944E-01,2.23633E+00,2.92969E-02
3.3363792E-01,2.29492E+00,2.92969E-02
3.3365640E-01,2.27539E+00,6.83594E-02
3.3367488E-01,2.27539E+00,9.76562E-03
3.3369336E-01,2.25586E+00,9.76562E-03
3.3371184E-01,2.31445E+00,9.76562E-03
3.3373032E-01,2.29492E+00,4.88281E-02
3.3374880E-01,2.25586E+00,9.76562E-03
3.3376728E-01,2.25586E+00,9.76562E-03
3.3378576E-01,2.25586E+00,2.92969E-02
3.3380424E-01,2.25586E+00,9.76562E-03
3.3382272E-01,2.29492E+00,6.83594E-02
3.3384120E-01,2.27539E+00,2.92969E-02
3.3385968E-01,2.23633E+00,4.88281E-02
3.3387816E-01,2.25586E+00,1.07422E-01
3.3389664E-01,2.27539E+00,2.92969E-02
3.3391512E-01,2.23633E+00,6.83594E-02
3.3393360E-01,2.29492E+00,-9.76562E-03
3.3395208E-01,2.25586E+00,2.92969E-02
3.3397056E-01,2.27539E+00,4.88281E-02
3.3398904E-01,2.21680E+00,9.76562E-03
3.3400752E-01,2.23633E+00,4.88281E-02
3.3402600E-01,2.25586E+00,9.76562E-03
3.3404448E-01,2.27539E+00,-2.92969E-02
3.3406296E-01,2.21680E+00,4.88281E-02
3.3408144E-01,2.23633E+00,2.92969E-02
3.3409992E-01,2.25586E+00,1.07422E-01
3.3411840E-01,2.25586E+00,-2.92969E-02
3.3413688E-01,2.27539E+00,4.88281E-02
3.3415536E-01,2.29492E+00,2.92969E-02
3.3417384E-01,2.27539E+00,6.83594E-02
3.3419232E-01,2.33398E+00,2.92969E-02
3.3421080E-01,2.23633E+00,9.76562E-03
3.3422928E-01,2.23633E+00,-2.92969E-02
3.3424776E-01,2.23633E+00,8.78906E-02
3.3426624E-01,2.27539E+00,9.76562E-03
3.3428472E-01,2.25586E+00,2.92969E-02
3.3430320E-01,2.21680E+00,9.76562E-03
3.3432168E-01,2.29492E+00,-4.88281E-02
3.3434016E-01,2.23633E+00,4.88281E-02
3.3435864E-01,2.27539E+00,2.92969E-02
3.3437712E-01,2.25586E+00,2.92969E-02
3.3439560E-01,2.21680E+00,2.92969E-02
3.3441408E-01,2.29492E+00,6.83594E-02
3.3443256E-01,2.27539E+00,2.92969E-02
3.3445104E-01,2.23633E+00,2.92969E-02
3.3446952E-01,2.25586E+00,2.92969E-02
3.3448800E-01,2.27539E+00,-9.76562E-03
3.3450648E-01,2.27539E+00,9.76562E-03
3.3452496E-01,2.23633E+00,-9.76562E-03
3.3454344E-01,2.21680E+00,2.92969E-02
3.3456192E-01,2.27539E+00,4.88281E-02
3.3458040E-01,2.27539E+00,2.92969E-02
3.3459888E-01,2.23633E+00,-2.92969E-02
3.3461736E-01,2.21680E+00,8.78906E-02
3.3463584E-01,2.29492E+00,4.88281E-02
3.3465432E-01,2.21680E+00,9.76562E-03
3.3467280E-01,2.33398E+00,9.76562E-03
3.3469128E-01,2.25586E+00,6.83594E-02
3.3470976E-01,2.35352E+00,-9.76562E-03
3.3472824E-01,2.29492E+00,6.83594E-02
3.3474672E-01,2.29492E+00,2.92969E-02
3.3476520E-01,2.21680E+00,4.88281E-02
3.3478368E-01,2.23633E+00,8.78906E-02
3.3480216E-01,2.29492E+00,4.88281E-02
3.3482064E-01,2.29492E+00,4.88281E-02
3.3483912E-01,2.25586E+00,2.92969E-02
3.3485760E-01,2.27539E+00,9.76562E-03
3.3487608E-01,2.29492E+00,8.78906E-02
3.3489456E-01,2.29492E+00,-9.76562E-03
3.3491304E-01,2.35352E+00,4.88281E-02
3.3493152E-01,2.23633E+00,2.92969E-02
3.3495000E-01,2.23633E+00,6.83594E-02
3.3496848E-01,2.27539E+00,9.76562E-03
3.3498696E-01,2.23633E+00,6.83594E-02
3.3500544E-01,2.21680E+00,2.92969E-02
3.3502392E-01,2.21680E+00,2.92969E-02
3.3504240E-01,2.27539E+00,4.88281E-02
3.3506088E-01,2.21680E+00,2.92969E-02
3.3507936E-01,2.33398E+00,9.76562E-03
3.3509784E-01,2.25586E+00,8.78906E-02
3.3511632E-01,2.25586E+00,6.83594E-02
3.3513480E-01,2.23633E+00,2.92969E-02
3.3515328E-01,2.31445E+00,4.88281E-02
3.3517176E-01,2.21680E+00,4.88281E-02
3.3519024E-01,2.29492E+00,-9.76562E-03
3.3520872E-01,2.19727E+00,4.88281E-02
3.3522720E-01,2.25586E+00,6.83594E-02
3.3524568E-01,2.21680E+00,9.76562E-03
3.3526416E-01,2.21680E+00,2.92969E-02
3.3528264E-01,2.27539E+00,2.92969E-02
3.3530112E-01,2.29492E+00,-4.88281E-02
3.3531960E-01,2.31445E+00,6.83594E-02
3.3533808E-01,2.31445E+00,2.92969E-02
3.3535656E-01,2.29492E+00,2.92969E-02
3.3537504E-01,2.33398E+00,9.76562E-03
3.3539352E-01,2.25586E+00,1.26953E-01
3.3541200E-01,2.29492E+00,-2.92969E-02
3.3543048E-01,2.27539E+00,1.07422E-01
3.3544896E-01,2.25586E+00,4.88281E-02
3.3546744E-01,2.35352E+00,6.83594E-02
3.3548592E-01,2.29492E+00,9.76562E-03
3.3550440E-01,2.31445E+00,4.88281E-02
3.3552288E-01,2.27539E+00,6.83594E-02
3.3554136E-01,2.29492E+00,6.83594E-02
3.3555984E-01,2.21680E+00,-9.76562E-03
3.3557832E-01,2.29492E+00,6.83594E-02
3.3559680E-01,2.29492E+00,2.92969E-02
3.3561528E-01,2.21680E+00,4.88281E-02
3.3563376E-01,2.27539E+00,9.76562E-03
3.3565224E-01,2.27539E+00,2.92969E-02
3.3567072E-01,2.27539E+00,9.76562E-03
3.3568920E-01,2.27539E+00,4.88281E-02
3.3570768E-01,2.25586E+00,9.76562E-03
3.3572616E-01,2.31445E+00,9.76562E-03
3.3574464E-01,2.27539E+00,2.92969E-02
3.3576312E-01,2.29492E+00,6.83594E-02
3.3578160E-01,2.31445E+00,4.88281E-02
3.3580008E-01,2.23633E+00,2.92969E-02
3.3581856E-01,2.29492E+00,9.76562E-03
3.3583704E-01,2.29492E+00,9.76562E-03
3.3585552E-01,2.33398E+00,-9.76562E-03
3.3587400E-01,2.23633E+00,4.88281E-02
3.3589248E-01,2.27539E+00,-9.76562E-03
3.3591096E-01,2.19727E+00,6.83594E-02
3.3592944E-01,2.27539E+00,4.88281E-02
3.3594792E-01,2.27539E+00,4.88281E-02
3.3596640E-01,2.27539E+00,6.83594E-02
3.3598488E-01,2.23633E+00,4.88281E-02
3.3600336E-01,2.29492E+00,2.92969E-02
3.3602184E-01,2.25586E+00,6.83594E-02
3.3604032E-01,2.29492E+00,-9.76562E-03
3.3605880E-01,2.23633E+00,8.78906E-02
3.3607728E-01,2.29492E+00,-9.76562E-03
3.3609576E-01,2.23633E+00,2.92969E-02
3.3611424E-01,2.33398E+00,-9.76562E-03
3.3613272E-01,2.27539E+00,4.88281E-02
3.3615120E-01,2.27539E+00,2.92969E-02
3.3616968E-01,2.23633E+00,6.83594E-02
3.3618816E-01,2.29492E+00,-2.92969E-02
3.3620664E-01,2.27539E+00,2.92969E-02
3.3622512E-01,2.29492E+00,4.88281E-02
3.3624360E-01,2.31445E+00,9.76562E-03
3.3626208E-01,2.31445E+00,2.92969E-02
3.3628056E-01,2.33398E+00,8.78906E-02
3.3629904E-01,2.33398E+00,9.76562E-03
3.3631752E-01,2.25586E+00,6.83594E-02
3.3633600E-01,2.29492E+00,2.92969E-02
3.3635448E-01,2.25586E+00,-4.88281E-02
3.3637296E-01,2.27539E+00,-2.92969E-02
3.3639144E-01,2.21680E+00,2.92969E-02
3.3640992E-01,2.33398E+00,9.76562E-03
3.3642840E-01,2.27539E+00,6.83594E-02
3.3644688E-01,2.29492E+00,2.92969E-02
3.3646536E-01,2.21680E+00,4.88281E-02
3.3648384E-01,2.33398E+00,4.88281E-02
3.3650232E-01,2.23633E+00,2.92969E-02
3.3652080E-01,2.29492E+00,2.92969E-02
3.3653928E-01,2.33398E+00,1.26953E-01
3.3655776E-01,2.29492E+00,9.76562E-03
3.3657624E-01,2.27539E+00,4.88281E-02
3.3659472E-01,2.29492E+00,9.76562E-03
3.3661320E-01,2.27539E+00,2.92969E-02
3.3663168E-01,2.29492E+00,-9.76562E-03
3.3665016E-01,2.29492E+00,4.88281E-02
3.3666864E-01,2.29492E+00,2.92969E-02
3.3668712E-01,2.25586E+00,1.26953E-01
3.3670560E-01,2.25586E+00,9.76562E-03
3.3672408E-01,2.31445E+00,6.83594E-02
3.3674256E-01,2.33398E+00,2.92969E-02
3.3676104E-01,2.27539E+00,6.83594E-02
3.3677952E-01,2.33398E+00,-4.88281E-02
3.3679800E-01,2.29492E+00,6.83594E-02
3.3681648E-01,2.27539E+00,9.76562E-03
3.3683496E-01,2.23633E+00,2.92969E-02
3.3685344E-01,2.33398E+00,-9.76562E-03
3.3687192E-01,2.25586E+00,6.83594E-02
3.3689040E-01,2.29492E+00,4.88281E-02
3.3690888E-01,2.25586E+00,9.76562E-03
3.3692736E-01,2.35352E+00,-2.92969E-02
3.3694584E-01,2.27539E+00,2.92969E-02
3.3696432E-01,2.25586E+00,9.76562E-03
3.3698280E-01,2.31445E+00,2.92969E-02
3.3700128E-01,2.23633E+00,-9.76562E-03
3.3701976E-01,2.31445E+00,9.76562E-03
3.3703824E-01,2.31445E+00,4.88281E-02
3.3705672E-01,2.27539E+00,4.88281E-02
3.3707520E-01,2.27539E+00,2.92969E-02
3.3709368E-01,2.25586E+00,-2.92969E-02
3.3711216E-01,2.31445E+00,9.76562E-03
3.3713064E-01,2.25586E+00,4.88281E-02
3.3714912E-01,2.31445E+00,-9.76562E-03
3.3716760E-01,2.23633E+00,2.92969E-02
3.3718608E-01,2.33398E+00,9.76562E-03
3.3720456E-01,2.23633E+00,2.92969E-02
3.3722304E-01,2.35352E+00,2.92969E-02
3.3724152E-01,2.29492E+00,4.88281E-02
3.3726000E-01,2.27539E+00,-9.76562E-03
3.3727848E-01,2.23633E+00,4.88281E-02
3.3729696E-01,2.27539E+00,4.88281E-02
3.3731544E-01,2.27539E+00,6.83594E-02
3.3733392E-01,2.29492E+00,-9.76562E-03
3.3735240E-01,2.25586E+00,4.88281E-02
3.3737088E-01,2.25586E+00,2.92969E-02
3.3738936E-01,2.23633E+00,9.76562E-03
3.3740784E-01,2.25586E+00,-4.88281E-02
3.3742632E-01,2.27539E+00,2.92969E-02
3.3744480E-01,2.27539E+00,-9.76562E-03
3.3746328E-01,2.29492E+00,6.83594E-02
3.3748176E-01,2.29492E+00,4.88281E-02
3.3750024E-01,2.27539E+00,8.78906E-02
3.3751872E-01,2.27539E+00,2.92969E-02
3.3753720E-01,2.23633E+00,6.83594E-02
3.3755568E-01,2.21680E+00,9.76562E-03
3.3757416E-01,2.23633E+00,4.88281E-02
3.3759264E-01,2.33398E+00,4.88281E-02
3.3761112E-01,2.23633E+00,2.92969E-02
3.3762960E-01,2.29492E+00,2.92969E-02
3.3764808E-01,2.29492E+00,4.88281E-02
3.3766656E-01,2.29492E+00,2.92969E-02
3.3768504E-01,2.27539E+00,6.83594E-02
3.3770352E-01,2.29492E+00,4.88281E-02
3.3772200E-01,2.27539E+00,4.88281E-02
3.3774048E-01,2.29492E+00,-9.76562E-03
3.3775896E-01,2.29492E+00,6.83594E-02
3.3777744E-01,2.27539E+00,9.76562E-03
3.3779592E-01,2.21680E+00,2.92969E-02
3.3781440E-01,2.29492E+00,4.88281E-02
3.3783288E-01,2.23633E+00,4.88281E-02
3.3785136E-01,2.23633E+00,9.76562E-03
3.3786984E-01,2.31445E+00,9.76562E-03
3.3788832E-01,2.31445E+00,4.88281E-02
3.3790680E-01,2.27539E+00,4.88281E-02
3.3792528E-01,2.27539E+00,-6.83594E-02
3.3794376E-01,2.29492E+00,2.92969E-02
3.3796224E-01,2.33398E+00,9.76562E-03
3.3798072E-01,2.21680E+00,4.88281E-02
3.3799920E-01,2.31445E+00,9.76562E-03
3.3801768E-01,2.25586E+00,6.83594E-02
3.3803616E-01,2.35352E+00,2.92969E-02
3.3805464E-01,2.23633E+00,2.92969E-02
3.3807312E-01,2.29492E+00,6.83594E-02
3.3809160E-01,2.27539E+00,6.83594E-02
3.3811008E-01,2.27539E+00,9.76562E-03
3.3812856E-01,2.27539E+00,6.83594E-02
3.3814704E-01,2.29492E+00,9.76562E-03
3.3816552E-01,2.23633E+00,4.88281E-02
3.3818400E-01,2.27539E+00,4.88281E-02
3.3820248E-01,2.27539E+00,6.83594E-02
3.3822096E-01,2.35352E+00,6.83594E-02
3.3823944E-01,2.25586E+00,-4.88281E-02
3.3825792E-01,2.33398E+00,-9.76562E-03
3.3827640E-01,2.27539E+00,6.83594E-02
3.3829488E-01,2.29492E+00,4.88281E-02
3.3831336E-01,2.27539E+00,8.78906E-02
3.3833184E-01,2.29492E+00,6.83594E-02
3.3835032E-01,2.29492E+00,1.66016E-01
3.3836880E-01,2.25586E+00,9.76562E-03
3.3838728E-01,2.33398E+00,2.92969E-02
3.3840576E-01,2.27539E+00,-9.76562E-03
3.3842424E-01,2.29492E+00,2.92969E-02
3.3844272E-01,2.27539E+00,2.92969E-02
3.3846120E-01,2.23633E+00,6.83594E-02
3.3847968E-01,2.31445E+00,-9.76562E-03
3.3849816E-01,2.27539E+00,-9.76562E-03
3.3851664E-01,2.27539E+00,-2.92969E-02
3.3853512E-01,2.23633E+00,9.76562E-03
3.3855360E-01,2.33398E+00,-9.76562E-03
3.3857208E-01,2.25586E+00,2.92969E-02
3.3859056E-01,2.33398E+00,9.76562E-03
3.3860904E-01,2.29492E+00,6.83594E-02
3.3862752E-01,2.29492E+00,-9.76562E-03
3.3864600E-01,2.27539E+00,4.88281E-02
3.3866448E-01,2.35352E+00,4.88281E-02
3.3868296E-01,2.29492E+00,4.88281E-02
3.3870144E-01,2.27539E+00,2.92969E-02
3.3871992E-01,2.31445E+00,6.83594E-02
3.3873840E-01,2.25586E+00,-9.76562E-03
3.3875688E-01,2.23633E+00,6.83594E-02
3.3877536E-01,2.27539E+00,4.88281E-02
3.3879384E-01,2.27539E+00,6.83594E-02
3.3881232E-01,2.29492E+00,9.76562E-03
3.3883080E-01,2.23633E+00,9.76562E-03
3.3884928E-01,2.27539E+00,-2.92969E-02
3.3886776E-01,2.23633E+00,6.83594E-02
3.3888624E-01,2.29492E+00,9.76562E-03
3.3890472E-01,2.23633E+00,2.92969E-02
3.3892320E-01,2.27539E+00,4.88281E-02
3.3894168E-01,2.23633E+00,9.76562E-03
3.3896016E-01,2.27539E+00,9.76562E-03
3.3897864E-01,2.17773E+00,9.76562E-03
3.3899712E-01,2.29492E+00,9.76562E-03
3.3901560E-01,2.31445E+00,2.92969E-02
3.3903408E-01,2.27539E+00,4.88281E-02
3.3905256E-01,2.29492E+00,9.76562E-03
3.3907104E-01,2.27539E+00,2.92969E-02
3.3908952E-01,2.35352E+00,4.88281E-02
3.3910800E-01,2.27539E+00,2.92969E-02
3.3912648E-01,2.23633E+00,2.92969E-02
3.3914496E-01,2.27539E+00,6.83594E-02
3.3916344E-01,2.25586E+00,2.92969E-02
3.3918192E-01,2.31445E+00,9.76562E-03
3.3920040E-01,2.19727E+00,4.88281E-02
3.3921888E-01,2.29492E+00,2.92969E-02
3.3923736E-01,2.25586E+00,6.83594E-02
3.3925584E-01,2.25586E+00,-4.88281E-02
3.3927432E-01,2.31445E+00,6.83594E-02
3.3929280E-01,2.33398E+00,-9.76562E-03
3.3931128E-01,2.33398E+00,1.07422E-01
3.3932976E-01,2.29492E+00,4.88281E-02
3.3934824E-01,2.37305E+00,2.92969E-02
3.3936672E-01,2.29492E+00,9.76562E-03
3.3938520E-01,2.25586E+00,4.88281E-02
3.3940368E-01,2.27539E+00,9.76562E-03
3.3942216E-01,2.17773E+00,6.83594E-02
3.3944064E-01,2.25586E+00,-9.76562E-03
3.3945912E-01,2.35352E+00,-9.76562E-03
3.3947760E-01,2.31445E+00,4.88281E-02
3.3949608E-01,2.33398E+00,4.88281E-02
3.3951456E-01,2.29492E+00,6.83594E-02
3.3953304E-01,2.33398E+00,2.92969E-02
3.3955152E-01,2.29492E+00,9.76562E-03
3.3957000E-01,2.27539E+00,6.83594E-02
3.3958848E-01,2.31445E+00,4.88281E-02
3.3960696E-01,2.25586E+00,4.88281E-02
3.3962544E-01,2.33398E+00,6.83594E-02
3.3964392E-01,2.25586E+00,6.83594E-02
3.3966240E-01,2.31445E+00,2.92969E-02
3.3968088E-01,2.31445E+00,4.88281E-02
3.3969936E-01,2.31445E+00,-9.76562E-03
3.3971784E-01,2.23633E+00,6.83594E-02
3.3973632E-01,2.29492E+00,9.76562E-03
3.3975480E-01,2.27539E+00,2.92969E-02
3.3977328E-01,2.29492E+00,4.88281E-02
3.3979176E-01,2.25586E+00,2.92969E-02
3.3981024E-01,2.35352E+00,9.76562E-03
3.3982872E-01,2.23633E+00,4.88281E-02
3.3984720E-01,2.27539E+00,9.76562E-03
3.3986568E-01,2.21680E+00,6.83594E-02
3.3988416E-01,2.21680E+00,9.76562E-03
3.3990264E-01,2.17773E+00,2.92969E-02
3.3992112E-01,2.21680E+00,9.76562E-03
3.3993960E-01,2.23633E+00,9.76562E-03
3.3995808E-01,2.31445E+00,-4.88281E-02
3.3997656E-01,2.27539E+00,1.26953E-01
3.3999504E-01,2.31445E+00,2.92969E-02
3.4001352E-01,2.27539E+00,4.88281E-02
3.4003200E-01,2.27539E+00,9.76562E-03
3.4005048E-01,2.25586E+00,9.76562E-03
3.4006896E-01,2.23633E+00,6.83594E-02
3.4008744E-01,2.29492E+00,6.83594E-02
3.4010592E-01,2.35352E+00,2.92969E-02
3.4012440E-01,2.31445E+00,1.07422E-01
3.4014288E-01,2.33398E+00,9.76562E-03
3.4016136E-01,2.29492E+00,6.83594E-02
3.4017984E-01,2.27539E+00,4.88281E-02
3.4019832E-01,2.25586E+00,9.76562E-03
3.4021680E-01,2.29492E+00,9.76562E-03
3.4023528E-01,2.27539E+00,9.76562E-03
3.4025376E-01,2.29492E+00,4.88281E-02
3.4027224E-01,2.29492E+00,2.92969E-02
3.4029072E-01,2.25586E+00,4.88281E-02
3.4030920E-01,2.27539E+00,6.83594E-02
3.4032768E-01,2.35352E+00,6.83594E-02
3.4034616E-01,2.23633E+00,9.76562E-03
3.4036464E-01,2.27539E+00,2.92969E-02
3.4038312E-01,2.23633E+00,6.83594E-02
3.4040160E-01,2.31445E+00,4.88281E-02
3.4042008E-01,2.25586E+00,1.07422E-01
3.4043856E-01,2.31445E+00,6.83594E-02
3.4045704E-01,2.31445E+00,2.92969E-02
3.4047552E-01,2.31445E+00,9.76562E-03
3.4049400E-01,2.25586E+00,9.76562E-03
3.4051248E-01,2.35352E+00,9.76562E-03
3.4053096E-01,2.23633E+00,4.88281E-02
3.4054944E-01,2.27539E+00,-9.76562E-03
3.4056792E-01,2.27539E+00,2.92969E-02
3.4058640E-01,2.27539E+00,-9.76562E-03
3.4060488E-01,2.29492E+00,4.88281E-02
3.4062336E-01,2.29492E+00,9.76562E-03
3.4064184E-01,2.35352E+00,4.88281E-02
3.4066032E-01,2.27539E+00,2.92969E-02
3.4067880E-01,2.29492E+00,6.83594E-02
3.4069728E-01,2.29492E+00,9.76562E-03
3.4071576E-01,2.29492E+00,1.07422E-01
3.4073424E-01,2.27539E+00,6.83594E-02
3.4075272E-01,2.29492E+00,6.83594E-02
3.4077120E-01,2.31445E+00,-2.92969E-02
3.4078968E-01,2.27539E+00,6.83594E-02
3.4080816E-01,2.35352E+00,9.76562E-03
3.4082664E-01,2.27539E+00,9.76562E-03
3.4084512E-01,2.29492E+00,9.76562E-03
3.4086360E-01,2.29492E+00,4.88281E-02
3.4088208E-01,2.27539E+00,-9.76562E-03
3.4090056E-01,2.27539E+00,6.83594E-02
3.4091904E-01,2.29492E+00,-9.76562E-03
3.4093752E-01,2.27539E+00,2.92969E-02
3.4095600E-01,2.35352E+00,6.83594E-02
3.4097448E-01,2.27539E+00,9.76562E-03
3.4099296E-01,2.31445E+00,6.83594E-02
3.4101144E-01,2.25586E+00,9.76562E-03
3.4102992E-01,2.35352E+00,-9.76562E-03
3.4104840E-01,2.27539E+00,4.88281E-02
3.4106688E-01,2.29492E+00,9.76562E-03
3.4108536E-01,2.25586E+00,9.76562E-03
3.4110384E-01,2.31445E+00,4.88281E-02
3.4112232E-01,2.31445E+00,1.46484E-01
3.4114080E-01,2.33398E+00,8.78906E-02
3.4115928E-01,2.25586E+00,9.76562E-03
3.4117776E-01,2.31445E+00,9.76562E-03
3.4119624E-01,2.33398E+00,2.92969E-02
3.4121472E-01,2.29492E+00,9.76562E-03
3.4123320E-01,2.25586E+00,2.92969E-02
3.4125168E-01,2.25586E+00,-2.92969E-02
3.4127016E-01,2.23633E+00,1.07422E-01
3.4128864E-01,2.29492E+00,2.92969E-02
3.4130712E-01,2.27539E+00,2.92969E-02
3.4132560E-01,2.27539E+00,2.92969E-02
3.4134408E-01,2.29492E+00,4.88281E-02
3.4136256E-01,2.31445E+00,9.76562E-03
3.4138104E-01,2.25586E+00,2.92969E-02
3.4139952E-01,2.23633E+00,4.88281E-02
3.4141800E-01,2.29492E+00,8.78906E-02
3.4143648E-01,2.25586E+00,9.76562E-03
3.4145496E-01,2.23633E+00,4.88281E-02
3.4147344E-01,2.29492E+00,4.88281E-02
3.4149192E-01,2.29492E+00,2.92969E-02
3.4151040E-01,2.27539E+00,-6.83594E-02
3.4152888E-01,2.27539E+00,4.88281E-02
3.4154736E-01,2.33398E+00,9.76562E-03
3.4156584E-01,2.23633E+00,4.88281E-02
3.4158432E-01,2.31445E+00,-2.92969E-02
3.4160280E-01,2.23633E+00,4.88281E-02
3.4162128E-01,2.29492E+00,2.92969E-02
3.4163976E-01,2.35352E+00,4.88281E-02
3.4165824E-01,2.29492E+00,6.83594E-02
3.4167672E-01,2.35352E+00,4.88281E-02
3.4169520E-01,2.35352E+00,2.92969E-02
3.4171368E-01,2.23633E+00,2.92969E-02
3.4173216E-01,2.33398E+00,9.76562E-03
3.4175064E-01,2.27539E+00,2.92969E-02
3.4176912E-01,2.31445E+00,9.76562E-03
3.4178760E-01,2.27539E+00,9.76562E-03
3.4180608E-01,2.29492E+00,9.76562E-03
3.4182456E-01,2.27539E+00,2.92969E-02
3.4184304E-01,2.29492E+00,6.83594E-02
3.4186152E-01,2.23633E+00,1.26953E-01
3.4188000E-01,2.31445E+00,-9.76562E-03
3.4189848E-01,2.31445E+00,4.88281E-02
3.4191696E-01,2.31445E+00,9.76562E-03
3.4193544E-01,2.29492E+00,-4.88281E-02
3.4195392E-01,2.33398E+00,4.88281E-02
3.4197240E-01,2.21680E+00,4.88281E-02
3.4199088E-01,2.35352E+00,9.76562E-03
3.4200936E-01,2.29492E+00,1.07422E-01
3.4202784E-01,2.27539E+00,2.92969E-02
3.4204632E-01,2.31445E+00,8.78906E-02
3.4206480E-01,2.27539E+00,2.92969E-02
3.4208328E-01,2.35352E+00,2.92969E-02
3.4210176E-01,2.29492E+00,9.76562E-03
3.4212024E-01,2.31445E+00,4.88281E-02
3.4213872E-01,2.29492E+00,9.76562E-03
3.4215720E-01,2.31445E+00,2.92969E-02
3.4217568E-01,2.35352E+00,-9.76562E-03
3.4219416E-01,2.25586E+00,2.92969E-02
3.4221264E-01,2.37305E+00,1.26953E-01
3.4223112E-01,2.29492E+00,2.92969E-02
3.4224960E-01,2.33398E+00,-9.76562E-03
3.4226808E-01,2.27539E+00,2.92969E-02
3.4228656E-01,2.29492E+00,-9.76562E-03
3.4230504E-01,2.21680E+00,4.88281E-02
3.4232352E-01,2.29492E+00,4.88281E-02
3.4234200E-01,2.25586E+00,8.78906E-02
3.4236048E-01,2.33398E+00,-9.76562E-03
3.4237896E-01,2.35352E+00,6.83594E-02
3.4239744E-01,2.39258E+00,9.76562E-03
3.4241592E-01,2.31445E+00,2.92969E-02
3.4243440E-01,2.35352E+00,9.76562E-03
3.4245288E-01,2.29492E+00,2.92969E-02
3.4247136E-01,2.23633E+00,2.92969E-02
3.4248984E-01,2.27539E+00,8.78906E-02
3.4250832E-01,2.35352E+00,-9.76562E-03
3.4252680E-01,2.25586E+00,4.88281E-02
3.4254528E-01,2.23633E+00,2.92969E-02
3.4256376E-01,2.23633E+00,6.83594E-02
3.4258224E-01,2.21680E+00,1.07422E-01
3.4260072E-01,2.31445E+00,2.92969E-02
3.4261920E-01,2.29492E+00,9.76562E-03
3.4263768E-01,2.27539E+00,4.88281E-02
3.4265616E-01,2.29492E+00,2.92969E-02
3.4267464E-01,2.29492E+00,2.92969E-02
3.4269312E-01,2.37305E+00,-9.76562E-03
3.4271160E-01,2.31445E+00,4.88281E-02
3.4273008E-01,2.31445E+00,8.78906E-02
3.4274856E-01,2.35352E+00,6.83594E-02
3.4276704E-01,2.35352E+00,2.92969E-02
3.4278552E-01,2.23633E+00,9.76562E-03
3.4280400E-01,2.33398E+00,9.76562E-03
3.4282248E-01,2.21680E+00,2.92969E-02
3.4284096E-01,2.29492E+00,2.92969E-02
3.4285944E-01,2.25586E+00,6.83594E-02
3.4287792E-01,2.33398E+00,4.88281E-02
3.4289640E-01,2.31445E+00,6.83594E-02
3.4291488E-01,2.35352E+00,9.76562E-03
3.4293336E-01,2.31445E+00,6.83594E-02
3.4295184E-01,2.35352E+00,-9.76562E-03
3.4297032E-01,2.27539E+00,9.76562E-03
3.4298880E-01,2.35352E+00,4.88281E-02
3.4300728E-01,2.27539E+00,4.88281E-02
3.4302576E-01,2.35352E+00,9.76562E-03
3.4304424E-01,2.29492E+00,8.78906E-02
3.4306272E-01,2.39258E+00,4.88281E-02
3.4308120E-01,2.19727E+00,2.92969E-02
3.4309968E-01,2.33398E+00,-9.76562E-03
3.4311816E-01,2.33398E+00,6.83594E-02
3.4313664E-01,2.31445E+00,9.76562E-03
3.4315512E-01,2.25586E+00,8.78906E-02
3.4317360E-01,2.35352E+00,2.92969E-02
3.4319208E-01,2.23633E+00,4.88281E-02
3.4321056E-01,2.31445E+00,4.88281E-02
3.4322904E-01,2.25586E+00,4.88281E-02
3.4324752E-01,2.23633E+00,9.76562E-03
3.4326600E-01,2.31445E+00,9.76562E-03
3.4328448E-01,2.33398E+00,4.88281E-02
3.4330296E-01,2.27539E+00,2.92969E-02
3.4332144E-01,2.33398E+00,-9.76562E-03
3.4333992E-01,2.33398E+00,4.88281E-02
3.4335840E-01,2.29492E+00,2.92969E-02
3.4337688E-01,2.31445E+00,2.92969E-02
3.4339536E-01,2.35352E+00,2.92969E-02
3.4341384E-01,2.25586E+00,2.92969E-02
3.4343232E-01,2.29492E+00,2.92969E-02
3.4345080E-01,2.31445E+00,6.83594E-02
3.4346928E-01,2.27539E+00,2.92969E-02
3.4348776E-01,2.27539E+00,9.76562E-03
3.4350624E-01,2.33398E+00,9.76562E-03
3.4352472E-01,2.29492E+00,8.78906E-02
3.4354320E-01,2.33398E+00,9.76562E-03
3.4356168E-01,2.25586E+00,8.78906E-02
3.4358016E-01,2.29492E+00,9.76562E-03
3.4359864E-01,2.35352E+00,1.07422E-01
3.4361712E-01,2.29492E+00,2.92969E-02
3.4363560E-01,2.29492E+00,4.88281E-02
3.4365408E-01,2.43164E+00,2.92969E-02
3.4367256E-01,2.33398E+00,4.88281E-02
3.4369104E-01,2.29492E+00,4.88281E-02
3.4370952E-01,2.25586E+00,4.88281E-02
3.4372800E-01,2.29492E+00,2.92969E-02
3.4374648E-01,2.27539E+00,2.92969E-02
3.4376496E-01,2.31445E+00,-2.92969E-02
3.4378344E-01,2.25586E+00,2.92969E-02
3.4380192E-01,2.35352E+00,-9.76562E-03
3.4382040E-01,2.23633E+00,6.83594E-02
3.4383888E-01,2.31445E+00,2.92969E-02
3.4385736E-01,2.23633E+00,8.78906E-02
3.4387584E-01,2.29492E+00,-9.76562E-03
3.4389432E-01,2.29492E+00,9.76562E-03
3.4391280E-01,2.31445E+00,2.92969E-02
3.4393128E-01,2.31445E+00,6.83594E-02
3.4394976E-01,2.39258E+00,2.92969E-02
3.4396824E-01,2.31445E+00,2.92969E-02
3.4398672E-01,2.29492E+00,2.92969E-02
3.4400520E-01,2.33398E+00,4.88281E-02
3.4402368E-01,2.33398E+00,9.76562E-03
3.4404216E-01,2.33398E+00,4.88281E-02
3.4406064E-01,2.29492E+00,2.92969E-02
3.4407912E-01,2.27539E+00,2.92969E-02
3.4409760E-01,2.27539E+00,4.88281E-02
3.4411608E-01,2.27539E+00,4.88281E-02
3.4413456E-01,2.31445E+00,-9.76562E-03
3.4415304E-01,2.31445E+00,2.92969E-02
3.4417152E-01,2.35352E+00,2.92969E-02
3.4419000E-01,2.29492E+00,6.83594E-02
3.4420848E-01,2.31445E+00,2.92969E-02
3.4422696E-01,2.23633E+00,6.83594E-02
3.4424544E-01,2.29492E+00,9.76562E-03
3.4426392E-01,2.33398E+00,2.92969E-02
3.4428240E-01,2.35352E+00,6.83594E-02
3.4430088E-01,2.23633E+00,9.76562E-03
3.4431936E-01,2.29492E+00,6.83594E-02
3.4433784E-01,2.27539E+00,6.83594E-02
3.4435632E-01,2.37305E+00,2.92969E-02
3.4437480E-01,2.33398E+00,-2.92969E-02
3.4439328E-01,2.33398E+00,9.76562E-03
3.4441176E-01,2.31445E+00,4.88281E-02
3.4443024E-01,2.31445E+00,2.92969E-02
3.4444872E-01,2.27539E+00,4.88281E-02
3.4446720E-01,2.37305E+00,2.92969E-02
3.4448568E-01,2.41211E+00,4.88281E-02
3.4450416E-01,2.29492E+00,-9.76562E-03
3.4452264E-01,2.31445E+00,6.83594E-02
3.4454112E-01,2.27539E+00,2.92969E-02
3.4455960E-01,2.23633E+00,2.92969E-02
3.4457808E-01,2.27539E+00,9.76562E-03
3.4459656E-01,2.27539E+00,4.88281E-02
3.4461504E-01,2.33398E+00,4.88281E-02
3.4463352E-01,2.29492E+00,2.92969E-02
3.4465200E-01,2.29492E+00,9.76562E-03
3.4467048E-01,2.33398E+00,2.92969E-02
3.4468896E-01,2.29492E+00,2.92969E-02
3.4470744E-01,2.29492E+00,4.88281E-02
3.4472592E-01,2.29492E+00,2.92969E-02
3.4474440E-01,2.27539E+00,9.76562E-03
3.4476288E-01,2.33398E+00,2.92969E-02
3.4478136E-01,2.31445E+00,6.83594E-02
3.4479984E-01,2.37305E+00,9.76562E-03
3.4481832E-01,2.27539E+00,6.83594E-02
3.4483680E-01,2.33398E+00,9.76562E-03
3.4485528E-01,2.23633E+00,6.83594E-02
3.4487376E-01,2.33398E+00,-9.76562E-03
3.4489224E-01,2.23633E+00,4.88281E-02
3.4491072E-01,2.31445E+00,6.83594E-02
3.4492920E-01,2.29492E+00,6.83594E-02
3.4494768E-01,2.33398E+00,9.76562E-03
3.4496616E-01,2.29492E+00,2.92969E-02
3.4498464E-01,2.35352E+00,2.92969E-02
3.4500312E-01,2.27539E+00,9.76562E-03
3.4502160E-01,2.29492E+00,4.88281E-02
3.4504008E-01,2.31445E+00,2.92969E-02
3.4505856E-01,2.33398E+00,4.88281E-02
3.4507704E-01,2.31445E+00,2.92969E-02
3.4509552E-01,2.35352E+00,9.76562E-03
3.4511400E-01,2.25586E+00,4.88281E-02
3.4513248E-01,2.29492E+00,-4.88281E-02
3.4515096E-01,2.35352E+00,8.78906E-02
3.4516944E-01,2.35352E+00,4.88281E-02
3.4518792E-01,2.27539E+00,8.78906E-02
3.4520640E-01,2.35352E+00,-4.88281E-02
3.4522488E-01,2.21680E+00,9.76562E-03
3.4524336E-01,2.35352E+00,2.92969E-02
3.4526184E-01,2.25586E+00,6.83594E-02
3.4528032E-01,2.27539E+00,2.92969E-02
3.4529880E-01,2.27539E+00,2.92969E-02
3.4531728E-01,2.33398E+00,9.76562E-03
3.4533576E-01,2.29492E+00,2.92969E-02
3.4535424E-01,2.35352E+00,9.76562E-03
3.4537272E-01,2.31445E+00,4.88281E-02
3.4539120E-01,2.31445E+00,9.76562E-03
3.4540968E-01,2.25586E+00,6.83594E-02
3.4542816E-01,2.23633E+00,4.88281E-02
3.4544664E-01,2.29492E+00,4.88281E-02
3.4546512E-01,2.41211E+00,2.92969E-02
3.4548360E-01,2.23633E+00,1.46484E-01
3.4550208E-01,2.31445E+00,9.76562E-03
3.4552056E-01,2.27539E+00,1.07422E-01
3.4553904E-01,2.31445E+00,2.92969E-02
3.4555752E-01,2.27539E+00,6.83594E-02
3.4557600E-01,2.33398E+00,4.88281E-02
3.4559448E-01,2.21680E+00,9.76562E-03
3.4561296E-01,2.33398E+00,6.83594E-02
3.4563144E-01,2.27539E+00,4.88281E-02
3.4564992E-01,2.35352E+00,4.88281E-02
3.4566840E-01,2.31445E+00,2.92969E-02
3.4568688E-01,2.35352E+00,4.88281E-02
3.4570536E-01,2.27539E+00,9.76562E-03
3.4572384E-01,2.35352E+00,9.76562E-03
3.4574232E-01,2.29492E+00,9.76562E-03
3.4576080E-01,2.33398E+00,9.76562E-03
3.4577928E-01,2.33398E+00,8.78906E-02
3.4579776E-01,2.29492E+00,-6.83594E-02
3.4581624E-01,2.29492E+00,8.78906E-02
3.4583472E-01,2.31445E+00,-2.92969E-02
3.4585320E-01,2.31445E+00,9.76562E-03
3.4587168E-01,2.35352E+00,2.92969E-02
3.4589016E-01,2.25586E+00,6.83594E-02
3.4590864E-01,2.35352E+00,9.76562E-03
3.4592712E-01,2.27539E+00,2.92969E-02
3.4594560E-01,2.27539E+00,4.88281E-02
3.4596408E-01,2.23633E+00,6.83594E-02
3.4598256E-01,2.33398E+00,9.76562E-03
3.4600104E-01,2.25586E+00,4.88281E-02
3.4601952E-01,2.33398E+00,9.76562E-03
3.4603800E-01,2.31445E+00,2.92969E-02
3.4605648E-01,2.27539E+00,4.88281E-02
3.4607496E-01,2.35352E+00,-4.88281E-02
3.4609344E-01,2.21680E+00,-9.76562E-03
3.4611192E-01,2.35352E+00,4.88281E-02
3.4613040E-01,2.27539E+00,4.88281E-02
3.4614888E-01,2.27539E+00,1.26953E-01
3.4616736E-01,2.37305E+00,4.88281E-02
3.4618584E-01,2.33398E+00,2.92969E-02
3.4620432E-01,2.35352E+00,9.76562E-03
3.4622280E-01,2.33398E+00,4.88281E-02
3.4624128E-01,2.35352E+00,6.83594E-02
3.4625976E-01,2.31445E+00,4.88281E-02
3.4627824E-01,2.33398E+00,1.07422E-01
3.4629672E-01,2.35352E+00,4.88281E-02
3.4631520E-01,2.35352E+00,2.92969E-02
3.4633368E-01,2.35352E+00,2.92969E-02
3.4635216E-01,2.31445E+00,-2.92969E-02
3.4637064E-01,2.29492E+00,2.92969E-02
3.4638912E-01,2.29492E+00,2.92969E-02
3.4640760E-01,2.33398E+00,6.83594E-02
3.4642608E-01,2.35352E+00,9.76562E-03
3.4644456E-01,2.31445E+00,1.07422E-01
3.4646304E-01,2.33398E+00,9.76562E-03
3.4648152E-01,2.33398E+00,9.76562E-03
3.4650000E-01,2.31445E+00,-9.76562E-03
3.4651848E-01,2.25586E+00,2.92969E-02
3.4653696E-01,2.29492E+00,4.88281E-02
3.4655544E-01,2.25586E+00,2.92969E-02
3.4657392E-01,2.33398E+00,9.76562E-03
3.4659240E-01,2.31445E+00,4.88281E-02
3.4661088E-01,2.35352E+00,4.88281E-02
3.4662936E-01,2.33398E+00,4.88281E-02
3.4664784E-01,2.33398E+00,4.88281E-02
3.4666632E-01,2.33398E+00,2.92969E-02
3.4668480E-01,2.31445E+00,6.83594E-02
3.4670328E-01,2.27539E+00,1.26953E-01
3.4672176E-01,2.31445E+00,9.76562E-03
3.4674024E-01,2.27539E+00,4.88281E-02
3.4675872E-01,2.31445E+00,-2.92969E-02
3.4677720E-01,2.31445E+00,4.88281E-02
3.4679568E-01,2.35352E+00,9.76562E-03
3.4681416E-01,2.27539E+00,4.88281E-02
3.4683264E-01,2.29492E+00,-2.92969E-02
3.4685112E-01,2.27539E+00,6.83594E-02
3.4686960E-01,2.33398E+00,6.83594E-02
3.4688808E-01,2.27539E+00,4.88281E-02
3.4690656E-01,2.37305E+00,9.76562E-03
3.4692504E-01,2.37305E+00,2.92969E-02
3.4694352E-01,2.31445E+00,2.92969E-02
3.4696200E-01,2.33398E+00,6.83594E-02
3.4698048E-01,2.33398E+00,-2.92969E-02
3.4699896E-01,2.27539E+00,4.88281E-02
3.4701744E-01,2.31445E+00,4.88281E-02
3.4703592E-01,2.29492E+00,6.83594E-02
3.4705440E-01,2.33398E+00,4.88281E-02
3.4707288E-01,2.35352E+00,2.92969E-02
3.4709136E-01,2.33398E+00,9.76562E-03
3.4710984E-01,2.31445E+00,2.92969E-02
3.4712832E-01,2.33398E+00,4.88281E-02
3.4714680E-01,2.23633E+00,4.88281E-02
3.4716528E-01,2.35352E+00,2.92969E-02
3.4718376E-01,2.27539E+00,8.78906E-02
3.4720224E-01,2.33398E+00,4.88281E-02
3.4722072E-01,2.29492E+00,2.92969E-02
3.4723920E-01,2.27539E+00,2.92969E-02
3.4725768E-01,2.31445E+00,9.76562E-03
3.4727616E-01,2.31445E+00,6.83594E-02
3.4729464E-01,2.27539E+00,2.92969E-02
3.4731312E-01,2.39258E+00,4.88281E-02
3.4733160E-01,2.27539E+00,1.26953E-01
3.4735008E-01,2.29492E+00,9.76562E-03
3.4736856E-01,2.27539E+00,1.07422E-01
3.4738704E-01,2.31445E+00,2.92969E-02
3.4740552E-01,2.33398E+00,2.92969E-02
3.4742400E-01,2.27539E+00,9.76562E-03
3.4744248E-01,2.27539E+00,4.88281E-02
3.4746096E-01,2.29492E+00,-9.76562E-03
3.4747944E-01,2.31445E+00,4.88281E-02
3.4749792E-01,2.35352E+00,9.76562E-03
3.4751640E-01,2.35352E+00,2.92969E-02
3.4753488E-01,2.33398E+00,2.92969E-02
3.4755336E-01,2.27539E+00,4.88281E-02
3.4757184E-01,2.31445E+00,9.76562E-03
3.4759032E-01,2.25586E+00,9.76562E-03
3.4760880E-01,2.29492E+00,9.76562E-03
3.4762728E-01,2.29492E+00,4.88281E-02
3.4764576E-01,2.31445E+00,4.88281E-02
3.4766424E-01,2.35352E+00,6.83594E-02
3.4768272E-01,2.29492E+00,1.07422E-01
3.4770120E-01,2.33398E+00,6.83594E-02
3.4771968E-01,2.29492E+00,9.76562E-03
3.4773816E-01,2.29492E+00,-9.76562E-03
3.4775664E-01,2.33398E+00,2.92969E-02
3.4777512E-01,2.29492E+00,8.78906E-02
3.4779360E-01,2.35352E+00,-9.76562E-03
3.4781208E-01,2.31445E+00,8.78906E-02
3.4783056E-01,2.29492E+00,4.88281E-02
3.4784904E-01,2.31445E+00,6.83594E-02
3.4786752E-01,2.35352E+00,6.83594E-02
3.4788600E-01,2.31445E+00,6.83594E-02
3.4790448E-01,2.35352E+00,9.76562E-03
3.4792296E-01,2.27539E+00,8.78906E-02
3.4794144E-01,2.37305E+00,6.83594E-02
3.4795992E-01,2.27539E+00,8.78906E-02
3.4797840E-01,2.35352E+00,6.83594E-02
3.4799688E-01,2.27539E+00,6.83594E-02
3.4801536E-01,2.33398E+00,4.88281E-02
3.4803384E-01,2.31445E+00,9.76562E-03
3.4805232E-01,2.31445E+00,4.88281E-02
3.4807080E-01,2.25586E+00,4.88281E-02
3.4808928E-01,2.27539E+00,9.76562E-03
3.4810776E-01,2.29492E+00,1.26953E-01
3.4812624E-01,2.25586E+00,2.92969E-02
3.4814472E-01,2.33398E+00,4.88281E-02
3.4816320E-01,2.35352E+00,-9.76562E-03
3.4818168E-01,2.35352E+00,9.76562E-03
3.4820016E-01,2.31445E+00,9.76562E-03
3.4821864E-01,2.27539E+00,6.83594E-02
3.4823712E-01,2.33398E+00,2.92969E-02
3.4825560E-01,2.29492E+00,6.83594E-02
3.4827408E-01,2.37305E+00,-9.76562E-03
3.4829256E-01,2.29492E+00,4.88281E-02
3.4831104E-01,2.35352E+00,-9.76562E-03
3.4832952E-01,2.35352E+00,1.46484E-01
3.4834800E-01,2.33398E+00,2.92969E-02
3.4836648E-01,2.35352E+00,-9.76562E-03
3.4838496E-01,2.31445E+00,4.88281E-02
3.4840344E-01,2.25586E+00,2.92969E-02
3.4842192E-01,2.33398E+00,2.92969E-02
3.4844040E-01,2.23633E+00,8.78906E-02
3.4845888E-01,2.27539E+00,2.92969E-02
3.4847736E-01,2.23633E+00,6.83594E-02
3.4849584E-01,2.35352E+00,2.92969E-02
3.4851432E-01,2.41211E+00,2.92969E-02
3.4853280E-01,2.33398E+00,9.76562E-03
3.4855128E-01,2.29492E+00,4.88281E-02
3.4856976E-01,2.31445E+00,2.92969E-02
3.4858824E-01,2.39258E+00,4.88281E-02
3.4860672E-01,2.37305E+00,-2.92969E-02
3.4862520E-01,2.33398E+00,2.92969E-02
3.4864368E-01,2.29492E+00,2.92969E-02
3.4866216E-01,2.35352E+00,6.83594E-02
3.4868064E-01,2.33398E+00,2.92969E-02
3.4869912E-01,2.33398E+00,6.83594E-02
3.4871760E-01,2.25586E+00,2.92969E-02
3.4873608E-01,2.25586E+00,2.92969E-02
3.4875456E-01,2.35352E+00,2.92969E-02
3.4877304E-01,2.29492E+00,2.92969E-02
3.4879152E-01,2.37305E+00,4.88281E-02
3.4881000E-01,2.35352E+00,6.83594E-02
3.4882848E-01,2.31445E+00,4.88281E-02
3.4884696E-01,2.35352E+00,9.76562E-03
3.4886544E-01,2.29492E+00,-4.88281E-02
3.4888392E-01,2.31445E+00,2.92969E-02
3.4890240E-01,2.35352E+00,-4.88281E-02
3.4892088E-01,2.27539E+00,8.78906E-02
3.4893936E-01,2.29492E+00,-9.76562E-03
3.4895784E-01,2.33398E+00,4.88281E-02
3.4897632E-01,2.29492E+00,6.83594E-02
3.4899480E-01,2.23633E+00,4.88281E-02
3.4901328E-01,2.29492E+00,4.88281E-02
3.4903176E-01,2.25586E+00,6.83594E-02
3.4905024E-01,2.33398E+00,9.76562E-03
3.4906872E-01,2.29492E+00,6.83594E-02
3.4908720E-01,2.33398E+00,-2.92969E-02
3.4910568E-01,2.29492E+00,4.88281E-02
3.4912416E-01,2.29492E+00,2.92969E-02
3.4914264E-01,2.31445E+00,-2.92969E-02
3.4916112E-01,2.35352E+00,6.83594E-02
3.4917960E-01,2.31445E+00,8.78906E-02
3.4919808E-01,2.33398E+00,-2.92969E-02
3.4921656E-01,2.39258E+00,2.92969E-02
3.4923504E-01,2.31445E+00,4.88281E-02
3.4925352E-01,2.29492E+00,4.88281E-02
3.4927200E-01,2.31445E+00,6.83594E-02
3.4929048E-01,2.33398E+00,2.92969E-02
3.4930896E-01,2.33398E+00,2.92969E-02
3.4932744E-01,2.27539E+00,1.26953E-01
3.4934592E-01,2.29492E+00,2.92969E-02
3.4936440E-01,2.31445E+00,6.83594E-02
3.4938288E-01,2.29492E+00,2.92969E-02
3.4940136E-01,2.29492E+00,6.83594E-02
3.4941984E-01,2.39258E+00,9.76562E-03
3.4943832E-01,2.31445E+00,4.88281E-02
3.4945680E-01,2.31445E+00,9.76562E-03
3.4947528E-01,2.31445E+00,6.83594E-02
3.4949376E-01,2.35352E+00,-4.88281E-02
3.4951224E-01,2.29492E+00,4.88281E-02
3.4953072E-01,2.39258E+00,9.76562E-03
3.4954920E-01,2.33398E+00,6.83594E-02
3.4956768E-01,2.33398E+00,-9.76562E-03
3.4958616E-01,2.27539E+00,6.83594E-02
3.4960464E-01,2.37305E+00,2.92969E-02
3.4962312E-01,2.39258E+00,6.83594E-02
3.4964160E-01,2.35352E+00,2.92969E-02
3.4966008E-01,2.29492E+00,9.76562E-03
3.4967856E-01,2.45117E+00,2.92969E-02
3.4969704E-01,2.29492E+00,2.92969E-02
3.4971552E-01,2.45117E+00,4.88281E-02
3.4973400E-01,2.29492E+00,-9.76562E-03
3.4975248E-01,2.33398E+00,4.88281E-02
3.4977096E-01,2.33398E+00,2.92969E-02
3.4978944E-01,2.35352E+00,6.83594E-02
3.4980792E-01,2.33398E+00,-9.76562E-03
3.4982640E-01,2.39258E+00,2.92969E-02
3.4984488E-01,2.25586E+00,4.88281E-02
3.4986336E-01,2.29492E+00,4.88281E-02
3.4988184E-01,2.35352E+00,4.88281E-02
3.4990032E-01,2.35352E+00,2.92969E-02
3.4991880E-01,2.31445E+00,9.76562E-03
3.4993728E-01,2.35352E+00,-9.76562E-03
3.4995576E-01,2.35352E+00,6.83594E-02
3.4997424E-01,2.37305E+00,4.88281E-02
3.4999272E-01,2.43164E+00,2.92969E-02
3.5001120E-01,2.31445E+00,6.83594E-02
3.5002968E-01,2.33398E+00,2.92969E-02
3.5004816E-01,2.37305E+00,-9.76562E-03
3.5006664E-01,2.25586E+00,6.83594E-02
3.5008512E-01,2.35352E+00,9.76562E-03
3.5010360E-01,2.33398E+00,9.76562E-03
3.5012208E-01,2.27539E+00,4.88281E-02
3.5014056E-01,2.29492E+00,9.76562E-03
3.5015904E-01,2.35352E+00,9.76562E-03
3.5017752E-01,2.29492E+00,-9.76562E-03
3.5019600E-01,2.39258E+00,8.78906E-02
3.5021448E-01,2.27539E+00,6.83594E-02
3.5023296E-01,2.33398E+00,6.83594E-02
3.5025144E-01,2.39258E+00,2.92969E-02
3.5026992E-01,2.37305E+00,9.76562E-03
3.5028840E-01,2.27539E+00,4.88281E-02
3.5030688E-01,2.37305E+00,9.76562E-03
3.5032536E-01,2.35352E+00,8.78906E-02
3.5034384E-01,2.29492E+00,8.78906E-02
3.5036232E-01,2.35352E+00,6.83594E-02
3.5038080E-01,2.35352E+00,4.88281E-02
3.5039928E-01,2.33398E+00,2.92969E-02
3.5041776E-01,2.35352E+00,4.88281E-02
3.5043624E-01,2.37305E+00,9.76562E-03
3.5045472E-01,2.33398E+00,-9.76562E-03
3.5047320E-01,2.31445E+00,6.83594E-02
3.5049168E-01,2.31445E+00,2.92969E-02
3.5051016E-01,2.35352E+00,9.76562E-03
3.5052864E-01,2.31445E+00,6.83594E-02
3.5054712E-01,2.31445E+00,9.76562E-03
3.5056560E-01,2.29492E+00,-4.88281E-02
3.5058408E-01,2.31445E+00,1.07422E-01
3.5060256E-01,2.35352E+00,6.83594E-02
3.5062104E-01,2.35352E+00,4.88281E-02
3.5063952E-01,2.29492E+00,4.88281E-02
3.5065800E-01,2.33398E+00,6.83594E-02
3.5067648E-01,2.35352E+00,2.92969E-02
3.5069496E-01,2.33398E+00,6.83594E-02
3.5071344E-01,2.35352E+00,9.76562E-03
3.5073192E-01,2.35352E+00,2.92969E-02
3.5075040E-01,2.37305E+00,2.92969E-02
3.5076888E-01,2.25586E+00,4.88281E-02
3.5078736E-01,2.29492E+00,-6.83594E-02
3.5080584E-01,2.31445E+00,8.78906E-02
3.5082432E-01,2.37305E+00,2.92969E-02
3.5084280E-01,2.29492E+00,6.83594E-02
3.5086128E-01,2.33398E+00,2.92969E-02
3.5087976E-01,2.33398E+00,6.83594E-02
3.5089824E-01,2.33398E+00,2.92969E-02
3.5091672E-01,2.31445E+00,6.83594E-02
3.5093520E-01,2.31445E+00,9.76562E-03
3.5095368E-01,2.31445E+00,2.92969E-02
3.5097216E-01,2.29492E+00,9.76562E-03
3.5099064E-01,2.29492E+00,8.78906E-02
3.5100912E-01,2.31445E+00,8.78906E-02
3.5102760E-01,2.31445E+00,1.07422E-01
3.5104608E-01,2.31445E+00,9.76562E-03
3.5106456E-01,2.25586E+00,2.92969E-02
3.5108304E-01,2.33398E+00,-9.76562E-03
3.5110152E-01,2.29492E+00,9.76562E-03
3.5112000E-01,2.35352E+00,9.76562E-03
3.5113848E-01,2.35352E+00,4.88281E-02
3.5115696E-01,2.33398E+00,4.88281E-02
3.5117544E-01,2.29492E+00,2.92969E-02
3.5119392E-01,2.31445E+00,-2.92969E-02
3.5121240E-01,2.27539E+00,4.88281E-02
3.5123088E-01,2.37305E+00,-9.76562E-03
3.5124936E-01,2.29492E+00,4.88281E-02
3.5126784E-01,2.31445E+00,9.76562E-03
3.5128632E-01,2.35352E+00,4.88281E-02
3.5130480E-01,2.39258E+00,4.88281E-02
3.5132328E-01,2.35352E+00,4.88281E-02
3.5134176E-01,2.31445E+00,2.92969E-02
3.5136024E-01,2.29492E+00,2.92969E-02
3.5137872E-01,2.21680E+00,9.76562E-03
3.5139720E-01,2.31445E+00,9.76562E-03
3.5141568E-01,2.33398E+00,2.92969E-02
3.5143416E-01,2.35352E+00,2.92969E-02
3.5145264E-01,2.39258E+00,-9.76562E-03
3.5147112E-01,2.29492E+00,6.83594E-02
3.5148960E-01,2.37305E+00,9.76562E-03
3.5150808E-01,2.33398E+00,6.83594E-02
3.5152656E-01,2.35352E+00,9.76562E-03
3.5154504E-01,2.35352E+00,2.92969E-02
3.5156352E-01,2.29492E+00,-2.92969E-02
3.5158200E-01,2.27539E+00,9.76562E-03
3.5160048E-01,2.41211E+00,2.92969E-02
3.5161896E-01,2.27539E+00,4.88281E-02
3.5163744E-01,2.37305E+00,2.92969E-02
3.5165592E-01,2.41211E+00,2.92969E-02
3.5167440E-01,2.35352E+00,2.92969E-02
3.5169288E-01,2.29492E+00,4.88281E-02
3.5171136E-01,2.33398E+00,9.76562E-03
3.5172984E-01,2.31445E+00,8.78906E-02
3.5174832E-01,2.33398E+00,9.76562E-03
3.5176680E-01,2.33398E+00,4.88281E-02
3.5178528E-01,2.35352E+00,2.92969E-02
3.5180376E-01,2.35352E+00,2.92969E-02
3.5182224E-01,2.35352E+00,2.92969E-02
3.5184072E-01,2.29492E+00,6.83594E-02
3.5185920E-01,2.35352E+00,2.92969E-02
3.5187768E-01,2.29492E+00,6.83594E-02
3.5189616E-01,2.33398E+00,4.88281E-02
3.5191464E-01,2.31445E+00,6.83594E-02
3.5193312E-01,2.35352E+00,9.76562E-03
3.5195160E-01,2.29492E+00,9.76562E-03
3.5197008E-01,2.35352E+00,2.92969E-02
3.5198856E-01,2.29492E+00,6.83594E-02
3.5200704E-01,2.31445E+00,2.92969E-02
3.5202552E-01,2.35352E+00,4.88281E-02
3.5204400E-01,2.37305E+00,-2.92969E-02
3.5206248E-01,2.31445E+00,-2.92969E-02
3.5208096E-01,2.25586E+00,-9.76562E-03
3.5209944E-01,2.29492E+00,6.83594E-02
3.5211792E-01,2.35352E+00,9.76562E-03
3.5213640E-01,2.37305E+00,6.83594E-02
3.5215488E-01,2.35352E+00,2.92969E-02
3.5217336E-01,2.35352E+00,6.83594E-02
3.5219184E-01,2.33398E+00,-4.88281E-02
3.5221032E-01,2.29492E+00,4.88281E-02
3.5222880E-01,2.35352E+00,4.88281E-02
3.5224728E-01,2.29492E+00,1.26953E-01
3.5226576E-01,2.35352E+00,4.88281E-02
3.5228424E-01,2.43164E+00,2.92969E-02
3.5230272E-01,2.43164E+00,9.76562E-03
3.5232120E-01,2.31445E+00,4.88281E-02
3.5233968E-01,2.37305E+00,6.83594E-02
3.5235816E-01,2.35352E+00,-9.76562E-03
3.5237664E-01,2.37305E+00,2.92969E-02
3.5239512E-01,2.33398E+00,2.92969E-02
3.5241360E-01,2.39258E+00,9.76562E-03
3.5243208E-01,2.35352E+00,8.78906E-02
3.5245056E-01,2.31445E+00,9.76562E-03
3.5246904E-01,2.27539E+00,9.76562E-03
3.5248752E-01,2.35352E+00,2.92969E-02
3.5250600E-01,2.35352E+00,6.83594E-02
3.5252448E-01,2.35352E+00,2.92969E-02
3.5254296E-01,2.25586E+00,4.88281E-02
3.5256144E-01,2.29492E+00,9.76562E-03
3.5257992E-01,2.37305E+00,9.76562E-03
3.5259840E-01,2.35352E+00,2.92969E-02
3.5261688E-01,2.29492E+00,1.07422E-01
3.5263536E-01,2.33398E+00,4.88281E-02
3.5265384E-01,2.35352E+00,2.92969E-02
3.5267232E-01,2.33398E+00,9.76562E-03
3.5269080E-01,2.35352E+00,2.92969E-02
3.5270928E-01,2.31445E+00,2.92969E-02
3.5272776E-01,2.31445E+00,6.83594E-02
3.5274624E-01,2.35352E+00,-9.76562E-03
3.5276472E-01,2.35352E+00,2.92969E-02
3.5278320E-01,2.29492E+00,-9.76562E-03
3.5280168E-01,2.35352E+00,4.88281E-02
3.5282016E-01,2.37305E+00,4.88281E-02
3.5283864E-01,2.31445E+00,2.92969E-02
3.5285712E-01,2.35352E+00,-9.76562E-03
3.5287560E-01,2.35352E+00,9.76562E-03
3.5289408E-01,2.35352E+00,4.88281E-02
3.5291256E-01,2.37305E+00,4.88281E-02
3.5293104E-01,2.31445E+00,9.76562E-03
3.5294952E-01,2.27539E+00,9.76562E-03
3.5296800E-01,2.35352E+00,-9.76562E-03
3.5298648E-01,2.31445E+00,4.88281E-02
3.5300496E-01,2.39258E+00,2.92969E-02
3.5302344E-01,2.31445E+00,6.83594E-02
3.5304192E-01,2.35352E+00,-9.76562E-03
3.5306040E-01,2.27539E+00,2.92969E-02
3.5307888E-01,2.33398E+00,9.76562E-03
3.5309736E-01,2.29492E+00,4.88281E-02
3.5311584E-01,2.39258E+00,2.92969E-02
3.5313432E-01,2.33398E+00,9.76562E-03
3.5315280E-01,2.35352E+00,9.76562E-03
3.5317128E-01,2.27539E+00,6.83594E-02
3.5318976E-01,2.35352E+00,9.76562E-03
3.5320824E-01,2.29492E+00,6.83594E-02
3.5322672E-01,2.33398E+00,-2.92969E-02
3.5324520E-01,2.31445E+00,1.07422E-01
3.5326368E-01,2.33398E+00,9.76562E-03
3.5328216E-01,2.35352E+00,4.88281E-02
3.5330064E-01,2.35352E+00,9.76562E-03
3.5331912E-01,2.33398E+00,8.78906E-02
3.5333760E-01,2.37305E+00,9.76562E-03
3.5335608E-01,2.29492E+00,9.76562E-03
3.5337456E-01,2.37305E+00,4.88281E-02
3.5339304E-01,2.29492E+00,2.92969E-02
3.5341152E-01,2.35352E+00,-9.76562E-03
3.5343000E-01,2.33398E+00,6.83594E-02
3.5344848E-01,2.37305E+00,2.92969E-02
3.5346696E-01,2.29492E+00,1.07422E-01
3.5348544E-01,2.35352E+00,-9.76562E-03
3.5350392E-01,2.25586E+00,6.83594E-02
3.5352240E-01,2.37305E+00,6.83594E-02
3.5354088E-01,2.37305E+00,4.88281E-02
3.5355936E-01,2.35352E+00,-9.76562E-03
3.5357784E-01,2.35352E+00,1.07422E-01
3.5359632E-01,2.33398E+00,4.88281E-02
3.5361480E-01,2.31445E+00,6.83594E-02
3.5363328E-01,2.47070E+00,2.92969E-02
3.5365176E-01,2.37305E+00,4.88281E-02
3.5367024E-01,2.35352E+00,9.76562E-03
3.5368872E-01,2.29492E+00,4.88281E-02
3.5370720E-01,2.37305E+00,9.76562E-03
3.5372568E-01,2.39258E+00,6.83594E-02
3.5374416E-01,2.35352E+00,-2.92969E-02
3.5376264E-01,2.29492E+00,6.83594E-02
3.5378112E-01,2.29492E+00,-9.76562E-03
3.5379960E-01,2.31445E+00,4.88281E-02
3.5381808E-01,2.39258E+00,4.88281E-02
3.5383656E-01,2.35352E+00,1.07422E-01
3.5385504E-01,2.35352E+00,6.83594E-02
3.5387352E-01,2.37305E+00,2.92969E-02
3.5389200E-01,2.29492E+00,4.88281E-02
3.5391048E-01,2.29492E+00,2.92969E-02
3.5392896E-01,2.37305E+00,9.76562E-03
3.5394744E-01,2.35352E+00,-4.88281E-02
3.5396592E-01,2.35352E+00,2.92969E-02
3.5398440E-01,2.23633E+00,2.92969E-02
3.5400288E-01,2.35352E+00,6.83594E-02
3.5402136E-01,2.35352E+00,2.92969E-02
3.5403984E-01,2.37305E+00,-2.92969E-02
3.5405832E-01,2.27539E+00,4.88281E-02
3.5407680E-01,2.41211E+00,2.92969E-02
3.5409528E-01,2.27539E+00,6.83594E-02
3.5411376E-01,2.43164E+00,2.92969E-02
3.5413224E-01,2.33398E+00,4.88281E-02
3.5415072E-01,2.35352E+00,4.88281E-02
3.5416920E-01,2.29492E+00,1.26953E-01
3.5418768E-01,2.33398E+00,-2.92969E-02
3.5420616E-01,2.31445E+00,4.88281E-02
3.5422464E-01,2.35352E+00,-2.92969E-02
3.5424312E-01,2.33398E+00,2.92969E-02
3.5426160E-01,2.29492E+00,6.83594E-02
3.5428008E-01,2.41211E+00,9.76562E-03
3.5429856E-01,2.33398E+00,2.92969E-02
3.5431704E-01,2.27539E+00,4.88281E-02
3.5433552E-01,2.31445E+00,9.76562E-03
3.5435400E-01,2.31445E+00,6.83594E-02
3.5437248E-01,2.35352E+00,8.78906E-02
3.5439096E-01,2.35352E+00,9.76562E-03
3.5440944E-01,2.39258E+00,9.76562E-03
3.5442792E-01,2.33398E+00,2.92969E-02
3.5444640E-01,2.31445E+00,9.76562E-03
3.5446488E-01,2.39258E+00,9.76562E-03
3.5448336E-01,2.35352E+00,2.92969E-02
3.5450184E-01,2.31445E+00,6.83594E-02
3.5452032E-01,2.35352E+00,9.76562E-03
3.5453880E-01,2.27539E+00,2.92969E-02
3.5455728E-01,2.29492E+00,9.76562E-03
3.5457576E-01,2.31445E+00,4.88281E-02
3.5459424E-01,2.37305E+00,6.83594E-02
3.5461272E-01,2.33398E+00,6.83594E-02
3.5463120E-01,2.35352E+00,2.92969E-02
3.5464968E-01,2.29492E+00,1.26953E-01
3.5466816E-01,2.29492E+00,2.92969E-02
3.5468664E-01,2.35352E+00,2.92969E-02
3.5470512E-01,2.37305E+00,-9.76562E-03
3.5472360E-01,2.29492E+00,1.07422E-01
3.5474208E-01,2.31445E+00,4.88281E-02
3.5476056E-01,2.27539E+00,8.78906E-02
3.5477904E-01,2.35352E+00,4.88281E-02
3.5479752E-01,2.35352E+00,4.88281E-02
3.5481600E-01,2.31445E+00,2.92969E-02
3.5483448E-01,2.29492E+00,4.88281E-02
3.5485296E-01,2.35352E+00,-2.92969E-02
3.5487144E-01,2.29492E+00,6.83594E-02
3.5488992E-01,2.35352E+00,6.83594E-02
3.5490840E-01,2.37305E+00,6.83594E-02
3.5492688E-01,2.41211E+00,4.88281E-02
3.5494536E-01,2.31445E+00,4.88281E-02
3.5496384E-01,2.33398E+00,2.92969E-02
3.5498232E-01,2.37305E+00,2.92969E-02
3.5500080E-01,2.33398E+00,6.83594E-02
3.5501928E-01,2.31445E+00,4.88281E-02
3.5503776E-01,2.35352E+00,6.83594E-02
3.5505624E-01,2.29492E+00,9.76562E-03
3.5507472E-01,2.35352E+00,-9.76562E-03
3.5509320E-01,2.27539E+00,2.92969E-02
3.5511168E-01,2.33398E+00,4.88281E-02
3.5513016E-01,2.35352E+00,2.92969E-02
3.5514864E-01,2.37305E+00,9.76562E-03
3.5516712E-01,2.33398E+00,2.92969E-02
3.5518560E-01,2.35352E+00,2.92969E-02
3.5520408E-01,2.41211E+00,4.88281E-02
3.5522256E-01,2.39258E+00,9.76562E-03
3.5524104E-01,2.31445E+00,6.83594E-02
3.5525952E-01,2.37305E+00,-2.92969E-02
3.5527800E-01,2.29492E+00,8.78906E-02
3.5529648E-01,2.35352E+00,9.76562E-03
3.5531496E-01,2.31445E+00,6.83594E-02
3.5533344E-01,2.37305E+00,6.83594E-02
3.5535192E-01,2.37305E+00,4.88281E-02
3.5537040E-01,2.35352E+00,4.88281E-02
3.5538888E-01,2.33398E+00,2.92969E-02
3.5540736E-01,2.37305E+00,-9.76562E-03
3.5542584E-01,2.33398E+00,2.92969E-02
3.5544432E-01,2.31445E+00,2.92969E-02
3.5546280E-01,2.35352E+00,2.92969E-02
3.5548128E-01,2.35352E+00,4.88281E-02
3.5549976E-01,2.35352E+00,4.88281E-02
3.5551824E-01,2.39258E+00,9.76562E-03
3.5553672E-01,2.41211E+00,1.26953E-01
3.5555520E-01,2.45117E+00,2.92969E-02
3.5557368E-01,2.37305E+00,4.88281E-02
3.5559216E-01,2.45117E+00,4.88281E-02
3.5561064E-01,2.35352E+00,4.88281E-02
3.5562912E-01,2.29492E+00,-9.76562E-03
3.5564760E-01,2.39258E+00,8.78906E-02
3.5566608E-01,2.37305E+00,9.76562E-03
3.5568456E-01,2.33398E+00,9.76562E-03
3.5570304E-01,2.37305E+00,9.76562E-03
3.5572152E-01,2.35352E+00,2.92969E-02
3.5574000E-01,2.35352E+00,9.76562E-03
3.5575848E-01,2.37305E+00,4.88281E-02
3.5577696E-01,2.35352E+00,2.92969E-02
3.5579544E-01,2.33398E+00,6.83594E-02
3.5581392E-01,2.35352E+00,4.88281E-02
3.5583240E-01,2.35352E+00,4.88281E-02
3.5585088E-01,2.39258E+00,-2.92969E-02
3.5586936E-01,2.33398E+00,9.76562E-03
3.5588784E-01,2.37305E+00,4.88281E-02
3.5590632E-01,2.41211E+00,6.83594E-02
3.5592480E-01,2.35352E+00,4.88281E-02
3.5594328E-01,2.37305E+00,4.88281E-02
3.5596176E-01,2.35352E+00,6.83594E-02
3.5598024E-01,2.41211E+00,1.26953E-01
3.5599872E-01,2.33398E+00,6.83594E-02
3.5601720E-01,2.37305E+00,4.88281E-02
3.5603568E-01,2.39258E+00,4.88281E-02
3.5605416E-01,2.35352E+00,2.92969E-02
3.5607264E-01,2.35352E+00,8.78906E-02
3.5609112E-01,2.35352E+00,4.88281E-02
3.5610960E-01,2.37305E+00,9.76562E-03
3.5612808E-01,2.27539E+00,4.88281E-02
3.5614656E-01,2.37305E+00,-2.92969E-02
3.5616504E-01,2.35352E+00,4.88281E-02
3.5618352E-01,2.37305E+00,2.92969E-02
3.5620200E-01,2.31445E+00,4.88281E-02
3.5622048E-01,2.35352E+00,9.76562E-03
3.5623896E-01,2.35352E+00,4.88281E-02
3.5625744E-01,2.37305E+00,6.83594E-02
3.5627592E-01,2.37305E+00,1.07422E-01
3.5629440E-01,2.39258E+00,4.88281E-02
3.5631288E-01,2.39258E+00,8.78906E-02
3.5633136E-01,2.37305E+00,4.88281E-02
3.5634984E-01,2.35352E+00,9.76562E-03
3.5636832E-01,2.33398E+00,2.92969E-02
3.5638680E-01,2.37305E+00,4.88281E-02
3.5640528E-01,2.33398E+00,2.92969E-02
3.5642376E-01,2.35352E+00,8.78906E-02
3.5644224E-01,2.39258E+00,9.76562E-03
3.5646072E-01,2.35352E+00,6.83594E-02
3.5647920E-01,2.35352E+00,9.76562E-03
3.5649768E-01,2.33398E+00,6.83594E-02
3.5651616E-01,2.37305E+00,2.92969E-02
3.5653464E-01,2.39258E+00,-4.88281E-02
3.5655312E-01,2.37305E+00,-9.76562E-03
3.5657160E-01,2.27539E+00,-9.76562E-03
3.5659008E-01,2.37305E+00,9.76562E-03
3.5660856E-01,2.33398E+00,6.83594E-02
3.5662704E-01,2.37305E+00,4.88281E-02
3.5664552E-01,2.39258E+00,2.92969E-02
3.5666400E-01,2.35352E+00,8.78906E-02
3.5668248E-01,2.25586E+00,-9.76562E-03
3.5670096E-01,2.39258E+00,-9.76562E-03
3.5671944E-01,2.41211E+00,2.92969E-02
3.5673792E-01,2.37305E+00,9.76562E-03
3.5675640E-01,2.35352E+00,2.92969E-02
3.5677488E-01,2.37305E+00,9.76562E-03
3.5679336E-01,2.35352E+00,4.88281E-02
3.5681184E-01,2.37305E+00,9.76562E-03
3.5683032E-01,2.29492E+00,8.78906E-02
3.5684880E-01,2.35352E+00,4.88281E-02
3.5686728E-01,2.39258E+00,4.88281E-02
3.5688576E-01,2.37305E+00,2.92969E-02
3.5690424E-01,2.39258E+00,9.76562E-03
3.5692272E-01,2.33398E+00,9.76562E-03
3.5694120E-01,2.35352E+00,4.88281E-02
3.5695968E-01,2.37305E+00,4.88281E-02
3.5697816E-01,2.39258E+00,6.83594E-02
3.5699664E-01,2.39258E+00,9.76562E-03
3.5701512E-01,2.31445E+00,6.83594E-02
3.5703360E-01,2.35352E+00,4.88281E-02
3.5705208E-01,2.31445E+00,4.88281E-02
3.5707056E-01,2.35352E+00,6.83594E-02
3.5708904E-01,2.33398E+00,2.92969E-02
3.5710752E-01,2.41211E+00,-9.76562E-03
3.5712600E-01,2.31445E+00,2.92969E-02
3.5714448E-01,2.37305E+00,6.83594E-02
3.5716296E-01,2.33398E+00,4.88281E-02
3.5718144E-01,2.49023E+00,2.92969E-02
3.5719992E-01,2.37305E+00,6.83594E-02
3.5721840E-01,2.37305E+00,9.76562E-03
3.5723688E-01,2.33398E+00,8.78906E-02
3.5725536E-01,2.33398E+00,2.92969E-02
3.5727384E-01,2.25586E+00,6.83594E-02
3.5729232E-01,2.37305E+00,-2.92969E-02
3.5731080E-01,2.31445E+00,9.76562E-03
3.5732928E-01,2.41211E+00,6.83594E-02
3.5734776E-01,2.37305E+00,6.83594E-02
3.5736624E-01,2.35352E+00,4.88281E-02
3.5738472E-01,2.33398E+00,4.88281E-02
3.5740320E-01,2.37305E+00,9.76562E-03
3.5742168E-01,2.31445E+00,9.76562E-03
3.5744016E-01,2.37305E+00,-2.92969E-02
3.5745864E-01,2.29492E+00,4.88281E-02
3.5747712E-01,2.29492E+00,-9.76562E-03
3.5749560E-01,2.37305E+00,8.78906E-02
3.5751408E-01,2.43164E+00,2.92969E-02
3.5753256E-01,2.35352E+00,6.83594E-02
3.5755104E-01,2.37305E+00,2.92969E-02
3.5756952E-01,2.33398E+00,1.07422E-01
3.5758800E-01,2.37305E+00,9.76562E-03
3.5760648E-01,2.35352E+00,2.92969E-02
3.5762496E-01,2.35352E+00,-2.92969E-02
3.5764344E-01,2.35352E+00,2.92969E-02
3.5766192E-01,2.39258E+00,9.76562E-03
3.5768040E-01,2.39258E+00,4.88281E-02
3.5769888E-01,2.43164E+00,9.76562E-03
3.5771736E-01,2.35352E+00,1.26953E-01
3.5773584E-01,2.35352E+00,9.76562E-03
3.5775432E-01,2.33398E+00,6.83594E-02
3.5777280E-01,2.41211E+00,9.76562E-03
3.5779128E-01,2.39258E+00,2.92969E-02
3.5780976E-01,2.35352E+00,-2.92969E-02
3.5782824E-01,2.31445E+00,9.76562E-03
3.5784672E-01,2.39258E+00,-9.76562E-03
3.5786520E-01,2.37305E+00,2.92969E-02
3.5788368E-01,2.35352E+00,2.92969E-02
3.5790216E-01,2.37305E+00,9.76562E-03
3.5792064E-01,2.43164E+00,2.92969E-02
3.5793912E-01,2.35352E+00,2.92969E-02
3.5795760E-01,2.41211E+00,9.76562E-03
3.5797608E-01,2.37305E+00,2.92969E-02
3.5799456E-01,2.35352E+00,4.88281E-02
3.5801304E-01,2.33398E+00,2.92969E-02
3.5803152E-01,2.35352E+00,4.88281E-02
3.5805000E-01,2.33398E+00,4.88281E-02
3.5806848E-01,2.39258E+00,2.92969E-02
3.5808696E-01,2.43164E+00,4.88281E-02
3.5810544E-01,2.35352E+00,-9.76562E-03
3.5812392E-01,2.39258E+00,2.92969E-02
3.5814240E-01,2.33398E+00,9.76562E-03
3.5816088E-01,2.35352E+00,2.92969E-02
3.5817936E-01,2.37305E+00,-9.76562E-03
3.5819784E-01,2.27539E+00,2.92969E-02
3.5821632E-01,2.35352E+00,2.92969E-02
3.5823480E-01,2.25586E+00,2.92969E-02
3.5825328E-01,2.33398E+00,9.76562E-03
3.5827176E-01,2.41211E+00,6.83594E-02
3.5829024E-01,2.35352E+00,9.76562E-03
3.5830872E-01,2.33398E+00,4.88281E-02
3.5832720E-01,2.39258E+00,9.76562E-03
3.5834568E-01,2.35352E+00,6.83594E-02
3.5836416E-01,2.33398E+00,6.83594E-02
3.5838264E-01,2.31445E+00,2.92969E-02
3.5840112E-01,2.37305E+00,2.92969E-02
3.5841960E-01,2.35352E+00,4.88281E-02
3.5843808E-01,2.41211E+00,2.92969E-02
3.5845656E-01,2.27539E+00,2.92969E-02
3.5847504E-01,2.39258E+00,-9.76562E-03
3.5849352E-01,2.37305E+00,2.92969E-02
3.5851200E-01,2.37305E+00,4.88281E-02
3.5853048E-01,2.35352E+00,4.88281E-02
3.5854896E-01,2.35352E+00,4.88281E-02
3.5856744E-01,2.37305E+00,4.88281E-02
3.5858592E-01,2.37305E+00,9.76562E-03
3.5860440E-01,2.39258E+00,6.83594E-02
3.5862288E-01,2.37305E+00,-2.92969E-02
3.5864136E-01,2.25586E+00,4.88281E-02
3.5865984E-01,2.41211E+00,2.92969E-02
3.5867832E-01,2.31445E+00,6.83594E-02
3.5869680E-01,2.43164E+00,4.88281E-02
3.5871528E-01,2.33398E+00,9.76562E-03
3.5873376E-01,2.37305E+00,9.76562E-03
3.5875224E-01,2.39258E+00,2.92969E-02
3.5877072E-01,2.47070E+00,9.76562E-03
3.5878920E-01,2.31445E+00,6.83594E-02
3.5880768E-01,2.35352E+00,2.92969E-02
3.5882616E-01,2.35352E+00,9.76562E-03
3.5884464E-01,2.37305E+00,2.92969E-02
3.5886312E-01,2.31445E+00,6.83594E-02
3.5888160E-01,2.37305E+00,4.88281E-02
3.5890008E-01,2.39258E+00,2.92969E-02
3.5891856E-01,2.35352E+00,4.88281E-02
3.5893704E-01,2.29492E+00,4.88281E-02
3.5895552E-01,2.39258E+00,9.76562E-03
3.5897400E-01,2.37305E+00,6.83594E-02
3.5899248E-01,2.41211E+00,4.88281E-02
3.5901096E-01,2.43164E+00,6.83594E-02
3.5902944E-01,2.41211E+00,-9.76562E-03
3.5904792E-01,2.37305E+00,6.83594E-02
3.5906640E-01,2.33398E+00,9.76562E-03
3.5908488E-01,2.31445E+00,2.92969E-02
3.5910336E-01,2.47070E+00,2.92969E-02
3.5912184E-01,2.39258E+00,6.83594E-02
3.5914032E-01,2.35352E+00,2.92969E-02
3.5915880E-01,2.39258E+00,4.88281E-02
3.5917728E-01,2.39258E+00,2.92969E-02
3.5919576E-01,2.43164E+00,2.92969E-02
3.5921424E-01,2.37305E+00,9.76562E-03
3.5923272E-01,2.31445E+00,8.78906E-02
3.5925120E-01,2.49023E+00,9.76562E-03
3.5926968E-01,2.35352E+00,8.78906E-02
3.5928816E-01,2.35352E+00,6.83594E-02
3.5930664E-01,2.33398E+00,2.92969E-02
3.5932512E-01,2.37305E+00,9.76562E-03
3.5934360E-01,2.35352E+00,2.92969E-02
3.5936208E-01,2.47070E+00,-9.76562E-03
3.5938056E-01,2.41211E+00,9.76562E-03
3.5939904E-01,2.37305E+00,2.92969E-02
3.5941752E-01,2.35352E+00,6.83594E-02
3.5943600E-01,2.37305E+00,-9.76562E-03
3.5945448E-01,2.33398E+00,4.88281E-02
3.5947296E-01,2.35352E+00,4.88281E-02
3.5949144E-01,2.33398E+00,-4.88281E-02
3.5950992E-01,2.37305E+00,4.88281E-02
3.5952840E-01,2.29492E+00,2.92969E-02
3.5954688E-01,2.35352E+00,9.76562E-03
3.5956536E-01,2.41211E+00,8.78906E-02
3.5958384E-01,2.33398E+00,2.92969E-02
3.5960232E-01,2.29492E+00,8.78906E-02
3.5962080E-01,2.43164E+00,-2.92969E-02
3.5963928E-01,2.33398E+00,-2.92969E-02
3.5965776E-01,2.35352E+00,9.76562E-03
3.5967624E-01,2.33398E+00,6.83594E-02
3.5969472E-01,2.39258E+00,2.92969E-02
3.5971320E-01,2.29492E+00,8.78906E-02
3.5973168E-01,2.39258E+00,4.88281E-02
3.5975016E-01,2.35352E+00,9.76562E-03
3.5976864E-01,2.35352E+00,-9.76562E-03
3.5978712E-01,2.41211E+00,9.76562E-03
3.5980560E-01,2.37305E+00,4.88281E-02
3.5982408E-01,2.37305E+00,1.07422E-01
3.5984256E-01,2.33398E+00,2.92969E-02
3.5986104E-01,2.33398E+00,9.76562E-03
3.5987952E-01,2.37305E+00,4.88281E-02
3.5989800E-01,2.31445E+00,9.76562E-03
3.5991648E-01,2.31445E+00,-2.92969E-02
3.5993496E-01,2.33398E+00,6.83594E-02
3.5995344E-01,2.50977E+00,2.92969E-02
3.5997192E-01,2.35352E+00,4.88281E-02
3.5999040E-01,2.37305E+00,4.88281E-02
3.6000888E-01,2.37305E+00,4.88281E-02
3.6002736E-01,2.37305E+00,2.92969E-02
3.6004584E-01,2.41211E+00,-2.92969E-02
3.6006432E-01,2.43164E+00,9.76562E-03
3.6008280E-01,2.39258E+00,6.83594E-02
3.6010128E-01,2.35352E+00,-2.92969E-02
3.6011976E-01,2.37305E+00,6.83594E-02
3.6013824E-01,2.35352E+00,6.83594E-02
3.6015672E-01,2.41211E+00,6.83594E-02
3.6017520E-01,2.39258E+00,4.88281E-02
3.6019368E-01,2.33398E+00,2.92969E-02
3.6021216E-01,2.37305E+00,9.76562E-03
3.6023064E-01,2.35352E+00,4.88281E-02
3.6024912E-01,2.37305E+00,4.88281E-02
3.6026760E-01,2.37305E+00,4.88281E-02
3.6028608E-01,2.35352E+00,6.83594E-02
3.6030456E-01,2.35352E+00,1.26953E-01
3.6032304E-01,2.43164E+00,9.76562E-03
3.6034152E-01,2.37305E+00,2.92969E-02
3.6036000E-01,2.39258E+00,4.88281E-02
3.6037848E-01,2.31445E+00,4.88281E-02
3.6039696E-01,2.33398E+00,-2.92969E-02
3.6041544E-01,2.37305E+00,6.83594E-02
3.6043392E-01,2.37305E+00,-4.88281E-02
3.6045240E-01,2.41211E+00,4.88281E-02
3.6047088E-01,2.47070E+00,4.88281E-02
3.6048936E-01,2.35352E+00,2.92969E-02
3.6050784E-01,2.37305E+00,2.92969E-02
3.6052632E-01,2.37305E+00,4.88281E-02
3.6054480E-01,2.43164E+00,2.92969E-02
3.6056328E-01,2.39258E+00,8.78906E-02
3.6058176E-01,2.39258E+00,4.88281E-02
3.6060024E-01,2.35352E+00,6.83594E-02
3.6061872E-01,2.45117E+00,-9.76562E-03
3.6063720E-01,2.33398E+00,6.83594E-02
3.6065568E-01,2.33398E+00,-4.88281E-02
3.6067416E-01,2.41211E+00,4.88281E-02
3.6069264E-01,2.43164E+00,4.88281E-02
3.6071112E-01,2.39258E+00,2.92969E-02
3.6072960E-01,2.37305E+00,2.92969E-02
3.6074808E-01,2.31445E+00,4.88281E-02
3.6076656E-01,2.33398E+00,9.76562E-03
3.6078504E-01,2.35352E+00,4.88281E-02
3.6080352E-01,2.37305E+00,8.78906E-02
3.6082200E-01,2.35352E+00,2.92969E-02
3.6084048E-01,2.37305E+00,4.88281E-02
3.6085896E-01,2.35352E+00,4.88281E-02
3.6087744E-01,2.43164E+00,8.78906E-02
3.6089592E-01,2.33398E+00,6.83594E-02
3.6091440E-01,2.37305E+00,2.92969E-02
3.6093288E-01,2.35352E+00,4.88281E-02
3.6095136E-01,2.41211E+00,2.92969E-02
3.6096984E-01,2.43164E+00,2.92969E-02
3.6098832E-01,2.41211E+00,9.76562E-03
3.6100680E-01,2.37305E+00,2.92969E-02
3.6102528E-01,2.37305E+00,4.88281E-02
3.6104376E-01,2.35352E+00,6.83594E-02
3.6106224E-01,2.31445E+00,9.76562E-03
3.6108072E-01,2.35352E+00,4.88281E-02
3.6109920E-01,2.33398E+00,9.76562E-03
3.6111768E-01,2.31445E+00,9.76562E-03
3.6113616E-01,2.35352E+00,6.83594E-02
3.6115464E-01,2.37305E+00,9.76562E-03
3.6117312E-01,2.37305E+00,6.83594E-02
3.6119160E-01,2.37305E+00,2.92969E-02
3.6121008E-01,2.39258E+00,9.76562E-03
3.6122856E-01,2.23633E+00,2.92969E-02
3.6124704E-01,2.37305E+00,6.83594E-02
3.6126552E-01,2.41211E+00,6.83594E-02
3.6128400E-01,2.37305E+00,2.92969E-02
3.6130248E-01,2.37305E+00,8.78906E-02
3.6132096E-01,2.43164E+00,2.92969E-02
3.6133944E-01,2.41211E+00,4.88281E-02
3.6135792E-01,2.37305E+00,2.92969E-02
3.6137640E-01,2.33398E+00,6.83594E-02
3.6139488E-01,2.43164E+00,9.76562E-03
3.6141336E-01,2.29492E+00,4.88281E-02
3.6143184E-01,2.39258E+00,-2.92969E-02
3.6145032E-01,2.37305E+00,2.92969E-02
3.6146880E-01,2.35352E+00,9.76562E-03
3.6148728E-01,2.29492E+00,6.83594E-02
3.6150576E-01,2.39258E+00,2.92969E-02
3.6152424E-01,2.35352E+00,9.76562E-03
3.6154272E-01,2.43164E+00,-9.76562E-03
3.6156120E-01,2.35352E+00,2.92969E-02
3.6157968E-01,2.37305E+00,-9.76562E-03
3.6159816E-01,2.35352E+00,2.92969E-02
3.6161664E-01,2.37305E+00,2.92969E-02
3.6163512E-01,2.39258E+00,6.83594E-02
3.6165360E-01,2.35352E+00,9.76562E-03
3.6167208E-01,2.43164E+00,6.83594E-02
3.6169056E-01,2.43164E+00,-2.92969E-02
3.6170904E-01,2.35352E+00,6.83594E-02
3.6172752E-01,2.39258E+00,4.88281E-02
3.6174600E-01,2.33398E+00,9.76562E-03
3.6176448E-01,2.35352E+00,-9.76562E-03
3.6178296E-01,2.35352E+00,6.83594E-02
3.6180144E-01,2.41211E+00,2.92969E-02
3.6181992E-01,2.47070E+00,6.83594E-02
3.6183840E-01,2.37305E+00,8.78906E-02
3.6185688E-01,2.37305E+00,6.83594E-02
3.6187536E-01,2.39258E+00,9.76562E-03
3.6189384E-01,2.29492E+00,6.83594E-02
3.6191232E-01,2.37305E+00,-2.92969E-02
3.6193080E-01,2.25586E+00,8.78906E-02
3.6194928E-01,2.37305E+00,4.88281E-02
3.6196776E-01,2.35352E+00,2.92969E-02
3.6198624E-01,2.41211E+00,9.76562E-03
3.6200472E-01,2.35352E+00,8.78906E-02
3.6202320E-01,2.35352E+00,-9.76562E-03
3.6204168E-01,2.41211E+00,2.92969E-02
3.6206016E-01,2.41211E+00,4.88281E-02
3.6207864E-01,2.37305E+00,2.92969E-02
3.6209712E-01,2.47070E+00,2.92969E-02
3.6211560E-01,2.35352E+00,4.88281E-02
3.6213408E-01,2.35352E+00,-9.76562E-03
3.6215256E-01,2.47070E+00,6.83594E-02
3.6217104E-01,2.29492E+00,-9.76562E-03
3.6218952E-01,2.39258E+00,6.83594E-02
3.6220800E-01,2.43164E+00,6.83594E-02
3.6222648E-01,2.33398E+00,2.92969E-02
3.6224496E-01,2.37305E+00,4.88281E-02
3.6226344E-01,2.29492E+00,2.92969E-02
3.6228192E-01,2.35352E+00,2.92969E-02
3.6230040E-01,2.35352E+00,6.83594E-02
3.6231888E-01,2.41211E+00,4.88281E-02
3.6233736E-01,2.43164E+00,4.88281E-02
3.6235584E-01,2.41211E+00,9.76562E-03
3.6237432E-01,2.31445E+00,2.92969E-02
3.6239280E-01,2.33398E+00,9.76562E-03
3.6241128E-01,2.35352E+00,6.83594E-02
3.6242976E-01,2.45117E+00,9.76562E-03
3.6244824E-01,2.43164E+00,4.88281E-02
3.6246672E-01,2.37305E+00,4.88281E-02
3.6248520E-01,2.35352E+00,6.83594E-02
3.6250368E-01,2.43164E+00,-2.92969E-02
3.6252216E-01,2.41211E+00,6.83594E-02
3.6254064E-01,2.43164E+00,6.83594E-02
3.6255912E-01,2.43164E+00,2.92969E-02
3.6257760E-01,2.37305E+00,2.92969E-02
3.6259608E-01,2.39258E+00,1.07422E-01
3.6261456E-01,2.35352E+00,-9.76562E-03
3.6263304E-01,2.37305E+00,4.88281E-02
3.6265152E-01,2.37305E+00,4.88281E-02
3.6267000E-01,2.35352E+00,6.83594E-02
3.6268848E-01,2.37305E+00,2.92969E-02
3.6270696E-01,2.35352E+00,1.07422E-01
3.6272544E-01,2.33398E+00,1.07422E-01
3.6274392E-01,2.39258E+00,6.83594E-02
3.6276240E-01,2.43164E+00,9.76562E-03
3.6278088E-01,2.29492E+00,2.92969E-02
3.6279936E-01,2.43164E+00,2.92969E-02
3.6281784E-01,2.35352E+00,2.92969E-02
3.6283632E-01,2.50977E+00,4.88281E-02
3.6285480E-01,2.41211E+00,4.88281E-02
3.6287328E-01,2.43164E+00,2.92969E-02
3.6289176E-01,2.35352E+00,2.92969E-02
3.6291024E-01,2.45117E+00,6.83594E-02
3.6292872E-01,2.41211E+00,4.88281E-02
3.6294720E-01,2.41211E+00,6.83594E-02
3.6296568E-01,2.47070E+00,4.88281E-02
3.6298416E-01,2.47070E+00,2.92969E-02
3.6300264E-01,2.43164E+00,1.07422E-01
3.6302112E-01,2.43164E+00,4.88281E-02
3.6303960E-01,2.39258E+00,4.88281E-02
3.6305808E-01,2.29492E+00,9.76562E-03
3.6307656E-01,2.41211E+00,2.92969E-02
3.6309504E-01,2.41211E+00,2.92969E-02
3.6311352E-01,2.43164E+00,2.92969E-02
3.6313200E-01,2.41211E+00,9.76562E-03
3.6315048E-01,2.35352E+00,9.76562E-03
3.6316896E-01,2.47070E+00,2.92969E-02
3.6318744E-01,2.37305E+00,2.92969E-02
3.6320592E-01,2.43164E+00,6.83594E-02
3.6322440E-01,2.43164E+00,2.92969E-02
3.6324288E-01,2.37305E+00,-9.76562E-03
3.6326136E-01,2.35352E+00,6.83594E-02
3.6327984E-01,2.39258E+00,6.83594E-02
3.6329832E-01,2.35352E+00,8.78906E-02
3.6331680E-01,2.39258E+00,4.88281E-02
3.6333528E-01,2.43164E+00,9.76562E-03
3.6335376E-01,2.43164E+00,9.76562E-03
3.6337224E-01,2.49023E+00,4.88281E-02
3.6339072E-01,2.33398E+00,2.92969E-02
3.6340920E-01,2.37305E+00,1.07422E-01
3.6342768E-01,2.39258E+00,9.76562E-03
3.6344616E-01,2.35352E+00,-2.92969E-02
3.6346464E-01,2.39258E+00,4.88281E-02
3.6348312E-01,2.41211E+00,4.88281E-02
3.6350160E-01,2.39258E+00,4.88281E-02
3.6352008E-01,2.31445E+00,2.92969E-02
3.6353856E-01,2.39258E+00,-9.76562E-03
3.6355704E-01,2.35352E+00,8.78906E-02
3.6357552E-01,2.41211E+00,4.88281E-02
3.6359400E-01,2.31445E+00,2.92969E-02
3.6361248E-01,2.47070E+00,2.92969E-02
3.6363096E-01,2.35352E+00,1.07422E-01
3.6364944E-01,2.41211E+00,2.92969E-02
3.6366792E-01,2.41211E+00,2.92969E-02
3.6368640E-01,2.41211E+00,4.88281E-02
3.6370488E-01,2.33398E+00,2.92969E-02
3.6372336E-01,2.45117E+00,4.88281E-02
3.6374184E-01,2.35352E+00,4.88281E-02
3.6376032E-01,2.35352E+00,9.76562E-03
3.6377880E-01,2.27539E+00,2.92969E-02
3.6379728E-01,2.49023E+00,4.88281E-02
3.6381576E-01,2.35352E+00,2.92969E-02
3.6383424E-01,2.39258E+00,-4.88281E-02
3.6385272E-01,2.41211E+00,4.88281E-02
3.6387120E-01,2.37305E+00,9.76562E-03
3.6388968E-01,2.41211E+00,9.76562E-03
3.6390816E-01,2.45117E+00,9.76562E-03
3.6392664E-01,2.35352E+00,9.76562E-03
3.6394512E-01,2.37305E+00,6.83594E-02
3.6396360E-01,2.33398E+00,4.88281E-02
3.6398208E-01,2.43164E+00,-9.76562E-03
3.6400056E-01,2.43164E+00,8.78906E-02
3.6401904E-01,2.41211E+00,-9.76562E-03
3.6403752E-01,2.37305E+00,4.88281E-02
3.6405600E-01,2.37305E+00,6.83594E-02
3.6407448E-01,2.37305E+00,6.83594E-02
3.6409296E-01,2.43164E+00,4.88281E-02
3.6411144E-01,2.35352E+00,4.88281E-02
3.6412992E-01,2.41211E+00,6.83594E-02
3.6414840E-01,2.29492E+00,2.92969E-02
3.6416688E-01,2.37305E+00,9.76562E-03
3.6418536E-01,2.31445E+00,6.83594E-02
3.6420384E-01,2.35352E+00,2.92969E-02
3.6422232E-01,2.39258E+00,8.78906E-02
3.6424080E-01,2.37305E+00,2.92969E-02
3.6425928E-01,2.37305E+00,4.88281E-02
3.6427776E-01,2.37305E+00,4.88281E-02
3.6429624E-01,2.37305E+00,2.92969E-02
3.6431472E-01,2.37305E+00,-2.92969E-02
3.6433320E-01,2.35352E+00,4.88281E-02
3.6435168E-01,2.43164E+00,9.76562E-03
3.6437016E-01,2.35352E+00,8.78906E-02
3.6438864E-01,2.43164E+00,4.88281E-02
3.6440712E-01,2.39258E+00,4.88281E-02
3.6442560E-01,2.45117E+00,2.92969E-02
3.6444408E-01,2.33398E+00,2.92969E-02
3.6446256E-01,2.47070E+00,9.76562E-03
3.6448104E-01,2.45117E+00,6.83594E-02
3.6449952E-01,2.43164E+00,4.88281E-02
3.6451800E-01,2.37305E+00,4.88281E-02
3.6453648E-01,2.41211E+00,-2.92969E-02
3.6455496E-01,2.37305E+00,2.92969E-02
3.6457344E-01,2.43164E+00,9.76562E-03
3.6459192E-01,2.37305E+00,8.78906E-02
3.6461040E-01,2.41211E+00,9.76562E-03
3.6462888E-01,2.31445E+00,6.83594E-02
3.6464736E-01,2.43164E+00,9.76562E-03
3.6466584E-01,2.41211E+00,6.83594E-02
3.6468432E-01,2.45117E+00,2.92969E-02
3.6470280E-01,2.39258E+00,6.83594E-02
3.6472128E-01,2.41211E+00,6.83594E-02
3.6473976E-01,2.35352E+00,1.07422E-01
3.6475824E-01,2.41211E+00,9.76562E-03
3.6477672E-01,2.43164E+00,2.92969E-02
3.6479520E-01,2.39258E+00,2.92969E-02
3.6481368E-01,2.37305E+00,4.88281E-02
3.6483216E-01,2.37305E+00,4.88281E-02
3.6485064E-01,2.39258E+00,2.92969E-02
3.6486912E-01,2.31445E+00,6.83594E-02
3.6488760E-01,2.35352E+00,9.76562E-03
3.6490608E-01,2.35352E+00,9.76562E-03
3.6492456E-01,2.39258E+00,1.07422E-01
3.6494304E-01,2.37305E+00,9.76562E-03
3.6496152E-01,2.39258E+00,6.83594E-02
3.6498000E-01,2.39258E+00,2.92969E-02
3.6499848E-01,2.37305E+00,2.92969E-02
3.6501696E-01,2.41211E+00,6.83594E-02
3.6503544E-01,2.43164E+00,-9.76562E-03
3.6505392E-01,2.37305E+00,4.88281E-02
3.6507240E-01,2.41211E+00,4.88281E-02
3.6509088E-01,2.43164E+00,2.92969E-02
3.6510936E-01,2.31445E+00,8.78906E-02
3.6512784E-01,2.47070E+00,-9.76562E-03
3.6514632E-01,2.39258E+00,6.83594E-02
3.6516480E-01,2.37305E+00,9.76562E-03
3.6518328E-01,2.43164E+00,1.26953E-01
3.6520176E-01,2.39258E+00,9.76562E-03
3.6522024E-01,2.43164E+00,2.92969E-02
3.6523872E-01,2.39258E+00,9.76562E-03
3.6525720E-01,2.35352E+00,1.26953E-01
3.6527568E-01,2.45117E+00,-9.76562E-03
3.6529416E-01,2.41211E+00,1.26953E-01
3.6531264E-01,2.45117E+00,-9.76562E-03
3.6533112E-01,2.35352E+00,2.92969E-02
3.6534960E-01,2.45117E+00,4.88281E-02
3.6536808E-01,2.43164E+00,8.78906E-02
3.6538656E-01,2.39258E+00,-9.76562E-03
3.6540504E-01,2.37305E+00,9.76562E-03
3.6542352E-01,2.39258E+00,2.92969E-02
3.6544200E-01,2.35352E+00,9.76562E-03
3.6546048E-01,2.37305E+00,4.88281E-02
3.6547896E-01,2.37305E+00,2.92969E-02
3.6549744E-01,2.43164E+00,6.83594E-02
3.6551592E-01,2.33398E+00,9.76562E-03
3.6553440E-01,2.45117E+00,9.76562E-03
3.6555288E-01,2.43164E+00,6.83594E-02
3.6557136E-01,2.37305E+00,6.83594E-02
3.6558984E-01,2.31445E+00,-9.76562E-03
3.6560832E-01,2.37305E+00,2.92969E-02
3.6562680E-01,2.41211E+00,6.83594E-02
3.6564528E-01,2.43164E+00,9.76562E-03
3.6566376E-01,2.37305E+00,4.88281E-02
3.6568224E-01,2.35352E+00,9.76562E-03
3.6570072E-01,2.35352E+00,2.92969E-02
3.6571920E-01,2.39258E+00,2.92969E-02
3.6573768E-01,2.43164E+00,4.88281E-02
3.6575616E-01,2.39258E+00,-9.76562E-03
3.6577464E-01,2.41211E+00,8.78906E-02
3.6579312E-01,2.49023E+00,-9.76562E-03
3.6581160E-01,2.43164E+00,8.78906E-02
3.6583008E-01,2.39258E+00,4.88281E-02
3.6584856E-01,2.33398E+00,2.92969E-02
3.6586704E-01,2.37305E+00,-9.76562E-03
3.6588552E-01,2.37305E+00,6.83594E-02
3.6590400E-01,2.49023E+00,9.76562E-03
3.6592248E-01,2.33398E+00,6.83594E-02
3.6594096E-01,2.43164E+00,9.76562E-03
3.6595944E-01,2.33398E+00,9.76562E-03
3.6597792E-01,2.41211E+00,4.88281E-02
3.6599640E-01,2.43164E+00,4.88281E-02
3.6601488E-01,2.35352E+00,2.92969E-02
3.6603336E-01,2.43164E+00,6.83594E-02
3.6605184E-01,2.41211E+00,-2.92969E-02
3.6607032E-01,2.39258E+00,6.83594E-02
3.6608880E-01,2.41211E+00,2.92969E-02
3.6610728E-01,2.43164E+00,9.76562E-03
3.6612576E-01,2.33398E+00,6.83594E-02
3.6614424E-01,2.33398E+00,-2.92969E-02
3.6616272E-01,2.39258E+00,9.76562E-03
3.6618120E-01,2.33398E+00,6.83594E-02
3.6619968E-01,2.43164E+00,2.92969E-02
3.6621816E-01,2.41211E+00,9.76562E-03
3.6623664E-01,2.45117E+00,9.76562E-03
3.6625512E-01,2.37305E+00,6.83594E-02
3.6627360E-01,2.39258E+00,2.92969E-02
3.6629208E-01,2.35352E+00,1.46484E-01
3.6631056E-01,2.39258E+00,9.76562E-03
3.6632904E-01,2.37305E+00,6.83594E-02
3.6634752E-01,2.37305E+00,2.92969E-02
3.6636600E-01,2.41211E+00,2.92969E-02
3.6638448E-01,2.37305E+00,-2.92969E-02
3.6640296E-01,2.35352E+00,6.83594E-02
3.6642144E-01,2.37305E+00,-9.76562E-03
3.6643992E-01,2.43164E+00,4.88281E-02
3.6645840E-01,2.37305E+00,9.76562E-03
3.6647688E-01,2.43164E+00,4.88281E-02
3.6649536E-01,2.33398E+00,4.88281E-02
3.6651384E-01,2.37305E+00,4.88281E-02
3.6653232E-01,2.37305E+00,-9.76562E-03
3.6655080E-01,2.41211E+00,4.88281E-02
3.6656928E-01,2.41211E+00,9.76562E-03
3.6658776E-01,2.35352E+00,6.83594E-02
3.6660624E-01,2.41211E+00,2.92969E-02
3.6662472E-01,2.37305E+00,6.83594E-02
3.6664320E-01,2.39258E+00,9.76562E-03
3.6666168E-01,2.39258E+00,2.92969E-02
3.6668016E-01,2.35352E+00,-9.76562E-03
3.6669864E-01,2.33398E+00,6.83594E-02
3.6671712E-01,2.41211E+00,4.88281E-02
3.6673560E-01,2.33398E+00,4.88281E-02
3.6675408E-01,2.39258E+00,-2.92969E-02
3.6677256E-01,2.41211E+00,2.92969E-02
3.6679104E-01,2.41211E+00,6.83594E-02
3.6680952E-01,2.43164E+00,2.92969E-02
3.6682800E-01,2.41211E+00,2.92969E-02
3.6684648E-01,2.35352E+00,4.88281E-02
3.6686496E-01,2.39258E+00,9.76562E-03
3.6688344E-01,2.39258E+00,2.92969E-02
3.6690192E-01,2.37305E+00,4.88281E-02
3.6692040E-01,2.33398E+00,6.83594E-02
3.6693888E-01,2.43164E+00,9.76562E-03
3.6695736E-01,2.49023E+00,1.26953E-01
3.6697584E-01,2.49023E+00,2.92969E-02
3.6699432E-01,2.37305E+00,2.92969E-02
3.6701280E-01,2.43164E+00,1.07422E-01
3.6703128E-01,2.43164E+00,6.83594E-02
3.6704976E-01,2.45117E+00,-9.76562E-03
3.6706824E-01,2.41211E+00,4.88281E-02
3.6708672E-01,2.45117E+00,9.76562E-03
3.6710520E-01,2.37305E+00,2.92969E-02
3.6712368E-01,2.37305E+00,9.76562E-03
3.6714216E-01,2.41211E+00,9.76562E-03
3.6716064E-01,2.41211E+00,-9.76562E-03
3.6717912E-01,2.41211E+00,2.92969E-02
3.6719760E-01,2.45117E+00,2.92969E-02
3.6721608E-01,2.43164E+00,4.88281E-02
3.6723456E-01,2.41211E+00,9.76562E-03
3.6725304E-01,2.37305E+00,4.88281E-02
3.6727152E-01,2.41211E+00,-6.83594E-02
3.6729000E-01,2.41211E+00,9.76562E-03
3.6730848E-01,2.37305E+00,9.76562E-03
3.6732696E-01,2.39258E+00,4.88281E-02
3.6734544E-01,2.41211E+00,2.92969E-02
3.6736392E-01,2.37305E+00,6.83594E-02
3.6738240E-01,2.47070E+00,9.76562E-03
3.6740088E-01,2.35352E+00,8.78906E-02
3.6741936E-01,2.41211E+00,9.76562E-03
3.6743784E-01,2.41211E+00,4.88281E-02
3.6745632E-01,2.43164E+00,9.76562E-03
3.6747480E-01,2.43164E+00,6.83594E-02
3.6749328E-01,2.37305E+00,9.76562E-03
3.6751176E-01,2.39258E+00,9.76562E-03
3.6753024E-01,2.39258E+00,9.76562E-03
3.6754872E-01,2.37305E+00,4.88281E-02
3.6756720E-01,2.37305E+00,2.92969E-02
3.6758568E-01,2.43164E+00,6.83594E-02
3.6760416E-01,2.43164E+00,9.76562E-03
3.6762264E-01,2.41211E+00,6.83594E-02
3.6764112E-01,2.45117E+00,2.92969E-02
3.6765960E-01,2.43164E+00,9.76562E-03
3.6767808E-01,2.45117E+00,9.76562E-03
3.6769656E-01,2.37305E+00,6.83594E-02
3.6771504E-01,2.47070E+00,6.83594E-02
3.6773352E-01,2.39258E+00,9.76562E-03
3.6775200E-01,2.39258E+00,4.88281E-02
3.6777048E-01,2.35352E+00,8.78906E-02
3.6778896E-01,2.43164E+00,4.88281E-02
3.6780744E-01,2.43164E+00,4.88281E-02
3.6782592E-01,2.37305E+00,6.83594E-02
3.6784440E-01,2.37305E+00,6.83594E-02
3.6786288E-01,2.37305E+00,9.76562E-03
3.6788136E-01,2.33398E+00,9.76562E-03
3.6789984E-01,2.45117E+00,4.88281E-02
3.6791832E-01,2.43164E+00,6.83594E-02
3.6793680E-01,2.41211E+00,4.88281E-02
3.6795528E-01,2.43164E+00,-2.92969E-02
3.6797376E-01,2.37305E+00,-9.76562E-03
3.6799224E-01,2.43164E+00,2.92969E-02
3.6801072E-01,2.41211E+00,4.88281E-02
3.6802920E-01,2.41211E+00,6.83594E-02
3.6804768E-01,2.47070E+00,9.76562E-03
3.6806616E-01,2.43164E+00,2.92969E-02
3.6808464E-01,2.41211E+00,9.76562E-03
3.6810312E-01,2.35352E+00,8.78906E-02
3.6812160E-01,2.41211E+00,-9.76562E-03
3.6814008E-01,2.37305E+00,2.92969E-02
3.6815856E-01,2.41211E+00,4.88281E-02
3.6817704E-01,2.41211E+00,6.83594E-02
3.6819552E-01,2.45117E+00,2.92969E-02
3.6821400E-01,2.33398E+00,4.88281E-02
3.6823248E-01,2.39258E+00,-9.76562E-03
3.6825096E-01,2.45117E+00,2.92969E-02
3.6826944E-01,2.43164E+00,4.88281E-02
3.6828792E-01,2.41211E+00,2.92969E-02
3.6830640E-01,2.43164E+00,6.83594E-02
3.6832488E-01,2.37305E+00,1.26953E-01
3.6834336E-01,2.37305E+00,1.07422E-01
3.6836184E-01,2.35352E+00,4.88281E-02
3.6838032E-01,2.43164E+00,-9.76562E-03
3.6839880E-01,2.37305E+00,1.07422E-01
3.6841728E-01,2.39258E+00,9.76562E-03
3.6843576E-01,2.35352E+00,9.76562E-03
3.6845424E-01,2.43164E+00,9.76562E-03
3.6847272E-01,2.37305E+00,2.92969E-02
3.6849120E-01,2.43164E+00,4.88281E-02
3.6850968E-01,2.33398E+00,4.88281E-02
3.6852816E-01,2.50977E+00,8.78906E-02
3.6854664E-01,2.43164E+00,8.78906E-02
3.6856512E-01,2.50977E+00,-9.76562E-03
3.6858360E-01,2.47070E+00,2.92969E-02
3.6860208E-01,2.43164E+00,4.88281E-02
3.6862056E-01,2.37305E+00,9.76562E-03
3.6863904E-01,2.43164E+00,-9.76562E-03
3.6865752E-01,2.47070E+00,4.88281E-02
3.6867600E-01,2.43164E+00,2.92969E-02
3.6869448E-01,2.35352E+00,6.83594E-02
3.6871296E-01,2.47070E+00,6.83594E-02
3.6873144E-01,2.41211E+00,6.83594E-02
3.6874992E-01,2.41211E+00,4.88281E-02
3.6876840E-01,2.45117E+00,4.88281E-02
3.6878688E-01,2.45117E+00,9.76562E-03
3.6880536E-01,2.37305E+00,4.88281E-02
3.6882384E-01,2.41211E+00,4.88281E-02
3.6884232E-01,2.37305E+00,2.92969E-02
3.6886080E-01,2.43164E+00,2.92969E-02
3.6887928E-01,2.37305E+00,2.92969E-02
3.6889776E-01,2.45117E+00,2.92969E-02
3.6891624E-01,2.41211E+00,2.92969E-02
3.6893472E-01,2.47070E+00,2.92969E-02
3.6895320E-01,2.31445E+00,2.92969E-02
3.6897168E-01,2.45117E+00,9.76562E-03
3.6899016E-01,2.37305E+00,4.88281E-02
3.6900864E-01,2.47070E+00,9.76562E-03
3.6902712E-01,2.37305E+00,1.26953E-01
3.6904560E-01,2.39258E+00,4.88281E-02
3.6906408E-01,2.33398E+00,2.92969E-02
3.6908256E-01,2.39258E+00,9.76562E-03
3.6910104E-01,2.43164E+00,2.92969E-02
3.6911952E-01,2.39258E+00,6.83594E-02
3.6913800E-01,2.37305E+00,4.88281E-02
3.6915648E-01,2.35352E+00,9.76562E-03
3.6917496E-01,2.35352E+00,1.07422E-01
3.6919344E-01,2.43164E+00,-9.76562E-03
3.6921192E-01,2.39258E+00,2.92969E-02
3.6923040E-01,2.39258E+00,2.92969E-02
3.6924888E-01,2.43164E+00,6.83594E-02
3.6926736E-01,2.43164E+00,4.88281E-02
3.6928584E-01,2.41211E+00,-9.76562E-03
3.6930432E-01,2.41211E+00,9.76562E-03
3.6932280E-01,2.35352E+00,2.92969E-02
3.6934128E-01,2.47070E+00,9.76562E-03
3.6935976E-01,2.41211E+00,6.83594E-02
3.6937824E-01,2.43164E+00,2.92969E-02
3.6939672E-01,2.43164E+00,4.88281E-02
3.6941520E-01,2.39258E+00,4.88281E-02
3.6943368E-01,2.45117E+00,2.92969E-02
3.6945216E-01,2.41211E+00,-9.76562E-03
3.6947064E-01,2.39258E+00,4.88281E-02
3.6948912E-01,2.43164E+00,2.92969E-02
3.6950760E-01,2.43164E+00,2.92969E-02
3.6952608E-01,2.47070E+00,4.88281E-02
3.6954456E-01,2.37305E+00,2.92969E-02
3.6956304E-01,2.39258E+00,-2.92969E-02
3.6958152E-01,2.37305E+00,6.83594E-02
3.6960000E-01,2.35352E+00,4.88281E-02
3.6961848E-01,2.41211E+00,6.83594E-02
3.6963696E-01,2.43164E+00,9.76562E-03
3.6965544E-01,2.41211E+00,9.76562E-03
3.6967392E-01,2.50977E+00,-6.83594E-02
3.6969240E-01,2.37305E+00,4.88281E-02
3.6971088E-01,2.39258E+00,4.88281E-02
3.6972936E-01,2.43164E+00,8.78906E-02
3.6974784E-01,2.43164E+00,2.92969E-02
3.6976632E-01,2.45117E+00,4.88281E-02
3.6978480E-01,2.43164E+00,2.92969E-02
3.6980328E-01,2.39258E+00,-2.92969E-02
3.6982176E-01,2.45117E+00,4.88281E-02
3.6984024E-01,2.43164E+00,9.76562E-03
3.6985872E-01,2.37305E+00,9.76562E-03
3.6987720E-01,2.37305E+00,9.76562E-03
3.6989568E-01,2.45117E+00,2.92969E-02
3.6991416E-01,2.37305E+00,2.92969E-02
3.6993264E-01,2.43164E+00,2.92969E-02
3.6995112E-01,2.47070E+00,4.88281E-02
3.6996960E-01,2.37305E+00,4.88281E-02
3.6998808E-01,2.33398E+00,6.83594E-02
3.7000656E-01,2.47070E+00,9.76562E-03
3.7002504E-01,2.43164E+00,4.88281E-02
3.7004352E-01,2.45117E+00,6.83594E-02
3.7006200E-01,2.41211E+00,6.83594E-02
3.7008048E-01,2.41211E+00,9.76562E-03
3.7009896E-01,2.41211E+00,9.76562E-03
3.7011744E-01,2.49023E+00,4.88281E-02
3.7013592E-01,2.37305E+00,2.92969E-02
3.7015440E-01,2.41211E+00,2.92969E-02
3.7017288E-01,2.43164E+00,4.88281E-02
3.7019136E-01,2.43164E+00,2.92969E-02
3.7020984E-01,2.43164E+00,4.88281E-02
3.7022832E-01,2.37305E+00,4.88281E-02
3.7024680E-01,2.31445E+00,6.83594E-02
3.7026528E-01,2.52930E+00,9.76562E-03
3.7028376E-01,2.35352E+00,2.92969E-02
3.7030224E-01,2.43164E+00,2.92969E-02
3.7032072E-01,2.43164E+00,8.78906E-02
3.7033920E-01,2.41211E+00,6.83594E-02
3.7035768E-01,2.37305E+00,2.92969E-02
3.7037616E-01,2.43164E+00,4.88281E-02
3.7039464E-01,2.37305E+00,6.83594E-02
3.7041312E-01,2.47070E+00,2.92969E-02
3.7043160E-01,2.41211E+00,9.76562E-03
3.7045008E-01,2.50977E+00,9.76562E-03
3.7046856E-01,2.37305E+00,2.92969E-02
3.7048704E-01,2.52930E+00,9.76562E-03
3.7050552E-01,2.43164E+00,9.76562E-03
3.7052400E-01,2.43164E+00,9.76562E-03
3.7054248E-01,2.31445E+00,6.83594E-02
3.7056096E-01,2.43164E+00,4.88281E-02
3.7057944E-01,2.43164E+00,9.76562E-03
3.7059792E-01,2.43164E+00,-9.76562E-03
3.7061640E-01,2.43164E+00,6.83594E-02
3.7063488E-01,2.47070E+00,9.76562E-03
3.7065336E-01,2.43164E+00,2.92969E-02
3.7067184E-01,2.45117E+00,-4.88281E-02
3.7069032E-01,2.39258E+00,4.88281E-02
3.7070880E-01,2.37305E+00,9.76562E-03
3.7072728E-01,2.33398E+00,9.76562E-03
3.7074576E-01,2.37305E+00,6.83594E-02
3.7076424E-01,2.35352E+00,4.88281E-02
3.7078272E-01,2.37305E+00,9.76562E-03
3.7080120E-01,2.39258E+00,6.83594E-02
3.7081968E-01,2.43164E+00,2.92969E-02
3.7083816E-01,2.33398E+00,1.07422E-01
3.7085664E-01,2.43164E+00,6.83594E-02
3.7087512E-01,2.41211E+00,8.78906E-02
3.7089360E-01,2.39258E+00,4.88281E-02
3.7091208E-01,2.31445E+00,4.88281E-02
3.7093056E-01,2.43164E+00,4.88281E-02
3.7094904E-01,2.37305E+00,8.78906E-02
3.7096752E-01,2.43164E+00,6.83594E-02
3.7098600E-01,2.45117E+00,8.78906E-02
3.7100448E-01,2.45117E+00,9.76562E-03
3.7102296E-01,2.45117E+00,4.88281E-02
3.7104144E-01,2.43164E+00,2.92969E-02
3.7105992E-01,2.37305E+00,4.88281E-02
3.7107840E-01,2.43164E+00,9.76562E-03
3.7109688E-01,2.47070E+00,6.83594E-02
3.7111536E-01,2.47070E+00,9.76562E-03
3.7113384E-01,2.39258E+00,4.88281E-02
3.7115232E-01,2.43164E+00,6.83594E-02
3.7117080E-01,2.43164E+00,2.92969E-02
3.7118928E-01,2.43164E+00,2.92969E-02
3.7120776E-01,2.49023E+00,-9.76562E-03
3.7122624E-01,2.47070E+00,9.76562E-03
3.7124472E-01,2.43164E+00,4.88281E-02
3.7126320E-01,2.39258E+00,9.76562E-03
3.7128168E-01,2.37305E+00,6.83594E-02
3.7130016E-01,2.47070E+00,4.88281E-02
3.7131864E-01,2.45117E+00,9.76562E-03
3.7133712E-01,2.41211E+00,2.92969E-02
3.7135560E-01,2.35352E+00,6.83594E-02
3.7137408E-01,2.43164E+00,9.76562E-03
3.7139256E-01,2.37305E+00,6.83594E-02
3.7141104E-01,2.39258E+00,9.76562E-03
3.7142952E-01,2.43164E+00,6.83594E-02
3.7144800E-01,2.41211E+00,4.88281E-02
3.7146648E-01,2.37305E+00,2.92969E-02
3.7148496E-01,2.43164E+00,9.76562E-03
3.7150344E-01,2.37305E+00,6.83594E-02
3.7152192E-01,2.39258E+00,9.76562E-03
3.7154040E-01,2.43164E+00,9.76562E-03
3.7155888E-01,2.43164E+00,9.76562E-03
3.7157736E-01,2.41211E+00,4.88281E-02
3.7159584E-01,2.41211E+00,2.92969E-02
3.7161432E-01,2.41211E+00,4.88281E-02
3.7163280E-01,2.47070E+00,4.88281E-02
3.7165128E-01,2.35352E+00,2.92969E-02
3.7166976E-01,2.39258E+00,2.92969E-02
3.7168824E-01,2.43164E+00,-9.76562E-03
3.7170672E-01,2.37305E+00,6.83594E-02
3.7172520E-01,2.41211E+00,2.92969E-02
3.7174368E-01,2.45117E+00,9.76562E-03
3.7176216E-01,2.39258E+00,6.83594E-02
3.7178064E-01,2.37305E+00,4.88281E-02
3.7179912E-01,2.45117E+00,8.78906E-02
3.7181760E-01,2.37305E+00,2.92969E-02
3.7183608E-01,2.45117E+00,4.88281E-02
3.7185456E-01,2.39258E+00,9.76562E-03
3.7187304E-01,2.37305E+00,8.78906E-02
3.7189152E-01,2.47070E+00,9.76562E-03
3.7191000E-01,2.45117E+00,4.88281E-02
3.7192848E-01,2.41211E+00,-9.76562E-03
3.7194696E-01,2.37305E+00,4.88281E-02
3.7196544E-01,2.41211E+00,2.92969E-02
3.7198392E-01,2.43164E+00,2.92969E-02
3.7200240E-01,2.43164E+00,2.92969E-02
3.7202088E-01,2.45117E+00,-9.76562E-03
3.7203936E-01,2.43164E+00,9.76562E-03
3.7205784E-01,2.45117E+00,4.88281E-02
3.7207632E-01,2.39258E+00,-6.83594E-02
3.7209480E-01,2.37305E+00,4.88281E-02
3.7211328E-01,2.41211E+00,6.83594E-02
3.7213176E-01,2.37305E+00,2.92969E-02
3.7215024E-01,2.45117E+00,-9.76562E-03
3.7216872E-01,2.43164E+00,2.92969E-02
3.7218720E-01,2.47070E+00,2.92969E-02
3.7220568E-01,2.39258E+00,2.92969E-02
3.7222416E-01,2.43164E+00,9.76562E-03
3.7224264E-01,2.43164E+00,8.78906E-02
3.7226112E-01,2.45117E+00,2.92969E-02
3.7227960E-01,2.31445E+00,4.88281E-02
3.7229808E-01,2.39258E+00,8.78906E-02
3.7231656E-01,2.41211E+00,1.07422E-01
3.7233504E-01,2.39258E+00,9.76562E-03
3.7235352E-01,2.37305E+00,6.83594E-02
3.7237200E-01,2.39258E+00,6.83594E-02
3.7239048E-01,2.41211E+00,4.88281E-02
3.7240896E-01,2.45117E+00,9.76562E-03
3.7242744E-01,2.43164E+00,6.83594E-02
3.7244592E-01,2.41211E+00,9.76562E-03
3.7246440E-01,2.45117E+00,8.78906E-02
3.7248288E-01,2.43164E+00,4.88281E-02
3.7250136E-01,2.41211E+00,4.88281E-02
3.7251984E-01,2.45117E+00,9.76562E-03
3.7253832E-01,2.35352E+00,6.83594E-02
3.7255680E-01,2.37305E+00,2.92969E-02
3.7257528E-01,2.41211E+00,2.92969E-02
3.7259376E-01,2.45117E+00,2.92969E-02
3.7261224E-01,2.35352E+00,4.88281E-02
3.7263072E-01,2.45117E+00,4.88281E-02
3.7264920E-01,2.39258E+00,8.78906E-02
3.7266768E-01,2.43164E+00,4.88281E-02
3.7268616E-01,2.43164E+00,4.88281E-02
3.7270464E-01,2.43164E+00,-2.92969E-02
3.7272312E-01,2.43164E+00,6.83594E-02
3.7274160E-01,2.43164E+00,-9.76562E-03
3.7276008E-01,2.43164E+00,4.88281E-02
3.7277856E-01,2.43164E+00,6.83594E-02
3.7279704E-01,2.43164E+00,4.88281E-02
3.7281552E-01,2.39258E+00,4.88281E-02
3.7283400E-01,2.43164E+00,6.83594E-02
3.7285248E-01,2.35352E+00,9.76562E-03
3.7287096E-01,2.43164E+00,6.83594E-02
3.7288944E-01,2.45117E+00,2.92969E-02
3.7290792E-01,2.43164E+00,9.76562E-03
3.7292640E-01,2.45117E+00,9.76562E-03
3.7294488E-01,2.39258E+00,8.78906E-02
3.7296336E-01,2.43164E+00,9.76562E-03
3.7298184E-01,2.47070E+00,4.88281E-02
3.7300032E-01,2.49023E+00,6.83594E-02
3.7301880E-01,2.45117E+00,2.92969E-02
3.7303728E-01,2.47070E+00,2.92969E-02
3.7305576E-01,2.43164E+00,8.78906E-02
3.7307424E-01,2.37305E+00,8.78906E-02
3.7309272E-01,2.41211E+00,2.92969E-02
3.7311120E-01,2.45117E+00,6.83594E-02
3.7312968E-01,2.35352E+00,9.76562E-03
3.7314816E-01,2.49023E+00,9.76562E-03
3.7316664E-01,2.47070E+00,2.92969E-02
3.7318512E-01,2.43164E+00,-9.76562E-03
3.7320360E-01,2.37305E+00,2.92969E-02
3.7322208E-01,2.43164E+00,9.76562E-03
3.7324056E-01,2.39258E+00,9.76562E-03
3.7325904E-01,2.50977E+00,2.92969E-02
3.7327752E-01,2.43164E+00,-9.76562E-03
3.7329600E-01,2.45117E+00,1.07422E-01
3.7331448E-01,2.43164E+00,1.26953E-01
3.7333296E-01,2.37305E+00,9.76562E-03
3.7335144E-01,2.39258E+00,2.92969E-02
3.7336992E-01,2.37305E+00,2.92969E-02
3.7338840E-01,2.43164E+00,4.88281E-02
3.7340688E-01,2.41211E+00,6.83594E-02
3.7342536E-01,2.43164E+00,2.92969E-02
3.7344384E-01,2.43164E+00,9.76562E-03
3.7346232E-01,2.35352E+00,6.83594E-02
3.7348080E-01,2.47070E+00,2.92969E-02
3.7349928E-01,2.47070E+00,4.88281E-02
3.7351776E-01,2.41211E+00,9.76562E-03
3.7353624E-01,2.37305E+00,4.88281E-02
3.7355472E-01,2.45117E+00,9.76562E-03
3.7357320E-01,2.47070E+00,2.92969E-02
3.7359168E-01,2.45117E+00,4.88281E-02
3.7361016E-01,2.43164E+00,8.78906E-02
3.7362864E-01,2.45117E+00,9.76562E-03
3.7364712E-01,2.39258E+00,4.88281E-02
3.7366560E-01,2.47070E+00,4.88281E-02
3.7368408E-01,2.41211E+00,1.07422E-01
3.7370256E-01,2.47070E+00,4.88281E-02
3.7372104E-01,2.45117E+00,6.83594E-02
3.7373952E-01,2.43164E+00,-4.88281E-02
3.7375800E-01,2.47070E+00,2.92969E-02
3.7377648E-01,2.43164E+00,2.92969E-02
3.7379496E-01,2.39258E+00,6.83594E-02
3.7381344E-01,2.49023E+00,6.83594E-02
3.7383192E-01,2.43164E+00,4.88281E-02
3.7385040E-01,2.39258E+00,8.78906E-02
3.7386888E-01,2.37305E+00,6.83594E-02
3.7388736E-01,2.49023E+00,2.92969E-02
3.7390584E-01,2.43164E+00,8.78906E-02
3.7392432E-01,2.37305E+00,4.88281E-02
3.7394280E-01,2.33398E+00,6.83594E-02
3.7396128E-01,2.47070E+00,2.92969E-02
3.7397976E-01,2.45117E+00,-9.76562E-03
3.7399824E-01,2.45117E+00,-9.76562E-03
3.7401672E-01,2.37305E+00,4.88281E-02
3.7403520E-01,2.39258E+00,-9.76562E-03
3.7405368E-01,2.43164E+00,2.92969E-02
3.7407216E-01,2.49023E+00,9.76562E-03
3.7409064E-01,2.41211E+00,4.88281E-02
3.7410912E-01,2.47070E+00,4.88281E-02
3.7412760E-01,2.39258E+00,8.78906E-02
3.7414608E-01,2.43164E+00,4.88281E-02
3.7416456E-01,2.43164E+00,6.83594E-02
3.7418304E-01,2.47070E+00,2.92969E-02
3.7420152E-01,2.37305E+00,4.88281E-02
3.7422000E-01,2.37305E+00,6.83594E-02
3.7423848E-01,2.50977E+00,2.92969E-02
3.7425696E-01,2.41211E+00,6.83594E-02
3.7427544E-01,2.49023E+00,4.88281E-02
3.7429392E-01,2.39258E+00,-9.76562E-03
3.7431240E-01,2.33398E+00,4.88281E-02
3.7433088E-01,2.45117E+00,6.83594E-02
3.7434936E-01,2.43164E+00,4.88281E-02
3.7436784E-01,2.47070E+00,-9.76562E-03
3.7438632E-01,2.49023E+00,6.83594E-02
3.7440480E-01,2.47070E+00,9.76562E-03
3.7442328E-01,2.45117E+00,1.26953E-01
3.7444176E-01,2.43164E+00,2.92969E-02
3.7446024E-01,2.39258E+00,4.88281E-02
3.7447872E-01,2.52930E+00,-9.76562E-03
3.7449720E-01,2.43164E+00,2.92969E-02
3.7451568E-01,2.41211E+00,-6.83594E-02
3.7453416E-01,2.41211E+00,2.92969E-02
3.7455264E-01,2.43164E+00,9.76562E-03
3.7457112E-01,2.47070E+00,4.88281E-02
3.7458960E-01,2.49023E+00,2.92969E-02
3.7460808E-01,2.47070E+00,-2.92969E-02
3.7462656E-01,2.39258E+00,-9.76562E-03
3.7464504E-01,2.43164E+00,4.88281E-02
3.7466352E-01,2.52930E+00,4.88281E-02
3.7468200E-01,2.37305E+00,2.92969E-02
3.7470048E-01,2.49023E+00,9.76562E-03
3.7471896E-01,2.39258E+00,6.83594E-02
3.7473744E-01,2.45117E+00,2.92969E-02
3.7475592E-01,2.41211E+00,6.83594E-02
3.7477440E-01,2.41211E+00,9.76562E-03
3.7479288E-01,2.49023E+00,4.88281E-02
3.7481136E-01,2.45117E+00,9.76562E-03
3.7482984E-01,2.41211E+00,6.83594E-02
3.7484832E-01,2.47070E+00,9.76562E-03
3.7486680E-01,2.47070E+00,2.92969E-02
3.7488528E-01,2.52930E+00,2.92969E-02
3.7490376E-01,2.41211E+00,4.88281E-02
3.7492224E-01,2.45117E+00,6.83594E-02
3.7494072E-01,2.43164E+00,-2.92969E-02
3.7495920E-01,2.43164E+00,4.88281E-02
3.7497768E-01,2.43164E+00,4.88281E-02
3.7499616E-01,2.41211E+00,6.83594E-02
3.7501464E-01,2.43164E+00,9.76562E-03
3.7503312E-01,2.39258E+00,9.76562E-03
3.7505160E-01,2.49023E+00,4.88281E-02
3.7507008E-01,2.50977E+00,9.76562E-03
3.7508856E-01,2.37305E+00,8.78906E-02
3.7510704E-01,2.39258E+00,9.76562E-03
3.7512552E-01,2.47070E+00,6.83594E-02
3.7514400E-01,2.43164E+00,4.88281E-02
3.7516248E-01,2.43164E+00,6.83594E-02
3.7518096E-01,2.39258E+00,9.76562E-03
3.7519944E-01,2.43164E+00,2.92969E-02
3.7521792E-01,2.49023E+00,9.76562E-03
3.7523640E-01,2.37305E+00,1.07422E-01
3.7525488E-01,2.43164E+00,2.92969E-02
3.7527336E-01,2.43164E+00,1.26953E-01
3.7529184E-01,2.47070E+00,-9.76562E-03
3.7531032E-01,2.37305E+00,2.92969E-02
3.7532880E-01,2.43164E+00,9.76562E-03
3.7534728E-01,2.33398E+00,4.88281E-02
3.7536576E-01,2.47070E+00,2.92969E-02
3.7538424E-01,2.47070E+00,8.78906E-02
3.7540272E-01,2.43164E+00,4.88281E-02
3.7542120E-01,2.41211E+00,6.83594E-02
3.7543968E-01,2.50977E+00,9.76562E-03
3.7545816E-01,2.43164E+00,9.76562E-03
3.7547664E-01,2.49023E+00,9.76562E-03
3.7549512E-01,2.43164E+00,4.88281E-02
3.7551360E-01,2.39258E+00,9.76562E-03
3.7553208E-01,2.49023E+00,6.83594E-02
3.7555056E-01,2.43164E+00,9.76562E-03
3.7556904E-01,2.39258E+00,2.92969E-02
3.7558752E-01,2.43164E+00,9.76562E-03
3.7560600E-01,2.41211E+00,9.76562E-03
3.7562448E-01,2.47070E+00,4.88281E-02
3.7564296E-01,2.39258E+00,2.92969E-02
3.7566144E-01,2.52930E+00,9.76562E-03
3.7567992E-01,2.43164E+00,6.83594E-02
3.7569840E-01,2.50977E+00,9.76562E-03
3.7571688E-01,2.45117E+00,9.76562E-03
3.7573536E-01,2.45117E+00,4.88281E-02
3.7575384E-01,2.49023E+00,6.83594E-02
3.7577232E-01,2.39258E+00,2.92969E-02
3.7579080E-01,2.43164E+00,-9.76562E-03
3.7580928E-01,2.43164E+00,2.92969E-02
3.7582776E-01,2.43164E+00,2.92969E-02
3.7584624E-01,2.37305E+00,4.88281E-02
3.7586472E-01,2.39258E+00,4.88281E-02
3.7588320E-01,2.50977E+00,4.88281E-02
3.7590168E-01,2.37305E+00,4.88281E-02
3.7592016E-01,2.50977E+00,2.92969E-02
3.7593864E-01,2.41211E+00,2.92969E-02
3.7595712E-01,2.49023E+00,-4.88281E-02
3.7597560E-01,2.43164E+00,2.92969E-02
3.7599408E-01,2.37305E+00,9.76562E-03
3.7601256E-01,2.43164E+00,6.83594E-02
3.7603104E-01,2.43164E+00,9.76562E-03
3.7604952E-01,2.45117E+00,9.76562E-03
3.7606800E-01,2.50977E+00,9.76562E-03
3.7608648E-01,2.37305E+00,4.88281E-02
3.7610496E-01,2.45117E+00,9.76562E-03
3.7612344E-01,2.39258E+00,6.83594E-02
3.7614192E-01,2.45117E+00,9.76562E-03
3.7616040E-01,2.49023E+00,1.26953E-01
3.7617888E-01,2.39258E+00,4.88281E-02
3.7619736E-01,2.37305E+00,9.76562E-03
3.7621584E-01,2.43164E+00,-9.76562E-03
3.7623432E-01,2.45117E+00,9.76562E-03
3.7625280E-01,2.47070E+00,-9.76562E-03
3.7627128E-01,2.41211E+00,-9.76562E-03
3.7628976E-01,2.37305E+00,8.78906E-02
3.7630824E-01,2.35352E+00,2.92969E-02
3.7632672E-01,2.45117E+00,-2.92969E-02
3.7634520E-01,2.43164E+00,2.92969E-02
3.7636368E-01,2.45117E+00,9.76562E-03
3.7638216E-01,2.43164E+00,6.83594E-02
3.7640064E-01,2.50977E+00,-9.76562E-03
3.7641912E-01,2.39258E+00,4.88281E-02
3.7643760E-01,2.47070E+00,-9.76562E-03
3.7645608E-01,2.41211E+00,2.92969E-02
3.7647456E-01,2.37305E+00,2.92969E-02
3.7649304E-01,2.45117E+00,4.88281E-02
3.7651152E-01,2.47070E+00,4.88281E-02
3.7653000E-01,2.49023E+00,2.92969E-02
3.7654848E-01,2.49023E+00,-9.76562E-03
3.7656696E-01,2.47070E+00,2.92969E-02
3.7658544E-01,2.47070E+00,4.88281E-02
3.7660392E-01,2.47070E+00,8.78906E-02
3.7662240E-01,2.49023E+00,9.76562E-03
3.7664088E-01,2.41211E+00,6.83594E-02
3.7665936E-01,2.50977E+00,6.83594E-02
3.7667784E-01,2.43164E+00,9.76562E-03
3.7669632E-01,2.56836E+00,-9.76562E-03
3.7671480E-01,2.49023E+00,2.92969E-02
3.7673328E-01,2.45117E+00,9.76562E-03
3.7675176E-01,2.47070E+00,9.76562E-03
3.7677024E-01,2.47070E+00,2.92969E-02
3.7678872E-01,2.45117E+00,8.78906E-02
3.7680720E-01,2.41211E+00,2.92969E-02
3.7682568E-01,2.47070E+00,6.83594E-02
3.7684416E-01,2.50977E+00,2.92969E-02
3.7686264E-01,2.45117E+00,2.92969E-02
3.7688112E-01,2.43164E+00,-4.88281E-02
3.7689960E-01,2.39258E+00,1.46484E-01
3.7691808E-01,2.47070E+00,9.76562E-03
3.7693656E-01,2.45117E+00,6.83594E-02
3.7695504E-01,2.45117E+00,2.92969E-02
3.7697352E-01,2.41211E+00,4.88281E-02
3.7699200E-01,2.47070E+00,2.92969E-02
3.7701048E-01,2.43164E+00,6.83594E-02
3.7702896E-01,2.43164E+00,9.76562E-03
3.7704744E-01,2.47070E+00,2.92969E-02
3.7706592E-01,2.45117E+00,4.88281E-02
3.7708440E-01,2.43164E+00,1.07422E-01
3.7710288E-01,2.45117E+00,2.92969E-02
3.7712136E-01,2.45117E+00,6.83594E-02
3.7713984E-01,2.41211E+00,8.78906E-02
3.7715832E-01,2.43164E+00,8.78906E-02
3.7717680E-01,2.43164E+00,-9.76562E-03
3.7719528E-01,2.49023E+00,4.88281E-02
3.7721376E-01,2.49023E+00,2.92969E-02
3.7723224E-01,2.39258E+00,2.92969E-02
3.7725072E-01,2.39258E+00,4.88281E-02
3.7726920E-01,2.35352E+00,9.76562E-03
3.7728768E-01,2.39258E+00,2.92969E-02
3.7730616E-01,2.35352E+00,4.88281E-02
3.7732464E-01,2.41211E+00,-2.92969E-02
3.7734312E-01,2.49023E+00,2.92969E-02
3.7736160E-01,2.50977E+00,9.76562E-03
3.7738008E-01,2.35352E+00,8.78906E-02
3.7739856E-01,2.41211E+00,-4.88281E-02
3.7741704E-01,2.41211E+00,2.92969E-02
3.7743552E-01,2.45117E+00,9.76562E-03
3.7745400E-01,2.47070E+00,2.92969E-02
3.7747248E-01,2.33398E+00,2.92969E-02
3.7749096E-01,2.50977E+00,1.07422E-01
3.7750944E-01,2.39258E+00,-9.76562E-03
3.7752792E-01,2.37305E+00,4.88281E-02
3.7754640E-01,2.45117E+00,4.88281E-02
3.7756488E-01,2.45117E+00,6.83594E-02
3.7758336E-01,2.47070E+00,4.88281E-02
3.7760184E-01,2.41211E+00,4.88281E-02
3.7762032E-01,2.45117E+00,9.76562E-03
3.7763880E-01,2.43164E+00,6.83594E-02
3.7765728E-01,2.49023E+00,9.76562E-03
3.7767576E-01,2.39258E+00,6.83594E-02
3.7769424E-01,2.49023E+00,9.76562E-03
3.7771272E-01,2.41211E+00,6.83594E-02
3.7773120E-01,2.50977E+00,4.88281E-02
3.7774968E-01,2.41211E+00,2.92969E-02
3.7776816E-01,2.45117E+00,2.92969E-02
3.7778664E-01,2.45117E+00,2.92969E-02
3.7780512E-01,2.37305E+00,6.83594E-02
3.7782360E-01,2.45117E+00,6.83594E-02
3.7784208E-01,2.43164E+00,9.76562E-03
3.7786056E-01,2.49023E+00,2.92969E-02
3.7787904E-01,2.49023E+00,4.88281E-02
3.7789752E-01,2.43164E+00,2.92969E-02
3.7791600E-01,2.49023E+00,6.83594E-02
3.7793448E-01,2.45117E+00,4.88281E-02
3.7795296E-01,2.49023E+00,2.92969E-02
3.7797144E-01,2.47070E+00,2.92969E-02
3.7798992E-01,2.47070E+00,-6.83594E-02
3.7800840E-01,2.39258E+00,1.07422E-01
3.7802688E-01,2.43164E+00,-9.76562E-03
3.7804536E-01,2.39258E+00,2.92969E-02
3.7806384E-01,2.47070E+00,-9.76562E-03
3.7808232E-01,2.43164E+00,6.83594E-02
3.7810080E-01,2.41211E+00,9.76562E-03
3.7811928E-01,2.45117E+00,6.83594E-02
3.7813776E-01,2.45117E+00,6.83594E-02
3.7815624E-01,2.47070E+00,6.83594E-02
3.7817472E-01,2.49023E+00,9.76562E-03
3.7819320E-01,2.43164E+00,4.88281E-02
3.7821168E-01,2.43164E+00,-2.92969E-02
3.7823016E-01,2.45117E+00,4.88281E-02
3.7824864E-01,2.43164E+00,4.88281E-02
3.7826712E-01,2.39258E+00,8.78906E-02
3.7828560E-01,2.45117E+00,4.88281E-02
3.7830408E-01,2.41211E+00,4.88281E-02
3.7832256E-01,2.54883E+00,2.92969E-02
3.7834104E-01,2.49023E+00,9.76562E-03
3.7835952E-01,2.49023E+00,9.76562E-03
3.7837800E-01,2.45117E+00,9.76562E-03
3.7839648E-01,2.50977E+00,9.76562E-03
3.7841496E-01,2.35352E+00,9.76562E-03
3.7843344E-01,2.49023E+00,-9.76562E-03
3.7845192E-01,2.45117E+00,2.92969E-02
3.7847040E-01,2.50977E+00,9.76562E-03
3.7848888E-01,2.49023E+00,9.76562E-03
3.7850736E-01,2.50977E+00,4.88281E-02
3.7852584E-01,2.45117E+00,9.76562E-03
3.7854432E-01,2.39258E+00,9.76562E-03
3.7856280E-01,2.43164E+00,9.76562E-03
3.7858128E-01,2.45117E+00,4.88281E-02
3.7859976E-01,2.43164E+00,2.92969E-02
3.7861824E-01,2.47070E+00,8.78906E-02
3.7863672E-01,2.50977E+00,8.78906E-02
3.7865520E-01,2.43164E+00,2.92969E-02
3.7867368E-01,2.43164E+00,8.78906E-02
3.7869216E-01,2.50977E+00,6.83594E-02
3.7871064E-01,2.39258E+00,-6.83594E-02
3.7872912E-01,2.35352E+00,4.88281E-02
3.7874760E-01,2.47070E+00,2.92969E-02
3.7876608E-01,2.45117E+00,9.76562E-03
3.7878456E-01,2.47070E+00,6.83594E-02
3.7880304E-01,2.45117E+00,9.76562E-03
3.7882152E-01,2.49023E+00,1.07422E-01
3.7884000E-01,2.45117E+00,-9.76562E-03
3.7885848E-01,2.43164E+00,6.83594E-02
3.7887696E-01,2.47070E+00,4.88281E-02
3.7889544E-01,2.43164E+00,1.07422E-01
3.7891392E-01,2.47070E+00,4.88281E-02
3.7893240E-01,2.35352E+00,6.83594E-02
3.7895088E-01,2.43164E+00,2.92969E-02
3.7896936E-01,2.43164E+00,1.07422E-01
3.7898784E-01,2.45117E+00,6.83594E-02
3.7900632E-01,2.45117E+00,8.78906E-02
3.7902480E-01,2.50977E+00,4.88281E-02
3.7904328E-01,2.43164E+00,2.92969E-02
3.7906176E-01,2.50977E+00,2.92969E-02
3.7908024E-01,2.47070E+00,6.83594E-02
3.7909872E-01,2.47070E+00,2.92969E-02
3.7911720E-01,2.41211E+00,4.88281E-02
3.7913568E-01,2.50977E+00,4.88281E-02
3.7915416E-01,2.47070E+00,1.07422E-01
3.7917264E-01,2.45117E+00,2.92969E-02
3.7919112E-01,2.49023E+00,2.92969E-02
3.7920960E-01,2.49023E+00,4.88281E-02
3.7922808E-01,2.50977E+00,4.88281E-02
3.7924656E-01,2.43164E+00,2.92969E-02
3.7926504E-01,2.39258E+00,9.76562E-03
3.7928352E-01,2.50977E+00,6.83594E-02
3.7930200E-01,2.43164E+00,6.83594E-02
3.7932048E-01,2.41211E+00,4.88281E-02
3.7933896E-01,2.41211E+00,4.88281E-02
3.7935744E-01,2.43164E+00,9.76562E-03
3.7937592E-01,2.39258E+00,2.92969E-02
3.7939440E-01,2.49023E+00,9.76562E-03
3.7941288E-01,2.43164E+00,2.92969E-02
3.7943136E-01,2.45117E+00,2.92969E-02
3.7944984E-01,2.49023E+00,8.78906E-02
3.7946832E-01,2.41211E+00,9.76562E-03
3.7948680E-01,2.47070E+00,6.83594E-02
3.7950528E-01,2.45117E+00,9.76562E-03
3.7952376E-01,2.41211E+00,9.76562E-03
3.7954224E-01,2.50977E+00,2.92969E-02
3.7956072E-01,2.45117E+00,9.76562E-03
3.7957920E-01,2.47070E+00,9.76562E-03
3.7959768E-01,2.45117E+00,6.83594E-02
3.7961616E-01,2.43164E+00,-9.76562E-03
3.7963464E-01,2.45117E+00,6.83594E-02
3.7965312E-01,2.47070E+00,4.88281E-02
3.7967160E-01,2.45117E+00,9.76562E-03
3.7969008E-01,2.45117E+00,2.92969E-02
3.7970856E-01,2.41211E+00,2.92969E-02
3.7972704E-01,2.58789E+00,2.92969E-02
3.7974552E-01,2.39258E+00,4.88281E-02
3.7976400E-01,2.41211E+00,4.88281E-02
3.7978248E-01,2.41211E+00,6.83594E-02
3.7980096E-01,2.43164E+00,-9.76562E-03
3.7981944E-01,2.45117E+00,8.78906E-02
3.7983792E-01,2.49023E+00,4.88281E-02
3.7985640E-01,2.39258E+00,4.88281E-02
3.7987488E-01,2.45117E+00,2.92969E-02
3.7989336E-01,2.47070E+00,2.92969E-02
3.7991184E-01,2.50977E+00,1.07422E-01
3.7993032E-01,2.43164E+00,4.88281E-02
3.7994880E-01,2.43164E+00,9.76562E-03
3.7996728E-01,2.47070E+00,6.83594E-02
3.7998576E-01,2.49023E+00,9.76562E-03
3.8000424E-01,2.41211E+00,2.92969E-02
3.8002272E-01,2.39258E+00,4.88281E-02
3.8004120E-01,2.45117E+00,6.83594E-02
3.8005968E-01,2.47070E+00,2.92969E-02
3.8007816E-01,2.50977E+00,4.88281E-02
3.8009664E-01,2.45117E+00,2.92969E-02
3.8011512E-01,2.43164E+00,6.83594E-02
3.8013360E-01,2.50977E+00,-9.76562E-03
3.8015208E-01,2.45117E+00,9.76562E-03
3.8017056E-01,2.49023E+00,2.92969E-02
3.8018904E-01,2.41211E+00,8.78906E-02
3.8020752E-01,2.49023E+00,4.88281E-02
3.8022600E-01,2.43164E+00,9.76562E-03
3.8024448E-01,2.43164E+00,9.76562E-03
3.8026296E-01,2.41211E+00,4.88281E-02
3.8028144E-01,2.49023E+00,-9.76562E-03
3.8029992E-01,2.47070E+00,6.83594E-02
3.8031840E-01,2.50977E+00,2.92969E-02
3.8033688E-01,2.43164E+00,2.92969E-02
3.8035536E-01,2.49023E+00,9.76562E-03
3.8037384E-01,2.37305E+00,2.92969E-02
3.8039232E-01,2.50977E+00,4.88281E-02
3.8041080E-01,2.47070E+00,6.83594E-02
3.8042928E-01,2.47070E+00,-9.76562E-03
3.8044776E-01,2.43164E+00,1.46484E-01
3.8046624E-01,2.50977E+00,2.92969E-02
3.8048472E-01,2.45117E+00,2.92969E-02
3.8050320E-01,2.43164E+00,4.88281E-02
3.8052168E-01,2.41211E+00,2.92969E-02
3.8054016E-01,2.43164E+00,9.76562E-03
3.8055864E-01,2.43164E+00,9.76562E-03
3.8057712E-01,2.49023E+00,4.88281E-02
3.8059560E-01,2.45117E+00,4.88281E-02
3.8061408E-01,2.45117E+00,-9.76562E-03
3.8063256E-01,2.41211E+00,9.76562E-03
3.8065104E-01,2.49023E+00,9.76562E-03
3.8066952E-01,2.35352E+00,2.92969E-02
3.8068800E-01,2.43164E+00,4.88281E-02
3.8070648E-01,2.41211E+00,6.83594E-02
3.8072496E-01,2.45117E+00,9.76562E-03
3.8074344E-01,2.49023E+00,2.92969E-02
3.8076192E-01,2.43164E+00,-2.92969E-02
3.8078040E-01,2.43164E+00,6.83594E-02
3.8079888E-01,2.43164E+00,-9.76562E-03
3.8081736E-01,2.45117E+00,2.92969E-02
3.8083584E-01,2.49023E+00,9.76562E-03
3.8085432E-01,2.49023E+00,2.92969E-02
3.8087280E-01,2.45117E+00,2.92969E-02
3.8089128E-01,2.47070E+00,2.92969E-02
3.8090976E-01,2.49023E+00,-2.92969E-02
3.8092824E-01,2.43164E+00,2.92969E-02
3.8094672E-01,2.50977E+00,4.88281E-02
3.8096520E-01,2.47070E+00,6.83594E-02
3.8098368E-01,2.50977E+00,9.76562E-03
3.8100216E-01,2.41211E+00,9.76562E-03
3.8102064E-01,2.49023E+00,9.76562E-03
3.8103912E-01,2.49023E+00,4.88281E-02
3.8105760E-01,2.50977E+00,4.88281E-02
3.8107608E-01,2.41211E+00,4.88281E-02
3.8109456E-01,2.45117E+00,9.76562E-03
3.8111304E-01,2.43164E+00,2.92969E-02
3.8113152E-01,2.45117E+00,4.88281E-02
3.8115000E-01,2.43164E+00,4.88281E-02
3.8116848E-01,2.49023E+00,9.76562E-03
3.8118696E-01,2.45117E+00,9.76562E-03
3.8120544E-01,2.50977E+00,4.88281E-02
3.8122392E-01,2.43164E+00,2.92969E-02
3.8124240E-01,2.45117E+00,2.92969E-02
3.8126088E-01,2.43164E+00,9.76562E-03
3.8127936E-01,2.47070E+00,-9.76562E-03
3.8129784E-01,2.41211E+00,2.92969E-02
3.8131632E-01,2.37305E+00,-9.76562E-03
3.8133480E-01,2.37305E+00,6.83594E-02
3.8135328E-01,2.50977E+00,4.88281E-02
3.8137176E-01,2.41211E+00,4.88281E-02
3.8139024E-01,2.43164E+00,9.76562E-03
3.8140872E-01,2.43164E+00,2.92969E-02
3.8142720E-01,2.39258E+00,-9.76562E-03
3.8144568E-01,2.47070E+00,4.88281E-02
3.8146416E-01,2.49023E+00,-9.76562E-03
3.8148264E-01,2.45117E+00,4.88281E-02
3.8150112E-01,2.43164E+00,-2.92969E-02
3.8151960E-01,2.45117E+00,6.83594E-02
3.8153808E-01,2.47070E+00,9.76562E-03
3.8155656E-01,2.45117E+00,6.83594E-02
3.8157504E-01,2.50977E+00,2.92969E-02
3.8159352E-01,2.49023E+00,-9.76562E-03
3.8161200E-01,2.49023E+00,-9.76562E-03
3.8163048E-01,2.43164E+00,4.88281E-02
3.8164896E-01,2.52930E+00,-9.76562E-03
3.8166744E-01,2.45117E+00,2.92969E-02
3.8168592E-01,2.50977E+00,2.92969E-02
3.8170440E-01,2.49023E+00,4.88281E-02
3.8172288E-01,2.43164E+00,2.92969E-02
3.8174136E-01,2.49023E+00,4.88281E-02
3.8175984E-01,2.45117E+00,2.92969E-02
3.8177832E-01,2.45117E+00,6.83594E-02
3.8179680E-01,2.45117E+00,6.83594E-02
3.8181528E-01,2.43164E+00,1.07422E-01
3.8183376E-01,2.50977E+00,-4.88281E-02
3.8185224E-01,2.47070E+00,6.83594E-02
3.8187072E-01,2.45117E+00,9.76562E-03
3.8188920E-01,2.47070E+00,6.83594E-02
3.8190768E-01,2.47070E+00,2.92969E-02
3.8192616E-01,2.52930E+00,4.88281E-02
3.8194464E-01,2.43164E+00,9.76562E-03
3.8196312E-01,2.47070E+00,6.83594E-02
3.8198160E-01,2.47070E+00,2.92969E-02
3.8200008E-01,2.37305E+00,9.76562E-03
3.8201856E-01,2.47070E+00,2.92969E-02
3.8203704E-01,2.43164E+00,4.88281E-02
3.8205552E-01,2.49023E+00,-9.76562E-03
3.8207400E-01,2.47070E+00,2.92969E-02
3.8209248E-01,2.50977E+00,6.83594E-02
3.8211096E-01,2.43164E+00,6.83594E-02
3.8212944E-01,2.43164E+00,9.76562E-03
3.8214792E-01,2.39258E+00,2.92969E-02
3.8216640E-01,2.43164E+00,9.76562E-03
3.8218488E-01,2.41211E+00,6.83594E-02
3.8220336E-01,2.43164E+00,2.92969E-02
3.8222184E-01,2.43164E+00,8.78906E-02
3.8224032E-01,2.50977E+00,9.76562E-03
3.8225880E-01,2.43164E+00,4.88281E-02
3.8227728E-01,2.49023E+00,9.76562E-03
3.8229576E-01,2.47070E+00,4.88281E-02
3.8231424E-01,2.45117E+00,2.92969E-02
3.8233272E-01,2.45117E+00,4.88281E-02
3.8235120E-01,2.47070E+00,6.83594E-02
3.8236968E-01,2.39258E+00,4.88281E-02
3.8238816E-01,2.43164E+00,9.76562E-03
3.8240664E-01,2.47070E+00,4.88281E-02
3.8242512E-01,2.52930E+00,2.92969E-02
3.8244360E-01,2.45117E+00,2.92969E-02
3.8246208E-01,2.56836E+00,2.92969E-02
3.8248056E-01,2.50977E+00,2.92969E-02
3.8249904E-01,2.45117E+00,4.88281E-02
3.8251752E-01,2.45117E+00,2.92969E-02
3.8253600E-01,2.50977E+00,2.92969E-02
3.8255448E-01,2.47070E+00,4.88281E-02
3.8257296E-01,2.52930E+00,-9.76562E-03
3.8259144E-01,2.49023E+00,4.88281E-02
3.8260992E-01,2.50977E+00,9.76562E-03
3.8262840E-01,2.43164E+00,4.88281E-02
3.8264688E-01,2.49023E+00,4.88281E-02
3.8266536E-01,2.45117E+00,4.88281E-02
3.8268384E-01,2.43164E+00,9.76562E-03
3.8270232E-01,2.39258E+00,9.76562E-03
3.8272080E-01,2.45117E+00,9.76562E-03
3.8273928E-01,2.47070E+00,-9.76562E-03
3.8275776E-01,2.50977E+00,8.78906E-02
3.8277624E-01,2.49023E+00,6.83594E-02
3.8279472E-01,2.39258E+00,9.76562E-03
3.8281320E-01,2.45117E+00,4.88281E-02
3.8283168E-01,2.47070E+00,-9.76562E-03
3.8285016E-01,2.49023E+00,9.76562E-03
3.8286864E-01,2.45117E+00,9.76562E-03
3.8288712E-01,2.49023E+00,9.76562E-03
3.8290560E-01,2.54883E+00,6.83594E-02
3.8292408E-01,2.43164E+00,4.88281E-02
3.8294256E-01,2.50977E+00,6.83594E-02
3.8296104E-01,2.41211E+00,4.88281E-02
3.8297952E-01,2.45117E+00,9.76562E-03
3.8299800E-01,2.41211E+00,9.76562E-03
3.8301648E-01,2.39258E+00,9.76562E-03
3.8303496E-01,2.49023E+00,4.88281E-02
3.8305344E-01,2.50977E+00,2.92969E-02
3.8307192E-01,2.49023E+00,9.76562E-03
3.8309040E-01,2.47070E+00,4.88281E-02
3.8310888E-01,2.45117E+00,6.83594E-02
3.8312736E-01,2.49023E+00,-9.76562E-03
3.8314584E-01,2.49023E+00,4.88281E-02
3.8316432E-01,2.45117E+00,9.76562E-03
3.8318280E-01,2.52930E+00,4.88281E-02
3.8320128E-01,2.45117E+00,9.76562E-03
3.8321976E-01,2.50977E+00,4.88281E-02
3.8323824E-01,2.47070E+00,9.76562E-03
3.8325672E-01,2.43164E+00,9.76562E-03
3.8327520E-01,2.49023E+00,2.92969E-02
3.8329368E-01,2.43164E+00,6.83594E-02
3.8331216E-01,2.49023E+00,2.92969E-02
3.8333064E-01,2.43164E+00,4.88281E-02
3.8334912E-01,2.43164E+00,2.92969E-02
3.8336760E-01,2.45117E+00,6.83594E-02
3.8338608E-01,2.50977E+00,6.83594E-02
3.8340456E-01,2.45117E+00,4.88281E-02
3.8342304E-01,2.43164E+00,2.92969E-02
3.8344152E-01,2.39258E+00,9.76562E-03
3.8346000E-01,2.45117E+00,-9.76562E-03
3.8347848E-01,2.49023E+00,4.88281E-02
3.8349696E-01,2.50977E+00,4.88281E-02
3.8351544E-01,2.41211E+00,6.83594E-02
3.8353392E-01,2.43164E+00,9.76562E-03
3.8355240E-01,2.49023E+00,4.88281E-02
3.8357088E-01,2.50977E+00,2.92969E-02
3.8358936E-01,2.41211E+00,4.88281E-02
3.8360784E-01,2.45117E+00,4.88281E-02
3.8362632E-01,2.45117E+00,2.92969E-02
3.8364480E-01,2.49023E+00,9.76562E-03
3.8366328E-01,2.45117E+00,6.83594E-02
3.8368176E-01,2.47070E+00,9.76562E-03
3.8370024E-01,2.49023E+00,-2.92969E-02
3.8371872E-01,2.52930E+00,-9.76562E-03
3.8373720E-01,2.45117E+00,4.88281E-02
3.8375568E-01,2.43164E+00,6.83594E-02
3.8377416E-01,2.43164E+00,4.88281E-02
3.8379264E-01,2.45117E+00,6.83594E-02
3.8381112E-01,2.50977E+00,2.92969E-02
3.8382960E-01,2.50977E+00,2.92969E-02
3.8384808E-01,2.45117E+00,8.78906E-02
3.8386656E-01,2.47070E+00,-9.76562E-03
3.8388504E-01,2.49023E+00,4.88281E-02
3.8390352E-01,2.50977E+00,6.83594E-02
3.8392200E-01,2.45117E+00,6.83594E-02
3.8394048E-01,2.50977E+00,-9.76562E-03
3.8395896E-01,2.45117E+00,2.92969E-02
3.8397744E-01,2.49023E+00,4.88281E-02
3.8399592E-01,2.50977E+00,6.83594E-02
3.8401440E-01,2.50977E+00,9.76562E-03
3.8403288E-01,2.41211E+00,6.83594E-02
3.8405136E-01,2.45117E+00,2.92969E-02
3.8406984E-01,2.45117E+00,2.92969E-02
3.8408832E-01,2.49023E+00,9.76562E-03
3.8410680E-01,2.45117E+00,4.88281E-02
3.8412528E-01,2.45117E+00,9.76562E-03
3.8414376E-01,2.49023E+00,6.83594E-02
3.8416224E-01,2.37305E+00,9.76562E-03
3.8418072E-01,2.39258E+00,4.88281E-02
3.8419920E-01,2.47070E+00,9.76562E-03
3.8421768E-01,2.41211E+00,4.88281E-02
3.8423616E-01,2.45117E+00,-9.76562E-03
3.8425464E-01,2.49023E+00,2.92969E-02
3.8427312E-01,2.50977E+00,2.92969E-02
3.8429160E-01,2.47070E+00,6.83594E-02
3.8431008E-01,2.49023E+00,2.92969E-02
3.8432856E-01,2.43164E+00,9.76562E-03
3.8434704E-01,2.50977E+00,-9.76562E-03
3.8436552E-01,2.45117E+00,2.92969E-02
3.8438400E-01,2.49023E+00,-9.76562E-03
3.8440248E-01,2.49023E+00,-9.76562E-03
3.8442096E-01,2.50977E+00,9.76562E-03
3.8443944E-01,2.56836E+00,4.88281E-02
3.8445792E-01,2.50977E+00,9.76562E-03
3.8447640E-01,2.52930E+00,4.88281E-02
3.8449488E-01,2.50977E+00,1.26953E-01
3.8451336E-01,2.49023E+00,6.83594E-02
3.8453184E-01,2.45117E+00,4.88281E-02
3.8455032E-01,2.43164E+00,4.88281E-02
3.8456880E-01,2.49023E+00,-2.92969E-02
3.8458728E-01,2.43164E+00,1.07422E-01
3.8460576E-01,2.50977E+00,-9.76562E-03
3.8462424E-01,2.47070E+00,9.76562E-03
3.8464272E-01,2.56836E+00,2.92969E-02
3.8466120E-01,2.45117E+00,2.92969E-02
3.8467968E-01,2.49023E+00,6.83594E-02
3.8469816E-01,2.45117E+00,6.83594E-02
3.8471664E-01,2.49023E+00,2.92969E-02
3.8473512E-01,2.45117E+00,2.92969E-02
3.8475360E-01,2.50977E+00,4.88281E-02
3.8477208E-01,2.49023E+00,6.83594E-02
3.8479056E-01,2.49023E+00,9.76562E-03
3.8480904E-01,2.49023E+00,2.92969E-02
3.8482752E-01,2.49023E+00,4.88281E-02
3.8484600E-01,2.49023E+00,2.92969E-02
3.8486448E-01,2.50977E+00,-9.76562E-03
3.8488296E-01,2.47070E+00,9.76562E-03
3.8490144E-01,2.49023E+00,4.88281E-02
3.8491992E-01,2.43164E+00,6.83594E-02
3.8493840E-01,2.50977E+00,4.88281E-02
3.8495688E-01,2.43164E+00,4.88281E-02
3.8497536E-01,2.45117E+00,-6.83594E-02
3.8499384E-01,2.49023E+00,4.88281E-02
3.8501232E-01,2.49023E+00,6.83594E-02
3.8503080E-01,2.47070E+00,4.88281E-02
3.8504928E-01,2.50977E+00,6.83594E-02
3.8506776E-01,2.50977E+00,2.92969E-02
3.8508624E-01,2.54883E+00,-2.92969E-02
3.8510472E-01,2.45117E+00,9.76562E-03
3.8512320E-01,2.47070E+00,-9.76562E-03
3.8514168E-01,2.41211E+00,-9.76562E-03
3.8516016E-01,2.50977E+00,-9.76562E-03
3.8517864E-01,2.41211E+00,2.92969E-02
3.8519712E-01,2.50977E+00,9.76562E-03
3.8521560E-01,2.49023E+00,8.78906E-02
3.8523408E-01,2.43164E+00,9.76562E-03
3.8525256E-01,2.50977E+00,4.88281E-02
3.8527104E-01,2.47070E+00,6.83594E-02
3.8528952E-01,2.45117E+00,-9.76562E-03
3.8530800E-01,2.45117E+00,-2.92969E-02
3.8532648E-01,2.45117E+00,2.92969E-02
3.8534496E-01,2.50977E+00,9.76562E-03
3.8536344E-01,2.50977E+00,4.88281E-02
3.8538192E-01,2.56836E+00,-2.92969E-02
3.8540040E-01,2.47070E+00,6.83594E-02
3.8541888E-01,2.50977E+00,9.76562E-03
3.8543736E-01,2.50977E+00,6.83594E-02
3.8545584E-01,2.50977E+00,-9.76562E-03
3.8547432E-01,2.49023E+00,-4.88281E-02
3.8549280E-01,2.45117E+00,4.88281E-02
3.8551128E-01,2.49023E+00,4.88281E-02
3.8552976E-01,2.50977E+00,4.88281E-02
3.8554824E-01,2.47070E+00,4.88281E-02
3.8556672E-01,2.43164E+00,2.92969E-02
3.8558520E-01,2.47070E+00,4.88281E-02
3.8560368E-01,2.49023E+00,2.92969E-02
3.8562216E-01,2.47070E+00,8.78906E-02
3.8564064E-01,2.50977E+00,4.88281E-02
3.8565912E-01,2.45117E+00,4.88281E-02
3.8567760E-01,2.43164E+00,-2.92969E-02
3.8569608E-01,2.47070E+00,1.07422E-01
3.8571456E-01,2.45117E+00,-9.76562E-03
3.8573304E-01,2.50977E+00,1.07422E-01
3.8575152E-01,2.50977E+00,9.76562E-03
3.8577000E-01,2.49023E+00,2.92969E-02
3.8578848E-01,2.50977E+00,-9.76562E-03
3.8580696E-01,2.39258E+00,6.83594E-02
3.8582544E-01,2.56836E+00,2.92969E-02
3.8584392E-01,2.49023E+00,4.88281E-02
3.8586240E-01,2.45117E+00,4.88281E-02
3.8588088E-01,2.41211E+00,6.83594E-02
3.8589936E-01,2.47070E+00,9.76562E-03
3.8591784E-01,2.43164E+00,4.88281E-02
3.8593632E-01,2.50977E+00,-2.92969E-02
3.8595480E-01,2.49023E+00,4.88281E-02
3.8597328E-01,2.47070E+00,6.83594E-02
3.8599176E-01,2.47070E+00,2.92969E-02
3.8601024E-01,2.49023E+00,-2.92969E-02
3.8602872E-01,2.45117E+00,9.76562E-03
3.8604720E-01,2.50977E+00,-2.92969E-02
3.8606568E-01,2.50977E+00,9.76562E-03
3.8608416E-01,2.52930E+00,2.92969E-02
3.8610264E-01,2.50977E+00,2.92969E-02
3.8612112E-01,2.45117E+00,9.76562E-03
3.8613960E-01,2.45117E+00,2.92969E-02
3.8615808E-01,2.50977E+00,4.88281E-02
3.8617656E-01,2.49023E+00,9.76562E-03
3.8619504E-01,2.43164E+00,2.92969E-02
3.8621352E-01,2.45117E+00,6.83594E-02
3.8623200E-01,2.47070E+00,2.92969E-02
3.8625048E-01,2.49023E+00,6.83594E-02
3.8626896E-01,2.50977E+00,9.76562E-03
3.8628744E-01,2.43164E+00,1.07422E-01
3.8630592E-01,2.45117E+00,6.83594E-02
3.8632440E-01,2.50977E+00,4.88281E-02
3.8634288E-01,2.50977E+00,-9.76562E-03
3.8636136E-01,2.43164E+00,-9.76562E-03
3.8637984E-01,2.45117E+00,9.76562E-03
3.8639832E-01,2.41211E+00,6.83594E-02
3.8641680E-01,2.50977E+00,4.88281E-02
3.8643528E-01,2.49023E+00,9.76562E-03
3.8645376E-01,2.52930E+00,4.88281E-02
3.8647224E-01,2.47070E+00,6.83594E-02
3.8649072E-01,2.45117E+00,2.92969E-02
3.8650920E-01,2.47070E+00,2.92969E-02
3.8652768E-01,2.47070E+00,1.07422E-01
3.8654616E-01,2.43164E+00,2.92969E-02
3.8656464E-01,2.49023E+00,-9.76562E-03
3.8658312E-01,2.43164E+00,9.76562E-03
3.8660160E-01,2.54883E+00,6.83594E-02
3.8662008E-01,2.50977E+00,4.88281E-02
3.8663856E-01,2.50977E+00,-2.92969E-02
3.8665704E-01,2.47070E+00,6.83594E-02
3.8667552E-01,2.49023E+00,6.83594E-02
3.8669400E-01,2.41211E+00,6.83594E-02
3.8671248E-01,2.50977E+00,9.76562E-03
3.8673096E-01,2.45117E+00,6.83594E-02
3.8674944E-01,2.50977E+00,4.88281E-02
3.8676792E-01,2.45117E+00,9.76562E-03
3.8678640E-01,2.52930E+00,4.88281E-02
3.8680488E-01,2.47070E+00,1.07422E-01
3.8682336E-01,2.56836E+00,2.92969E-02
3.8684184E-01,2.45117E+00,6.83594E-02
3.8686032E-01,2.50977E+00,4.88281E-02
3.8687880E-01,2.54883E+00,2.92969E-02
3.8689728E-01,2.50977E+00,-9.76562E-03
3.8691576E-01,2.47070E+00,9.76562E-03
3.8693424E-01,2.43164E+00,9.76562E-03
3.8695272E-01,2.52930E+00,9.76562E-03
3.8697120E-01,2.50977E+00,2.92969E-02
3.8698968E-01,2.47070E+00,8.78906E-02
3.8700816E-01,2.50977E+00,-9.76562E-03
3.8702664E-01,2.47070E+00,4.88281E-02
3.8704512E-01,2.56836E+00,1.07422E-01
3.8706360E-01,2.49023E+00,2.92969E-02
3.8708208E-01,2.47070E+00,9.76562E-03
3.8710056E-01,2.49023E+00,6.83594E-02
3.8711904E-01,2.45117E+00,6.83594E-02
3.8713752E-01,2.43164E+00,4.88281E-02
3.8715600E-01,2.50977E+00,2.92969E-02
3.8717448E-01,2.47070E+00,8.78906E-02
3.8719296E-01,2.45117E+00,-9.76562E-03
3.8721144E-01,2.47070E+00,2.92969E-02
3.8722992E-01,2.50977E+00,4.88281E-02
3.8724840E-01,2.47070E+00,9.76562E-03
3.8726688E-01,2.50977E+00,9.76562E-03
3.8728536E-01,2.49023E+00,4.88281E-02
3.8730384E-01,2.47070E+00,-9.76562E-03
3.8732232E-01,2.49023E+00,6.83594E-02
3.8734080E-01,2.52930E+00,6.83594E-02
3.8735928E-01,2.45117E+00,-4.88281E-02
3.8737776E-01,2.47070E+00,9.76562E-03
3.8739624E-01,2.56836E+00,6.83594E-02
3.8741472E-01,2.52930E+00,-9.76562E-03
3.8743320E-01,2.50977E+00,9.76562E-03
3.8745168E-01,2.52930E+00,9.76562E-03
3.8747016E-01,2.47070E+00,4.88281E-02
3.8748864E-01,2.49023E+00,2.92969E-02
3.8750712E-01,2.49023E+00,2.92969E-02
3.8752560E-01,2.50977E+00,4.88281E-02
3.8754408E-01,2.45117E+00,2.92969E-02
3.8756256E-01,2.56836E+00,4.88281E-02
3.8758104E-01,2.45117E+00,2.92969E-02
3.8759952E-01,2.49023E+00,-9.76562E-03
3.8761800E-01,2.49023E+00,6.83594E-02
3.8763648E-01,2.43164E+00,9.76562E-03
3.8765496E-01,2.47070E+00,9.76562E-03
3.8767344E-01,2.50977E+00,9.76562E-03
3.8769192E-01,2.41211E+00,6.83594E-02
3.8771040E-01,2.50977E+00,2.92969E-02
3.8772888E-01,2.49023E+00,2.92969E-02
3.8774736E-01,2.47070E+00,2.92969E-02
3.8776584E-01,2.45117E+00,2.92969E-02
3.8778432E-01,2.52930E+00,9.76562E-03
3.8780280E-01,2.47070E+00,6.83594E-02
3.8782128E-01,2.39258E+00,9.76562E-03
3.8783976E-01,2.52930E+00,8.78906E-02
3.8785824E-01,2.52930E+00,9.76562E-03
3.8787672E-01,2.50977E+00,6.83594E-02
3.8789520E-01,2.49023E+00,2.92969E-02
3.8791368E-01,2.43164E+00,6.83594E-02
3.8793216E-01,2.50977E+00,9.76562E-03
3.8795064E-01,2.45117E+00,6.83594E-02
3.8796912E-01,2.47070E+00,2.92969E-02
3.8798760E-01,2.49023E+00,6.83594E-02
3.8800608E-01,2.50977E+00,4.88281E-02
3.8802456E-01,2.50977E+00,9.76562E-03
3.8804304E-01,2.49023E+00,4.88281E-02
3.8806152E-01,2.49023E+00,1.26953E-01
3.8808000E-01,2.50977E+00,2.92969E-02
3.8809848E-01,2.47070E+00,8.78906E-02
3.8811696E-01,2.50977E+00,1.26953E-01
3.8813544E-01,2.45117E+00,6.83594E-02
3.8815392E-01,2.47070E+00,6.83594E-02
3.8817240E-01,2.50977E+00,4.88281E-02
3.8819088E-01,2.50977E+00,-2.92969E-02
3.8820936E-01,2.47070E+00,6.83594E-02
3.8822784E-01,2.47070E+00,4.88281E-02
3.8824632E-01,2.43164E+00,4.88281E-02
3.8826480E-01,2.50977E+00,4.88281E-02
3.8828328E-01,2.47070E+00,2.92969E-02
3.8830176E-01,2.50977E+00,9.76562E-03
3.8832024E-01,2.50977E+00,2.92969E-02
3.8833872E-01,2.50977E+00,8.78906E-02
3.8835720E-01,2.50977E+00,4.88281E-02
3.8837568E-01,2.54883E+00,2.92969E-02
3.8839416E-01,2.50977E+00,6.83594E-02
3.8841264E-01,2.49023E+00,2.92969E-02
3.8843112E-01,2.45117E+00,4.88281E-02
3.8844960E-01,2.49023E+00,9.76562E-03
3.8846808E-01,2.49023E+00,8.78906E-02
3.8848656E-01,2.58789E+00,9.76562E-03
3.8850504E-01,2.49023E+00,6.83594E-02
3.8852352E-01,2.50977E+00,2.92969E-02
3.8854200E-01,2.47070E+00,4.88281E-02
3.8856048E-01,2.56836E+00,2.92969E-02
3.8857896E-01,2.47070E+00,4.88281E-02
3.8859744E-01,2.60742E+00,6.83594E-02
3.8861592E-01,2.49023E+00,8.78906E-02
3.8863440E-01,2.50977E+00,-9.76562E-03
3.8865288E-01,2.45117E+00,9.76562E-03
3.8867136E-01,2.56836E+00,2.92969E-02
3.8868984E-01,2.41211E+00,1.07422E-01
3.8870832E-01,2.54883E+00,-9.76562E-03
3.8872680E-01,2.45117E+00,6.83594E-02
3.8874528E-01,2.49023E+00,9.76562E-03
3.8876376E-01,2.49023E+00,6.83594E-02
3.8878224E-01,2.43164E+00,2.92969E-02
3.8880072E-01,2.47070E+00,1.07422E-01
3.8881920E-01,2.47070E+00,9.76562E-03
3.8883768E-01,2.45117E+00,1.07422E-01
3.8885616E-01,2.47070E+00,2.92969E-02
3.8887464E-01,2.45117E+00,4.88281E-02
3.8889312E-01,2.49023E+00,4.88281E-02
3.8891160E-01,2.50977E+00,2.92969E-02
3.8893008E-01,2.50977E+00,4.88281E-02
3.8894856E-01,2.43164E+00,2.92969E-02
3.8896704E-01,2.52930E+00,-9.76562E-03
3.8898552E-01,2.47070E+00,1.07422E-01
3.8900400E-01,2.54883E+00,9.76562E-03
3.8902248E-01,2.49023E+00,6.83594E-02
3.8904096E-01,2.50977E+00,2.92969E-02
3.8905944E-01,2.49023E+00,4.88281E-02
3.8907792E-01,2.54883E+00,9.76562E-03
3.8909640E-01,2.47070E+00,9.76562E-03
3.8911488E-01,2.50977E+00,9.76562E-03
3.8913336E-01,2.45117E+00,1.26953E-01
3.8915184E-01,2.52930E+00,8.78906E-02
3.8917032E-01,2.47070E+00,4.88281E-02
3.8918880E-01,2.41211E+00,9.76562E-03
3.8920728E-01,2.43164E+00,-2.92969E-02
3.8922576E-01,2.50977E+00,2.92969E-02
3.8924424E-01,2.52930E+00,2.92969E-02
3.8926272E-01,2.50977E+00,2.92969E-02
3.8928120E-01,2.49023E+00,4.88281E-02
3.8929968E-01,2.50977E+00,8.78906E-02
3.8931816E-01,2.47070E+00,6.83594E-02
3.8933664E-01,2.37305E+00,9.76562E-03
3.8935512E-01,2.47070E+00,6.83594E-02
3.8937360E-01,2.50977E+00,4.88281E-02
3.8939208E-01,2.47070E+00,2.92969E-02
3.8941056E-01,2.54883E+00,8.78906E-02
3.8942904E-01,2.43164E+00,4.88281E-02
3.8944752E-01,2.45117E+00,6.83594E-02
3.8946600E-01,2.50977E+00,4.88281E-02
3.8948448E-01,2.47070E+00,9.76562E-03
3.8950296E-01,2.45117E+00,2.92969E-02
3.8952144E-01,2.45117E+00,9.76562E-03
3.8953992E-01,2.49023E+00,4.88281E-02
3.8955840E-01,2.50977E+00,4.88281E-02
3.8957688E-01,2.47070E+00,8.78906E-02
3.8959536E-01,2.50977E+00,9.76562E-03
3.8961384E-01,2.49023E+00,4.88281E-02
3.8963232E-01,2.49023E+00,9.76562E-03
3.8965080E-01,2.43164E+00,1.26953E-01
3.8966928E-01,2.47070E+00,4.88281E-02
3.8968776E-01,2.50977E+00,6.83594E-02
3.8970624E-01,2.47070E+00,9.76562E-03
3.8972472E-01,2.47070E+00,2.92969E-02
3.8974320E-01,2.50977E+00,4.88281E-02
3.8976168E-01,2.45117E+00,9.76562E-03
3.8978016E-01,2.50977E+00,6.83594E-02
3.8979864E-01,2.43164E+00,4.88281E-02
3.8981712E-01,2.50977E+00,-9.76562E-03
3.8983560E-01,2.49023E+00,2.92969E-02
3.8985408E-01,2.52930E+00,4.88281E-02
3.8987256E-01,2.49023E+00,9.76562E-03
3.8989104E-01,2.58789E+00,6.83594E-02
3.8990952E-01,2.49023E+00,2.92969E-02
3.8992800E-01,2.45117E+00,-9.76562E-03
3.8994648E-01,2.52930E+00,6.83594E-02
3.8996496E-01,2.50977E+00,6.83594E-02
3.8998344E-01,2.39258E+00,4.88281E-02
3.9000192E-01,2.52930E+00,2.92969E-02
3.9002040E-01,2.43164E+00,9.76562E-03
3.9003888E-01,2.52930E+00,2.92969E-02
3.9005736E-01,2.47070E+00,1.07422E-01
3.9007584E-01,2.56836E+00,1.07422E-01
3.9009432E-01,2.47070E+00,4.88281E-02
3.9011280E-01,2.47070E+00,4.88281E-02
3.9013128E-01,2.45117E+00,2.92969E-02
3.9014976E-01,2.54883E+00,9.76562E-03
3.9016824E-01,2.56836E+00,2.92969E-02
3.9018672E-01,2.52930E+00,-9.76562E-03
3.9020520E-01,2.49023E+00,-4.88281E-02
3.9022368E-01,2.50977E+00,2.92969E-02
3.9024216E-01,2.54883E+00,9.76562E-03
3.9026064E-01,2.50977E+00,9.76562E-03
3.9027912E-01,2.47070E+00,-2.92969E-02
3.9029760E-01,2.50977E+00,9.76562E-03
3.9031608E-01,2.45117E+00,4.88281E-02
3.9033456E-01,2.49023E+00,4.88281E-02
3.9035304E-01,2.49023E+00,9.76562E-03
3.9037152E-01,2.50977E+00,6.83594E-02
3.9039000E-01,2.49023E+00,4.88281E-02
3.9040848E-01,2.47070E+00,-9.76562E-03
3.9042696E-01,2.49023E+00,9.76562E-03
3.9044544E-01,2.50977E+00,9.76562E-03
3.9046392E-01,2.47070E+00,4.88281E-02
3.9048240E-01,2.54883E+00,9.76562E-03
3.9050088E-01,2.50977E+00,1.07422E-01
3.9051936E-01,2.50977E+00,8.78906E-02
3.9053784E-01,2.50977E+00,4.88281E-02
3.9055632E-01,2.49023E+00,9.76562E-03
3.9057480E-01,2.45117E+00,-2.92969E-02
3.9059328E-01,2.54883E+00,4.88281E-02
3.9061176E-01,2.45117E+00,8.78906E-02
3.9063024E-01,2.52930E+00,2.92969E-02
3.9064872E-01,2.50977E+00,8.78906E-02
3.9066720E-01,2.49023E+00,-9.76562E-03
3.9068568E-01,2.49023E+00,2.92969E-02
3.9070416E-01,2.50977E+00,4.88281E-02
3.9072264E-01,2.45117E+00,2.92969E-02
3.9074112E-01,2.50977E+00,2.92969E-02
3.9075960E-01,2.56836E+00,6.83594E-02
3.9077808E-01,2.50977E+00,1.07422E-01
3.9079656E-01,2.49023E+00,2.92969E-02
3.9081504E-01,2.58789E+00,-9.76562E-03
3.9083352E-01,2.49023E+00,2.92969E-02
3.9085200E-01,2.50977E+00,6.83594E-02
3.9087048E-01,2.49023E+00,4.88281E-02
3.9088896E-01,2.49023E+00,-9.76562E-03
3.9090744E-01,2.54883E+00,4.88281E-02
3.9092592E-01,2.52930E+00,2.92969E-02
3.9094440E-01,2.49023E+00,9.76562E-03
3.9096288E-01,2.54883E+00,2.92969E-02
3.9098136E-01,2.54883E+00,4.88281E-02
3.9099984E-01,2.45117E+00,8.78906E-02
3.9101832E-01,2.52930E+00,9.76562E-03
3.9103680E-01,2.50977E+00,4.88281E-02
3.9105528E-01,2.49023E+00,6.83594E-02
3.9107376E-01,2.49023E+00,4.88281E-02
3.9109224E-01,2.50977E+00,6.83594E-02
3.9111072E-01,2.49023E+00,8.78906E-02
3.9112920E-01,2.47070E+00,6.83594E-02
3.9114768E-01,2.49023E+00,4.88281E-02
3.9116616E-01,2.49023E+00,2.92969E-02
3.9118464E-01,2.49023E+00,9.76562E-03
3.9120312E-01,2.49023E+00,1.07422E-01
3.9122160E-01,2.50977E+00,-9.76562E-03
3.9124008E-01,2.49023E+00,1.26953E-01
3.9125856E-01,2.50977E+00,-2.92969E-02
3.9127704E-01,2.49023E+00,9.76562E-03
3.9129552E-01,2.49023E+00,2.92969E-02
3.9131400E-01,2.49023E+00,9.76562E-03
3.9133248E-01,2.50977E+00,2.92969E-02
3.9135096E-01,2.47070E+00,2.92969E-02
3.9136944E-01,2.49023E+00,-9.76562E-03
3.9138792E-01,2.49023E+00,2.92969E-02
3.9140640E-01,2.43164E+00,2.92969E-02
3.9142488E-01,2.49023E+00,2.92969E-02
3.9144336E-01,2.50977E+00,9.76562E-03
3.9146184E-01,2.49023E+00,6.83594E-02
3.9148032E-01,2.50977E+00,2.92969E-02
3.9149880E-01,2.50977E+00,1.26953E-01
3.9151728E-01,2.50977E+00,9.76562E-03
3.9153576E-01,2.56836E+00,4.88281E-02
3.9155424E-01,2.50977E+00,-9.76562E-03
3.9157272E-01,2.49023E+00,-9.76562E-03
3.9159120E-01,2.50977E+00,-2.92969E-02
3.9160968E-01,2.49023E+00,6.83594E-02
3.9162816E-01,2.50977E+00,2.92969E-02
3.9164664E-01,2.50977E+00,9.76562E-03
3.9166512E-01,2.50977E+00,9.76562E-03
3.9168360E-01,2.45117E+00,4.88281E-02
3.9170208E-01,2.50977E+00,4.88281E-02
3.9172056E-01,2.49023E+00,4.88281E-02
3.9173904E-01,2.52930E+00,2.92969E-02
3.9175752E-01,2.49023E+00,9.76562E-03
3.9177600E-01,2.45117E+00,2.92969E-02
3.9179448E-01,2.47070E+00,2.92969E-02
3.9181296E-01,2.50977E+00,9.76562E-03
3.9183144E-01,2.41211E+00,4.88281E-02
3.9184992E-01,2.43164E+00,4.88281E-02
3.9186840E-01,2.50977E+00,2.92969E-02
3.9188688E-01,2.56836E+00,6.83594E-02
3.9190536E-01,2.52930E+00,4.88281E-02
3.9192384E-01,2.50977E+00,9.76562E-03
3.9194232E-01,2.54883E+00,2.92969E-02
3.9196080E-01,2.54883E+00,9.76562E-03
3.9197928E-01,2.49023E+00,6.83594E-02
3.9199776E-01,2.54883E+00,2.92969E-02
3.9201624E-01,2.49023E+00,4.88281E-02
3.9203472E-01,2.50977E+00,8.78906E-02
3.9205320E-01,2.50977E+00,2.92969E-02
3.9207168E-01,2.50977E+00,2.92969E-02
3.9209016E-01,2.52930E+00,2.92969E-02
3.9210864E-01,2.50977E+00,6.83594E-02
3.9212712E-01,2.49023E+00,9.76562E-03
3.9214560E-01,2.50977E+00,-9.76562E-03
3.9216408E-01,2.45117E+00,2.92969E-02
3.9218256E-01,2.56836E+00,6.83594E-02
3.9220104E-01,2.49023E+00,8.78906E-02
3.9221952E-01,2.49023E+00,9.76562E-03
3.9223800E-01,2.49023E+00,2.92969E-02
3.9225648E-01,2.49023E+00,4.88281E-02
3.9227496E-01,2.47070E+00,2.92969E-02
3.9229344E-01,2.54883E+00,9.76562E-03
3.9231192E-01,2.49023E+00,2.92969E-02
3.9233040E-01,2.50977E+00,4.88281E-02
3.9234888E-01,2.52930E+00,4.88281E-02
3.9236736E-01,2.56836E+00,2.92969E-02
3.9238584E-01,2.45117E+00,1.26953E-01
3.9240432E-01,2.54883E+00,6.83594E-02
3.9242280E-01,2.45117E+00,6.83594E-02
3.9244128E-01,2.54883E+00,6.83594E-02
3.9245976E-01,2.50977E+00,6.83594E-02
3.9247824E-01,2.50977E+00,2.92969E-02
3.9249672E-01,2.49023E+00,6.83594E-02
3.9251520E-01,2.50977E+00,2.92969E-02
3.9253368E-01,2.49023E+00,2.92969E-02
3.9255216E-01,2.49023E+00,9.76562E-03
3.9257064E-01,2.49023E+00,8.78906E-02
3.9258912E-01,2.45117E+00,4.88281E-02
3.9260760E-01,2.50977E+00,8.78906E-02
3.9262608E-01,2.45117E+00,4.88281E-02
3.9264456E-01,2.47070E+00,4.88281E-02
3.9266304E-01,2.50977E+00,6.83594E-02
3.9268152E-01,2.58789E+00,4.88281E-02
3.9270000E-01,2.50977E+00,9.76562E-03
3.9271848E-01,2.56836E+00,1.07422E-01
3.9273696E-01,2.50977E+00,6.83594E-02
3.9275544E-01,2.49023E+00,-9.76562E-03
3.9277392E-01,2.52930E+00,6.83594E-02
3.9279240E-01,2.47070E+00,9.76562E-03
3.9281088E-01,2.50977E+00,2.92969E-02
3.9282936E-01,2.50977E+00,4.88281E-02
3.9284784E-01,2.54883E+00,4.88281E-02
3.9286632E-01,2.50977E+00,4.88281E-02
3.9288480E-01,2.50977E+00,6.83594E-02
3.9290328E-01,2.49023E+00,8.78906E-02
3.9292176E-01,2.47070E+00,2.92969E-02
3.9294024E-01,2.54883E+00,1.46484E-01
3.9295872E-01,2.56836E+00,2.92969E-02
3.9297720E-01,2.47070E+00,6.83594E-02
3.9299568E-01,2.52930E+00,4.88281E-02
3.9301416E-01,2.49023E+00,4.88281E-02
3.9303264E-01,2.50977E+00,1.66016E-01
3.9305112E-01,2.50977E+00,2.92969E-02
3.9306960E-01,2.50977E+00,6.83594E-02
3.9308808E-01,2.47070E+00,8.78906E-02
3.9310656E-01,2.50977E+00,8.78906E-02
3.9312504E-01,2.49023E+00,6.83594E-02
3.9314352E-01,2.50977E+00,1.07422E-01
3.9316200E-01,2.54883E+00,6.83594E-02
3.9318048E-01,2.45117E+00,9.76562E-03
3.9319896E-01,2.50977E+00,2.92969E-02
3.9321744E-01,2.50977E+00,2.92969E-02
3.9323592E-01,2.50977E+00,6.83594E-02
3.9325440E-01,2.49023E+00,2.92969E-02
3.9327288E-01,2.50977E+00,9.76562E-03
3.9329136E-01,2.52930E+00,-9.76562E-03
3.9330984E-01,2.52930E+00,4.88281E-02
3.9332832E-01,2.45117E+00,2.92969E-02
3.9334680E-01,2.54883E+00,2.92969E-02
3.9336528E-01,2.50977E+00,6.83594E-02
3.9338376E-01,2.49023E+00,2.92969E-02
3.9340224E-01,2.56836E+00,9.76562E-03
3.9342072E-01,2.45117E+00,6.83594E-02
3.9343920E-01,2.50977E+00,9.76562E-03
3.9345768E-01,2.47070E+00,4.88281E-02
3.9347616E-01,2.50977E+00,4.88281E-02
3.9349464E-01,2.50977E+00,6.83594E-02
3.9351312E-01,2.47070E+00,2.92969E-02
3.9353160E-01,2.49023E+00,6.83594E-02
3.9355008E-01,2.45117E+00,2.92969E-02
3.9356856E-01,2.47070E+00,8.78906E-02
3.9358704E-01,2.54883E+00,4.88281E-02
3.9360552E-01,2.50977E+00,4.88281E-02
3.9362400E-01,2.50977E+00,9.76562E-03
3.9364248E-01,2.50977E+00,4.88281E-02
3.9366096E-01,2.47070E+00,8.78906E-02
3.9367944E-01,2.47070E+00,1.07422E-01
3.9369792E-01,2.49023E+00,2.92969E-02
3.9371640E-01,2.49023E+00,9.76562E-03
3.9373488E-01,2.56836E+00,9.76562E-03
3.9375336E-01,2.50977E+00,6.83594E-02
3.9377184E-01,2.54883E+00,6.83594E-02
3.9379032E-01,2.52930E+00,6.83594E-02
3.9380880E-01,2.45117E+00,-9.76562E-03
3.9382728E-01,2.47070E+00,1.46484E-01
3.9384576E-01,2.47070E+00,6.83594E-02
3.9386424E-01,2.56836E+00,6.83594E-02
3.9388272E-01,2.56836E+00,1.07422E-01
3.9390120E-01,2.45117E+00,6.83594E-02
3.9391968E-01,2.50977E+00,4.88281E-02
3.9393816E-01,2.45117E+00,1.26953E-01
3.9395664E-01,2.47070E+00,4.88281E-02
3.9397512E-01,2.45117E+00,4.88281E-02
3.9399360E-01,2.50977E+00,6.83594E-02
3.9401208E-01,2.47070E+00,1.07422E-01
3.9403056E-01,2.50977E+00,9.76562E-03
3.9404904E-01,2.45117E+00,4.88281E-02
3.9406752E-01,2.50977E+00,2.92969E-02
3.9408600E-01,2.49023E+00,1.07422E-01
3.9410448E-01,2.50977E+00,6.83594E-02
3.9412296E-01,2.47070E+00,8.78906E-02
3.9414144E-01,2.45117E+00,6.83594E-02
3.9415992E-01,2.50977E+00,4.88281E-02
3.9417840E-01,2.50977E+00,9.76562E-03
3.9419688E-01,2.56836E+00,1.26953E-01
3.9421536E-01,2.52930E+00,6.83594E-02
3.9423384E-01,2.52930E+00,8.78906E-02
3.9425232E-01,2.52930E+00,8.78906E-02
3.9427080E-01,2.54883E+00,4.88281E-02
3.9428928E-01,2.54883E+00,4.88281E-02
3.9430776E-01,2.45117E+00,6.83594E-02
3.9432624E-01,2.52930E+00,6.83594E-02
3.9434472E-01,2.60742E+00,4.88281E-02
3.9436320E-01,2.49023E+00,4.88281E-02
3.9438168E-01,2.52930E+00,8.78906E-02
3.9440016E-01,2.49023E+00,8.78906E-02
3.9441864E-01,2.49023E+00,4.88281E-02
3.9443712E-01,2.50977E+00,1.07422E-01
3.9445560E-01,2.58789E+00,4.88281E-02
3.9447408E-01,2.52930E+00,6.83594E-02
3.9449256E-01,2.49023E+00,2.92969E-02
3.9451104E-01,2.58789E+00,1.46484E-01
3.9452952E-01,2.49023E+00,1.26953E-01
3.9454800E-01,2.50977E+00,6.83594E-02
3.9456648E-01,2.43164E+00,8.78906E-02
3.9458496E-01,2.49023E+00,4.88281E-02
3.9460344E-01,2.62695E+00,1.07422E-01
3.9462192E-01,2.50977E+00,8.78906E-02
3.9464040E-01,2.37305E+00,6.83594E-02
3.9465888E-01,2.50977E+00,6.83594E-02
3.9467736E-01,2.47070E+00,4.88281E-02
3.9469584E-01,2.50977E+00,4.88281E-02
3.9471432E-01,2.49023E+00,6.83594E-02
3.9473280E-01,2.58789E+00,4.88281E-02
3.9475128E-01,2.45117E+00,6.83594E-02
3.9476976E-01,2.50977E+00,2.92969E-02
3.9478824E-01,2.49023E+00,1.46484E-01
3.9480672E-01,2.54883E+00,6.83594E-02
3.9482520E-01,2.45117E+00,2.92969E-02
3.9484368E-01,2.50977E+00,2.92969E-02
3.9486216E-01,2.49023E+00,6.83594E-02
3.9488064E-01,2.50977E+00,9.76562E-03
3.9489912E-01,2.49023E+00,6.83594E-02
3.9491760E-01,2.52930E+00,4.88281E-02
3.9493608E-01,2.47070E+00,4.88281E-02
3.9495456E-01,2.52930E+00,2.92969E-02
3.9497304E-01,2.45117E+00,2.92969E-02
3.9499152E-01,2.45117E+00,8.78906E-02
3.9501000E-01,2.47070E+00,1.26953E-01
3.9502848E-01,2.45117E+00,1.26953E-01
3.9504696E-01,2.49023E+00,2.92969E-02
3.9506544E-01,2.50977E+00,1.26953E-01
3.9508392E-01,2.54883E+00,1.26953E-01
3.9510240E-01,2.50977E+00,6.83594E-02
3.9512088E-01,2.56836E+00,8.78906E-02
3.9513936E-01,2.50977E+00,6.83594E-02
3.9515784E-01,2.50977E+00,2.92969E-02
3.9517632E-01,2.64648E+00,4.88281E-02
3.9519480E-01,2.50977E+00,8.78906E-02
3.9521328E-01,2.49023E+00,4.88281E-02
3.9523176E-01,2.47070E+00,6.83594E-02
3.9525024E-01,2.52930E+00,4.88281E-02
3.9526872E-01,2.49023E+00,6.83594E-02
3.9528720E-01,2.50977E+00,6.83594E-02
3.9530568E-01,2.50977E+00,8.78906E-02
3.9532416E-01,2.47070E+00,4.88281E-02
3.9534264E-01,2.50977E+00,1.07422E-01
3.9536112E-01,2.47070E+00,6.83594E-02
3.9537960E-01,2.49023E+00,1.26953E-01
3.9539808E-01,2.50977E+00,8.78906E-02
3.9541656E-01,2.49023E+00,1.46484E-01
3.9543504E-01,2.56836E+00,2.92969E-02
3.9545352E-01,2.49023E+00,9.76562E-03
3.9547200E-01,2.49023E+00,8.78906E-02
3.9549048E-01,2.52930E+00,6.83594E-02
3.9550896E-01,2.50977E+00,1.07422E-01
3.9552744E-01,2.47070E+00,4.88281E-02
3.9554592E-01,2.50977E+00,1.07422E-01
3.9556440E-01,2.50977E+00,1.07422E-01
3.9558288E-01,2.50977E+00,8.78906E-02
3.9560136E-01,2.54883E+00,1.07422E-01
3.9561984E-01,2.50977E+00,8.78906E-02
3.9563832E-01,2.45117E+00,6.83594E-02
3.9565680E-01,2.50977E+00,6.83594E-02
3.9567528E-01,2.47070E+00,6.83594E-02
3.9569376E-01,2.50977E+00,1.07422E-01
3.9571224E-01,2.49023E+00,2.92969E-02
3.9573072E-01,2.50977E+00,2.92969E-02
3.9574920E-01,2.49023E+00,6.83594E-02
3.9576768E-01,2.45117E+00,4.88281E-02
3.9578616E-01,2.47070E+00,6.83594E-02
3.9580464E-01,2.52930E+00,4.88281E-02
3.9582312E-01,2.43164E+00,8.78906E-02
3.9584160E-01,2.54883E+00,6.83594E-02
3.9586008E-01,2.49023E+00,4.88281E-02
3.9587856E-01,2.54883E+00,6.83594E-02
3.9589704E-01,2.43164E+00,1.46484E-01
3.9591552E-01,2.50977E+00,1.26953E-01
3.9593400E-01,2.54883E+00,1.46484E-01
3.9595248E-01,2.54883E+00,1.26953E-01
3.9597096E-01,2.47070E+00,8.78906E-02
3.9598944E-01,2.62695E+00,1.26953E-01
3.9600792E-01,2.49023E+00,4.88281E-02
3.9602640E-01,2.50977E+00,1.07422E-01
3.9604488E-01,2.49023E+00,1.26953E-01
3.9606336E-01,2.50977E+00,4.88281E-02
3.9608184E-01,2.49023E+00,1.07422E-01
3.9610032E-01,2.50977E+00,1.07422E-01
3.9611880E-01,2.54883E+00,8.78906E-02
3.9613728E-01,2.54883E+00,6.83594E-02
3.9615576E-01,2.56836E+00,6.83594E-02
3.9617424E-01,2.50977E+00,1.66016E-01
3.9619272E-01,2.52930E+00,1.26953E-01
3.9621120E-01,2.47070E+00,1.07422E-01
3.9622968E-01,2.50977E+00,6.83594E-02
3.9624816E-01,2.49023E+00,8.78906E-02
3.9626664E-01,2.47070E+00,1.07422E-01
3.9628512E-01,2.50977E+00,6.83594E-02
3.9630360E-01,2.49023E+00,6.83594E-02
3.9632208E-01,2.50977E+00,1.26953E-01
3.9634056E-01,2.52930E+00,6.83594E-02
3.9635904E-01,2.50977E+00,9.76562E-03
3.9637752E-01,2.54883E+00,1.26953E-01
3.9639600E-01,2.56836E+00,1.26953E-01
3.9641448E-01,2.45117E+00,1.46484E-01
3.9643296E-01,2.62695E+00,1.46484E-01
3.9645144E-01,2.50977E+00,6.83594E-02
3.9646992E-01,2.56836E+00,6.83594E-02
3.9648840E-01,2.56836E+00,1.46484E-01
3.9650688E-01,2.49023E+00,6.83594E-02
3.9652536E-01,2.54883E+00,6.83594E-02
3.9654384E-01,2.50977E+00,6.83594E-02
3.9656232E-01,2.47070E+00,1.46484E-01
3.9658080E-01,2.64648E+00,1.26953E-01
3.9659928E-01,2.56836E+00,6.83594E-02
3.9661776E-01,2.54883E+00,1.07422E-01
3.9663624E-01,2.52930E+00,6.83594E-02
3.9665472E-01,2.52930E+00,1.07422E-01
3.9667320E-01,2.50977E+00,6.83594E-02
3.9669168E-01,2.56836E+00,1.26953E-01
3.9671016E-01,2.47070E+00,1.46484E-01
3.9672864E-01,2.50977E+00,6.83594E-02
3.9674712E-01,2.47070E+00,8.78906E-02
3.9676560E-01,2.50977E+00,8.78906E-02
3.9678408E-01,2.58789E+00,8.78906E-02
3.9680256E-01,2.49023E+00,8.78906E-02
3.9682104E-01,2.45117E+00,8.78906E-02
3.9683952E-01,2.50977E+00,8.78906E-02
3.9685800E-01,2.49023E+00,1.26953E-01
3.9687648E-01,2.50977E+00,1.46484E-01
3.9689496E-01,2.49023E+00,1.46484E-01
3.9691344E-01,2.50977E+00,1.07422E-01
3.9693192E-01,2.49023E+00,6.83594E-02
3.9695040E-01,2.56836E+00,8.78906E-02
3.9696888E-01,2.47070E+00,1.07422E-01
3.9698736E-01,2.50977E+00,1.26953E-01
3.9700584E-01,2.49023E+00,1.46484E-01
3.9702432E-01,2.50977E+00,6.83594E-02
3.9704280E-01,2.60742E+00,8.78906E-02
3.9706128E-01,2.50977E+00,2.92969E-02
3.9707976E-01,2.54883E+00,1.07422E-01
3.9709824E-01,2.54883E+00,8.78906E-02
3.9711672E-01,2.49023E+00,1.26953E-01
3.9713520E-01,2.56836E+00,1.26953E-01
3.9715368E-01,2.50977E+00,6.83594E-02
3.9717216E-01,2.50977E+00,8.78906E-02
3.9719064E-01,2.56836E+00,1.46484E-01
3.9720912E-01,2.58789E+00,1.46484E-01
3.9722760E-01,2.47070E+00,1.07422E-01
3.9724608E-01,2.54883E+00,1.07422E-01
3.9726456E-01,2.54883E+00,1.66016E-01
3.9728304E-01,2.52930E+00,1.26953E-01
3.9730152E-01,2.50977E+00,1.46484E-01
3.9732000E-01,2.50977E+00,6.83594E-02
3.9733848E-01,2.49023E+00,6.83594E-02
3.9735696E-01,2.58789E+00,6.83594E-02
3.9737544E-01,2.49023E+00,1.07422E-01
3.9739392E-01,2.50977E+00,1.07422E-01
3.9741240E-01,2.49023E+00,8.78906E-02
3.9743088E-01,2.50977E+00,1.26953E-01
3.9744936E-01,2.43164E+00,8.78906E-02
3.9746784E-01,2.49023E+00,1.26953E-01
3.9748632E-01,2.49023E+00,1.26953E-01
3.9750480E-01,2.54883E+00,1.46484E-01
3.9752328E-01,2.47070E+00,8.78906E-02
3.9754176E-01,2.52930E+00,1.26953E-01
3.9756024E-01,2.54883E+00,6.83594E-02
3.9757872E-01,2.54883E+00,6.83594E-02
3.9759720E-01,2.54883E+00,8.78906E-02
3.9761568E-01,2.52930E+00,6.83594E-02
3.9763416E-01,2.56836E+00,1.07422E-01
3.9765264E-01,2.58789E+00,4.88281E-02
3.9767112E-01,2.49023E+00,1.66016E-01
3.9768960E-01,2.45117E+00,8.78906E-02
3.9770808E-01,2.50977E+00,1.46484E-01
3.9772656E-01,2.58789E+00,1.07422E-01
3.9774504E-01,2.45117E+00,1.46484E-01
3.9776352E-01,2.49023E+00,6.83594E-02
3.9778200E-01,2.50977E+00,4.88281E-02
3.9780048E-01,2.56836E+00,1.85547E-01
3.9781896E-01,2.50977E+00,6.83594E-02
3.9783744E-01,2.54883E+00,6.83594E-02
3.9785592E-01,2.49023E+00,6.83594E-02
3.9787440E-01,2.52930E+00,1.26953E-01
3.9789288E-01,2.56836E+00,1.46484E-01
3.9791136E-01,2.50977E+00,4.88281E-02
3.9792984E-01,2.52930E+00,1.26953E-01
3.9794832E-01,2.50977E+00,1.66016E-01
3.9796680E-01,2.56836E+00,1.26953E-01
3.9798528E-01,2.52930E+00,1.26953E-01
3.9800376E-01,2.56836E+00,1.85547E-01
3.9802224E-01,2.52930E+00,1.07422E-01
3.9804072E-01,2.52930E+00,1.07422E-01
3.9805920E-01,2.50977E+00,8.78906E-02
3.9807768E-01,2.54883E+00,1.66016E-01
3.9809616E-01,2.50977E+00,6.83594E-02
3.9811464E-01,2.49023E+00,1.07422E-01
3.9813312E-01,2.50977E+00,8.78906E-02
3.9815160E-01,2.47070E+00,1.07422E-01
3.9817008E-01,2.43164E+00,1.07422E-01
3.9818856E-01,2.47070E+00,1.26953E-01
3.9820704E-01,2.56836E+00,1.26953E-01
3.9822552E-01,2.49023E+00,8.78906E-02
3.9824400E-01,2.52930E+00,6.83594E-02
3.9826248E-01,2.50977E+00,1.07422E-01
3.9828096E-01,2.50977E+00,6.83594E-02
3.9829944E-01,2.58789E+00,1.85547E-01
3.9831792E-01,2.56836E+00,1.26953E-01
3.9833640E-01,2.60742E+00,1.46484E-01
3.9835488E-01,2.52930E+00,1.85547E-01
3.9837336E-01,2.49023E+00,1.46484E-01
3.9839184E-01,2.60742E+00,6.83594E-02
3.9841032E-01,2.58789E+00,1.66016E-01
3.9842880E-01,2.50977E+00,8.78906E-02
3.9844728E-01,2.50977E+00,1.07422E-01
3.9846576E-01,2.56836E+00,1.66016E-01
3.9848424E-01,2.54883E+00,1.07422E-01
3.9850272E-01,2.49023E+00,8.78906E-02
3.9852120E-01,2.50977E+00,1.26953E-01
3.9853968E-01,2.50977E+00,8.78906E-02
3.9855816E-01,2.54883E+00,8.78906E-02
3.9857664E-01,2.50977E+00,1.07422E-01
3.9859512E-01,2.56836E+00,1.85547E-01
3.9861360E-01,2.50977E+00,1.46484E-01
3.9863208E-01,2.56836E+00,8.78906E-02
3.9865056E-01,2.56836E+00,1.46484E-01
3.9866904E-01,2.56836E+00,1.26953E-01
3.9868752E-01,2.56836E+00,1.46484E-01
3.9870600E-01,2.45117E+00,1.66016E-01
3.9872448E-01,2.56836E+00,1.26953E-01
3.9874296E-01,2.43164E+00,1.66016E-01
3.9876144E-01,2.52930E+00,1.07422E-01
3.9877992E-01,2.49023E+00,2.05078E-01
3.9879840E-01,2.50977E+00,6.83594E-02
3.9881688E-01,2.49023E+00,1.46484E-01
3.9883536E-01,2.58789E+00,1.07422E-01
3.9885384E-01,2.50977E+00,6.83594E-02
3.9887232E-01,2.54883E+00,8.78906E-02
3.9889080E-01,2.54883E+00,1.46484E-01
3.9890928E-01,2.56836E+00,8.78906E-02
3.9892776E-01,2.45117E+00,1.07422E-01
3.9894624E-01,2.52930E+00,1.46484E-01
3.9896472E-01,2.56836E+00,1.46484E-01
3.9898320E-01,2.60742E+00,1.26953E-01
3.9900168E-01,2.49023E+00,1.46484E-01
3.9902016E-01,2.60742E+00,1.46484E-01
3.9903864E-01,2.49023E+00,1.46484E-01
3.9905712E-01,2.50977E+00,1.66016E-01
3.9907560E-01,2.49023E+00,1.66016E-01
3.9909408E-01,2.50977E+00,1.46484E-01
3.9911256E-01,2.56836E+00,1.07422E-01
3.9913104E-01,2.50977E+00,1.07422E-01
3.9914952E-01,2.47070E+00,1.26953E-01
3.9916800E-01,2.50977E+00,1.26953E-01
3.9918648E-01,2.49023E+00,1.66016E-01
3.9920496E-01,2.50977E+00,1.46484E-01
3.9922344E-01,2.47070E+00,1.46484E-01
3.9924192E-01,2.52930E+00,1.26953E-01
3.9926040E-01,2.56836E+00,1.46484E-01
3.9927888E-01,2.54883E+00,1.26953E-01
3.9929736E-01,2.52930E+00,1.85547E-01
3.9931584E-01,2.50977E+00,8.78906E-02
3.9933432E-01,2.56836E+00,1.07422E-01
3.9935280E-01,2.54883E+00,1.46484E-01
3.9937128E-01,2.43164E+00,1.46484E-01
3.9938976E-01,2.50977E+00,6.83594E-02
3.9940824E-01,2.45117E+00,1.85547E-01
3.9942672E-01,2.47070E+00,1.46484E-01
3.9944520E-01,2.56836E+00,1.66016E-01
3.9946368E-01,2.54883E+00,1.66016E-01
3.9948216E-01,2.60742E+00,1.46484E-01
3.9950064E-01,2.52930E+00,1.07422E-01
3.9951912E-01,2.56836E+00,1.26953E-01
3.9953760E-01,2.58789E+00,1.46484E-01
3.9955608E-01,2.58789E+00,1.85547E-01
3.9957456E-01,2.56836E+00,6.83594E-02
3.9959304E-01,2.47070E+00,1.46484E-01
3.9961152E-01,2.50977E+00,8.78906E-02
3.9963000E-01,2.49023E+00,1.66016E-01
3.9964848E-01,2.56836E+00,1.85547E-01
3.9966696E-01,2.56836E+00,1.85547E-01
3.9968544E-01,2.60742E+00,2.05078E-01
3.9970392E-01,2.56836E+00,1.07422E-01
3.9972240E-01,2.56836E+00,1.66016E-01
3.9974088E-01,2.52930E+00,1.66016E-01
3.9975936E-01,2.50977E+00,1.07422E-01
3.9977784E-01,2.50977E+00,1.46484E-01
3.9979632E-01,2.54883E+00,1.46484E-01
3.9981480E-01,2.49023E+00,1.26953E-01
3.9983328E-01,2.58789E+00,1.66016E-01
3.9985176E-01,2.45117E+00,6.83594E-02
3.9987024E-01,2.58789E+00,8.78906E-02
3.9988872E-01,2.50977E+00,1.66016E-01
3.9990720E-01,2.62695E+00,1.46484E-01
3.9992568E-01,2.45117E+00,1.46484E-01
3.9994416E-01,2.50977E+00,1.85547E-01
3.9996264E-01,2.56836E+00,1.85547E-01
3.9998112E-01,2.50977E+00,1.26953E-01
3.9999960E-01,2.49023E+00,1.07422E-01
4.0001808E-01,2.47070E+00,1.85547E-01
4.0003656E-01,2.54883E+00,1.66016E-01
4.0005504E-01,2.56836E+00,1.46484E-01
4.0007352E-01,2.54883E+00,1.66016E-01
4.0009200E-01,2.60742E+00,8.78906E-02
4.0011048E-01,2.50977E+00,1.66016E-01
4.0012896E-01,2.58789E+00,1.26953E-01
4.0014744E-01,2.50977E+00,1.85547E-01
4.0016592E-01,2.60742E+00,1.85547E-01
4.0018440E-01,2.45117E+00,1.46484E-01
4.0020288E-01,2.56836E+00,1.26953E-01
4.0022136E-01,2.45117E+00,1.26953E-01
4.0023984E-01,2.52930E+00,1.46484E-01
4.0025832E-01,2.56836E+00,1.66016E-01
4.0027680E-01,2.50977E+00,1.26953E-01
4.0029528E-01,2.54883E+00,1.46484E-01
4.0031376E-01,2.54883E+00,1.85547E-01
4.0033224E-01,2.54883E+00,1.46484E-01
4.0035072E-01,2.62695E+00,1.07422E-01
4.0036920E-01,2.52930E+00,1.85547E-01
4.0038768E-01,2.50977E+00,1.85547E-01
4.0040616E-01,2.54883E+00,1.46484E-01
4.0042464E-01,2.50977E+00,1.26953E-01
4.0044312E-01,2.52930E+00,1.85547E-01
4.0046160E-01,2.50977E+00,8.78906E-02
4.0048008E-01,2.50977E+00,1.66016E-01
4.0049856E-01,2.56836E+00,1.46484E-01
4.0051704E-01,2.58789E+00,1.46484E-01
4.0053552E-01,2.50977E+00,2.05078E-01
4.0055400E-01,2.47070E+00,1.26953E-01
4.0057248E-01,2.52930E+00,8.78906E-02
4.0059096E-01,2.50977E+00,2.05078E-01
4.0060944E-01,2.60742E+00,1.66016E-01
4.0062792E-01,2.56836E+00,1.85547E-01
4.0064640E-01,2.60742E+00,1.46484E-01
4.0066488E-01,2.54883E+00,1.85547E-01
4.0068336E-01,2.62695E+00,2.05078E-01
4.0070184E-01,2.52930E+00,1.66016E-01
4.0072032E-01,2.56836E+00,1.26953E-01
4.0073880E-01,2.52930E+00,2.05078E-01
4.0075728E-01,2.56836E+00,1.26953E-01
4.0077576E-01,2.45117E+00,1.85547E-01
4.0079424E-01,2.50977E+00,1.66016E-01
4.0081272E-01,2.56836E+00,6.83594E-02
4.0083120E-01,2.54883E+00,2.05078E-01
4.0084968E-01,2.47070E+00,1.66016E-01
4.0086816E-01,2.52930E+00,2.05078E-01
4.0088664E-01,2.54883E+00,1.66016E-01
4.0090512E-01,2.62695E+00,1.66016E-01
4.0092360E-01,2.56836E+00,2.05078E-01
4.0094208E-01,2.52930E+00,1.85547E-01
4.0096056E-01,2.49023E+00,2.05078E-01
4.0097904E-01,2.50977E+00,1.85547E-01
4.0099752E-01,2.47070E+00,1.07422E-01
4.0101600E-01,2.56836E+00,1.07422E-01
4.0103448E-01,2.50977E+00,1.66016E-01
4.0105296E-01,2.47070E+00,1.66016E-01
4.0107144E-01,2.52930E+00,1.26953E-01
4.0108992E-01,2.58789E+00,1.66016E-01
4.0110840E-01,2.49023E+00,1.66016E-01
4.0112688E-01,2.52930E+00,1.85547E-01
4.0114536E-01,2.52930E+00,2.05078E-01
4.0116384E-01,2.60742E+00,1.66016E-01
4.0118232E-01,2.49023E+00,1.85547E-01
4.0120080E-01,2.50977E+00,1.66016E-01
4.0121928E-01,2.54883E+00,1.46484E-01
4.0123776E-01,2.58789E+00,1.26953E-01
4.0125624E-01,2.50977E+00,2.05078E-01
4.0127472E-01,2.47070E+00,2.05078E-01
4.0129320E-01,2.56836E+00,1.66016E-01
4.0131168E-01,2.58789E+00,1.26953E-01
4.0133016E-01,2.50977E+00,2.05078E-01
4.0134864E-01,2.50977E+00,1.46484E-01
4.0136712E-01,2.52930E+00,1.66016E-01
4.0138560E-01,2.50977E+00,1.46484E-01
4.0140408E-01,2.45117E+00,2.05078E-01
4.0142256E-01,2.50977E+00,1.66016E-01
4.0144104E-01,2.52930E+00,1.46484E-01
4.0145952E-01,2.56836E+00,1.26953E-01
4.0147800E-01,2.50977E+00,1.85547E-01
4.0149648E-01,2.54883E+00,1.85547E-01
4.0151496E-01,2.56836E+00,2.05078E-01
4.0153344E-01,2.60742E+00,1.07422E-01
4.0155192E-01,2.52930E+00,1.66016E-01
4.0157040E-01,2.56836E+00,1.66016E-01
4.0158888E-01,2.56836E+00,2.05078E-01
4.0160736E-01,2.52930E+00,1.66016E-01
4.0162584E-01,2.56836E+00,1.85547E-01
4.0164432E-01,2.50977E+00,2.05078E-01
4.0166280E-01,2.49023E+00,1.66016E-01
4.0168128E-01,2.52930E+00,1.66016E-01
4.0169976E-01,2.56836E+00,1.66016E-01
4.0171824E-01,2.58789E+00,1.66016E-01
4.0173672E-01,2.56836E+00,1.85547E-01
4.0175520E-01,2.60742E+00,1.26953E-01
4.0177368E-01,2.52930E+00,1.46484E-01
4.0179216E-01,2.50977E+00,1.85547E-01
4.0181064E-01,2.58789E+00,1.66016E-01
4.0182912E-01,2.58789E+00,1.07422E-01
4.0184760E-01,2.56836E+00,2.05078E-01
4.0186608E-01,2.54883E+00,2.05078E-01
4.0188456E-01,2.56836E+00,1.85547E-01
4.0190304E-01,2.60742E+00,1.85547E-01
4.0192152E-01,2.52930E+00,2.05078E-01
4.0194000E-01,2.50977E+00,2.63672E-01
4.0195848E-01,2.62695E+00,1.46484E-01
4.0197696E-01,2.56836E+00,1.46484E-01
4.0199544E-01,2.52930E+00,2.05078E-01
4.0201392E-01,2.54883E+00,1.46484E-01
4.0203240E-01,2.54883E+00,1.66016E-01
4.0205088E-01,2.54883E+00,1.46484E-01
4.0206936E-01,2.50977E+00,2.05078E-01
4.0208784E-01,2.54883E+00,2.05078E-01
4.0210632E-01,2.56836E+00,1.07422E-01
4.0212480E-01,2.56836E+00,1.85547E-01
4.0214328E-01,2.56836E+00,2.05078E-01
4.0216176E-01,2.54883E+00,1.66016E-01
4.0218024E-01,2.49023E+00,1.46484E-01
4.0219872E-01,2.62695E+00,1.66016E-01
4.0221720E-01,2.56836E+00,1.85547E-01
4.0223568E-01,2.60742E+00,1.66016E-01
4.0225416E-01,2.47070E+00,1.85547E-01
4.0227264E-01,2.56836E+00,2.05078E-01
4.0229112E-01,2.50977E+00,2.05078E-01
4.0230960E-01,2.56836E+00,1.66016E-01
4.0232808E-01,2.52930E+00,1.66016E-01
4.0234656E-01,2.56836E+00,2.05078E-01
4.0236504E-01,2.50977E+00,2.05078E-01
4.0238352E-01,2.50977E+00,1.46484E-01
4.0240200E-01,2.47070E+00,1.85547E-01
4.0242048E-01,2.56836E+00,2.05078E-01
4.0243896E-01,2.56836E+00,1.66016E-01
4.0245744E-01,2.47070E+00,1.07422E-01
4.0247592E-01,2.52930E+00,1.66016E-01
4.0249440E-01,2.58789E+00,1.85547E-01
4.0251288E-01,2.49023E+00,1.85547E-01
4.0253136E-01,2.52930E+00,1.85547E-01
4.0254984E-01,2.52930E+00,1.46484E-01
4.0256832E-01,2.52930E+00,1.66016E-01
4.0258680E-01,2.52930E+00,2.05078E-01
4.0260528E-01,2.52930E+00,1.85547E-01
4.0262376E-01,2.49023E+00,1.66016E-01
4.0264224E-01,2.54883E+00,2.44141E-01
4.0266072E-01,2.50977E+00,2.05078E-01
4.0267920E-01,2.54883E+00,1.26953E-01
4.0269768E-01,2.58789E+00,1.46484E-01
4.0271616E-01,2.60742E+00,1.26953E-01
4.0273464E-01,2.54883E+00,1.66016E-01
4.0275312E-01,2.56836E+00,2.05078E-01
4.0277160E-01,2.50977E+00,2.05078E-01
4.0279008E-01,2.50977E+00,1.66016E-01
4.0280856E-01,2.54883E+00,1.66016E-01
4.0282704E-01,2.50977E+00,2.05078E-01
4.0284552E-01,2.56836E+00,1.46484E-01
4.0286400E-01,2.56836E+00,1.66016E-01
4.0288248E-01,2.54883E+00,1.85547E-01
4.0290096E-01,2.58789E+00,1.46484E-01
4.0291944E-01,2.47070E+00,1.46484E-01
4.0293792E-01,2.58789E+00,2.05078E-01
4.0295640E-01,2.49023E+00,1.46484E-01
4.0297488E-01,2.50977E+00,1.26953E-01
4.0299336E-01,2.52930E+00,2.05078E-01
4.0301184E-01,2.56836E+00,2.05078E-01
4.0303032E-01,2.54883E+00,1.07422E-01
4.0304880E-01,2.62695E+00,2.05078E-01
4.0306728E-01,2.52930E+00,1.66016E-01
4.0308576E-01,2.54883E+00,2.05078E-01
4.0310424E-01,2.56836E+00,2.05078E-01
4.0312272E-01,2.52930E+00,2.05078E-01
4.0314120E-01,2.56836E+00,2.05078E-01
4.0315968E-01,2.52930E+00,1.66016E-01
4.0317816E-01,2.49023E+00,1.66016E-01
4.0319664E-01,2.54883E+00,2.05078E-01
4.0321512E-01,2.64648E+00,2.05078E-01
4.0323360E-01,2.62695E+00,1.85547E-01
4.0325208E-01,2.56836E+00,2.05078E-01
4.0327056E-01,2.60742E+00,2.05078E-01
4.0328904E-01,2.50977E+00,2.05078E-01
4.0330752E-01,2.50977E+00,1.26953E-01
4.0332600E-01,2.64648E+00,2.83203E-01
4.0334448E-01,2.60742E+00,1.85547E-01
4.0336296E-01,2.45117E+00,1.85547E-01
4.0338144E-01,2.60742E+00,1.85547E-01
4.0339992E-01,2.52930E+00,2.24609E-01
4.0341840E-01,2.62695E+00,1.66016E-01
4.0343688E-01,2.56836E+00,1.66016E-01
4.0345536E-01,2.52930E+00,1.46484E-01
4.0347384E-01,2.58789E+00,1.46484E-01
4.0349232E-01,2.58789E+00,2.05078E-01
4.0351080E-01,2.50977E+00,1.66016E-01
4.0352928E-01,2.60742E+00,1.66016E-01
4.0354776E-01,2.60742E+00,2.05078E-01
4.0356624E-01,2.58789E+00,1.46484E-01
4.0358472E-01,2.56836E+00,1.85547E-01
4.0360320E-01,2.64648E+00,2.63672E-01
4.0362168E-01,2.56836E+00,1.66016E-01
4.0364016E-01,2.56836E+00,1.66016E-01
4.0365864E-01,2.50977E+00,2.05078E-01
4.0367712E-01,2.56836E+00,2.05078E-01
4.0369560E-01,2.50977E+00,1.85547E-01
4.0371408E-01,2.54883E+00,2.05078E-01
4.0373256E-01,2.52930E+00,1.66016E-01
4.0375104E-01,2.54883E+00,2.44141E-01
4.0376952E-01,2.50977E+00,1.85547E-01
4.0378800E-01,2.58789E+00,2.05078E-01
4.0380648E-01,2.54883E+00,1.66016E-01
4.0382496E-01,2.50977E+00,2.05078E-01
4.0384344E-01,2.50977E+00,2.05078E-01
4.0386192E-01,2.50977E+00,1.85547E-01
4.0388040E-01,2.50977E+00,2.63672E-01
4.0389888E-01,2.52930E+00,1.66016E-01
4.0391736E-01,2.56836E+00,1.26953E-01
4.0393584E-01,2.50977E+00,1.85547E-01
4.0395432E-01,2.50977E+00,1.66016E-01
4.0397280E-01,2.50977E+00,2.05078E-01
4.0399128E-01,2.49023E+00,2.24609E-01
4.0400976E-01,2.64648E+00,2.24609E-01
4.0402824E-01,2.47070E+00,2.44141E-01
4.0404672E-01,2.56836E+00,1.85547E-01
4.0406520E-01,2.60742E+00,2.05078E-01
4.0408368E-01,2.56836E+00,1.85547E-01
4.0410216E-01,2.49023E+00,2.24609E-01
4.0412064E-01,2.56836E+00,2.05078E-01
4.0413912E-01,2.56836E+00,1.66016E-01
4.0415760E-01,2.56836E+00,1.66016E-01
4.0417608E-01,2.52930E+00,2.44141E-01
4.0419456E-01,2.58789E+00,1.66016E-01
4.0421304E-01,2.56836E+00,1.85547E-01
4.0423152E-01,2.54883E+00,2.05078E-01
4.0425000E-01,2.49023E+00,2.05078E-01
4.0426848E-01,2.56836E+00,2.24609E-01
4.0428696E-01,2.54883E+00,1.66016E-01
4.0430544E-01,2.56836E+00,2.44141E-01
4.0432392E-01,2.58789E+00,2.05078E-01
4.0434240E-01,2.56836E+00,2.05078E-01
4.0436088E-01,2.52930E+00,2.05078E-01
4.0437936E-01,2.62695E+00,2.05078E-01
4.0439784E-01,2.50977E+00,1.85547E-01
4.0441632E-01,2.54883E+00,1.85547E-01
4.0443480E-01,2.56836E+00,2.05078E-01
4.0445328E-01,2.56836E+00,2.05078E-01
4.0447176E-01,2.49023E+00,2.83203E-01
4.0449024E-01,2.56836E+00,2.24609E-01
4.0450872E-01,2.54883E+00,1.85547E-01
4.0452720E-01,2.58789E+00,1.85547E-01
4.0454568E-01,2.52930E+00,2.24609E-01
4.0456416E-01,2.49023E+00,2.05078E-01
4.0458264E-01,2.52930E+00,1.66016E-01
4.0460112E-01,2.50977E+00,2.63672E-01
4.0461960E-01,2.50977E+00,2.83203E-01
4.0463808E-01,2.58789E+00,2.05078E-01
4.0465656E-01,2.56836E+00,2.05078E-01
4.0467504E-01,2.52930E+00,1.85547E-01
4.0469352E-01,2.52930E+00,1.85547E-01
4.0471200E-01,2.60742E+00,1.26953E-01
4.0473048E-01,2.49023E+00,1.66016E-01
4.0474896E-01,2.60742E+00,2.05078E-01
4.0476744E-01,2.54883E+00,2.44141E-01
4.0478592E-01,2.58789E+00,1.85547E-01
4.0480440E-01,2.54883E+00,2.44141E-01
4.0482288E-01,2.54883E+00,1.85547E-01
4.0484136E-01,2.50977E+00,2.05078E-01
4.0485984E-01,2.58789E+00,2.05078E-01
4.0487832E-01,2.50977E+00,3.41797E-01
4.0489680E-01,2.56836E+00,1.66016E-01
4.0491528E-01,2.50977E+00,2.44141E-01
4.0493376E-01,2.58789E+00,1.66016E-01
4.0495224E-01,2.52930E+00,1.46484E-01
4.0497072E-01,2.64648E+00,2.05078E-01
4.0498920E-01,2.49023E+00,1.85547E-01
4.0500768E-01,2.56836E+00,1.85547E-01
4.0502616E-01,2.58789E+00,2.24609E-01
4.0504464E-01,2.58789E+00,2.05078E-01
4.0506312E-01,2.52930E+00,2.05078E-01
4.0508160E-01,2.56836E+00,1.66016E-01
4.0510008E-01,2.52930E+00,2.44141E-01
4.0511856E-01,2.50977E+00,1.66016E-01
4.0513704E-01,2.56836E+00,2.63672E-01
4.0515552E-01,2.50977E+00,2.44141E-01
4.0517400E-01,2.47070E+00,1.66016E-01
4.0519248E-01,2.58789E+00,2.05078E-01
4.0521096E-01,2.52930E+00,2.24609E-01
4.0522944E-01,2.54883E+00,2.05078E-01
4.0524792E-01,2.56836E+00,2.05078E-01
4.0526640E-01,2.54883E+00,2.05078E-01
4.0528488E-01,2.58789E+00,2.44141E-01
4.0530336E-01,2.54883E+00,2.44141E-01
4.0532184E-01,2.56836E+00,2.24609E-01
4.0534032E-01,2.56836E+00,2.05078E-01
4.0535880E-01,2.60742E+00,2.24609E-01
4.0537728E-01,2.56836E+00,3.02734E-01
4.0539576E-01,2.58789E+00,1.66016E-01
4.0541424E-01,2.50977E+00,1.85547E-01
4.0543272E-01,2.50977E+00,2.63672E-01
4.0545120E-01,2.54883E+00,2.24609E-01
4.0546968E-01,2.56836E+00,2.24609E-01
4.0548816E-01,2.62695E+00,1.85547E-01
4.0550664E-01,2.56836E+00,2.44141E-01
4.0552512E-01,2.62695E+00,1.85547E-01
4.0554360E-01,2.52930E+00,2.24609E-01
4.0556208E-01,2.58789E+00,2.83203E-01
4.0558056E-01,2.52930E+00,2.05078E-01
4.0559904E-01,2.50977E+00,1.85547E-01
4.0561752E-01,2.52930E+00,2.05078E-01
4.0563600E-01,2.50977E+00,2.63672E-01
4.0565448E-01,2.50977E+00,2.63672E-01
4.0567296E-01,2.60742E+00,1.85547E-01
4.0569144E-01,2.50977E+00,2.24609E-01
4.0570992E-01,2.56836E+00,2.05078E-01
4.0572840E-01,2.56836E+00,1.85547E-01
4.0574688E-01,2.52930E+00,2.63672E-01
4.0576536E-01,2.52930E+00,2.24609E-01
4.0578384E-01,2.52930E+00,1.85547E-01
4.0580232E-01,2.52930E+00,1.85547E-01
4.0582080E-01,2.50977E+00,1.85547E-01
4.0583928E-01,2.52930E+00,2.05078E-01
4.0585776E-01,2.56836E+00,2.83203E-01
4.0587624E-01,2.50977E+00,1.85547E-01
4.0589472E-01,2.64648E+00,2.05078E-01
4.0591320E-01,2.56836E+00,2.24609E-01
4.0593168E-01,2.56836E+00,2.44141E-01
4.0595016E-01,2.54883E+00,2.63672E-01
4.0596864E-01,2.56836E+00,2.24609E-01
4.0598712E-01,2.52930E+00,2.63672E-01
4.0600560E-01,2.54883E+00,2.05078E-01
4.0602408E-01,2.56836E+00,2.05078E-01
4.0604256E-01,2.56836E+00,1.66016E-01
4.0606104E-01,2.56836E+00,2.05078E-01
4.0607952E-01,2.54883E+00,2.83203E-01
4.0609800E-01,2.58789E+00,2.44141E-01
4.0611648E-01,2.60742E+00,2.05078E-01
4.0613496E-01,2.58789E+00,2.83203E-01
4.0615344E-01,2.56836E+00,2.83203E-01
4.0617192E-01,2.60742E+00,1.66016E-01
4.0619040E-01,2.52930E+00,2.05078E-01
4.0620888E-01,2.58789E+00,2.63672E-01
4.0622736E-01,2.58789E+00,2.05078E-01
4.0624584E-01,2.54883E+00,1.85547E-01
4.0626432E-01,2.60742E+00,2.05078E-01
4.0628280E-01,2.56836E+00,2.24609E-01
4.0630128E-01,2.56836E+00,2.05078E-01
4.0631976E-01,2.52930E+00,2.24609E-01
4.0633824E-01,2.64648E+00,1.66016E-01
4.0635672E-01,2.60742E+00,2.24609E-01
4.0637520E-01,2.52930E+00,2.05078E-01
4.0639368E-01,2.58789E+00,2.24609E-01
4.0641216E-01,2.58789E+00,2.24609E-01
4.0643064E-01,2.52930E+00,2.05078E-01
4.0644912E-01,2.50977E+00,2.44141E-01
4.0646760E-01,2.52930E+00,2.24609E-01
4.0648608E-01,2.58789E+00,2.24609E-01
4.0650456E-01,2.56836E+00,1.85547E-01
4.0652304E-01,2.58789E+00,1.46484E-01
4.0654152E-01,2.58789E+00,1.66016E-01
4.0656000E-01,2.56836E+00,2.44141E-01
4.0657848E-01,2.54883E+00,2.24609E-01
4.0659696E-01,2.62695E+00,2.44141E-01
4.0661544E-01,2.54883E+00,2.83203E-01
4.0663392E-01,2.54883E+00,2.05078E-01
4.0665240E-01,2.52930E+00,2.24609E-01
4.0667088E-01,2.50977E+00,2.44141E-01
4.0668936E-01,2.47070E+00,2.83203E-01
4.0670784E-01,2.56836E+00,2.44141E-01
4.0672632E-01,2.54883E+00,3.02734E-01
4.0674480E-01,2.62695E+00,1.85547E-01
4.0676328E-01,2.50977E+00,2.63672E-01
4.0678176E-01,2.56836E+00,2.44141E-01
4.0680024E-01,2.56836E+00,2.63672E-01
4.0681872E-01,2.58789E+00,1.85547E-01
4.0683720E-01,2.52930E+00,2.83203E-01
4.0685568E-01,2.62695E+00,2.05078E-01
4.0687416E-01,2.60742E+00,2.44141E-01
4.0689264E-01,2.64648E+00,3.02734E-01
4.0691112E-01,2.54883E+00,2.05078E-01
4.0692960E-01,2.60742E+00,2.24609E-01
4.0694808E-01,2.54883E+00,2.44141E-01
4.0696656E-01,2.56836E+00,2.63672E-01
4.0698504E-01,2.56836E+00,3.02734E-01
4.0700352E-01,2.58789E+00,1.85547E-01
4.0702200E-01,2.56836E+00,2.63672E-01
4.0704048E-01,2.62695E+00,2.63672E-01
4.0705896E-01,2.54883E+00,2.83203E-01
4.0707744E-01,2.50977E+00,2.63672E-01
4.0709592E-01,2.49023E+00,2.24609E-01
4.0711440E-01,2.60742E+00,1.85547E-01
4.0713288E-01,2.52930E+00,2.44141E-01
4.0715136E-01,2.50977E+00,2.44141E-01
4.0716984E-01,2.58789E+00,1.85547E-01
4.0718832E-01,2.58789E+00,2.44141E-01
4.0720680E-01,2.56836E+00,2.63672E-01
4.0722528E-01,2.54883E+00,2.24609E-01
4.0724376E-01,2.54883E+00,2.24609E-01
4.0726224E-01,2.54883E+00,2.24609E-01
4.0728072E-01,2.54883E+00,2.83203E-01
4.0729920E-01,2.60742E+00,2.24609E-01
4.0731768E-01,2.58789E+00,2.63672E-01
4.0733616E-01,2.52930E+00,2.44141E-01
4.0735464E-01,2.56836E+00,1.85547E-01
4.0737312E-01,2.64648E+00,2.44141E-01
4.0739160E-01,2.58789E+00,2.05078E-01
4.0741008E-01,2.62695E+00,2.63672E-01
4.0742856E-01,2.54883E+00,2.24609E-01
4.0744704E-01,2.58789E+00,2.24609E-01
4.0746552E-01,2.54883E+00,2.63672E-01
4.0748400E-01,2.56836E+00,2.63672E-01
4.0750248E-01,2.60742E+00,2.05078E-01
4.0752096E-01,2.58789E+00,2.83203E-01
4.0753944E-01,2.62695E+00,2.83203E-01
4.0755792E-01,2.64648E+00,2.83203E-01
4.0757640E-01,2.50977E+00,3.02734E-01
4.0759488E-01,2.52930E+00,2.24609E-01
4.0761336E-01,2.60742E+00,2.83203E-01
4.0763184E-01,2.54883E+00,1.66016E-01
4.0765032E-01,2.56836E+00,2.44141E-01
4.0766880E-01,2.60742E+00,2.83203E-01
4.0768728E-01,2.56836E+00,2.24609E-01
4.0770576E-01,2.56836E+00,2.63672E-01
4.0772424E-01,2.54883E+00,2.83203E-01
4.0774272E-01,2.58789E+00,2.83203E-01
4.0776120E-01,2.56836E+00,3.41797E-01
4.0777968E-01,2.50977E+00,2.63672E-01
4.0779816E-01,2.56836E+00,2.24609E-01
4.0781664E-01,2.56836E+00,2.05078E-01
4.0783512E-01,2.56836E+00,2.44141E-01
4.0785360E-01,2.58789E+00,2.83203E-01
4.0787208E-01,2.50977E+00,3.02734E-01
4.0789056E-01,2.60742E+00,2.83203E-01
4.0790904E-01,2.54883E+00,2.44141E-01
4.0792752E-01,2.62695E+00,2.83203E-01
4.0794600E-01,2.60742E+00,2.44141E-01
4.0796448E-01,2.56836E+00,1.85547E-01
4.0798296E-01,2.50977E+00,2.24609E-01
4.0800144E-01,2.58789E+00,2.44141E-01
4.0801992E-01,2.54883E+00,2.63672E-01
4.0803840E-01,2.64648E+00,2.83203E-01
4.0805688E-01,2.58789E+00,2.44141E-01
4.0807536E-01,2.50977E+00,2.83203E-01
4.0809384E-01,2.56836E+00,2.44141E-01
4.0811232E-01,2.60742E+00,2.24609E-01
4.0813080E-01,2.58789E+00,2.44141E-01
4.0814928E-01,2.54883E+00,2.63672E-01
4.0816776E-01,2.56836E+00,2.63672E-01
4.0818624E-01,2.47070E+00,2.83203E-01
4.0820472E-01,2.54883E+00,2.24609E-01
4.0822320E-01,2.50977E+00,2.83203E-01
4.0824168E-01,2.49023E+00,2.63672E-01
4.0826016E-01,2.58789E+00,2.83203E-01
4.0827864E-01,2.56836E+00,2.83203E-01
4.0829712E-01,2.52930E+00,2.44141E-01
4.0831560E-01,2.56836E+00,3.22266E-01
4.0833408E-01,2.64648E+00,2.24609E-01
4.0835256E-01,2.58789E+00,2.83203E-01
4.0837104E-01,2.54883E+00,2.44141E-01
4.0838952E-01,2.58789E+00,2.44141E-01
4.0840800E-01,2.50977E+00,3.02734E-01
4.0842648E-01,2.56836E+00,3.02734E-01
4.0844496E-01,2.52930E+00,3.61328E-01
4.0846344E-01,2.54883E+00,2.44141E-01
4.0848192E-01,2.52930E+00,2.05078E-01
4.0850040E-01,2.58789E+00,2.63672E-01
4.0851888E-01,2.56836E+00,2.83203E-01
4.0853736E-01,2.60742E+00,2.83203E-01
4.0855584E-01,2.54883E+00,2.44141E-01
4.0857432E-01,2.54883E+00,3.22266E-01
4.0859280E-01,2.56836E+00,2.83203E-01
4.0861128E-01,2.58789E+00,2.63672E-01
4.0862976E-01,2.52930E+00,2.63672E-01
4.0864824E-01,2.52930E+00,3.02734E-01
4.0866672E-01,2.54883E+00,2.24609E-01
4.0868520E-01,2.58789E+00,2.83203E-01
4.0870368E-01,2.54883E+00,1.85547E-01
4.0872216E-01,2.58789E+00,2.44141E-01
4.0874064E-01,2.54883E+00,2.44141E-01
4.0875912E-01,2.52930E+00,2.83203E-01
4.0877760E-01,2.64648E+00,2.44141E-01
4.0879608E-01,2.60742E+00,2.24609E-01
4.0881456E-01,2.58789E+00,3.22266E-01
4.0883304E-01,2.56836E+00,2.24609E-01
4.0885152E-01,2.68555E+00,2.63672E-01
4.0887000E-01,2.47070E+00,2.44141E-01
4.0888848E-01,2.56836E+00,2.44141E-01
4.0890696E-01,2.45117E+00,2.44141E-01
4.0892544E-01,2.58789E+00,2.44141E-01
4.0894392E-01,2.52930E+00,2.63672E-01
4.0896240E-01,2.60742E+00,2.63672E-01
4.0898088E-01,2.56836E+00,2.63672E-01
4.0899936E-01,2.58789E+00,3.02734E-01
4.0901784E-01,2.54883E+00,2.44141E-01
4.0903632E-01,2.54883E+00,2.63672E-01
4.0905480E-01,2.56836E+00,2.63672E-01
4.0907328E-01,2.52930E+00,2.83203E-01
4.0909176E-01,2.52930E+00,3.61328E-01
4.0911024E-01,2.62695E+00,2.44141E-01
4.0912872E-01,2.52930E+00,2.44141E-01
4.0914720E-01,2.60742E+00,2.63672E-01
4.0916568E-01,2.54883E+00,3.61328E-01
4.0918416E-01,2.62695E+00,2.44141E-01
4.0920264E-01,2.50977E+00,3.41797E-01
4.0922112E-01,2.50977E+00,2.83203E-01
4.0923960E-01,2.58789E+00,2.44141E-01
4.0925808E-01,2.56836E+00,2.83203E-01
4.0927656E-01,2.54883E+00,2.63672E-01
4.0929504E-01,2.52930E+00,2.83203E-01
4.0931352E-01,2.50977E+00,3.61328E-01
4.0933200E-01,2.54883E+00,1.85547E-01
4.0935048E-01,2.49023E+00,2.44141E-01
4.0936896E-01,2.58789E+00,2.44141E-01
4.0938744E-01,2.52930E+00,2.24609E-01
4.0940592E-01,2.56836E+00,2.83203E-01
4.0942440E-01,2.52930E+00,2.24609E-01
4.0944288E-01,2.56836E+00,2.83203E-01
4.0946136E-01,2.60742E+00,2.83203E-01
4.0947984E-01,2.56836E+00,2.24609E-01
4.0949832E-01,2.58789E+00,3.61328E-01
4.0951680E-01,2.54883E+00,2.83203E-01
4.0953528E-01,2.54883E+00,2.44141E-01
4.0955376E-01,2.62695E+00,2.63672E-01
4.0957224E-01,2.58789E+00,3.02734E-01
4.0959072E-01,2.68555E+00,2.63672E-01
4.0960920E-01,2.60742E+00,3.02734E-01
4.0962768E-01,2.56836E+00,2.83203E-01
4.0964616E-01,2.58789E+00,3.02734E-01
4.0966464E-01,2.54883E+00,2.83203E-01
4.0968312E-01,2.60742E+00,3.22266E-01
4.0970160E-01,2.58789E+00,3.41797E-01
4.0972008E-01,2.58789E+00,2.83203E-01
4.0973856E-01,2.58789E+00,2.24609E-01
4.0975704E-01,2.50977E+00,3.02734E-01
4.0977552E-01,2.58789E+00,3.22266E-01
4.0979400E-01,2.54883E+00,2.63672E-01
4.0981248E-01,2.56836E+00,2.83203E-01
4.0983096E-01,2.56836E+00,2.44141E-01
4.0984944E-01,2.58789E+00,2.83203E-01
4.0986792E-01,2.56836E+00,3.02734E-01
4.0988640E-01,2.62695E+00,2.83203E-01
4.0990488E-01,2.56836E+00,2.44141E-01
4.0992336E-01,2.62695E+00,2.05078E-01
4.0994184E-01,2.56836E+00,2.44141E-01
4.0996032E-01,2.58789E+00,2.63672E-01
4.0997880E-01,2.58789E+00,2.63672E-01
4.0999728E-01,2.50977E+00,2.63672E-01
4.1001576E-01,2.56836E+00,2.63672E-01
4.1003424E-01,2.60742E+00,3.02734E-01
4.1005272E-01,2.60742E+00,3.02734E-01
4.1007120E-01,2.56836E+00,2.83203E-01
4.1008968E-01,2.58789E+00,2.63672E-01
4.1010816E-01,2.58789E+00,2.83203E-01
4.1012664E-01,2.56836E+00,2.63672E-01
4.1014512E-01,2.58789E+00,3.02734E-01
4.1016360E-01,2.50977E+00,2.63672E-01
4.1018208E-01,2.58789E+00,2.24609E-01
4.1020056E-01,2.60742E+00,2.83203E-01
4.1021904E-01,2.62695E+00,3.41797E-01
4.1023752E-01,2.52930E+00,2.24609E-01
4.1025600E-01,2.58789E+00,2.44141E-01
4.1027448E-01,2.54883E+00,2.44141E-01
4.1029296E-01,2.50977E+00,2.05078E-01
4.1031144E-01,2.56836E+00,2.83203E-01
4.1032992E-01,2.62695E+00,3.22266E-01
4.1034840E-01,2.62695E+00,3.02734E-01
4.1036688E-01,2.62695E+00,2.44141E-01
4.1038536E-01,2.56836E+00,3.61328E-01
4.1040384E-01,2.60742E+00,2.83203E-01
4.1042232E-01,2.52930E+00,3.02734E-01
4.1044080E-01,2.62695E+00,2.63672E-01
4.1045928E-01,2.56836E+00,2.63672E-01
4.1047776E-01,2.56836E+00,2.44141E-01
4.1049624E-01,2.54883E+00,3.02734E-01
4.1051472E-01,2.60742E+00,2.63672E-01
4.1053320E-01,2.58789E+00,3.02734E-01
4.1055168E-01,2.60742E+00,2.83203E-01
4.1057016E-01,2.54883E+00,3.41797E-01
4.1058864E-01,2.62695E+00,2.83203E-01
4.1060712E-01,2.52930E+00,3.41797E-01
4.1062560E-01,2.64648E+00,2.63672E-01
4.1064408E-01,2.54883E+00,2.63672E-01
4.1066256E-01,2.60742E+00,2.83203E-01
4.1068104E-01,2.50977E+00,3.02734E-01
4.1069952E-01,2.66602E+00,3.22266E-01
4.1071800E-01,2.56836E+00,2.83203E-01
4.1073648E-01,2.62695E+00,2.63672E-01
4.1075496E-01,2.56836E+00,2.63672E-01
4.1077344E-01,2.62695E+00,3.22266E-01
4.1079192E-01,2.52930E+00,1.85547E-01
4.1081040E-01,2.56836E+00,3.02734E-01
4.1082888E-01,2.52930E+00,2.83203E-01
4.1084736E-01,2.58789E+00,2.83203E-01
4.1086584E-01,2.52930E+00,2.83203E-01
4.1088432E-01,2.58789E+00,2.63672E-01
4.1090280E-01,2.54883E+00,3.02734E-01
4.1092128E-01,2.62695E+00,2.05078E-01
4.1093976E-01,2.60742E+00,2.63672E-01
4.1095824E-01,2.60742E+00,2.63672E-01
4.1097672E-01,2.54883E+00,2.83203E-01
4.1099520E-01,2.58789E+00,2.63672E-01
4.1101368E-01,2.60742E+00,3.41797E-01
4.1103216E-01,2.58789E+00,3.02734E-01
4.1105064E-01,2.50977E+00,3.02734E-01
4.1106912E-01,2.60742E+00,2.83203E-01
4.1108760E-01,2.52930E+00,3.02734E-01
4.1110608E-01,2.58789E+00,2.83203E-01
4.1112456E-01,2.54883E+00,3.41797E-01
4.1114304E-01,2.54883E+00,3.41797E-01
4.1116152E-01,2.54883E+00,3.02734E-01
4.1118000E-01,2.60742E+00,2.83203E-01
4.1119848E-01,2.58789E+00,3.02734E-01
4.1121696E-01,2.58789E+00,3.41797E-01
4.1123544E-01,2.62695E+00,2.83203E-01
4.1125392E-01,2.56836E+00,3.02734E-01
4.1127240E-01,2.62695E+00,3.02734E-01
4.1129088E-01,2.52930E+00,2.83203E-01
4.1130936E-01,2.56836E+00,3.02734E-01
4.1132784E-01,2.56836E+00,3.41797E-01
4.1134632E-01,2.50977E+00,3.41797E-01
4.1136480E-01,2.54883E+00,2.83203E-01
4.1138328E-01,2.50977E+00,2.83203E-01
4.1140176E-01,2.56836E+00,3.22266E-01
4.1142024E-01,2.60742E+00,2.83203E-01
4.1143872E-01,2.54883E+00,3.41797E-01
4.1145720E-01,2.56836E+00,3.02734E-01
4.1147568E-01,2.62695E+00,3.02734E-01
4.1149416E-01,2.56836E+00,2.63672E-01
4.1151264E-01,2.56836E+00,2.83203E-01
4.1153112E-01,2.54883E+00,3.22266E-01
4.1154960E-01,2.60742E+00,3.61328E-01
4.1156808E-01,2.54883E+00,3.41797E-01
4.1158656E-01,2.52930E+00,2.83203E-01
4.1160504E-01,2.58789E+00,2.63672E-01
4.1162352E-01,2.60742E+00,2.63672E-01
4.1164200E-01,2.52930E+00,2.63672E-01
4.1166048E-01,2.58789E+00,3.41797E-01
4.1167896E-01,2.54883E+00,3.02734E-01
4.1169744E-01,2.58789E+00,3.02734E-01
4.1171592E-01,2.58789E+00,3.22266E-01
4.1173440E-01,2.62695E+00,2.83203E-01
4.1175288E-01,2.56836E+00,3.41797E-01
4.1177136E-01,2.56836E+00,2.83203E-01
4.1178984E-01,2.56836E+00,3.61328E-01
4.1180832E-01,2.62695E+00,2.83203E-01
4.1182680E-01,2.54883E+00,3.41797E-01
4.1184528E-01,2.62695E+00,3.02734E-01
4.1186376E-01,2.56836E+00,2.44141E-01
4.1188224E-01,2.58789E+00,3.22266E-01
4.1190072E-01,2.56836E+00,3.22266E-01
4.1191920E-01,2.62695E+00,3.22266E-01
4.1193768E-01,2.56836E+00,3.02734E-01
4.1195616E-01,2.58789E+00,2.83203E-01
4.1197464E-01,2.58789E+00,3.02734E-01
4.1199312E-01,2.62695E+00,3.02734E-01
4.1201160E-01,2.56836E+00,3.80859E-01
4.1203008E-01,2.58789E+00,2.83203E-01
4.1204856E-01,2.56836E+00,2.83203E-01
4.1206704E-01,2.56836E+00,3.22266E-01
4.1208552E-01,2.58789E+00,2.83203E-01
4.1210400E-01,2.56836E+00,2.83203E-01
4.1212248E-01,2.52930E+00,3.61328E-01
4.1214096E-01,2.60742E+00,2.83203E-01
4.1215944E-01,2.62695E+00,3.02734E-01
4.1217792E-01,2.60742E+00,2.83203E-01
4.1219640E-01,2.56836E+00,3.41797E-01
4.1221488E-01,2.58789E+00,3.22266E-01
4.1223336E-01,2.56836E+00,2.83203E-01
4.1225184E-01,2.50977E+00,3.41797E-01
4.1227032E-01,2.54883E+00,3.41797E-01
4.1228880E-01,2.64648E+00,3.02734E-01
4.1230728E-01,2.56836E+00,2.83203E-01
4.1232576E-01,2.54883E+00,2.63672E-01
4.1234424E-01,2.62695E+00,2.83203E-01
4.1236272E-01,2.58789E+00,3.61328E-01
4.1238120E-01,2.56836E+00,3.02734E-01
4.1239968E-01,2.62695E+00,3.41797E-01
4.1241816E-01,2.54883E+00,3.41797E-01
4.1243664E-01,2.64648E+00,2.83203E-01
4.1245512E-01,2.62695E+00,3.41797E-01
4.1247360E-01,2.54883E+00,3.41797E-01
4.1249208E-01,2.50977E+00,3.61328E-01
4.1251056E-01,2.58789E+00,2.83203E-01
4.1252904E-01,2.58789E+00,3.02734E-01
4.1254752E-01,2.56836E+00,3.41797E-01
4.1256600E-01,2.52930E+00,3.61328E-01
4.1258448E-01,2.58789E+00,2.83203E-01
4.1260296E-01,2.60742E+00,3.02734E-01
4.1262144E-01,2.56836E+00,2.63672E-01
4.1263992E-01,2.50977E+00,2.83203E-01
4.1265840E-01,2.64648E+00,3.02734E-01
4.1267688E-01,2.54883E+00,3.22266E-01
4.1269536E-01,2.58789E+00,2.83203E-01
4.1271384E-01,2.58789E+00,2.83203E-01
4.1273232E-01,2.60742E+00,3.41797E-01
4.1275080E-01,2.60742E+00,2.63672E-01
4.1276928E-01,2.56836E+00,3.22266E-01
4.1278776E-01,2.58789E+00,3.41797E-01
4.1280624E-01,2.64648E+00,3.22266E-01
4.1282472E-01,2.56836E+00,3.61328E-01
4.1284320E-01,2.58789E+00,2.83203E-01
4.1286168E-01,2.50977E+00,3.80859E-01
4.1288016E-01,2.56836E+00,2.44141E-01
4.1289864E-01,2.52930E+00,3.02734E-01
4.1291712E-01,2.56836E+00,3.41797E-01
4.1293560E-01,2.62695E+00,3.02734E-01
4.1295408E-01,2.54883E+00,2.24609E-01
4.1297256E-01,2.56836E+00,3.22266E-01
4.1299104E-01,2.62695E+00,3.22266E-01
4.1300952E-01,2.60742E+00,3.61328E-01
4.1302800E-01,2.56836E+00,2.63672E-01
4.1304648E-01,2.58789E+00,3.41797E-01
4.1306496E-01,2.60742E+00,3.02734E-01
4.1308344E-01,2.52930E+00,3.61328E-01
4.1310192E-01,2.60742E+00,3.02734E-01
4.1312040E-01,2.60742E+00,3.41797E-01
4.1313888E-01,2.64648E+00,3.02734E-01
4.1315736E-01,2.56836E+00,3.02734E-01
4.1317584E-01,2.52930E+00,3.22266E-01
4.1319432E-01,2.58789E+00,3.02734E-01
4.1321280E-01,2.54883E+00,3.61328E-01
4.1323128E-01,2.56836E+00,3.80859E-01
4.1324976E-01,2.64648E+00,2.83203E-01
4.1326824E-01,2.54883E+00,3.41797E-01
4.1328672E-01,2.56836E+00,3.22266E-01
4.1330520E-01,2.50977E+00,3.41797E-01
4.1332368E-01,2.58789E+00,2.83203E-01
4.1334216E-01,2.62695E+00,3.41797E-01
4.1336064E-01,2.54883E+00,3.41797E-01
4.1337912E-01,2.62695E+00,3.61328E-01
4.1339760E-01,2.60742E+00,2.63672E-01
4.1341608E-01,2.50977E+00,3.22266E-01
4.1343456E-01,2.62695E+00,3.02734E-01
4.1345304E-01,2.54883E+00,3.61328E-01
4.1347152E-01,2.62695E+00,2.83203E-01
4.1349000E-01,2.54883E+00,3.02734E-01
4.1350848E-01,2.60742E+00,3.22266E-01
4.1352696E-01,2.58789E+00,3.02734E-01
4.1354544E-01,2.60742E+00,3.22266E-01
4.1356392E-01,2.54883E+00,3.61328E-01
4.1358240E-01,2.62695E+00,3.41797E-01
4.1360088E-01,2.62695E+00,3.61328E-01
4.1361936E-01,2.62695E+00,3.22266E-01
4.1363784E-01,2.52930E+00,3.61328E-01
4.1365632E-01,2.62695E+00,3.41797E-01
4.1367480E-01,2.56836E+00,3.22266E-01
4.1369328E-01,2.54883E+00,3.41797E-01
4.1371176E-01,2.58789E+00,3.61328E-01
4.1373024E-01,2.64648E+00,3.02734E-01
4.1374872E-01,2.58789E+00,3.02734E-01
4.1376720E-01,2.62695E+00,2.83203E-01
4.1378568E-01,2.56836E+00,3.02734E-01
4.1380416E-01,2.66602E+00,3.41797E-01
4.1382264E-01,2.56836E+00,3.61328E-01
4.1384112E-01,2.64648E+00,3.61328E-01
4.1385960E-01,2.56836E+00,3.80859E-01
4.1387808E-01,2.60742E+00,3.22266E-01
4.1389656E-01,2.56836E+00,3.61328E-01
4.1391504E-01,2.62695E+00,3.41797E-01
4.1393352E-01,2.56836E+00,3.02734E-01
4.1395200E-01,2.62695E+00,3.22266E-01
4.1397048E-01,2.58789E+00,3.80859E-01
4.1398896E-01,2.62695E+00,3.41797E-01
4.1400744E-01,2.64648E+00,3.61328E-01
4.1402592E-01,2.58789E+00,2.83203E-01
4.1404440E-01,2.56836E+00,3.22266E-01
4.1406288E-01,2.56836E+00,3.41797E-01
4.1408136E-01,2.58789E+00,3.80859E-01
4.1409984E-01,2.62695E+00,3.41797E-01
4.1411832E-01,2.56836E+00,3.80859E-01
4.1413680E-01,2.62695E+00,3.22266E-01
4.1415528E-01,2.52930E+00,2.44141E-01
4.1417376E-01,2.58789E+00,2.83203E-01
4.1419224E-01,2.58789E+00,3.41797E-01
4.1421072E-01,2.60742E+00,3.22266E-01
4.1422920E-01,2.58789E+00,3.61328E-01
4.1424768E-01,2.58789E+00,3.02734E-01
4.1426616E-01,2.62695E+00,3.41797E-01
4.1428464E-01,2.64648E+00,3.41797E-01
4.1430312E-01,2.56836E+00,3.61328E-01
4.1432160E-01,2.62695E+00,3.61328E-01
4.1434008E-01,2.56836E+00,3.22266E-01
4.1435856E-01,2.58789E+00,3.02734E-01
4.1437704E-01,2.50977E+00,3.80859E-01
4.1439552E-01,2.58789E+00,3.02734E-01
4.1441400E-01,2.58789E+00,3.61328E-01
4.1443248E-01,2.60742E+00,4.00391E-01
4.1445096E-01,2.49023E+00,3.41797E-01
4.1446944E-01,2.64648E+00,3.22266E-01
4.1448792E-01,2.56836E+00,3.80859E-01
4.1450640E-01,2.52930E+00,3.02734E-01
4.1452488E-01,2.54883E+00,3.80859E-01
4.1454336E-01,2.58789E+00,2.83203E-01
4.1456184E-01,2.58789E+00,3.22266E-01
4.1458032E-01,2.54883E+00,3.41797E-01
4.1459880E-01,2.54883E+00,3.80859E-01
4.1461728E-01,2.60742E+00,3.02734E-01
4.1463576E-01,2.62695E+00,4.19922E-01
4.1465424E-01,2.52930E+00,3.41797E-01
4.1467272E-01,2.62695E+00,4.00391E-01
4.1469120E-01,2.58789E+00,4.00391E-01
4.1470968E-01,2.62695E+00,3.80859E-01
4.1472816E-01,2.58789E+00,3.02734E-01
4.1474664E-01,2.50977E+00,3.22266E-01
4.1476512E-01,2.56836E+00,3.02734E-01
4.1478360E-01,2.58789E+00,3.61328E-01
4.1480208E-01,2.54883E+00,3.22266E-01
4.1482056E-01,2.54883E+00,4.00391E-01
4.1483904E-01,2.56836E+00,3.41797E-01
4.1485752E-01,2.58789E+00,3.61328E-01
4.1487600E-01,2.58789E+00,3.02734E-01
4.1489448E-01,2.50977E+00,3.80859E-01
4.1491296E-01,2.62695E+00,3.41797E-01
4.1493144E-01,2.54883E+00,3.80859E-01
4.1494992E-01,2.62695E+00,3.61328E-01
4.1496840E-01,2.54883E+00,3.61328E-01
4.1498688E-01,2.58789E+00,2.83203E-01
4.1500536E-01,2.56836E+00,3.61328E-01
4.1502384E-01,2.64648E+00,3.80859E-01
4.1504232E-01,2.66602E+00,3.02734E-01
4.1506080E-01,2.62695E+00,3.80859E-01
4.1507928E-01,2.58789E+00,3.61328E-01
4.1509776E-01,2.68555E+00,3.61328E-01
4.1511624E-01,2.62695E+00,3.80859E-01
4.1513472E-01,2.54883E+00,3.41797E-01
4.1515320E-01,2.58789E+00,4.00391E-01
4.1517168E-01,2.58789E+00,3.02734E-01
4.1519016E-01,2.60742E+00,3.41797E-01
4.1520864E-01,2.58789E+00,2.83203E-01
4.1522712E-01,2.56836E+00,3.80859E-01
4.1524560E-01,2.56836E+00,3.80859E-01
4.1526408E-01,2.52930E+00,3.61328E-01
4.1528256E-01,2.60742E+00,3.41797E-01
4.1530104E-01,2.56836E+00,3.61328E-01
4.1531952E-01,2.60742E+00,2.83203E-01
4.1533800E-01,2.58789E+00,3.80859E-01
4.1535648E-01,2.54883E+00,3.41797E-01
4.1537496E-01,2.56836E+00,3.41797E-01
4.1539344E-01,2.54883E+00,4.00391E-01
4.1541192E-01,2.60742E+00,4.00391E-01
4.1543040E-01,2.62695E+00,3.22266E-01
4.1544888E-01,2.58789E+00,3.80859E-01
4.1546736E-01,2.58789E+00,3.61328E-01
4.1548584E-01,2.52930E+00,4.00391E-01
4.1550432E-01,2.58789E+00,3.80859E-01
4.1552280E-01,2.58789E+00,3.22266E-01
4.1554128E-01,2.58789E+00,3.22266E-01
4.1555976E-01,2.52930E+00,4.00391E-01
4.1557824E-01,2.62695E+00,3.61328E-01
4.1559672E-01,2.56836E+00,3.61328E-01
4.1561520E-01,2.58789E+00,3.80859E-01
4.1563368E-01,2.62695E+00,4.39453E-01
4.1565216E-01,2.50977E+00,3.80859E-01
4.1567064E-01,2.52930E+00,4.19922E-01
4.1568912E-01,2.62695E+00,3.41797E-01
4.1570760E-01,2.56836E+00,3.80859E-01
4.1572608E-01,2.58789E+00,4.19922E-01
4.1574456E-01,2.58789E+00,3.22266E-01
4.1576304E-01,2.60742E+00,3.22266E-01
4.1578152E-01,2.56836E+00,3.61328E-01
4.1580000E-01,2.60742E+00,3.41797E-01
4.1581848E-01,2.62695E+00,4.00391E-01
4.1583696E-01,2.54883E+00,3.41797E-01
4.1585544E-01,2.47070E+00,4.19922E-01
4.1587392E-01,2.64648E+00,3.41797E-01
4.1589240E-01,2.60742E+00,3.80859E-01
4.1591088E-01,2.56836E+00,3.41797E-01
4.1592936E-01,2.62695E+00,4.00391E-01
4.1594784E-01,2.60742E+00,3.61328E-01
4.1596632E-01,2.64648E+00,4.19922E-01
4.1598480E-01,2.60742E+00,3.02734E-01
4.1600328E-01,2.54883E+00,3.80859E-01
4.1602176E-01,2.64648E+00,3.61328E-01
4.1604024E-01,2.52930E+00,4.00391E-01
4.1605872E-01,2.60742E+00,2.83203E-01
4.1607720E-01,2.64648E+00,4.19922E-01
4.1609568E-01,2.62695E+00,3.22266E-01
4.1611416E-01,2.62695E+00,4.00391E-01
4.1613264E-01,2.60742E+00,3.41797E-01
4.1615112E-01,2.58789E+00,4.19922E-01
4.1616960E-01,2.64648E+00,3.80859E-01
4.1618808E-01,2.56836E+00,3.41797E-01
4.1620656E-01,2.64648E+00,3.80859E-01
4.1622504E-01,2.60742E+00,4.00391E-01
4.1624352E-01,2.60742E+00,4.00391E-01
4.1626200E-01,2.56836E+00,3.80859E-01
4.1628048E-01,2.60742E+00,3.02734E-01
4.1629896E-01,2.54883E+00,4.00391E-01
4.1631744E-01,2.64648E+00,3.02734E-01
4.1633592E-01,2.54883E+00,4.00391E-01
4.1635440E-01,2.62695E+00,4.19922E-01
4.1637288E-01,2.58789E+00,3.61328E-01
4.1639136E-01,2.62695E+00,4.19922E-01
4.1640984E-01,2.56836E+00,3.80859E-01
4.1642832E-01,2.58789E+00,3.61328E-01
4.1644680E-01,2.56836E+00,3.61328E-01
4.1646528E-01,2.64648E+00,3.61328E-01
4.1648376E-01,2.58789E+00,3.22266E-01
4.1650224E-01,2.62695E+00,3.02734E-01
4.1652072E-01,2.58789E+00,3.41797E-01
4.1653920E-01,2.60742E+00,3.41797E-01
4.1655768E-01,2.58789E+00,3.61328E-01
4.1657616E-01,2.64648E+00,3.22266E-01
4.1659464E-01,2.60742E+00,4.19922E-01
4.1661312E-01,2.64648E+00,3.61328E-01
4.1663160E-01,2.58789E+00,3.02734E-01
4.1665008E-01,2.56836E+00,4.00391E-01
4.1666856E-01,2.64648E+00,3.80859E-01
4.1668704E-01,2.56836E+00,3.02734E-01
4.1670552E-01,2.62695E+00,4.00391E-01
4.1672400E-01,2.60742E+00,3.22266E-01
4.1674248E-01,2.56836E+00,4.00391E-01
4.1676096E-01,2.58789E+00,3.41797E-01
4.1677944E-01,2.56836E+00,3.80859E-01
4.1679792E-01,2.64648E+00,4.00391E-01
4.1681640E-01,2.58789E+00,4.19922E-01
4.1683488E-01,2.66602E+00,3.41797E-01
4.1685336E-01,2.58789E+00,3.61328E-01
4.1687184E-01,2.60742E+00,3.61328E-01
4.1689032E-01,2.68555E+00,3.80859E-01
4.1690880E-01,2.62695E+00,3.80859E-01
4.1692728E-01,2.62695E+00,3.61328E-01
4.1694576E-01,2.64648E+00,3.61328E-01
4.1696424E-01,2.64648E+00,3.80859E-01
4.1698272E-01,2.62695E+00,3.41797E-01
4.1700120E-01,2.58789E+00,3.61328E-01
4.1701968E-01,2.54883E+00,3.22266E-01
4.1703816E-01,2.60742E+00,3.61328E-01
4.1705664E-01,2.64648E+00,3.41797E-01
4.1707512E-01,2.54883E+00,4.00391E-01
4.1709360E-01,2.58789E+00,3.41797E-01
4.1711208E-01,2.66602E+00,4.00391E-01
4.1713056E-01,2.66602E+00,3.80859E-01
4.1714904E-01,2.64648E+00,3.61328E-01
4.1716752E-01,2.58789E+00,3.41797E-01
4.1718600E-01,2.60742E+00,3.61328E-01
4.1720448E-01,2.64648E+00,4.19922E-01
4.1722296E-01,2.60742E+00,3.80859E-01
4.1724144E-01,2.62695E+00,3.41797E-01
4.1725992E-01,2.58789E+00,3.61328E-01
4.1727840E-01,2.54883E+00,3.61328E-01
4.1729688E-01,2.58789E+00,4.00391E-01
4.1731536E-01,2.64648E+00,3.41797E-01
4.1733384E-01,2.56836E+00,4.39453E-01
4.1735232E-01,2.60742E+00,3.80859E-01
4.1737080E-01,2.64648E+00,3.80859E-01
4.1738928E-01,2.64648E+00,3.61328E-01
4.1740776E-01,2.62695E+00,4.00391E-01
4.1742624E-01,2.64648E+00,4.19922E-01
4.1744472E-01,2.64648E+00,4.00391E-01
4.1746320E-01,2.64648E+00,3.80859E-01
4.1748168E-01,2.54883E+00,4.19922E-01
4.1750016E-01,2.60742E+00,4.00391E-01
4.1751864E-01,2.64648E+00,3.80859E-01
4.1753712E-01,2.62695E+00,4.19922E-01
4.1755560E-01,2.56836E+00,4.00391E-01
4.1757408E-01,2.62695E+00,3.80859E-01
4.1759256E-01,2.60742E+00,4.19922E-01
4.1761104E-01,2.58789E+00,3.41797E-01
4.1762952E-01,2.58789E+00,3.80859E-01
4.1764800E-01,2.54883E+00,4.00391E-01
4.1766648E-01,2.60742E+00,4.19922E-01
4.1768496E-01,2.58789E+00,3.61328E-01
4.1770344E-01,2.56836E+00,4.19922E-01
4.1772192E-01,2.56836E+00,4.39453E-01
4.1774040E-01,2.58789E+00,3.80859E-01
4.1775888E-01,2.64648E+00,4.19922E-01
4.1777736E-01,2.54883E+00,3.41797E-01
4.1779584E-01,2.58789E+00,3.22266E-01
4.1781432E-01,2.54883E+00,3.61328E-01
4.1783280E-01,2.64648E+00,3.22266E-01
4.1785128E-01,2.60742E+00,3.80859E-01
4.1786976E-01,2.62695E+00,4.19922E-01
4.1788824E-01,2.56836E+00,4.19922E-01
4.1790672E-01,2.62695E+00,4.19922E-01
4.1792520E-01,2.52930E+00,4.00391E-01
4.1794368E-01,2.52930E+00,3.61328E-01
4.1796216E-01,2.58789E+00,4.19922E-01
4.1798064E-01,2.64648E+00,3.61328E-01
4.1799912E-01,2.60742E+00,4.00391E-01
4.1801760E-01,2.60742E+00,4.19922E-01
4.1803608E-01,2.62695E+00,3.80859E-01
4.1805456E-01,2.64648E+00,3.61328E-01
4.1807304E-01,2.54883E+00,4.19922E-01
4.1809152E-01,2.56836E+00,3.61328E-01
4.1811000E-01,2.58789E+00,3.61328E-01
4.1812848E-01,2.58789E+00,4.00391E-01
4.1814696E-01,2.62695E+00,4.00391E-01
4.1816544E-01,2.56836E+00,3.61328E-01
4.1818392E-01,2.58789E+00,3.80859E-01
4.1820240E-01,2.56836E+00,4.00391E-01
4.1822088E-01,2.50977E+00,4.19922E-01
4.1823936E-01,2.52930E+00,3.80859E-01
4.1825784E-01,2.60742E+00,4.19922E-01
4.1827632E-01,2.56836E+00,4.19922E-01
4.1829480E-01,2.62695E+00,3.80859E-01
4.1831328E-01,2.62695E+00,3.41797E-01
4.1833176E-01,2.64648E+00,4.19922E-01
4.1835024E-01,2.60742E+00,3.61328E-01
4.1836872E-01,2.56836E+00,4.39453E-01
4.1838720E-01,2.58789E+00,3.61328E-01
4.1840568E-01,2.60742E+00,3.80859E-01
4.1842416E-01,2.58789E+00,4.39453E-01
4.1844264E-01,2.56836E+00,3.80859E-01
4.1846112E-01,2.58789E+00,4.00391E-01
4.1847960E-01,2.62695E+00,4.39453E-01
4.1849808E-01,2.64648E+00,4.00391E-01
4.1851656E-01,2.58789E+00,4.58984E-01
4.1853504E-01,2.62695E+00,4.00391E-01
4.1855352E-01,2.60742E+00,4.58984E-01
4.1857200E-01,2.64648E+00,4.00391E-01
4.1859048E-01,2.54883E+00,4.19922E-01
4.1860896E-01,2.58789E+00,4.00391E-01
4.1862744E-01,2.56836E+00,4.39453E-01
4.1864592E-01,2.66602E+00,3.61328E-01
4.1866440E-01,2.58789E+00,3.61328E-01
4.1868288E-01,2.58789E+00,4.00391E-01
4.1870136E-01,2.52930E+00,4.19922E-01
4.1871984E-01,2.56836E+00,3.61328E-01
4.1873832E-01,2.60742E+00,3.80859E-01
4.1875680E-01,2.64648E+00,4.19922E-01
4.1877528E-01,2.56836E+00,4.39453E-01
4.1879376E-01,2.60742E+00,4.00391E-01
4.1881224E-01,2.60742E+00,3.80859E-01
4.1883072E-01,2.62695E+00,3.61328E-01
4.1884920E-01,2.54883E+00,4.00391E-01
4.1886768E-01,2.62695E+00,3.80859E-01
4.1888616E-01,2.64648E+00,4.19922E-01
4.1890464E-01,2.58789E+00,3.80859E-01
4.1892312E-01,2.62695E+00,4.00391E-01
4.1894160E-01,2.64648E+00,4.19922E-01
4.1896008E-01,2.58789E+00,3.61328E-01
4.1897856E-01,2.66602E+00,3.61328E-01
4.1899704E-01,2.54883E+00,4.19922E-01
4.1901552E-01,2.56836E+00,4.39453E-01
4.1903400E-01,2.56836E+00,4.19922E-01
4.1905248E-01,2.64648E+00,4.19922E-01
4.1907096E-01,2.58789E+00,4.00391E-01
4.1908944E-01,2.64648E+00,3.61328E-01
4.1910792E-01,2.56836E+00,3.80859E-01
4.1912640E-01,2.60742E+00,4.00391E-01
4.1914488E-01,2.64648E+00,4.19922E-01
4.1916336E-01,2.62695E+00,4.19922E-01
4.1918184E-01,2.56836E+00,4.39453E-01
4.1920032E-01,2.54883E+00,4.39453E-01
4.1921880E-01,2.54883E+00,4.19922E-01
4.1923728E-01,2.60742E+00,3.61328E-01
4.1925576E-01,2.58789E+00,4.19922E-01
